0 0 0 0
65 0 0 0
130 0 0 0
195 0 0 0
260 0 0 0
325 0 0 0
390 0 0 0
455 0 0 0
520 0 0 0
585 0 0 0
650 0 0 0
715 0 0 0
780 0 0 0
845 0 0 0
910 0 0 0
975 0 0 0
1040 0 0 0
1105 0 0 0
1170 0 0 0
1235 0 0 0
1300 0 0 0
1365 0 0 0
1430 0 0 0
1495 0 0 0
1560 0 0 0
1625 0 0 0
1690 0 0 0
1755 0 0 0
1820 0 0 0
1885 0 0 0
1950 0 0 0
2015 0 0 0
2080 0 0 0
2145 0 0 0
2210 0 0 0
2275 0 0 0
2340 0 0 0
2405 0 0 0
2470 0 0 0
2535 0 0 0
2600 0 0 0
2665 0 0 0
2730 0 0 0
2795 0 0 0
2860 0 0 0
2925 0 0 0
2990 0 0 0
3055 0 0 0
3120 0 0 0
3185 0 0 0
3250 0 0 0
3315 0 0 0
3380 0 0 0
3445 0 0 0
3510 0 0 0
3575 0 0 0
3640 0 0 0
3705 0 0 0
3770 0 0 0
3835 0 0 0
3900 0 0 0
3965 0 0 0
4030 0 0 0
4095 0 0 0
4160 0 0 0
4225 0 0 0
4290 0 0 0
4355 0 0 0
4420 0 0 0
4485 0 0 0
4550 0 0 0
4615 0 0 0
4680 0 0 0
4745 0 0 0
4810 0 0 0
4875 0 0 0
4940 0 0 0
5005 0 0 0
5070 0 0 0
5135 0 0 0
5200 0 0 0
5265 0 0 0
5330 0 0 0
5395 0 0 0
5460 0 0 0
5525 0 0 0
5590 0 0 0
5655 0 0 0
5720 0 0 0
5785 0 0 0
5850 0 0 0
5915 0 0 0
5980 0 0 0
6045 0 0 0
6110 0 0 0
6175 0 0 0
6240 0 0 0
6305 0 0 0
6370 0 0 0
6435 0 0 0
6500 0 0 0
6565 0 0 0
6630 0 0 0
6695 0 0 0
6760 0 0 0
6825 0 0 0
6890 0 0 0
6955 0 0 0
7020 0 0 0
7085 0 0 0
7150 0 0 0
7215 0 0 0
7280 0 0 0
7345 0 0 0
7410 0 0 0
7475 0 0 0
7540 0 0 0
7605 0 0 0
7670 0 0 0
7735 0 0 0
7800 0 0 0
7865 0 0 0
7930 0 0 0
7995 0 0 0
8060 0 0 0
8125 0 0 0
8190 0 0 0
8255 0 0 0
8320 0 0 0
8385 0 0 0
8450 0 0 0
8515 0 0 0
8580 0 0 0
8645 0 0 0
8710 0 0 0
8775 0 0 0
8840 0 0 0
8905 0 0 0
8970 0 0 0
9035 0 0 0
9100 0 0 0
9165 0 0 0
9230 0 0 0
9295 0 0 0
9360 0 0 0
9425 0 0 0
9490 0 0 0
9555 0 0 0
9620 0 0 0
9685 0 0 0
9750 0 0 0
9815 0 0 0
9880 0 0 0
9945 0 0 0
10010 0 0 0
10075 0 0 0
10140 0 0 0
10205 0 0 0
10270 0 0 0
10335 0 0 0
10400 0 0 0
10465 0 0 0
10530 0 0 0
10595 0 0 0
10660 0 0 0
10725 0 0 0
10790 0 0 0
10855 0 0 0
10920 0 0 0
10985 0 0 0
11050 0 0 0
11115 0 0 0
11180 0 0 0
11245 0 0 0
11310 0 0 0
11375 0 0 0
11440 0 0 0
11505 0 0 0
11570 0 0 0
11635 0 0 0
11700 0 0 0
11765 0 0 0
11830 0 0 0
11895 0 0 0
11960 0 0 0
12025 0 0 0
12090 0 0 0
12155 0 0 0
12220 0 0 0
12285 0 0 0
12350 0 0 0
12415 0 0 0
12480 0 0 0
12545 0 0 0
12610 0 0 0
12675 0 0 0
12740 0 0 0
12805 0 0 0
12870 0 0 0
12935 0 0 0
13000 0 0 0
13065 0 0 0
13130 0 0 0
13195 0 0 0
13260 0 0 0
13325 0 0 0
13390 0 0 0
13455 0 0 0
13520 0 0 0
13585 0 0 0
13650 0 0 0
13715 0 0 0
13780 0 0 0
13845 0 0 0
13910 0 0 0
13975 0 0 0
14040 0 0 0
14105 0 0 0
14170 0 0 0
14235 0 0 0
14300 0 0 0
14365 0 0 0
14430 0 0 0
14495 0 0 0
14560 0 0 0
14625 0 0 0
14690 0 0 0
14755 0 0 0
14820 0 0 0
14885 0 0 0
14950 0 0 0
15015 0 0 0
15080 0 0 0
15145 0 0 0
15210 0 0 0
15275 0 0 0
15340 0 0 0
15405 0 0 0
15470 0 0 0
15535 0 0 0
15600 0 0 0
15665 0 0 0
15730 0 0 0
15795 0 0 0
15860 0 0 0
15925 0 0 0
15990 0 0 0
16055 0 0 0
16120 0 0 0
16185 0 0 0
16250 0 0 0
16315 0 0 0
16380 0 0 0
16445 0 0 0
16510 0 0 0
16575 0 0 0
16640 0 0 0
16705 0 0 0
16770 0 0 0
16835 0 0 0
16900 0 0 0
16965 0 0 0
17030 0 0 0
17095 0 0 0
17160 0 0 0
17225 0 0 0
17290 0 0 0
17355 0 0 0
17420 0 0 0
17485 0 0 0
17550 0 0 0
17615 0 0 0
17680 0 0 0
17745 0 0 0
17810 0 0 0
17875 0 0 0
17940 0 0 0
18005 0 0 0
18070 0 0 0
18135 0 0 0
18200 0 0 0
18265 0 0 0
18330 0 0 0
18395 0 0 0
18460 0 0 0
18525 0 0 0
18590 0 0 0
18655 0 0 0
18720 0 0 0
18785 0 0 0
18850 0 0 0
18915 0 0 0
18980 0 0 0
19045 0 0 0
19110 0 0 0
19175 0 0 0
19240 0 0 0
19305 0 0 0
19370 0 0 0
19435 0 0 0
19500 0 0 0
19565 0 0 0
19630 0 0 0
19695 0 0 0
19760 0 0 0
19825 0 0 0
19890 0 0 0
19955 0 0 0
20020 0 0 0
20085 0 0 0
20150 0 0 0
20215 0 0 0
20280 0 0 0
20345 0 0 0
20410 0 0 0
20475 0 0 0
20540 0 0 0
20605 0 0 0
20670 0 0 0
20735 0 0 0
20800 0 0 0
20865 0 0 0
20930 0 0 0
20995 0 0 0
21060 0 0 0
21125 0 0 0
21190 0 0 0
21255 0 0 0
21320 0 0 0
21385 0 0 0
21450 0 0 0
21515 0 0 0
21580 0 0 0
21645 0 0 0
21710 0 0 0
21775 0 0 0
21840 0 0 0
21905 0 0 0
21970 0 0 0
22035 0 0 0
22100 0 0 0
22165 0 0 0
22230 0 0 0
22295 0 0 0
22360 0 0 0
22425 0 0 0
22490 0 0 0
22555 0 0 0
22620 0 0 0
22685 0 0 0
22750 0 0 0
22815 0 0 0
22880 0 0 0
22945 0 0 0
23010 0 0 0
23075 0 0 0
23140 0 0 0
23205 0 0 0
23270 0 0 0
23335 0 0 0
23400 0 0 0
23465 0 0 0
23530 0 0 0
23595 0 0 0
23660 0 0 0
23725 0 0 0
23790 0 0 0
23855 0 0 0
23920 0 0 0
23985 0 0 0
24050 0 0 0
24115 0 0 0
24180 0 0 0
24245 0 0 0
24310 0 0 0
24375 0 0 0
24440 0 0 0
24505 0 0 0
24570 0 0 0
24635 0 0 0
24700 0 0 0
24765 0 0 0
24830 0 0 0
24895 0 0 0
24960 0 0 0
25025 0 0 0
25090 0 0 0
25155 0 0 0
25220 0 0 0
25285 0 0 0
25350 0 0 0
25415 0 0 0
25480 0 0 0
25545 0 0 0
25610 0 0 0
25675 0 0 0
25740 0 0 0
25805 0 0 0
25870 0 0 0
25935 0 0 0
26000 0 0 0
26065 0 0 0
26130 0 0 0
26195 0 0 0
26260 0 0 0
26325 0 0 0
26390 0 0 0
26455 0 0 0
26520 0 0 0
26585 0 0 0
26650 0 0 0
26715 0 0 0
26780 0 0 0
26845 0 0 0
26910 0 0 0
26975 0 0 0
27040 0 0 0
27105 0 0 0
27170 0 0 0
27235 0 0 0
27300 0 0 0
27365 0 0 0
27430 0 0 0
27495 0 0 0
27560 0 0 0
27625 0 0 0
27690 0 0 0
27755 0 0 0
27820 0 0 0
27885 0 0 0
27950 0 0 0
28015 0 0 0
28080 0 0 0
28145 0 0 0
28210 0 0 0
28275 0 0 0
28340 0 0 0
28405 0 0 0
28470 0 0 0
28535 0 0 0
28600 0 0 0
28665 0 0 0
28730 0 0 0
28795 0 0 0
28860 0 0 0
28925 0 0 0
28990 0 0 0
29055 0 0 0
29120 0 0 0
29185 0 0 0
29250 0 0 0
29315 0 0 0
29380 0 0 0
29445 0 0 0
29510 0 0 0
29575 0 0 0
29640 0 0 0
29705 0 0 0
29770 0 0 0
29835 0 0 0
29900 0 0 0
29965 0 0 0
30030 0 0 0
30095 0 0 0
30160 0 0 0
30225 0 0 0
30290 0 0 0
30355 0 0 0
30420 0 0 0
30485 0 0 0
30550 0 0 0
30615 0 0 0
30680 0 0 0
30745 0 0 0
30810 0 0 0
30875 0 0 0
30940 0 0 0
31005 0 0 0
31070 0 0 0
31135 0 0 0
31200 0 0 0
31265 0 0 0
31330 0 0 0
31395 0 0 0
31460 0 0 0
31525 0 0 0
31590 0 0 0
31655 0 0 0
31720 0 0 0
31785 0 0 0
31850 0 0 0
31915 0 0 0
31980 0 0 0
32045 0 0 0
32110 0 0 0
32175 0 0 0
32240 0 0 0
32305 0 0 0
32370 0 0 0
32435 0 0 0
32500 0 0 0
32565 0 0 0
32630 0 0 0
32695 0 0 0
32760 0 0 0
32825 0 0 0
32890 0 0 0
32955 0 0 0
33020 0 0 0
33085 0 0 0
33150 0 0 0
33215 0 0 0
33280 0 0 0
33345 0 0 0
33410 0 0 0
33475 0 0 0
33540 0 0 0
33605 0 0 0
33670 0 0 0
33735 0 0 0
33800 0 0 0
33865 0 0 0
33930 0 0 0
33995 0 0 0
34060 0 0 0
34125 0 0 0
34190 0 0 0
34255 0 0 0
34320 0 0 0
34385 0 0 0
34450 0 0 0
34515 0 0 0
34580 0 0 0
34645 0 0 0
34710 0 0 0
34775 0 0 0
34840 0 0 0
34905 0 0 0
34970 0 0 0
35035 0 0 0
35100 0 0 0
35165 0 0 0
35230 0 0 0
35295 0 0 0
35360 0 0 0
35425 0 0 0
35490 0 0 0
35555 0 0 0
35620 0 0 0
35685 0 0 0
35750 0 0 0
35815 0 0 0
35880 0 0 0
35945 0 0 0
36010 0 0 0
36075 0 0 0
36140 0 0 0
36205 0 0 0
36270 0 0 0
36335 0 0 0
36400 0 0 0
36465 0 0 0
36530 0 0 0
36595 0 0 0
36660 0 0 0
36725 0 0 0
36790 0 0 0
36855 0 0 0
36920 0 0 0
36985 0 0 0
37050 0 0 0
37115 0 0 0
37180 0 0 0
37245 0 0 0
37310 0 0 0
37375 0 0 0
37440 0 0 0
37505 0 0 0
37570 0 0 0
37635 0 0 0
37700 0 0 0
37765 0 0 0
37830 0 0 0
37895 0 0 0
37960 0 0 0
38025 0 0 0
38090 0 0 0
38155 0 0 0
38220 0 0 0
38285 0 0 0
38350 0 0 0
38415 0 0 0
38480 0 0 0
38545 0 0 0
38610 0 0 0
38675 0 0 0
38740 0 0 0
38805 0 0 0
38870 0 0 0
38935 0 0 0
39000 0 0 0
39065 0 0 0
39130 0 0 0
39195 0 0 0
39260 0 0 0
39325 0 0 0
39390 0 0 0
39455 0 0 0
39520 0 0 0
39585 0 0 0
39650 0 0 0
39715 0 0 0
39780 0 0 0
39845 0 0 0
39910 0 0 0
39975 0 0 0
40040 0 0 0
40105 0 0 0
40170 0 0 0
40235 0 0 0
40300 0 0 0
40365 0 0 0
40430 0 0 0
40495 0 0 0
40560 0 0 0
40625 0 0 0
40690 0 0 0
40755 0 0 0
40820 0 0 0
40885 0 0 0
40950 0 0 0
41015 0 0 0
41080 0 0 0
41145 0 0 0
41210 0 0 0
41275 0 0 0
41340 0 0 0
41405 0 0 0
41470 0 0 0
41535 0 0 0
41600 0 0 0
41665 0 0 0
41730 0 0 0
41795 0 0 0
41860 0 0 0
41925 0 0 0
41990 0 0 0
42055 0 0 0
42120 0 0 0
42185 0 0 0
42250 0 0 0
42315 0 0 0
42380 0 0 0
42445 0 0 0
42510 0 0 0
42575 0 0 0
42640 0 0 0
42705 0 0 0
42770 0 0 0
42835 0 0 0
42900 0 0 0
42965 0 0 0
43030 0 0 0
43095 0 0 0
43160 0 0 0
43225 0 0 0
43290 0 0 0
43355 0 0 0
43420 0 0 0
43485 0 0 0
43550 0 0 0
43615 0 0 0
43680 0 0 0
43745 0 0 0
43810 0 0 0
43875 0 0 0
43940 0 0 0
44005 0 0 0
44070 0 0 0
44135 0 0 0
44200 0 0 0
44265 0 0 0
44330 0 0 0
44395 0 0 0
44460 0 0 0
44525 0 0 0
44590 0 0 0
44655 0 0 0
44720 0 0 0
44785 0 0 0
44850 0 0 0
44915 0 0 0
44980 0 0 0
45045 0 0 0
45110 0 0 0
45175 0 0 0
45240 0 0 0
45305 0 0 0
45370 0 0 0
45435 0 0 0
45500 0 0 0
45565 0 0 0
45630 0 0 0
45695 0 0 0
45760 0 0 0
45825 0 0 0
45890 0 0 0
45955 0 0 0
46020 0 0 0
46085 0 0 0
46150 0 0 0
46215 0 0 0
46280 0 0 0
46345 0 0 0
46410 0 0 0
46475 0 0 0
46540 0 0 0
46605 0 0 0
46670 0 0 0
46735 0 0 0
46800 0 0 0
46865 0 0 0
46930 0 0 0
46995 0 0 0
47060 0 0 0
47125 0 0 0
47190 0 0 0
47255 0 0 0
47320 0 0 0
47385 0 0 0
47450 0 0 0
47515 0 0 0
47580 0 0 0
47645 0 0 0
47710 0 0 0
47775 0 0 0
47840 0 0 0
47905 0 0 0
47970 0 0 0
48035 0 0 0
48100 0 0 0
48165 0 0 0
48230 0 0 0
48295 0 0 0
48360 0 0 0
48425 0 0 0
48490 0 0 0
48555 0 0 0
48620 0 0 0
48685 0 0 0
48750 0 0 0
48815 0 0 0
48880 0 0 0
48945 0 0 0
49010 0 0 0
49075 0 0 0
49140 0 0 0
49205 0 0 0
49270 0 0 0
49335 0 0 0
49400 0 0 0
49465 0 0 0
49530 0 0 0
49595 0 0 0
49660 0 0 0
49725 0 0 0
49790 0 0 0
49855 0 0 0
49920 0 0 0
49985 0 0 0
50050 0 0 0
50115 0 0 0
50180 0 0 0
50245 0 0 0
50310 0 0 0
50375 0 0 0
50440 0 0 0
50505 0 0 0
50570 0 0 0
50635 0 0 0
50700 0 0 0
50765 0 0 0
50830 0 0 0
50895 0 0 0
50960 0 0 0
51025 0 0 0
51090 0 0 0
51155 0 0 0
51220 0 0 0
51285 0 0 0
51350 0 0 0
51415 0 0 0
51480 0 0 0
51545 0 0 0
51610 0 0 0
51675 0 0 0
51740 0 0 0
51805 0 0 0
51870 0 0 0
51935 0 0 0
52000 0 0 0
52065 0 0 0
52130 0 0 0
52195 0 0 0
52260 0 0 0
52325 0 0 0
52390 0 0 0
52455 0 0 0
52520 0 0 0
52585 0 0 0
52650 0 0 0
52715 0 0 0
52780 0 0 0
52845 0 0 0
52910 0 0 0
52975 0 0 0
53040 0 0 0
53105 0 0 0
53170 0 0 0
53235 0 0 0
53300 0 0 0
53365 0 0 0
53430 0 0 0
53495 0 0 0
53560 0 0 0
53625 0 0 0
53690 0 0 0
53755 0 0 0
53820 0 0 0
53885 0 0 0
53950 0 0 0
54015 0 0 0
54080 0 0 0
54145 0 0 0
54210 0 0 0
54275 0 0 0
54340 0 0 0
54405 0 0 0
54470 0 0 0
54535 0 0 0
54600 0 0 0
54665 0 0 0
54730 0 0 0
54795 0 0 0
54860 0 0 0
54925 0 0 0
54990 0 0 0
55055 0 0 0
55120 0 0 0
55185 0 0 0
55250 0 0 0
55315 0 0 0
55380 0 0 0
55445 0 0 0
55510 0 0 0
55575 0 0 0
55640 0 0 0
55705 0 0 0
55770 0 0 0
55835 0 0 0
55900 0 0 0
55965 0 0 0
56030 0 0 0
56095 0 0 0
56160 0 0 0
56225 0 0 0
56290 0 0 0
56355 0 0 0
56420 0 0 0
56485 0 0 0
56550 0 0 0
56615 0 0 0
56680 0 0 0
56745 0 0 0
56810 0 0 0
56875 0 0 0
56940 0 0 0
57005 0 0 0
57070 0 0 0
57135 0 0 0
57200 0 0 0
57265 0 0 0
57330 0 0 0
57395 0 0 0
57460 0 0 0
57525 0 0 0
57590 0 0 0
57655 0 0 0
57720 0 0 0
57785 0 0 0
57850 0 0 0
57915 0 0 0
57980 0 0 0
58045 0 0 0
58110 0 0 0
58175 0 0 0
58240 0 0 0
58305 0 0 0
58370 0 0 0
58435 0 0 0
58500 0 0 0
58565 0 0 0
58630 0 0 0
58695 0 0 0
58760 0 0 0
58825 0 0 0
58890 0 0 0
58955 0 0 0
59020 0 0 0
59085 0 0 0
59150 0 0 0
59215 0 0 0
59280 0 0 0
59345 0 0 0
59410 0 0 0
59475 0 0 0
59540 0 0 0
59605 0 0 0
59670 0 0 0
59735 0 0 0
59800 0 0 0
59865 0 0 0
59930 0 0 0
59995 0 0 0
60060 0 0 0
60125 0 0 0
60190 0 0 0
60255 0 0 0
60320 0 0 0
60385 0 0 0
60450 0 0 0
60515 0 0 0
60580 0 0 0
60645 0 0 0
60710 0 0 0
60775 0 0 0
60840 0 0 0
60905 0 0 0
60970 0 0 0
61035 0 0 0
61100 0 0 0
61165 0 0 0
61230 0 0 0
61295 0 0 0
61360 0 0 0
61425 0 0 0
61490 0 0 0
61555 0 0 0
61620 0 0 0
61685 0 0 0
61750 0 0 0
61815 0 0 0
61880 0 0 0
61945 0 0 0
62010 0 0 0
62075 0 0 0
62140 0 0 0
62205 0 0 0
62270 0 0 0
62335 0 0 0
62400 0 0 0
62465 0 0 0
62530 0 0 0
62595 0 0 0
62660 0 0 0
62725 0 0 0
62790 0 0 0
62855 0 0 0
62920 0 0 0
62985 0 0 0
63050 0 0 0
63115 0 0 0
63180 0 0 0
63245 0 0 0
63310 0 0 0
63375 0 0 0
63440 0 0 0
63505 0 0 0
63570 0 0 0
63635 0 0 0
63700 0 0 0
63765 0 0 0
63830 0 0 0
63895 0 0 0
63960 0 0 0
64025 0 0 0
64090 0 0 0
64155 0 0 0
64220 0 0 0
64285 0 0 0
64350 0 0 0
64415 0 0 0
64480 0 0 0
64545 0 0 0
64610 0 0 0
64675 0 0 0
64740 0 0 0
64805 0 0 0
64870 0 0 0
64935 0 0 0
65000 0 0 0
65065 0 0 0
65130 0 0 0
65195 0 0 0
65260 0 0 0
65325 0 0 0
65390 0 0 0
65455 0 0 0
65520 0 0 0
65585 0 0 0
65650 0 0 0
65715 0 0 0
65780 0 0 0
65845 0 0 0
65910 0 0 0
65975 0 0 0
66040 0 0 0
66105 0 0 0
66170 0 0 0
66235 0 0 0
66300 0 0 0
66365 0 0 0
66430 0 0 0
66495 0 0 0
66560 0 0 0
66625 0 0 0
66690 0 0 0
66755 0 0 0
66820 0 0 0
66885 0 0 0
66950 0 0 0
67015 0 0 0
67080 0 0 0
67145 0 0 0
67210 0 0 0
67275 0 0 0
67340 0 0 0
67405 0 0 0
67470 0 0 0
67535 0 0 0
67600 0 0 0
67665 0 0 0
67730 0 0 0
67795 0 0 0
67860 0 0 0
67925 0 0 0
67990 0 0 0
68055 0 0 0
68120 0 0 0
68185 0 0 0
68250 0 0 0
68315 0 0 0
68380 0 0 0
68445 0 0 0
68510 0 0 0
68575 0 0 0
68640 0 0 0
68705 0 0 0
68770 0 0 0
68835 0 0 0
68900 0 0 0
68965 0 0 0
69030 0 0 0
69095 0 0 0
69160 0 0 0
69225 0 0 0
69290 0 0 0
69355 0 0 0
69420 0 0 0
69485 0 0 0
69550 0 0 0
69615 0 0 0
69680 0 0 0
69745 0 0 0
69810 0 0 0
69875 0 0 0
69940 0 0 0
70005 0 0 0
70070 0 0 0
70135 0 0 0
70200 0 0 0
70265 0 0 0
70330 0 0 0
70395 0 0 0
70460 0 0 0
70525 0 0 0
70590 0 0 0
70655 0 0 0
70720 0 0 0
70785 0 0 0
70850 0 0 0
70915 0 0 0
70980 0 0 0
71045 0 0 0
71110 0 0 0
71175 0 0 0
71240 0 0 0
71305 0 0 0
71370 0 0 0
71435 0 0 0
71500 0 0 0
71565 0 0 0
71630 0 0 0
71695 0 0 0
71760 0 0 0
71825 0 0 0
71890 0 0 0
71955 0 0 0
72020 0 0 0
72085 0 0 0
72150 0 0 0
72215 0 0 0
72280 0 0 0
72345 0 0 0
72410 0 0 0
72475 0 0 0
72540 0 0 0
72605 0 0 0
72670 0 0 0
72735 0 0 0
72800 0 0 0
72865 0 0 0
72930 0 0 0
72995 0 0 0
73060 0 0 0
73125 0 0 0
73190 0 0 0
73255 0 0 0
73320 0 0 0
73385 0 0 0
73450 0 0 0
73515 0 0 0
73580 0.0596831 0 0
73645 0.149208 0 0
73710 0.218838 0 0
73775 0.268574 0 0
73840 0.298416 0 0
73905 0.308363 0 0
73970 0.298416 0 0
74035 0.268574 0 0
74100 0.218838 0 0
74165 0.149208 0 0
74230 0.0596831 0 0
74295 0 0 0
74360 0 0 0
74425 0 0 0
74490 0 0 0
74555 0 0 0
74620 0 0 0
74685 0 0 0
74750 0 0 0
74815 0 0 0
74880 0 0 0
74945 0 0 0
75010 0 0 0
75075 0 0 0
75140 0 0 0
75205 0 0 0
75270 0 0 0
75335 0 0 0
75400 0 0 0
75465 0 0 0
75530 0 0 0
75595 0 0 0
75660 0 0 0
75725 0 0 0
75790 0 0 0
75855 0 0 0
75920 0 0 0
75985 0 0 0
76050 0 0 0
76115 0 0 0
76180 0 0 0
76245 0 0 0
76310 0 0 0
76375 0 0 0
76440 0 0 0
76505 0 0 0
76570 0 0 0
76635 0 0 0
76700 0 0 0
76765 0 0 0
76830 0 0 0
76895 0 0 0
76960 0 0 0
77025 0 0 0
77090 0 0 0
77155 0 0 0
77220 0 0 0
77285 0 0 0
77350 0 0 0
77415 0 0 0
77480 0 0 0
77545 0 0 0
77610 0 0 0
77675 0.109419 0 0
77740 0.238732 0 0
77805 0.348151 0 0
77870 0.437676 0 0
77935 0.507306 0 0
78000 0.557042 0 0
78065 0.586884 0 0
78130 0.596831 0 0
78195 0.586884 0 0
78260 0.557042 0 0
78325 0.507306 0 0
78390 0.437676 0 0
78455 0.348151 0 0
78520 0.238732 0 0
78585 0.109419 0 0
78650 0 0 0
78715 0 0 0
78780 0 0 0
78845 0 0 0
78910 0 0 0
78975 0 0 0
79040 0 0 0
79105 0 0 0
79170 0 0 0
79235 0 0 0
79300 0 0 0
79365 0 0 0
79430 0 0 0
79495 0 0 0
79560 0 0 0
79625 0 0 0
79690 0 0 0
79755 0 0 0
79820 0 0 0
79885 0 0 0
79950 0 0 0
80015 0 0 0
80080 0 0 0
80145 0 0 0
80210 0 0 0
80275 0 0 0
80340 0 0 0
80405 0 0 0
80470 0 0 0
80535 0 0 0
80600 0 0 0
80665 0 0 0
80730 0 0 0
80795 0 0 0
80860 0 0 0
80925 0 0 0
80990 0 0 0
81055 0 0 0
81120 0 0 0
81185 0 0 0
81250 0 0 0
81315 0 0 0
81380 0 0 0
81445 0 0 0
81510 0 0 0
81575 0 0 0
81640 0 0 0
81705 0 0 0
81770 0.0596831 0 0
81835 0.228785 0 0
81900 0.377993 0 0
81965 0.507306 0 0
82030 0.616725 0 0
82095 0.70625 0 0
82160 0.77588 0 0
82225 0.825616 0 0
82290 0.855458 0 0
82355 0.865405 0 0
82420 0.855458 0 0
82485 0.825616 0 0
82550 0.77588 0 0
82615 0.70625 0 0
82680 0.616725 0 0
82745 0.507306 0 0
82810 0.377993 0 0
82875 0.228785 0 0
82940 0.0596831 0 0
83005 0 0 0
83070 0 0 0
83135 0 0 0
83200 0 0 0
83265 0 0 0
83330 0 0 0
83395 0 0 0
83460 0 0 0
83525 0 0 0
83590 0 0 0
83655 0 0 0
83720 0 0 0
83785 0 0 0
83850 0 0 0
83915 0 0 0
83980 0 0 0
84045 0 0 0
84110 0 0 0
84175 0 0 0
84240 0 0 0
84305 0 0 0
84370 0 0 0
84435 0 0 0
84500 0 0 0
84565 0 0 0
84630 0 0 0
84695 0 0 0
84760 0 0 0
84825 0 0 0
84890 0 0 0
84955 0 0 0
85020 0 0 0
85085 0 0 0
85150 0 0 0
85215 0 0 0
85280 0 0 0
85345 0 0 0
85410 0 0 0
85475 0 0 0
85540 0 0 0
85605 0 0 0
85670 0 0 0
85735 0 0 0
85800 0 0 0
85865 0 0 0
85930 0.119366 0 0
85995 0.308363 0 0
86060 0.477465 0 0
86125 0.626673 0 0
86190 0.755986 0 0
86255 0.865405 0 0
86320 0.95493 0 0
86385 1.02456 0 0
86450 1.0743 0 0
86515 1.10414 0 0
86580 1.11408 0 0
86645 1.10414 0 0
86710 1.0743 0 0
86775 1.02456 0 0
86840 0.95493 0 0
86905 0.865405 0 0
86970 0.755986 0 0
87035 0.626673 0 0
87100 0.477465 0 0
87165 0.308363 0 0
87230 0.119366 0 0
87295 0 0 0
87360 0 0 0
87425 0 0 0
87490 0 0 0
87555 0 0 0
87620 0 0 0
87685 0 0 0
87750 0 0 0
87815 0 0 0
87880 0 0 0
87945 0 0 0
88010 0 0 0
88075 0 0 0
88140 0 0 0
88205 0 0 0
88270 0 0 0
88335 0 0 0
88400 0 0 0
88465 0 0 0
88530 0 0 0
88595 0 0 0
88660 0 0 0
88725 0 0 0
88790 0 0 0
88855 0 0 0
88920 0 0 0
88985 0 0 0
89050 0 0 0
89115 0 0 0
89180 0 0 0
89245 0 0 0
89310 0 0 0
89375 0 0 0
89440 0 0 0
89505 0 0 0
89570 0 0 0
89635 0 0 0
89700 0 0 0
89765 0 0 0
89830 0 0 0
89895 0 0 0
89960 0 0 0
90025 0 0 0
90090 0.139261 0 0
90155 0.348151 0 0
90220 0.537148 0 0
90285 0.70625 0 0
90350 0.855458 0 0
90415 0.984771 0 0
90480 1.09419 0 0
90545 1.18371 0 0
90610 1.25335 0 0
90675 1.30308 0 0
90740 1.33292 0 0
90805 1.34287 0 0
90870 1.33292 0 0
90935 1.30308 0 0
91000 1.25335 0 0
91065 1.18371 0 0
91130 1.09419 0 0
91195 0.984771 0 0
91260 0.855458 0 0
91325 0.70625 0 0
91390 0.537148 0 0
91455 0.348151 0 0
91520 0.139261 0 0
91585 0 0 0
91650 0 0 0
91715 0 0 0
91780 0 0 0
91845 0 0 0
91910 0 0 0
91975 0 0 0
92040 0 0 0
92105 0 0 0
92170 0 0 0
92235 0 0 0
92300 0 0 0
92365 0 0 0
92430 0 0 0
92495 0 0 0
92560 0 0 0
92625 0 0 0
92690 0 0 0
92755 0 0 0
92820 0 0 0
92885 0 0 0
92950 0 0 0
93015 0 0 0
93080 0 0 0
93145 0 0 0
93210 0 0 0
93275 0 0 0
93340 0 0 0
93405 0 0 0
93470 0 0 0
93535 0 0 0
93600 0 0 0
93665 0 0 0
93730 0 0 0
93795 0 0 0
93860 0 0 0
93925 0 0 0
93990 0 0 0
94055 0 0 0
94120 0 0 0
94185 0 0 0
94250 0.119366 0 0
94315 0.348151 0 0
94380 0.557042 0 0
94445 0.746039 0 0
94510 0.915141 0 0
94575 1.06435 0 0
94640 1.19366 0 0
94705 1.30308 0 0
94770 1.39261 0 0
94835 1.46224 0 0
94900 1.51197 0 0
94965 1.54181 0 0
95030 1.55176 0 0
95095 1.54181 0 0
95160 1.51197 0 0
95225 1.46224 0 0
95290 1.39261 0 0
95355 1.30308 0 0
95420 1.19366 0 0
95485 1.06435 0 0
95550 0.915141 0 0
95615 0.746039 0 0
95680 0.557042 0 0
95745 0.348151 0 0
95810 0.119366 0 0
95875 0 0 0
95940 0 0 0
96005 0 0 0
96070 0 0 0
96135 0 0 0
96200 0 0 0
96265 0 0 0
96330 0 0 0
96395 0 0 0
96460 0 0 0
96525 0 0 0
96590 0 0 0
96655 0 0 0
96720 0 0 0
96785 0 0 0
96850 0 0 0
96915 0 0 0
96980 0 0 0
97045 0 0 0
97110 0 0 0
97175 0 0 0
97240 0 0 0
97305 0 0 0
97370 0 0 0
97435 0 0 0
97500 0 0 0
97565 0 0 0
97630 0 0 0
97695 0 0 0
97760 0 0 0
97825 0 0 0
97890 0 0 0
97955 0 0 0
98020 0 0 0
98085 0 0 0
98150 0 0 0
98215 0 0 0
98280 0 0 0
98345 0 0 0
98410 0.0596831 0 0
98475 0.308363 0 0
98540 0.537148 0 0
98605 0.746039 0 0
98670 0.935035 0 0
98735 1.10414 0 0
98800 1.25335 0 0
98865 1.38266 0 0
98930 1.49208 0 0
98995 1.5816 0 0
99060 1.65123 0 0
99125 1.70097 0 0
99190 1.73081 0 0
99255 1.74076 0 0
99320 1.73081 0 0
99385 1.70097 0 0
99450 1.65123 0 0
99515 1.5816 0 0
99580 1.49208 0 0
99645 1.38266 0 0
99710 1.25335 0 0
99775 1.10414 0 0
99840 0.935035 0 0
99905 0.746039 0 0
99970 0.537148 0 0
100035 0.308363 0 0
100100 0.0596831 0 0
100165 0 0 0
100230 0 0 0
100295 0 0 0
100360 0 0 0
100425 0 0 0
100490 0 0 0
100555 0 0 0
100620 0 0 0
100685 0 0 0
100750 0 0 0
100815 0 0 0
100880 0 0 0
100945 0 0 0
101010 0 0 0
101075 0 0 0
101140 0 0 0
101205 0 0 0
101270 0 0 0
101335 0 0 0
101400 0 0 0
101465 0 0 0
101530 0 0 0
101595 0 0 0
101660 0 0 0
101725 0 0 0
101790 0 0 0
101855 0 0 0
101920 0 0 0
101985 0 0 0
102050 0 0 0
102115 0 0 0
102180 0 0 0
102245 0 0 0
102310 0 0 0
102375 0 0 0
102440 0 0 0
102505 0 0 0
102570 0 0 0
102635 0.228785 0 0
102700 0.477465 0 0
102765 0.70625 0 0
102830 0.915141 0 0
102895 1.10414 0 0
102960 1.27324 0 0
103025 1.42245 0 0
103090 1.55176 0 0
103155 1.66118 0 0
103220 1.7507 0 0
103285 1.82033 0 0
103350 1.87007 0 0
103415 1.89991 0 0
103480 1.90986 0 0
103545 1.89991 0 0
103610 1.87007 0 0
103675 1.82033 0 0
103740 1.7507 0 0
103805 1.66118 0 0
103870 1.55176 0 0
103935 1.42245 0 0
104000 1.27324 0 0
104065 1.10414 0 0
104130 0.915141 0 0
104195 0.70625 0 0
104260 0.477465 0 0
104325 0.228785 0 0
104390 0 0 0
104455 0 0 0
104520 0 0 0
104585 0 0 0
104650 0 0 0
104715 0 0 0
104780 0 0 0
104845 0 0 0
104910 0 0 0
104975 0 0 0
105040 0 0 0
105105 0 0 0
105170 0 0 0
105235 0 0 0
105300 0 0 0
105365 0 0 0
105430 0 0 0
105495 0 0 0
105560 0 0 0
105625 0 0 0
105690 0 0 0
105755 0 0 0
105820 0 0 0
105885 0 0 0
105950 0 0 0
106015 0 0 0
106080 0 0 0
106145 0 0 0
106210 0 0 0
106275 0 0 0
106340 0 0 0
106405 0 0 0
106470 0 0 0
106535 0 0 0
106600 0 0 0
106665 0 0 0
106730 0 0 0
106795 0.109419 0 0
106860 0.377993 0 0
106925 0.626673 0 0
106990 0.855458 0 0
107055 1.06435 0 0
107120 1.25335 0 0
107185 1.42245 0 0
107250 1.57166 0 0
107315 1.70097 0 0
107380 1.81039 0 0
107445 1.89991 0 0
107510 1.96954 0 0
107575 2.01928 0 0
107640 2.04912 0 0
107705 2.05907 0 0
107770 2.04912 0 0
107835 2.01928 0 0
107900 1.96954 0 0
107965 1.89991 0 0
108030 1.81039 0 0
108095 1.70097 0 0
108160 1.57166 0 0
108225 1.42245 0 0
108290 1.25335 0 0
108355 1.06435 0 0
108420 0.855458 0 0
108485 0.626673 0 0
108550 0.377993 0 0
108615 0.109419 0 0
108680 0 0 0
108745 0 0 0
108810 0 0 0
108875 0 0 0
108940 0 0 0
109005 0 0 0
109070 0 0 0
109135 0 0 0
109200 0 0 0
109265 0 0 0
109330 0 0 0
109395 0 0 0
109460 0 0 0
109525 0 0 0
109590 0 0 0
109655 0 0 0
109720 0 0 0
109785 0 0 0
109850 0 0 0
109915 0 0 0
109980 0 0 0
110045 0 0 0
110110 0 0 0
110175 0 0 0
110240 0 0 0
110305 0 0 0
110370 0 0 0
110435 0 0 0
110500 0 0 0
110565 0 0 0
110630 0 0 0
110695 0 0 0
110760 0 0 0
110825 0 0 0
110890 0 0 0
110955 0 0 0
111020 0.238732 0 0
111085 0.507306 0 0
111150 0.755986 0 0
111215 0.984771 0 0
111280 1.19366 0 0
111345 1.38266 0 0
111410 1.55176 0 0
111475 1.70097 0 0
111540 1.83028 0 0
111605 1.9397 0 0
111670 2.02923 0 0
111735 2.09886 0 0
111800 2.14859 0 0
111865 2.17843 0 0
111930 2.18838 0 0
111995 2.17843 0 0
112060 2.14859 0 0
112125 2.09886 0 0
112190 2.02923 0 0
112255 1.9397 0 0
112320 1.83028 0 0
112385 1.70097 0 0
112450 1.55176 0 0
112515 1.38266 0 0
112580 1.19366 0 0
112645 0.984771 0 0
112710 0.755986 0 0
112775 0.507306 0 0
112840 0.238732 0 0
112905 0 0 0
112970 0 0 0
113035 0 0 0
113100 0 0 0
113165 0 0 0
113230 0 0 0
113295 0 0 0
113360 0 0 0
113425 0 0 0
113490 0 0 0
113555 0 0 0
113620 0 0 0
113685 0 0 0
113750 0 0 0
113815 0 0 0
113880 0 0 0
113945 0 0 0
114010 0 0 0
114075 0 0 0
114140 0 0 0
114205 0 0 0
114270 0 0 0
114335 0 0 0
114400 0 0 0
114465 0 0 0
114530 0 0 0
114595 0 0 0
114660 0 0 0
114725 0 0 0
114790 0 0 0
114855 0 0 0
114920 0 0 0
114985 0 0 0
115050 0 0 0
115115 0 0 0
115180 0.0596831 0 0
115245 0.348151 0 0
115310 0.616725 0 0
115375 0.865405 0 0
115440 1.09419 0 0
115505 1.30308 0 0
115570 1.49208 0 0
115635 1.66118 0 0
115700 1.81039 0 0
115765 1.9397 0 0
115830 2.04912 0 0
115895 2.13864 0 0
115960 2.20827 0 0
116025 2.25801 0 0
116090 2.28785 0 0
116155 2.2978 0 0
116220 2.28785 0 0
116285 2.25801 0 0
116350 2.20827 0 0
116415 2.13864 0 0
116480 2.04912 0 0
116545 1.9397 0 0
116610 1.81039 0 0
116675 1.66118 0 0
116740 1.49208 0 0
116805 1.30308 0 0
116870 1.09419 0 0
116935 0.865405 0 0
117000 0.616725 0 0
117065 0.348151 0 0
117130 0.0596831 0 0
117195 0 0 0
117260 0 0 0
117325 0 0 0
117390 0 0 0
117455 0 0 0
117520 0 0 0
117585 0 0 0
117650 0 0 0
117715 0 0 0
117780 0 0 0
117845 0 0 0
117910 0 0 0
117975 0 0 0
118040 0 0 0
118105 0 0 0
118170 0 0 0
118235 0 0 0
118300 0 0 0
118365 0 0 0
118430 0 0 0
118495 0 0 0
118560 0 0 0
118625 0 0 0
118690 0 0 0
118755 0 0 0
118820 0 0 0
118885 0 0 0
118950 0 0 0
119015 0 0 0
119080 0 0 0
119145 0 0 0
119210 0 0 0
119275 0 0 0
119340 0 0 0
119405 0.149208 0 0
119470 0.437676 0 0
119535 0.70625 0 0
119600 0.95493 0 0
119665 1.18371 0 0
119730 1.39261 0 0
119795 1.5816 0 0
119860 1.7507 0 0
119925 1.89991 0 0
119990 2.02923 0 0
120055 2.13864 0 0
120120 2.22817 0 0
120185 2.2978 0 0
120250 2.34754 0 0
120315 2.37738 0 0
120380 2.38732 0 0
120445 2.37738 0 0
120510 2.34754 0 0
120575 2.2978 0 0
120640 2.22817 0 0
120705 2.13864 0 0
120770 2.02923 0 0
120835 1.89991 0 0
120900 1.7507 0 0
120965 1.5816 0 0
121030 1.39261 0 0
121095 1.18371 0 0
121160 0.95493 0 0
121225 0.70625 0 0
121290 0.437676 0 0
121355 0.149208 0 0
121420 0 0 0
121485 0 0 0
121550 0 0 0
121615 0 0 0
121680 0 0 0
121745 0 0 0
121810 0 0 0
121875 0 0 0
121940 0 0 0
122005 0 0 0
122070 0 0 0
122135 0 0 0
122200 0 0 0
122265 0 0 0
122330 0 0 0
122395 0 0 0
122460 0 0 0
122525 0 0 0
122590 0 0 0
122655 0 0 0
122720 0 0 0
122785 0 0 0
122850 0 0 0
122915 0 0 0
122980 0 0 0
123045 0 0 0
123110 0 0 0
123175 0 0 0
123240 0 0 0
123305 0 0 0
123370 0 0 0
123435 0 0 0
123500 0 0 0
123565 0 0 0
123630 0.218838 0 0
123695 0.507306 0 0
123760 0.77588 0 0
123825 1.02456 0 0
123890 1.25335 0 0
123955 1.46224 0 0
124020 1.65123 0 0
124085 1.82033 0 0
124150 1.96954 0 0
124215 2.09886 0 0
124280 2.20827 0 0
124345 2.2978 0 0
124410 2.36743 0 0
124475 2.41717 0 0
124540 2.44701 0 0
124605 2.45695 0 0
124670 2.44701 0 0
124735 2.41717 0 0
124800 2.36743 0 0
124865 2.2978 0 0
124930 2.20827 0 0
124995 2.09886 0 0
125060 1.96954 0 0
125125 1.82033 0 0
125190 1.65123 0 0
125255 1.46224 0 0
125320 1.25335 0 0
125385 1.02456 0 0
125450 0.77588 0 0
125515 0.507306 0 0
125580 0.218838 0 0
125645 0 0 0
125710 0 0 0
125775 0 0 0
125840 0 0 0
125905 0 0 0
125970 0 0 0
126035 0 0 0
126100 0 0 0
126165 0 0 0
126230 0 0 0
126295 0 0 0
126360 0 0 0
126425 0 0 0
126490 0 0 0
126555 0 0 0
126620 0 0 0
126685 0 0 0
126750 0 0 0
126815 0 0 0
126880 0 0 0
126945 0 0 0
127010 0 0 0
127075 0 0 0
127140 0 0 0
127205 0 0 0
127270 0 0 0
127335 0 0 0
127400 0 0 0
127465 0 0 0
127530 0 0 0
127595 0 0 0
127660 0 0 0
127725 0 0 0
127790 0 0 0
127855 0.268574 0 0
127920 0.557042 0 0
127985 0.825616 0 0
128050 1.0743 0 0
128115 1.30308 0 0
128180 1.51197 0 0
128245 1.70097 0 0
128310 1.87007 0 0
128375 2.01928 0 0
128440 2.14859 0 0
128505 2.25801 0 0
128570 2.34754 0 0
128635 2.41717 0 0
128700 2.4669 0 0
128765 2.49674 0 0
128830 2.50669 0 0
128895 2.49674 0 0
128960 2.4669 0 0
129025 2.41717 0 0
129090 2.34754 0 0
129155 2.25801 0 0
129220 2.14859 0 0
129285 2.01928 0 0
129350 1.87007 0 0
129415 1.70097 0 0
129480 1.51197 0 0
129545 1.30308 0 0
129610 1.0743 0 0
129675 0.825616 0 0
129740 0.557042 0 0
129805 0.268574 0 0
129870 0 0 0
129935 0 0 0
130000 0 0 0
130065 0 0 0
130130 0 0 0
130195 0 0 0
130260 0 0 0
130325 0 0 0
130390 0 0 0
130455 0 0 0
130520 0 0 0
130585 0 0 0
130650 0 0 0
130715 0 0 0
130780 0 0 0
130845 0 0 0
130910 0 0 0
130975 0 0 0
131040 0 0 0
131105 0 0 0
131170 0 0 0
131235 0 0 0
131300 0 0 0
131365 0 0 0
131430 0 0 0
131495 0 0 0
131560 0 0 0
131625 0 0 0
131690 0 0 0
131755 0 0 0
131820 0 0 0
131885 0 0 0
131950 0 0 0
132015 0 0 0
132080 0.298416 0 0
132145 0.586884 0 0
132210 0.855458 0 0
132275 1.10414 0 0
132340 1.33292 0 0
132405 1.54181 0 0
132470 1.73081 0 0
132535 1.89991 0 0
132600 2.04912 0 0
132665 2.17843 0 0
132730 2.28785 0 0
132795 2.37738 0 0
132860 2.44701 0 0
132925 2.49674 0 0
132990 2.52658 0 0
133055 2.53653 0 0
133120 2.52658 0 0
133185 2.49674 0 0
133250 2.44701 0 0
133315 2.37738 0 0
133380 2.28785 0 0
133445 2.17843 0 0
133510 2.04912 0 0
133575 1.89991 0 0
133640 1.73081 0 0
133705 1.54181 0 0
133770 1.33292 0 0
133835 1.10414 0 0
133900 0.855458 0 0
133965 0.586884 0 0
134030 0.298416 0 0
134095 0 0 0
134160 0 0 0
134225 0 0 0
134290 0 0 0
134355 0 0 0
134420 0 0 0
134485 0 0 0
134550 0 0 0
134615 0 0 0
134680 0 0 0
134745 0 0 0
134810 0 0 0
134875 0 0 0
134940 0 0 0
135005 0 0 0
135070 0 0 0
135135 0 0 0
135200 0 0 0
135265 0 0 0
135330 0 0 0
135395 0 0 0
135460 0 0 0
135525 0 0 0
135590 0 0 0
135655 0 0 0
135720 0 0 0
135785 0 0 0
135850 0 0 0
135915 0 0 0
135980 0 0 0
136045 0 0 0
136110 0 0 0
136175 0 0 0
136240 0 0 0
136305 0.308363 0 0
136370 0.596831 0 0
136435 0.865405 0 0
136500 1.11408 0 0
136565 1.34287 0 0
136630 1.55176 0 0
136695 1.74076 0 0
136760 1.90986 0 0
136825 2.05907 0 0
136890 2.18838 0 0
136955 2.2978 0 0
137020 2.38732 0 0
137085 2.45695 0 0
137150 2.50669 0 0
137215 2.53653 0 0
137280 2.54648 0 0
137345 2.53653 0 0
137410 2.50669 0 0
137475 2.45695 0 0
137540 2.38732 0 0
137605 2.2978 0 0
137670 2.18838 0 0
137735 2.05907 0 0
137800 1.90986 0 0
137865 1.74076 0 0
137930 1.55176 0 0
137995 1.34287 0 0
138060 1.11408 0 0
138125 0.865405 0 0
138190 0.596831 0 0
138255 0.308363 0 0
138320 0 0 0
138385 0 0 0
138450 0 0 0
138515 0 0 0
138580 0 0 0
138645 0 0 0
138710 0 0 0
138775 0 0 0
138840 0 0 0
138905 0 0 0
138970 0 0 0
139035 0 0 0
139100 0 0 0
139165 0 0 0
139230 0 0 0
139295 0 0 0
139360 0 0 0
139425 0 0 0
139490 0 0 0
139555 0 0 0
139620 0 0 0
139685 0 0 0
139750 0 0 0
139815 0 0 0
139880 0 0 0
139945 0 0 0
140010 0 0 0
140075 0 0 0
140140 0 0 0
140205 0 0 0
140270 0 0 0
140335 0 0 0
140400 0 0 0
140465 0 0 0
140530 0.298416 0 0
140595 0.586884 0 0
140660 0.855458 0 0
140725 1.10414 0 0
140790 1.33292 0 0
140855 1.54181 0 0
140920 1.73081 0 0
140985 1.89991 0 0
141050 2.04912 0 0
141115 2.17843 0 0
141180 2.28785 0 0
141245 2.37738 0 0
141310 2.44701 0 0
141375 2.49674 0 0
141440 2.52658 0 0
141505 2.53653 0 0
141570 2.52658 0 0
141635 2.49674 0 0
141700 2.44701 0 0
141765 2.37738 0 0
141830 2.28785 0 0
141895 2.17843 0 0
141960 2.04912 0 0
142025 1.89991 0 0
142090 1.73081 0 0
142155 1.54181 0 0
142220 1.33292 0 0
142285 1.10414 0 0
142350 0.855458 0 0
142415 0.586884 0 0
142480 0.298416 0 0
142545 0 0 0
142610 0 0 0
142675 0 0 0
142740 0 0 0
142805 0 0 0
142870 0 0 0
142935 0 0 0
143000 0 0 0
143065 0 0 0
143130 0 0 0
143195 0 0 0
143260 0 0 0
143325 0 0 0
143390 0 0 0
143455 0 0 0
143520 0 0 0
143585 0 0 0
143650 0 0 0
143715 0 0 0
143780 0 0 0
143845 0 0 0
143910 0 0 0
143975 0 0 0
144040 0 0 0
144105 0 0 0
144170 0 0 0
144235 0 0 0
144300 0 0 0
144365 0 0 0
144430 0 0 0
144495 0 0 0
144560 0 0 0
144625 0 0 0
144690 0 0 0
144755 0.268574 0 0
144820 0.557042 0 0
144885 0.825616 0 0
144950 1.0743 0 0
145015 1.30308 0 0
145080 1.51197 0 0
145145 1.70097 0 0
145210 1.87007 0 0
145275 2.01928 0 0
145340 2.14859 0 0
145405 2.25801 0 0
145470 2.34754 0 0
145535 2.41717 0 0
145600 2.4669 0 0
145665 2.49674 0 0
145730 2.50669 0 0
145795 2.49674 0 0
145860 2.4669 0 0
145925 2.41717 0 0
145990 2.34754 0 0
146055 2.25801 0 0
146120 2.14859 0 0
146185 2.01928 0 0
146250 1.87007 0 0
146315 1.70097 0 0
146380 1.51197 0 0
146445 1.30308 0 0
146510 1.0743 0 0
146575 0.825616 0 0
146640 0.557042 0 0
146705 0.268574 0 0
146770 0 0 0
146835 0 0 0
146900 0 0 0
146965 0 0 0
147030 0 0 0
147095 0 0 0
147160 0 0 0
147225 0 0 0
147290 0 0 0
147355 0 0 0
147420 0 0 0
147485 0 0 0
147550 0 0 0
147615 0 0 0
147680 0 0 0
147745 0 0 0
147810 0 0 0
147875 0 0 0
147940 0 0 0
148005 0 0 0
148070 0 0 0
148135 0 0 0
148200 0 0 0
148265 0 0 0
148330 0 0 0
148395 0 0 0
148460 0 0 0
148525 0 0 0
148590 0 0 0
148655 0 0 0
148720 0 0 0
148785 0 0 0
148850 0 0 0
148915 0 0 0
148980 0.218838 0 0
149045 0.507306 0 0
149110 0.77588 0 0
149175 1.02456 0 0
149240 1.25335 0 0
149305 1.46224 0 0
149370 1.65123 0 0
149435 1.82033 0 0
149500 1.96954 0 0
149565 2.09886 0 0
149630 2.20827 0 0
149695 2.2978 0 0
149760 2.36743 0 0
149825 2.41717 0 0
149890 2.44701 0 0
149955 2.45695 0 0
150020 2.44701 0 0
150085 2.41717 0 0
150150 2.36743 0 0
150215 2.2978 0 0
150280 2.20827 0 0
150345 2.09886 0 0
150410 1.96954 0 0
150475 1.82033 0 0
150540 1.65123 0 0
150605 1.46224 0 0
150670 1.25335 0 0
150735 1.02456 0 0
150800 0.77588 0 0
150865 0.507306 0 0
150930 0.218838 0 0
150995 0 0 0
151060 0 0 0
151125 0 0 0
151190 0 0 0
151255 0 0 0
151320 0 0 0
151385 0 0 0
151450 0 0 0
151515 0 0 0
151580 0 0 0
151645 0 0 0
151710 0 0 0
151775 0 0 0
151840 0 0 0
151905 0 0 0
151970 0 0 0
152035 0 0 0
152100 0 0 0
152165 0 0 0
152230 0 0 0
152295 0 0 0
152360 0 0 0
152425 0 0 0
152490 0 0 0
152555 0 0 0
152620 0 0 0
152685 0 0 0
152750 0 0 0
152815 0 0 0
152880 0 0 0
152945 0 0 0
153010 0 0 0
153075 0 0 0
153140 0 0 0
153205 0.149208 0 0
153270 0.437676 0 0
153335 0.70625 0 0
153400 0.95493 0 0
153465 1.18371 0 0
153530 1.39261 0 0
153595 1.5816 0 0
153660 1.7507 0 0
153725 1.89991 0 0
153790 2.02923 0 0
153855 2.13864 0 0
153920 2.22817 0 0
153985 2.2978 0 0
154050 2.34754 0 0
154115 2.37738 0 0
154180 2.38732 0 0
154245 2.37738 0 0
154310 2.34754 0 0
154375 2.2978 0 0
154440 2.22817 0 0
154505 2.13864 0 0
154570 2.02923 0 0
154635 1.89991 0 0
154700 1.7507 0 0
154765 1.5816 0 0
154830 1.39261 0 0
154895 1.18371 0 0
154960 0.95493 0 0
155025 0.70625 0 0
155090 0.437676 0 0
155155 0.149208 0 0
155220 0 0 0
155285 0 0 0
155350 0 0 0
155415 0 0 0
155480 0 0 0
155545 0 0 0
155610 0 0 0
155675 0 0 0
155740 0 0 0
155805 0 0 0
155870 0 0 0
155935 0 0 0
156000 0 0 0
156065 0 0 0
156130 0 0 0
156195 0 0 0
156260 0 0 0
156325 0 0 0
156390 0 0 0
156455 0 0 0
156520 0 0 0
156585 0 0 0
156650 0 0 0
156715 0 0 0
156780 0 0 0
156845 0 0 0
156910 0 0 0
156975 0 0 0
157040 0 0 0
157105 0 0 0
157170 0 0 0
157235 0 0 0
157300 0 0 0
157365 0 0 0
157430 0.0596831 0 0
157495 0.348151 0 0
157560 0.616725 0 0
157625 0.865405 0 0
157690 1.09419 0 0
157755 1.30308 0 0
157820 1.49208 0 0
157885 1.66118 0 0
157950 1.81039 0 0
158015 1.9397 0 0
158080 2.04912 0 0
158145 2.13864 0 0
158210 2.20827 0 0
158275 2.25801 0 0
158340 2.28785 0 0
158405 2.2978 0 0
158470 2.28785 0 0
158535 2.25801 0 0
158600 2.20827 0 0
158665 2.13864 0 0
158730 2.04912 0 0
158795 1.9397 0 0
158860 1.81039 0 0
158925 1.66118 0 0
158990 1.49208 0 0
159055 1.30308 0 0
159120 1.09419 0 0
159185 0.865405 0 0
159250 0.616725 0 0
159315 0.348151 0 0
159380 0.0596831 0 0
159445 0 0 0
159510 0 0 0
159575 0 0 0
159640 0 0 0
159705 0 0 0
159770 0 0 0
159835 0 0 0
159900 0 0 0
159965 0 0 0
160030 0 0 0
160095 0 0 0
160160 0 0 0
160225 0 0 0
160290 0 0 0
160355 0 0 0
160420 0 0 0
160485 0 0 0
160550 0 0 0
160615 0 0 0
160680 0 0 0
160745 0 0 0
160810 0 0 0
160875 0 0 0
160940 0 0 0
161005 0 0 0
161070 0 0 0
161135 0 0 0
161200 0 0 0
161265 0 0 0
161330 0 0 0
161395 0 0 0
161460 0 0 0
161525 0 0 0
161590 0 0 0
161655 0 0 0
161720 0.238732 0 0
161785 0.507306 0 0
161850 0.755986 0 0
161915 0.984771 0 0
161980 1.19366 0 0
162045 1.38266 0 0
162110 1.55176 0 0
162175 1.70097 0 0
162240 1.83028 0 0
162305 1.9397 0 0
162370 2.02923 0 0
162435 2.09886 0 0
162500 2.14859 0 0
162565 2.17843 0 0
162630 2.18838 0 0
162695 2.17843 0 0
162760 2.14859 0 0
162825 2.09886 0 0
162890 2.02923 0 0
162955 1.9397 0 0
163020 1.83028 0 0
163085 1.70097 0 0
163150 1.55176 0 0
163215 1.38266 0 0
163280 1.19366 0 0
163345 0.984771 0 0
163410 0.755986 0 0
163475 0.507306 0 0
163540 0.238732 0 0
163605 0 0 0
163670 0 0 0
163735 0 0 0
163800 0 0 0
163865 0 0 0
163930 0 0 0
163995 0 0 0
164060 0 0 0
164125 0 0 0
164190 0 0 0
164255 0 0 0
164320 0 0 0
164385 0 0 0
164450 0 0 0
164515 0 0 0
164580 0 0 0
164645 0 0 0
164710 0 0 0
164775 0 0 0
164840 0 0 0
164905 0 0 0
164970 0 0 0
165035 0 0 0
165100 0 0 0
165165 0 0 0
165230 0 0 0
165295 0 0 0
165360 0 0 0
165425 0 0 0
165490 0 0 0
165555 0 0 0
165620 0 0 0
165685 0 0 0
165750 0 0 0
165815 0 0 0
165880 0 0 0
165945 0.109419 0 0
166010 0.377993 0 0
166075 0.626673 0 0
166140 0.855458 0 0
166205 1.06435 0 0
166270 1.25335 0 0
166335 1.42245 0 0
166400 1.57166 0 0
166465 1.70097 0 0
166530 1.81039 0 0
166595 1.89991 0 0
166660 1.96954 0 0
166725 2.01928 0 0
166790 2.04912 0 0
166855 2.05907 0 0
166920 2.04912 0 0
166985 2.01928 0 0
167050 1.96954 0 0
167115 1.89991 0 0
167180 1.81039 0 0
167245 1.70097 0 0
167310 1.57166 0 0
167375 1.42245 0 0
167440 1.25335 0 0
167505 1.06435 0 0
167570 0.855458 0 0
167635 0.626673 0 0
167700 0.377993 0 0
167765 0.109419 0 0
167830 0 0 0
167895 0 0 0
167960 0 0 0
168025 0 0 0
168090 0 0 0
168155 0 0 0
168220 0 0 0
168285 0 0 0
168350 0 0 0
168415 0 0 0
168480 0 0 0
168545 0 0 0
168610 0 0 0
168675 0 0 0
168740 0 0 0
168805 0 0 0
168870 0 0 0
168935 0 0 0
169000 0 0 0
169065 0 0 0
169130 0 0 0
169195 0 0 0
169260 0 0 0
169325 0 0 0
169390 0 0 0
169455 0 0 0
169520 0 0 0
169585 0 0 0
169650 0 0 0
169715 0 0 0
169780 0 0 0
169845 0 0 0
169910 0 0 0
169975 0 0 0
170040 0 0 0
170105 0 0 0
170170 0 0 0
170235 0.228785 0 0
170300 0.477465 0 0
170365 0.70625 0 0
170430 0.915141 0 0
170495 1.10414 0 0
170560 1.27324 0 0
170625 1.42245 0 0
170690 1.55176 0 0
170755 1.66118 0 0
170820 1.7507 0 0
170885 1.82033 0 0
170950 1.87007 0 0
171015 1.89991 0 0
171080 1.90986 0 0
171145 1.89991 0 0
171210 1.87007 0 0
171275 1.82033 0 0
171340 1.7507 0 0
171405 1.66118 0 0
171470 1.55176 0 0
171535 1.42245 0 0
171600 1.27324 0 0
171665 1.10414 0 0
171730 0.915141 0 0
171795 0.70625 0 0
171860 0.477465 0 0
171925 0.228785 0 0
171990 0 0 0
172055 0 0 0
172120 0 0 0
172185 0 0 0
172250 0 0 0
172315 0 0 0
172380 0 0 0
172445 0 0 0
172510 0 0 0
172575 0 0 0
172640 0 0 0
172705 0 0 0
172770 0 0 0
172835 0 0 0
172900 0 0 0
172965 0 0 0
173030 0 0 0
173095 0 0 0
173160 0 0 0
173225 0 0 0
173290 0 0 0
173355 0 0 0
173420 0 0 0
173485 0 0 0
173550 0 0 0
173615 0 0 0
173680 0 0 0
173745 0 0 0
173810 0 0 0
173875 0 0 0
173940 0 0 0
174005 0 0 0
174070 0 0 0
174135 0 0 0
174200 0 0 0
174265 0 0 0
174330 0 0 0
174395 0 0 0
174460 0.0596831 0 0
174525 0.308363 0 0
174590 0.537148 0 0
174655 0.746039 0 0
174720 0.935035 0 0
174785 1.10414 0 0
174850 1.25335 0 0
174915 1.38266 0 0
174980 1.49208 0 0
175045 1.5816 0 0
175110 1.65123 0 0
175175 1.70097 0 0
175240 1.73081 0 0
175305 1.74076 0 0
175370 1.73081 0 0
175435 1.70097 0 0
175500 1.65123 0 0
175565 1.5816 0 0
175630 1.49208 0 0
175695 1.38266 0 0
175760 1.25335 0 0
175825 1.10414 0 0
175890 0.935035 0 0
175955 0.746039 0 0
176020 0.537148 0 0
176085 0.308363 0 0
176150 0.0596831 0 0
176215 0 0 0
176280 0 0 0
176345 0 0 0
176410 0 0 0
176475 0 0 0
176540 0 0 0
176605 0 0 0
176670 0 0 0
176735 0 0 0
176800 0 0 0
176865 0 0 0
176930 0 0 0
176995 0 0 0
177060 0 0 0
177125 0 0 0
177190 0 0 0
177255 0 0 0
177320 0 0 0
177385 0 0 0
177450 0 0 0
177515 0 0 0
177580 0 0 0
177645 0 0 0
177710 0 0 0
177775 0 0 0
177840 0 0 0
177905 0 0 0
177970 0 0 0
178035 0 0 0
178100 0 0 0
178165 0 0 0
178230 0 0 0
178295 0 0 0
178360 0 0 0
178425 0 0 0
178490 0 0 0
178555 0 0 0
178620 0 0 0
178685 0 0 0
178750 0.119366 0 0
178815 0.348151 0 0
178880 0.557042 0 0
178945 0.746039 0 0
179010 0.915141 0 0
179075 1.06435 0 0
179140 1.19366 0 0
179205 1.30308 0 0
179270 1.39261 0 0
179335 1.46224 0 0
179400 1.51197 0 0
179465 1.54181 0 0
179530 1.55176 0 0
179595 1.54181 0 0
179660 1.51197 0 0
179725 1.46224 0 0
179790 1.39261 0 0
179855 1.30308 0 0
179920 1.19366 0 0
179985 1.06435 0 0
180050 0.915141 0 0
180115 0.746039 0 0
180180 0.557042 0 0
180245 0.348151 0 0
180310 0.119366 0 0
180375 0 0 0
180440 0 0 0
180505 0 0 0
180570 0 0 0
180635 0 0 0
180700 0 0 0
180765 0 0 0
180830 0 0 0
180895 0 0 0
180960 0 0 0
181025 0 0 0
181090 0 0 0
181155 0 0 0
181220 0 0 0
181285 0 0 0
181350 0 0 0
181415 0 0 0
181480 0 0 0
181545 0 0 0
181610 0 0 0
181675 0 0 0
181740 0 0 0
181805 0 0 0
181870 0 0 0
181935 0 0 0
182000 0 0 0
182065 0 0 0
182130 0 0 0
182195 0 0 0
182260 0 0 0
182325 0 0 0
182390 0 0 0
182455 0 0 0
182520 0 0 0
182585 0 0 0
182650 0 0 0
182715 0 0 0
182780 0 0 0
182845 0 0 0
182910 0 0 0
182975 0 0 0
183040 0.139261 0 0
183105 0.348151 0 0
183170 0.537148 0 0
183235 0.70625 0 0
183300 0.855458 0 0
183365 0.984771 0 0
183430 1.09419 0 0
183495 1.18371 0 0
183560 1.25335 0 0
183625 1.30308 0 0
183690 1.33292 0 0
183755 1.34287 0 0
183820 1.33292 0 0
183885 1.30308 0 0
183950 1.25335 0 0
184015 1.18371 0 0
184080 1.09419 0 0
184145 0.984771 0 0
184210 0.855458 0 0
184275 0.70625 0 0
184340 0.537148 0 0
184405 0.348151 0 0
184470 0.139261 0 0
184535 0 0 0
184600 0 0 0
184665 0 0 0
184730 0 0 0
184795 0 0 0
184860 0 0 0
184925 0 0 0
184990 0 0 0
185055 0 0 0
185120 0 0 0
185185 0 0 0
185250 0 0 0
185315 0 0 0
185380 0 0 0
185445 0 0 0
185510 0 0 0
185575 0 0 0
185640 0 0 0
185705 0 0 0
185770 0 0 0
185835 0 0 0
185900 0 0 0
185965 0 0 0
186030 0 0 0
186095 0 0 0
186160 0 0 0
186225 0 0 0
186290 0 0 0
186355 0 0 0
186420 0 0 0
186485 0 0 0
186550 0 0 0
186615 0 0 0
186680 0 0 0
186745 0 0 0
186810 0 0 0
186875 0 0 0
186940 0 0 0
187005 0 0 0
187070 0 0 0
187135 0 0 0
187200 0 0 0
187265 0 0 0
187330 0.119366 0 0
187395 0.308363 0 0
187460 0.477465 0 0
187525 0.626673 0 0
187590 0.755986 0 0
187655 0.865405 0 0
187720 0.95493 0 0
187785 1.02456 0 0
187850 1.0743 0 0
187915 1.10414 0 0
187980 1.11408 0 0
188045 1.10414 0 0
188110 1.0743 0 0
188175 1.02456 0 0
188240 0.95493 0 0
188305 0.865405 0 0
188370 0.755986 0 0
188435 0.626673 0 0
188500 0.477465 0 0
188565 0.308363 0 0
188630 0.119366 0 0
188695 0 0 0
188760 0 0 0
188825 0 0 0
188890 0 0 0
188955 0 0 0
189020 0 0 0
189085 0 0 0
189150 0 0 0
189215 0 0 0
189280 0 0 0
189345 0 0 0
189410 0 0 0
189475 0 0 0
189540 0 0 0
189605 0 0 0
189670 0 0 0
189735 0 0 0
189800 0 0 0
189865 0 0 0
189930 0 0 0
189995 0 0 0
190060 0 0 0
190125 0 0 0
190190 0 0 0
190255 0 0 0
190320 0 0 0
190385 0 0 0
190450 0 0 0
190515 0 0 0
190580 0 0 0
190645 0 0 0
190710 0 0 0
190775 0 0 0
190840 0 0 0
190905 0 0 0
190970 0 0 0
191035 0 0 0
191100 0 0 0
191165 0 0 0
191230 0 0 0
191295 0 0 0
191360 0 0 0
191425 0 0 0
191490 0 0 0
191555 0 0 0
191620 0.0596831 0 0
191685 0.228785 0 0
191750 0.377993 0 0
191815 0.507306 0 0
191880 0.616725 0 0
191945 0.70625 0 0
192010 0.77588 0 0
192075 0.825616 0 0
192140 0.855458 0 0
192205 0.865405 0 0
192270 0.855458 0 0
192335 0.825616 0 0
192400 0.77588 0 0
192465 0.70625 0 0
192530 0.616725 0 0
192595 0.507306 0 0
192660 0.377993 0 0
192725 0.228785 0 0
192790 0.0596831 0 0
192855 0 0 0
192920 0 0 0
192985 0 0 0
193050 0 0 0
193115 0 0 0
193180 0 0 0
193245 0 0 0
193310 0 0 0
193375 0 0 0
193440 0 0 0
193505 0 0 0
193570 0 0 0
193635 0 0 0
193700 0 0 0
193765 0 0 0
193830 0 0 0
193895 0 0 0
193960 0 0 0
194025 0 0 0
194090 0 0 0
194155 0 0 0
194220 0 0 0
194285 0 0 0
194350 0 0 0
194415 0 0 0
194480 0 0 0
194545 0 0 0
194610 0 0 0
194675 0 0 0
194740 0 0 0
194805 0 0 0
194870 0 0 0
194935 0 0 0
195000 0 0 0
195065 0 0 0
195130 0 0 0
195195 0 0 0
195260 0 0 0
195325 0 0 0
195390 0 0 0
195455 0 0 0
195520 0 0 0
195585 0 0 0
195650 0 0 0
195715 0 0 0
195780 0 0 0
195845 0 0 0
195910 0 0 0
195975 0.109419 0 0
196040 0.238732 0 0
196105 0.348151 0 0
196170 0.437676 0 0
196235 0.507306 0 0
196300 0.557042 0 0
196365 0.586884 0 0
196430 0.596831 0 0
196495 0.586884 0 0
196560 0.557042 0 0
196625 0.507306 0 0
196690 0.437676 0 0
196755 0.348151 0 0
196820 0.238732 0 0
196885 0.109419 0 0
196950 0 0 0
197015 0 0 0
197080 0 0 0
197145 0 0 0
197210 0 0 0
197275 0 0 0
197340 0 0 0
197405 0 0 0
197470 0 0 0
197535 0 0 0
197600 0 0 0
197665 0 0 0
197730 0 0 0
197795 0 0 0
197860 0 0 0
197925 0 0 0
197990 0 0 0
198055 0 0 0
198120 0 0 0
198185 0 0 0
198250 0 0 0
198315 0 0 0
198380 0 0 0
198445 0 0 0
198510 0 0 0
198575 0 0 0
198640 0 0 0
198705 0 0 0
198770 0 0 0
198835 0 0 0
198900 0 0 0
198965 0 0 0
199030 0 0 0
199095 0 0 0
199160 0 0 0
199225 0 0 0
199290 0 0 0
199355 0 0 0
199420 0 0 0
199485 0 0 0
199550 0 0 0
199615 0 0 0
199680 0 0 0
199745 0 0 0
199810 0 0 0
199875 0 0 0
199940 0 0 0
200005 0 0 0
200070 0 0 0
200135 0 0 0
200200 0 0 0
200265 0 0 0
200330 0.0596831 0 0
200395 0.149208 0 0
200460 0.218838 0 0
200525 0.268574 0 0
200590 0.298416 0 0
200655 0.308363 0 0
200720 0.298416 0 0
200785 0.268574 0 0
200850 0.218838 0 0
200915 0.149208 0 0
200980 0.0596831 0 0
201045 0 0 0
201110 0 0 0
201175 0 0 0
201240 0 0 0
201305 0 0 0
201370 0 0 0
201435 0 0 0
201500 0 0 0
201565 0 0 0
201630 0 0 0
201695 0 0 0
201760 0 0 0
201825 0 0 0
201890 0 0 0
201955 0 0 0
202020 0 0 0
202085 0 0 0
202150 0 0 0
202215 0 0 0
202280 0 0 0
202345 0 0 0
202410 0 0 0
202475 0 0 0
202540 0 0 0
202605 0 0 0
202670 0 0 0
202735 0 0 0
202800 0 0 0
202865 0 0 0
202930 0 0 0
202995 0 0 0
203060 0 0 0
203125 0 0 0
203190 0 0 0
203255 0 0 0
203320 0 0 0
203385 0 0 0
203450 0 0 0
203515 0 0 0
203580 0 0 0
203645 0 0 0
203710 0 0 0
203775 0 0 0
203840 0 0 0
203905 0 0 0
203970 0 0 0
204035 0 0 0
204100 0 0 0
204165 0 0 0
204230 0 0 0
204295 0 0 0
204360 0 0 0
204425 0 0 0
204490 0 0 0
204555 0 0 0
204620 0 0 0
204685 0 0 0
204750 0 0 0
204815 0 0 0
204880 0 0 0
204945 0 0 0
205010 0 0 0
205075 0 0 0
205140 0 0 0
205205 0 0 0
205270 0 0 0
205335 0 0 0
205400 0 0 0
205465 0 0 0
205530 0 0 0
205595 0 0 0
205660 0 0 0
205725 0 0 0
205790 0 0 0
205855 0 0 0
205920 0 0 0
205985 0 0 0
206050 0 0 0
206115 0 0 0
206180 0 0 0
206245 0 0 0
206310 0 0 0
206375 0 0 0
206440 0 0 0
206505 0 0 0
206570 0 0 0
206635 0 0 0
206700 0 0 0
206765 0 0 0
206830 0 0 0
206895 0 0 0
206960 0 0 0
207025 0 0 0
207090 0 0 0
207155 0 0 0
207220 0 0 0
207285 0 0 0
207350 0 0 0
207415 0 0 0
207480 0 0 0
207545 0 0 0
207610 0 0 0
207675 0 0 0
207740 0 0 0
207805 0 0 0
207870 0 0 0
207935 0 0 0
208000 0 0 0
208065 0 0 0
208130 0 0 0
208195 0 0 0
208260 0 0 0
208325 0 0 0
208390 0 0 0
208455 0 0 0
208520 0 0 0
208585 0 0 0
208650 0 0 0
208715 0 0 0
208780 0 0 0
208845 0 0 0
208910 0 0 0
208975 0 0 0
209040 0 0 0
209105 0 0 0
209170 0 0 0
209235 0 0 0
209300 0 0 0
209365 0 0 0
209430 0 0 0
209495 0 0 0
209560 0 0 0
209625 0 0 0
209690 0 0 0
209755 0 0 0
209820 0 0 0
209885 0 0 0
209950 0 0 0
210015 0 0 0
210080 0 0 0
210145 0 0 0
210210 0 0 0
210275 0 0 0
210340 0 0 0
210405 0 0 0
210470 0 0 0
210535 0 0 0
210600 0 0 0
210665 0 0 0
210730 0 0 0
210795 0 0 0
210860 0 0 0
210925 0 0 0
210990 0 0 0
211055 0 0 0
211120 0 0 0
211185 0 0 0
211250 0 0 0
211315 0 0 0
211380 0 0 0
211445 0 0 0
211510 0 0 0
211575 0 0 0
211640 0 0 0
211705 0 0 0
211770 0 0 0
211835 0 0 0
211900 0 0 0
211965 0 0 0
212030 0 0 0
212095 0 0 0
212160 0 0 0
212225 0 0 0
212290 0 0 0
212355 0 0 0
212420 0 0 0
212485 0 0 0
212550 0 0 0
212615 0 0 0
212680 0 0 0
212745 0 0 0
212810 0 0 0
212875 0 0 0
212940 0 0 0
213005 0 0 0
213070 0 0 0
213135 0 0 0
213200 0 0 0
213265 0 0 0
213330 0 0 0
213395 0 0 0
213460 0 0 0
213525 0 0 0
213590 0 0 0
213655 0 0 0
213720 0 0 0
213785 0 0 0
213850 0 0 0
213915 0 0 0
213980 0 0 0
214045 0 0 0
214110 0 0 0
214175 0 0 0
214240 0 0 0
214305 0 0 0
214370 0 0 0
214435 0 0 0
214500 0 0 0
214565 0 0 0
214630 0 0 0
214695 0 0 0
214760 0 0 0
214825 0 0 0
214890 0 0 0
214955 0 0 0
215020 0 0 0
215085 0 0 0
215150 0 0 0
215215 0 0 0
215280 0 0 0
215345 0 0 0
215410 0 0 0
215475 0 0 0
215540 0 0 0
215605 0 0 0
215670 0 0 0
215735 0 0 0
215800 0 0 0
215865 0 0 0
215930 0 0 0
215995 0 0 0
216060 0 0 0
216125 0 0 0
216190 0 0 0
216255 0 0 0
216320 0 0 0
216385 0 0 0
216450 0 0 0
216515 0 0 0
216580 0 0 0
216645 0 0 0
216710 0 0 0
216775 0 0 0
216840 0 0 0
216905 0 0 0
216970 0 0 0
217035 0 0 0
217100 0 0 0
217165 0 0 0
217230 0 0 0
217295 0 0 0
217360 0 0 0
217425 0 0 0
217490 0 0 0
217555 0 0 0
217620 0 0 0
217685 0 0 0
217750 0 0 0
217815 0 0 0
217880 0 0 0
217945 0 0 0
218010 0 0 0
218075 0 0 0
218140 0 0 0
218205 0 0 0
218270 0 0 0
218335 0 0 0
218400 0 0 0
218465 0 0 0
218530 0 0 0
218595 0 0 0
218660 0 0 0
218725 0 0 0
218790 0 0 0
218855 0 0 0
218920 0 0 0
218985 0 0 0
219050 0 0 0
219115 0 0 0
219180 0 0 0
219245 0 0 0
219310 0 0 0
219375 0 0 0
219440 0 0 0
219505 0 0 0
219570 0 0 0
219635 0 0 0
219700 0 0 0
219765 0 0 0
219830 0 0 0
219895 0 0 0
219960 0 0 0
220025 0 0 0
220090 0 0 0
220155 0 0 0
220220 0 0 0
220285 0 0 0
220350 0 0 0
220415 0 0 0
220480 0 0 0
220545 0 0 0
220610 0 0 0
220675 0 0 0
220740 0 0 0
220805 0 0 0
220870 0 0 0
220935 0 0 0
221000 0 0 0
221065 0 0 0
221130 0 0 0
221195 0 0 0
221260 0 0 0
221325 0 0 0
221390 0 0 0
221455 0 0 0
221520 0 0 0
221585 0 0 0
221650 0 0 0
221715 0 0 0
221780 0 0 0
221845 0 0 0
221910 0 0 0
221975 0 0 0
222040 0 0 0
222105 0 0 0
222170 0 0 0
222235 0 0 0
222300 0 0 0
222365 0 0 0
222430 0 0 0
222495 0 0 0
222560 0 0 0
222625 0 0 0
222690 0 0 0
222755 0 0 0
222820 0 0 0
222885 0 0 0
222950 0 0 0
223015 0 0 0
223080 0 0 0
223145 0 0 0
223210 0 0 0
223275 0 0 0
223340 0 0 0
223405 0 0 0
223470 0 0 0
223535 0 0 0
223600 0 0 0
223665 0 0 0
223730 0 0 0
223795 0 0 0
223860 0 0 0
223925 0 0 0
223990 0 0 0
224055 0 0 0
224120 0 0 0
224185 0 0 0
224250 0 0 0
224315 0 0 0
224380 0 0 0
224445 0 0 0
224510 0 0 0
224575 0 0 0
224640 0 0 0
224705 0 0 0
224770 0 0 0
224835 0 0 0
224900 0 0 0
224965 0 0 0
225030 0 0 0
225095 0 0 0
225160 0 0 0
225225 0 0 0
225290 0 0 0
225355 0 0 0
225420 0 0 0
225485 0 0 0
225550 0 0 0
225615 0 0 0
225680 0 0 0
225745 0 0 0
225810 0 0 0
225875 0 0 0
225940 0 0 0
226005 0 0 0
226070 0 0 0
226135 0 0 0
226200 0 0 0
226265 0 0 0
226330 0 0 0
226395 0 0 0
226460 0 0 0
226525 0 0 0
226590 0 0 0
226655 0 0 0
226720 0 0 0
226785 0 0 0
226850 0 0 0
226915 0 0 0
226980 0 0 0
227045 0 0 0
227110 0 0 0
227175 0 0 0
227240 0 0 0
227305 0 0 0
227370 0 0 0
227435 0 0 0
227500 0 0 0
227565 0 0 0
227630 0 0 0
227695 0 0 0
227760 0 0 0
227825 0 0 0
227890 0 0 0
227955 0 0 0
228020 0 0 0
228085 0 0 0
228150 0 0 0
228215 0 0 0
228280 0 0 0
228345 0 0 0
228410 0 0 0
228475 0 0 0
228540 0 0 0
228605 0 0 0
228670 0 0 0
228735 0 0 0
228800 0 0 0
228865 0 0 0
228930 0 0 0
228995 0 0 0
229060 0 0 0
229125 0 0 0
229190 0 0 0
229255 0 0 0
229320 0 0 0
229385 0 0 0
229450 0 0 0
229515 0 0 0
229580 0 0 0
229645 0 0 0
229710 0 0 0
229775 0 0 0
229840 0 0 0
229905 0 0 0
229970 0 0 0
230035 0 0 0
230100 0 0 0
230165 0 0 0
230230 0 0 0
230295 0 0 0
230360 0 0 0
230425 0 0 0
230490 0 0 0
230555 0 0 0
230620 0 0 0
230685 0 0 0
230750 0 0 0
230815 0 0 0
230880 0 0 0
230945 0 0 0
231010 0 0 0
231075 0 0 0
231140 0 0 0
231205 0 0 0
231270 0 0 0
231335 0 0 0
231400 0 0 0
231465 0 0 0
231530 0 0 0
231595 0 0 0
231660 0 0 0
231725 0 0 0
231790 0 0 0
231855 0 0 0
231920 0 0 0
231985 0 0 0
232050 0 0 0
232115 0 0 0
232180 0 0 0
232245 0 0 0
232310 0 0 0
232375 0 0 0
232440 0 0 0
232505 0 0 0
232570 0 0 0
232635 0 0 0
232700 0 0 0
232765 0 0 0
232830 0 0 0
232895 0 0 0
232960 0 0 0
233025 0 0 0
233090 0 0 0
233155 0 0 0
233220 0 0 0
233285 0 0 0
233350 0 0 0
233415 0 0 0
233480 0 0 0
233545 0 0 0
233610 0 0 0
233675 0 0 0
233740 0 0 0
233805 0 0 0
233870 0 0 0
233935 0 0 0
234000 0 0 0
234065 0 0 0
234130 0 0 0
234195 0 0 0
234260 0 0 0
234325 0 0 0
234390 0 0 0
234455 0 0 0
234520 0 0 0
234585 0 0 0
234650 0 0 0
234715 0 0 0
234780 0 0 0
234845 0 0 0
234910 0 0 0
234975 0 0 0
235040 0 0 0
235105 0 0 0
235170 0 0 0
235235 0 0 0
235300 0 0 0
235365 0 0 0
235430 0 0 0
235495 0 0 0
235560 0 0 0
235625 0 0 0
235690 0 0 0
235755 0 0 0
235820 0 0 0
235885 0 0 0
235950 0 0 0
236015 0 0 0
236080 0 0 0
236145 0 0 0
236210 0 0 0
236275 0 0 0
236340 0 0 0
236405 0 0 0
236470 0 0 0
236535 0 0 0
236600 0 0 0
236665 0 0 0
236730 0 0 0
236795 0 0 0
236860 0 0 0
236925 0 0 0
236990 0 0 0
237055 0 0 0
237120 0 0 0
237185 0 0 0
237250 0 0 0
237315 0 0 0
237380 0 0 0
237445 0 0 0
237510 0 0 0
237575 0 0 0
237640 0 0 0
237705 0 0 0
237770 0 0 0
237835 0 0 0
237900 0 0 0
237965 0 0 0
238030 0 0 0
238095 0 0 0
238160 0 0 0
238225 0 0 0
238290 0 0 0
238355 0 0 0
238420 0 0 0
238485 0 0 0
238550 0 0 0
238615 0 0 0
238680 0 0 0
238745 0 0 0
238810 0 0 0
238875 0 0 0
238940 0 0 0
239005 0 0 0
239070 0 0 0
239135 0 0 0
239200 0 0 0
239265 0 0 0
239330 0 0 0
239395 0 0 0
239460 0 0 0
239525 0 0 0
239590 0 0 0
239655 0 0 0
239720 0 0 0
239785 0 0 0
239850 0 0 0
239915 0 0 0
239980 0 0 0
240045 0 0 0
240110 0 0 0
240175 0 0 0
240240 0 0 0
240305 0 0 0
240370 0 0 0
240435 0 0 0
240500 0 0 0
240565 0 0 0
240630 0 0 0
240695 0 0 0
240760 0 0 0
240825 0 0 0
240890 0 0 0
240955 0 0 0
241020 0 0 0
241085 0 0 0
241150 0 0 0
241215 0 0 0
241280 0 0 0
241345 0 0 0
241410 0 0 0
241475 0 0 0
241540 0 0 0
241605 0 0 0
241670 0 0 0
241735 0 0 0
241800 0 0 0
241865 0 0 0
241930 0 0 0
241995 0 0 0
242060 0 0 0
242125 0 0 0
242190 0 0 0
242255 0 0 0
242320 0 0 0
242385 0 0 0
242450 0 0 0
242515 0 0 0
242580 0 0 0
242645 0 0 0
242710 0 0 0
242775 0 0 0
242840 0 0 0
242905 0 0 0
242970 0 0 0
243035 0 0 0
243100 0 0 0
243165 0 0 0
243230 0 0 0
243295 0 0 0
243360 0 0 0
243425 0 0 0
243490 0 0 0
243555 0 0 0
243620 0 0 0
243685 0 0 0
243750 0 0 0
243815 0 0 0
243880 0 0 0
243945 0 0 0
244010 0 0 0
244075 0 0 0
244140 0 0 0
244205 0 0 0
244270 0 0 0
244335 0 0 0
244400 0 0 0
244465 0 0 0
244530 0 0 0
244595 0 0 0
244660 0 0 0
244725 0 0 0
244790 0 0 0
244855 0 0 0
244920 0 0 0
244985 0 0 0
245050 0 0 0
245115 0 0 0
245180 0 0 0
245245 0 0 0
245310 0 0 0
245375 0 0 0
245440 0 0 0
245505 0 0 0
245570 0 0 0
245635 0 0 0
245700 0 0 0
245765 0 0 0
245830 0 0 0
245895 0 0 0
245960 0 0 0
246025 0 0 0
246090 0 0 0
246155 0 0 0
246220 0 0 0
246285 0 0 0
246350 0 0 0
246415 0 0 0
246480 0 0 0
246545 0 0 0
246610 0 0 0
246675 0 0 0
246740 0 0 0
246805 0 0 0
246870 0 0 0
246935 0 0 0
247000 0 0 0
247065 0 0 0
247130 0 0 0
247195 0 0 0
247260 0 0 0
247325 0 0 0
247390 0 0 0
247455 0 0 0
247520 0 0 0
247585 0 0 0
247650 0 0 0
247715 0 0 0
247780 0 0 0
247845 0 0 0
247910 0 0 0
247975 0 0 0
248040 0 0 0
248105 0 0 0
248170 0 0 0
248235 0 0 0
248300 0 0 0
248365 0 0 0
248430 0 0 0
248495 0 0 0
248560 0 0 0
248625 0 0 0
248690 0 0 0
248755 0 0 0
248820 0 0 0
248885 0 0 0
248950 0 0 0
249015 0 0 0
249080 0 0 0
249145 0 0 0
249210 0 0 0
249275 0 0 0
249340 0 0 0
249405 0 0 0
249470 0 0 0
249535 0 0 0
249600 0 0 0
249665 0 0 0
249730 0 0 0
249795 0 0 0
249860 0 0 0
249925 0 0 0
249990 0 0 0
250055 0 0 0
250120 0 0 0
250185 0 0 0
250250 0 0 0
250315 0 0 0
250380 0 0 0
250445 0 0 0
250510 0 0 0
250575 0 0 0
250640 0 0 0
250705 0 0 0
250770 0 0 0
250835 0 0 0
250900 0 0 0
250965 0 0 0
251030 0 0 0
251095 0 0 0
251160 0 0 0
251225 0 0 0
251290 0 0 0
251355 0 0 0
251420 0 0 0
251485 0 0 0
251550 0 0 0
251615 0 0 0
251680 0 0 0
251745 0 0 0
251810 0 0 0
251875 0 0 0
251940 0 0 0
252005 0 0 0
252070 0 0 0
252135 0 0 0
252200 0 0 0
252265 0 0 0
252330 0 0 0
252395 0 0 0
252460 0 0 0
252525 0 0 0
252590 0 0 0
252655 0 0 0
252720 0 0 0
252785 0 0 0
252850 0 0 0
252915 0 0 0
252980 0 0 0
253045 0 0 0
253110 0 0 0
253175 0 0 0
253240 0 0 0
253305 0 0 0
253370 0 0 0
253435 0 0 0
253500 0 0 0
253565 0 0 0
253630 0 0 0
253695 0 0 0
253760 0 0 0
253825 0 0 0
253890 0 0 0
253955 0 0 0
254020 0 0 0
254085 0 0 0
254150 0 0 0
254215 0 0 0
254280 0 0 0
254345 0 0 0
254410 0 0 0
254475 0 0 0
254540 0 0 0
254605 0 0 0
254670 0 0 0
254735 0 0 0
254800 0 0 0
254865 0 0 0
254930 0 0 0
254995 0 0 0
255060 0 0 0
255125 0 0 0
255190 0 0 0
255255 0 0 0
255320 0 0 0
255385 0 0 0
255450 0 0 0
255515 0 0 0
255580 0 0 0
255645 0 0 0
255710 0 0 0
255775 0 0 0
255840 0 0 0
255905 0 0 0
255970 0 0 0
256035 0 0 0
256100 0 0 0
256165 0 0 0
256230 0 0 0
256295 0 0 0
256360 0 0 0
256425 0 0 0
256490 0 0 0
256555 0 0 0
256620 0 0 0
256685 0 0 0
256750 0 0 0
256815 0 0 0
256880 0 0 0
256945 0 0 0
257010 0 0 0
257075 0 0 0
257140 0 0 0
257205 0 0 0
257270 0 0 0
257335 0 0 0
257400 0 0 0
257465 0 0 0
257530 0 0 0
257595 0 0 0
257660 0 0 0
257725 0 0 0
257790 0 0 0
257855 0 0 0
257920 0 0 0
257985 0 0 0
258050 0 0 0
258115 0 0 0
258180 0 0 0
258245 0 0 0
258310 0 0 0
258375 0 0 0
258440 0 0 0
258505 0 0 0
258570 0 0 0
258635 0 0 0
258700 0 0 0
258765 0 0 0
258830 0 0 0
258895 0 0 0
258960 0 0 0
259025 0 0 0
259090 0 0 0
259155 0 0 0
259220 0 0 0
259285 0 0 0
259350 0 0 0
259415 0 0 0
259480 0 0 0
259545 0 0 0
259610 0 0 0
259675 0 0 0
259740 0 0 0
259805 0 0 0
259870 0 0 0
259935 0 0 0
260000 0 0 0
260065 0 0 0
260130 0 0 0
260195 0 0 0
260260 0 0 0
260325 0 0 0
260390 0 0 0
260455 0 0 0
260520 0 0 0
260585 0 0 0
260650 0 0 0
260715 0 0 0
260780 0 0 0
260845 0 0 0
260910 0 0 0
260975 0 0 0
261040 0 0 0
261105 0 0 0
261170 0 0 0
261235 0 0 0
261300 0 0 0
261365 0 0 0
261430 0 0 0
261495 0 0 0
261560 0 0 0
261625 0 0 0
261690 0 0 0
261755 0 0 0
261820 0 0 0
261885 0 0 0
261950 0 0 0
262015 0 0 0
262080 0 0 0
262145 0 0 0
262210 0 0 0
262275 0 0 0
262340 0 0 0
262405 0 0 0
262470 0 0 0
262535 0 0 0
262600 0 0 0
262665 0 0 0
262730 0 0 0
262795 0 0 0
262860 0 0 0
262925 0 0 0
262990 0 0 0
263055 0 0 0
263120 0 0 0
263185 0 0 0
263250 0 0 0
263315 0 0 0
263380 0 0 0
263445 0 0 0
263510 0 0 0
263575 0 0 0
263640 0 0 0
263705 0 0 0
263770 0 0 0
263835 0 0 0
263900 0 0 0
263965 0 0 0
264030 0 0 0
264095 0 0 0
264160 0 0 0
264225 0 0 0
264290 0 0 0
264355 0 0 0
264420 0 0 0
264485 0 0 0
264550 0 0 0
264615 0 0 0
264680 0 0 0
264745 0 0 0
264810 0 0 0
264875 0 0 0
264940 0 0 0
265005 0 0 0
265070 0 0 0
265135 0 0 0
265200 0 0 0
265265 0 0 0
265330 0 0 0
265395 0 0 0
265460 0 0 0
265525 0 0 0
265590 0 0 0
265655 0 0 0
265720 0 0 0
265785 0 0 0
265850 0 0 0
265915 0 0 0
265980 0 0 0
266045 0 0 0
266110 0 0 0
266175 0 0 0
266240 0 0 0
266305 0 0 0
266370 0 0 0
266435 0 0 0
266500 0 0 0
266565 0 0 0
266630 0 0 0
266695 0 0 0
266760 0 0 0
266825 0 0 0
266890 0 0 0
266955 0 0 0
267020 0 0 0
267085 0 0 0
267150 0 0 0
267215 0 0 0
267280 0 0 0
267345 0 0 0
267410 0 0 0
267475 0 0 0
267540 0 0 0
267605 0 0 0
267670 0 0 0
267735 0 0 0
267800 0 0 0
267865 0 0 0
267930 0 0 0
267995 0 0 0
268060 0 0 0
268125 0 0 0
268190 0 0 0
268255 0 0 0
268320 0 0 0
268385 0 0 0
268450 0 0 0
268515 0 0 0
268580 0 0 0
268645 0 0 0
268710 0 0 0
268775 0 0 0
268840 0 0 0
268905 0 0 0
268970 0 0 0
269035 0 0 0
269100 0 0 0
269165 0 0 0
269230 0 0 0
269295 0 0 0
269360 0 0 0
269425 0 0 0
269490 0 0 0
269555 0 0 0
269620 0 0 0
269685 0 0 0
269750 0 0 0
269815 0 0 0
269880 0 0 0
269945 0 0 0
270010 0 0 0
270075 0 0 0
270140 0 0 0
270205 0 0 0
270270 0 0 0
270335 0 0 0
270400 0 0 0
270465 0 0 0
270530 0 0 0
270595 0 0 0
270660 0 0 0
270725 0 0 0
270790 0 0 0
270855 0 0 0
270920 0 0 0
270985 0 0 0
271050 0 0 0
271115 0 0 0
271180 0 0 0
271245 0 0 0
271310 0 0 0
271375 0 0 0
271440 0 0 0
271505 0 0 0
271570 0 0 0
271635 0 0 0
271700 0 0 0
271765 0 0 0
271830 0 0 0
271895 0 0 0
271960 0 0 0
272025 0 0 0
272090 0 0 0
272155 0 0 0
272220 0 0 0
272285 0 0 0
272350 0 0 0
272415 0 0 0
272480 0 0 0
272545 0 0 0
272610 0 0 0
272675 0 0 0
272740 0 0 0
272805 0 0 0
272870 0 0 0
272935 0 0 0
273000 0 0 0
273065 0 0 0
273130 0 0 0
273195 0 0 0
273260 0 0 0
273325 0 0 0
273390 0 0 0
273455 0 0 0
273520 0 0 0
273585 0 0 0
273650 0 0 0
273715 0 0 0
273780 0 0 0
273845 0 0 0
273910 0 0 0
273975 0 0 0
274040 0 0 0
274105 0 0 0
274170 0 0 0
274235 0 0 0
274300 0 0 0
274365 0 0 0
274430 0 0 0
274495 0 0 0
274560 0 0 0
