0 0 0 0 0 0 
1 0 0 0 0 0 
2 0 0 0 0 0 
3 0 0 0 0 0 
4 0 0 0 0 0 
5 0 0 0 0 0 
6 0 0 0 0 0 
7 0 0 0 0 0 
0 1 1 0 0 0 
1 1 1 0 0 0 
2 1 1 0 0 0 
3 1 1 0 0 0 
4 1 1 0 0 0 
5 1 1 0 0 0 
6 1 1 0 0 0 
7 1 1 0 0 0 
0 2 2 0 0 0 
1 2 2 0 0 0 
2 2 2 0 0 0 
3 2 2 0 0 0 
4 2 2 0 0 0 
5 2 2 0 0 0 
6 2 2 0 0 0 
7 2 2 0 0 0 
0 3 3 0 0 0 
1 3 3 0 0 0 
2 3 3 0 0 0 
3 3 3 0 0 0 
4 3 3 0 0 0 
5 3 3 0 0 0 
6 3 3 0 0 0 
7 3 3 0 0 0 
0 4 4 0 0 0 
1 4 4 0 0 0 
2 4 4 0 0 0 
3 4 4 0 0 0 
4 4 4 0 0 0 
5 4 4 0 0 0 
6 4 4 0 0 0 
7 4 4 0 0 0 
0 5 5 0 0 0 
1 5 5 0 0 0 
2 5 5 0 0 0 
3 5 5 0 0 0 
4 5 5 0 0 0 
5 5 5 0 0 0 
6 5 5 0 0 0 
7 5 5 0 0 0 
0 6 6 0 0 0 
1 6 6 0 0 0 
2 6 6 0 0 0 
3 6 6 0 0 0 
4 6 6 0 0 0 
5 6 6 0 0 0 
6 6 6 0 0 0 
7 6 6 0 0 0 
0 7 7 0 0 0 
1 7 7 0 0 0 
2 7 7 0 0 0 
3 7 7 0 0 0 
4 7 7 0 0 0 
5 7 7 0 0 0 
6 7 7 0 0 0 
7 7 7 0 0 0 
0 0 0 0 0 0 
1 0 0 0 0 0 
2 0 0 0 0 0 
3 0 0 0 0 0 
4 0 0 0 0 0 
5 0 0 0 0 0 
6 0 0 0 0 0 
7 0 0 0 0 0 
0 1 1 0 0 0 
1 1 1 0 0 0 
2 1 1 0 0 0 
3 1 1 0 0 0 
4 1 1 0 0 0 
5 1 1 0 0 0 
6 1 1 0 0 0 
7 1 1 0 0 0 
0 2 2 0 0 0 
1 2 2 -0.0195036 0.00240274 0.00463577 
2 2 2 -0.0496093 0.000330955 0.000243484 
3 2 2 -0.0423082 6.66887e-05 -0.00123119 
4 2 2 -0.0270379 -0.000169898 -0.00134542 
5 2 2 -0.0110458 -0.000267152 -0.00121355 
6 2 2 0.0035697 -0.000280685 -0.00104241 
7 2 2 0.0163088 -0.000258099 -0.000884691 
0 3 3 0 0 0 
1 3 3 -0.0924915 0.00437824 0.0293735 
2 3 3 -0.13028 0.000871087 0.00382635 
3 3 3 -0.104175 7.49169e-05 -0.0071032 
4 3 3 -0.0519846 -0.000443066 -0.00872024 
5 3 3 0.00168467 -0.000684574 -0.00829818 
6 3 3 0.0504502 -0.000728883 -0.00733797 
7 3 3 0.0929888 -0.000681384 -0.00632963 
0 4 4 0 0 0 
1 4 4 -0.0924912 -0.00439125 0.0293719 
2 4 4 -0.130281 -0.000853895 0.00383032 
3 4 4 -0.104207 -2.94758e-05 -0.0070908 
4 4 4 -0.0520365 0.000503803 -0.00870549 
5 4 4 0.0016266 0.000744496 -0.00828408 
6 4 4 0.0503948 0.000778418 -0.00732698 
7 4 4 0.0929397 0.000714653 -0.0063217 
0 5 5 0 0 0 
1 5 5 -0.0194768 -0.00239465 0.00463212 
2 5 5 -0.0496164 -0.000316544 0.000254751 
3 5 5 -0.042338 -5.30474e-05 -0.00122168 
4 5 5 -0.0270763 0.000182899 -0.00133661 
5 5 5 -0.0110861 0.000277621 -0.00120646 
6 5 5 0.0035322 0.000288436 -0.00103746 
7 5 5 0.016278 0.000263013 -0.000881177 
0 6 6 0 0 0 
1 6 6 0 0 0 
2 6 6 0 0 0 
3 6 6 0 0 0 
4 6 6 0 0 0 
5 6 6 0 0 0 
6 6 6 0 0 0 
7 6 6 0 0 0 
0 7 7 0 0 0 
1 7 7 0 0 0 
2 7 7 0 0 0 
3 7 7 0 0 0 
4 7 7 0 0 0 
5 7 7 0 0 0 
6 7 7 0 0 0 
7 7 7 0 0 0 
0 0 0 0 0 0 
1 0 0 0 0 0 
2 0 0 0 0 0 
3 0 0 0 0 0 
4 0 0 0 0 0 
5 0 0 0 0 0 
6 0 0 0 0 0 
7 0 0 0 0 0 
0 1 1 0 0 0 
1 1 1 -0.0194732 0.00465972 0.00235781 
2 1 1 -0.0495635 0.000269345 0.000296858 
3 1 1 -0.0422943 -0.00122435 5.71045e-05 
4 1 1 -0.0270306 -0.00134372 -0.000172372 
5 1 1 -0.0110414 -0.00121334 -0.000267033 
6 1 1 0.00357178 -0.00104256 -0.000280152 
7 1 1 0.0163096 -0.000884469 -0.000258006 
0 2 2 -0.00986894 0.0202974 0.020423 
1 2 2 -0.0160306 0.0217973 0.0217856 
2 2 2 0.00351477 -0.00418806 -0.00434167 
3 2 2 0.0610658 -0.0158877 -0.0159536 
4 2 2 0.128618 -0.0171658 -0.0171904 
5 2 2 0.194038 -0.0159744 -0.0159812 
6 2 2 0.253557 -0.0141446 -0.0141443 
7 2 2 0.306266 -0.0122952 -0.0122932 
0 3 3 1.19205 -0.00118693 0.00673147 
1 3 3 0.601526 -0.00484278 -0.00190956 
2 3 3 0.565792 -0.010654 -0.0261822 
3 3 3 0.617757 -0.0142427 -0.0453994 
4 3 3 0.664975 -0.0141419 -0.0468915 
5 3 3 0.707906 -0.0131063 -0.0433554 
6 3 3 0.746683 -0.011764 -0.0385938 
7 3 3 0.781608 -0.010398 -0.0338817 
0 4 4 1.19212 0.00106484 0.00665993 
1 4 4 0.601575 0.00472271 -0.00195767 
2 4 4 0.565676 0.0106055 -0.0261514 
3 4 4 0.617493 0.0142441 -0.045353 
4 4 4 0.664643 0.0141829 -0.046845 
5 4 4 0.707566 0.0131704 -0.0433152 
6 4 4 0.746372 0.0118318 -0.0385642 
7 4 4 0.781349 0.0104574 -0.0338631 
0 5 5 -0.0097902 -0.0203342 0.0203131 
1 5 5 -0.0161201 -0.0217787 0.021864 
2 5 5 0.00314774 0.00424067 -0.00422797 
3 5 5 0.0605957 0.0159029 -0.0158904 
4 5 5 0.128133 0.0171777 -0.0171456 
5 5 5 0.19359 0.0159869 -0.0159524 
6 5 5 0.253175 0.0141541 -0.0141297 
7 5 5 0.30596 0.0123012 -0.0122889 
0 6 6 0 0 0 
1 6 6 -0.0195239 -0.00463995 0.00240513 
2 6 6 -0.0496627 -0.000259233 0.000310411 
3 6 6 -0.0423672 0.00122201 5.57884e-05 
4 6 6 -0.0270986 0.0013407 -0.000175768 
5 6 6 -0.0111005 0.00121024 -0.000271689 
6 6 6 0.00352378 0.00104007 -0.000284826 
7 6 6 0.0162733 0.000881906 -0.000262081 
0 7 7 0 0 0 
1 7 7 0 0 0 
2 7 7 0 0 0 
3 7 7 0 0 0 
4 7 7 0 0 0 
5 7 7 0 0 0 
6 7 7 0 0 0 
7 7 7 0 0 0 
0 0 0 0 0 0 
1 0 0 0 0 0 
2 0 0 0 0 0 
3 0 0 0 0 0 
4 0 0 0 0 0 
5 0 0 0 0 0 
6 0 0 0 0 0 
7 0 0 0 0 0 
0 1 1 0 0 0 
1 1 1 -0.0919429 0.0293357 0.00435712 
2 1 1 -0.130003 0.00389926 0.000869286 
3 1 1 -0.104101 -0.00709162 5.46568e-05 
4 1 1 -0.0519443 -0.00871801 -0.000445866 
5 1 1 0.00170933 -0.00829818 -0.000678651 
6 1 1 0.0504642 -0.00733867 -0.000722441 
7 1 1 0.0929919 -0.00632984 -0.000673926 
0 2 2 1.1922 0.00649704 -0.00115295 
1 2 2 0.602265 -0.00207413 -0.00483177 
2 2 2 0.56605 -0.0260973 -0.0106925 
3 2 2 0.617913 -0.0453671 -0.0142873 
4 2 2 0.665078 -0.0468781 -0.0141603 
5 2 2 0.707974 -0.04335 -0.0131042 
6 2 2 0.746723 -0.0385926 -0.011753 
7 2 2 0.781628 -0.0338825 -0.0103841 
0 3 3 3.6154 0.0438719 0.0439182 
1 3 3 3.16496 -0.037081 -0.0369431 
2 3 3 3.09523 -0.0447667 -0.0447467 
3 3 3 2.97387 -0.0478754 -0.047886 
4 3 3 2.83978 -0.0460373 -0.0460454 
5 3 3 2.71149 -0.0423616 -0.0423611 
6 3 3 2.59457 -0.0382732 -0.0382648 
7 3 3 2.49001 -0.0342914 -0.0342784 
0 4 4 3.61533 -0.0441154 0.043945 
1 4 4 3.16465 0.0367807 -0.0367812 
2 4 4 3.0947 0.0445873 -0.0446186 
3 4 4 2.97326 0.0477624 -0.0478048 
4 4 4 2.83918 0.0459802 -0.0459961 
5 4 4 2.71094 0.0423486 -0.0423385 
6 4 4 2.59411 0.038287 -0.038263 
7 4 4 2.48965 0.0343193 -0.034291 
0 5 5 1.18935 -0.00725732 -0.000811636 
1 5 5 0.600275 0.00173189 -0.00465665 
2 5 5 0.565077 0.0260337 -0.0107313 
3 5 5 0.61708 0.0453003 -0.0143234 
4 5 5 0.664358 0.046836 -0.0142095 
5 5 5 0.707382 0.0433275 -0.0131664 
6 5 5 0.746258 0.0385813 -0.0118178 
7 5 5 0.781279 0.033877 -0.0104456 
0 6 6 0 0 0 
1 6 6 -0.0928887 -0.0295052 0.00422505 
2 6 6 -0.130414 -0.00389255 0.000659186 
3 6 6 -0.104322 0.0070668 -3.27377e-05 
4 6 6 -0.052134 0.00869891 -0.000519395 
5 6 6 0.00155802 0.00828483 -0.000741921 
6 6 6 0.0503492 0.00732942 -0.000772082 
7 6 6 0.0929127 0.00632311 -0.000712935 
0 7 7 0 0 0 
1 7 7 0 0 0 
2 7 7 0 0 0 
3 7 7 0 0 0 
4 7 7 0 0 0 
5 7 7 0 0 0 
6 7 7 0 0 0 
7 7 7 0 0 0 
0 0 0 0 0 0 
1 0 0 0 0 0 
2 0 0 0 0 0 
3 0 0 0 0 0 
4 0 0 0 0 0 
5 0 0 0 0 0 
6 0 0 0 0 0 
7 0 0 0 0 0 
0 1 1 0 0 0 
1 1 1 -0.0925507 0.029422 -0.00430967 
2 1 1 -0.130225 0.00384792 -0.000816287 
3 1 1 -0.104158 -0.00708755 -3.66075e-05 
4 1 1 -0.0520096 -0.00870163 0.000510836 
5 1 1 0.00163967 -0.0082804 0.000758327 
6 1 1 0.050398 -0.00732406 0.000790318 
7 1 1 0.0929366 -0.00631975 0.000726287 
0 2 2 1.19204 0.00672263 0.00102237 
1 2 2 0.601386 -0.00194774 0.00470934 
2 2 2 0.565594 -0.0261485 0.0105981 
3 2 2 0.617515 -0.0453539 0.0142296 
4 2 2 0.664665 -0.0468355 0.014193 
5 2 2 0.707567 -0.043302 0.0131973 
6 2 2 0.746353 -0.0385518 0.0118621 
7 2 2 0.781314 -0.0338523 0.0104871 
0 3 3 3.61493 0.043981 -0.0440854 
1 3 3 3.16423 -0.0368245 0.0369152 
2 3 3 3.09438 -0.0446522 0.0445786 
3 3 3 2.97301 -0.0477945 0.0477465 
4 3 3 2.83893 -0.0459708 0.0459838 
5 3 3 2.7107 -0.0423149 0.0423704 
6 3 3 2.59389 -0.0382468 0.0383193 
7 3 3 2.48945 -0.0342814 0.0343565 
0 4 4 3.61491 -0.0438094 -0.0439019 
1 4 4 3.16445 0.0371389 0.0371681 
2 4 4 3.09484 0.0447969 0.0447486 
3 4 4 2.97355 0.0478864 0.0478374 
4 4 4 2.83945 0.0460341 0.0460211 
5 4 4 2.71116 0.042357 0.042373 
6 4 4 2.59427 0.0382715 0.0383028 
7 4 4 2.48975 0.0342946 0.0343305 
0 5 5 1.19211 -0.00648549 0.00157087 
1 5 5 0.60268 0.00213618 0.00500161 
2 5 5 0.566125 0.026091 0.0104799 
3 5 5 0.617912 0.045395 0.0141353 
4 5 5 0.665009 0.0468891 0.0140887 
5 5 5 0.707865 0.0433511 0.0130915 
6 5 5 0.746604 0.0385903 0.0117683 
7 5 5 0.78152 0.0338802 0.0104087 
0 6 6 0 0 0 
1 6 6 -0.0917339 -0.0293508 -0.00478768 
2 6 6 -0.129906 -0.0038915 -0.00112745 
3 6 6 -0.104121 0.00710688 -0.000164489 
4 6 6 -0.0519896 0.008723 0.000408337 
5 6 6 0.0016609 0.00829819 0.00067679 
6 6 6 0.0504213 0.00733718 0.000730818 
7 6 6 0.0929603 0.00632791 0.000682702 
0 7 7 0 0 0 
1 7 7 0 0 0 
2 7 7 0 0 0 
3 7 7 0 0 0 
4 7 7 0 0 0 
5 7 7 0 0 0 
6 7 7 0 0 0 
7 7 7 0 0 0 
0 0 0 0 0 0 
1 0 0 0 0 0 
2 0 0 0 0 0 
3 0 0 0 0 0 
4 0 0 0 0 0 
5 0 0 0 0 0 
6 0 0 0 0 0 
7 0 0 0 0 0 
0 1 1 0 0 0 
1 1 1 -0.0195092 0.00463403 -0.00240765 
2 1 1 -0.0496187 0.000244815 -0.000329819 
3 1 1 -0.0423255 -0.00122131 -5.4245e-05 
4 1 1 -0.0270736 -0.0013336 0.000186545 
5 1 1 -0.0110883 -0.00120329 0.000282459 
6 1 1 0.00352801 -0.00103508 0.000292005 
7 1 1 0.016272 -0.000879409 0.000266065 
0 2 2 -0.00996335 0.0205138 -0.020243 
1 2 2 -0.016165 0.0218441 -0.0218132 
2 2 2 0.0031925 -0.00434793 0.00406803 
3 2 2 0.0606172 -0.0158887 0.0158787 
4 2 2 0.128091 -0.0171163 0.0171927 
5 2 2 0.193514 -0.0159231 0.0160104 
6 2 2 0.253088 -0.0141067 0.0141757 
7 2 2 0.305874 -0.0122718 0.0123199 
0 3 3 1.19108 -0.00100075 -0.00657004 
1 3 3 0.601882 -0.00466865 0.00201437 
2 3 3 0.565092 -0.0106348 0.0258526 
3 3 3 0.61683 -0.0142373 0.0452517 
4 3 3 0.664016 -0.0141425 0.0468281 
5 3 3 0.707037 -0.0131233 0.0433358 
6 3 3 0.745953 -0.011793 0.0385961 
7 3 3 0.781028 -0.0104309 0.033895 
0 4 4 1.19078 0.00128918 -0.00667875 
1 4 4 0.601894 0.00491126 0.00201112 
2 4 4 0.565419 0.0106867 0.025947 
3 4 4 0.61733 0.0142253 0.0453285 
4 4 4 0.664526 0.0141045 0.046878 
5 4 4 0.707486 0.0130733 0.0433676 
6 4 4 0.74632 0.0117395 0.0386158 
7 4 4 0.781314 0.010382 0.0339059 
0 5 5 -0.00996295 -0.0202156 -0.0204525 
1 5 5 -0.0156204 -0.0217405 -0.0217071 
2 5 5 0.00383463 0.0042593 0.00421134 
3 5 5 0.0612547 0.0159137 0.0159071 
4 5 5 0.128659 0.0171534 0.0171904 
5 5 5 0.19399 0.0159518 0.015999 
6 5 5 0.253469 0.0141234 0.0141642 
7 5 5 0.306171 0.0122797 0.0123095 
0 6 6 0 0 0 
1 6 6 -0.0192433 -0.00471469 -0.00228515 
2 6 6 -0.0494592 -0.00025925 -0.000331968 
3 6 6 -0.0422569 0.00123452 -7.53563e-05 
4 6 6 -0.0270196 0.00134551 0.000168567 
5 6 6 -0.0110435 0.00121226 0.000268686 
6 6 6 0.00356369 0.00104088 0.00028268 
7 6 6 0.0163011 0.00088299 0.000259763 
0 7 7 0 0 0 
1 7 7 0 0 0 
2 7 7 0 0 0 
3 7 7 0 0 0 
4 7 7 0 0 0 
5 7 7 0 0 0 
6 7 7 0 0 0 
7 7 7 0 0 0 
0 0 0 0 0 0 
1 0 0 0 0 0 
2 0 0 0 0 0 
3 0 0 0 0 0 
4 0 0 0 0 0 
5 0 0 0 0 0 
6 0 0 0 0 0 
7 0 0 0 0 0 
0 1 1 0 0 0 
1 1 1 0 0 0 
2 1 1 0 0 0 
3 1 1 0 0 0 
4 1 1 0 0 0 
5 1 1 0 0 0 
6 1 1 0 0 0 
7 1 1 0 0 0 
0 2 2 0 0 0 
1 2 2 -0.019302 0.00227232 -0.00473853 
2 2 2 -0.0495467 0.000285526 -0.000292336 
3 2 2 -0.0423508 6.41225e-05 0.0012241 
4 2 2 -0.0271075 -0.000167716 0.0013444 
5 2 2 -0.0111176 -0.000266149 0.00121346 
6 2 2 0.00350565 -0.00028134 0.00104196 
7 2 2 0.0162567 -0.000259857 0.000883315 
0 3 3 0 0 0 
1 3 3 -0.0919379 0.0043847 -0.0294619 
2 3 3 -0.130021 0.000840464 -0.00398655 
3 3 3 -0.104352 3.07949e-05 0.00705754 
4 3 3 -0.0522409 -0.000486976 0.00869835 
5 3 3 0.00144133 -0.000728446 0.00828628 
6 3 3 0.0502472 -0.000767743 0.00733111 
7 3 3 0.0928288 -0.000710007 0.00632536 
0 4 4 0 0 0 
1 4 4 -0.0919804 -0.00438436 -0.0294776 
2 4 4 -0.129995 -0.000899418 -0.00396531 
3 4 4 -0.104265 -0.000110819 0.00708076 
4 4 4 -0.0521454 0.000412994 0.00871707 
5 4 4 0.00152702 0.000665118 0.00830089 
6 4 4 0.0503164 0.000717057 0.00734172 
7 4 4 0.092885 0.000672979 0.00633308 
0 5 5 0 0 0 
1 5 5 -0.0193045 -0.00228613 -0.00473118 
2 5 5 -0.0495082 -0.000312432 -0.00027115 
3 5 5 -0.0422883 -7.64288e-05 0.00123391 
4 5 5 -0.027047 0.000159512 0.00135074 
5 5 5 -0.0110647 0.000259596 0.00121809 
6 5 5 0.00354821 0.000275907 0.00104539 
7 5 5 0.0162904 0.000255527 0.000885825 
0 6 6 0 0 0 
1 6 6 0 0 0 
2 6 6 0 0 0 
3 6 6 0 0 0 
4 6 6 0 0 0 
5 6 6 0 0 0 
6 6 6 0 0 0 
7 6 6 0 0 0 
0 7 7 0 0 0 
1 7 7 0 0 0 
2 7 7 0 0 0 
3 7 7 0 0 0 
4 7 7 0 0 0 
5 7 7 0 0 0 
6 7 7 0 0 0 
7 7 7 0 0 0 
0 0 0 0 0 0 
1 0 0 0 0 0 
2 0 0 0 0 0 
3 0 0 0 0 0 
4 0 0 0 0 0 
5 0 0 0 0 0 
6 0 0 0 0 0 
7 0 0 0 0 0 
0 1 1 0 0 0 
1 1 1 0 0 0 
2 1 1 0 0 0 
3 1 1 0 0 0 
4 1 1 0 0 0 
5 1 1 0 0 0 
6 1 1 0 0 0 
7 1 1 0 0 0 
0 2 2 0 0 0 
1 2 2 0 0 0 
2 2 2 0 0 0 
3 2 2 0 0 0 
4 2 2 0 0 0 
5 2 2 0 0 0 
6 2 2 0 0 0 
7 2 2 0 0 0 
0 3 3 0 0 0 
1 3 3 0 0 0 
2 3 3 0 0 0 
3 3 3 0 0 0 
4 3 3 0 0 0 
5 3 3 0 0 0 
6 3 3 0 0 0 
7 3 3 0 0 0 
0 4 4 0 0 0 
1 4 4 0 0 0 
2 4 4 0 0 0 
3 4 4 0 0 0 
4 4 4 0 0 0 
5 4 4 0 0 0 
6 4 4 0 0 0 
7 4 4 0 0 0 
0 5 5 0 0 0 
1 5 5 0 0 0 
2 5 5 0 0 0 
3 5 5 0 0 0 
4 5 5 0 0 0 
5 5 5 0 0 0 
6 5 5 0 0 0 
7 5 5 0 0 0 
0 6 6 0 0 0 
1 6 6 0 0 0 
2 6 6 0 0 0 
3 6 6 0 0 0 
4 6 6 0 0 0 
5 6 6 0 0 0 
6 6 6 0 0 0 
7 6 6 0 0 0 
0 7 7 0 0 0 
1 7 7 0 0 0 
2 7 7 0 0 0 
3 7 7 0 0 0 
4 7 7 0 0 0 
5 7 7 0 0 0 
6 7 7 0 0 0 
7 7 7 0 0 0 
