0 0 0 0 0 0 
1 0 0 0 0 0 
2 0 0 0 0 0 
3 0 0 0 0 0 
4 0 0 0 0 0 
5 0 0 0 0 0 
6 0 0 0 0 0 
7 0 0 0 0 0 
0 1 1 0 0 0 
1 1 1 0 0 0 
2 1 1 0 0 0 
3 1 1 0 0 0 
4 1 1 0 0 0 
5 1 1 0 0 0 
6 1 1 0 0 0 
7 1 1 0 0 0 
0 2 2 0 0 0 
1 2 2 0 0 0 
2 2 2 0 0 0 
3 2 2 0 0 0 
4 2 2 0 0 0 
5 2 2 0 0 0 
6 2 2 0 0 0 
7 2 2 0 0 0 
0 3 3 0 0 0 
1 3 3 0 0 0 
2 3 3 0 0 0 
3 3 3 0 0 0 
4 3 3 0 0 0 
5 3 3 0 0 0 
6 3 3 0 0 0 
7 3 3 0 0 0 
0 4 4 0 0 0 
1 4 4 0 0 0 
2 4 4 0 0 0 
3 4 4 0 0 0 
4 4 4 0 0 0 
5 4 4 0 0 0 
6 4 4 0 0 0 
7 4 4 0 0 0 
0 5 5 0 0 0 
1 5 5 0 0 0 
2 5 5 0 0 0 
3 5 5 0 0 0 
4 5 5 0 0 0 
5 5 5 0 0 0 
6 5 5 0 0 0 
7 5 5 0 0 0 
0 6 6 0 0 0 
1 6 6 0 0 0 
2 6 6 0 0 0 
3 6 6 0 0 0 
4 6 6 0 0 0 
5 6 6 0 0 0 
6 6 6 0 0 0 
7 6 6 0 0 0 
0 7 7 0 0 0 
1 7 7 0 0 0 
2 7 7 0 0 0 
3 7 7 0 0 0 
4 7 7 0 0 0 
5 7 7 0 0 0 
6 7 7 0 0 0 
7 7 7 0 0 0 
0 0 0 0 0 0 
1 0 0 0 0 0 
2 0 0 0 0 0 
3 0 0 0 0 0 
4 0 0 0 0 0 
5 0 0 0 0 0 
6 0 0 0 0 0 
7 0 0 0 0 0 
0 1 1 0 0 0 
1 1 1 0 0 0 
2 1 1 0 0 0 
3 1 1 0 0 0 
4 1 1 0 0 0 
5 1 1 0 0 0 
6 1 1 0 0 0 
7 1 1 0 0 0 
0 2 2 0 0 0 
1 2 2 -0.0278654 0.00349246 0.00623309 
2 2 2 -0.052517 -0.000339251 -0.00187117 
3 2 2 -0.0190449 -0.000415695 -0.00285469 
4 2 2 0.00876714 -0.000323557 -0.00193928 
5 2 2 0.0288756 -0.0003098 -0.00140256 
6 2 2 0.0448236 -0.000294672 -0.00110691 
7 2 2 0.0580813 -0.00026345 -0.00091244 
0 3 3 0 0 0 
1 3 3 -0.118575 0.00580487 0.0344249 
2 3 3 -0.111499 -0.000642056 -0.00848874 
3 3 3 -0.0171192 -0.00103285 -0.0162069 
4 3 3 0.0680779 -0.000795533 -0.0120512 
5 3 3 0.132891 -0.000780906 -0.00936584 
6 3 3 0.185395 -0.000762379 -0.00771064 
7 3 3 0.229469 -0.000693475 -0.00650884 
0 4 4 0 0 0 
1 4 4 -0.11858 -0.0058269 0.0344246 
2 4 4 -0.111498 0.000655079 -0.00848759 
3 4 4 -0.0171479 0.00108025 -0.016194 
4 4 4 0.0680256 0.000856807 -0.0120354 
5 4 4 0.132832 0.000840782 -0.00935121 
6 4 4 0.185343 0.000813778 -0.00769987 
7 4 4 0.229419 0.000728034 -0.00649926 
0 5 5 0 0 0 
1 5 5 -0.0278313 -0.00348352 0.00622804 
2 5 5 -0.0525199 0.000355599 -0.00185939 
3 5 5 -0.0190728 0.000431821 -0.00284339 
4 5 5 0.00872721 0.000337277 -0.00192913 
5 5 5 0.0288336 0.0003206 -0.00139469 
6 5 5 0.0447853 0.000302598 -0.00110104 
7 5 5 0.0580507 0.00026934 -0.0009084 
0 6 6 0 0 0 
1 6 6 0 0 0 
2 6 6 0 0 0 
3 6 6 0 0 0 
4 6 6 0 0 0 
5 6 6 0 0 0 
6 6 6 0 0 0 
7 6 6 0 0 0 
0 7 7 0 0 0 
1 7 7 0 0 0 
2 7 7 0 0 0 
3 7 7 0 0 0 
4 7 7 0 0 0 
5 7 7 0 0 0 
6 7 7 0 0 0 
7 7 7 0 0 0 
0 0 0 0 0 0 
1 0 0 0 0 0 
2 0 0 0 0 0 
3 0 0 0 0 0 
4 0 0 0 0 0 
5 0 0 0 0 0 
6 0 0 0 0 0 
7 0 0 0 0 0 
0 1 1 0 0 0 
1 1 1 -0.0278307 0.00626582 0.00343557 
2 1 1 -0.0524639 -0.00184167 -0.000377722 
3 1 1 -0.0190302 -0.00284644 -0.000427587 
4 1 1 0.00877449 -0.00193546 -0.00032926 
5 1 1 0.0288808 -0.00140091 -0.000312268 
6 1 1 0.0448259 -0.00110632 -0.000295276 
7 1 1 0.0580839 -0.000912169 -0.00026338 
0 2 2 -0.0254948 0.0322798 0.0324144 
1 2 2 -0.0186328 0.0194395 0.0194328 
2 2 2 0.0691821 -0.0282304 -0.0283788 
3 2 2 0.207654 -0.0316407 -0.0317104 
4 2 2 0.311272 -0.0228027 -0.0228351 
5 2 2 0.388634 -0.0177939 -0.0178067 
6 2 2 0.452225 -0.0148134 -0.0148162 
7 2 2 0.506693 -0.0126229 -0.0126208 
0 3 3 1.51102 0.00276497 0.0182538 
1 3 3 0.773886 -0.0138091 -0.0282654 
2 3 3 0.760898 -0.0306488 -0.0878576 
3 3 3 0.853769 -0.0263103 -0.0828555 
4 3 3 0.917632 -0.0183667 -0.0602764 
5 3 3 0.966391 -0.0144776 -0.0478168 
6 3 3 1.00739 -0.0122757 -0.0402941 
7 3 3 1.04334 -0.0106538 -0.0347489 
0 4 4 1.51111 -0.0028771 0.0181812 
1 4 4 0.773952 0.0136869 -0.028325 
2 4 4 0.760804 0.0305811 -0.0878446 
3 4 4 0.853517 0.0263002 -0.0828082 
4 4 4 0.917297 0.0184062 -0.0602253 
5 4 4 0.966044 0.0145398 -0.0477745 
6 4 4 1.00707 0.0123434 -0.0402622 
7 4 4 1.04307 0.010716 -0.0347284 
0 5 5 -0.0253968 -0.0323077 0.0323012 
1 5 5 -0.0186943 -0.0194029 0.0195017 
2 5 5 0.0688336 0.0282916 -0.0282666 
3 5 5 0.20718 0.03166 -0.0316321 
4 5 5 0.310773 0.0228142 -0.0227821 
5 5 5 0.388172 0.0178048 -0.0177736 
6 5 5 0.451831 0.0148227 -0.0147976 
7 5 5 0.506376 0.0126311 -0.0126136 
0 6 6 0 0 0 
1 6 6 -0.0278872 -0.00623644 0.0034968 
2 6 6 -0.0525677 0.00185609 -0.000358485 
3 6 6 -0.0191052 0.00284415 -0.000427264 
4 6 6 0.00870281 0.00193222 -0.000331268 
5 6 6 0.028818 0.00139773 -0.000315576 
6 6 6 0.0447767 0.00110361 -0.000298678 
7 6 6 0.0580459 0.000910168 -0.000266819 
0 7 7 0 0 0 
1 7 7 0 0 0 
2 7 7 0 0 0 
3 7 7 0 0 0 
4 7 7 0 0 0 
5 7 7 0 0 0 
6 7 7 0 0 0 
7 7 7 0 0 0 
0 0 0 0 0 0 
1 0 0 0 0 0 
2 0 0 0 0 0 
3 0 0 0 0 0 
4 0 0 0 0 0 
5 0 0 0 0 0 
6 0 0 0 0 0 
7 0 0 0 0 0 
0 1 1 0 0 0 
1 1 1 -0.117919 0.0343803 0.00578681 
2 1 1 -0.111189 -0.00840199 -0.0006245 
3 1 1 -0.0170455 -0.0161957 -0.00105046 
4 1 1 0.0681194 -0.012047 -0.000803876 
5 1 1 0.132919 -0.00936473 -0.00077959 
6 1 1 0.185416 -0.00771171 -0.000757642 
7 1 1 0.229478 -0.00650809 -0.000682282 
0 2 2 1.51116 0.017986 0.002783 
1 2 2 0.774773 -0.0284534 -0.0138028 
2 2 2 0.761169 -0.087756 -0.0306613 
3 2 2 0.853934 -0.0828288 -0.0263378 
4 2 2 0.917744 -0.0602644 -0.0183882 
5 2 2 0.966467 -0.0478111 -0.0144832 
6 2 2 1.00744 -0.0402923 -0.0122685 
7 2 2 1.04336 -0.0347507 -0.0106387 
0 3 3 4.45834 0.0552108 0.0552405 
1 3 3 3.88234 -0.0700371 -0.0699206 
2 3 3 3.67671 -0.103636 -0.103616 
3 3 3 3.41374 -0.0795415 -0.0795259 
4 3 3 3.21824 -0.0568927 -0.0568865 
5 3 3 3.06915 -0.0461288 -0.0461273 
6 3 3 2.94486 -0.0397725 -0.0397657 
7 3 3 2.83713 -0.0350697 -0.0350561 
0 4 4 4.45829 -0.0554755 0.0552504 
1 4 4 3.88211 0.0697734 -0.069788 
2 4 4 3.67622 0.103455 -0.103498 
3 4 4 3.41312 0.0793967 -0.0794308 
4 4 4 3.21762 0.0568243 -0.056829 
5 4 4 3.06859 0.0461097 -0.0461016 
6 4 4 2.94439 0.0397811 -0.0397614 
7 4 4 2.83675 0.0350955 -0.0350664 
0 5 5 1.50765 -0.0189032 0.00314924 
1 5 5 0.772461 0.0280619 -0.0136252 
2 5 5 0.760189 0.0877092 -0.0306954 
3 5 5 0.853059 0.0827465 -0.0263643 
4 5 5 0.916986 0.0602151 -0.0184361 
5 5 5 0.965846 0.0477843 -0.0145444 
6 5 5 1.00695 0.0402788 -0.012332 
7 5 5 1.043 0.0347454 -0.0107007 
0 6 6 0 0 0 
1 6 6 -0.119068 -0.0345827 0.00564394 
2 6 6 -0.111636 0.0084126 -0.000865579 
3 6 6 -0.0172764 0.0161631 -0.00115044 
4 6 6 0.0679193 0.0120253 -0.000882155 
5 6 6 0.132757 0.00935015 -0.00084369 
6 6 6 0.185291 0.00770108 -0.000806766 
7 6 6 0.229394 0.0065033 -0.000725069 
0 7 7 0 0 0 
1 7 7 0 0 0 
2 7 7 0 0 0 
3 7 7 0 0 0 
4 7 7 0 0 0 
5 7 7 0 0 0 
6 7 7 0 0 0 
7 7 7 0 0 0 
0 0 0 0 0 0 
1 0 0 0 0 0 
2 0 0 0 0 0 
3 0 0 0 0 0 
4 0 0 0 0 0 
5 0 0 0 0 0 
6 0 0 0 0 0 
7 0 0 0 0 0 
0 1 1 0 0 0 
1 1 1 -0.118663 0.0344979 -0.0057115 
2 1 1 -0.111442 -0.00845637 0.000719704 
3 1 1 -0.0171104 -0.0161886 0.00107959 
4 1 1 0.068052 -0.0120321 0.000860547 
5 1 1 0.132848 -0.0093477 0.000851878 
6 1 1 0.185344 -0.0076955 0.000825723 
7 1 1 0.229421 -0.00649802 0.000743396 
0 2 2 1.51103 0.0182339 -0.0029393 
1 2 2 0.773757 -0.0283028 0.0136744 
2 2 2 0.760699 -0.0878004 0.0305991 
3 2 2 0.853516 -0.082803 0.0263062 
4 2 2 0.917324 -0.0602236 0.0184172 
5 2 2 0.966056 -0.0477659 0.0145618 
6 2 2 1.00706 -0.040251 0.0123723 
7 2 2 1.04304 -0.0347181 0.0107473 
0 3 3 4.45778 0.0553005 -0.0554806 
1 3 3 3.88153 -0.0697902 0.0698455 
2 3 3 3.6758 -0.103493 0.103434 
3 3 3 3.41285 -0.0794338 0.0794212 
4 3 3 3.21739 -0.0568218 0.0568482 
5 3 3 3.06837 -0.0460828 0.0461323 
6 3 3 2.94417 -0.0397449 0.0398111 
7 3 3 2.83655 -0.0350576 0.0351322 
0 4 4 4.45773 -0.0551317 -0.055291 
1 4 4 3.88171 0.0701014 0.0700679 
2 4 4 3.67624 0.103637 0.103616 
3 4 4 3.4134 0.0795282 0.0795346 
4 4 4 3.21792 0.0568892 0.0568934 
5 4 4 3.06883 0.0461262 0.0461389 
6 4 4 2.94456 0.0397695 0.0397966 
7 4 4 2.83686 0.0350709 0.0351074 
0 5 5 1.51104 -0.0179741 -0.00236658 
1 5 5 0.775303 0.0285373 0.0139947 
2 5 5 0.761247 0.0877053 0.0305037 
3 5 5 0.853933 0.0828437 0.0262179 
4 5 5 0.917677 0.0602796 0.0183074 
5 5 5 0.966361 0.0478164 0.0144541 
6 5 5 1.00732 0.0402911 0.0122766 
7 5 5 1.04325 0.0347488 0.0106658 
0 6 6 0 0 0 
1 6 6 -0.117614 -0.0343955 -0.0062891 
2 6 6 -0.111072 0.00840259 0.000354167 
3 6 6 -0.0170657 0.01621 0.000929302 
4 6 6 0.0680726 0.0120549 0.000748381 
5 6 6 0.132867 0.0093666 0.000766677 
6 6 6 0.185373 0.00771084 0.000764024 
7 6 6 0.229444 0.00650676 0.000694763 
0 7 7 0 0 0 
1 7 7 0 0 0 
2 7 7 0 0 0 
3 7 7 0 0 0 
4 7 7 0 0 0 
5 7 7 0 0 0 
6 7 7 0 0 0 
7 7 7 0 0 0 
0 0 0 0 0 0 
1 0 0 0 0 0 
2 0 0 0 0 0 
3 0 0 0 0 0 
4 0 0 0 0 0 
5 0 0 0 0 0 
6 0 0 0 0 0 
7 0 0 0 0 0 
0 1 1 0 0 0 
1 1 1 -0.0278669 0.0062322 -0.00349531 
2 1 1 -0.0525254 -0.00186597 0.00034417 
3 1 1 -0.0190671 -0.00284268 0.00043084 
4 1 1 0.00872977 -0.00192647 0.000340207 
5 1 1 0.0288336 -0.00139159 0.000325228 
6 1 1 0.0447825 -0.00109848 0.000306968 
7 1 1 0.0580466 -0.00090661 0.000272523 
0 2 2 -0.0255876 0.032518 -0.0321995 
1 2 2 -0.0187174 0.0195001 -0.019416 
2 2 2 0.0688467 -0.0283598 0.0281064 
3 2 2 0.207177 -0.0316346 0.0316337 
4 2 2 0.310733 -0.0227587 0.0228294 
5 2 2 0.388104 -0.017746 0.0178282 
6 2 2 0.451748 -0.0147741 0.0148456 
7 2 2 0.506294 -0.0125966 0.0126501 
0 3 3 1.50981 0.00291896 -0.0180884 
1 3 3 0.774374 -0.0136278 0.0283951 
2 3 3 0.760104 -0.0305751 0.0874703 
3 3 3 0.852786 -0.0262828 0.0827101 
4 3 3 0.916651 -0.0183694 0.0602161 
5 3 3 0.965508 -0.0144976 0.0477947 
6 3 3 1.00665 -0.0123048 0.0402935 
7 3 3 1.04274 -0.0106855 0.0347632 
0 4 4 1.50942 -0.00264004 -0.0182173 
1 4 4 0.774312 0.0138601 0.0283745 
2 4 4 0.760391 0.0306382 0.0875564 
3 4 4 0.853282 0.0262764 0.082794 
4 4 4 0.917172 0.0183289 0.0602721 
5 4 4 0.965972 0.0144449 0.0478299 
6 4 4 1.00703 0.0122508 0.0403151 
7 4 4 1.04304 0.0106376 0.0347754 
0 5 5 -0.0256375 -0.0321823 -0.0324667 
1 5 5 -0.0181531 -0.0194156 -0.0193042 
2 5 5 0.0694963 0.0282518 0.0282658 
3 5 5 0.20784 0.0316578 0.0316749 
4 5 5 0.311322 0.0227968 0.0228309 
5 5 5 0.388597 0.017776 0.0178185 
6 5 5 0.452144 0.0147935 0.0148337 
7 5 5 0.506599 0.012607 0.0126398 
0 6 6 0 0 0 
1 6 6 -0.0275401 -0.00636293 -0.00332307 
2 6 6 -0.0523448 0.00184655 0.00034559 
3 6 6 -0.0189914 0.0028577 0.000406694 
4 6 6 0.00878741 0.00193954 0.000320338 
5 6 6 0.028879 0.00140121 0.000310626 
6 6 6 0.0448193 0.00110518 0.000296725 
7 6 6 0.0580754 0.000910823 0.000265684 
0 7 7 0 0 0 
1 7 7 0 0 0 
2 7 7 0 0 0 
3 7 7 0 0 0 
4 7 7 0 0 0 
5 7 7 0 0 0 
6 7 7 0 0 0 
7 7 7 0 0 0 
0 0 0 0 0 0 
1 0 0 0 0 0 
2 0 0 0 0 0 
3 0 0 0 0 0 
4 0 0 0 0 0 
5 0 0 0 0 0 
6 0 0 0 0 0 
7 0 0 0 0 0 
0 1 1 0 0 0 
1 1 1 0 0 0 
2 1 1 0 0 0 
3 1 1 0 0 0 
4 1 1 0 0 0 
5 1 1 0 0 0 
6 1 1 0 0 0 
7 1 1 0 0 0 
0 2 2 0 0 0 
1 2 2 -0.0276068 0.00331573 -0.00638414 
2 2 2 -0.0524338 -0.000387661 0.00181464 
3 2 2 -0.0190948 -0.000418612 0.0028465 
4 2 2 0.00869387 -0.000322391 0.00193648 
5 2 2 0.0288032 -0.000309272 0.00140147 
6 2 2 0.0447595 -0.000294842 0.00110616 
7 2 2 0.0580309 -0.000264876 0.000911543 
0 3 3 0 0 0 
1 3 3 -0.11786 0.00582783 -0.0345252 
2 3 3 -0.111194 -0.000653503 0.00829408 
3 3 3 -0.0173213 -0.00107899 0.0161559 
4 3 3 0.0678083 -0.000843326 0.0120273 
5 3 3 0.132644 -0.000826436 0.00935267 
6 3 3 0.185194 -0.000802529 0.00770421 
7 3 3 0.229309 -0.000720573 0.00650445 
0 4 4 0 0 0 
1 4 4 -0.117907 -0.00582176 -0.0345447 
2 4 4 -0.111176 0.000594613 0.0083135 
3 4 4 -0.0172343 0.000988818 0.0161815 
4 4 4 0.0679066 0.000761086 0.0120481 
5 4 4 0.132732 0.000759577 0.00936815 
6 4 4 0.185261 0.000749732 0.0077143 
7 4 4 0.229366 0.000685238 0.00651371 
0 5 5 0 0 0 
1 5 5 -0.0276106 -0.00333127 -0.0063764 
2 5 5 -0.0524005 0.000355086 0.00183908 
3 5 5 -0.0190301 0.000402843 0.00285853 
4 5 5 0.00875746 0.000313082 0.00194373 
5 5 5 0.0288577 0.000302777 0.0014062 
6 5 5 0.0448037 0.000290065 0.00110949 
7 5 5 0.0580646 0.000260728 0.000914151 
0 6 6 0 0 0 
1 6 6 0 0 0 
2 6 6 0 0 0 
3 6 6 0 0 0 
4 6 6 0 0 0 
5 6 6 0 0 0 
6 6 6 0 0 0 
7 6 6 0 0 0 
0 7 7 0 0 0 
1 7 7 0 0 0 
2 7 7 0 0 0 
3 7 7 0 0 0 
4 7 7 0 0 0 
5 7 7 0 0 0 
6 7 7 0 0 0 
7 7 7 0 0 0 
0 0 0 0 0 0 
1 0 0 0 0 0 
2 0 0 0 0 0 
3 0 0 0 0 0 
4 0 0 0 0 0 
5 0 0 0 0 0 
6 0 0 0 0 0 
7 0 0 0 0 0 
0 1 1 0 0 0 
1 1 1 0 0 0 
2 1 1 0 0 0 
3 1 1 0 0 0 
4 1 1 0 0 0 
5 1 1 0 0 0 
6 1 1 0 0 0 
7 1 1 0 0 0 
0 2 2 0 0 0 
1 2 2 0 0 0 
2 2 2 0 0 0 
3 2 2 0 0 0 
4 2 2 0 0 0 
5 2 2 0 0 0 
6 2 2 0 0 0 
7 2 2 0 0 0 
0 3 3 0 0 0 
1 3 3 0 0 0 
2 3 3 0 0 0 
3 3 3 0 0 0 
4 3 3 0 0 0 
5 3 3 0 0 0 
6 3 3 0 0 0 
7 3 3 0 0 0 
0 4 4 0 0 0 
1 4 4 0 0 0 
2 4 4 0 0 0 
3 4 4 0 0 0 
4 4 4 0 0 0 
5 4 4 0 0 0 
6 4 4 0 0 0 
7 4 4 0 0 0 
0 5 5 0 0 0 
1 5 5 0 0 0 
2 5 5 0 0 0 
3 5 5 0 0 0 
4 5 5 0 0 0 
5 5 5 0 0 0 
6 5 5 0 0 0 
7 5 5 0 0 0 
0 6 6 0 0 0 
1 6 6 0 0 0 
2 6 6 0 0 0 
3 6 6 0 0 0 
4 6 6 0 0 0 
5 6 6 0 0 0 
6 6 6 0 0 0 
7 6 6 0 0 0 
0 7 7 0 0 0 
1 7 7 0 0 0 
2 7 7 0 0 0 
3 7 7 0 0 0 
4 7 7 0 0 0 
5 7 7 0 0 0 
6 7 7 0 0 0 
7 7 7 0 0 0 
