0 0 0 0 0 0 
1 0 0 0 0 0 
2 0 0 0 0 0 
3 0 0 0 0 0 
4 0 0 0 0 0 
5 0 0 0 0 0 
6 0 0 0 0 0 
7 0 0 0 0 0 
0 1 1 0 0 0 
1 1 1 0 0 0 
2 1 1 0 0 0 
3 1 1 0 0 0 
4 1 1 0 0 0 
5 1 1 0 0 0 
6 1 1 0 0 0 
7 1 1 0 0 0 
0 2 2 0 0 0 
1 2 2 0 0 0 
2 2 2 0 0 0 
3 2 2 0 0 0 
4 2 2 0 0 0 
5 2 2 0 0 0 
6 2 2 0 0 0 
7 2 2 0 0 0 
0 3 3 0 0 0 
1 3 3 0 0 0 
2 3 3 0 0 0 
3 3 3 0 0 0 
4 3 3 0 0 0 
5 3 3 0 0 0 
6 3 3 0 0 0 
7 3 3 0 0 0 
0 4 4 0 0 0 
1 4 4 0 0 0 
2 4 4 0 0 0 
3 4 4 0 0 0 
4 4 4 0 0 0 
5 4 4 0 0 0 
6 4 4 0 0 0 
7 4 4 0 0 0 
0 5 5 0 0 0 
1 5 5 0 0 0 
2 5 5 0 0 0 
3 5 5 0 0 0 
4 5 5 0 0 0 
5 5 5 0 0 0 
6 5 5 0 0 0 
7 5 5 0 0 0 
0 6 6 0 0 0 
1 6 6 0 0 0 
2 6 6 0 0 0 
3 6 6 0 0 0 
4 6 6 0 0 0 
5 6 6 0 0 0 
6 6 6 0 0 0 
7 6 6 0 0 0 
0 7 7 0 0 0 
1 7 7 0 0 0 
2 7 7 0 0 0 
3 7 7 0 0 0 
4 7 7 0 0 0 
5 7 7 0 0 0 
6 7 7 0 0 0 
7 7 7 0 0 0 
0 0 0 0 0 0 
1 0 0 0 0 0 
2 0 0 0 0 0 
3 0 0 0 0 0 
4 0 0 0 0 0 
5 0 0 0 0 0 
6 0 0 0 0 0 
7 0 0 0 0 0 
0 1 1 0 0 0 
1 1 1 0 0 0 
2 1 1 0 0 0 
3 1 1 0 0 0 
4 1 1 0 0 0 
5 1 1 0 0 0 
6 1 1 0 0 0 
7 1 1 0 0 0 
0 2 2 0 0 0 
1 2 2 -0.00356704 0.000303953 0.000586035 
2 2 2 3.89629e-05 -0.000238892 -0.00110235 
3 2 2 0.0102725 7.99689e-05 -0.000723634 
4 2 2 0.0136261 0.000146419 -0.000220376 
5 2 2 0.0132175 0.000131122 1.76929e-05 
6 2 2 0.0114835 0.000104003 0.000117264 
7 2 2 0.00928007 9.10353e-05 0.000169782 
0 3 3 0 0 0 
1 3 3 -0.0145673 5.19925e-05 0.00321661 
2 3 3 0.00157773 -0.000596686 -0.00431635 
3 3 3 0.0251741 0.000241 -0.00292746 
4 3 3 0.0340359 0.000453061 -0.000519989 
5 3 3 0.0333245 0.000403339 0.000495664 
6 3 3 0.0294912 0.00031175 0.000784895 
7 3 3 0.0255155 0.00023125 0.000735601 
0 4 4 0 0 0 
1 4 4 -0.01455 -9.28307e-05 0.00320374 
2 4 4 0.00158308 0.00060191 -0.0043146 
3 4 4 0.0251389 -0.000177148 -0.00291045 
4 4 4 0.0339778 -0.000358136 -0.00049779 
5 4 4 0.0332597 -0.000305056 0.000517632 
6 4 4 0.0294267 -0.000233809 0.000802088 
7 4 4 0.0254636 -0.000186882 0.000743771 
0 5 5 0 0 0 
1 5 5 -0.00355572 -0.000302609 0.000582816 
2 5 5 3.50468e-05 0.00025148 -0.00109312 
3 5 5 0.0102425 -6.22128e-05 -0.000710967 
4 5 5 0.0135854 -0.000126792 -0.000207169 
5 5 5 0.0131743 -0.000112872 2.97289e-05 
6 5 5 0.0114419 -9.00958e-05 0.000126187 
7 5 5 0.00924398 -8.32319e-05 0.000174781 
0 6 6 0 0 0 
1 6 6 0 0 0 
2 6 6 0 0 0 
3 6 6 0 0 0 
4 6 6 0 0 0 
5 6 6 0 0 0 
6 6 6 0 0 0 
7 6 6 0 0 0 
0 7 7 0 0 0 
1 7 7 0 0 0 
2 7 7 0 0 0 
3 7 7 0 0 0 
4 7 7 0 0 0 
5 7 7 0 0 0 
6 7 7 0 0 0 
7 7 7 0 0 0 
0 0 0 0 0 0 
1 0 0 0 0 0 
2 0 0 0 0 0 
3 0 0 0 0 0 
4 0 0 0 0 0 
5 0 0 0 0 0 
6 0 0 0 0 0 
7 0 0 0 0 0 
0 1 1 0 0 0 
1 1 1 -0.00355242 0.000593358 0.000287013 
2 1 1 6.74182e-05 -0.00108704 -0.000261443 
3 1 1 0.0102828 -0.000716216 6.8446e-05 
4 1 1 0.0136324 -0.000215254 0.000138089 
5 1 1 0.0132229 2.04887e-05 0.000126406 
6 1 1 0.011487 0.000116975 0.000104121 
7 1 1 0.00928202 0.000167714 9.43656e-05 
0 2 2 0.0375171 -0.00560236 -0.00552145 
1 2 2 0.0827517 -0.0119599 -0.0119311 
2 2 2 0.129364 -0.0124877 -0.0125911 
3 2 2 0.169042 -0.00583069 -0.00590828 
4 2 2 0.179239 -0.000764513 -0.000815804 
5 2 2 0.176731 0.00107695 0.00104681 
6 2 2 0.171417 0.00139102 0.00138748 
7 2 2 0.167624 0.000883998 0.000905952 
0 3 3 1.05292 -0.0199211 -0.0512245 
1 3 3 0.571873 -0.0222663 -0.0585291 
2 3 3 0.546792 -0.0135467 -0.0363348 
3 3 3 0.576914 -0.00508616 -0.0155882 
4 3 3 0.586747 -0.000389998 -0.00280003 
5 3 3 0.588141 0.00109658 0.00166477 
6 3 3 0.587629 0.0011495 0.00201697 
7 3 3 0.588443 0.000452058 4.91588e-05 
0 4 4 1.05294 0.0197777 -0.0512827 
1 4 4 0.571867 0.0220653 -0.0585977 
2 4 4 0.546635 0.013427 -0.0363168 
3 4 4 0.576582 0.00508396 -0.0155244 
4 4 4 0.586331 0.000478318 -0.00272599 
5 4 4 0.587724 -0.000956377 0.0017353 
6 4 4 0.587264 -0.000998189 0.00207251 
7 4 4 0.588157 -0.000329749 8.20101e-05 
0 5 5 0.0375311 0.00553358 -0.00561462 
1 5 5 0.0826122 0.0118933 -0.0119272 
2 5 5 0.128972 0.0124941 -0.0124959 
3 5 5 0.168503 0.00585204 -0.00581969 
4 5 5 0.178679 0.00079983 -0.000738405 
5 5 5 0.176221 -0.00103488 0.00111091 
6 5 5 0.170992 -0.00135298 0.00143199 
7 5 5 0.167292 -0.000858181 0.000925748 
0 6 6 0 0 0 
1 6 6 -0.00358241 -0.000588577 0.000307381 
2 6 6 -1.69521e-05 0.00109087 -0.000250928 
3 6 6 0.0102048 0.000715085 7.06886e-05 
4 6 6 0.0135602 0.000214335 0.000138903 
5 6 6 0.0131609 -2.12423e-05 0.000126498 
6 6 6 0.0114337 -0.000117381 0.000103999 
7 6 6 0.0092383 -0.000168414 9.36534e-05 
0 7 7 0 0 0 
1 7 7 0 0 0 
2 7 7 0 0 0 
3 7 7 0 0 0 
4 7 7 0 0 0 
5 7 7 0 0 0 
6 7 7 0 0 0 
7 7 7 0 0 0 
0 0 0 0 0 0 
1 0 0 0 0 0 
2 0 0 0 0 0 
3 0 0 0 0 0 
4 0 0 0 0 0 
5 0 0 0 0 0 
6 0 0 0 0 0 
7 0 0 0 0 0 
0 1 1 0 0 0 
1 1 1 -0.0142562 0.0031544 4.62709e-05 
2 1 1 0.00173231 -0.00428905 -0.000609067 
3 1 1 0.0252292 -0.00291814 0.00020626 
4 1 1 0.0340745 -0.000515127 0.000427122 
5 1 1 0.033354 0.000497363 0.000394133 
6 1 1 0.0295073 0.00078315 0.00032127 
7 1 1 0.0255252 0.000731276 0.000254685 
0 2 2 1.053 -0.0513325 -0.0198894 
1 2 2 0.572493 -0.0586902 -0.0222447 
2 2 2 0.546994 -0.036322 -0.0135686 
3 2 2 0.57706 -0.0155635 -0.00515288 
4 2 2 0.586862 -0.00277857 -0.00045974 
5 2 2 0.588227 0.00168284 0.00104717 
6 2 2 0.587673 0.00202791 0.00113405 
7 2 2 0.588445 5.26017e-05 0.000475967 
0 3 3 3.04734 0.00741671 0.00743566 
1 3 3 2.56329 -0.0714529 -0.0713316 
2 3 3 2.41893 -0.0436277 -0.043552 
3 3 3 2.34143 -0.0167886 -0.0167651 
4 3 3 2.31743 -0.00311894 -0.00313671 
5 3 3 2.31736 0.00141668 0.00137397 
6 3 3 2.32295 0.00149191 0.00144291 
7 3 3 2.32542 -0.000839211 -0.000875833 
0 4 4 3.04727 -0.00756037 0.00746249 
1 4 4 2.56296 0.0711295 -0.0712095 
2 4 4 2.41828 0.0433073 -0.0434072 
3 4 4 2.34059 0.0165524 -0.0166552 
4 4 4 2.31656 0.00298466 -0.00306484 
5 4 4 2.31656 -0.00145718 0.00141475 
6 4 4 2.32228 -0.00145216 0.0014584 
7 4 4 2.32494 0.000935698 -0.000879705 
0 5 5 1.05082 0.0509063 -0.0196679 
1 5 5 0.570848 0.0583354 -0.022033 
2 5 5 0.545988 0.0361691 -0.0135408 
3 5 5 0.576033 0.0154585 -0.0051783 
4 5 5 0.585927 0.00271593 -0.00050623 
5 5 5 0.587448 -0.0017134 0.000992479 
6 5 5 0.587078 -0.00203526 0.00108293 
7 5 5 0.58803 -4.14393e-05 0.000433296 
0 6 6 0 0 0 
1 6 6 -0.0147966 -0.00328631 6.56052e-06 
2 6 6 0.00139239 0.00426071 -0.000748609 
3 6 6 0.0249772 0.00289028 0.000121724 
4 6 6 0.0338629 0.000495721 0.000356946 
5 6 6 0.0331882 -0.000510451 0.000338575 
6 6 6 0.0293786 -0.000791294 0.000283248 
7 6 6 0.0254218 -0.000736746 0.000230846 
0 7 7 0 0 0 
1 7 7 0 0 0 
2 7 7 0 0 0 
3 7 7 0 0 0 
4 7 7 0 0 0 
5 7 7 0 0 0 
6 7 7 0 0 0 
7 7 7 0 0 0 
0 0 0 0 0 0 
1 0 0 0 0 0 
2 0 0 0 0 0 
3 0 0 0 0 0 
4 0 0 0 0 0 
5 0 0 0 0 0 
6 0 0 0 0 0 
7 0 0 0 0 0 
0 1 1 0 0 0 
1 1 1 -0.0145832 0.00322444 -5.91666e-05 
2 1 1 0.00159069 -0.00430796 0.000612766 
3 1 1 0.0251644 -0.00291656 -0.000203406 
4 1 1 0.0340024 -0.000501357 -0.000371827 
5 1 1 0.0332768 0.000518241 -0.000301514 
6 1 1 0.029436 0.000805361 -0.000216943 
7 1 1 0.0254599 0.000751657 -0.000163187 
0 2 2 1.05288 -0.0512304 0.0197643 
1 2 2 0.571727 -0.0585537 0.0220821 
2 2 2 0.546562 -0.0363332 0.0134202 
3 2 2 0.576627 -0.0155653 0.00504455 
4 2 2 0.586398 -0.00274729 0.000445725 
5 2 2 0.587749 0.00173686 -0.000964925 
6 2 2 0.587224 0.00209197 -0.000981701 
7 2 2 0.588058 0.000114358 -0.000293608 
0 3 3 3.04692 0.00750142 -0.00759679 
1 3 3 2.56271 -0.0712295 0.0712579 
2 3 3 2.41817 -0.0434894 0.0433991 
3 3 3 2.34056 -0.0167131 0.0165903 
4 3 3 2.31648 -0.00306786 0.00298279 
5 3 3 2.31639 0.00145562 -0.00147805 
6 3 3 2.32202 0.00152352 -0.00147471 
7 3 3 2.3246 -0.000809195 0.000922677 
0 4 4 3.04688 -0.00736884 -0.00747573 
1 4 4 2.56292 0.0714403 0.0715174 
2 4 4 2.41861 0.0435975 0.0436302 
3 4 4 2.34105 0.0167472 0.0167089 
4 4 4 2.31691 0.00307445 0.00300739 
5 4 4 2.31671 -0.0014479 -0.00151256 
6 4 4 2.32226 -0.0014962 -0.00154027 
7 4 4 2.3248 0.00086637 0.000854366 
0 5 5 1.05292 0.0513239 0.0201245 
1 5 5 0.572883 0.0587375 0.02243 
2 5 5 0.546972 0.0363388 0.0134322 
3 5 5 0.57694 0.0156015 0.00493858 
4 5 5 0.586635 0.00279681 0.000293762 
5 5 5 0.587934 -0.00168928 -0.00112256 
6 5 5 0.587378 -0.0020522 -0.00111758 
7 5 5 0.58821 -8.11426e-05 -0.00039059 
0 6 6 0 0 0 
1 6 6 -0.0141106 -0.00312308 -0.000233455 
2 6 6 0.00175496 0.00431002 0.000399871 
3 6 6 0.025188 0.00293842 -0.000340966 
4 6 6 0.0340152 0.000522837 -0.000486364 
5 6 6 0.0332904 -0.000501487 -0.000389003 
6 6 6 0.0294439 -0.000795569 -0.000274867 
7 6 6 0.0254694 -0.000744983 -0.000196332 
0 7 7 0 0 0 
1 7 7 0 0 0 
2 7 7 0 0 0 
3 7 7 0 0 0 
4 7 7 0 0 0 
5 7 7 0 0 0 
6 7 7 0 0 0 
7 7 7 0 0 0 
0 0 0 0 0 0 
1 0 0 0 0 0 
2 0 0 0 0 0 
3 0 0 0 0 0 
4 0 0 0 0 0 
5 0 0 0 0 0 
6 0 0 0 0 0 
7 0 0 0 0 0 
0 1 1 0 0 0 
1 1 1 -0.00357754 0.000585212 -0.000310444 
2 1 1 1.54999e-05 -0.00110234 0.000237541 
3 1 1 0.0102424 -0.000715075 -6.83001e-05 
4 1 1 0.0135841 -0.000206967 -0.000126378 
5 1 1 0.0131723 3.21148e-05 -0.000109069 
6 1 1 0.0114388 0.000129407 -8.52283e-05 
7 1 1 0.00924066 0.000178272 -7.82958e-05 
0 2 2 0.0374254 -0.00547984 0.00558814 
1 2 2 0.0826765 -0.0119362 0.0119199 
2 2 2 0.128973 -0.0126005 0.0123877 
3 2 2 0.168517 -0.00585627 0.0058209 
4 2 2 0.178639 -0.000727892 0.000809316 
5 2 2 0.17613 0.00113974 -0.00101093 
6 2 2 0.170872 0.00146425 -0.00132642 
7 2 2 0.167168 0.000953216 -0.000837724 
0 3 3 1.05208 -0.0197463 0.0512161 
1 3 3 0.572194 -0.0221071 0.0586241 
2 3 3 0.546059 -0.013509 0.0361444 
3 3 3 0.575908 -0.00511384 0.0154503 
4 3 3 0.585645 -0.000426183 0.00272048 
5 3 3 0.587081 0.00106454 -0.00170627 
6 3 3 0.586686 0.00113134 -0.00202725 
7 3 3 0.587664 0.000451777 -3.53692e-05 
0 4 4 1.05187 0.0199608 0.0511722 
1 4 4 0.572312 0.0223312 0.0586433 
2 4 4 0.546462 0.0135787 0.0362472 
3 4 4 0.576475 0.00509109 0.0155354 
4 4 4 0.586191 0.000392645 0.00276003 
5 4 4 0.58753 -0.0010784 -0.00169939 
6 4 4 0.587033 -0.00112385 -0.00204012 
7 4 4 0.587931 -0.000437921 -5.2095e-05 
0 5 5 0.0374587 0.00562202 0.00551201 
1 5 5 0.0832743 0.0120777 0.0120542 
2 5 5 0.12963 0.0125903 0.0125151 
3 5 5 0.169199 0.00589921 0.00583684 
4 5 5 0.179223 0.000787562 0.000772819 
5 5 5 0.176592 -0.00108466 -0.00106293 
6 5 5 0.171227 -0.00142221 -0.00137648 
7 5 5 0.167445 -0.000929951 -0.000871692 
0 6 6 0 0 0 
1 6 6 -0.00346948 -0.000600554 -0.000269773 
2 6 6 0.000134308 0.0011048 0.000228752 
3 6 6 0.0103168 0.000730806 -9.2678e-05 
4 6 6 0.0136434 0.000221262 -0.00014919 
5 6 6 0.0132187 -2.10931e-05 -0.000126989 
6 6 6 0.0114733 -0.000122115 -9.75417e-05 
7 6 6 0.00926599 -0.000174579 -8.5161e-05 
0 7 7 0 0 0 
1 7 7 0 0 0 
2 7 7 0 0 0 
3 7 7 0 0 0 
4 7 7 0 0 0 
5 7 7 0 0 0 
6 7 7 0 0 0 
7 7 7 0 0 0 
0 0 0 0 0 0 
1 0 0 0 0 0 
2 0 0 0 0 0 
3 0 0 0 0 0 
4 0 0 0 0 0 
5 0 0 0 0 0 
6 0 0 0 0 0 
7 0 0 0 0 0 
0 1 1 0 0 0 
1 1 1 0 0 0 
2 1 1 0 0 0 
3 1 1 0 0 0 
4 1 1 0 0 0 
5 1 1 0 0 0 
6 1 1 0 0 0 
7 1 1 0 0 0 
0 2 2 0 0 0 
1 2 2 -0.00350886 0.000261731 -0.000617674 
2 2 2 3.30804e-05 -0.000269137 0.00107382 
3 2 2 0.0102053 7.51438e-05 0.000717341 
4 2 2 0.0135444 0.000146898 0.00021913 
5 2 2 0.0131409 0.000133487 -1.69108e-05 
6 2 2 0.011415 0.000108456 -0.000114589 
7 2 2 0.00922314 9.53152e-05 -0.000167329 
0 3 3 0 0 0 
1 3 3 -0.0142572 6.41426e-05 -0.00318435 
2 3 3 0.00155982 -0.000634401 0.00423642 
3 3 3 0.0248993 0.000186134 0.0028947 
4 3 3 0.0337276 0.000401074 0.000502348 
5 3 3 0.0330503 0.000361835 -0.000506093 
6 3 3 0.0292599 0.00028592 -0.000790037 
7 3 3 0.0253348 0.000218638 -0.000736545 
0 4 4 0 0 0 
1 4 4 -0.0142729 -4.91767e-05 -0.00319405 
2 4 4 0.00160208 0.000580092 0.00425665 
3 4 4 0.0250001 -0.000263989 0.00291742 
4 4 4 0.0338305 -0.000455125 0.000516238 
5 4 4 0.0331368 -0.000386721 -0.000500108 
6 4 4 0.0293305 -0.000294328 -0.000788452 
7 4 4 0.0253866 -0.000228156 -0.000736827 
0 5 5 0 0 0 
1 5 5 -0.00350852 -0.000270668 -0.000612521 
2 5 5 7.57844e-05 0.000246677 0.00109251 
3 5 5 0.0102756 -8.48176e-05 0.000725781 
4 5 5 0.0136109 -0.00014935 0.000221695 
5 5 5 0.0131948 -0.000131654 -1.76505e-05 
6 5 5 0.0114569 -0.00010499 -0.000116914 
7 5 5 0.00925559 -9.38759e-05 -0.000168829 
0 6 6 0 0 0 
1 6 6 0 0 0 
2 6 6 0 0 0 
3 6 6 0 0 0 
4 6 6 0 0 0 
5 6 6 0 0 0 
6 6 6 0 0 0 
7 6 6 0 0 0 
0 7 7 0 0 0 
1 7 7 0 0 0 
2 7 7 0 0 0 
3 7 7 0 0 0 
4 7 7 0 0 0 
5 7 7 0 0 0 
6 7 7 0 0 0 
7 7 7 0 0 0 
0 0 0 0 0 0 
1 0 0 0 0 0 
2 0 0 0 0 0 
3 0 0 0 0 0 
4 0 0 0 0 0 
5 0 0 0 0 0 
6 0 0 0 0 0 
7 0 0 0 0 0 
0 1 1 0 0 0 
1 1 1 0 0 0 
2 1 1 0 0 0 
3 1 1 0 0 0 
4 1 1 0 0 0 
5 1 1 0 0 0 
6 1 1 0 0 0 
7 1 1 0 0 0 
0 2 2 0 0 0 
1 2 2 0 0 0 
2 2 2 0 0 0 
3 2 2 0 0 0 
4 2 2 0 0 0 
5 2 2 0 0 0 
6 2 2 0 0 0 
7 2 2 0 0 0 
0 3 3 0 0 0 
1 3 3 0 0 0 
2 3 3 0 0 0 
3 3 3 0 0 0 
4 3 3 0 0 0 
5 3 3 0 0 0 
6 3 3 0 0 0 
7 3 3 0 0 0 
0 4 4 0 0 0 
1 4 4 0 0 0 
2 4 4 0 0 0 
3 4 4 0 0 0 
4 4 4 0 0 0 
5 4 4 0 0 0 
6 4 4 0 0 0 
7 4 4 0 0 0 
0 5 5 0 0 0 
1 5 5 0 0 0 
2 5 5 0 0 0 
3 5 5 0 0 0 
4 5 5 0 0 0 
5 5 5 0 0 0 
6 5 5 0 0 0 
7 5 5 0 0 0 
0 6 6 0 0 0 
1 6 6 0 0 0 
2 6 6 0 0 0 
3 6 6 0 0 0 
4 6 6 0 0 0 
5 6 6 0 0 0 
6 6 6 0 0 0 
7 6 6 0 0 0 
0 7 7 0 0 0 
1 7 7 0 0 0 
2 7 7 0 0 0 
3 7 7 0 0 0 
4 7 7 0 0 0 
5 7 7 0 0 0 
6 7 7 0 0 0 
7 7 7 0 0 0 
