0 0 0 0 0 0 
1 0 0 0 0 0 
2 0 0 0 0 0 
3 0 0 0 0 0 
4 0 0 0 0 0 
5 0 0 0 0 0 
6 0 0 0 0 0 
7 0 0 0 0 0 
0 1 1 0 0 0 
1 1 1 0 0 0 
2 1 1 0 0 0 
3 1 1 0 0 0 
4 1 1 0 0 0 
5 1 1 0 0 0 
6 1 1 0 0 0 
7 1 1 0 0 0 
0 2 2 0 0 0 
1 2 2 0 0 0 
2 2 2 0 0 0 
3 2 2 0 0 0 
4 2 2 0 0 0 
5 2 2 0 0 0 
6 2 2 0 0 0 
7 2 2 0 0 0 
0 3 3 0 0 0 
1 3 3 0 0 0 
2 3 3 0 0 0 
3 3 3 0 0 0 
4 3 3 0 0 0 
5 3 3 0 0 0 
6 3 3 0 0 0 
7 3 3 0 0 0 
0 4 4 0 0 0 
1 4 4 0 0 0 
2 4 4 0 0 0 
3 4 4 0 0 0 
4 4 4 0 0 0 
5 4 4 0 0 0 
6 4 4 0 0 0 
7 4 4 0 0 0 
0 5 5 0 0 0 
1 5 5 0 0 0 
2 5 5 0 0 0 
3 5 5 0 0 0 
4 5 5 0 0 0 
5 5 5 0 0 0 
6 5 5 0 0 0 
7 5 5 0 0 0 
0 6 6 0 0 0 
1 6 6 0 0 0 
2 6 6 0 0 0 
3 6 6 0 0 0 
4 6 6 0 0 0 
5 6 6 0 0 0 
6 6 6 0 0 0 
7 6 6 0 0 0 
0 7 7 0 0 0 
1 7 7 0 0 0 
2 7 7 0 0 0 
3 7 7 0 0 0 
4 7 7 0 0 0 
5 7 7 0 0 0 
6 7 7 0 0 0 
7 7 7 0 0 0 
0 0 0 0 0 0 
1 0 0 0 0 0 
2 0 0 0 0 0 
3 0 0 0 0 0 
4 0 0 0 0 0 
5 0 0 0 0 0 
6 0 0 0 0 0 
7 0 0 0 0 0 
0 1 1 0 0 0 
1 1 1 0 0 0 
2 1 1 0 0 0 
3 1 1 0 0 0 
4 1 1 0 0 0 
5 1 1 0 0 0 
6 1 1 0 0 0 
7 1 1 0 0 0 
0 2 2 0 0 0 
1 2 2 -0.0299854 0.00363517 0.00739792 
2 2 2 -0.0905448 0.00115665 0.00251877 
3 2 2 -0.107854 0.000823921 0.000160088 
4 2 2 -0.0928478 -0.000455282 -0.00257946 
5 2 2 -0.0501486 -0.00101204 -0.00347765 
6 2 2 -0.0127163 -0.000688185 -0.00230691 
7 2 2 0.0101635 -0.00040405 -0.00135918 
0 3 3 0 0 0 
1 3 3 -0.149434 0.00704015 0.0490933 
2 3 3 -0.253656 0.00299851 0.0182111 
3 3 3 -0.280554 0.00151499 -0.00124873 
4 3 3 -0.208808 -0.00133104 -0.0181423 
5 3 3 -0.0767552 -0.00238468 -0.0219434 
6 3 3 0.0338889 -0.00165352 -0.014811 
7 3 3 0.104121 -0.00101336 -0.0091761 
0 4 4 0 0 0 
1 4 4 -0.149436 -0.00703216 0.0490962 
2 4 4 -0.253656 -0.00295657 0.0182208 
3 4 4 -0.280586 -0.0014627 -0.00123451 
4 4 4 -0.208856 0.00139852 -0.0181272 
5 4 4 -0.0768129 0.0024662 -0.0219251 
6 4 4 0.0338308 0.00172671 -0.0147958 
7 4 4 0.104066 0.00106647 -0.00916453 
0 5 5 0 0 0 
1 5 5 -0.0299443 -0.00362018 0.00739408 
2 5 5 -0.0905513 -0.00113469 0.00253577 
3 5 5 -0.107885 -0.000806782 0.000172157 
4 5 5 -0.0928844 0.0004724 -0.00256881 
5 5 5 -0.0501882 0.00102851 -0.00346707 
6 5 5 -0.0127569 0.000700794 -0.00229918 
7 5 5 0.0101277 0.000412524 -0.00135432 
0 6 6 0 0 0 
1 6 6 0 0 0 
2 6 6 0 0 0 
3 6 6 0 0 0 
4 6 6 0 0 0 
5 6 6 0 0 0 
6 6 6 0 0 0 
7 6 6 0 0 0 
0 7 7 0 0 0 
1 7 7 0 0 0 
2 7 7 0 0 0 
3 7 7 0 0 0 
4 7 7 0 0 0 
5 7 7 0 0 0 
6 7 7 0 0 0 
7 7 7 0 0 0 
0 0 0 0 0 0 
1 0 0 0 0 0 
2 0 0 0 0 0 
3 0 0 0 0 0 
4 0 0 0 0 0 
5 0 0 0 0 0 
6 0 0 0 0 0 
7 0 0 0 0 0 
0 1 1 0 0 0 
1 1 1 -0.0299451 0.00743348 0.00357035 
2 1 1 -0.090484 0.00255303 0.00111164 
3 1 1 -0.107834 0.000166595 0.000814758 
4 1 1 -0.092838 -0.00257972 -0.000453772 
5 1 1 -0.0501457 -0.00347972 -0.00100859 
6 1 1 -0.0127148 -0.00230766 -0.000687385 
7 1 1 0.010165 -0.00135941 -0.000404104 
0 2 2 -0.0468147 0.0393006 0.0394721 
1 2 2 -0.0935086 0.0494411 0.0493891 
2 2 2 -0.120223 0.0156446 0.0154306 
3 2 2 -0.10126 -0.00996958 -0.0100359 
4 2 2 -0.00189697 -0.0360037 -0.0360073 
5 2 2 0.154327 -0.0402942 -0.0402849 
6 2 2 0.283654 -0.0270844 -0.0270837 
7 2 2 0.367066 -0.0171967 -0.0171986 
0 3 3 1.34127 0.0139312 0.0520576 
1 3 3 0.637323 0.010209 0.0484514 
2 3 3 0.57732 0.000655635 0.0121929 
3 3 3 0.625943 -0.0119032 -0.038841 
4 3 3 0.697488 -0.0291307 -0.0948577 
5 3 3 0.789855 -0.0322304 -0.103757 
6 3 3 0.867679 -0.021859 -0.0707081 
7 3 3 0.919499 -0.0141865 -0.0460992 
0 4 4 1.34139 -0.0140788 0.0519481 
1 4 4 0.637442 -0.0103114 0.0483921 
2 4 4 0.577237 -0.000660132 0.0122455 
3 4 4 0.625694 0.0119355 -0.0387848 
4 4 4 0.697162 0.0291663 -0.0948182 
5 4 4 0.789497 0.0322853 -0.103713 
6 4 4 0.867336 0.0219461 -0.0706665 
7 4 4 0.919208 0.014269 -0.046072 
0 5 5 -0.0466666 -0.0393278 0.0393146 
1 5 5 -0.0935492 -0.0493609 0.0495237 
2 5 5 -0.120615 -0.0155485 0.0155984 
3 5 5 -0.101763 0.0100009 -0.00995839 
4 5 5 -0.00241206 0.0360256 -0.0359595 
5 5 5 0.153837 0.04031 -0.0402414 
6 5 5 0.283224 0.0270995 -0.0270571 
7 5 5 0.366719 0.0172104 -0.0171867 
0 6 6 0 0 0 
1 6 6 -0.030008 -0.00740254 0.00363771 
2 6 6 -0.090604 -0.00253715 0.00113296 
3 6 6 -0.107918 -0.000166593 0.000817589 
4 6 6 -0.0929091 0.00257887 -0.000455523 
5 6 6 -0.0502081 0.00347606 -0.00101394 
6 6 6 -0.0127697 0.00230378 -0.000694008 
7 6 6 0.0101213 0.00135682 -0.000409066 
0 7 7 0 0 0 
1 7 7 0 0 0 
2 7 7 0 0 0 
3 7 7 0 0 0 
4 7 7 0 0 0 
5 7 7 0 0 0 
6 7 7 0 0 0 
7 7 7 0 0 0 
0 0 0 0 0 0 
1 0 0 0 0 0 
2 0 0 0 0 0 
3 0 0 0 0 0 
4 0 0 0 0 0 
5 0 0 0 0 0 
6 0 0 0 0 0 
7 0 0 0 0 0 
0 1 1 0 0 0 
1 1 1 -0.148727 0.0490816 0.00700869 
2 1 1 -0.253283 0.0183116 0.00299289 
3 1 1 -0.280447 -0.00123845 0.00150176 
4 1 1 -0.208757 -0.0181401 -0.00131376 
5 1 1 -0.0767398 -0.0219456 -0.002367 
6 1 1 0.0338992 -0.0148149 -0.00164647 
7 1 1 0.104127 -0.00917752 -0.00100902 
0 2 2 1.34148 0.0517162 0.0139743 
1 2 2 0.638196 0.0482752 0.0102116 
2 2 2 0.577663 0.0123212 0.000579155 
3 2 2 0.626147 -0.0387982 -0.0119622 
4 2 2 0.69761 -0.094841 -0.0291151 
5 2 2 0.789924 -0.103767 -0.0321839 
6 2 2 0.86773 -0.0707205 -0.0218388 
7 2 2 0.919535 -0.0461025 -0.0141814 
0 3 3 4.17527 0.07552 0.0755998 
1 3 3 3.74257 -0.00440128 -0.00422074 
2 3 3 3.77782 -0.0209995 -0.0210001 
3 3 3 3.7106 -0.0479377 -0.0479967 
4 3 3 3.51291 -0.0914336 -0.0914617 
5 3 3 3.22031 -0.098494 -0.0984425 
6 3 3 2.97425 -0.0677325 -0.0676747 
7 3 3 2.81332 -0.0451631 -0.0451448 
0 4 4 4.17515 -0.0758914 0.0756103 
1 4 4 3.74215 0.00397763 -0.00401881 
2 4 4 3.77716 0.0207801 -0.0208466 
3 4 4 3.70995 0.0478644 -0.047918 
4 4 4 3.5123 0.0914181 -0.091417 
5 4 4 3.21973 0.0984493 -0.0984026 
6 4 4 2.97373 0.0677174 -0.0676606 
7 4 4 2.8129 0.0451898 -0.0451524 
0 5 5 1.33793 -0.0527793 0.0144088 
1 5 5 0.635712 -0.0486868 0.0103713 
2 5 5 0.576422 -0.0123948 0.000511788 
3 5 5 0.625184 0.0387387 -0.0119901 
4 5 5 0.696816 0.0948178 -0.0291499 
5 5 5 0.789251 0.103733 -0.0322426 
6 5 5 0.867184 0.0706966 -0.0219143 
7 5 5 0.919127 0.0460945 -0.0142506 
0 6 6 0 0 0 
1 6 6 -0.149973 -0.049282 0.0067987 
2 6 6 -0.253791 -0.0182976 0.0027309 
3 6 6 -0.280711 0.00121281 0.00142021 
4 6 6 -0.208973 0.0181229 -0.00139577 
5 6 6 -0.0769088 0.0219276 -0.00245215 
6 6 6 0.033765 0.0148005 -0.00171533 
7 6 6 0.104034 0.00917032 -0.00105813 
0 7 7 0 0 0 
1 7 7 0 0 0 
2 7 7 0 0 0 
3 7 7 0 0 0 
4 7 7 0 0 0 
5 7 7 0 0 0 
6 7 7 0 0 0 
7 7 7 0 0 0 
0 0 0 0 0 0 
1 0 0 0 0 0 
2 0 0 0 0 0 
3 0 0 0 0 0 
4 0 0 0 0 0 
5 0 0 0 0 0 
6 0 0 0 0 0 
7 0 0 0 0 0 
0 1 1 0 0 0 
1 1 1 -0.149525 0.04917 -0.00691912 
2 1 1 -0.253564 0.0182397 -0.00291194 
3 1 1 -0.2805 -0.00123076 -0.00145838 
4 1 1 -0.208822 -0.0181135 0.00142533 
5 1 1 -0.0768192 -0.0219176 0.00248933 
6 1 1 0.0338221 -0.014795 0.00174022 
7 1 1 0.104067 -0.00916556 0.00107572 
0 2 2 1.34127 0.0520323 -0.0141469 
1 2 2 0.637186 0.0483859 -0.0103541 
2 2 2 0.577142 0.0122307 -0.000687639 
3 2 2 0.62572 -0.0387763 0.0119133 
4 2 2 0.697149 -0.0947652 0.0292037 
5 2 2 0.789461 -0.103687 0.0323485 
6 2 2 0.867319 -0.0706698 0.0219904 
7 2 2 0.919195 -0.046071 0.0142959 
0 3 3 4.17471 0.0756458 -0.075808 
1 3 3 3.74166 -0.00410618 0.00415739 
2 3 3 3.77674 -0.0208989 0.0207303 
3 3 3 3.70951 -0.0478602 0.0477763 
4 3 3 3.51185 -0.0913297 0.0913878 
5 3 3 3.21938 -0.0983975 0.0985267 
6 3 3 2.9735 -0.0676928 0.0678099 
7 3 3 2.81273 -0.0451564 0.045238 
0 4 4 4.1747 -0.0754759 -0.0755564 
1 4 4 3.74188 0.00445082 0.00446965 
2 4 4 3.77721 0.0210172 0.020896 
3 4 4 3.71007 0.047953 0.0478263 
4 4 4 3.51242 0.0914329 0.0914275 
5 4 4 3.21991 0.098456 0.0985633 
6 4 4 2.97394 0.0677099 0.0678028 
7 4 4 2.81306 0.0451687 0.0452094 
0 5 5 1.34137 -0.0517178 -0.0133913 
1 5 5 0.638601 -0.0482302 -0.0100445 
2 5 5 0.577753 -0.0123442 -0.000915611 
3 5 5 0.626139 0.03881 0.0117805 
4 5 5 0.697533 0.0948295 0.0291154 
5 5 5 0.789813 0.103749 0.0322487 
6 5 5 0.867607 0.070717 0.0218724 
7 5 5 0.919423 0.0461052 0.0141988 
0 6 6 0 0 0 
1 6 6 -0.148503 -0.0491302 -0.00765048 
2 6 6 -0.253135 -0.018313 -0.00331485 
3 6 6 -0.28047 0.0012439 -0.00159265 
4 6 6 -0.208812 0.0181424 0.00130585 
5 6 6 -0.0767962 0.0219454 0.00237775 
6 6 6 0.0338486 0.014814 0.00165573 
7 6 6 0.10409 0.00917696 0.00101912 
0 7 7 0 0 0 
1 7 7 0 0 0 
2 7 7 0 0 0 
3 7 7 0 0 0 
4 7 7 0 0 0 
5 7 7 0 0 0 
6 7 7 0 0 0 
7 7 7 0 0 0 
0 0 0 0 0 0 
1 0 0 0 0 0 
2 0 0 0 0 0 
3 0 0 0 0 0 
4 0 0 0 0 0 
5 0 0 0 0 0 
6 0 0 0 0 0 
7 0 0 0 0 0 
0 1 1 0 0 0 
1 1 1 -0.0299902 0.00739537 -0.00364016 
2 1 1 -0.0905459 0.00252098 -0.0011525 
3 1 1 -0.107855 0.000173326 -0.000805492 
4 1 1 -0.0928768 -0.00256244 0.00047938 
5 1 1 -0.0501998 -0.00346257 0.00103453 
6 1 1 -0.0127675 -0.00229686 0.000705304 
7 1 1 0.0101214 -0.00135322 0.000414989 
0 2 2 -0.0469171 0.039594 -0.0392058 
1 2 2 -0.0937268 0.0494863 -0.0494647 
2 2 2 -0.120539 0.0154228 -0.0157828 
3 2 2 -0.101723 -0.00993826 0.00997842 
4 2 2 -0.00247757 -0.0358975 0.0360406 
5 2 2 0.153723 -0.0402046 0.0403373 
6 2 2 0.283122 -0.0270383 0.02713 
7 2 2 0.366637 -0.0171723 0.0172317 
0 3 3 1.34013 0.0141303 -0.0517986 
1 3 3 0.63762 0.010398 -0.0483839 
2 3 3 0.576444 0.000640234 -0.012654 
3 3 3 0.624776 -0.0118756 0.0386507 
4 3 3 0.696287 -0.0290696 0.0947751 
5 3 3 0.788801 -0.0322099 0.103746 
6 3 3 0.866849 -0.0218946 0.0707313 
7 3 3 0.918867 -0.0142321 0.0461183 
0 4 4 1.33975 -0.013793 -0.0519717 
1 4 4 0.637557 -0.0101383 -0.048397 
2 4 4 0.576756 -0.000606155 -0.0125462 
3 4 4 0.625274 0.0118768 0.0387147 
4 4 4 0.696815 0.0290591 0.0948245 
5 4 4 0.789306 0.0321633 0.103796 
6 4 4 0.867273 0.0218326 0.0707601 
7 4 4 0.919192 0.0141806 0.0461313 
0 5 5 -0.0469282 -0.0391709 -0.0395244 
1 5 5 -0.0931722 -0.0494054 -0.0493532 
2 5 5 -0.119814 -0.0155547 -0.0156176 
3 5 5 -0.10104 0.00996143 0.00998886 
4 5 5 -0.00185964 0.0359388 0.0360455 
5 5 5 0.154269 0.0402474 0.0403363 
6 5 5 0.283563 0.0270664 0.0271148 
7 5 5 0.366972 0.0171873 0.0172165 
0 6 6 0 0 0 
1 6 6 -0.0296181 -0.00751333 -0.00346478 
2 6 6 -0.0903385 -0.0025422 -0.00115568 
3 6 6 -0.107781 -0.000159803 -0.000830274 
4 6 6 -0.0928245 0.00257743 0.000458032 
5 6 6 -0.0501509 0.00347649 0.00101535 
6 6 6 -0.0127261 0.00230601 0.000690935 
7 6 6 0.0101542 0.00135849 0.000406402 
0 7 7 0 0 0 
1 7 7 0 0 0 
2 7 7 0 0 0 
3 7 7 0 0 0 
4 7 7 0 0 0 
5 7 7 0 0 0 
6 7 7 0 0 0 
7 7 7 0 0 0 
0 0 0 0 0 0 
1 0 0 0 0 0 
2 0 0 0 0 0 
3 0 0 0 0 0 
4 0 0 0 0 0 
5 0 0 0 0 0 
6 0 0 0 0 0 
7 0 0 0 0 0 
0 1 1 0 0 0 
1 1 1 0 0 0 
2 1 1 0 0 0 
3 1 1 0 0 0 
4 1 1 0 0 0 
5 1 1 0 0 0 
6 1 1 0 0 0 
7 1 1 0 0 0 
0 2 2 0 0 0 
1 2 2 -0.0296968 0.00344364 -0.00754629 
2 2 2 -0.0904373 0.00109776 -0.00258165 
3 2 2 -0.107876 0.000826938 -0.00016485 
4 2 2 -0.0929126 -0.000446098 0.00258169 
5 2 2 -0.0502354 -0.00100757 0.00347896 
6 2 2 -0.0127951 -0.000689218 0.00230712 
7 2 2 0.0101032 -0.000406486 0.00135878 
0 3 3 0 0 0 
1 3 3 -0.148764 0.00704158 -0.0492852 
2 3 3 -0.253232 0.0029627 -0.018422 
3 3 3 -0.280698 0.00148378 0.00119419 
4 3 3 -0.209086 -0.00136561 0.0181096 
5 3 3 -0.0770609 -0.00243698 0.0219258 
6 3 3 0.0336414 -0.00170624 0.0148059 
7 3 3 0.10394 -0.00105272 0.00917254 
0 4 4 0 0 0 
1 4 4 -0.148831 -0.00705481 -0.0493062 
2 4 4 -0.253213 -0.00302465 -0.0183985 
3 4 4 -0.280609 -0.00155272 0.0012143 
4 4 4 -0.208991 0.0012857 0.0181302 
5 4 4 -0.0769681 0.00235535 0.0219468 
6 4 4 0.0337196 0.00164356 0.0148197 
7 4 4 0.104004 0.00101241 0.00918196 
0 5 5 0 0 0 
1 5 5 -0.0297017 -0.00346226 -0.00753649 
2 5 5 -0.0903938 -0.00112691 -0.0025583 
3 5 5 -0.107811 -0.000837071 -0.000157007 
4 5 5 -0.0928544 0.00043694 0.00258891 
5 5 5 -0.0501788 0.000998873 0.00348631 
6 5 5 -0.0127458 0.000682736 0.00231157 
7 5 5 0.0101412 0.000402286 0.00136145 
0 6 6 0 0 0 
1 6 6 0 0 0 
2 6 6 0 0 0 
3 6 6 0 0 0 
4 6 6 0 0 0 
5 6 6 0 0 0 
6 6 6 0 0 0 
7 6 6 0 0 0 
0 7 7 0 0 0 
1 7 7 0 0 0 
2 7 7 0 0 0 
3 7 7 0 0 0 
4 7 7 0 0 0 
5 7 7 0 0 0 
6 7 7 0 0 0 
7 7 7 0 0 0 
0 0 0 0 0 0 
1 0 0 0 0 0 
2 0 0 0 0 0 
3 0 0 0 0 0 
4 0 0 0 0 0 
5 0 0 0 0 0 
6 0 0 0 0 0 
7 0 0 0 0 0 
0 1 1 0 0 0 
1 1 1 0 0 0 
2 1 1 0 0 0 
3 1 1 0 0 0 
4 1 1 0 0 0 
5 1 1 0 0 0 
6 1 1 0 0 0 
7 1 1 0 0 0 
0 2 2 0 0 0 
1 2 2 0 0 0 
2 2 2 0 0 0 
3 2 2 0 0 0 
4 2 2 0 0 0 
5 2 2 0 0 0 
6 2 2 0 0 0 
7 2 2 0 0 0 
0 3 3 0 0 0 
1 3 3 0 0 0 
2 3 3 0 0 0 
3 3 3 0 0 0 
4 3 3 0 0 0 
5 3 3 0 0 0 
6 3 3 0 0 0 
7 3 3 0 0 0 
0 4 4 0 0 0 
1 4 4 0 0 0 
2 4 4 0 0 0 
3 4 4 0 0 0 
4 4 4 0 0 0 
5 4 4 0 0 0 
6 4 4 0 0 0 
7 4 4 0 0 0 
0 5 5 0 0 0 
1 5 5 0 0 0 
2 5 5 0 0 0 
3 5 5 0 0 0 
4 5 5 0 0 0 
5 5 5 0 0 0 
6 5 5 0 0 0 
7 5 5 0 0 0 
0 6 6 0 0 0 
1 6 6 0 0 0 
2 6 6 0 0 0 
3 6 6 0 0 0 
4 6 6 0 0 0 
5 6 6 0 0 0 
6 6 6 0 0 0 
7 6 6 0 0 0 
0 7 7 0 0 0 
1 7 7 0 0 0 
2 7 7 0 0 0 
3 7 7 0 0 0 
4 7 7 0 0 0 
5 7 7 0 0 0 
6 7 7 0 0 0 
7 7 7 0 0 0 
