0 0 0 0
1 0 0 0
2 0 0 0
3 0 0 0
4 0 0 0
5 0 0 0
6 0 0 0
7 0 0 0
8 0 0 0
9 0 0 0
10 0 0 0
11 0 0 0
12 0 0 0
13 0 0 0
14 0 0 0
15 0 0 0
16 0 0 0
17 0 0 0
18 0 0 0
19 0 0 0
20 0 0 0
21 0 0 0
22 0 0 0
23 0 0 0
24 0 0 0
25 0 0 0
26 0 0 0
27 0 0 0
28 0 0 0
29 0 0 0
30 0 0 0
31 0 0 0
32 0 0 0
33 0 0 0
34 0 0 0
35 0 0 0
36 0 0 0
37 0 0 0
38 0 0 0
39 0 0 0
40 0 0 0
41 0 0 0
42 0 0 0
43 0 0 0
44 0 0 0
45 0 0 0
46 0 0 0
47 0 0 0
48 0 0 0
49 0 0 0
50 0 0 0
51 0 0 0
52 0 0 0
53 0 0 0
54 0 0 0
55 0 0 0
56 0 0 0
57 0 0 0
58 0 0 0
59 0 0 0
60 0 0 0
61 0 0 0
62 0 0 0
63 0 0 0
64 0 0 0
65 0 0 0
66 0 0 0
67 0 0 0
68 0 0 0
69 0 0 0
70 0 0 0
71 0 0 0
72 0 0 0
73 0 0 0
74 0 0 0
75 0 0 0
76 0 0 0
77 0 0 0
78 0 0 0
79 0 0 0
80 0 0 0
81 0 0 0
82 0 0 0
83 0 0 0
84 0 0 0
85 0 0 0
86 0 0 0
87 0 0 0
88 0 0 0
89 0 0 0
90 0 0 0
91 0 0 0
92 0 0 0
93 0 0 0
94 0 0 0
95 0 0 0
96 0 0 0
97 0 0 0
98 0 0 0
99 0 0 0
100 0 0 0
101 0 0 0
102 0 0 0
103 0 0 0
104 0 0 0
105 0 0 0
106 0 0 0
107 0 0 0
108 0 0 0
109 0 0 0
110 0 0 0
111 0 0 0
112 0 0 0
113 0 0 0
114 0 0 0
115 0 0 0
116 0 0 0
117 0 0 0
118 0 0 0
119 0 0 0
120 0 0 0
121 0 0 0
122 0 0 0
123 0 0 0
124 0 0 0
125 0 0 0
126 0 0 0
127 0 0 0
128 0 0 0
129 0 0 0
130 0 0 0
131 0 0 0
132 0 0 0
133 0 0 0
134 0 0 0
135 0 0 0
136 0 0 0
137 0 0 0
138 0 0 0
139 0 0 0
140 0 0 0
141 0 0 0
142 0 0 0
143 0 0 0
144 0 0 0
145 0 0 0
146 0 0 0
147 0 0 0
148 0 0 0
149 0 0 0
150 0 0 0
151 0 0 0
152 0 0 0
153 0 0 0
154 0 0 0
155 0 0 0
156 0 0 0
157 0 0 0
158 0 0 0
159 0 0 0
160 0 0 0
161 0 0 0
162 0 0 0
163 0 0 0
164 0 0 0
165 0 0 0
166 0 0 0
167 0 0 0
168 0 0 0
169 0 0 0
170 0 0 0
171 0 0 0
172 0 0 0
173 0 0 0
174 0 0 0
175 0 0 0
176 0 0 0
177 0 0 0
178 0 0 0
179 0 0 0
180 0 0 0
181 0 0 0
182 0 0 0
183 0 0 0
184 0 0 0
185 0 0 0
186 0 0 0
187 0 0 0
188 0 0 0
189 0 0 0
190 0 0 0
191 0 0 0
192 0 0 0
193 0 0 0
194 0 0 0
195 0 0 0
196 0 0 0
197 0 0 0
198 0 0 0
199 0 0 0
200 0 0 0
201 0 0 0
202 0 0 0
203 0 0 0
204 0 0 0
205 0 0 0
206 0 0 0
207 0 0 0
208 0 0 0
209 0 0 0
210 0 0 0
211 0 0 0
212 0 0 0
213 0 0 0
214 0 0 0
215 0 0 0
216 0 0 0
217 0 0 0
218 0 0 0
219 0 0 0
220 0 0 0
221 0 0 0
222 0 0 0
223 0 0 0
224 0 0 0
225 0 0 0
226 0 0 0
227 0 0 0
228 0 0 0
229 0 0 0
230 0 0 0
231 0 0 0
232 0 0 0
233 0 0 0
234 0 0 0
235 0 0 0
236 0 0 0
237 0 0 0
238 0 0 0
239 0 0 0
240 0 0 0
241 0 0 0
242 0 0 0
243 0 0 0
244 0 0 0
245 0 0 0
246 0 0 0
247 0 0 0
248 0 0 0
249 0 0 0
250 0 0 0
251 0 0 0
252 0 0 0
253 0 0 0
254 0 0 0
255 0 0 0
256 0 0 0
257 0 0 0
258 0 0 0
259 0 0 0
260 0 0 0
261 0 0 0
262 0 0 0
263 0 0 0
264 0 0 0
265 0 0 0
266 0 0 0
267 0 0 0
268 0 0 0
269 0 0 0
270 0 0 0
271 0 0 0
272 0 0 0
273 0 0 0
274 0 0 0
275 0 0 0
276 0 0 0
277 0 0 0
278 0 0 0
279 0 0 0
280 0 0 0
281 0 0 0
282 0 0 0
283 0 0 0
284 0 0 0
285 0 0 0
286 0 0 0
287 0 0 0
288 0 0 0
289 0 0 0
290 0 0 0
291 0 0 0
292 0 0 0
293 0 0 0
294 0 0 0
295 0 0 0
296 0 0 0
297 0 0 0
298 0 0 0
299 0 0 0
300 0 0 0
301 0 0 0
302 0 0 0
303 0 0 0
304 0 0 0
305 0 0 0
306 0 0 0
307 0 0 0
308 0 0 0
309 0 0 0
310 0 0 0
311 0 0 0
312 0 0 0
313 0 0 0
314 0 0 0
315 0 0 0
316 0 0 0
317 0 0 0
318 0 0 0
319 0 0 0
320 0 0 0
321 0 0 0
322 0 0 0
323 0 0 0
324 0 0 0
325 0 0 0
326 0 0 0
327 0 0 0
328 0 0 0
329 0 0 0
330 0 0 0
331 0 0 0
332 0 0 0
333 0 0 0
334 0 0 0
335 0 0 0
336 0 0 0
337 0 0 0
338 0 0 0
339 0 0 0
340 0 0 0
341 0 0 0
342 0 0 0
343 0 0 0
344 0 0 0
345 0 0 0
346 0 0 0
347 0 0 0
348 0 0 0
349 0 0 0
350 0 0 0
351 0 0 0
352 0 0 0
353 0 0 0
354 0 0 0
355 0 0 0
356 0 0 0
357 0 0 0
358 0 0 0
359 0 0 0
360 0 0 0
361 0 0 0
362 0 0 0
363 0 0 0
364 0 0 0
365 0 0 0
366 0 0 0
367 0 0 0
368 0 0 0
369 0 0 0
370 0 0 0
371 0 0 0
372 0 0 0
373 0 0 0
374 0 0 0
375 0 0 0
376 0 0 0
377 0 0 0
378 0 0 0
379 0 0 0
380 0 0 0
381 0 0 0
382 0 0 0
383 0 0 0
384 0 0 0
385 0 0 0
386 0 0 0
387 0 0 0
388 0 0 0
389 0 0 0
390 0 0 0
391 0 0 0
392 0 0 0
393 0 0 0
394 0 0 0
395 0 0 0
396 0 0 0
397 0 0 0
398 0 0 0
399 0 0 0
400 0 0 0
401 0 0 0
402 0 0 0
403 0 0 0
404 0 0 0
405 0 0 0
406 0 0 0
407 0 0 0
408 0 0 0
409 0 0 0
410 0 0 0
411 0 0 0
412 0 0 0
413 0 0 0
414 0 0 0
415 0 0 0
416 0 0 0
417 0 0 0
418 0 0 0
419 0 0 0
420 0 0 0
421 0 0 0
422 0 0 0
423 0 0 0
424 0 0 0
425 0 0 0
426 0 0 0
427 0 0 0
428 0 0 0
429 0 0 0
430 0 0 0
431 0 0 0
432 0 0 0
433 0 0 0
434 0 0 0
435 0 0 0
436 0 0 0
437 0 0 0
438 0 0 0
439 0 0 0
440 0 0 0
441 0 0 0
442 0 0 0
443 0 0 0
444 0 0 0
445 0 0 0
446 0 0 0
447 0 0 0
448 0 0 0
449 0 0 0
450 0 0 0
451 0 0 0
452 0 0 0
453 0 0 0
454 0 0 0
455 0 0 0
456 0 0 0
457 0 0 0
458 0 0 0
459 0 0 0
460 0 0 0
461 0 0 0
462 0 0 0
463 0 0 0
464 0 0 0
465 0 0 0
466 0 0 0
467 0 0 0
468 0 0 0
469 0 0 0
470 0 0 0
471 0 0 0
472 0 0 0
473 0 0 0
474 0 0 0
475 0 0 0
476 0 0 0
477 0 0 0
478 0 0 0
479 0 0 0
480 0 0 0
481 0 0 0
482 0 0 0
483 0 0 0
484 0 0 0
485 0 0 0
486 0 0 0
487 0 0 0
488 0 0 0
489 0 0 0
490 0 0 0
491 0 0 0
492 0 0 0
493 0 0 0
494 0 0 0
495 0 0 0
496 0 0 0
497 0 0 0
498 0 0 0
499 0 0 0
500 0 0 0
501 0 0 0
502 0 0 0
503 0 0 0
504 0 0 0
505 0 0 0
506 0 0 0
507 0 0 0
508 0 0 0
509 0 0 0
510 0 0 0
511 0 0 0
512 0 0 0
513 0 0 0
514 0 0 0
515 0 0 0
516 0 0 0
517 0 0 0
518 0 0 0
519 0 0 0
520 0 0 0
521 0 0 0
522 0 0 0
523 0 0 0
524 0 0 0
525 0 0 0
526 0 0 0
527 0 0 0
528 0 0 0
529 0 0 0
530 0 0 0
531 0 0 0
532 0 0 0
533 0 0 0
534 0 0 0
535 0 0 0
536 0 0 0
537 0 0 0
538 0 0 0
539 0 0 0
540 0 0 0
541 0 0 0
542 0 0 0
543 0 0 0
544 0 0 0
545 0 0 0
546 0 0 0
547 0 0 0
548 0 0 0
549 0 0 0
550 0 0 0
551 0 0 0
552 0 0 0
553 0 0 0
554 0 0 0
555 0 0 0
556 0 0 0
557 0 0 0
558 0 0 0
559 0 0 0
560 0 0 0
561 0 0 0
562 0 0 0
563 0 0 0
564 0 0 0
565 0 0 0
566 0 0 0
567 0 0 0
568 0 0 0
569 0 0 0
570 0 0 0
571 0 0 0
572 0 0 0
573 0 0 0
574 0 0 0
575 0 0 0
576 0 0 0
577 0 0 0
578 0 0 0
579 0 0 0
580 0 0 0
581 0 0 0
582 0 0 0
583 0 0 0
584 0 0 0
585 0 0 0
586 0 0 0
587 0 0 0
588 0 0 0
589 0 0 0
590 0 0 0
591 0 0 0
592 0 0 0
593 0 0 0
594 0 0 0
595 0 0 0
596 0 0 0
597 0 0 0
598 0 0 0
599 0 0 0
600 0 0 0
601 0 0 0
602 0 0 0
603 0 0 0
604 0 0 0
605 0 0 0
606 0 0 0
607 0 0 0
608 0 0 0
609 0 0 0
610 0 0 0
611 0 0 0
612 0 0 0
613 0 0 0
614 0 0 0
615 0 0 0
616 0 0 0
617 0 0 0
618 0 0 0
619 0 0 0
620 0 0 0
621 0 0 0
622 0 0 0
623 0 0 0
624 0 0 0
625 0 0 0
626 0 0 0
627 0 0 0
628 0 0 0
629 0 0 0
630 0 0 0
631 0 0 0
632 0 0 0
633 0 0 0
634 0 0 0
635 0 0 0
636 0 0 0
637 0 0 0
638 0 0 0
639 0 0 0
640 0 0 0
641 0 0 0
642 0 0 0
643 0 0 0
644 0 0 0
645 0 0 0
646 0 0 0
647 0 0 0
648 0 0 0
649 0 0 0
650 0 0 0
651 0 0 0
652 0 0 0
653 0 0 0
654 0 0 0
655 0 0 0
656 0 0 0
657 0 0 0
658 0 0 0
659 0 0 0
660 0 0 0
661 0 0 0
662 0 0 0
663 0 0 0
664 0 0 0
665 0 0 0
666 0 0 0
667 0 0 0
668 0 0 0
669 0 0 0
670 0 0 0
671 0 0 0
672 0 0 0
673 0 0 0
674 0 0 0
675 0 0 0
676 0 0 0
677 0 0 0
678 0 0 0
679 0 0 0
680 0 0 0
681 0 0 0
682 0 0 0
683 0 0 0
684 0 0 0
685 0 0 0
686 0 0 0
687 0 0 0
688 0 0 0
689 0 0 0
690 0 0 0
691 0 0 0
692 0 0 0
693 0 0 0
694 0 0 0
695 0 0 0
696 0 0 0
697 0 0 0
698 0 0 0
699 0 0 0
700 0 0 0
701 0 0 0
702 0 0 0
703 0 0 0
704 0 0 0
705 0 0 0
706 0 0 0
707 0 0 0
708 0 0 0
709 0 0 0
710 0 0 0
711 0 0 0
712 0 0 0
713 0 0 0
714 0 0 0
715 0 0 0
716 0 0 0
717 0 0 0
718 0 0 0
719 0 0 0
720 0 0 0
721 0 0 0
722 0 0 0
723 0 0 0
724 0 0 0
725 0 0 0
726 0 0 0
727 0 0 0
728 0 0 0
729 0 0 0
730 0 0 0
731 0 0 0
732 0 0 0
733 0 0 0
734 0 0 0
735 0 0 0
736 0 0 0
737 0 0 0
738 0 0 0
739 0 0 0
740 0 0 0
741 0 0 0
742 0 0 0
743 0 0 0
744 0 0 0
745 0 0 0
746 0 0 0
747 0 0 0
748 0 0 0
749 0 0 0
750 0 0 0
751 0 0 0
752 0 0 0
753 0 0 0
754 0 0 0
755 0 0 0
756 0 0 0
757 0 0 0
758 0 0 0
759 0 0 0
760 0 0 0
761 0 0 0
762 0 0 0
763 0 0 0
764 0 0 0
765 0 0 0
766 0 0 0
767 0 0 0
768 0 0 0
769 0 0 0
770 0 0 0
771 0 0 0
772 0 0 0
773 0 0 0
774 0 0 0
775 0 0 0
776 0 0 0
777 0 0 0
778 0 0 0
779 0 0 0
780 0 0 0
781 0 0 0
782 0 0 0
783 0 0 0
784 0 0 0
785 0 0 0
786 0 0 0
787 0 0 0
788 0 0 0
789 0 0 0
790 0 0 0
791 0 0 0
792 0 0 0
793 0 0 0
794 0 0 0
795 0 0 0
796 0 0 0
797 0 0 0
798 0 0 0
799 0 0 0
800 0 0 0
801 0 0 0
802 0 0 0
803 0 0 0
804 0 0 0
805 0 0 0
806 0 0 0
807 0 0 0
808 0 0 0
809 0 0 0
810 0 0 0
811 0 0 0
812 0 0 0
813 0 0 0
814 0 0 0
815 0 0 0
816 0 0 0
817 0 0 0
818 0 0 0
819 0 0 0
820 0 0 0
821 0 0 0
822 0 0 0
823 0 0 0
824 0 0 0
825 0 0 0
826 0 0 0
827 0 0 0
828 0 0 0
829 0 0 0
830 0 0 0
831 0 0 0
832 0 0 0
833 0 0 0
834 0 0 0
835 0 0 0
836 0 0 0
837 0 0 0
838 0 0 0
839 0 0 0
840 0 0 0
841 0 0 0
842 0 0 0
843 0 0 0
844 0 0 0
845 0 0 0
846 0 0 0
847 0 0 0
848 0 0 0
849 0 0 0
850 0 0 0
851 0 0 0
852 0 0 0
853 0 0 0
854 0 0 0
855 0 0 0
856 0 0 0
857 0 0 0
858 0 0 0
875 0 0 0
876 0 0 0
877 0 0 0
878 0 0 0
879 0 0 0
880 0 0 0
881 0 0 0
882 0 0 0
948 0 0 0
966 0 0 0
967 0 0 0
968 0 0 0
969 0 0 0
970 0 0 0
971 0 0 0
1038 0 0 0
1056 0 0 0
1057 0 0 0
1058 0 0 0
1059 0 0 0
1060 0 0 0
1061 0 0 0
1128 0 0 0
1146 0 0 0
1147 0 0 0
1148 0 0 0
1149 0 0 0
1150 0 0 0
1151 0 0 0
1218 0 0 0
1235 0 0 0
1236 0 0 0
1237 0 0 0
1238 0 0 0
1239 0 0 0
1240 0 0 0
1241 0 0 0
1242 0 0 0
1308 0 0 0
1309 0 0 0
1310 0 0 0
1311 0 0 0
1312 0 0 0
1313 0 0 0
1314 0 0 0
1315 0 0 0
1316 0 0 0
1317 0 0 0
1318 0 0 0
1319 0 0 0
1320 0 0 0
1321 0 0 0
1322 0 0 0
1323 0 0 0
1324 0 0 0
1325 0 0 0
1326 0 0 0
1327 0 0 0
1328 0 0 0
1329 0 0 0
1330 0 0 0
1331 0 0 0
1332 0 0 0
1333 0 0 0
1334 0 0 0
1335 0 0 0
1336 0 0 0
1337 0 0 0
1338 0 0 0
1339 0 0 0
1340 0 0 0
1341 0 0 0
1342 0 0 0
1343 0 0 0
1344 0 0 0
1345 0 0 0
1346 0 0 0
1347 0 0 0
1348 0 0 0
1349 0 0 0
1350 0 0 0
1351 0 0 0
1352 0 0 0
1353 0 0 0
1354 0 0 0
1355 0 0 0
1356 0 0 0
1357 0 0 0
1358 0 0 0
1359 0 0 0
1360 0 0 0
1361 0 0 0
1362 0 0 0
1363 0 0 0
1364 0 0 0
1365 0 0 0
1366 0 0 0
1367 0 0 0
1368 0 0 0
1369 0 0 0
1370 0 0 0
1371 0 0 0
1372 0 0 0
1373 0 0 0
1374 0 0 0
1375 0 0 0
1376 0 0 0
1377 0 0 0
1378 0 0 0
1379 0 0 0
1380 0 0 0
1381 0 0 0
1382 0 0 0
1383 0 0 0
1384 0 0 0
1385 0 0 0
1386 0 0 0
1387 0 0 0
1388 0 0 0
1389 0 0 0
1390 0 0 0
1391 0 0 0
1392 0 0 0
1393 0 0 0
1394 0 0 0
1395 0 0 0
1396 0 0 0
1397 0 0 0
1398 0 0 0
1399 0 0 0
1400 0 0 0
1401 0 0 0
1402 0 0 0
1403 0 0 0
1404 0 0 0
1405 0 0 0
1406 0 0 0
1407 0 0 0
1408 0 0 0
1409 0 0 0
1410 0 0 0
1411 0 0 0
1412 0 0 0
1413 0 0 0
1414 0 0 0
1415 0 0 0
1416 0 0 0
1417 0 0 0
1418 0 0 0
1419 0 0 0
1420 0 0 0
1421 0 0 0
1422 0 0 0
1423 0 0 0
1424 0 0 0
1425 0 0 0
1426 0 0 0
1427 0 0 0
1428 0 0 0
1429 0 0 0
1430 0 0 0
1431 0 0 0
1432 0 0 0
1433 0 0 0
1434 0 0 0
1435 0 0 0
1436 0 0 0
1437 0 0 0
1438 0 0 0
1439 0 0 0
1440 0 0 0
1441 0 0 0
1442 0 0 0
1443 0 0 0
1444 0 0 0
1445 0 0 0
1446 0 0 0
1447 0 0 0
1448 0 0 0
1449 0 0 0
1450 0 0 0
1451 0 0 0
1452 0 0 0
1453 0 0 0
1454 0 0 0
1455 0 0 0
1456 0 0 0
1457 0 0 0
1458 0 0 0
1459 0 0 0
1460 0 0 0
1461 0 0 0
1462 0 0 0
1463 0 0 0
1464 0 0 0
1465 0 0 0
1466 0 0 0
1467 0 0 0
1468 0 0 0
1469 0 0 0
1470 0 0 0
1471 0 0 0
1472 0 0 0
1473 0 0 0
1474 0 0 0
1475 0 0 0
1476 0 0 0
1477 0 0 0
1478 0 0 0
1479 0 0 0
1480 0 0 0
1481 0 0 0
1482 0 0 0
1483 0 0 0
1484 0 0 0
1485 0 0 0
1486 0 0 0
1487 0 0 0
1488 0 0 0
1489 0 0 0
1490 0 0 0
1491 0 0 0
1492 0 0 0
1493 0 0 0
1494 0 0 0
1495 0 0 0
1496 0 0 0
1497 0 0 0
1498 0 0 0
1499 0 0 0
1500 0 0 0
1501 0 0 0
1502 0 0 0
1503 0 0 0
1504 0 0 0
1505 0 0 0
1506 0 0 0
1507 0 0 0
1508 0 0 0
1509 0 0 0
1510 0 0 0
1511 0 0 0
1512 0 0 0
1513 0 0 0
1514 0 0 0
1515 0 0 0
1516 0 0 0
1517 0 0 0
1518 0 0 0
1519 0 0 0
1520 0 0 0
1521 0 0 0
1522 0 0 0
1523 0 0 0
1524 0 0 0
1525 0 0 0
1526 0 0 0
1527 0 0 0
1528 0 0 0
1529 0 0 0
1530 0 0 0
1531 0 0 0
1532 0 0 0
1533 0 0 0
1534 0 0 0
1535 0 0 0
1536 0 0 0
1537 0 0 0
1538 0 0 0
1539 0 0 0
1540 0 0 0
1541 0 0 0
1542 0 0 0
1543 0 0 0
1544 0 0 0
1545 0 0 0
1546 0 0 0
1547 0 0 0
1548 0 0 0
1549 0 0 0
1550 0 0 0
1551 0 0 0
1552 0 0 0
1553 0 0 0
1554 0 0 0
1555 0 0 0
1556 0 0 0
1557 0 0 0
1558 0 0 0
1559 0 0 0
1560 0 0 0
1561 0 0 0
1562 0 0 0
1563 0 0 0
1564 0 0 0
1565 0 0 0
1566 0 0 0
1567 0 0 0
1568 0 0 0
1569 0 0 0
1570 0 0 0
1571 0 0 0
1572 0 0 0
1573 0 0 0
1574 0 0 0
1575 0 0 0
1576 0 0 0
1577 0 0 0
1578 0 0 0
1579 0 0 0
1580 0 0 0
1581 0 0 0
1582 0 0 0
1583 0 0 0
1584 0 0 0
1585 0 0 0
1586 0 0 0
1587 0 0 0
1588 0 0 0
1589 0 0 0
1590 0 0 0
1591 0 0 0
1592 0 0 0
1593 0 0 0
1594 0 0 0
1595 0 0 0
1596 0 0 0
1597 0 0 0
1598 0 0 0
1599 0 0 0
1600 0 0 0
1601 0 0 0
1602 0 0 0
1603 0 0 0
1604 0 0 0
1605 0 0 0
1606 0 0 0
1607 0 0 0
1608 0 0 0
1609 0 0 0
1610 0 0 0
1611 0 0 0
1612 0 0 0
1613 0 0 0
1614 0 0 0
1615 0 0 0
1616 0 0 0
1617 0 0 0
1618 0 0 0
1619 0 0 0
1620 0 0 0
1621 0 0 0
1622 0 0 0
1623 0 0 0
1624 0 0 0
1625 0 0 0
1626 0 0 0
1627 0 0 0
1628 0 0 0
1629 0 0 0
1630 0 0 0
1631 0 0 0
1632 0 0 0
1633 0 0 0
1634 0 0 0
1635 0 0 0
1636 0 0 0
1637 0 0 0
1638 0 0 0
1639 0 0 0
1640 0 0 0
1641 0 0 0
1642 0 0 0
1643 0 0 0
1644 0 0 0
1645 0 0 0
1646 0 0 0
1647 0 0 0
1648 0 0 0
1649 0 0 0
1650 0 0 0
1651 0 0 0
1652 0 0 0
1653 0 0 0
1654 0 0 0
1655 0 0 0
1656 0 0 0
1657 0 0 0
1658 0 0 0
1659 0 0 0
1660 0 0 0
1661 0 0 0
1662 0 0 0
1663 0 0 0
1664 0 0 0
1665 0 0 0
1666 0 0 0
1667 0 0 0
1668 0 0 0
1669 0 0 0
1670 0 0 0
1671 0 0 0
1672 0 0 0
1673 0 0 0
1674 0 0 0
1675 0 0 0
1676 0 0 0
1677 0 0 0
1678 0 0 0
1679 0 0 0
1680 0 0 0
1681 0 0 0
1682 0 0 0
1683 0 0 0
1684 0 0 0
1685 0 0 0
1686 0 0 0
1687 0 0 0
1688 0 0 0
1689 0 0 0
1690 0 0 0
1691 0 0 0
1692 0 0 0
1693 0 0 0
1694 0 0 0
1695 0 0 0
1696 0 0 0
1697 0 0 0
1698 0 0 0
1699 0 0 0
1700 0 0 0
1701 0 0 0
1702 0 0 0
1703 0 0 0
1704 0 0 0
1705 0 0 0
1706 0 0 0
1707 0 0 0
1708 0 0 0
1709 0 0 0
1710 0 0 0
1711 0 0 0
1712 0 0 0
1713 0 0 0
1714 0 0 0
1715 0 0 0
1716 0 0 0
1717 0 0 0
1718 0 0 0
1719 0 0 0
1720 0 0 0
1721 0 0 0
1722 0 0 0
1723 0 0 0
1724 0 0 0
1725 0 0 0
1726 0 0 0
1727 0 0 0
1728 0 0 0
1729 0 0 0
1730 0 0 0
1731 0 0 0
1732 0 0 0
1733 0 0 0
1734 0 0 0
1735 0 0 0
1736 0 0 0
1737 0 0 0
1738 0 0 0
1739 0 0 0
1740 0 0 0
1741 0 0 0
1742 0 0 0
1759 0 0 0
1760 0 0 0
1761 0 0 0
1762 0 0 0
1763 0 0 0
1764 0 0 0
1765 0 0 0
1766 0 0 0
1832 0.238732 0 0
1851 0 0 0
1852 0 0 0
1853 0 0 0
1854 0 0 0
1855 0 0 0
1856 0 0 0
1924 0.437676 0 0
1943 0 0 0
1944 0 0 0
1945 0 0 0
1946 0 0 0
1947 0 0 0
1948 0 0 0
2016 0.557042 0 0
2036 0 0 0
2037 0 0 0
2038 0 0 0
2039 0 0 0
2108 0.596831 0 0
2128 0 0 0
2129 0 0 0
2130 0 0 0
2131 0 0 0
2200 0.557042 0 0
2220 0 0 0
2221 0 0 0
2222 0 0 0
2223 0 0 0
2292 0.437676 0 0
2311 0 0 0
2312 0 0 0
2313 0 0 0
2314 0 0 0
2315 0 0 0
2316 0 0 0
2384 0.238732 0 0
2403 0 0 0
2404 0 0 0
2405 0 0 0
2406 0 0 0
2407 0 0 0
2408 0 0 0
2476 0 0 0
2493 0 0 0
2494 0 0 0
2495 0 0 0
2496 0 0 0
2497 0 0 0
2498 0 0 0
2499 0 0 0
2500 0 0 0
2566 0 0 0
2567 0 0 0
2568 0 0 0
2569 0 0 0
2570 0 0 0
2571 0 0 0
2572 0 0 0
2573 0 0 0
2574 0 0 0
2575 0 0 0
2576 0 0 0
2577 0 0 0
2578 0 0 0
2579 0 0 0
2580 0 0 0
2581 0 0 0
2582 0 0 0
2583 0 0 0
2584 0 0 0
2585 0 0 0
2586 0 0 0
2587 0 0 0
2588 0 0 0
2589 0 0 0
2590 0 0 0
2591 0 0 0
2592 0 0 0
2593 0 0 0
2594 0 0 0
2595 0 0 0
2596 0 0 0
2597 0 0 0
2598 0 0 0
2599 0 0 0
2600 0 0 0
2601 0 0 0
2602 0 0 0
2603 0 0 0
2604 0 0 0
2605 0 0 0
2606 0 0 0
2607 0 0 0
2608 0 0 0
2609 0 0 0
2610 0 0 0
2611 0 0 0
2612 0 0 0
2613 0 0 0
2614 0 0 0
2615 0 0 0
2616 0 0 0
2617 0 0 0
2618 0 0 0
2619 0 0 0
2620 0 0 0
2621 0 0 0
2622 0 0 0
2623 0 0 0
2624 0 0 0
2625 0 0 0
2626 0 0 0
2627 0 0 0
2628 0 0 0
2629 0 0 0
2630 0 0 0
2631 0 0 0
2632 0 0 0
2633 0 0 0
2634 0 0 0
2635 0 0 0
2636 0 0 0
2637 0 0 0
2638 0 0 0
2639 0 0 0
2640 0 0 0
2641 0 0 0
2642 0 0 0
2643 0 0 0
2644 0 0 0
2645 0 0 0
2646 0 0 0
2647 0 0 0
2648 0 0 0
2649 0 0 0
2650 0 0 0
2651 0 0 0
2652 0 0 0
2653 0 0 0
2654 0 0 0
2655 0 0 0
2656 0 0 0
2657 0 0 0
2658 0 0 0
2659 0 0 0
2660 0 0 0
2661 0 0 0
2662 0 0 0
2663 0 0 0
2664 0 0 0
2665 0 0 0
2666 0 0 0
2667 0 0 0
2668 0 0 0
2669 0 0 0
2670 0 0 0
2671 0 0 0
2672 0 0 0
2673 0 0 0
2674 0 0 0
2675 0 0 0
2676 0 0 0
2677 0 0 0
2678 0 0 0
2679 0 0 0
2680 0 0 0
2681 0 0 0
2682 0 0 0
2683 0 0 0
2684 0 0 0
2685 0 0 0
2686 0 0 0
2687 0 0 0
2688 0 0 0
2689 0 0 0
2690 0 0 0
2691 0 0 0
2692 0 0 0
2693 0 0 0
2694 0 0 0
2695 0 0 0
2696 0 0 0
2697 0 0 0
2698 0 0 0
2699 0 0 0
2700 0 0 0
2701 0 0 0
2702 0 0 0
2703 0 0 0
2704 0 0 0
2705 0 0 0
2706 0 0 0
2707 0 0 0
2708 0 0 0
2709 0 0 0
2710 0 0 0
2711 0 0 0
2712 0 0 0
2713 0 0 0
2714 0 0 0
2715 0 0 0
2716 0 0 0
2717 0 0 0
2718 0 0 0
2719 0 0 0
2720 0 0 0
2721 0 0 0
2722 0 0 0
2723 0 0 0
2724 0 0 0
2725 0 0 0
2726 0 0 0
2727 0 0 0
2728 0 0 0
2729 0 0 0
2730 0 0 0
2731 0 0 0
2732 0 0 0
2733 0 0 0
2734 0 0 0
2735 0 0 0
2736 0 0 0
2737 0 0 0
2738 0 0 0
2739 0 0 0
2740 0 0 0
2741 0 0 0
2742 0 0 0
2743 0 0 0
2744 0 0 0
2745 0 0 0
2746 0 0 0
2747 0 0 0
2748 0 0 0
2749 0 0 0
2750 0 0 0
2751 0 0 0
2752 0 0 0
2753 0 0 0
2754 0 0 0
2755 0 0 0
2756 0 0 0
2757 0 0 0
2758 0 0 0
2759 0 0 0
2760 0 0 0
2761 0 0 0
2762 0 0 0
2763 0 0 0
2764 0 0 0
2765 0 0 0
2766 0 0 0
2767 0 0 0
2768 0 0 0
2769 0 0 0
2770 0 0 0
2771 0 0 0
2772 0 0 0
2773 0 0 0
2774 0 0 0
2775 0 0 0
2776 0 0 0
2777 0 0 0
2778 0 0 0
2779 0 0 0
2780 0 0 0
2781 0 0 0
2782 0 0 0
2783 0 0 0
2784 0 0 0
2785 0 0 0
2786 0 0 0
2787 0 0 0
2788 0 0 0
2789 0 0 0
2790 0 0 0
2791 0 0 0
2792 0 0 0
2793 0 0 0
2794 0 0 0
2795 0 0 0
2796 0 0 0
2797 0 0 0
2798 0 0 0
2799 0 0 0
2800 0 0 0
2801 0 0 0
2802 0 0 0
2803 0 0 0
2804 0 0 0
2805 0 0 0
2806 0 0 0
2807 0 0 0
2808 0 0 0
2809 0 0 0
2810 0 0 0
2811 0 0 0
2812 0 0 0
2813 0 0 0
2814 0 0 0
2815 0 0 0
2816 0 0 0
2817 0 0 0
2818 0 0 0
2819 0 0 0
2820 0 0 0
2821 0 0 0
2822 0 0 0
2823 0 0 0
2824 0 0 0
2825 0 0 0
2826 0 0 0
2827 0 0 0
2828 0 0 0
2829 0 0 0
2830 0 0 0
2831 0 0 0
2832 0 0 0
2833 0 0 0
2834 0 0 0
2835 0 0 0
2836 0 0 0
2837 0 0 0
2838 0 0 0
2839 0 0 0
2840 0 0 0
2841 0 0 0
2842 0 0 0
2843 0 0 0
2844 0 0 0
2845 0 0 0
2846 0 0 0
2847 0 0 0
2848 0 0 0
2849 0 0 0
2850 0 0 0
2851 0 0 0
2852 0 0 0
2853 0 0 0
2854 0 0 0
2855 0 0 0
2856 0 0 0
2857 0 0 0
2858 0 0 0
2859 0 0 0
2860 0 0 0
2861 0 0 0
2862 0 0 0
2863 0 0 0
2864 0 0 0
2865 0 0 0
2866 0 0 0
2867 0 0 0
2868 0 0 0
2869 0 0 0
2870 0 0 0
2871 0 0 0
2872 0 0 0
2873 0 0 0
2874 0 0 0
2875 0 0 0
2876 0 0 0
2877 0 0 0
2878 0 0 0
2879 0 0 0
2880 0 0 0
2881 0 0 0
2882 0 0 0
2883 0 0 0
2884 0 0 0
2885 0 0 0
2886 0 0 0
2887 0 0 0
2888 0 0 0
2889 0 0 0
2890 0 0 0
2891 0 0 0
2892 0 0 0
2893 0 0 0
2894 0 0 0
2895 0 0 0
2896 0 0 0
2897 0 0 0
2898 0 0 0
2899 0 0 0
2900 0 0 0
2901 0 0 0
2902 0 0 0
2903 0 0 0
2904 0 0 0
2905 0 0 0
2906 0 0 0
2907 0 0 0
2908 0 0 0
2909 0 0 0
2910 0 0 0
2911 0 0 0
2912 0 0 0
2913 0 0 0
2914 0.119366 0 0
2932 0 0 0
2933 0 0 0
2934 0 0 0
2935 0 0 0
2936 0 0 0
2937 0 0 0
3004 0.477465 0 0
3023 0 0 0
3024 0 0 0
3025 0 0 0
3026 0 0 0
3027 0 0 0
3028 0 0 0
3096 0.755986 0 0
3116 0 0 0
3117 0 0 0
3118 0 0 0
3119 0 0 0
3120 0 0 0
3121 0 0 0
3190 0.95493 0 0
3211 0 0 0
3212 0 0 0
3213 0 0 0
3214 0 0 0
3284 1.0743 0 0
3305 0 0 0
3306 0 0 0
3307 0 0 0
3308 0 0 0
3309 0 0 0
3310 0 0 0
3380 1.11408 0 0
3401 0 0 0
3402 0 0 0
3403 0 0 0
3404 0 0 0
3405 0 0 0
3406 0 0 0
3476 1.0743 0 0
3497 0 0 0
3498 0 0 0
3499 0 0 0
3500 0 0 0
3501 0 0 0
3502 0 0 0
3572 0.95493 0 0
3593 0 0 0
3594 0 0 0
3595 0 0 0
3596 0 0 0
3666 0.755986 0 0
3686 0 0 0
3687 0 0 0
3688 0 0 0
3689 0 0 0
3690 0 0 0
3691 0 0 0
3760 0.477465 0 0
3779 0 0 0
3780 0 0 0
3781 0 0 0
3782 0 0 0
3783 0 0 0
3784 0 0 0
3852 0.119366 0 0
3870 0 0 0
3871 0 0 0
3872 0 0 0
3873 0 0 0
3874 0 0 0
3875 0 0 0
3942 0 0 0
3943 0 0 0
3944 0 0 0
3945 0 0 0
3946 0 0 0
3947 0 0 0
3948 0 0 0
3949 0 0 0
3950 0 0 0
3951 0 0 0
3952 0 0 0
3953 0 0 0
3954 0 0 0
3955 0 0 0
3956 0 0 0
3957 0 0 0
3958 0 0 0
3959 0 0 0
3960 0 0 0
3961 0 0 0
3962 0 0 0
3963 0 0 0
3964 0 0 0
3965 0 0 0
3966 0 0 0
3967 0 0 0
3968 0 0 0
3969 0 0 0
3970 0 0 0
3971 0 0 0
3972 0 0 0
3973 0 0 0
3974 0 0 0
3975 0 0 0
3976 0 0 0
3977 0 0 0
3978 0 0 0
3979 0 0 0
3980 0 0 0
3981 0 0 0
3982 0 0 0
3983 0 0 0
3984 0 0 0
3985 0 0 0
3986 0 0 0
3987 0 0 0
3988 0 0 0
3989 0 0 0
3990 0 0 0
3991 0 0 0
3992 0 0 0
3993 0 0 0
3994 0 0 0
3995 0 0 0
3996 0 0 0
3997 0 0 0
3998 0 0 0
3999 0 0 0
4000 0 0 0
4001 0 0 0
4002 0 0 0
4003 0 0 0
4004 0 0 0
4005 0 0 0
4006 0 0 0
4007 0 0 0
4008 0 0 0
4009 0 0 0
4010 0 0 0
4011 0 0 0
4012 0 0 0
4013 0 0 0
4014 0 0 0
4015 0 0 0
4016 0 0 0
4017 0 0 0
4018 0 0 0
4019 0 0 0
4020 0 0 0
4021 0 0 0
4022 0 0 0
4023 0 0 0
4024 0 0 0
4025 0 0 0
4026 0 0 0
4027 0 0 0
4028 0 0 0
4029 0 0 0
4030 0 0 0
4031 0 0 0
4032 0 0 0
4033 0 0 0
4034 0 0 0
4035 0 0 0
4036 0 0 0
4037 0 0 0
4038 0 0 0
4039 0 0 0
4040 0 0 0
4041 0 0 0
4042 0 0 0
4043 0 0 0
4044 0 0 0
4045 0 0 0
4046 0 0 0
4047 0 0 0
4048 0 0 0
4049 0 0 0
4050 0 0 0
4051 0 0 0
4052 0 0 0
4053 0 0 0
4054 0 0 0
4055 0 0 0
4056 0 0 0
4057 0 0 0
4058 0 0 0
4059 0 0 0
4060 0 0 0
4061 0 0 0
4062 0 0 0
4063 0 0 0
4064 0 0 0
4065 0 0 0
4066 0 0 0
4067 0 0 0
4068 0 0 0
4069 0 0 0
4070 0 0 0
4071 0 0 0
4072 0 0 0
4073 0 0 0
4074 0 0 0
4075 0 0 0
4076 0 0 0
4077 0 0 0
4078 0 0 0
4079 0 0 0
4080 0 0 0
4081 0 0 0
4082 0 0 0
4083 0 0 0
4084 0 0 0
4085 0 0 0
4086 0 0 0
4087 0 0 0
4088 0 0 0
4089 0 0 0
4090 0 0 0
4091 0 0 0
4092 0 0 0
4093 0 0 0
4094 0 0 0
4095 0 0 0
4096 0 0 0
4097 0 0 0
4098 0 0 0
4099 0 0 0
4100 0 0 0
4101 0 0 0
4102 0 0 0
4103 0 0 0
4104 0 0 0
4105 0 0 0
4106 0 0 0
4107 0 0 0
4108 0 0 0
4109 0 0 0
4110 0 0 0
4111 0 0 0
4112 0 0 0
4113 0 0 0
4114 0 0 0
4115 0 0 0
4116 0 0 0
4117 0 0 0
4118 0 0 0
4119 0 0 0
4120 0 0 0
4121 0 0 0
4122 0 0 0
4123 0 0 0
4124 0 0 0
4125 0 0 0
4126 0 0 0
4127 0 0 0
4128 0 0 0
4129 0 0 0
4130 0 0 0
4131 0 0 0
4132 0 0 0
4133 0 0 0
4134 0 0 0
4135 0 0 0
4136 0 0 0
4137 0 0 0
4138 0 0 0
4139 0 0 0
4140 0 0 0
4141 0 0 0
4142 0 0 0
4143 0 0 0
4144 0 0 0
4145 0 0 0
4146 0 0 0
4147 0 0 0
4148 0 0 0
4149 0 0 0
4150 0 0 0
4151 0 0 0
4152 0 0 0
4153 0 0 0
4154 0 0 0
4155 0 0 0
4156 0 0 0
4157 0 0 0
4158 0 0 0
4159 0 0 0
4160 0 0 0
4161 0 0 0
4162 0 0 0
4163 0 0 0
4164 0 0 0
4165 0 0 0
4166 0 0 0
4167 0 0 0
4168 0 0 0
4169 0 0 0
4170 0 0 0
4171 0 0 0
4172 0 0 0
4173 0 0 0
4174 0 0 0
4175 0 0 0
4176 0 0 0
4177 0 0 0
4178 0 0 0
4179 0 0 0
4180 0 0 0
4181 0 0 0
4182 0 0 0
4183 0 0 0
4184 0 0 0
4185 0 0 0
4186 0 0 0
4187 0 0 0
4188 0 0 0
4189 0 0 0
4190 0 0 0
4191 0 0 0
4192 0 0 0
4193 0 0 0
4194 0 0 0
4195 0 0 0
4196 0 0 0
4197 0 0 0
4198 0 0 0
4199 0 0 0
4200 0 0 0
4201 0 0 0
4202 0 0 0
4203 0 0 0
4204 0 0 0
4205 0 0 0
4206 0 0 0
4207 0 0 0
4208 0 0 0
4209 0 0 0
4210 0 0 0
4211 0 0 0
4212 0 0 0
4213 0 0 0
4214 0 0 0
4215 0 0 0
4216 0 0 0
4217 0 0 0
4218 0 0 0
4219 0 0 0
4220 0 0 0
4221 0 0 0
4222 0 0 0
4223 0 0 0
4224 0 0 0
4225 0 0 0
4226 0 0 0
4227 0 0 0
4228 0 0 0
4229 0 0 0
4230 0 0 0
4231 0 0 0
4232 0 0 0
4233 0 0 0
4234 0 0 0
4235 0 0 0
4236 0 0 0
4237 0 0 0
4238 0 0 0
4239 0 0 0
4240 0 0 0
4241 0 0 0
4242 0 0 0
4243 0 0 0
4244 0 0 0
4245 0 0 0
4246 0 0 0
4247 0 0 0
4248 0 0 0
4249 0 0 0
4250 0 0 0
4251 0 0 0
4252 0 0 0
4253 0 0 0
4254 0 0 0
4255 0 0 0
4256 0 0 0
4257 0 0 0
4258 0 0 0
4259 0 0 0
4260 0 0 0
4261 0 0 0
4262 0 0 0
4263 0 0 0
4264 0 0 0
4265 0 0 0
4266 0 0 0
4267 0 0 0
4268 0 0 0
4269 0 0 0
4270 0 0 0
4271 0 0 0
4272 0 0 0
4273 0 0 0
4274 0 0 0
4275 0 0 0
4276 0 0 0
4277 0 0 0
4278 0 0 0
4279 0 0 0
4280 0 0 0
4281 0 0 0
4282 0 0 0
4283 0 0 0
4284 0 0 0
4285 0 0 0
4286 0 0 0
4287 0 0 0
4288 0.119366 0 0
4306 0 0 0
4307 0 0 0
4308 0 0 0
4309 0 0 0
4310 0 0 0
4311 0 0 0
4378 0.557042 0 0
4397 0 0 0
4398 0 0 0
4399 0 0 0
4400 0 0 0
4401 0 0 0
4402 0 0 0
4470 0.915141 0 0
4490 0 0 0
4491 0 0 0
4492 0 0 0
4493 0 0 0
4494 0 0 0
4495 0 0 0
4564 1.19366 0 0
4585 0 0 0
4586 0 0 0
4587 0 0 0
4588 0 0 0
4589 0 0 0
4590 0 0 0
4660 1.39261 0 0
4682 0 0 0
4683 0 0 0
4684 0 0 0
4685 0 0 0
4686 0 0 0
4757 1.51197 0 0
4779 0 0 0
4780 0 0 0
4781 0 0 0
4782 0 0 0
4783 0 0 0
4854 1.55176 0 0
4877 0 0 0
4878 0 0 0
4879 0 0 0
4951 1.51197 0 0
4973 0 0 0
4974 0 0 0
4975 0 0 0
4976 0 0 0
4977 0 0 0
5048 1.39261 0 0
5070 0 0 0
5071 0 0 0
5072 0 0 0
5073 0 0 0
5074 0 0 0
5145 1.19366 0 0
5166 0 0 0
5167 0 0 0
5168 0 0 0
5169 0 0 0
5170 0 0 0
5171 0 0 0
5241 0.915141 0 0
5261 0 0 0
5262 0 0 0
5263 0 0 0
5264 0 0 0
5265 0 0 0
5266 0 0 0
5335 0.557042 0 0
5354 0 0 0
5355 0 0 0
5356 0 0 0
5357 0 0 0
5358 0 0 0
5359 0 0 0
5427 0.119366 0 0
5445 0 0 0
5446 0 0 0
5447 0 0 0
5448 0 0 0
5449 0 0 0
5450 0 0 0
5517 0 0 0
5518 0 0 0
5519 0 0 0
5520 0 0 0
5521 0 0 0
5522 0 0 0
5523 0 0 0
5524 0 0 0
5525 0 0 0
5526 0 0 0
5527 0 0 0
5528 0 0 0
5529 0 0 0
5530 0 0 0
5531 0 0 0
5532 0 0 0
5533 0 0 0
5534 0 0 0
5535 0 0 0
5536 0 0 0
5537 0 0 0
5538 0 0 0
5539 0 0 0
5540 0 0 0
5541 0 0 0
5542 0 0 0
5543 0 0 0
5544 0 0 0
5545 0 0 0
5546 0 0 0
5547 0 0 0
5548 0 0 0
5549 0 0 0
5550 0 0 0
5551 0 0 0
5552 0 0 0
5553 0 0 0
5554 0 0 0
5555 0 0 0
5556 0 0 0
5557 0 0 0
5558 0 0 0
5559 0 0 0
5560 0 0 0
5561 0 0 0
5562 0 0 0
5563 0 0 0
5564 0 0 0
5565 0 0 0
5566 0 0 0
5567 0 0 0
5568 0 0 0
5569 0 0 0
5570 0 0 0
5571 0 0 0
5572 0 0 0
5573 0 0 0
5574 0 0 0
5575 0 0 0
5576 0 0 0
5577 0 0 0
5578 0 0 0
5579 0 0 0
5580 0 0 0
5581 0 0 0
5582 0 0 0
5583 0 0 0
5584 0 0 0
5585 0 0 0
5586 0 0 0
5587 0 0 0
5588 0 0 0
5589 0 0 0
5590 0 0 0
5591 0 0 0
5592 0 0 0
5593 0 0 0
5594 0 0 0
5595 0 0 0
5596 0 0 0
5597 0 0 0
5598 0 0 0
5599 0 0 0
5600 0 0 0
5601 0 0 0
5602 0 0 0
5603 0 0 0
5604 0 0 0
5605 0 0 0
5606 0 0 0
5607 0 0 0
5608 0 0 0
5609 0 0 0
5610 0 0 0
5611 0 0 0
5612 0 0 0
5613 0 0 0
5614 0 0 0
5615 0 0 0
5616 0 0 0
5617 0 0 0
5618 0 0 0
5619 0 0 0
5620 0 0 0
5621 0 0 0
5622 0 0 0
5623 0 0 0
5624 0 0 0
5625 0 0 0
5626 0 0 0
5627 0 0 0
5628 0 0 0
5629 0 0 0
5630 0 0 0
5631 0 0 0
5632 0 0 0
5633 0 0 0
5634 0 0 0
5635 0 0 0
5636 0 0 0
5637 0 0 0
5638 0 0 0
5639 0 0 0
5640 0 0 0
5641 0 0 0
5642 0 0 0
5643 0 0 0
5644 0 0 0
5645 0 0 0
5646 0 0 0
5647 0 0 0
5648 0 0 0
5649 0 0 0
5650 0 0 0
5651 0 0 0
5652 0 0 0
5653 0 0 0
5654 0 0 0
5655 0 0 0
5656 0 0 0
5657 0 0 0
5658 0 0 0
5659 0 0 0
5660 0 0 0
5661 0 0 0
5662 0 0 0
5663 0 0 0
5664 0 0 0
5665 0 0 0
5666 0 0 0
5667 0 0 0
5668 0 0 0
5669 0 0 0
5670 0 0 0
5671 0 0 0
5672 0 0 0
5673 0 0 0
5674 0 0 0
5675 0 0 0
5676 0 0 0
5677 0 0 0
5678 0 0 0
5679 0 0 0
5680 0 0 0
5681 0 0 0
5682 0 0 0
5683 0 0 0
5684 0 0 0
5685 0 0 0
5686 0 0 0
5687 0 0 0
5688 0 0 0
5689 0 0 0
5690 0 0 0
5691 0 0 0
5692 0 0 0
5693 0 0 0
5694 0 0 0
5695 0 0 0
5696 0 0 0
5697 0 0 0
5698 0 0 0
5699 0 0 0
5700 0 0 0
5701 0 0 0
5702 0 0 0
5703 0 0 0
5704 0 0 0
5705 0 0 0
5706 0 0 0
5707 0 0 0
5708 0 0 0
5709 0 0 0
5710 0 0 0
5711 0 0 0
5712 0 0 0
5713 0 0 0
5714 0 0 0
5715 0 0 0
5716 0 0 0
5717 0 0 0
5718 0 0 0
5719 0 0 0
5720 0 0 0
5721 0 0 0
5722 0 0 0
5723 0 0 0
5724 0 0 0
5725 0 0 0
5726 0 0 0
5727 0 0 0
5728 0 0 0
5729 0 0 0
5730 0 0 0
5731 0 0 0
5732 0 0 0
5733 0 0 0
5734 0 0 0
5735 0 0 0
5736 0 0 0
5737 0 0 0
5738 0 0 0
5739 0 0 0
5740 0 0 0
5741 0 0 0
5742 0 0 0
5743 0 0 0
5744 0 0 0
5745 0 0 0
5746 0 0 0
5747 0 0 0
5748 0 0 0
5749 0 0 0
5750 0 0 0
5751 0 0 0
5752 0 0 0
5753 0 0 0
5754 0 0 0
5755 0 0 0
5756 0 0 0
5757 0 0 0
5758 0 0 0
5759 0 0 0
5760 0 0 0
5761 0 0 0
5762 0 0 0
5763 0 0 0
5764 0 0 0
5765 0 0 0
5766 0 0 0
5767 0 0 0
5768 0 0 0
5769 0 0 0
5770 0 0 0
5771 0 0 0
5772 0 0 0
5773 0 0 0
5774 0 0 0
5775 0 0 0
5776 0 0 0
5777 0 0 0
5794 0 0 0
5795 0 0 0
5796 0 0 0
5797 0 0 0
5798 0 0 0
5799 0 0 0
5800 0 0 0
5801 0 0 0
5867 0.477465 0 0
5886 0 0 0
5887 0 0 0
5888 0 0 0
5889 0 0 0
5890 0 0 0
5891 0 0 0
5959 0.915141 0 0
5979 0 0 0
5980 0 0 0
5981 0 0 0
5982 0 0 0
5983 0 0 0
5984 0 0 0
6053 1.27324 0 0
6074 0 0 0
6075 0 0 0
6076 0 0 0
6077 0 0 0
6078 0 0 0
6079 0 0 0
6080 0 0 0
6150 1.55176 0 0
6172 0 0 0
6173 0 0 0
6174 0 0 0
6175 0 0 0
6176 0 0 0
6247 1.7507 0 0
6270 0 0 0
6271 0 0 0
6272 0 0 0
6344 1.87007 0 0
6441 1.90986 0 0
6538 1.87007 0 0
6635 1.7507 0 0
6658 0 0 0
6659 0 0 0
6660 0 0 0
6732 1.55176 0 0
6754 0 0 0
6755 0 0 0
6756 0 0 0
6757 0 0 0
6758 0 0 0
6829 1.27324 0 0
6850 0 0 0
6851 0 0 0
6852 0 0 0
6853 0 0 0
6854 0 0 0
6855 0 0 0
6856 0 0 0
6926 0.915141 0 0
6946 0 0 0
6947 0 0 0
6948 0 0 0
6949 0 0 0
6950 0 0 0
6951 0 0 0
7020 0.477465 0 0
7039 0 0 0
7040 0 0 0
7041 0 0 0
7042 0 0 0
7043 0 0 0
7044 0 0 0
7112 0 0 0
7129 0 0 0
7130 0 0 0
7131 0 0 0
7132 0 0 0
7133 0 0 0
7134 0 0 0
7135 0 0 0
7136 0 0 0
7202 0 0 0
7203 0 0 0
7204 0 0 0
7205 0 0 0
7206 0 0 0
7207 0 0 0
7208 0 0 0
7209 0 0 0
7210 0 0 0
7211 0 0 0
7212 0 0 0
7213 0 0 0
7214 0 0 0
7215 0 0 0
7216 0 0 0
7217 0 0 0
7218 0 0 0
7219 0 0 0
7220 0 0 0
7221 0 0 0
7222 0 0 0
7223 0 0 0
7224 0 0 0
7225 0 0 0
7226 0 0 0
7227 0 0 0
7228 0 0 0
7229 0 0 0
7230 0 0 0
7231 0 0 0
7232 0 0 0
7233 0 0 0
7234 0 0 0
7235 0 0 0
7236 0 0 0
7237 0 0 0
7238 0 0 0
7239 0 0 0
7240 0 0 0
7241 0 0 0
7242 0 0 0
7243 0 0 0
7244 0 0 0
7245 0 0 0
7246 0 0 0
7247 0 0 0
7248 0 0 0
7249 0 0 0
7250 0 0 0
7251 0 0 0
7252 0 0 0
7253 0 0 0
7254 0 0 0
7255 0 0 0
7256 0 0 0
7257 0 0 0
7258 0 0 0
7259 0 0 0
7260 0 0 0
7261 0 0 0
7262 0 0 0
7263 0 0 0
7264 0 0 0
7265 0 0 0
7266 0 0 0
7267 0 0 0
7268 0 0 0
7269 0 0 0
7270 0 0 0
7271 0 0 0
7272 0 0 0
7273 0 0 0
7274 0 0 0
7275 0 0 0
7276 0 0 0
7277 0 0 0
7278 0 0 0
7279 0 0 0
7280 0 0 0
7281 0 0 0
7282 0 0 0
7283 0 0 0
7284 0 0 0
7285 0 0 0
7286 0 0 0
7287 0 0 0
7288 0 0 0
7289 0 0 0
7290 0 0 0
7291 0 0 0
7292 0 0 0
7293 0 0 0
7294 0 0 0
7295 0 0 0
7296 0 0 0
7297 0 0 0
7298 0 0 0
7299 0 0 0
7300 0 0 0
7301 0 0 0
7302 0 0 0
7303 0 0 0
7304 0 0 0
7305 0 0 0
7306 0 0 0
7307 0 0 0
7308 0 0 0
7309 0 0 0
7310 0 0 0
7311 0 0 0
7312 0 0 0
7313 0 0 0
7314 0 0 0
7315 0 0 0
7316 0 0 0
7317 0 0 0
7318 0 0 0
7319 0 0 0
7320 0 0 0
7321 0 0 0
7322 0 0 0
7323 0 0 0
7324 0 0 0
7325 0 0 0
7326 0 0 0
7327 0 0 0
7328 0 0 0
7329 0 0 0
7330 0 0 0
7331 0 0 0
7332 0 0 0
7333 0 0 0
7334 0 0 0
7335 0 0 0
7336 0 0 0
7337 0 0 0
7338 0 0 0
7339 0 0 0
7340 0 0 0
7341 0 0 0
7342 0 0 0
7343 0 0 0
7344 0 0 0
7345 0 0 0
7346 0 0 0
7347 0 0 0
7348 0 0 0
7349 0 0 0
7350 0 0 0
7351 0 0 0
7352 0 0 0
7353 0 0 0
7354 0 0 0
7355 0 0 0
7356 0 0 0
7357 0 0 0
7358 0 0 0
7359 0 0 0
7360 0 0 0
7361 0 0 0
7362 0 0 0
7363 0 0 0
7364 0 0 0
7365 0 0 0
7366 0 0 0
7367 0 0 0
7368 0 0 0
7369 0 0 0
7370 0 0 0
7371 0 0 0
7372 0 0 0
7373 0 0 0
7374 0 0 0
7375 0 0 0
7376 0 0 0
7377 0 0 0
7378 0 0 0
7379 0 0 0
7380 0 0 0
7381 0 0 0
7382 0 0 0
7383 0 0 0
7384 0 0 0
7385 0 0 0
7386 0 0 0
7387 0 0 0
7388 0 0 0
7389 0 0 0
7390 0 0 0
7391 0 0 0
7392 0 0 0
7393 0 0 0
7394 0 0 0
7395 0 0 0
7396 0 0 0
7397 0 0 0
7398 0 0 0
7399 0 0 0
7400 0 0 0
7401 0 0 0
7402 0 0 0
7403 0 0 0
7404 0 0 0
7405 0 0 0
7406 0 0 0
7407 0 0 0
7408 0 0 0
7409 0 0 0
7410 0 0 0
7411 0 0 0
7412 0 0 0
7413 0 0 0
7414 0 0 0
7415 0 0 0
7416 0 0 0
7417 0 0 0
7418 0 0 0
7419 0 0 0
7420 0 0 0
7421 0 0 0
7422 0 0 0
7423 0 0 0
7424 0 0 0
7425 0 0 0
7426 0 0 0
7427 0 0 0
7428 0 0 0
7429 0 0 0
7430 0 0 0
7431 0 0 0
7432 0 0 0
7433 0 0 0
7434 0 0 0
7435 0 0 0
7436 0 0 0
7437 0 0 0
7438 0 0 0
7439 0 0 0
7440 0 0 0
7441 0 0 0
7442 0 0 0
7443 0 0 0
7444 0 0 0
7445 0 0 0
7446 0 0 0
7447 0 0 0
7448 0 0 0
7449 0 0 0
7450 0 0 0
7451 0 0 0
7452 0 0 0
7453 0 0 0
7454 0 0 0
7455 0 0 0
7456 0 0 0
7457 0 0 0
7458 0 0 0
7459 0 0 0
7460 0 0 0
7461 0 0 0
7462 0.238732 0 0
7481 0 0 0
7482 0 0 0
7483 0 0 0
7484 0 0 0
7485 0 0 0
7486 0 0 0
7554 0.755986 0 0
7574 0 0 0
7575 0 0 0
7576 0 0 0
7577 0 0 0
7578 0 0 0
7579 0 0 0
7648 1.19366 0 0
7669 0 0 0
7670 0 0 0
7671 0 0 0
7672 0 0 0
7673 0 0 0
7674 0 0 0
7744 1.55176 0 0
7766 0 0 0
7767 0 0 0
7768 0 0 0
7769 0 0 0
7770 0 0 0
7841 1.83028 0 0
7938 2.02923 0 0
8035 2.14859 0 0
8132 2.18838 0 0
8229 2.14859 0 0
8326 2.02923 0 0
8423 1.83028 0 0
8520 1.55176 0 0
8542 0 0 0
8543 0 0 0
8544 0 0 0
8545 0 0 0
8546 0 0 0
8617 1.19366 0 0
8638 0 0 0
8639 0 0 0
8640 0 0 0
8641 0 0 0
8642 0 0 0
8643 0 0 0
8713 0.755986 0 0
8733 0 0 0
8734 0 0 0
8735 0 0 0
8736 0 0 0
8737 0 0 0
8738 0 0 0
8807 0.238732 0 0
8826 0 0 0
8827 0 0 0
8828 0 0 0
8829 0 0 0
8830 0 0 0
8831 0 0 0
8899 0 0 0
8900 0 0 0
8901 0 0 0
8902 0 0 0
8903 0 0 0
8904 0 0 0
8905 0 0 0
8906 0 0 0
8907 0 0 0
8908 0 0 0
8909 0 0 0
8910 0 0 0
8911 0 0 0
8912 0 0 0
8913 0 0 0
8914 0 0 0
8915 0 0 0
8916 0 0 0
8917 0 0 0
8918 0 0 0
8919 0 0 0
8920 0 0 0
8921 0 0 0
8922 0 0 0
8923 0 0 0
8924 0 0 0
8925 0 0 0
8926 0 0 0
8927 0 0 0
8928 0 0 0
8929 0 0 0
8930 0 0 0
8931 0 0 0
8932 0 0 0
8933 0 0 0
8934 0 0 0
8935 0 0 0
8936 0 0 0
8937 0 0 0
8938 0 0 0
8939 0 0 0
8940 0 0 0
8941 0 0 0
8942 0 0 0
8943 0 0 0
8944 0 0 0
8945 0 0 0
8946 0 0 0
8947 0 0 0
8948 0 0 0
8949 0 0 0
8950 0 0 0
8951 0 0 0
8952 0 0 0
8953 0 0 0
8954 0 0 0
8955 0 0 0
8956 0 0 0
8957 0 0 0
8958 0 0 0
8959 0 0 0
8960 0 0 0
8961 0 0 0
8962 0 0 0
8963 0 0 0
8964 0 0 0
8965 0 0 0
8966 0 0 0
8967 0 0 0
8968 0 0 0
8969 0 0 0
8970 0 0 0
8971 0 0 0
8972 0 0 0
8973 0 0 0
8974 0 0 0
8975 0 0 0
8976 0 0 0
8977 0 0 0
8978 0 0 0
8979 0 0 0
8980 0 0 0
8981 0 0 0
8982 0 0 0
8983 0 0 0
8984 0 0 0
8985 0 0 0
8986 0 0 0
8987 0 0 0
8988 0 0 0
8989 0 0 0
8990 0 0 0
8991 0 0 0
8992 0 0 0
8993 0 0 0
8994 0 0 0
8995 0 0 0
8996 0 0 0
8997 0 0 0
8998 0 0 0
8999 0 0 0
9000 0 0 0
9001 0 0 0
9002 0 0 0
9003 0 0 0
9004 0 0 0
9005 0 0 0
9006 0 0 0
9007 0 0 0
9008 0 0 0
9009 0 0 0
9010 0 0 0
9011 0 0 0
9012 0 0 0
9013 0 0 0
9014 0 0 0
9015 0 0 0
9016 0 0 0
9017 0 0 0
9018 0 0 0
9019 0 0 0
9020 0 0 0
9021 0 0 0
9022 0 0 0
9023 0 0 0
9024 0 0 0
9025 0 0 0
9026 0 0 0
9027 0 0 0
9028 0 0 0
9029 0 0 0
9030 0 0 0
9031 0 0 0
9032 0 0 0
9033 0 0 0
9034 0 0 0
9035 0 0 0
9036 0 0 0
9037 0 0 0
9038 0 0 0
9039 0 0 0
9040 0 0 0
9041 0 0 0
9042 0 0 0
9043 0 0 0
9044 0 0 0
9045 0 0 0
9046 0 0 0
9047 0 0 0
9048 0 0 0
9049 0 0 0
9050 0 0 0
9051 0 0 0
9052 0 0 0
9053 0 0 0
9054 0 0 0
9055 0 0 0
9056 0 0 0
9057 0 0 0
9058 0 0 0
9059 0 0 0
9060 0 0 0
9061 0 0 0
9062 0 0 0
9063 0 0 0
9064 0 0 0
9065 0 0 0
9066 0 0 0
9067 0 0 0
9068 0 0 0
9069 0 0 0
9070 0 0 0
9071 0 0 0
9072 0 0 0
9073 0 0 0
9074 0 0 0
9075 0 0 0
9076 0 0 0
9077 0 0 0
9078 0 0 0
9079 0 0 0
9080 0 0 0
9081 0 0 0
9082 0 0 0
9083 0 0 0
9084 0 0 0
9085 0 0 0
9086 0 0 0
9087 0 0 0
9088 0 0 0
9089 0 0 0
9090 0 0 0
9091 0 0 0
9092 0 0 0
9093 0 0 0
9094 0 0 0
9095 0 0 0
9096 0 0 0
9097 0 0 0
9098 0 0 0
9099 0 0 0
9100 0 0 0
9101 0 0 0
9102 0 0 0
9103 0 0 0
9104 0 0 0
9105 0 0 0
9106 0 0 0
9107 0 0 0
9108 0 0 0
9109 0 0 0
9110 0 0 0
9111 0 0 0
9112 0 0 0
9113 0 0 0
9114 0 0 0
9115 0 0 0
9116 0 0 0
9117 0 0 0
9118 0 0 0
9119 0 0 0
9120 0 0 0
9121 0 0 0
9122 0 0 0
9123 0 0 0
9124 0 0 0
9125 0 0 0
9126 0 0 0
9127 0 0 0
9128 0 0 0
9129 0 0 0
9130 0 0 0
9131 0 0 0
9132 0 0 0
9133 0 0 0
9134 0 0 0
9135 0 0 0
9136 0 0 0
9137 0 0 0
9138 0 0 0
9139 0 0 0
9140 0 0 0
9141 0 0 0
9142 0 0 0
9143 0 0 0
9144 0 0 0
9145 0 0 0
9146 0 0 0
9147 0 0 0
9148 0 0 0
9149 0 0 0
9150 0 0 0
9151 0 0 0
9152 0 0 0
9153 0 0 0
9154 0 0 0
9155 0 0 0
9156 0 0 0
9157 0 0 0
9174 0 0 0
9175 0 0 0
9176 0 0 0
9177 0 0 0
9178 0 0 0
9179 0 0 0
9180 0 0 0
9181 0 0 0
9247 0.437676 0 0
9266 0 0 0
9267 0 0 0
9268 0 0 0
9269 0 0 0
9270 0 0 0
9271 0 0 0
9339 0.95493 0 0
9360 0 0 0
9361 0 0 0
9362 0 0 0
9363 0 0 0
9433 1.39261 0 0
9455 0 0 0
9456 0 0 0
9457 0 0 0
9458 0 0 0
9459 0 0 0
9530 1.7507 0 0
9553 0 0 0
9554 0 0 0
9555 0 0 0
9627 2.02923 0 0
9724 2.22817 0 0
9821 2.34754 0 0
9918 2.38732 0 0
10015 2.34754 0 0
10112 2.22817 0 0
10209 2.02923 0 0
10306 1.7507 0 0
10329 0 0 0
10330 0 0 0
10331 0 0 0
10403 1.39261 0 0
10425 0 0 0
10426 0 0 0
10427 0 0 0
10428 0 0 0
10429 0 0 0
10500 0.95493 0 0
10521 0 0 0
10522 0 0 0
10523 0 0 0
10524 0 0 0
10594 0.437676 0 0
10613 0 0 0
10614 0 0 0
10615 0 0 0
10616 0 0 0
10617 0 0 0
10618 0 0 0
10686 0 0 0
10703 0 0 0
10704 0 0 0
10705 0 0 0
10706 0 0 0
10707 0 0 0
10708 0 0 0
10709 0 0 0
10710 0 0 0
10776 0 0 0
10777 0 0 0
10778 0 0 0
10779 0 0 0
10780 0 0 0
10781 0 0 0
10782 0 0 0
10783 0 0 0
10784 0 0 0
10785 0 0 0
10786 0 0 0
10787 0 0 0
10788 0 0 0
10789 0 0 0
10790 0 0 0
10791 0 0 0
10792 0 0 0
10793 0 0 0
10794 0 0 0
10795 0 0 0
10796 0 0 0
10797 0 0 0
10798 0 0 0
10799 0 0 0
10800 0 0 0
10801 0 0 0
10802 0 0 0
10803 0 0 0
10804 0 0 0
10805 0 0 0
10806 0 0 0
10807 0 0 0
10808 0 0 0
10809 0 0 0
10810 0 0 0
10811 0 0 0
10812 0 0 0
10813 0 0 0
10814 0 0 0
10815 0 0 0
10816 0 0 0
10817 0 0 0
10818 0 0 0
10819 0 0 0
10820 0 0 0
10821 0 0 0
10822 0 0 0
10823 0 0 0
10824 0 0 0
10825 0 0 0
10826 0 0 0
10827 0 0 0
10828 0 0 0
10829 0 0 0
10830 0 0 0
10831 0 0 0
10832 0 0 0
10833 0 0 0
10834 0 0 0
10835 0 0 0
10836 0 0 0
10837 0 0 0
10838 0 0 0
10839 0 0 0
10840 0 0 0
10841 0 0 0
10842 0 0 0
10843 0 0 0
10844 0 0 0
10845 0 0 0
10846 0 0 0
10847 0 0 0
10848 0 0 0
10849 0 0 0
10850 0 0 0
10851 0 0 0
10852 0 0 0
10853 0 0 0
10854 0 0 0
10855 0 0 0
10856 0 0 0
10857 0 0 0
10858 0 0 0
10859 0 0 0
10860 0 0 0
10861 0 0 0
10862 0 0 0
10863 0 0 0
10864 0 0 0
10865 0 0 0
10866 0 0 0
10867 0 0 0
10868 0 0 0
10869 0 0 0
10870 0 0 0
10871 0 0 0
10872 0 0 0
10873 0 0 0
10874 0 0 0
10875 0 0 0
10876 0 0 0
10877 0 0 0
10878 0 0 0
10879 0 0 0
10880 0 0 0
10881 0 0 0
10882 0 0 0
10883 0 0 0
10884 0 0 0
10885 0 0 0
10886 0 0 0
10887 0 0 0
10888 0 0 0
10889 0 0 0
10890 0 0 0
10891 0 0 0
10892 0 0 0
10893 0 0 0
10894 0 0 0
10895 0 0 0
10896 0 0 0
10897 0 0 0
10898 0 0 0
10899 0 0 0
10900 0 0 0
10901 0 0 0
10902 0 0 0
10903 0 0 0
10904 0 0 0
10905 0 0 0
10906 0 0 0
10907 0 0 0
10908 0 0 0
10909 0 0 0
10910 0 0 0
10911 0 0 0
10912 0 0 0
10913 0 0 0
10914 0 0 0
10915 0 0 0
10916 0 0 0
10917 0 0 0
10918 0 0 0
10919 0 0 0
10920 0 0 0
10921 0 0 0
10922 0 0 0
10923 0 0 0
10924 0 0 0
10925 0 0 0
10926 0 0 0
10927 0 0 0
10928 0 0 0
10929 0 0 0
10930 0 0 0
10931 0 0 0
10932 0 0 0
10933 0 0 0
10934 0 0 0
10935 0 0 0
10936 0 0 0
10937 0 0 0
10938 0 0 0
10939 0 0 0
10940 0 0 0
10941 0 0 0
10942 0 0 0
10943 0 0 0
10944 0 0 0
10945 0 0 0
10946 0 0 0
10947 0 0 0
10948 0 0 0
10966 0 0 0
10967 0 0 0
10968 0 0 0
10969 0 0 0
10970 0 0 0
10971 0 0 0
11038 0.557042 0 0
11058 0 0 0
11059 0 0 0
11060 0 0 0
11061 0 0 0
11130 1.0743 0 0
11151 0 0 0
11152 0 0 0
11153 0 0 0
11154 0 0 0
11155 0 0 0
11156 0 0 0
11226 1.51197 0 0
11248 0 0 0
11249 0 0 0
11250 0 0 0
11251 0 0 0
11252 0 0 0
11323 1.87007 0 0
11420 2.14859 0 0
11517 2.34754 0 0
11614 2.4669 0 0
11711 2.50669 0 0
11808 2.4669 0 0
11905 2.34754 0 0
12002 2.14859 0 0
12099 1.87007 0 0
12196 1.51197 0 0
12218 0 0 0
12219 0 0 0
12220 0 0 0
12221 0 0 0
12222 0 0 0
12293 1.0743 0 0
12314 0 0 0
12315 0 0 0
12316 0 0 0
12317 0 0 0
12318 0 0 0
12319 0 0 0
12389 0.557042 0 0
12409 0 0 0
12410 0 0 0
12411 0 0 0
12412 0 0 0
12481 0 0 0
12499 0 0 0
12500 0 0 0
12501 0 0 0
12502 0 0 0
12503 0 0 0
12504 0 0 0
12571 0 0 0
12572 0 0 0
12573 0 0 0
12574 0 0 0
12575 0 0 0
12576 0 0 0
12577 0 0 0
12578 0 0 0
12579 0 0 0
12580 0 0 0
12581 0 0 0
12582 0 0 0
12583 0 0 0
12584 0 0 0
12585 0 0 0
12586 0 0 0
12587 0 0 0
12588 0 0 0
12589 0 0 0
12590 0 0 0
12591 0 0 0
12592 0 0 0
12593 0 0 0
12594 0 0 0
12595 0 0 0
12596 0 0 0
12597 0 0 0
12598 0 0 0
12599 0 0 0
12600 0 0 0
12601 0 0 0
12602 0 0 0
12603 0 0 0
12604 0 0 0
12605 0 0 0
12606 0 0 0
12607 0 0 0
12608 0 0 0
12609 0 0 0
12610 0 0 0
12611 0 0 0
12612 0 0 0
12613 0 0 0
12614 0 0 0
12615 0 0 0
12616 0 0 0
12617 0 0 0
12618 0 0 0
12619 0 0 0
12620 0 0 0
12621 0 0 0
12622 0 0 0
12623 0 0 0
12624 0 0 0
12625 0 0 0
12626 0 0 0
12627 0 0 0
12628 0 0 0
12629 0 0 0
12630 0 0 0
12631 0 0 0
12632 0 0 0
12633 0 0 0
12634 0 0 0
12635 0 0 0
12636 0 0 0
12637 0 0 0
12638 0 0 0
12639 0 0 0
12640 0 0 0
12641 0 0 0
12642 0 0 0
12643 0 0 0
12644 0 0 0
12645 0 0 0
12646 0 0 0
12647 0 0 0
12648 0 0 0
12649 0 0 0
12650 0 0 0
12651 0 0 0
12652 0 0 0
12653 0 0 0
12654 0 0 0
12655 0 0 0
12656 0 0 0
12657 0 0 0
12658 0 0 0
12659 0 0 0
12660 0 0 0
12661 0 0 0
12662 0 0 0
12663 0 0 0
12664 0 0 0
12665 0 0 0
12666 0 0 0
12667 0 0 0
12668 0 0 0
12669 0 0 0
12670 0 0 0
12671 0 0 0
12672 0 0 0
12673 0 0 0
12674 0 0 0
12675 0 0 0
12676 0 0 0
12677 0 0 0
12678 0 0 0
12679 0 0 0
12680 0 0 0
12681 0 0 0
12682 0 0 0
12683 0 0 0
12684 0 0 0
12685 0 0 0
12686 0 0 0
12687 0 0 0
12688 0 0 0
12689 0 0 0
12690 0 0 0
12691 0 0 0
12692 0 0 0
12693 0 0 0
12694 0 0 0
12695 0 0 0
12696 0 0 0
12697 0 0 0
12698 0 0 0
12699 0 0 0
12700 0 0 0
12701 0 0 0
12702 0 0 0
12703 0 0 0
12704 0 0 0
12705 0 0 0
12706 0 0 0
12707 0 0 0
12708 0 0 0
12709 0 0 0
12710 0 0 0
12711 0 0 0
12712 0 0 0
12713 0 0 0
12714 0 0 0
12715 0 0 0
12716 0 0 0
12717 0 0 0
12718 0 0 0
12719 0 0 0
12720 0 0 0
12721 0 0 0
12722 0 0 0
12723 0 0 0
12724 0 0 0
12725 0 0 0
12726 0 0 0
12727 0 0 0
12728 0 0 0
12729 0 0 0
12730 0 0 0
12731 0 0 0
12732 0 0 0
12733 0 0 0
12734 0 0 0
12735 0 0 0
12736 0 0 0
12737 0 0 0
12738 0 0 0
12739 0 0 0
12740 0 0 0
12741 0 0 0
12742 0 0 0
12743 0 0 0
12761 0 0 0
12762 0 0 0
12763 0 0 0
12764 0 0 0
12765 0 0 0
12766 0 0 0
12833 0.596831 0 0
12853 0 0 0
12854 0 0 0
12855 0 0 0
12856 0 0 0
12925 1.11408 0 0
12946 0 0 0
12947 0 0 0
12948 0 0 0
12949 0 0 0
12950 0 0 0
12951 0 0 0
13021 1.55176 0 0
13044 0 0 0
13045 0 0 0
13046 0 0 0
13118 1.90986 0 0
13215 2.18838 0 0
13312 2.38732 0 0
13409 2.50669 0 0
13506 2.54648 0 0
13603 2.50669 0 0
13700 2.38732 0 0
13797 2.18838 0 0
13894 1.90986 0 0
13991 1.55176 0 0
14014 0 0 0
14015 0 0 0
14016 0 0 0
14088 1.11408 0 0
14109 0 0 0
14110 0 0 0
14111 0 0 0
14112 0 0 0
14113 0 0 0
14114 0 0 0
14184 0.596831 0 0
14204 0 0 0
14205 0 0 0
14206 0 0 0
14207 0 0 0
14276 0 0 0
14294 0 0 0
14295 0 0 0
14296 0 0 0
14297 0 0 0
14298 0 0 0
14299 0 0 0
14366 0 0 0
14367 0 0 0
14368 0 0 0
14369 0 0 0
14370 0 0 0
14371 0 0 0
14372 0 0 0
14373 0 0 0
14374 0 0 0
14375 0 0 0
14376 0 0 0
14377 0 0 0
14378 0 0 0
14379 0 0 0
14380 0 0 0
14381 0 0 0
14382 0 0 0
14383 0 0 0
14384 0 0 0
14385 0 0 0
14386 0 0 0
14387 0 0 0
14388 0 0 0
14389 0 0 0
14390 0 0 0
14391 0 0 0
14392 0 0 0
14393 0 0 0
14394 0 0 0
14395 0 0 0
14396 0 0 0
14397 0 0 0
14398 0 0 0
14399 0 0 0
14400 0 0 0
14401 0 0 0
14402 0 0 0
14403 0 0 0
14404 0 0 0
14405 0 0 0
14406 0 0 0
14407 0 0 0
14408 0 0 0
14409 0 0 0
14410 0 0 0
14411 0 0 0
14412 0 0 0
14413 0 0 0
14414 0 0 0
14415 0 0 0
14416 0 0 0
14417 0 0 0
14418 0 0 0
14419 0 0 0
14420 0 0 0
14421 0 0 0
14422 0 0 0
14423 0 0 0
14424 0 0 0
14425 0 0 0
14426 0 0 0
14427 0 0 0
14428 0 0 0
14429 0 0 0
14430 0 0 0
14431 0 0 0
14432 0 0 0
14433 0 0 0
14434 0 0 0
14435 0 0 0
14436 0 0 0
14437 0 0 0
14438 0 0 0
14439 0 0 0
14440 0 0 0
14441 0 0 0
14442 0 0 0
14443 0 0 0
14444 0 0 0
14445 0 0 0
14446 0 0 0
14447 0 0 0
14448 0 0 0
14449 0 0 0
14450 0 0 0
14451 0 0 0
14452 0 0 0
14453 0 0 0
14454 0 0 0
14455 0 0 0
14456 0 0 0
14457 0 0 0
14458 0 0 0
14459 0 0 0
14460 0 0 0
14461 0 0 0
14462 0 0 0
14463 0 0 0
14464 0 0 0
14465 0 0 0
14466 0 0 0
14467 0 0 0
14468 0 0 0
14469 0 0 0
14470 0 0 0
14471 0 0 0
14472 0 0 0
14473 0 0 0
14474 0 0 0
14475 0 0 0
14476 0 0 0
14477 0 0 0
14478 0 0 0
14479 0 0 0
14480 0 0 0
14481 0 0 0
14482 0 0 0
14483 0 0 0
14484 0 0 0
14485 0 0 0
14486 0 0 0
14487 0 0 0
14488 0 0 0
14489 0 0 0
14490 0 0 0
14491 0 0 0
14492 0 0 0
14493 0 0 0
14494 0 0 0
14495 0 0 0
14496 0 0 0
14497 0 0 0
14498 0 0 0
14499 0 0 0
14500 0 0 0
14501 0 0 0
14502 0 0 0
14503 0 0 0
14504 0 0 0
14505 0 0 0
14506 0 0 0
14507 0 0 0
14508 0 0 0
14509 0 0 0
14510 0 0 0
14511 0 0 0
14512 0 0 0
14513 0 0 0
14514 0 0 0
14515 0 0 0
14516 0 0 0
14517 0 0 0
14518 0 0 0
14519 0 0 0
14520 0 0 0
14521 0 0 0
14522 0 0 0
14523 0 0 0
14524 0 0 0
14525 0 0 0
14526 0 0 0
14527 0 0 0
14528 0 0 0
14529 0 0 0
14530 0 0 0
14531 0 0 0
14532 0 0 0
14533 0 0 0
14534 0 0 0
14535 0 0 0
14536 0 0 0
14537 0 0 0
14538 0 0 0
14556 0 0 0
14557 0 0 0
14558 0 0 0
14559 0 0 0
14560 0 0 0
14561 0 0 0
14628 0.557042 0 0
14648 0 0 0
14649 0 0 0
14650 0 0 0
14651 0 0 0
14720 1.0743 0 0
14741 0 0 0
14742 0 0 0
14743 0 0 0
14744 0 0 0
14745 0 0 0
14746 0 0 0
14816 1.51197 0 0
14838 0 0 0
14839 0 0 0
14840 0 0 0
14841 0 0 0
14842 0 0 0
14913 1.87007 0 0
15010 2.14859 0 0
15107 2.34754 0 0
15204 2.4669 0 0
15301 2.50669 0 0
15398 2.4669 0 0
15495 2.34754 0 0
15592 2.14859 0 0
15689 1.87007 0 0
15786 1.51197 0 0
15808 0 0 0
15809 0 0 0
15810 0 0 0
15811 0 0 0
15812 0 0 0
15883 1.0743 0 0
15904 0 0 0
15905 0 0 0
15906 0 0 0
15907 0 0 0
15908 0 0 0
15909 0 0 0
15979 0.557042 0 0
15999 0 0 0
16000 0 0 0
16001 0 0 0
16002 0 0 0
16071 0 0 0
16089 0 0 0
16090 0 0 0
16091 0 0 0
16092 0 0 0
16093 0 0 0
16094 0 0 0
16161 0 0 0
16162 0 0 0
16163 0 0 0
16164 0 0 0
16165 0 0 0
16166 0 0 0
16167 0 0 0
16168 0 0 0
16169 0 0 0
16170 0 0 0
16171 0 0 0
16172 0 0 0
16173 0 0 0
16174 0 0 0
16175 0 0 0
16176 0 0 0
16177 0 0 0
16178 0 0 0
16179 0 0 0
16180 0 0 0
16181 0 0 0
16182 0 0 0
16183 0 0 0
16184 0 0 0
16185 0 0 0
16186 0 0 0
16187 0 0 0
16188 0 0 0
16189 0 0 0
16190 0 0 0
16191 0 0 0
16192 0 0 0
16193 0 0 0
16194 0 0 0
16195 0 0 0
16196 0 0 0
16197 0 0 0
16198 0 0 0
16199 0 0 0
16200 0 0 0
16201 0 0 0
16202 0 0 0
16203 0 0 0
16204 0 0 0
16205 0 0 0
16206 0 0 0
16207 0 0 0
16208 0 0 0
16209 0 0 0
16210 0 0 0
16211 0 0 0
16212 0 0 0
16213 0 0 0
16214 0 0 0
16215 0 0 0
16216 0 0 0
16217 0 0 0
16218 0 0 0
16219 0 0 0
16220 0 0 0
16221 0 0 0
16222 0 0 0
16223 0 0 0
16224 0 0 0
16225 0 0 0
16226 0 0 0
16227 0 0 0
16228 0 0 0
16229 0 0 0
16230 0 0 0
16231 0 0 0
16232 0 0 0
16233 0 0 0
16234 0 0 0
16235 0 0 0
16236 0 0 0
16237 0 0 0
16238 0 0 0
16239 0 0 0
16240 0 0 0
16241 0 0 0
16242 0 0 0
16243 0 0 0
16244 0 0 0
16245 0 0 0
16246 0 0 0
16247 0 0 0
16248 0 0 0
16249 0 0 0
16250 0 0 0
16251 0 0 0
16252 0 0 0
16253 0 0 0
16254 0 0 0
16255 0 0 0
16256 0 0 0
16257 0 0 0
16258 0 0 0
16259 0 0 0
16260 0 0 0
16261 0 0 0
16262 0 0 0
16263 0 0 0
16264 0 0 0
16265 0 0 0
16266 0 0 0
16267 0 0 0
16268 0 0 0
16269 0 0 0
16270 0 0 0
16271 0 0 0
16272 0 0 0
16273 0 0 0
16274 0 0 0
16275 0 0 0
16276 0 0 0
16277 0 0 0
16278 0 0 0
16279 0 0 0
16280 0 0 0
16281 0 0 0
16282 0 0 0
16283 0 0 0
16284 0 0 0
16285 0 0 0
16286 0 0 0
16287 0 0 0
16288 0 0 0
16289 0 0 0
16290 0 0 0
16291 0 0 0
16292 0 0 0
16293 0 0 0
16294 0 0 0
16295 0 0 0
16296 0 0 0
16297 0 0 0
16298 0 0 0
16299 0 0 0
16300 0 0 0
16301 0 0 0
16302 0 0 0
16303 0 0 0
16304 0 0 0
16305 0 0 0
16306 0 0 0
16307 0 0 0
16308 0 0 0
16309 0 0 0
16310 0 0 0
16311 0 0 0
16312 0 0 0
16313 0 0 0
16314 0 0 0
16315 0 0 0
16316 0 0 0
16317 0 0 0
16318 0 0 0
16319 0 0 0
16320 0 0 0
16321 0 0 0
16322 0 0 0
16323 0 0 0
16324 0 0 0
16325 0 0 0
16326 0 0 0
16327 0 0 0
16328 0 0 0
16329 0 0 0
16330 0 0 0
16331 0 0 0
16332 0 0 0
16333 0 0 0
16350 0 0 0
16351 0 0 0
16352 0 0 0
16353 0 0 0
16354 0 0 0
16355 0 0 0
16356 0 0 0
16357 0 0 0
16423 0.437676 0 0
16442 0 0 0
16443 0 0 0
16444 0 0 0
16445 0 0 0
16446 0 0 0
16447 0 0 0
16515 0.95493 0 0
16536 0 0 0
16537 0 0 0
16538 0 0 0
16539 0 0 0
16609 1.39261 0 0
16631 0 0 0
16632 0 0 0
16633 0 0 0
16634 0 0 0
16635 0 0 0
16706 1.7507 0 0
16729 0 0 0
16730 0 0 0
16731 0 0 0
16803 2.02923 0 0
16900 2.22817 0 0
16997 2.34754 0 0
17094 2.38732 0 0
17191 2.34754 0 0
17288 2.22817 0 0
17385 2.02923 0 0
17482 1.7507 0 0
17505 0 0 0
17506 0 0 0
17507 0 0 0
17579 1.39261 0 0
17601 0 0 0
17602 0 0 0
17603 0 0 0
17604 0 0 0
17605 0 0 0
17676 0.95493 0 0
17697 0 0 0
17698 0 0 0
17699 0 0 0
17700 0 0 0
17770 0.437676 0 0
17789 0 0 0
17790 0 0 0
17791 0 0 0
17792 0 0 0
17793 0 0 0
17794 0 0 0
17862 0 0 0
17879 0 0 0
17880 0 0 0
17881 0 0 0
17882 0 0 0
17883 0 0 0
17884 0 0 0
17885 0 0 0
17886 0 0 0
17952 0 0 0
17953 0 0 0
17954 0 0 0
17955 0 0 0
17956 0 0 0
17957 0 0 0
17958 0 0 0
17959 0 0 0
17960 0 0 0
17961 0 0 0
17962 0 0 0
17963 0 0 0
17964 0 0 0
17965 0 0 0
17966 0 0 0
17967 0 0 0
17968 0 0 0
17969 0 0 0
17970 0 0 0
17971 0 0 0
17972 0 0 0
17973 0 0 0
17974 0 0 0
17975 0 0 0
17976 0 0 0
17977 0 0 0
17978 0 0 0
17979 0 0 0
17980 0 0 0
17981 0 0 0
17982 0 0 0
17983 0 0 0
17984 0 0 0
17985 0 0 0
17986 0 0 0
17987 0 0 0
17988 0 0 0
17989 0 0 0
17990 0 0 0
17991 0 0 0
17992 0 0 0
17993 0 0 0
17994 0 0 0
17995 0 0 0
17996 0 0 0
17997 0 0 0
17998 0 0 0
17999 0 0 0
18000 0 0 0
18001 0 0 0
18002 0 0 0
18003 0 0 0
18004 0 0 0
18005 0 0 0
18006 0 0 0
18007 0 0 0
18008 0 0 0
18009 0 0 0
18010 0 0 0
18011 0 0 0
18012 0 0 0
18013 0 0 0
18014 0 0 0
18015 0 0 0
18016 0 0 0
18017 0 0 0
18018 0 0 0
18019 0 0 0
18020 0 0 0
18021 0 0 0
18022 0 0 0
18023 0 0 0
18024 0 0 0
18025 0 0 0
18026 0 0 0
18027 0 0 0
18028 0 0 0
18029 0 0 0
18030 0 0 0
18031 0 0 0
18032 0 0 0
18033 0 0 0
18034 0 0 0
18035 0 0 0
18036 0 0 0
18037 0 0 0
18038 0 0 0
18039 0 0 0
18040 0 0 0
18041 0 0 0
18042 0 0 0
18043 0 0 0
18044 0 0 0
18045 0 0 0
18046 0 0 0
18047 0 0 0
18048 0 0 0
18049 0 0 0
18050 0 0 0
18051 0 0 0
18052 0 0 0
18053 0 0 0
18054 0 0 0
18055 0 0 0
18056 0 0 0
18057 0 0 0
18058 0 0 0
18059 0 0 0
18060 0 0 0
18061 0 0 0
18062 0 0 0
18063 0 0 0
18064 0 0 0
18065 0 0 0
18066 0 0 0
18067 0 0 0
18068 0 0 0
18069 0 0 0
18070 0 0 0
18071 0 0 0
18072 0 0 0
18073 0 0 0
18074 0 0 0
18075 0 0 0
18076 0 0 0
18077 0 0 0
18078 0 0 0
18079 0 0 0
18080 0 0 0
18081 0 0 0
18082 0 0 0
18083 0 0 0
18084 0 0 0
18085 0 0 0
18086 0 0 0
18087 0 0 0
18088 0 0 0
18089 0 0 0
18090 0 0 0
18091 0 0 0
18092 0 0 0
18093 0 0 0
18094 0 0 0
18095 0 0 0
18096 0 0 0
18097 0 0 0
18098 0 0 0
18099 0 0 0
18100 0 0 0
18101 0 0 0
18102 0 0 0
18103 0 0 0
18104 0 0 0
18105 0 0 0
18106 0 0 0
18107 0 0 0
18108 0 0 0
18109 0 0 0
18110 0 0 0
18111 0 0 0
18112 0 0 0
18113 0 0 0
18114 0 0 0
18115 0 0 0
18116 0 0 0
18117 0 0 0
18118 0 0 0
18119 0 0 0
18120 0 0 0
18121 0 0 0
18122 0 0 0
18123 0 0 0
18124 0 0 0
18125 0 0 0
18126 0 0 0
18127 0 0 0
18128 0 0 0
18129 0 0 0
18130 0 0 0
18131 0 0 0
18132 0 0 0
18133 0 0 0
18134 0 0 0
18135 0 0 0
18136 0 0 0
18137 0 0 0
18138 0 0 0
18139 0 0 0
18140 0 0 0
18141 0 0 0
18142 0 0 0
18143 0 0 0
18144 0 0 0
18145 0 0 0
18146 0 0 0
18147 0 0 0
18148 0 0 0
18149 0 0 0
18150 0 0 0
18151 0 0 0
18152 0 0 0
18153 0 0 0
18154 0 0 0
18155 0 0 0
18156 0 0 0
18157 0 0 0
18158 0 0 0
18159 0 0 0
18160 0 0 0
18161 0 0 0
18162 0 0 0
18163 0 0 0
18164 0 0 0
18165 0 0 0
18166 0 0 0
18167 0 0 0
18168 0 0 0
18169 0 0 0
18170 0 0 0
18171 0 0 0
18172 0 0 0
18173 0 0 0
18174 0 0 0
18175 0 0 0
18176 0 0 0
18177 0 0 0
18178 0 0 0
18179 0 0 0
18180 0 0 0
18181 0 0 0
18182 0 0 0
18183 0 0 0
18184 0 0 0
18185 0 0 0
18186 0 0 0
18187 0 0 0
18188 0 0 0
18189 0 0 0
18190 0 0 0
18191 0 0 0
18192 0 0 0
18193 0 0 0
18194 0 0 0
18195 0 0 0
18196 0 0 0
18197 0 0 0
18198 0 0 0
18199 0 0 0
18200 0 0 0
18201 0 0 0
18202 0 0 0
18203 0 0 0
18204 0 0 0
18205 0 0 0
18206 0 0 0
18207 0 0 0
18208 0 0 0
18209 0 0 0
18210 0.238732 0 0
18229 0 0 0
18230 0 0 0
18231 0 0 0
18232 0 0 0
18233 0 0 0
18234 0 0 0
18302 0.755986 0 0
18322 0 0 0
18323 0 0 0
18324 0 0 0
18325 0 0 0
18326 0 0 0
18327 0 0 0
18396 1.19366 0 0
18417 0 0 0
18418 0 0 0
18419 0 0 0
18420 0 0 0
18421 0 0 0
18422 0 0 0
18492 1.55176 0 0
18514 0 0 0
18515 0 0 0
18516 0 0 0
18517 0 0 0
18518 0 0 0
18589 1.83028 0 0
18686 2.02923 0 0
18783 2.14859 0 0
18880 2.18838 0 0
18977 2.14859 0 0
19074 2.02923 0 0
19171 1.83028 0 0
19268 1.55176 0 0
19290 0 0 0
19291 0 0 0
19292 0 0 0
19293 0 0 0
19294 0 0 0
19365 1.19366 0 0
19386 0 0 0
19387 0 0 0
19388 0 0 0
19389 0 0 0
19390 0 0 0
19391 0 0 0
19461 0.755986 0 0
19481 0 0 0
19482 0 0 0
19483 0 0 0
19484 0 0 0
19485 0 0 0
19486 0 0 0
19555 0.238732 0 0
19574 0 0 0
19575 0 0 0
19576 0 0 0
19577 0 0 0
19578 0 0 0
19579 0 0 0
19647 0 0 0
19648 0 0 0
19649 0 0 0
19650 0 0 0
19651 0 0 0
19652 0 0 0
19653 0 0 0
19654 0 0 0
19655 0 0 0
19656 0 0 0
19657 0 0 0
19658 0 0 0
19659 0 0 0
19660 0 0 0
19661 0 0 0
19662 0 0 0
19663 0 0 0
19664 0 0 0
19665 0 0 0
19666 0 0 0
19667 0 0 0
19668 0 0 0
19669 0 0 0
19670 0 0 0
19671 0 0 0
19672 0 0 0
19673 0 0 0
19674 0 0 0
19675 0 0 0
19676 0 0 0
19677 0 0 0
19678 0 0 0
19679 0 0 0
19680 0 0 0
19681 0 0 0
19682 0 0 0
19683 0 0 0
19684 0 0 0
19685 0 0 0
19686 0 0 0
19687 0 0 0
19688 0 0 0
19689 0 0 0
19690 0 0 0
19691 0 0 0
19692 0 0 0
19693 0 0 0
19694 0 0 0
19695 0 0 0
19696 0 0 0
19697 0 0 0
19698 0 0 0
19699 0 0 0
19700 0 0 0
19701 0 0 0
19702 0 0 0
19703 0 0 0
19704 0 0 0
19705 0 0 0
19706 0 0 0
19707 0 0 0
19708 0 0 0
19709 0 0 0
19710 0 0 0
19711 0 0 0
19712 0 0 0
19713 0 0 0
19714 0 0 0
19715 0 0 0
19716 0 0 0
19717 0 0 0
19718 0 0 0
19719 0 0 0
19720 0 0 0
19721 0 0 0
19722 0 0 0
19723 0 0 0
19724 0 0 0
19725 0 0 0
19726 0 0 0
19727 0 0 0
19728 0 0 0
19729 0 0 0
19730 0 0 0
19731 0 0 0
19732 0 0 0
19733 0 0 0
19734 0 0 0
19735 0 0 0
19736 0 0 0
19737 0 0 0
19738 0 0 0
19739 0 0 0
19740 0 0 0
19741 0 0 0
19742 0 0 0
19743 0 0 0
19744 0 0 0
19745 0 0 0
19746 0 0 0
19747 0 0 0
19748 0 0 0
19749 0 0 0
19750 0 0 0
19751 0 0 0
19752 0 0 0
19753 0 0 0
19754 0 0 0
19755 0 0 0
19756 0 0 0
19757 0 0 0
19758 0 0 0
19759 0 0 0
19760 0 0 0
19761 0 0 0
19762 0 0 0
19763 0 0 0
19764 0 0 0
19765 0 0 0
19766 0 0 0
19767 0 0 0
19768 0 0 0
19769 0 0 0
19770 0 0 0
19771 0 0 0
19772 0 0 0
19773 0 0 0
19774 0 0 0
19775 0 0 0
19776 0 0 0
19777 0 0 0
19778 0 0 0
19779 0 0 0
19780 0 0 0
19781 0 0 0
19782 0 0 0
19783 0 0 0
19784 0 0 0
19785 0 0 0
19786 0 0 0
19787 0 0 0
19788 0 0 0
19789 0 0 0
19790 0 0 0
19791 0 0 0
19792 0 0 0
19793 0 0 0
19794 0 0 0
19795 0 0 0
19796 0 0 0
19797 0 0 0
19798 0 0 0
19799 0 0 0
19800 0 0 0
19801 0 0 0
19802 0 0 0
19803 0 0 0
19804 0 0 0
19805 0 0 0
19806 0 0 0
19807 0 0 0
19808 0 0 0
19809 0 0 0
19810 0 0 0
19811 0 0 0
19812 0 0 0
19813 0 0 0
19814 0 0 0
19815 0 0 0
19816 0 0 0
19817 0 0 0
19818 0 0 0
19819 0 0 0
19820 0 0 0
19821 0 0 0
19822 0 0 0
19823 0 0 0
19824 0 0 0
19825 0 0 0
19826 0 0 0
19827 0 0 0
19828 0 0 0
19829 0 0 0
19830 0 0 0
19831 0 0 0
19832 0 0 0
19833 0 0 0
19834 0 0 0
19835 0 0 0
19836 0 0 0
19837 0 0 0
19838 0 0 0
19839 0 0 0
19840 0 0 0
19841 0 0 0
19842 0 0 0
19843 0 0 0
19844 0 0 0
19845 0 0 0
19846 0 0 0
19847 0 0 0
19848 0 0 0
19849 0 0 0
19850 0 0 0
19851 0 0 0
19852 0 0 0
19853 0 0 0
19854 0 0 0
19855 0 0 0
19856 0 0 0
19857 0 0 0
19858 0 0 0
19859 0 0 0
19860 0 0 0
19861 0 0 0
19862 0 0 0
19863 0 0 0
19864 0 0 0
19865 0 0 0
19866 0 0 0
19867 0 0 0
19868 0 0 0
19869 0 0 0
19870 0 0 0
19871 0 0 0
19872 0 0 0
19873 0 0 0
19874 0 0 0
19875 0 0 0
19876 0 0 0
19877 0 0 0
19878 0 0 0
19879 0 0 0
19880 0 0 0
19881 0 0 0
19882 0 0 0
19883 0 0 0
19884 0 0 0
19885 0 0 0
19886 0 0 0
19887 0 0 0
19888 0 0 0
19889 0 0 0
19890 0 0 0
19891 0 0 0
19892 0 0 0
19893 0 0 0
19894 0 0 0
19895 0 0 0
19896 0 0 0
19897 0 0 0
19898 0 0 0
19899 0 0 0
19900 0 0 0
19901 0 0 0
19902 0 0 0
19903 0 0 0
19904 0 0 0
19905 0 0 0
19906 0 0 0
19907 0 0 0
19924 0 0 0
19925 0 0 0
19926 0 0 0
19927 0 0 0
19928 0 0 0
19929 0 0 0
19930 0 0 0
19931 0 0 0
19997 0.477465 0 0
20016 0 0 0
20017 0 0 0
20018 0 0 0
20019 0 0 0
20020 0 0 0
20021 0 0 0
20089 0.915141 0 0
20109 0 0 0
20110 0 0 0
20111 0 0 0
20112 0 0 0
20113 0 0 0
20114 0 0 0
20183 1.27324 0 0
20204 0 0 0
20205 0 0 0
20206 0 0 0
20207 0 0 0
20208 0 0 0
20209 0 0 0
20210 0 0 0
20280 1.55176 0 0
20302 0 0 0
20303 0 0 0
20304 0 0 0
20305 0 0 0
20306 0 0 0
20377 1.7507 0 0
20400 0 0 0
20401 0 0 0
20402 0 0 0
20474 1.87007 0 0
20571 1.90986 0 0
20668 1.87007 0 0
20765 1.7507 0 0
20788 0 0 0
20789 0 0 0
20790 0 0 0
20862 1.55176 0 0
20884 0 0 0
20885 0 0 0
20886 0 0 0
20887 0 0 0
20888 0 0 0
20959 1.27324 0 0
20980 0 0 0
20981 0 0 0
20982 0 0 0
20983 0 0 0
20984 0 0 0
20985 0 0 0
20986 0 0 0
21056 0.915141 0 0
21076 0 0 0
21077 0 0 0
21078 0 0 0
21079 0 0 0
21080 0 0 0
21081 0 0 0
21150 0.477465 0 0
21169 0 0 0
21170 0 0 0
21171 0 0 0
21172 0 0 0
21173 0 0 0
21174 0 0 0
21242 0 0 0
21259 0 0 0
21260 0 0 0
21261 0 0 0
21262 0 0 0
21263 0 0 0
21264 0 0 0
21265 0 0 0
21266 0 0 0
21332 0 0 0
21333 0 0 0
21334 0 0 0
21335 0 0 0
21336 0 0 0
21337 0 0 0
21338 0 0 0
21339 0 0 0
21340 0 0 0
21341 0 0 0
21342 0 0 0
21343 0 0 0
21344 0 0 0
21345 0 0 0
21346 0 0 0
21347 0 0 0
21348 0 0 0
21349 0 0 0
21350 0 0 0
21351 0 0 0
21352 0 0 0
21353 0 0 0
21354 0 0 0
21355 0 0 0
21356 0 0 0
21357 0 0 0
21358 0 0 0
21359 0 0 0
21360 0 0 0
21361 0 0 0
21362 0 0 0
21363 0 0 0
21364 0 0 0
21365 0 0 0
21366 0 0 0
21367 0 0 0
21368 0 0 0
21369 0 0 0
21370 0 0 0
21371 0 0 0
21372 0 0 0
21373 0 0 0
21374 0 0 0
21375 0 0 0
21376 0 0 0
21377 0 0 0
21378 0 0 0
21379 0 0 0
21380 0 0 0
21381 0 0 0
21382 0 0 0
21383 0 0 0
21384 0 0 0
21385 0 0 0
21386 0 0 0
21387 0 0 0
21388 0 0 0
21389 0 0 0
21390 0 0 0
21391 0 0 0
21392 0 0 0
21393 0 0 0
21394 0 0 0
21395 0 0 0
21396 0 0 0
21397 0 0 0
21398 0 0 0
21399 0 0 0
21400 0 0 0
21401 0 0 0
21402 0 0 0
21403 0 0 0
21404 0 0 0
21405 0 0 0
21406 0 0 0
21407 0 0 0
21408 0 0 0
21409 0 0 0
21410 0 0 0
21411 0 0 0
21412 0 0 0
21413 0 0 0
21414 0 0 0
21415 0 0 0
21416 0 0 0
21417 0 0 0
21418 0 0 0
21419 0 0 0
21420 0 0 0
21421 0 0 0
21422 0 0 0
21423 0 0 0
21424 0 0 0
21425 0 0 0
21426 0 0 0
21427 0 0 0
21428 0 0 0
21429 0 0 0
21430 0 0 0
21431 0 0 0
21432 0 0 0
21433 0 0 0
21434 0 0 0
21435 0 0 0
21436 0 0 0
21437 0 0 0
21438 0 0 0
21439 0 0 0
21440 0 0 0
21441 0 0 0
21442 0 0 0
21443 0 0 0
21444 0 0 0
21445 0 0 0
21446 0 0 0
21447 0 0 0
21448 0 0 0
21449 0 0 0
21450 0 0 0
21451 0 0 0
21452 0 0 0
21453 0 0 0
21454 0 0 0
21455 0 0 0
21456 0 0 0
21457 0 0 0
21458 0 0 0
21459 0 0 0
21460 0 0 0
21461 0 0 0
21462 0 0 0
21463 0 0 0
21464 0 0 0
21465 0 0 0
21466 0 0 0
21467 0 0 0
21468 0 0 0
21469 0 0 0
21470 0 0 0
21471 0 0 0
21472 0 0 0
21473 0 0 0
21474 0 0 0
21475 0 0 0
21476 0 0 0
21477 0 0 0
21478 0 0 0
21479 0 0 0
21480 0 0 0
21481 0 0 0
21482 0 0 0
21483 0 0 0
21484 0 0 0
21485 0 0 0
21486 0 0 0
21487 0 0 0
21488 0 0 0
21489 0 0 0
21490 0 0 0
21491 0 0 0
21492 0 0 0
21493 0 0 0
21494 0 0 0
21495 0 0 0
21496 0 0 0
21497 0 0 0
21498 0 0 0
21499 0 0 0
21500 0 0 0
21501 0 0 0
21502 0 0 0
21503 0 0 0
21504 0 0 0
21505 0 0 0
21506 0 0 0
21507 0 0 0
21508 0 0 0
21509 0 0 0
21510 0 0 0
21511 0 0 0
21512 0 0 0
21513 0 0 0
21514 0 0 0
21515 0 0 0
21516 0 0 0
21517 0 0 0
21518 0 0 0
21519 0 0 0
21520 0 0 0
21521 0 0 0
21522 0 0 0
21523 0 0 0
21524 0 0 0
21525 0 0 0
21526 0 0 0
21527 0 0 0
21528 0 0 0
21529 0 0 0
21530 0 0 0
21531 0 0 0
21532 0 0 0
21533 0 0 0
21534 0 0 0
21535 0 0 0
21536 0 0 0
21537 0 0 0
21538 0 0 0
21539 0 0 0
21540 0 0 0
21541 0 0 0
21542 0 0 0
21543 0 0 0
21544 0 0 0
21545 0 0 0
21546 0 0 0
21547 0 0 0
21548 0 0 0
21549 0 0 0
21550 0 0 0
21551 0 0 0
21552 0 0 0
21553 0 0 0
21554 0 0 0
21555 0 0 0
21556 0 0 0
21557 0 0 0
21558 0 0 0
21559 0 0 0
21560 0 0 0
21561 0 0 0
21562 0 0 0
21563 0 0 0
21564 0 0 0
21565 0 0 0
21566 0 0 0
21567 0 0 0
21568 0 0 0
21569 0 0 0
21570 0 0 0
21571 0 0 0
21572 0 0 0
21573 0 0 0
21574 0 0 0
21575 0 0 0
21576 0 0 0
21577 0 0 0
21578 0 0 0
21579 0 0 0
21580 0 0 0
21581 0 0 0
21582 0 0 0
21583 0 0 0
21584 0 0 0
21585 0 0 0
21586 0 0 0
21587 0 0 0
21588 0 0 0
21589 0 0 0
21590 0 0 0
21591 0 0 0
21592 0.119366 0 0
21610 0 0 0
21611 0 0 0
21612 0 0 0
21613 0 0 0
21614 0 0 0
21615 0 0 0
21682 0.557042 0 0
21701 0 0 0
21702 0 0 0
21703 0 0 0
21704 0 0 0
21705 0 0 0
21706 0 0 0
21774 0.915141 0 0
21794 0 0 0
21795 0 0 0
21796 0 0 0
21797 0 0 0
21798 0 0 0
21799 0 0 0
21868 1.19366 0 0
21889 0 0 0
21890 0 0 0
21891 0 0 0
21892 0 0 0
21893 0 0 0
21894 0 0 0
21964 1.39261 0 0
21986 0 0 0
21987 0 0 0
21988 0 0 0
21989 0 0 0
21990 0 0 0
22061 1.51197 0 0
22083 0 0 0
22084 0 0 0
22085 0 0 0
22086 0 0 0
22087 0 0 0
22158 1.55176 0 0
22181 0 0 0
22182 0 0 0
22183 0 0 0
22255 1.51197 0 0
22277 0 0 0
22278 0 0 0
22279 0 0 0
22280 0 0 0
22281 0 0 0
22352 1.39261 0 0
22374 0 0 0
22375 0 0 0
22376 0 0 0
22377 0 0 0
22378 0 0 0
22449 1.19366 0 0
22470 0 0 0
22471 0 0 0
22472 0 0 0
22473 0 0 0
22474 0 0 0
22475 0 0 0
22545 0.915141 0 0
22565 0 0 0
22566 0 0 0
22567 0 0 0
22568 0 0 0
22569 0 0 0
22570 0 0 0
22639 0.557042 0 0
22658 0 0 0
22659 0 0 0
22660 0 0 0
22661 0 0 0
22662 0 0 0
22663 0 0 0
22731 0.119366 0 0
22749 0 0 0
22750 0 0 0
22751 0 0 0
22752 0 0 0
22753 0 0 0
22754 0 0 0
22821 0 0 0
22822 0 0 0
22823 0 0 0
22824 0 0 0
22825 0 0 0
22826 0 0 0
22827 0 0 0
22828 0 0 0
22829 0 0 0
22830 0 0 0
22831 0 0 0
22832 0 0 0
22833 0 0 0
22834 0 0 0
22835 0 0 0
22836 0 0 0
22837 0 0 0
22838 0 0 0
22839 0 0 0
22840 0 0 0
22841 0 0 0
22842 0 0 0
22843 0 0 0
22844 0 0 0
22845 0 0 0
22846 0 0 0
22847 0 0 0
22848 0 0 0
22849 0 0 0
22850 0 0 0
22851 0 0 0
22852 0 0 0
22853 0 0 0
22854 0 0 0
22855 0 0 0
22856 0 0 0
22857 0 0 0
22858 0 0 0
22859 0 0 0
22860 0 0 0
22861 0 0 0
22862 0 0 0
22863 0 0 0
22864 0 0 0
22865 0 0 0
22866 0 0 0
22867 0 0 0
22868 0 0 0
22869 0 0 0
22870 0 0 0
22871 0 0 0
22872 0 0 0
22873 0 0 0
22874 0 0 0
22875 0 0 0
22876 0 0 0
22877 0 0 0
22878 0 0 0
22879 0 0 0
22880 0 0 0
22881 0 0 0
22882 0 0 0
22883 0 0 0
22884 0 0 0
22885 0 0 0
22886 0 0 0
22887 0 0 0
22888 0 0 0
22889 0 0 0
22890 0 0 0
22891 0 0 0
22892 0 0 0
22893 0 0 0
22894 0 0 0
22895 0 0 0
22896 0 0 0
22897 0 0 0
22898 0 0 0
22899 0 0 0
22900 0 0 0
22901 0 0 0
22902 0 0 0
22903 0 0 0
22904 0 0 0
22905 0 0 0
22906 0 0 0
22907 0 0 0
22908 0 0 0
22909 0 0 0
22910 0 0 0
22911 0 0 0
22912 0 0 0
22913 0 0 0
22914 0 0 0
22915 0 0 0
22916 0 0 0
22917 0 0 0
22918 0 0 0
22919 0 0 0
22920 0 0 0
22921 0 0 0
22922 0 0 0
22923 0 0 0
22924 0 0 0
22925 0 0 0
22926 0 0 0
22927 0 0 0
22928 0 0 0
22929 0 0 0
22930 0 0 0
22931 0 0 0
22932 0 0 0
22933 0 0 0
22934 0 0 0
22935 0 0 0
22936 0 0 0
22937 0 0 0
22938 0 0 0
22939 0 0 0
22940 0 0 0
22941 0 0 0
22942 0 0 0
22943 0 0 0
22944 0 0 0
22945 0 0 0
22946 0 0 0
22947 0 0 0
22948 0 0 0
22949 0 0 0
22950 0 0 0
22951 0 0 0
22952 0 0 0
22953 0 0 0
22954 0 0 0
22955 0 0 0
22956 0 0 0
22957 0 0 0
22958 0 0 0
22959 0 0 0
22960 0 0 0
22961 0 0 0
22962 0 0 0
22963 0 0 0
22964 0 0 0
22965 0 0 0
22966 0 0 0
22967 0 0 0
22968 0 0 0
22969 0 0 0
22970 0 0 0
22971 0 0 0
22972 0 0 0
22973 0 0 0
22974 0 0 0
22975 0 0 0
22976 0 0 0
22977 0 0 0
22978 0 0 0
22979 0 0 0
22980 0 0 0
22981 0 0 0
22982 0 0 0
22983 0 0 0
22984 0 0 0
22985 0 0 0
22986 0 0 0
22987 0 0 0
22988 0 0 0
22989 0 0 0
22990 0 0 0
22991 0 0 0
22992 0 0 0
22993 0 0 0
22994 0 0 0
22995 0 0 0
22996 0 0 0
22997 0 0 0
22998 0 0 0
22999 0 0 0
23000 0 0 0
23001 0 0 0
23002 0 0 0
23003 0 0 0
23004 0 0 0
23005 0 0 0
23006 0 0 0
23007 0 0 0
23008 0 0 0
23009 0 0 0
23010 0 0 0
23011 0 0 0
23012 0 0 0
23013 0 0 0
23014 0 0 0
23015 0 0 0
23016 0 0 0
23017 0 0 0
23018 0 0 0
23019 0 0 0
23020 0 0 0
23021 0 0 0
23022 0 0 0
23023 0 0 0
23024 0 0 0
23025 0 0 0
23026 0 0 0
23027 0 0 0
23028 0 0 0
23029 0 0 0
23030 0 0 0
23031 0 0 0
23032 0 0 0
23033 0 0 0
23034 0 0 0
23035 0 0 0
23036 0 0 0
23037 0 0 0
23038 0 0 0
23039 0 0 0
23040 0 0 0
23041 0 0 0
23042 0 0 0
23043 0 0 0
23044 0 0 0
23045 0 0 0
23046 0 0 0
23047 0 0 0
23048 0 0 0
23049 0 0 0
23050 0 0 0
23051 0 0 0
23052 0 0 0
23053 0 0 0
23054 0 0 0
23055 0 0 0
23056 0 0 0
23057 0 0 0
23058 0 0 0
23059 0 0 0
23060 0 0 0
23061 0 0 0
23062 0 0 0
23063 0 0 0
23064 0 0 0
23065 0 0 0
23066 0 0 0
23067 0 0 0
23068 0 0 0
23069 0 0 0
23070 0 0 0
23071 0 0 0
23072 0 0 0
23073 0 0 0
23074 0 0 0
23075 0 0 0
23076 0 0 0
23077 0 0 0
23078 0 0 0
23079 0 0 0
23080 0 0 0
23081 0 0 0
23082 0 0 0
23083 0 0 0
23084 0 0 0
23085 0 0 0
23086 0 0 0
23087 0 0 0
23088 0 0 0
23089 0 0 0
23090 0 0 0
23091 0 0 0
23092 0 0 0
23093 0 0 0
23094 0 0 0
23095 0 0 0
23096 0 0 0
23097 0 0 0
23098 0 0 0
23099 0 0 0
23100 0 0 0
23101 0 0 0
23102 0 0 0
23103 0 0 0
23104 0 0 0
23105 0 0 0
23106 0 0 0
23107 0 0 0
23108 0 0 0
23109 0 0 0
23110 0 0 0
23111 0 0 0
23112 0 0 0
23113 0 0 0
23114 0 0 0
23115 0 0 0
23116 0 0 0
23117 0 0 0
23118 0 0 0
23119 0 0 0
23120 0 0 0
23121 0 0 0
23122 0 0 0
23123 0 0 0
23124 0 0 0
23125 0 0 0
23126 0 0 0
23127 0 0 0
23128 0 0 0
23129 0 0 0
23130 0 0 0
23131 0 0 0
23132 0 0 0
23133 0 0 0
23134 0 0 0
23135 0 0 0
23136 0 0 0
23137 0 0 0
23138 0 0 0
23139 0 0 0
23140 0 0 0
23141 0 0 0
23142 0 0 0
23143 0 0 0
23144 0 0 0
23145 0 0 0
23146 0 0 0
23147 0 0 0
23148 0 0 0
23149 0 0 0
23150 0 0 0
23151 0 0 0
23152 0 0 0
23153 0 0 0
23154 0 0 0
23155 0 0 0
23156 0 0 0
23157 0 0 0
23158 0 0 0
23159 0 0 0
23160 0 0 0
23161 0 0 0
23162 0 0 0
23163 0 0 0
23164 0 0 0
23165 0 0 0
23166 0 0 0
23167 0.119366 0 0
23185 0 0 0
23186 0 0 0
23187 0 0 0
23188 0 0 0
23189 0 0 0
23190 0 0 0
23257 0.477465 0 0
23276 0 0 0
23277 0 0 0
23278 0 0 0
23279 0 0 0
23280 0 0 0
23281 0 0 0
23349 0.755986 0 0
23369 0 0 0
23370 0 0 0
23371 0 0 0
23372 0 0 0
23373 0 0 0
23374 0 0 0
23443 0.95493 0 0
23464 0 0 0
23465 0 0 0
23466 0 0 0
23467 0 0 0
23537 1.0743 0 0
23558 0 0 0
23559 0 0 0
23560 0 0 0
23561 0 0 0
23562 0 0 0
23563 0 0 0
23633 1.11408 0 0
23654 0 0 0
23655 0 0 0
23656 0 0 0
23657 0 0 0
23658 0 0 0
23659 0 0 0
23729 1.0743 0 0
23750 0 0 0
23751 0 0 0
23752 0 0 0
23753 0 0 0
23754 0 0 0
23755 0 0 0
23825 0.95493 0 0
23846 0 0 0
23847 0 0 0
23848 0 0 0
23849 0 0 0
23919 0.755986 0 0
23939 0 0 0
23940 0 0 0
23941 0 0 0
23942 0 0 0
23943 0 0 0
23944 0 0 0
24013 0.477465 0 0
24032 0 0 0
24033 0 0 0
24034 0 0 0
24035 0 0 0
24036 0 0 0
24037 0 0 0
24105 0.119366 0 0
24123 0 0 0
24124 0 0 0
24125 0 0 0
24126 0 0 0
24127 0 0 0
24128 0 0 0
24195 0 0 0
24196 0 0 0
24197 0 0 0
24198 0 0 0
24199 0 0 0
24200 0 0 0
24201 0 0 0
24202 0 0 0
24203 0 0 0
24204 0 0 0
24205 0 0 0
24206 0 0 0
24207 0 0 0
24208 0 0 0
24209 0 0 0
24210 0 0 0
24211 0 0 0
24212 0 0 0
24213 0 0 0
24214 0 0 0
24215 0 0 0
24216 0 0 0
24217 0 0 0
24218 0 0 0
24219 0 0 0
24220 0 0 0
24221 0 0 0
24222 0 0 0
24223 0 0 0
24224 0 0 0
24225 0 0 0
24226 0 0 0
24227 0 0 0
24228 0 0 0
24229 0 0 0
24230 0 0 0
24231 0 0 0
24232 0 0 0
24233 0 0 0
24234 0 0 0
24235 0 0 0
24236 0 0 0
24237 0 0 0
24238 0 0 0
24239 0 0 0
24240 0 0 0
24241 0 0 0
24242 0 0 0
24243 0 0 0
24244 0 0 0
24245 0 0 0
24246 0 0 0
24247 0 0 0
24248 0 0 0
24249 0 0 0
24250 0 0 0
24251 0 0 0
24252 0 0 0
24253 0 0 0
24254 0 0 0
24255 0 0 0
24256 0 0 0
24257 0 0 0
24258 0 0 0
24259 0 0 0
24260 0 0 0
24261 0 0 0
24262 0 0 0
24263 0 0 0
24264 0 0 0
24265 0 0 0
24266 0 0 0
24267 0 0 0
24268 0 0 0
24269 0 0 0
24270 0 0 0
24271 0 0 0
24272 0 0 0
24273 0 0 0
24274 0 0 0
24275 0 0 0
24276 0 0 0
24277 0 0 0
24278 0 0 0
24279 0 0 0
24280 0 0 0
24281 0 0 0
24282 0 0 0
24283 0 0 0
24284 0 0 0
24285 0 0 0
24286 0 0 0
24287 0 0 0
24288 0 0 0
24289 0 0 0
24290 0 0 0
24291 0 0 0
24292 0 0 0
24293 0 0 0
24294 0 0 0
24295 0 0 0
24296 0 0 0
24297 0 0 0
24298 0 0 0
24299 0 0 0
24300 0 0 0
24301 0 0 0
24302 0 0 0
24303 0 0 0
24304 0 0 0
24305 0 0 0
24306 0 0 0
24307 0 0 0
24308 0 0 0
24309 0 0 0
24310 0 0 0
24311 0 0 0
24312 0 0 0
24313 0 0 0
24314 0 0 0
24315 0 0 0
24316 0 0 0
24317 0 0 0
24318 0 0 0
24319 0 0 0
24320 0 0 0
24321 0 0 0
24322 0 0 0
24323 0 0 0
24324 0 0 0
24325 0 0 0
24326 0 0 0
24327 0 0 0
24328 0 0 0
24329 0 0 0
24330 0 0 0
24331 0 0 0
24332 0 0 0
24333 0 0 0
24334 0 0 0
24335 0 0 0
24336 0 0 0
24337 0 0 0
24338 0 0 0
24339 0 0 0
24340 0 0 0
24341 0 0 0
24342 0 0 0
24343 0 0 0
24344 0 0 0
24345 0 0 0
24346 0 0 0
24347 0 0 0
24348 0 0 0
24349 0 0 0
24350 0 0 0
24351 0 0 0
24352 0 0 0
24353 0 0 0
24354 0 0 0
24355 0 0 0
24356 0 0 0
24357 0 0 0
24358 0 0 0
24359 0 0 0
24360 0 0 0
24361 0 0 0
24362 0 0 0
24363 0 0 0
24364 0 0 0
24365 0 0 0
24366 0 0 0
24367 0 0 0
24368 0 0 0
24369 0 0 0
24370 0 0 0
24371 0 0 0
24372 0 0 0
24373 0 0 0
24374 0 0 0
24375 0 0 0
24376 0 0 0
24377 0 0 0
24378 0 0 0
24379 0 0 0
24380 0 0 0
24381 0 0 0
24382 0 0 0
24383 0 0 0
24384 0 0 0
24385 0 0 0
24386 0 0 0
24387 0 0 0
24388 0 0 0
24389 0 0 0
24390 0 0 0
24391 0 0 0
24392 0 0 0
24393 0 0 0
24394 0 0 0
24395 0 0 0
24396 0 0 0
24397 0 0 0
24398 0 0 0
24399 0 0 0
24400 0 0 0
24401 0 0 0
24402 0 0 0
24403 0 0 0
24404 0 0 0
24405 0 0 0
24406 0 0 0
24407 0 0 0
24408 0 0 0
24409 0 0 0
24410 0 0 0
24411 0 0 0
24412 0 0 0
24413 0 0 0
24414 0 0 0
24415 0 0 0
24416 0 0 0
24417 0 0 0
24418 0 0 0
24419 0 0 0
24420 0 0 0
24421 0 0 0
24422 0 0 0
24423 0 0 0
24424 0 0 0
24425 0 0 0
24426 0 0 0
24427 0 0 0
24428 0 0 0
24429 0 0 0
24430 0 0 0
24431 0 0 0
24432 0 0 0
24433 0 0 0
24434 0 0 0
24435 0 0 0
24436 0 0 0
24437 0 0 0
24438 0 0 0
24439 0 0 0
24440 0 0 0
24441 0 0 0
24442 0 0 0
24443 0 0 0
24444 0 0 0
24445 0 0 0
24446 0 0 0
24447 0 0 0
24448 0 0 0
24449 0 0 0
24450 0 0 0
24451 0 0 0
24452 0 0 0
24453 0 0 0
24454 0 0 0
24455 0 0 0
24456 0 0 0
24457 0 0 0
24458 0 0 0
24459 0 0 0
24460 0 0 0
24461 0 0 0
24462 0 0 0
24463 0 0 0
24464 0 0 0
24465 0 0 0
24466 0 0 0
24467 0 0 0
24468 0 0 0
24469 0 0 0
24470 0 0 0
24471 0 0 0
24472 0 0 0
24473 0 0 0
24474 0 0 0
24475 0 0 0
24476 0 0 0
24477 0 0 0
24478 0 0 0
24479 0 0 0
24480 0 0 0
24481 0 0 0
24482 0 0 0
24483 0 0 0
24484 0 0 0
24485 0 0 0
24486 0 0 0
24487 0 0 0
24488 0 0 0
24489 0 0 0
24490 0 0 0
24491 0 0 0
24492 0 0 0
24493 0 0 0
24494 0 0 0
24495 0 0 0
24496 0 0 0
24497 0 0 0
24498 0 0 0
24499 0 0 0
24500 0 0 0
24501 0 0 0
24502 0 0 0
24503 0 0 0
24504 0 0 0
24505 0 0 0
24506 0 0 0
24507 0 0 0
24508 0 0 0
24509 0 0 0
24510 0 0 0
24511 0 0 0
24512 0 0 0
24513 0 0 0
24514 0 0 0
24515 0 0 0
24516 0 0 0
24517 0 0 0
24518 0 0 0
24519 0 0 0
24520 0 0 0
24521 0 0 0
24522 0 0 0
24523 0 0 0
24524 0 0 0
24525 0 0 0
24526 0 0 0
24527 0 0 0
24528 0 0 0
24529 0 0 0
24530 0 0 0
24531 0 0 0
24532 0 0 0
24533 0 0 0
24534 0 0 0
24535 0 0 0
24536 0 0 0
24537 0 0 0
24538 0 0 0
24539 0 0 0
24540 0 0 0
24541 0 0 0
24542 0 0 0
24543 0 0 0
24560 0 0 0
24561 0 0 0
24562 0 0 0
24563 0 0 0
24564 0 0 0
24565 0 0 0
24566 0 0 0
24567 0 0 0
24633 0.238732 0 0
24652 0 0 0
24653 0 0 0
24654 0 0 0
24655 0 0 0
24656 0 0 0
24657 0 0 0
24725 0.437676 0 0
24744 0 0 0
24745 0 0 0
24746 0 0 0
24747 0 0 0
24748 0 0 0
24749 0 0 0
24817 0.557042 0 0
24837 0 0 0
24838 0 0 0
24839 0 0 0
24840 0 0 0
24909 0.596831 0 0
24929 0 0 0
24930 0 0 0
24931 0 0 0
24932 0 0 0
25001 0.557042 0 0
25021 0 0 0
25022 0 0 0
25023 0 0 0
25024 0 0 0
25093 0.437676 0 0
25112 0 0 0
25113 0 0 0
25114 0 0 0
25115 0 0 0
25116 0 0 0
25117 0 0 0
25185 0.238732 0 0
25204 0 0 0
25205 0 0 0
25206 0 0 0
25207 0 0 0
25208 0 0 0
25209 0 0 0
25277 0 0 0
25294 0 0 0
25295 0 0 0
25296 0 0 0
25297 0 0 0
25298 0 0 0
25299 0 0 0
25300 0 0 0
25301 0 0 0
25367 0 0 0
25368 0 0 0
25369 0 0 0
25370 0 0 0
25371 0 0 0
25372 0 0 0
25373 0 0 0
25374 0 0 0
25375 0 0 0
25376 0 0 0
25377 0 0 0
25378 0 0 0
25379 0 0 0
25380 0 0 0
25381 0 0 0
25382 0 0 0
25383 0 0 0
25384 0 0 0
25385 0 0 0
25386 0 0 0
25387 0 0 0
25388 0 0 0
25389 0 0 0
25390 0 0 0
25391 0 0 0
25392 0 0 0
25393 0 0 0
25394 0 0 0
25395 0 0 0
25396 0 0 0
25397 0 0 0
25398 0 0 0
25399 0 0 0
25400 0 0 0
25401 0 0 0
25402 0 0 0
25403 0 0 0
25404 0 0 0
25405 0 0 0
25406 0 0 0
25407 0 0 0
25408 0 0 0
25409 0 0 0
25410 0 0 0
25411 0 0 0
25412 0 0 0
25413 0 0 0
25414 0 0 0
25415 0 0 0
25416 0 0 0
25417 0 0 0
25418 0 0 0
25419 0 0 0
25420 0 0 0
25421 0 0 0
25422 0 0 0
25423 0 0 0
25424 0 0 0
25425 0 0 0
25426 0 0 0
25427 0 0 0
25428 0 0 0
25429 0 0 0
25430 0 0 0
25431 0 0 0
25432 0 0 0
25433 0 0 0
25434 0 0 0
25435 0 0 0
25436 0 0 0
25437 0 0 0
25438 0 0 0
25439 0 0 0
25440 0 0 0
25441 0 0 0
25442 0 0 0
25443 0 0 0
25444 0 0 0
25445 0 0 0
25446 0 0 0
25447 0 0 0
25448 0 0 0
25449 0 0 0
25450 0 0 0
25451 0 0 0
25452 0 0 0
25453 0 0 0
25454 0 0 0
25455 0 0 0
25456 0 0 0
25457 0 0 0
25458 0 0 0
25459 0 0 0
25460 0 0 0
25461 0 0 0
25462 0 0 0
25463 0 0 0
25464 0 0 0
25465 0 0 0
25466 0 0 0
25467 0 0 0
25468 0 0 0
25469 0 0 0
25470 0 0 0
25471 0 0 0
25472 0 0 0
25473 0 0 0
25474 0 0 0
25475 0 0 0
25476 0 0 0
25477 0 0 0
25478 0 0 0
25479 0 0 0
25480 0 0 0
25481 0 0 0
25482 0 0 0
25483 0 0 0
25484 0 0 0
25485 0 0 0
25486 0 0 0
25487 0 0 0
25488 0 0 0
25489 0 0 0
25490 0 0 0
25491 0 0 0
25492 0 0 0
25493 0 0 0
25494 0 0 0
25495 0 0 0
25496 0 0 0
25497 0 0 0
25498 0 0 0
25499 0 0 0
25500 0 0 0
25501 0 0 0
25502 0 0 0
25503 0 0 0
25504 0 0 0
25505 0 0 0
25506 0 0 0
25507 0 0 0
25508 0 0 0
25509 0 0 0
25510 0 0 0
25511 0 0 0
25512 0 0 0
25513 0 0 0
25514 0 0 0
25515 0 0 0
25516 0 0 0
25517 0 0 0
25518 0 0 0
25519 0 0 0
25520 0 0 0
25521 0 0 0
25522 0 0 0
25523 0 0 0
25524 0 0 0
25525 0 0 0
25526 0 0 0
25527 0 0 0
25528 0 0 0
25529 0 0 0
25530 0 0 0
25531 0 0 0
25532 0 0 0
25533 0 0 0
25534 0 0 0
25535 0 0 0
25536 0 0 0
25537 0 0 0
25538 0 0 0
25539 0 0 0
25540 0 0 0
25541 0 0 0
25542 0 0 0
25543 0 0 0
25544 0 0 0
25545 0 0 0
25546 0 0 0
25547 0 0 0
25548 0 0 0
25549 0 0 0
25550 0 0 0
25551 0 0 0
25552 0 0 0
25553 0 0 0
25554 0 0 0
25555 0 0 0
25556 0 0 0
25557 0 0 0
25558 0 0 0
25559 0 0 0
25560 0 0 0
25561 0 0 0
25562 0 0 0
25563 0 0 0
25564 0 0 0
25565 0 0 0
25566 0 0 0
25567 0 0 0
25568 0 0 0
25569 0 0 0
25570 0 0 0
25571 0 0 0
25572 0 0 0
25573 0 0 0
25574 0 0 0
25575 0 0 0
25576 0 0 0
25577 0 0 0
25578 0 0 0
25579 0 0 0
25580 0 0 0
25581 0 0 0
25582 0 0 0
25583 0 0 0
25584 0 0 0
25585 0 0 0
25586 0 0 0
25587 0 0 0
25588 0 0 0
25589 0 0 0
25590 0 0 0
25591 0 0 0
25592 0 0 0
25593 0 0 0
25594 0 0 0
25595 0 0 0
25596 0 0 0
25597 0 0 0
25598 0 0 0
25599 0 0 0
25600 0 0 0
25601 0 0 0
25602 0 0 0
25603 0 0 0
25604 0 0 0
25605 0 0 0
25606 0 0 0
25607 0 0 0
25608 0 0 0
25609 0 0 0
25610 0 0 0
25611 0 0 0
25612 0 0 0
25613 0 0 0
25614 0 0 0
25615 0 0 0
25616 0 0 0
25617 0 0 0
25618 0 0 0
25619 0 0 0
25620 0 0 0
25621 0 0 0
25622 0 0 0
25623 0 0 0
25624 0 0 0
25625 0 0 0
25626 0 0 0
25627 0 0 0
25628 0 0 0
25629 0 0 0
25630 0 0 0
25631 0 0 0
25632 0 0 0
25633 0 0 0
25634 0 0 0
25635 0 0 0
25636 0 0 0
25637 0 0 0
25638 0 0 0
25639 0 0 0
25640 0 0 0
25641 0 0 0
25642 0 0 0
25643 0 0 0
25644 0 0 0
25645 0 0 0
25646 0 0 0
25647 0 0 0
25648 0 0 0
25649 0 0 0
25650 0 0 0
25651 0 0 0
25652 0 0 0
25653 0 0 0
25654 0 0 0
25655 0 0 0
25656 0 0 0
25657 0 0 0
25658 0 0 0
25659 0 0 0
25660 0 0 0
25661 0 0 0
25662 0 0 0
25663 0 0 0
25664 0 0 0
25665 0 0 0
25666 0 0 0
25667 0 0 0
25668 0 0 0
25669 0 0 0
25670 0 0 0
25671 0 0 0
25672 0 0 0
25673 0 0 0
25674 0 0 0
25675 0 0 0
25676 0 0 0
25677 0 0 0
25678 0 0 0
25679 0 0 0
25680 0 0 0
25681 0 0 0
25682 0 0 0
25683 0 0 0
25684 0 0 0
25685 0 0 0
25686 0 0 0
25687 0 0 0
25688 0 0 0
25689 0 0 0
25690 0 0 0
25691 0 0 0
25692 0 0 0
25693 0 0 0
25694 0 0 0
25695 0 0 0
25696 0 0 0
25697 0 0 0
25698 0 0 0
25699 0 0 0
25700 0 0 0
25701 0 0 0
25702 0 0 0
25703 0 0 0
25704 0 0 0
25705 0 0 0
25706 0 0 0
25707 0 0 0
25708 0 0 0
25709 0 0 0
25710 0 0 0
25711 0 0 0
25712 0 0 0
25713 0 0 0
25714 0 0 0
25715 0 0 0
25716 0 0 0
25717 0 0 0
25718 0 0 0
25719 0 0 0
25720 0 0 0
25721 0 0 0
25722 0 0 0
25723 0 0 0
25724 0 0 0
25725 0 0 0
25726 0 0 0
25727 0 0 0
25728 0 0 0
25729 0 0 0
25730 0 0 0
25731 0 0 0
25732 0 0 0
25733 0 0 0
25734 0 0 0
25735 0 0 0
25736 0 0 0
25737 0 0 0
25738 0 0 0
25739 0 0 0
25740 0 0 0
25741 0 0 0
25742 0 0 0
25743 0 0 0
25744 0 0 0
25745 0 0 0
25746 0 0 0
25747 0 0 0
25748 0 0 0
25749 0 0 0
25750 0 0 0
25751 0 0 0
25752 0 0 0
25753 0 0 0
25754 0 0 0
25755 0 0 0
25756 0 0 0
25757 0 0 0
25758 0 0 0
25759 0 0 0
25760 0 0 0
25761 0 0 0
25762 0 0 0
25763 0 0 0
25764 0 0 0
25765 0 0 0
25766 0 0 0
25767 0 0 0
25768 0 0 0
25769 0 0 0
25770 0 0 0
25771 0 0 0
25772 0 0 0
25773 0 0 0
25774 0 0 0
25775 0 0 0
25776 0 0 0
25777 0 0 0
25778 0 0 0
25779 0 0 0
25780 0 0 0
25781 0 0 0
25782 0 0 0
25783 0 0 0
25784 0 0 0
25785 0 0 0
25786 0 0 0
25787 0 0 0
25788 0 0 0
25789 0 0 0
25790 0 0 0
25791 0 0 0
25792 0 0 0
25793 0 0 0
25794 0 0 0
25795 0 0 0
25796 0 0 0
25797 0 0 0
25798 0 0 0
25799 0 0 0
25800 0 0 0
25801 0 0 0
25818 0 0 0
25819 0 0 0
25820 0 0 0
25821 0 0 0
25822 0 0 0
25823 0 0 0
25824 0 0 0
25825 0 0 0
25891 0 0 0
25909 0 0 0
25910 0 0 0
25911 0 0 0
25912 0 0 0
25913 0 0 0
25914 0 0 0
25981 0 0 0
25999 0 0 0
26000 0 0 0
26001 0 0 0
26002 0 0 0
26003 0 0 0
26004 0 0 0
26071 0 0 0
26089 0 0 0
26090 0 0 0
26091 0 0 0
26092 0 0 0
26093 0 0 0
26094 0 0 0
26161 0 0 0
26178 0 0 0
26179 0 0 0
26180 0 0 0
26181 0 0 0
26182 0 0 0
26183 0 0 0
26184 0 0 0
26185 0 0 0
26251 0 0 0
26252 0 0 0
26253 0 0 0
26254 0 0 0
26255 0 0 0
26256 0 0 0
26257 0 0 0
26258 0 0 0
26259 0 0 0
26260 0 0 0
26261 0 0 0
26262 0 0 0
26263 0 0 0
26264 0 0 0
26265 0 0 0
26266 0 0 0
26267 0 0 0
26268 0 0 0
26269 0 0 0
26270 0 0 0
26271 0 0 0
26272 0 0 0
26273 0 0 0
26274 0 0 0
26275 0 0 0
26276 0 0 0
26277 0 0 0
26278 0 0 0
26279 0 0 0
26280 0 0 0
26281 0 0 0
26282 0 0 0
26283 0 0 0
26284 0 0 0
26285 0 0 0
26286 0 0 0
26287 0 0 0
26288 0 0 0
26289 0 0 0
26290 0 0 0
26291 0 0 0
26292 0 0 0
26293 0 0 0
26294 0 0 0
26295 0 0 0
26296 0 0 0
26297 0 0 0
26298 0 0 0
26299 0 0 0
26300 0 0 0
26301 0 0 0
26302 0 0 0
26303 0 0 0
26304 0 0 0
26305 0 0 0
26306 0 0 0
26307 0 0 0
26308 0 0 0
26309 0 0 0
26310 0 0 0
26311 0 0 0
26312 0 0 0
26313 0 0 0
26314 0 0 0
26315 0 0 0
26316 0 0 0
26317 0 0 0
26318 0 0 0
26319 0 0 0
26320 0 0 0
26321 0 0 0
26322 0 0 0
26323 0 0 0
26324 0 0 0
26325 0 0 0
26326 0 0 0
26327 0 0 0
26328 0 0 0
26329 0 0 0
26330 0 0 0
26331 0 0 0
26332 0 0 0
26333 0 0 0
26334 0 0 0
26335 0 0 0
26336 0 0 0
26337 0 0 0
26338 0 0 0
26339 0 0 0
26340 0 0 0
26341 0 0 0
26342 0 0 0
26343 0 0 0
26344 0 0 0
26345 0 0 0
26346 0 0 0
26347 0 0 0
26348 0 0 0
26349 0 0 0
26350 0 0 0
26351 0 0 0
26352 0 0 0
26353 0 0 0
26354 0 0 0
26355 0 0 0
26356 0 0 0
26357 0 0 0
26358 0 0 0
26359 0 0 0
26360 0 0 0
26361 0 0 0
26362 0 0 0
26363 0 0 0
26364 0 0 0
26365 0 0 0
26366 0 0 0
26367 0 0 0
26368 0 0 0
26369 0 0 0
26370 0 0 0
26371 0 0 0
26372 0 0 0
26373 0 0 0
26374 0 0 0
26375 0 0 0
26376 0 0 0
26377 0 0 0
26378 0 0 0
26379 0 0 0
26380 0 0 0
26381 0 0 0
26382 0 0 0
26383 0 0 0
26384 0 0 0
26385 0 0 0
26386 0 0 0
26387 0 0 0
26388 0 0 0
26389 0 0 0
26390 0 0 0
26391 0 0 0
26392 0 0 0
26393 0 0 0
26394 0 0 0
26395 0 0 0
26396 0 0 0
26397 0 0 0
26398 0 0 0
26399 0 0 0
26400 0 0 0
26401 0 0 0
26402 0 0 0
26403 0 0 0
26404 0 0 0
26405 0 0 0
26406 0 0 0
26407 0 0 0
26408 0 0 0
26409 0 0 0
26410 0 0 0
26411 0 0 0
26412 0 0 0
26413 0 0 0
26414 0 0 0
26415 0 0 0
26416 0 0 0
26417 0 0 0
26418 0 0 0
26419 0 0 0
26420 0 0 0
26421 0 0 0
26422 0 0 0
26423 0 0 0
26424 0 0 0
26425 0 0 0
26426 0 0 0
26427 0 0 0
26428 0 0 0
26429 0 0 0
26430 0 0 0
26431 0 0 0
26432 0 0 0
26433 0 0 0
26434 0 0 0
26435 0 0 0
26436 0 0 0
26437 0 0 0
26438 0 0 0
26439 0 0 0
26440 0 0 0
26441 0 0 0
26442 0 0 0
26443 0 0 0
26444 0 0 0
26445 0 0 0
26446 0 0 0
26447 0 0 0
26448 0 0 0
26449 0 0 0
26450 0 0 0
26451 0 0 0
26452 0 0 0
26453 0 0 0
26454 0 0 0
26455 0 0 0
26456 0 0 0
26457 0 0 0
26458 0 0 0
26459 0 0 0
26460 0 0 0
26461 0 0 0
26462 0 0 0
26463 0 0 0
26464 0 0 0
26465 0 0 0
26466 0 0 0
26467 0 0 0
26468 0 0 0
26469 0 0 0
26470 0 0 0
26471 0 0 0
26472 0 0 0
26473 0 0 0
26474 0 0 0
26475 0 0 0
26476 0 0 0
26477 0 0 0
26478 0 0 0
26479 0 0 0
26480 0 0 0
26481 0 0 0
26482 0 0 0
26483 0 0 0
26484 0 0 0
26485 0 0 0
26486 0 0 0
26487 0 0 0
26488 0 0 0
26489 0 0 0
26490 0 0 0
26491 0 0 0
26492 0 0 0
26493 0 0 0
26494 0 0 0
26495 0 0 0
26496 0 0 0
26497 0 0 0
26498 0 0 0
26499 0 0 0
26500 0 0 0
26501 0 0 0
26502 0 0 0
26503 0 0 0
26504 0 0 0
26505 0 0 0
26506 0 0 0
26507 0 0 0
26508 0 0 0
26509 0 0 0
26510 0 0 0
26511 0 0 0
26512 0 0 0
26513 0 0 0
26514 0 0 0
26515 0 0 0
26516 0 0 0
26517 0 0 0
26518 0 0 0
26519 0 0 0
26520 0 0 0
26521 0 0 0
26522 0 0 0
26523 0 0 0
26524 0 0 0
26525 0 0 0
26526 0 0 0
26527 0 0 0
26528 0 0 0
26529 0 0 0
26530 0 0 0
26531 0 0 0
26532 0 0 0
26533 0 0 0
26534 0 0 0
26535 0 0 0
26536 0 0 0
26537 0 0 0
26538 0 0 0
26539 0 0 0
26540 0 0 0
26541 0 0 0
26542 0 0 0
26543 0 0 0
26544 0 0 0
26545 0 0 0
26546 0 0 0
26547 0 0 0
26548 0 0 0
26549 0 0 0
26550 0 0 0
26551 0 0 0
26552 0 0 0
26553 0 0 0
26554 0 0 0
26555 0 0 0
26556 0 0 0
26557 0 0 0
26558 0 0 0
26559 0 0 0
26560 0 0 0
26561 0 0 0
26562 0 0 0
26563 0 0 0
26564 0 0 0
26565 0 0 0
26566 0 0 0
26567 0 0 0
26568 0 0 0
26569 0 0 0
26570 0 0 0
26571 0 0 0
26572 0 0 0
26573 0 0 0
26574 0 0 0
26575 0 0 0
26576 0 0 0
26577 0 0 0
26578 0 0 0
26579 0 0 0
26580 0 0 0
26581 0 0 0
26582 0 0 0
26583 0 0 0
26584 0 0 0
26585 0 0 0
26586 0 0 0
26587 0 0 0
26588 0 0 0
26589 0 0 0
26590 0 0 0
26591 0 0 0
26592 0 0 0
26593 0 0 0
26594 0 0 0
26595 0 0 0
26596 0 0 0
26597 0 0 0
26598 0 0 0
26599 0 0 0
26600 0 0 0
26601 0 0 0
26602 0 0 0
26603 0 0 0
26604 0 0 0
26605 0 0 0
26606 0 0 0
26607 0 0 0
26608 0 0 0
26609 0 0 0
26610 0 0 0
26611 0 0 0
26612 0 0 0
26613 0 0 0
26614 0 0 0
26615 0 0 0
26616 0 0 0
26617 0 0 0
26618 0 0 0
26619 0 0 0
26620 0 0 0
26621 0 0 0
26622 0 0 0
26623 0 0 0
26624 0 0 0
26625 0 0 0
26626 0 0 0
26627 0 0 0
26628 0 0 0
26629 0 0 0
26630 0 0 0
26631 0 0 0
26632 0 0 0
26633 0 0 0
26634 0 0 0
26635 0 0 0
26636 0 0 0
26637 0 0 0
26638 0 0 0
26639 0 0 0
26640 0 0 0
26641 0 0 0
26642 0 0 0
26643 0 0 0
26644 0 0 0
26645 0 0 0
26646 0 0 0
26647 0 0 0
26648 0 0 0
26649 0 0 0
26650 0 0 0
26651 0 0 0
26652 0 0 0
26653 0 0 0
26654 0 0 0
26655 0 0 0
26656 0 0 0
26657 0 0 0
26658 0 0 0
26659 0 0 0
26660 0 0 0
26661 0 0 0
26662 0 0 0
26663 0 0 0
26664 0 0 0
26665 0 0 0
26666 0 0 0
26667 0 0 0
26668 0 0 0
26669 0 0 0
26670 0 0 0
26671 0 0 0
26672 0 0 0
26673 0 0 0
26674 0 0 0
26675 0 0 0
26676 0 0 0
26677 0 0 0
26678 0 0 0
26679 0 0 0
26680 0 0 0
26681 0 0 0
26682 0 0 0
26683 0 0 0
26684 0 0 0
26685 0 0 0
26686 0 0 0
26687 0 0 0
26688 0 0 0
26689 0 0 0
26690 0 0 0
26691 0 0 0
26692 0 0 0
26693 0 0 0
26694 0 0 0
26695 0 0 0
26696 0 0 0
26697 0 0 0
26698 0 0 0
26699 0 0 0
26700 0 0 0
26701 0 0 0
26702 0 0 0
26703 0 0 0
26704 0 0 0
26705 0 0 0
26706 0 0 0
26707 0 0 0
26708 0 0 0
26709 0 0 0
26710 0 0 0
26711 0 0 0
26712 0 0 0
26713 0 0 0
26714 0 0 0
26715 0 0 0
26716 0 0 0
26717 0 0 0
26718 0 0 0
26719 0 0 0
26720 0 0 0
26721 0 0 0
26722 0 0 0
26723 0 0 0
26724 0 0 0
26725 0 0 0
26726 0 0 0
26727 0 0 0
26728 0 0 0
26729 0 0 0
26730 0 0 0
26731 0 0 0
26732 0 0 0
26733 0 0 0
26734 0 0 0
26735 0 0 0
26736 0 0 0
26737 0 0 0
26738 0 0 0
26739 0 0 0
26740 0 0 0
26741 0 0 0
26742 0 0 0
26743 0 0 0
26744 0 0 0
26745 0 0 0
26746 0 0 0
26747 0 0 0
26748 0 0 0
26749 0 0 0
26750 0 0 0
26751 0 0 0
26752 0 0 0
26753 0 0 0
26754 0 0 0
26755 0 0 0
26756 0 0 0
26757 0 0 0
26758 0 0 0
26759 0 0 0
26760 0 0 0
26761 0 0 0
26762 0 0 0
26763 0 0 0
26764 0 0 0
26765 0 0 0
26766 0 0 0
26767 0 0 0
26768 0 0 0
26769 0 0 0
26770 0 0 0
26771 0 0 0
26772 0 0 0
26773 0 0 0
26774 0 0 0
26775 0 0 0
26776 0 0 0
26777 0 0 0
26778 0 0 0
26779 0 0 0
26780 0 0 0
26781 0 0 0
26782 0 0 0
26783 0 0 0
26784 0 0 0
26785 0 0 0
26786 0 0 0
26787 0 0 0
26788 0 0 0
26789 0 0 0
26790 0 0 0
26791 0 0 0
26792 0 0 0
26793 0 0 0
26794 0 0 0
26795 0 0 0
26796 0 0 0
26797 0 0 0
26798 0 0 0
26799 0 0 0
26800 0 0 0
26801 0 0 0
26802 0 0 0
26803 0 0 0
26804 0 0 0
26805 0 0 0
26806 0 0 0
26807 0 0 0
26808 0 0 0
26809 0 0 0
26810 0 0 0
26811 0 0 0
26812 0 0 0
26813 0 0 0
26814 0 0 0
26815 0 0 0
26816 0 0 0
26817 0 0 0
26818 0 0 0
26819 0 0 0
26820 0 0 0
26821 0 0 0
26822 0 0 0
26823 0 0 0
26824 0 0 0
26825 0 0 0
26826 0 0 0
26827 0 0 0
26828 0 0 0
26829 0 0 0
26830 0 0 0
26831 0 0 0
26832 0 0 0
26833 0 0 0
26834 0 0 0
26835 0 0 0
26836 0 0 0
26837 0 0 0
26838 0 0 0
26839 0 0 0
26840 0 0 0
26841 0 0 0
26842 0 0 0
26843 0 0 0
26844 0 0 0
26845 0 0 0
26846 0 0 0
26847 0 0 0
26848 0 0 0
26849 0 0 0
26850 0 0 0
26851 0 0 0
26852 0 0 0
26853 0 0 0
26854 0 0 0
26855 0 0 0
26856 0 0 0
26857 0 0 0
26858 0 0 0
26859 0 0 0
26860 0 0 0
26861 0 0 0
26862 0 0 0
26863 0 0 0
26864 0 0 0
26865 0 0 0
26866 0 0 0
26867 0 0 0
26868 0 0 0
26869 0 0 0
26870 0 0 0
26871 0 0 0
26872 0 0 0
26873 0 0 0
26874 0 0 0
26875 0 0 0
26876 0 0 0
26877 0 0 0
26878 0 0 0
26879 0 0 0
26880 0 0 0
26881 0 0 0
26882 0 0 0
26883 0 0 0
26884 0 0 0
26885 0 0 0
26886 0 0 0
26887 0 0 0
26888 0 0 0
26889 0 0 0
26890 0 0 0
26891 0 0 0
26892 0 0 0
26893 0 0 0
26894 0 0 0
26895 0 0 0
26896 0 0 0
26897 0 0 0
26898 0 0 0
26899 0 0 0
26900 0 0 0
26901 0 0 0
26902 0 0 0
26903 0 0 0
26904 0 0 0
26905 0 0 0
26906 0 0 0
26907 0 0 0
26908 0 0 0
26909 0 0 0
26910 0 0 0
26911 0 0 0
26912 0 0 0
26913 0 0 0
26914 0 0 0
26915 0 0 0
26916 0 0 0
26917 0 0 0
26918 0 0 0
26919 0 0 0
26920 0 0 0
26921 0 0 0
26922 0 0 0
26923 0 0 0
26924 0 0 0
26925 0 0 0
26926 0 0 0
26927 0 0 0
26928 0 0 0
26929 0 0 0
26930 0 0 0
26931 0 0 0
26932 0 0 0
26933 0 0 0
26934 0 0 0
26935 0 0 0
26936 0 0 0
26937 0 0 0
26938 0 0 0
26939 0 0 0
26940 0 0 0
26941 0 0 0
26942 0 0 0
26943 0 0 0
26944 0 0 0
26945 0 0 0
26946 0 0 0
26947 0 0 0
26948 0 0 0
26949 0 0 0
26950 0 0 0
26951 0 0 0
26952 0 0 0
26953 0 0 0
26954 0 0 0
26955 0 0 0
26956 0 0 0
26957 0 0 0
26958 0 0 0
26959 0 0 0
26960 0 0 0
26961 0 0 0
26962 0 0 0
26963 0 0 0
26964 0 0 0
26965 0 0 0
26966 0 0 0
26967 0 0 0
26968 0 0 0
26969 0 0 0
26970 0 0 0
26971 0 0 0
26972 0 0 0
26973 0 0 0
26974 0 0 0
26975 0 0 0
26976 0 0 0
26977 0 0 0
26978 0 0 0
26979 0 0 0
26980 0 0 0
26981 0 0 0
26982 0 0 0
26983 0 0 0
26984 0 0 0
26985 0 0 0
26986 0 0 0
26987 0 0 0
26988 0 0 0
26989 0 0 0
26990 0 0 0
26991 0 0 0
26992 0 0 0
26993 0 0 0
26994 0 0 0
26995 0 0 0
26996 0 0 0
26997 0 0 0
26998 0 0 0
26999 0 0 0
27000 0 0 0
27001 0 0 0
27002 0 0 0
27003 0 0 0
27004 0 0 0
27005 0 0 0
27006 0 0 0
27007 0 0 0
27008 0 0 0
27009 0 0 0
27010 0 0 0
27011 0 0 0
27012 0 0 0
27013 0 0 0
27014 0 0 0
27015 0 0 0
27016 0 0 0
27017 0 0 0
27018 0 0 0
27019 0 0 0
27020 0 0 0
27021 0 0 0
27022 0 0 0
27023 0 0 0
27024 0 0 0
27025 0 0 0
27026 0 0 0
27027 0 0 0
27028 0 0 0
27029 0 0 0
27030 0 0 0
27031 0 0 0
27032 0 0 0
27033 0 0 0
27034 0 0 0
27035 0 0 0
27036 0 0 0
27037 0 0 0
27038 0 0 0
27039 0 0 0
27040 0 0 0
27041 0 0 0
27042 0 0 0
27043 0 0 0
27044 0 0 0
27045 0 0 0
27046 0 0 0
27047 0 0 0
27048 0 0 0
27049 0 0 0
27050 0 0 0
27051 0 0 0
27052 0 0 0
27053 0 0 0
27054 0 0 0
27055 0 0 0
27056 0 0 0
27057 0 0 0
27058 0 0 0
27059 0 0 0
27060 0 0 0
27061 0 0 0
27062 0 0 0
27063 0 0 0
27064 0 0 0
27065 0 0 0
27066 0 0 0
27067 0 0 0
27068 0 0 0
27069 0 0 0
27070 0 0 0
27071 0 0 0
27072 0 0 0
27073 0 0 0
27074 0 0 0
27075 0 0 0
27076 0 0 0
27077 0 0 0
27078 0 0 0
27079 0 0 0
27080 0 0 0
27081 0 0 0
27082 0 0 0
27083 0 0 0
27084 0 0 0
27085 0 0 0
27086 0 0 0
27087 0 0 0
27088 0 0 0
27089 0 0 0
27090 0 0 0
27091 0 0 0
27092 0 0 0
27093 0 0 0
27094 0 0 0
27095 0 0 0
27096 0 0 0
27097 0 0 0
27098 0 0 0
27099 0 0 0
27100 0 0 0
27101 0 0 0
27102 0 0 0
27103 0 0 0
27104 0 0 0
27105 0 0 0
27106 0 0 0
27107 0 0 0
27108 0 0 0
