0 0
1 0
2 0
3 0
4 0
5 0
6 0
7 0
8 0
9 0
10 0
11 0
12 0
13 0
14 0
15 0
16 0
17 0
18 0
19 0
20 0
21 0
22 0
23 0
24 0
25 0
26 0
27 0
28 0
29 0
30 0
31 0
32 0
33 0
34 0
35 0
36 0
37 0
38 0
39 0
40 0
41 0
42 0
43 0
44 0
45 0
46 0
47 0
48 0
49 0
50 0
51 0
52 0
53 0
54 0
55 0
56 0
57 0
58 0
59 0
60 0
61 0
62 0
63 0
64 0
65 0
66 0
67 0
68 0
69 0
70 0
71 0
72 0
73 0
74 0
75 0
76 0
77 0
78 0
79 0
80 0
81 0
82 0
83 0
84 0
85 0
86 0
87 0
88 0
89 0
90 0
91 0
92 0
93 0
94 0
95 0
96 0
97 0
98 0
99 0
100 0
101 0
102 0
103 0
104 0
105 0
106 0
107 0
108 0
109 0
110 0
111 0
112 0
113 0
114 0
115 0
116 0
117 0
118 0
119 0
120 0
121 0
122 0
123 0
124 0
125 0
126 0
127 0
128 0
129 0
130 0
131 0
132 0
133 0
134 0
135 0
136 0
137 0
138 0
139 0
140 0
141 0
142 0
143 0
144 0
145 0
146 0
147 0
148 0
149 0
150 0
151 0
152 0
153 0
154 0
155 0
156 0
157 0
158 0
159 0
160 0
161 0
162 0
163 0
164 0
165 0
166 0
167 0
168 0
169 0
170 0
171 0
172 0
173 0
174 0
175 0
176 0
177 0
178 0
179 0
180 0
181 0
182 0
183 0
184 0
185 0
186 0
187 0
188 0
189 0
190 0
191 0
192 0
193 0
194 0
195 0
196 0
197 0
198 0
199 0
200 0
201 0
202 0
203 0
204 0
205 0
206 0
207 0
208 0
209 0
210 0
211 0
212 0
213 0
214 0
215 0
216 0
217 0
218 0
219 0
220 0
221 0
222 0
223 0
224 0
225 0
226 0
227 0
228 0
229 0
230 0
231 0
232 0
233 0
234 0
235 0
236 0
237 0
238 0
239 0
240 0
241 0
242 0
243 0
244 0
245 0
246 0
247 0
248 0
249 0
250 0
251 0
252 0
253 0
254 0
255 0
256 0
257 0
258 0
259 0
260 0
261 0
262 0
263 0
264 0
265 0
266 0
267 0
268 0
269 0
270 0
271 0
272 0
273 0
274 0
275 0
276 0
277 0
278 0
279 0
280 0
281 0
282 0
283 0
284 0
285 0
286 0
287 0
288 0
289 0
290 0
291 0
292 0
293 0
294 0
295 0
296 0
297 0
298 0
299 0
300 0
301 0
302 0
303 0
304 0
305 0
306 0
307 0
308 0
309 0
310 0
311 0
312 0
313 0
314 0
315 0
316 0
317 0
318 0
319 0
320 0
321 0
322 0
323 0
324 0
325 0
326 0
327 0
328 0
329 0
330 0
331 0
332 0
333 0
334 0
335 0
336 0
337 0
338 0
339 0
340 0
341 0
342 0
343 0
344 0
345 0
346 0
347 0
348 0
349 0
350 0
351 0
352 0
353 0
354 0
355 0
356 0
357 0
358 0
359 0
360 0
361 0
362 0
363 0
364 0
365 0
366 0
367 0
368 0
369 0
370 0
371 0
372 0
373 0
374 0
375 0
376 0
377 0
378 0
379 0
380 0
381 0
382 0
383 0
384 0
385 0
386 0
387 0
388 0
389 0
390 0
391 0
392 0
393 0
394 0
395 0
396 0
397 0
398 0
399 0
400 0
401 0
402 0
403 0
404 0
405 0
406 0
407 0
408 0
409 0
410 0
411 0
412 0
413 0
414 0
415 0
416 0
417 0
418 0
419 0
420 0
421 0
422 0
423 0
424 0
425 0
426 0
427 0
428 0
429 0
430 0
431 0
432 0
433 0
434 0
435 0
436 0
437 0
438 0
439 0
440 0
441 0
442 0
443 0
444 0
445 0
446 0
447 0
448 0
449 0
450 0
451 0
452 0
453 0
454 0
455 0
456 0
457 0
458 0
459 0
460 0
461 0
462 0
463 0
464 0
465 0
466 0
467 0
468 0
469 0
470 0
471 0
472 0
473 0
474 0
475 0
476 0
477 0
478 0
479 0
480 0
481 0
482 0
483 0
484 0
485 0
486 0
487 0
488 0
489 0
490 0
491 0
492 0
493 0
494 0
495 0
496 0
497 0
498 0
499 0
500 0
501 0
502 0
503 0
504 0
505 0
506 0
507 0
508 0
509 0
510 0
511 0
512 0
513 0
514 0
515 0
516 0
517 0
518 0
519 0
520 0
521 0
522 0
523 0
524 0
525 0
526 0
527 0
528 0
529 0
530 0
531 0
532 0
533 0
534 0
535 0
536 0
537 0
538 0
539 0
540 0
541 0
542 0
543 0
544 0
545 0
546 0
547 0
548 0
549 0
550 0
551 0
552 0
553 0
554 0
555 0
556 0
557 0
558 0
559 0
560 0
561 0
562 0
563 0
564 0
565 0
566 0
567 0
568 0
569 0
570 0
571 0
572 0
573 0
574 0
575 0
576 0
577 0
578 0
579 0
580 0
581 0
582 0
583 0
584 0
585 0
586 0
587 0
588 0
589 0
590 0
591 0
592 0
593 0
594 0
595 0
596 0
597 0
598 0
599 0
600 0
601 0
602 0
603 0
604 0
605 0
606 0
607 0
608 0
609 0
610 0
611 0
612 0
613 0
614 0
615 0
616 0
617 0
618 0
619 0
620 0
621 0
622 0
623 0
624 0
625 0
626 0
627 0
628 0
629 0
630 0
631 0
632 0
633 0
634 0
635 0
636 0
637 0
638 0
639 0
640 0
641 0
642 0
643 0
644 0
645 0
646 0
647 0
648 0
649 0
650 0
651 0
652 0
653 0
654 0
655 0
656 0
657 0
658 0
659 0
660 0
661 0
662 0
663 0
664 0
665 0
666 0
667 0
668 0
669 0
670 0
671 0
672 0
673 0
674 0
675 0
676 0
677 0
678 0
679 0
680 0
681 0
682 0
683 0
684 0
685 0
686 0
687 0
688 0
689 0
690 0
691 0
692 0
693 0
694 0
695 0
696 0
697 0
698 0
699 0
700 0
701 0
702 0
703 0
704 0
705 0
706 0
707 0
708 0
709 0
710 0
711 0
712 0
713 0
714 0
715 0
716 0
717 0
718 0
719 0
720 0
721 0
722 0
723 0
724 0
725 0
726 0
727 0
728 0
729 0
730 0
731 0
732 0
733 0
734 0
735 0
736 0
737 0
738 0
739 0
740 0
741 0
742 0
743 0
744 0
745 0
746 0
747 0
748 0
749 0
750 0
751 0
752 0
753 0
754 0
755 0
756 0
757 0
758 0
759 0
760 0
761 0
762 0
763 0
764 0
765 0
766 0
767 0
768 0
769 0
770 0
771 0
772 0
773 0
774 0
775 0
776 0
777 0
778 0
779 0
780 0
781 0
782 0
783 0
784 0
785 0
786 0
787 0
788 0
789 0
790 0
791 0
792 0
793 0
794 0
795 0
796 0
797 0
798 0
799 0
800 0
801 0
802 0
803 0
804 0
805 0
806 0
807 0
808 0
809 0
810 0
811 0
812 0
813 0
814 0
815 0
816 0
817 0
818 0
819 0
820 0
821 0
822 0
823 0
824 0
825 0
826 0
827 0
828 0
829 0
830 0
831 0
832 0
833 0
834 0
835 0
836 0
837 0
838 0
839 0
840 0
841 0
842 0
843 0
844 0
845 0
846 0
847 0
848 0
849 0
850 0
851 0
852 0
853 0
854 0
855 0
856 0
857 0
858 0
859 0
860 0
861 0
862 0
863 0
864 0
865 0
866 0
867 0
868 0
869 0
870 0
871 0
872 0
873 0
874 0
875 0
876 0
877 0
878 0
879 0
880 0
881 0
882 0
883 0
884 0
885 0
886 0
887 0
888 0
889 0
890 0
891 0
892 0
893 0
894 0
895 0
896 0
897 0
898 0
899 0
900 0
901 0
902 0
903 0
904 0
905 0
906 0
907 0
908 0
909 0
910 0
911 0
912 0
913 0
914 0
915 0
916 0
917 0
918 0
919 0
920 0
921 0
922 0
923 0
924 0
925 0
926 0
927 0
928 0
929 0
930 0
931 0
932 0
933 0
934 0
935 0
936 0
937 0
938 0
939 0
940 0
941 0
942 0
943 0
944 0
945 0
946 0
947 0
948 0
949 0
950 0
951 0
952 0
953 0
954 0
955 0
956 0
957 0
958 0
959 0
960 0
961 0
962 0
963 0
964 0
965 0
966 0
967 0
968 0
969 0
970 0
971 0
972 0
973 0
974 0
975 0
976 0
977 0
978 0
979 0
980 0
981 0
982 0
983 0
984 0
985 0
986 0
987 0
988 0
989 0
990 0
991 0
992 0
993 0
994 0
995 0
996 0
997 0
998 0
999 0
1000 0
1001 0
1002 0
1003 0
1004 0
1005 0
1006 0
1007 0
1008 0
1009 0
1010 0
1011 0
1012 0
1013 0
1014 0
1015 0
1016 0
1017 0
1018 0
1019 0
1020 0
1021 0
1022 0
1023 0
1024 0
1025 0
1026 0
1027 0
1028 0
1029 0
1030 0
1031 0
1032 0
1033 0
1034 0
1035 0
1036 0
1037 0
1038 0
1039 0
1040 0
1041 0
1042 0
1043 0
1044 0
1045 0
1046 0
1047 0
1048 0
1049 0
1050 0
1051 0
1052 0
1053 0
1054 0
1055 0
1056 0
1057 0
1058 0
1059 0
1060 0
1061 0
1062 0
1063 0
1064 0
1065 0
1066 0
1067 0
1068 0
1069 0
1070 0
1071 0
1072 0
1073 0
1074 0
1075 0
1076 0
1077 0
1078 0
1079 0
1080 0
1081 0
1082 0
1083 0
1084 0
1085 0
1086 0
1087 0
1088 0
1089 0
1090 0
1091 0
1092 0
1093 0
1094 0
1095 0
1096 0
1097 0
1098 0
1099 0
1100 0
1101 0
1102 0
1103 0
1104 0
1105 0
1106 0
1107 0
1108 0
1109 0
1110 0
1111 0
1112 0
1113 0
1114 0
1115 0
1116 0
1117 0
1118 0
1119 0
1120 0
1121 0
1122 0
1123 0
1124 0
1125 0
1126 0
1127 0
1128 0
1129 0
1130 0
1131 0
1132 0
1133 0
1134 0
1135 0
1136 0
1137 0
1138 0
1139 0
1140 0
1141 0
1142 0
1143 0
1144 0
1145 0
1146 0
1147 0
1148 0
1149 0
1150 0
1151 0
1152 0
1153 0
1154 0
1155 0
1156 0
1157 0
1158 0
1159 0
1160 0
1161 0
1162 0
1163 0
1164 0
1165 0
1166 0
1167 0
1168 0
1169 0
1170 0
1171 0
1172 0
1173 0
1174 0
1175 0
1176 0
1177 0
1178 0
1179 0
1180 0
1181 0
1182 0
1183 0
1184 0
1185 0
1186 0
1187 0
1188 0
1189 0
1190 0
1191 0
1192 0
1193 0
1194 0
1195 0
1196 0
1197 0
1198 0
1199 0
1200 0
1201 0
1202 0
1203 0
1204 0
1205 0
1206 0
1207 0
1208 0
1209 0
1210 0
1211 0
1212 0
1213 0
1214 0
1215 0
1216 0
1217 0
1218 0
1219 0
1220 0
1221 0
1222 0
1223 0
1224 0
1225 0
1226 0
1227 0
1228 0
1229 0
1230 0
1231 0
1232 0
1233 0
1234 0
1235 0
1236 0
1237 0
1238 0
1239 0
1240 0
1241 0
1242 0
1243 0
1244 0
1245 0
1246 0
1247 0
1248 0
1249 0
1250 0
1251 0
1252 0
1253 0
1254 0
1255 0
1256 0
1257 0
1258 0
1259 0
1260 0
1261 0
1262 0
1263 0
1264 0
1265 0
1266 0
1267 0
1268 0
1269 0
1270 0
1271 0
1272 0
1273 0
1274 0
1275 0
1276 0
1277 0
1278 0
1279 0
1280 0
1281 0
1282 0
1283 0
1284 0
1285 0
1286 0
1287 0
1288 0
1289 0
1290 0
1291 0
1292 0
1293 0
1294 0
1295 0
1296 0
1297 0
1298 0
1299 0
1300 0
1301 0
1302 0
1303 0
1304 0
1305 0
1306 0
1307 0
1308 0
1309 0
1310 0
1311 0
1312 0
1313 0
1314 0
1315 0
1316 0
1317 0
1318 0
1319 0
1320 0
1321 0
1322 0
1323 0
1324 0
1325 0
1326 0
1327 0
1328 0
1329 0
1330 0
1331 0
1332 0
1333 0
1334 0
1335 0
1336 0
1337 0
1338 0
1339 0
1340 0
1341 0
1342 0
1343 0
1344 0
1345 0
1346 0
1347 0
1348 0
1349 0
1350 0
1351 0
1352 0
1353 0
1354 0
1355 0
1356 0
1357 0
1358 0
1359 0
1360 0
1361 0
1362 0
1363 0
1364 0
1365 0
1366 0
1367 0
1368 0
1369 0
1370 0
1371 0
1372 0
1373 0
1374 0
1375 0
1376 0
1377 0
1378 0
1379 0
1380 0
1381 0
1382 0
1383 0
1384 0
1385 0
1386 0
1387 0
1388 0
1389 0
1390 0
1391 0
1392 0
1393 0
1394 0
1395 0
1396 0
1397 0
1398 0
1399 0
1400 0
1401 0
1402 0
1403 0
1404 0
1405 0
1406 0
1407 0
1408 0
1409 0
1410 0
1411 0
1412 0
1413 0
1414 0
1415 0
1416 0
1417 0
1418 0
1419 0
1420 0
1421 0
1422 0
1423 0
1424 0
1425 0
1426 0
1427 0
1428 0
1429 0
1430 0
1431 0
1432 0
1433 0
1434 0
1435 0
1436 0
1437 0
1438 0
1439 0
1440 0
1441 0
1442 0
1443 0
1444 0
1445 0
1446 0
1447 0
1448 0
1449 0
1450 0
1451 0
1452 0
1453 0
1454 0
1455 0
1456 0
1457 0
1458 0
1459 0
1460 0
1461 0
1462 0
1463 0
1464 0
1465 0
1466 0
1467 0
1468 0
1469 0
1470 0
1471 0
1472 0
1473 0
1474 0
1475 0
1476 0
1477 0
1478 0
1479 0
1480 0
1481 0
1482 0
1483 0
1484 0
1485 0
1486 0
1487 0
1488 0
1489 0
1490 0
1491 0
1492 0
1493 0
1494 0
1495 0
1496 0
1497 0
1498 0
1499 0
1500 0
1501 0
1502 0
1503 0
1504 0
1505 0
1506 0
1507 0
1508 0
1509 0
1510 0
1511 0
1512 0
1513 0
1514 0
1515 0
1516 0
1517 0
1518 0
1519 0
1520 0
1521 0
1522 0
1523 0
1524 0
1525 0
1526 0
1527 0
1528 0
1529 0
1530 0
1531 0
1532 0
1533 0
1534 0
1535 0
1536 0
1537 0
1538 0
1539 0
1540 0
1541 0
1542 0
1543 0
1544 0
1545 0
1546 0
1547 0
1548 0
1549 0
1550 0
1551 0
1552 0
1553 0
1554 0
1555 0
1556 0
1557 0
1558 0
1559 0
1560 0
1561 0
1562 0
1563 0
1564 0
1565 0
1566 0
1567 0
1568 0
1569 0
1570 0
1571 0
1572 0
1573 0
1574 0
1575 0
1576 0
1577 0
1578 0
1579 0
1580 0
1581 0
1582 0
1583 0
1584 0
1585 0
1586 0
1587 0
1588 0
1589 0
1590 0
1591 0
1592 0
1593 0
1594 0
1595 0
1596 0
1597 0
1598 0
1599 0
1600 0
1601 0
1602 0
1603 0
1604 0
1605 0
1606 0
1607 0
1608 0
1609 0
1610 0
1611 0
1612 0
1613 0
1614 0
1615 0
1616 0
1617 0
1618 0
1619 0
1620 0
1621 0
1622 0
1623 0
1624 0
1625 0
1626 0
1627 0
1628 0
1629 0
1630 0
1631 0
1632 0
1633 0
1634 0
1635 0
1636 0
1637 0
1638 0
1639 0
1640 0
1641 0
1642 0
1643 0
1644 0
1645 0
1646 0
1647 0
1648 0
1649 0
1650 0
1651 0
1652 0
1653 0
1654 0
1655 0
1656 0
1657 0
1658 0
1659 0
1660 0
1661 0
1662 0
1663 0
1664 0
1665 0
1666 0
1667 0
1668 0
1669 0
1670 0
1671 0
1672 0
1673 0
1674 0
1675 0
1676 0
1677 0
1678 0
1679 0
1680 0
1681 0
1682 0
1683 0
1684 0
1685 0
1686 0
1687 0
1688 0
1689 0
1690 0
1691 0
1692 0
1693 0
1694 0
1695 0
1696 0
1697 0
1698 0
1699 0
1700 0
1701 0
1702 0
1703 0
1704 0
1705 0
1706 0
1707 0
1708 0
1709 0
1710 0
1711 0
1712 0
1713 0
1714 0
1715 0
1716 0
1717 0
1718 0
1719 0
1720 0
1721 0
1722 0
1723 0
1724 0
1725 0
1726 0
1727 0
1728 0
1729 0
1730 0
1731 0
1732 0
1733 0
1734 0
1735 0
1736 0
1737 0
1738 0
1739 0
1740 0
1741 0
1742 0
1743 0
1744 0
1745 0
1746 0
1747 0
1748 0
1749 0
1750 0
1751 0
1752 0
1753 0
1754 0
1755 0
1756 0
1757 0
1758 0
1759 0
1760 0
1761 0
1762 0
1763 0
1764 0
1765 0
1766 0
1767 0
1768 0
1769 0
1770 0
1771 0
1772 0
1773 0
1774 0
1775 0
1776 0
1777 0
1778 0
1779 0
1780 0
1781 0
1782 0
1783 0
1784 0
1785 0
1786 0
1787 0
1788 0
1789 0
1790 0
1791 0
1792 0
1793 0
1794 0
1795 0
1796 0
1797 0
1798 0
1799 0
1800 0
1801 0
1802 0
1803 0
1804 0
1805 0
1806 0
1807 0
1808 0
1809 0
1810 0
1811 0
1812 0
1813 0
1814 0
1815 0
1816 0
1817 0
1818 0
1819 0
1820 0
1821 0
1822 0
1823 0
1824 0
1825 0
1826 0
1827 0
1828 0
1829 0
1830 0
1831 0
1832 0
1833 0
1834 0
1835 0
1836 0
1837 0
1838 0
1839 0
1840 0
1841 0
1842 0
1843 0
1844 0
1845 0
1846 0
1847 0
1848 0
1849 0
1850 0
1851 0
1852 0
1853 0
1854 0
1855 0
1856 0
1857 0
1858 0
1859 0
1860 0
1861 0
1862 0
1863 0
1864 0
1865 0
1866 0
1867 0
1868 0
1869 0
1870 0
1871 0
1872 0
1873 0
1874 0
1875 0
1876 0
1877 0
1878 0
1879 0
1880 0
1881 0
1882 0
1883 0
1884 0
1885 0
1886 0
1887 0
1888 0
1889 0
1890 0
1891 0
1892 0
1893 0
1894 0
1895 0
1896 0
1897 0
1898 0
1899 0
1900 0
1901 0
1902 0
1903 0
1904 0
1905 0
1906 0
1907 0
1908 0
1909 0
1910 0
1911 0
1912 0
1913 0
1914 0
1915 0
1916 0
1917 0
1918 0
1919 0
1920 0
1921 0
1922 0
1923 0
1924 0
1925 0
1926 0
1927 0
1928 0
1929 0
1930 0
1931 0
1932 0
1933 0
1934 0
1935 0
1936 0
1937 0
1938 0
1939 0
1940 0
1941 0
1942 0
1943 0
1944 0
1945 0
1946 0
1947 0
1948 0
1949 0
1950 0
1951 0
1952 0
1953 0
1954 0
1955 0
1956 0
1957 0
1958 0
1959 0
1960 0
1961 0
1962 0
1963 0
1964 0
1965 0
1966 0
1967 0
1968 0
1969 0
1970 0
1971 0
1972 0
1973 0
1974 0
1975 0
1976 0
1977 0
1978 0
1979 0
1980 0
1981 0
1982 0
1983 0
1984 0
1985 0
1986 0
1987 0
1988 0
1989 0
1990 0
1991 0
1992 0
1993 0
1994 0
1995 0
1996 0
1997 0
1998 0
1999 0
2000 0
2001 0
2002 0
2003 0
2004 0
2005 0
2006 0
2007 0
2008 0
2009 0
2010 0
2011 0
2012 0
2013 0
2014 0
2015 0
2016 0
2017 0
2018 0
2019 0
2020 0
2021 0
2022 0
2023 0
2024 0
2025 0
2026 0
2027 0
2028 0
2029 0
2030 0
2031 0
2032 0
2033 0
2034 0
2035 0
2036 0
2037 0
2038 0
2039 0
2040 0
2041 0
2042 0
2043 0
2044 0
2045 0
2046 0
2047 0
2048 0
2049 0
2050 0
2051 0
2052 0
2053 0
2054 0
2055 0
2056 0
2057 0
2058 0
2059 0
2060 0
2061 0
2062 0
2063 0
2064 0
2065 0
2066 0
2067 0
2068 0
2069 0
2070 0
2071 0
2072 0
2073 0
2074 0
2075 0
2076 0
2077 0
2078 0
2079 0
2080 0
2081 0
2082 0
2083 0
2084 0
2085 0
2086 0
2087 0
2088 0
2089 0
2090 0
2091 0
2092 0
2093 0
2094 0
2095 0
2096 0
2097 0
2098 0
2099 0
2100 0
2101 0
2102 0
2103 0
2104 0
2105 0
2106 0
2107 0
2108 0
2109 0
2110 0
2111 0
2112 0
2113 0
2114 0
2115 0
2116 0
2117 0
2118 0
2119 0
2120 0
2121 0
2122 0
2123 0
2124 0
2125 0
2126 0
2127 0
2128 0
2129 0
2130 0
2131 0
2132 0
2133 0
2134 0
2135 0
2136 0
2137 0
2138 0
2139 0
2140 0
2141 0
2142 0
2143 0
2144 0
2145 0
2146 0
2147 0
2148 0
2149 0
2150 0
2151 0
2152 0
2153 0
2154 0
2155 0
2156 0
2157 0
2158 0
2159 0
2160 0
2161 0
2162 0
2163 0
2164 0
2165 0
2166 0
2167 0
2168 0
2169 0
2170 0
2171 0
2172 0
2173 0
2174 0
2175 0
2176 0
2177 0
2178 0
2179 0
2180 0
2181 0
2182 0
2183 0
2184 0
2185 0
2186 0
2187 0
2188 0
2189 0
2190 0
2191 0
2192 0
2193 0
2194 0
2195 0
2196 0
2197 0
2198 0
2199 0
2200 0
2201 0
2202 0
2203 0
2204 0
2205 0
2206 0
2207 0
2208 0
2209 0
2210 0
2211 0
2212 0
2213 0
2214 0
2215 0
2216 0
2217 0
2218 0
2219 0
2220 0
2221 0
2222 0
2223 0
2224 0
2225 0
2226 0
2227 0
2228 0
2229 0
2230 0
2231 0
2232 0
2233 0
2234 0
2235 0
2236 0
2237 0
2238 0
2239 0
2240 0
2241 0
2242 0
2243 0
2244 0
2245 0
2246 0
2247 0
2248 0
2249 0
2250 0
2251 0
2252 0
2253 0
2254 0
2255 0
2256 0
2257 0
2258 0
2259 0
2260 0
2261 0
2262 0
2263 0
2264 0
2265 0
2266 0
2267 0
2268 0
2269 0
2270 0
2271 0
2272 0
2273 0
2274 0
2275 0
2276 0
2277 0
2278 0
2279 0
2280 0
2281 0
2282 0
2283 0
2284 0
2285 0
2286 0
2287 0
2288 0
2289 0
2290 0
2291 0
2292 0
2293 0
2294 0
2295 0
2296 0
2297 0
2298 0
2299 0
2300 0
2301 0
2302 0
2303 0
2304 0
2305 0
2306 0
2307 0
2308 0
2309 0
2310 0
2311 0
2312 0
2313 0
2314 0
2315 0
2316 0
2317 0
2318 0
2319 0
2320 0
2321 0
2322 0
2323 0
2324 0
2325 0
2326 0
2327 0
2328 0
2329 0
2330 0
2331 0
2332 6
2333 8
2334 8
2335 8
2336 6
2337 2
2338 0
2339 0
2340 0
2341 0
2342 2
2343 6
2344 8
2345 8
2346 8
2347 8
2348 8
2349 8
2350 8
2351 8
2352 8
2353 8
2354 8
2355 8
2356 8
2357 8
2358 8
2359 8
2360 8
2361 8
2362 8
2363 8
2364 8
2365 8
2366 8
2367 8
2368 8
2369 8
2370 8
2371 8
2372 8
2373 8
2374 8
2375 6
2376 18
2377 24
2378 24
2379 24
2380 19
2381 8
2382 1
2383 0
2384 0
2385 1
2386 8
2387 19
2388 24
2389 24
2390 24
2391 24
2392 24
2393 24
2394 24
2395 24
2396 24
2397 24
2398 24
2399 24
2400 24
2401 24
2402 24
2403 24
2404 24
2405 24
2406 24
2407 24
2408 24
2409 24
2410 24
2411 24
2412 24
2413 24
2414 24
2415 24
2416 24
2417 24
2418 24
2419 18
2420 24
2421 32
2422 32
2423 32
2424 27
2425 14
2426 3
2427 0
2428 0
2429 3
2430 14
2431 27
2432 32
2433 32
2434 32
2435 32
2436 32
2437 32
2438 32
2439 32
2440 32
2441 32
2442 32
2443 32
2444 32
2445 32
2446 32
2447 32
2448 32
2449 32
2450 32
2451 32
2452 32
2453 32
2454 32
2455 32
2456 32
2457 32
2458 32
2459 32
2460 32
2461 32
2462 32
2463 24
2464 24
2465 32
2466 32
2467 32
2468 27
2469 14
2470 3
2471 0
2472 0
2473 3
2474 14
2475 27
2476 32
2477 32
2478 32
2479 32
2480 32
2481 32
2482 32
2483 32
2484 32
2485 32
2486 32
2487 32
2488 32
2489 32
2490 32
2491 32
2492 32
2493 32
2494 32
2495 32
2496 32
2497 32
2498 32
2499 32
2500 32
2501 32
2502 32
2503 32
2504 32
2505 32
2506 32
2507 24
2508 18
2509 24
2510 24
2511 24
2512 19
2513 8
2514 1
2515 0
2516 0
2517 1
2518 8
2519 19
2520 24
2521 24
2522 24
2523 24
2524 24
2525 24
2526 24
2527 24
2528 24
2529 24
2530 24
2531 24
2532 24
2533 24
2534 24
2535 24
2536 24
2537 24
2538 24
2539 24
2540 24
2541 24
2542 24
2543 24
2544 24
2545 24
2546 24
2547 24
2548 24
2549 24
2550 24
2551 18
2552 6
2553 8
2554 8
2555 8
2556 6
2557 2
2558 0
2559 0
2560 0
2561 0
2562 2
2563 6
2564 8
2565 8
2566 8
2567 8
2568 8
2569 8
2570 8
2571 8
2572 8
2573 8
2574 8
2575 8
2576 8
2577 8
2578 8
2579 8
2580 8
2581 8
2582 8
2583 8
2584 8
2585 8
2586 8
2587 8
2588 8
2589 8
2590 8
2591 8
2592 8
2593 8
2594 8
2595 6
2596 0
2597 0
2598 0
2599 0
2600 0
2601 0
2602 0
2603 0
2604 0
2605 0
2606 0
2607 0
2608 0
2609 0
2610 0
2611 0
2612 0
2613 0
2614 0
2615 0
2616 0
2617 0
2618 0
2619 0
2620 0
2621 0
2622 0
2623 0
2624 0
2625 0
2626 0
2627 0
2628 0
2629 0
2630 0
2631 0
2632 0
2633 0
2634 0
2635 0
2636 0
2637 0
2638 0
2639 0
2640 0
2641 0
2642 0
2643 0
2644 0
2645 0
2646 0
2647 0
2648 0
2649 0
2650 0
2651 0
2652 0
2653 0
2654 0
2655 0
2656 0
2657 0
2658 0
2659 0
2660 0
2661 0
2662 0
2663 0
2664 0
2665 0
2666 0
2667 0
2668 0
2669 0
2670 0
2671 0
2672 0
2673 0
2674 0
2675 0
2676 0
2677 0
2678 0
2679 0
2680 0
2681 0
2682 0
2683 0
2684 0
2685 0
2686 0
2687 0
2688 0
2689 0
2690 0
2691 0
2692 0
2693 0
2694 0
2695 0
2696 0
2697 0
2698 0
2699 0
2700 0
2701 0
2702 0
2703 0
2704 0
2705 0
2706 0
2707 0
2708 0
2709 0
2710 0
2711 0
2712 0
2713 0
2714 0
2715 0
2716 0
2717 0
2718 0
2719 0
2720 0
2721 0
2722 0
2723 0
2724 0
2725 0
2726 0
2727 0
2728 0
2729 0
2730 0
2731 0
2732 0
2733 0
2734 0
2735 0
2736 0
2737 0
2738 0
2739 0
2740 0
2741 0
2742 0
2743 0
2744 0
2745 0
2746 0
2747 0
2748 0
2749 0
2750 0
2751 0
2752 0
2753 0
2754 0
2755 0
2756 0
2757 0
2758 0
2759 0
2760 0
2761 0
2762 0
2763 0
2764 0
2765 0
2766 0
2767 0
2768 0
2769 0
2770 0
2771 0
2772 0
2773 0
2774 0
2775 0
2776 0
2777 0
2778 0
2779 0
2780 0
2781 0
2782 0
2783 0
2784 0
2785 0
2786 0
2787 0
2788 0
2789 0
2790 0
2791 0
2792 0
2793 0
2794 0
2795 0
2796 0
2797 0
2798 0
2799 0
2800 0
2801 0
2802 0
2803 0
2804 0
2805 0
2806 0
2807 0
2808 0
2809 0
2810 0
2811 0
2812 0
2813 0
2814 0
2815 0
2816 0
2817 0
2818 0
2819 0
2820 0
2821 0
2822 0
2823 0
2824 0
2825 0
2826 0
2827 0
2828 0
2829 0
2830 0
2831 0
2832 0
2833 0
2834 0
2835 0
2836 0
2837 0
2838 0
2839 0
2840 0
2841 0
2842 0
2843 0
2844 0
2845 0
2846 0
2847 0
2848 0
2849 0
2850 0
2851 0
2852 0
2853 0
2854 0
2855 0
2856 0
2857 0
2858 0
2859 0
2860 0
2861 0
2862 0
2863 0
2864 0
2865 0
2866 0
2867 0
2868 0
2869 0
2870 0
2871 0
2872 0
2873 0
2874 0
2875 0
2876 0
2877 0
2878 0
2879 0
2880 0
2881 0
2882 0
2883 0
2884 0
2885 0
2886 0
2887 0
2888 0
2889 0
2890 0
2891 0
2892 0
2893 0
2894 0
2895 0
2896 0
2897 0
2898 0
2899 0
2900 0
2901 0
2902 0
2903 0
2904 0
2905 0
2906 0
2907 0
2908 0
2909 0
2910 0
2911 0
2912 0
2913 0
2914 0
2915 0
2916 0
2917 0
2918 0
2919 0
2920 0
2921 0
2922 0
2923 0
2924 0
2925 0
2926 0
2927 0
2928 0
2929 0
2930 0
2931 0
2932 0
2933 0
2934 0
2935 0
2936 0
2937 0
2938 0
2939 0
2940 0
2941 0
2942 0
2943 0
2944 0
2945 0
2946 0
2947 0
2948 0
2949 0
2950 0
2951 0
2952 0
2953 0
2954 0
2955 0
2956 0
2957 0
2958 0
2959 0
2960 0
2961 0
2962 0
2963 0
2964 0
2965 0
2966 0
2967 0
2968 0
2969 0
2970 0
2971 0
2972 0
2973 0
2974 0
2975 0
2976 0
2977 0
2978 0
2979 0
2980 0
2981 0
2982 0
2983 0
2984 0
2985 0
2986 0
2987 0
2988 0
2989 0
2990 0
2991 0
2992 9
2993 12
2994 12
2995 12
2996 10
2997 4
2998 0
2999 0
3000 0
3001 0
3002 4
3003 10
3004 12
3005 12
3006 12
3007 12
3008 12
3009 12
3010 12
3011 12
3012 12
3013 12
3014 12
3015 12
3016 12
3017 12
3018 12
3019 12
3020 12
3021 12
3022 12
3023 12
3024 12
3025 12
3026 12
3027 12
3028 12
3029 12
3030 12
3031 12
3032 12
3033 12
3034 12
3035 9
3036 27
3037 36
3038 36
3039 36
3040 32
3041 18
3042 4
3043 0
3044 0
3045 4
3046 18
3047 32
3048 36
3049 36
3050 36
3051 36
3052 36
3053 36
3054 36
3055 36
3056 36
3057 36
3058 36
3059 36
3060 36
3061 36
3062 36
3063 36
3064 36
3065 36
3066 36
3067 36
3068 36
3069 36
3070 36
3071 36
3072 36
3073 36
3074 36
3075 36
3076 36
3077 36
3078 36
3079 27
3080 42
3081 56
3082 56
3083 56
3084 51
3085 36
3086 15
3087 2
3088 2
3089 15
3090 36
3091 51
3092 56
3093 56
3094 56
3095 56
3096 56
3097 56
3098 56
3099 56
3100 56
3101 56
3102 56
3103 56
3104 56
3105 56
3106 56
3107 56
3108 56
3109 56
3110 56
3111 56
3112 56
3113 56
3114 56
3115 56
3116 56
3117 56
3118 56
3119 56
3120 56
3121 56
3122 56
3123 42
3124 48
3125 64
3126 64
3127 64
3128 59
3129 46
3130 25
3131 6
3132 6
3133 25
3134 46
3135 59
3136 64
3137 64
3138 64
3139 64
3140 64
3141 64
3142 64
3143 64
3144 64
3145 64
3146 64
3147 64
3148 64
3149 64
3150 64
3151 64
3152 64
3153 64
3154 64
3155 64
3156 64
3157 64
3158 64
3159 64
3160 64
3161 64
3162 64
3163 64
3164 64
3165 64
3166 64
3167 48
3168 48
3169 64
3170 64
3171 64
3172 59
3173 46
3174 25
3175 6
3176 6
3177 25
3178 46
3179 59
3180 64
3181 64
3182 64
3183 64
3184 64
3185 64
3186 64
3187 64
3188 64
3189 64
3190 64
3191 64
3192 64
3193 64
3194 64
3195 64
3196 64
3197 64
3198 64
3199 64
3200 64
3201 64
3202 64
3203 64
3204 64
3205 64
3206 64
3207 64
3208 64
3209 64
3210 64
3211 48
3212 42
3213 56
3214 56
3215 56
3216 51
3217 36
3218 15
3219 2
3220 2
3221 15
3222 36
3223 51
3224 56
3225 56
3226 56
3227 56
3228 56
3229 56
3230 56
3231 56
3232 56
3233 56
3234 56
3235 56
3236 56
3237 56
3238 56
3239 56
3240 56
3241 56
3242 56
3243 56
3244 56
3245 56
3246 56
3247 56
3248 56
3249 56
3250 56
3251 56
3252 56
3253 56
3254 56
3255 42
3256 27
3257 36
3258 36
3259 36
3260 32
3261 18
3262 4
3263 0
3264 0
3265 4
3266 18
3267 32
3268 36
3269 36
3270 36
3271 36
3272 36
3273 36
3274 36
3275 36
3276 36
3277 36
3278 36
3279 36
3280 36
3281 36
3282 36
3283 36
3284 36
3285 36
3286 36
3287 36
3288 36
3289 36
3290 36
3291 36
3292 36
3293 36
3294 36
3295 36
3296 36
3297 36
3298 36
3299 27
3300 9
3301 12
3302 12
3303 12
3304 10
3305 4
3306 0
3307 0
3308 0
3309 0
3310 4
3311 10
3312 12
3313 12
3314 12
3315 12
3316 12
3317 12
3318 12
3319 12
3320 12
3321 12
3322 12
3323 12
3324 12
3325 12
3326 12
3327 12
3328 12
3329 12
3330 12
3331 12
3332 12
3333 12
3334 12
3335 12
3336 12
3337 12
3338 12
3339 12
3340 12
3341 12
3342 12
3343 9
3344 0
3345 0
3346 0
3347 0
3348 0
3349 0
3350 0
3351 0
3352 0
3353 0
3354 0
3355 0
3356 0
3357 0
3358 0
3359 0
3360 0
3361 0
3362 0
3363 0
3364 0
3365 0
3366 0
3367 0
3368 0
3369 0
3370 0
3371 0
3372 0
3373 0
3374 0
3375 0
3376 0
3377 0
3378 0
3379 0
3380 0
3381 0
3382 0
3383 0
3384 0
3385 0
3386 0
3387 0
3388 0
3389 0
3390 0
3391 0
3392 0
3393 0
3394 0
3395 0
3396 0
3397 0
3398 0
3399 0
3400 0
3401 0
3402 0
3403 0
3404 0
3405 0
3406 0
3407 0
3408 0
3409 0
3410 0
3411 0
3412 0
3413 0
3414 0
3415 0
3416 0
3417 0
3418 0
3419 0
3420 0
3421 0
3422 0
3423 0
3424 0
3425 0
3426 0
3427 0
3428 0
3429 0
3430 0
3431 0
3432 0
3433 0
3434 0
3435 0
3436 0
3437 0
3438 0
3439 0
3440 0
3441 0
3442 0
3443 0
3444 0
3445 0
3446 0
3447 0
3448 0
3449 0
3450 0
3451 0
3452 0
3453 0
3454 0
3455 0
3456 0
3457 0
3458 0
3459 0
3460 0
3461 0
3462 0
3463 0
3464 0
3465 0
3466 0
3467 0
3468 0
3469 0
3470 0
3471 0
3472 0
3473 0
3474 0
3475 0
3476 0
3477 0
3478 0
3479 0
3480 0
3481 0
3482 0
3483 0
3484 0
3485 0
3486 0
3487 0
3488 0
3489 0
3490 0
3491 0
3492 0
3493 0
3494 0
3495 0
3496 0
3497 0
3498 0
3499 0
3500 0
3501 0
3502 0
3503 0
3504 0
3505 0
3506 0
3507 0
3508 0
3509 0
3510 0
3511 0
3512 0
3513 0
3514 0
3515 0
3516 0
3517 0
3518 0
3519 0
3520 0
3521 0
3522 0
3523 0
3524 0
3525 0
3526 0
3527 0
3528 0
3529 0
3530 0
3531 0
3532 0
3533 0
3534 0
3535 0
3536 0
3537 0
3538 0
3539 0
3540 0
3541 0
3542 0
3543 0
3544 0
3545 0
3546 0
3547 0
3548 0
3549 0
3550 0
3551 0
3552 0
3553 0
3554 0
3555 0
3556 0
3557 0
3558 0
3559 0
3560 0
3561 0
3562 0
3563 0
3564 0
3565 0
3566 0
3567 0
3568 0
3569 0
3570 0
3571 0
3572 0
3573 0
3574 0
3575 0
3576 0
3577 0
3578 0
3579 0
3580 0
3581 0
3582 0
3583 0
3584 0
3585 0
3586 0
3587 0
3588 0
3589 0
3590 0
3591 0
3592 0
3593 0
3594 0
3595 0
3596 0
3597 0
3598 0
3599 0
3600 0
3601 0
3602 0
3603 0
3604 0
3605 0
3606 0
3607 0
3608 0
3609 0
3610 0
3611 0
3612 0
3613 0
3614 0
3615 0
3616 0
3617 0
3618 0
3619 0
3620 0
3621 0
3622 0
3623 0
3624 0
3625 0
3626 0
3627 0
3628 0
3629 0
3630 0
3631 0
3632 0
3633 0
3634 0
3635 0
3636 0
3637 0
3638 0
3639 0
3640 0
3641 0
3642 0
3643 0
3644 0
3645 0
3646 0
3647 0
3648 0
3649 0
3650 0
3651 0
3652 6
3653 8
3654 8
3655 8
3656 6
3657 2
3658 0
3659 0
3660 0
3661 0
3662 2
3663 6
3664 8
3665 8
3666 8
3667 8
3668 8
3669 8
3670 8
3671 8
3672 8
3673 8
3674 8
3675 8
3676 8
3677 8
3678 8
3679 8
3680 8
3681 8
3682 8
3683 8
3684 8
3685 8
3686 8
3687 8
3688 8
3689 8
3690 8
3691 8
3692 8
3693 8
3694 8
3695 6
3696 27
3697 36
3698 36
3699 36
3700 32
3701 18
3702 4
3703 0
3704 0
3705 4
3706 18
3707 32
3708 36
3709 36
3710 36
3711 36
3712 36
3713 36
3714 36
3715 36
3716 36
3717 36
3718 36
3719 36
3720 36
3721 36
3722 36
3723 36
3724 36
3725 36
3726 36
3727 36
3728 36
3729 36
3730 36
3731 36
3732 36
3733 36
3734 36
3735 36
3736 36
3737 36
3738 36
3739 27
3740 45
3741 60
3742 60
3743 60
3744 58
3745 44
3746 20
3747 6
3748 6
3749 20
3750 44
3751 58
3752 60
3753 60
3754 60
3755 60
3756 60
3757 60
3758 60
3759 60
3760 60
3761 60
3762 60
3763 60
3764 60
3765 60
3766 60
3767 60
3768 60
3769 60
3770 60
3771 60
3772 60
3773 60
3774 60
3775 60
3776 60
3777 60
3778 60
3779 60
3780 60
3781 60
3782 60
3783 45
3784 48
3785 64
3786 64
3787 64
3788 64
3789 60
3790 42
3791 22
3792 22
3793 42
3794 60
3795 64
3796 64
3797 64
3798 64
3799 64
3800 64
3801 64
3802 64
3803 64
3804 64
3805 64
3806 64
3807 64
3808 64
3809 64
3810 64
3811 64
3812 64
3813 64
3814 64
3815 64
3816 64
3817 64
3818 64
3819 64
3820 64
3821 64
3822 64
3823 64
3824 64
3825 64
3826 64
3827 48
3828 48
3829 64
3830 64
3831 64
3832 64
3833 64
3834 54
3835 36
3836 36
3837 54
3838 64
3839 64
3840 64
3841 64
3842 64
3843 64
3844 64
3845 64
3846 64
3847 64
3848 64
3849 64
3850 64
3851 64
3852 64
3853 64
3854 64
3855 64
3856 64
3857 64
3858 64
3859 64
3860 64
3861 64
3862 64
3863 64
3864 64
3865 64
3866 64
3867 64
3868 64
3869 64
3870 64
3871 48
3872 48
3873 64
3874 64
3875 64
3876 64
3877 64
3878 54
3879 36
3880 36
3881 54
3882 64
3883 64
3884 64
3885 64
3886 64
3887 64
3888 64
3889 64
3890 64
3891 64
3892 64
3893 64
3894 64
3895 64
3896 64
3897 64
3898 64
3899 64
3900 64
3901 64
3902 64
3903 64
3904 64
3905 64
3906 64
3907 64
3908 64
3909 64
3910 64
3911 64
3912 64
3913 64
3914 64
3915 48
3916 48
3917 64
3918 64
3919 64
3920 64
3921 60
3922 42
3923 22
3924 22
3925 42
3926 60
3927 64
3928 64
3929 64
3930 64
3931 64
3932 64
3933 64
3934 64
3935 64
3936 64
3937 64
3938 64
3939 64
3940 64
3941 64
3942 64
3943 64
3944 64
3945 64
3946 64
3947 64
3948 64
3949 64
3950 64
3951 64
3952 64
3953 64
3954 64
3955 64
3956 64
3957 64
3958 64
3959 48
3960 45
3961 60
3962 60
3963 60
3964 58
3965 44
3966 20
3967 6
3968 6
3969 20
3970 44
3971 58
3972 60
3973 60
3974 60
3975 60
3976 60
3977 60
3978 60
3979 60
3980 60
3981 60
3982 60
3983 60
3984 60
3985 60
3986 60
3987 60
3988 60
3989 60
3990 60
3991 60
3992 60
3993 60
3994 60
3995 60
3996 60
3997 60
3998 60
3999 60
4000 60
4001 60
4002 60
4003 45
4004 27
4005 36
4006 36
4007 36
4008 32
4009 18
4010 4
4011 0
4012 0
4013 4
4014 18
4015 32
4016 36
4017 36
4018 36
4019 36
4020 36
4021 36
4022 36
4023 36
4024 36
4025 36
4026 36
4027 36
4028 36
4029 36
4030 36
4031 36
4032 36
4033 36
4034 36
4035 36
4036 36
4037 36
4038 36
4039 36
4040 36
4041 36
4042 36
4043 36
4044 36
4045 36
4046 36
4047 27
4048 6
4049 8
4050 8
4051 8
4052 6
4053 2
4054 0
4055 0
4056 0
4057 0
4058 2
4059 6
4060 8
4061 8
4062 8
4063 8
4064 8
4065 8
4066 8
4067 8
4068 8
4069 8
4070 8
4071 8
4072 8
4073 8
4074 8
4075 8
4076 8
4077 8
4078 8
4079 8
4080 8
4081 8
4082 8
4083 8
4084 8
4085 8
4086 8
4087 8
4088 8
4089 8
4090 8
4091 6
4092 0
4093 0
4094 0
4095 0
4096 0
4097 0
4098 0
4099 0
4100 0
4101 0
4102 0
4103 0
4104 0
4105 0
4106 0
4107 0
4108 0
4109 0
4110 0
4111 0
4112 0
4113 0
4114 0
4115 0
4116 0
4117 0
4118 0
4119 0
4120 0
4121 0
4122 0
4123 0
4124 0
4125 0
4126 0
4127 0
4128 0
4129 0
4130 0
4131 0
4132 0
4133 0
4134 0
4135 0
4136 0
4137 0
4138 0
4139 0
4140 0
4141 0
4142 0
4143 0
4144 0
4145 0
4146 0
4147 0
4148 0
4149 0
4150 0
4151 0
4152 0
4153 0
4154 0
4155 0
4156 0
4157 0
4158 0
4159 0
4160 0
4161 0
4162 0
4163 0
4164 0
4165 0
4166 0
4167 0
4168 0
4169 0
4170 0
4171 0
4172 0
4173 0
4174 0
4175 0
4176 0
4177 0
4178 0
4179 0
4180 0
4181 0
4182 0
4183 0
4184 0
4185 0
4186 0
4187 0
4188 0
4189 0
4190 0
4191 0
4192 0
4193 0
4194 0
4195 0
4196 0
4197 0
4198 0
4199 0
4200 0
4201 0
4202 0
4203 0
4204 0
4205 0
4206 0
4207 0
4208 0
4209 0
4210 0
4211 0
4212 0
4213 0
4214 0
4215 0
4216 0
4217 0
4218 0
4219 0
4220 0
4221 0
4222 0
4223 0
4224 0
4225 0
4226 0
4227 0
4228 0
4229 0
4230 0
4231 0
4232 0
4233 0
4234 0
4235 0
4236 0
4237 0
4238 0
4239 0
4240 0
4241 0
4242 0
4243 0
4244 0
4245 0
4246 0
4247 0
4248 0
4249 0
4250 0
4251 0
4252 0
4253 0
4254 0
4255 0
4256 0
4257 0
4258 0
4259 0
4260 0
4261 0
4262 0
4263 0
4264 0
4265 0
4266 0
4267 0
4268 0
4269 0
4270 0
4271 0
4272 0
4273 0
4274 0
4275 0
4276 0
4277 0
4278 0
4279 0
4280 0
4281 0
4282 0
4283 0
4284 0
4285 0
4286 0
4287 0
4288 0
4289 0
4290 0
4291 0
4292 0
4293 0
4294 0
4295 0
4296 0
4297 0
4298 0
4299 0
4300 0
4301 0
4302 0
4303 0
4304 0
4305 0
4306 0
4307 0
4308 0
4309 0
4310 0
4311 0
4312 0
4313 0
4314 0
4315 0
4316 0
4317 0
4318 0
4319 0
4320 0
4321 0
4322 0
4323 0
4324 0
4325 0
4326 0
4327 0
4328 0
4329 0
4330 0
4331 0
4332 0
4333 0
4334 0
4335 0
4336 0
4337 0
4338 0
4339 0
4340 0
4341 0
4342 0
4343 0
4344 0
4345 0
4346 0
4347 0
4348 0
4349 0
4350 0
4351 0
4352 0
4353 0
4354 0
4355 0
4356 18
4357 24
4358 24
4359 24
4360 19
4361 8
4362 1
4363 0
4364 0
4365 1
4366 8
4367 19
4368 24
4369 24
4370 24
4371 24
4372 24
4373 24
4374 24
4375 24
4376 24
4377 24
4378 24
4379 24
4380 24
4381 24
4382 24
4383 24
4384 24
4385 24
4386 24
4387 24
4388 24
4389 24
4390 24
4391 24
4392 24
4393 24
4394 24
4395 24
4396 24
4397 24
4398 24
4399 18
4400 42
4401 56
4402 56
4403 56
4404 51
4405 36
4406 15
4407 2
4408 2
4409 15
4410 36
4411 51
4412 56
4413 56
4414 56
4415 56
4416 56
4417 56
4418 56
4419 56
4420 56
4421 56
4422 56
4423 56
4424 56
4425 56
4426 56
4427 56
4428 56
4429 56
4430 56
4431 56
4432 56
4433 56
4434 56
4435 56
4436 56
4437 56
4438 56
4439 56
4440 56
4441 56
4442 56
4443 42
4444 48
4445 64
4446 64
4447 64
4448 64
4449 60
4450 42
4451 22
4452 22
4453 42
4454 60
4455 64
4456 64
4457 64
4458 64
4459 64
4460 64
4461 64
4462 64
4463 64
4464 64
4465 64
4466 64
4467 64
4468 64
4469 64
4470 64
4471 64
4472 64
4473 64
4474 64
4475 64
4476 64
4477 64
4478 64
4479 64
4480 64
4481 64
4482 64
4483 64
4484 64
4485 64
4486 64
4487 48
4488 48
4489 64
4490 64
4491 64
4492 64
4493 64
4494 60
4495 50
4496 50
4497 60
4498 64
4499 64
4500 64
4501 64
4502 64
4503 64
4504 64
4505 64
4506 64
4507 64
4508 64
4509 64
4510 64
4511 64
4512 64
4513 64
4514 64
4515 64
4516 64
4517 64
4518 64
4519 64
4520 64
4521 64
4522 64
4523 64
4524 64
4525 64
4526 64
4527 64
4528 64
4529 64
4530 64
4531 48
4532 48
4533 64
4534 64
4535 64
4536 64
4537 64
4538 64
4539 62
4540 62
4541 64
4542 64
4543 64
4544 64
4545 64
4546 64
4547 64
4548 64
4549 64
4550 64
4551 64
4552 64
4553 64
4554 64
4555 64
4556 64
4557 64
4558 64
4559 64
4560 64
4561 64
4562 64
4563 64
4564 64
4565 64
4566 64
4567 64
4568 64
4569 64
4570 64
4571 64
4572 64
4573 64
4574 64
4575 48
4576 48
4577 64
4578 64
4579 64
4580 64
4581 64
4582 64
4583 62
4584 62
4585 64
4586 64
4587 64
4588 64
4589 64
4590 64
4591 64
4592 64
4593 64
4594 64
4595 64
4596 64
4597 64
4598 64
4599 64
4600 64
4601 64
4602 64
4603 64
4604 64
4605 64
4606 64
4607 64
4608 64
4609 64
4610 64
4611 64
4612 64
4613 64
4614 64
4615 64
4616 64
4617 64
4618 64
4619 48
4620 48
4621 64
4622 64
4623 64
4624 64
4625 64
4626 60
4627 50
4628 50
4629 60
4630 64
4631 64
4632 64
4633 64
4634 64
4635 64
4636 64
4637 64
4638 64
4639 64
4640 64
4641 64
4642 64
4643 64
4644 64
4645 64
4646 64
4647 64
4648 64
4649 64
4650 64
4651 64
4652 64
4653 64
4654 64
4655 64
4656 64
4657 64
4658 64
4659 64
4660 64
4661 64
4662 64
4663 48
4664 48
4665 64
4666 64
4667 64
4668 64
4669 60
4670 42
4671 22
4672 22
4673 42
4674 60
4675 64
4676 64
4677 64
4678 64
4679 64
4680 64
4681 64
4682 64
4683 64
4684 64
4685 64
4686 64
4687 64
4688 64
4689 64
4690 64
4691 64
4692 64
4693 64
4694 64
4695 64
4696 64
4697 64
4698 64
4699 64
4700 64
4701 64
4702 64
4703 64
4704 64
4705 64
4706 64
4707 48
4708 42
4709 56
4710 56
4711 56
4712 51
4713 36
4714 15
4715 2
4716 2
4717 15
4718 36
4719 51
4720 56
4721 56
4722 56
4723 56
4724 56
4725 56
4726 56
4727 56
4728 56
4729 56
4730 56
4731 56
4732 56
4733 56
4734 56
4735 56
4736 56
4737 56
4738 56
4739 56
4740 56
4741 56
4742 56
4743 56
4744 56
4745 56
4746 56
4747 56
4748 56
4749 56
4750 56
4751 42
4752 18
4753 24
4754 24
4755 24
4756 19
4757 8
4758 1
4759 0
4760 0
4761 1
4762 8
4763 19
4764 24
4765 24
4766 24
4767 24
4768 24
4769 24
4770 24
4771 24
4772 24
4773 24
4774 24
4775 24
4776 24
4777 24
4778 24
4779 24
4780 24
4781 24
4782 24
4783 24
4784 24
4785 24
4786 24
4787 24
4788 24
4789 24
4790 24
4791 24
4792 24
4793 24
4794 24
4795 18
4796 0
4797 0
4798 0
4799 0
4800 0
4801 0
4802 0
4803 0
4804 0
4805 0
4806 0
4807 0
4808 0
4809 0
4810 0
4811 0
4812 0
4813 0
4814 0
4815 0
4816 0
4817 0
4818 0
4819 0
4820 0
4821 0
4822 0
4823 0
4824 0
4825 0
4826 0
4827 0
4828 0
4829 0
4830 0
4831 0
4832 0
4833 0
4834 0
4835 0
4836 0
4837 0
4838 0
4839 0
4840 0
4841 0
4842 0
4843 0
4844 0
4845 0
4846 0
4847 0
4848 0
4849 0
4850 0
4851 0
4852 0
4853 0
4854 0
4855 0
4856 0
4857 0
4858 0
4859 0
4860 0
4861 0
4862 0
4863 0
4864 0
4865 0
4866 0
4867 0
4868 0
4869 0
4870 0
4871 0
4872 0
4873 0
4874 0
4875 0
4876 0
4877 0
4878 0
4879 0
4880 0
4881 0
4882 0
4883 0
4884 0
4885 0
4886 0
4887 0
4888 0
4889 0
4890 0
4891 0
4892 0
4893 0
4894 0
4895 0
4896 0
4897 0
4898 0
4899 0
4900 0
4901 0
4902 0
4903 0
4904 0
4905 0
4906 0
4907 0
4908 0
4909 0
4910 0
4911 0
4912 0
4913 0
4914 0
4915 0
4916 0
4917 0
4918 0
4919 0
4920 0
4921 0
4922 0
4923 0
4924 0
4925 0
4926 0
4927 0
4928 0
4929 0
4930 0
4931 0
4932 0
4933 0
4934 0
4935 0
4936 0
4937 0
4938 0
4939 0
4940 0
4941 0
4942 0
4943 0
4944 0
4945 0
4946 0
4947 0
4948 0
4949 0
4950 0
4951 0
4952 0
4953 0
4954 0
4955 0
4956 0
4957 0
4958 0
4959 0
4960 0
4961 0
4962 0
4963 0
4964 0
4965 0
4966 0
4967 0
4968 0
4969 0
4970 0
4971 0
4972 0
4973 0
4974 0
4975 0
4976 0
4977 0
4978 0
4979 0
4980 0
4981 0
4982 0
4983 0
4984 0
4985 0
4986 0
4987 0
4988 0
4989 0
4990 0
4991 0
4992 0
4993 0
4994 0
4995 0
4996 0
4997 0
4998 0
4999 0
5000 0
5001 0
5002 0
5003 0
5004 0
5005 0
5006 0
5007 0
5008 0
5009 0
5010 0
5011 0
5012 0
5013 0
5014 0
5015 0
5016 0
5017 0
5018 0
5019 0
5020 0
5021 0
5022 0
5023 0
5024 0
5025 0
5026 0
5027 0
5028 0
5029 0
5030 0
5031 0
5032 0
5033 0
5034 0
5035 0
5036 0
5037 0
5038 0
5039 0
5040 0
5041 0
5042 0
5043 0
5044 0
5045 0
5046 0
5047 0
5048 0
5049 0
5050 0
5051 0
5052 0
5053 0
5054 0
5055 0
5056 0
5057 0
5058 0
5059 0
5060 24
5061 32
5062 32
5063 32
5064 27
5065 14
5066 3
5067 0
5068 0
5069 3
5070 14
5071 27
5072 32
5073 32
5074 32
5075 32
5076 32
5077 32
5078 32
5079 32
5080 32
5081 32
5082 32
5083 32
5084 32
5085 32
5086 32
5087 32
5088 32
5089 32
5090 32
5091 32
5092 32
5093 32
5094 32
5095 32
5096 32
5097 32
5098 32
5099 32
5100 32
5101 32
5102 32
5103 24
5104 48
5105 64
5106 64
5107 64
5108 59
5109 46
5110 25
5111 6
5112 6
5113 25
5114 46
5115 59
5116 64
5117 64
5118 64
5119 64
5120 64
5121 64
5122 64
5123 64
5124 64
5125 64
5126 64
5127 64
5128 64
5129 64
5130 64
5131 64
5132 64
5133 64
5134 64
5135 64
5136 64
5137 64
5138 64
5139 64
5140 64
5141 64
5142 64
5143 64
5144 64
5145 64
5146 64
5147 48
5148 48
5149 64
5150 64
5151 64
5152 64
5153 64
5154 54
5155 36
5156 36
5157 54
5158 64
5159 64
5160 64
5161 64
5162 64
5163 64
5164 64
5165 64
5166 64
5167 64
5168 64
5169 64
5170 64
5171 64
5172 64
5173 64
5174 64
5175 64
5176 64
5177 64
5178 64
5179 64
5180 64
5181 64
5182 64
5183 64
5184 64
5185 64
5186 64
5187 64
5188 64
5189 64
5190 64
5191 48
5192 48
5193 64
5194 64
5195 64
5196 64
5197 64
5198 64
5199 62
5200 62
5201 64
5202 64
5203 64
5204 64
5205 64
5206 64
5207 64
5208 64
5209 64
5210 64
5211 64
5212 64
5213 64
5214 64
5215 64
5216 64
5217 64
5218 64
5219 64
5220 64
5221 64
5222 64
5223 64
5224 64
5225 64
5226 64
5227 64
5228 64
5229 64
5230 64
5231 64
5232 64
5233 64
5234 64
5235 48
5236 48
5237 64
5238 64
5239 64
5240 64
5241 64
5242 64
5243 64
5244 64
5245 64
5246 64
5247 64
5248 64
5249 64
5250 64
5251 64
5252 64
5253 64
5254 64
5255 64
5256 64
5257 64
5258 64
5259 64
5260 64
5261 64
5262 64
5263 64
5264 64
5265 64
5266 64
5267 64
5268 64
5269 64
5270 64
5271 64
5272 64
5273 64
5274 64
5275 64
5276 64
5277 64
5278 64
5279 48
5280 48
5281 64
5282 64
5283 64
5284 64
5285 64
5286 64
5287 64
5288 64
5289 64
5290 64
5291 64
5292 64
5293 64
5294 64
5295 64
5296 64
5297 64
5298 64
5299 64
5300 64
5301 64
5302 64
5303 64
5304 64
5305 64
5306 64
5307 64
5308 64
5309 64
5310 64
5311 64
5312 64
5313 64
5314 64
5315 64
5316 64
5317 64
5318 64
5319 64
5320 64
5321 64
5322 64
5323 48
5324 48
5325 64
5326 64
5327 64
5328 64
5329 64
5330 64
5331 62
5332 62
5333 64
5334 64
5335 64
5336 64
5337 64
5338 64
5339 64
5340 64
5341 64
5342 64
5343 64
5344 64
5345 64
5346 64
5347 64
5348 64
5349 64
5350 64
5351 64
5352 64
5353 64
5354 64
5355 64
5356 64
5357 64
5358 64
5359 64
5360 64
5361 64
5362 64
5363 64
5364 64
5365 64
5366 64
5367 48
5368 48
5369 64
5370 64
5371 64
5372 64
5373 64
5374 54
5375 36
5376 36
5377 54
5378 64
5379 64
5380 64
5381 64
5382 64
5383 64
5384 64
5385 64
5386 64
5387 64
5388 64
5389 64
5390 64
5391 64
5392 64
5393 64
5394 64
5395 64
5396 64
5397 64
5398 64
5399 64
5400 64
5401 64
5402 64
5403 64
5404 64
5405 64
5406 64
5407 64
5408 64
5409 64
5410 64
5411 48
5412 48
5413 64
5414 64
5415 64
5416 59
5417 46
5418 25
5419 6
5420 6
5421 25
5422 46
5423 59
5424 64
5425 64
5426 64
5427 64
5428 64
5429 64
5430 64
5431 64
5432 64
5433 64
5434 64
5435 64
5436 64
5437 64
5438 64
5439 64
5440 64
5441 64
5442 64
5443 64
5444 64
5445 64
5446 64
5447 64
5448 64
5449 64
5450 64
5451 64
5452 64
5453 64
5454 64
5455 48
5456 24
5457 32
5458 32
5459 32
5460 27
5461 14
5462 3
5463 0
5464 0
5465 3
5466 14
5467 27
5468 32
5469 32
5470 32
5471 32
5472 32
5473 32
5474 32
5475 32
5476 32
5477 32
5478 32
5479 32
5480 32
5481 32
5482 32
5483 32
5484 32
5485 32
5486 32
5487 32
5488 32
5489 32
5490 32
5491 32
5492 32
5493 32
5494 32
5495 32
5496 32
5497 32
5498 32
5499 24
5500 0
5501 0
5502 0
5503 0
5504 0
5505 0
5506 0
5507 0
5508 0
5509 0
5510 0
5511 0
5512 0
5513 0
5514 0
5515 0
5516 0
5517 0
5518 0
5519 0
5520 0
5521 0
5522 0
5523 0
5524 0
5525 0
5526 0
5527 0
5528 0
5529 0
5530 0
5531 0
5532 0
5533 0
5534 0
5535 0
5536 0
5537 0
5538 0
5539 0
5540 0
5541 0
5542 0
5543 0
5544 0
5545 0
5546 0
5547 0
5548 0
5549 0
5550 0
5551 0
5552 0
5553 0
5554 0
5555 0
5556 0
5557 0
5558 0
5559 0
5560 0
5561 0
5562 0
5563 0
5564 0
5565 0
5566 0
5567 0
5568 0
5569 0
5570 0
5571 0
5572 0
5573 0
5574 0
5575 0
5576 0
5577 0
5578 0
5579 0
5580 0
5581 0
5582 0
5583 0
5584 0
5585 0
5586 0
5587 0
5588 0
5589 0
5590 0
5591 0
5592 0
5593 0
5594 0
5595 0
5596 0
5597 0
5598 0
5599 0
5600 0
5601 0
5602 0
5603 0
5604 0
5605 0
5606 0
5607 0
5608 0
5609 0
5610 0
5611 0
5612 0
5613 0
5614 0
5615 0
5616 0
5617 0
5618 0
5619 0
5620 0
5621 0
5622 0
5623 0
5624 0
5625 0
5626 0
5627 0
5628 0
5629 0
5630 0
5631 0
5632 0
5633 0
5634 0
5635 0
5636 0
5637 0
5638 0
5639 0
5640 0
5641 0
5642 0
5643 0
5644 0
5645 0
5646 0
5647 0
5648 0
5649 0
5650 0
5651 0
5652 0
5653 0
5654 0
5655 0
5656 0
5657 0
5658 0
5659 0
5660 0
5661 0
5662 0
5663 0
5664 0
5665 0
5666 0
5667 0
5668 0
5669 0
5670 0
5671 0
5672 0
5673 0
5674 0
5675 0
5676 0
5677 0
5678 0
5679 0
5680 0
5681 0
5682 0
5683 0
5684 0
5685 0
5686 0
5687 0
5688 0
5689 0
5690 0
5691 0
5692 0
5693 0
5694 0
5695 0
5696 0
5697 0
5698 0
5699 0
5700 0
5701 0
5702 0
5703 0
5704 0
5705 0
5706 0
5707 0
5708 0
5709 0
5710 0
5711 0
5712 0
5713 0
5714 0
5715 0
5716 0
5717 0
5718 0
5719 0
5720 0
5721 0
5722 0
5723 0
5724 0
5725 0
5726 0
5727 0
5728 0
5729 0
5730 0
5731 0
5732 0
5733 0
5734 0
5735 0
5736 0
5737 0
5738 0
5739 0
5740 0
5741 0
5742 0
5743 0
5744 0
5745 0
5746 0
5747 0
5748 0
5749 0
5750 0
5751 0
5752 0
5753 0
5754 0
5755 0
5756 0
5757 0
5758 0
5759 0
5760 0
5761 0
5762 0
5763 0
5764 24
5765 32
5766 32
5767 32
5768 27
5769 14
5770 3
5771 0
5772 0
5773 3
5774 14
5775 27
5776 32
5777 32
5778 32
5779 32
5780 32
5781 32
5782 32
5783 32
5784 32
5785 32
5786 32
5787 32
5788 32
5789 32
5790 32
5791 32
5792 32
5793 32
5794 32
5795 32
5796 32
5797 32
5798 32
5799 32
5800 32
5801 32
5802 32
5803 32
5804 32
5805 32
5806 32
5807 24
5808 48
5809 64
5810 64
5811 64
5812 59
5813 46
5814 25
5815 6
5816 6
5817 25
5818 46
5819 59
5820 64
5821 64
5822 64
5823 64
5824 64
5825 64
5826 64
5827 64
5828 64
5829 64
5830 64
5831 64
5832 64
5833 64
5834 64
5835 64
5836 64
5837 64
5838 64
5839 64
5840 64
5841 64
5842 64
5843 64
5844 64
5845 64
5846 64
5847 64
5848 64
5849 64
5850 64
5851 48
5852 48
5853 64
5854 64
5855 64
5856 64
5857 64
5858 54
5859 36
5860 36
5861 54
5862 64
5863 64
5864 64
5865 64
5866 64
5867 64
5868 64
5869 64
5870 64
5871 64
5872 64
5873 64
5874 64
5875 64
5876 64
5877 64
5878 64
5879 64
5880 64
5881 64
5882 64
5883 64
5884 64
5885 64
5886 64
5887 64
5888 64
5889 64
5890 64
5891 64
5892 64
5893 64
5894 64
5895 48
5896 48
5897 64
5898 64
5899 64
5900 64
5901 64
5902 64
5903 62
5904 62
5905 64
5906 64
5907 64
5908 64
5909 64
5910 64
5911 64
5912 64
5913 64
5914 64
5915 64
5916 64
5917 64
5918 64
5919 64
5920 64
5921 64
5922 64
5923 64
5924 64
5925 64
5926 64
5927 64
5928 64
5929 64
5930 64
5931 64
5932 64
5933 64
5934 64
5935 64
5936 64
5937 64
5938 64
5939 48
5940 48
5941 64
5942 64
5943 64
5944 64
5945 64
5946 64
5947 64
5948 64
5949 64
5950 64
5951 64
5952 64
5953 64
5954 64
5955 64
5956 64
5957 64
5958 64
5959 64
5960 64
5961 64
5962 64
5963 64
5964 64
5965 64
5966 64
5967 64
5968 64
5969 64
5970 64
5971 64
5972 64
5973 64
5974 64
5975 64
5976 64
5977 64
5978 64
5979 64
5980 64
5981 64
5982 64
5983 48
5984 48
5985 64
5986 64
5987 64
5988 64
5989 64
5990 64
5991 64
5992 64
5993 64
5994 64
5995 64
5996 64
5997 64
5998 64
5999 64
6000 64
6001 64
6002 64
6003 64
6004 64
6005 64
6006 64
6007 64
6008 64
6009 64
6010 64
6011 64
6012 64
6013 64
6014 64
6015 64
6016 64
6017 64
6018 64
6019 64
6020 64
6021 64
6022 64
6023 64
6024 64
6025 64
6026 64
6027 48
6028 48
6029 64
6030 64
6031 64
6032 64
6033 64
6034 64
6035 62
6036 62
6037 64
6038 64
6039 64
6040 64
6041 64
6042 64
6043 64
6044 64
6045 64
6046 64
6047 64
6048 64
6049 64
6050 64
6051 64
6052 64
6053 64
6054 64
6055 64
6056 64
6057 64
6058 64
6059 64
6060 64
6061 64
6062 64
6063 64
6064 64
6065 64
6066 64
6067 64
6068 64
6069 64
6070 64
6071 48
6072 48
6073 64
6074 64
6075 64
6076 64
6077 64
6078 54
6079 36
6080 36
6081 54
6082 64
6083 64
6084 64
6085 64
6086 64
6087 64
6088 64
6089 64
6090 64
6091 64
6092 64
6093 64
6094 64
6095 64
6096 64
6097 64
6098 64
6099 64
6100 64
6101 64
6102 64
6103 64
6104 64
6105 64
6106 64
6107 64
6108 64
6109 64
6110 64
6111 64
6112 64
6113 64
6114 64
6115 48
6116 48
6117 64
6118 64
6119 64
6120 59
6121 46
6122 25
6123 6
6124 6
6125 25
6126 46
6127 59
6128 64
6129 64
6130 64
6131 64
6132 64
6133 64
6134 64
6135 64
6136 64
6137 64
6138 64
6139 64
6140 64
6141 64
6142 64
6143 64
6144 64
6145 64
6146 64
6147 64
6148 64
6149 64
6150 64
6151 64
6152 64
6153 64
6154 64
6155 64
6156 64
6157 64
6158 64
6159 48
6160 24
6161 32
6162 32
6163 32
6164 27
6165 14
6166 3
6167 0
6168 0
6169 3
6170 14
6171 27
6172 32
6173 32
6174 32
6175 32
6176 32
6177 32
6178 32
6179 32
6180 32
6181 32
6182 32
6183 32
6184 32
6185 32
6186 32
6187 32
6188 32
6189 32
6190 32
6191 32
6192 32
6193 32
6194 32
6195 32
6196 32
6197 32
6198 32
6199 32
6200 32
6201 32
6202 32
6203 24
6204 0
6205 0
6206 0
6207 0
6208 0
6209 0
6210 0
6211 0
6212 0
6213 0
6214 0
6215 0
6216 0
6217 0
6218 0
6219 0
6220 0
6221 0
6222 0
6223 0
6224 0
6225 0
6226 0
6227 0
6228 0
6229 0
6230 0
6231 0
6232 0
6233 0
6234 0
6235 0
6236 0
6237 0
6238 0
6239 0
6240 0
6241 0
6242 0
6243 0
6244 0
6245 0
6246 0
6247 0
6248 0
6249 0
6250 0
6251 0
6252 0
6253 0
6254 0
6255 0
6256 0
6257 0
6258 0
6259 0
6260 0
6261 0
6262 0
6263 0
6264 0
6265 0
6266 0
6267 0
6268 0
6269 0
6270 0
6271 0
6272 0
6273 0
6274 0
6275 0
6276 0
6277 0
6278 0
6279 0
6280 0
6281 0
6282 0
6283 0
6284 0
6285 0
6286 0
6287 0
6288 0
6289 0
6290 0
6291 0
6292 0
6293 0
6294 0
6295 0
6296 0
6297 0
6298 0
6299 0
6300 0
6301 0
6302 0
6303 0
6304 0
6305 0
6306 0
6307 0
6308 0
6309 0
6310 0
6311 0
6312 0
6313 0
6314 0
6315 0
6316 0
6317 0
6318 0
6319 0
6320 0
6321 0
6322 0
6323 0
6324 0
6325 0
6326 0
6327 0
6328 0
6329 0
6330 0
6331 0
6332 0
6333 0
6334 0
6335 0
6336 0
6337 0
6338 0
6339 0
6340 0
6341 0
6342 0
6343 0
6344 0
6345 0
6346 0
6347 0
6348 0
6349 0
6350 0
6351 0
6352 0
6353 0
6354 0
6355 0
6356 0
6357 0
6358 0
6359 0
6360 0
6361 0
6362 0
6363 0
6364 0
6365 0
6366 0
6367 0
6368 0
6369 0
6370 0
6371 0
6372 0
6373 0
6374 0
6375 0
6376 0
6377 0
6378 0
6379 0
6380 0
6381 0
6382 0
6383 0
6384 0
6385 0
6386 0
6387 0
6388 0
6389 0
6390 0
6391 0
6392 0
6393 0
6394 0
6395 0
6396 0
6397 0
6398 0
6399 0
6400 0
6401 0
6402 0
6403 0
6404 0
6405 0
6406 0
6407 0
6408 0
6409 0
6410 0
6411 0
6412 0
6413 0
6414 0
6415 0
6416 0
6417 0
6418 0
6419 0
6420 0
6421 0
6422 0
6423 0
6424 0
6425 0
6426 0
6427 0
6428 0
6429 0
6430 0
6431 0
6432 0
6433 0
6434 0
6435 0
6436 0
6437 0
6438 0
6439 0
6440 0
6441 0
6442 0
6443 0
6444 0
6445 0
6446 0
6447 0
6448 0
6449 0
6450 0
6451 0
6452 0
6453 0
6454 0
6455 0
6456 0
6457 0
6458 0
6459 0
6460 0
6461 0
6462 0
6463 0
6464 0
6465 0
6466 0
6467 0
6468 18
6469 24
6470 24
6471 24
6472 19
6473 8
6474 1
6475 0
6476 0
6477 1
6478 8
6479 19
6480 24
6481 24
6482 24
6483 24
6484 24
6485 24
6486 24
6487 24
6488 24
6489 24
6490 24
6491 24
6492 24
6493 24
6494 24
6495 24
6496 24
6497 24
6498 24
6499 24
6500 24
6501 24
6502 24
6503 24
6504 24
6505 24
6506 24
6507 24
6508 24
6509 24
6510 24
6511 18
6512 42
6513 56
6514 56
6515 56
6516 51
6517 36
6518 15
6519 2
6520 2
6521 15
6522 36
6523 51
6524 56
6525 56
6526 56
6527 56
6528 56
6529 56
6530 56
6531 56
6532 56
6533 56
6534 56
6535 56
6536 56
6537 56
6538 56
6539 56
6540 56
6541 56
6542 56
6543 56
6544 56
6545 56
6546 56
6547 56
6548 56
6549 56
6550 56
6551 56
6552 56
6553 56
6554 56
6555 42
6556 48
6557 64
6558 64
6559 64
6560 64
6561 60
6562 42
6563 22
6564 22
6565 42
6566 60
6567 64
6568 64
6569 64
6570 64
6571 64
6572 64
6573 64
6574 64
6575 64
6576 64
6577 64
6578 64
6579 64
6580 64
6581 64
6582 64
6583 64
6584 64
6585 64
6586 64
6587 64
6588 64
6589 64
6590 64
6591 64
6592 64
6593 64
6594 64
6595 64
6596 64
6597 64
6598 64
6599 48
6600 48
6601 64
6602 64
6603 64
6604 64
6605 64
6606 60
6607 50
6608 50
6609 60
6610 64
6611 64
6612 64
6613 64
6614 64
6615 64
6616 64
6617 64
6618 64
6619 64
6620 64
6621 64
6622 64
6623 64
6624 64
6625 64
6626 64
6627 64
6628 64
6629 64
6630 64
6631 64
6632 64
6633 64
6634 64
6635 64
6636 64
6637 64
6638 64
6639 64
6640 64
6641 64
6642 64
6643 48
6644 48
6645 64
6646 64
6647 64
6648 64
6649 64
6650 64
6651 62
6652 62
6653 64
6654 64
6655 64
6656 64
6657 64
6658 64
6659 64
6660 64
6661 64
6662 64
6663 64
6664 64
6665 64
6666 64
6667 64
6668 64
6669 64
6670 64
6671 64
6672 64
6673 64
6674 64
6675 64
6676 64
6677 64
6678 64
6679 64
6680 64
6681 64
6682 64
6683 64
6684 64
6685 64
6686 64
6687 48
6688 48
6689 64
6690 64
6691 64
6692 64
6693 64
6694 64
6695 62
6696 62
6697 64
6698 64
6699 64
6700 64
6701 64
6702 64
6703 64
6704 64
6705 64
6706 64
6707 64
6708 64
6709 64
6710 64
6711 64
6712 64
6713 64
6714 64
6715 64
6716 64
6717 64
6718 64
6719 64
6720 64
6721 64
6722 64
6723 64
6724 64
6725 64
6726 64
6727 64
6728 64
6729 64
6730 64
6731 48
6732 48
6733 64
6734 64
6735 64
6736 64
6737 64
6738 60
6739 50
6740 50
6741 60
6742 64
6743 64
6744 64
6745 64
6746 64
6747 64
6748 64
6749 64
6750 64
6751 64
6752 64
6753 64
6754 64
6755 64
6756 64
6757 64
6758 64
6759 64
6760 64
6761 64
6762 64
6763 64
6764 64
6765 64
6766 64
6767 64
6768 64
6769 64
6770 64
6771 64
6772 64
6773 64
6774 64
6775 48
6776 48
6777 64
6778 64
6779 64
6780 64
6781 60
6782 42
6783 22
6784 22
6785 42
6786 60
6787 64
6788 64
6789 64
6790 64
6791 64
6792 64
6793 64
6794 64
6795 64
6796 64
6797 64
6798 64
6799 64
6800 64
6801 64
6802 64
6803 64
6804 64
6805 64
6806 64
6807 64
6808 64
6809 64
6810 64
6811 64
6812 64
6813 64
6814 64
6815 64
6816 64
6817 64
6818 64
6819 48
6820 42
6821 56
6822 56
6823 56
6824 51
6825 36
6826 15
6827 2
6828 2
6829 15
6830 36
6831 51
6832 56
6833 56
6834 56
6835 56
6836 56
6837 56
6838 56
6839 56
6840 56
6841 56
6842 56
6843 56
6844 56
6845 56
6846 56
6847 56
6848 56
6849 56
6850 56
6851 56
6852 56
6853 56
6854 56
6855 56
6856 56
6857 56
6858 56
6859 56
6860 56
6861 56
6862 56
6863 42
6864 18
6865 24
6866 24
6867 24
6868 19
6869 8
6870 1
6871 0
6872 0
6873 1
6874 8
6875 19
6876 24
6877 24
6878 24
6879 24
6880 24
6881 24
6882 24
6883 24
6884 24
6885 24
6886 24
6887 24
6888 24
6889 24
6890 24
6891 24
6892 24
6893 24
6894 24
6895 24
6896 24
6897 24
6898 24
6899 24
6900 24
6901 24
6902 24
6903 24
6904 24
6905 24
6906 24
6907 18
6908 0
6909 0
6910 0
6911 0
6912 0
6913 0
6914 0
6915 0
6916 0
6917 0
6918 0
6919 0
6920 0
6921 0
6922 0
6923 0
6924 0
6925 0
6926 0
6927 0
6928 0
6929 0
6930 0
6931 0
6932 0
6933 0
6934 0
6935 0
6936 0
6937 0
6938 0
6939 0
6940 0
6941 0
6942 0
6943 0
6944 0
6945 0
6946 0
6947 0
6948 0
6949 0
6950 0
6951 0
6952 0
6953 0
6954 0
6955 0
6956 0
6957 0
6958 0
6959 0
6960 0
6961 0
6962 0
6963 0
6964 0
6965 0
6966 0
6967 0
6968 0
6969 0
6970 0
6971 0
6972 0
6973 0
6974 0
6975 0
6976 0
6977 0
6978 0
6979 0
6980 0
6981 0
6982 0
6983 0
6984 0
6985 0
6986 0
6987 0
6988 0
6989 0
6990 0
6991 0
6992 0
6993 0
6994 0
6995 0
6996 0
6997 0
6998 0
6999 0
7000 0
7001 0
7002 0
7003 0
7004 0
7005 0
7006 0
7007 0
7008 0
7009 0
7010 0
7011 0
7012 0
7013 0
7014 0
7015 0
7016 0
7017 0
7018 0
7019 0
7020 0
7021 0
7022 0
7023 0
7024 0
7025 0
7026 0
7027 0
7028 0
7029 0
7030 0
7031 0
7032 0
7033 0
7034 0
7035 0
7036 0
7037 0
7038 0
7039 0
7040 0
7041 0
7042 0
7043 0
7044 0
7045 0
7046 0
7047 0
7048 0
7049 0
7050 0
7051 0
7052 0
7053 0
7054 0
7055 0
7056 0
7057 0
7058 0
7059 0
7060 0
7061 0
7062 0
7063 0
7064 0
7065 0
7066 0
7067 0
7068 0
7069 0
7070 0
7071 0
7072 0
7073 0
7074 0
7075 0
7076 0
7077 0
7078 0
7079 0
7080 0
7081 0
7082 0
7083 0
7084 0
7085 0
7086 0
7087 0
7088 0
7089 0
7090 0
7091 0
7092 0
7093 0
7094 0
7095 0
7096 0
7097 0
7098 0
7099 0
7100 0
7101 0
7102 0
7103 0
7104 0
7105 0
7106 0
7107 0
7108 0
7109 0
7110 0
7111 0
7112 0
7113 0
7114 0
7115 0
7116 0
7117 0
7118 0
7119 0
7120 0
7121 0
7122 0
7123 0
7124 0
7125 0
7126 0
7127 0
7128 0
7129 0
7130 0
7131 0
7132 0
7133 0
7134 0
7135 0
7136 0
7137 0
7138 0
7139 0
7140 0
7141 0
7142 0
7143 0
7144 0
7145 0
7146 0
7147 0
7148 0
7149 0
7150 0
7151 0
7152 0
7153 0
7154 0
7155 0
7156 0
7157 0
7158 0
7159 0
7160 0
7161 0
7162 0
7163 0
7164 0
7165 0
7166 0
7167 0
7168 0
7169 0
7170 0
7171 0
7172 6
7173 8
7174 8
7175 8
7176 6
7177 2
7178 0
7179 0
7180 0
7181 0
7182 2
7183 6
7184 8
7185 8
7186 8
7187 8
7188 8
7189 8
7190 8
7191 8
7192 8
7193 8
7194 8
7195 8
7196 8
7197 8
7198 8
7199 8
7200 8
7201 8
7202 8
7203 8
7204 8
7205 8
7206 8
7207 8
7208 8
7209 8
7210 8
7211 8
7212 8
7213 8
7214 8
7215 6
7216 27
7217 36
7218 36
7219 36
7220 32
7221 18
7222 4
7223 0
7224 0
7225 4
7226 18
7227 32
7228 36
7229 36
7230 36
7231 36
7232 36
7233 36
7234 36
7235 36
7236 36
7237 36
7238 36
7239 36
7240 36
7241 36
7242 36
7243 36
7244 36
7245 36
7246 36
7247 36
7248 36
7249 36
7250 36
7251 36
7252 36
7253 36
7254 36
7255 36
7256 36
7257 36
7258 36
7259 27
7260 45
7261 60
7262 60
7263 60
7264 58
7265 44
7266 20
7267 6
7268 6
7269 20
7270 44
7271 58
7272 60
7273 60
7274 60
7275 60
7276 60
7277 60
7278 60
7279 60
7280 60
7281 60
7282 60
7283 60
7284 60
7285 60
7286 60
7287 60
7288 60
7289 60
7290 60
7291 60
7292 60
7293 60
7294 60
7295 60
7296 60
7297 60
7298 60
7299 60
7300 60
7301 60
7302 60
7303 45
7304 48
7305 64
7306 64
7307 64
7308 64
7309 60
7310 42
7311 22
7312 22
7313 42
7314 60
7315 64
7316 64
7317 64
7318 64
7319 64
7320 64
7321 64
7322 64
7323 64
7324 64
7325 64
7326 64
7327 64
7328 64
7329 64
7330 64
7331 64
7332 64
7333 64
7334 64
7335 64
7336 64
7337 64
7338 64
7339 64
7340 64
7341 64
7342 64
7343 64
7344 64
7345 64
7346 64
7347 48
7348 48
7349 64
7350 64
7351 64
7352 64
7353 64
7354 54
7355 36
7356 36
7357 54
7358 64
7359 64
7360 64
7361 64
7362 64
7363 64
7364 64
7365 64
7366 64
7367 64
7368 64
7369 64
7370 64
7371 64
7372 64
7373 64
7374 64
7375 64
7376 64
7377 64
7378 64
7379 64
7380 64
7381 64
7382 64
7383 64
7384 64
7385 64
7386 64
7387 64
7388 64
7389 64
7390 64
7391 48
7392 48
7393 64
7394 64
7395 64
7396 64
7397 64
7398 54
7399 36
7400 36
7401 54
7402 64
7403 64
7404 64
7405 64
7406 64
7407 64
7408 64
7409 64
7410 64
7411 64
7412 64
7413 64
7414 64
7415 64
7416 64
7417 64
7418 64
7419 64
7420 64
7421 64
7422 64
7423 64
7424 64
7425 64
7426 64
7427 64
7428 64
7429 64
7430 64
7431 64
7432 64
7433 64
7434 64
7435 48
7436 48
7437 64
7438 64
7439 64
7440 64
7441 60
7442 42
7443 22
7444 22
7445 42
7446 60
7447 64
7448 64
7449 64
7450 64
7451 64
7452 64
7453 64
7454 64
7455 64
7456 64
7457 64
7458 64
7459 64
7460 64
7461 64
7462 64
7463 64
7464 64
7465 64
7466 64
7467 64
7468 64
7469 64
7470 64
7471 64
7472 64
7473 64
7474 64
7475 64
7476 64
7477 64
7478 64
7479 48
7480 45
7481 60
7482 60
7483 60
7484 58
7485 44
7486 20
7487 6
7488 6
7489 20
7490 44
7491 58
7492 60
7493 60
7494 60
7495 60
7496 60
7497 60
7498 60
7499 60
7500 60
7501 60
7502 60
7503 60
7504 60
7505 60
7506 60
7507 60
7508 60
7509 60
7510 60
7511 60
7512 60
7513 60
7514 60
7515 60
7516 60
7517 60
7518 60
7519 60
7520 60
7521 60
7522 60
7523 45
7524 27
7525 36
7526 36
7527 36
7528 32
7529 18
7530 4
7531 0
7532 0
7533 4
7534 18
7535 32
7536 36
7537 36
7538 36
7539 36
7540 36
7541 36
7542 36
7543 36
7544 36
7545 36
7546 36
7547 36
7548 36
7549 36
7550 36
7551 36
7552 36
7553 36
7554 36
7555 36
7556 36
7557 36
7558 36
7559 36
7560 36
7561 36
7562 36
7563 36
7564 36
7565 36
7566 36
7567 27
7568 6
7569 8
7570 8
7571 8
7572 6
7573 2
7574 0
7575 0
7576 0
7577 0
7578 2
7579 6
7580 8
7581 8
7582 8
7583 8
7584 8
7585 8
7586 8
7587 8
7588 8
7589 8
7590 8
7591 8
7592 8
7593 8
7594 8
7595 8
7596 8
7597 8
7598 8
7599 8
7600 8
7601 8
7602 8
7603 8
7604 8
7605 8
7606 8
7607 8
7608 8
7609 8
7610 8
7611 6
7612 0
7613 0
7614 0
7615 0
7616 0
7617 0
7618 0
7619 0
7620 0
7621 0
7622 0
7623 0
7624 0
7625 0
7626 0
7627 0
7628 0
7629 0
7630 0
7631 0
7632 0
7633 0
7634 0
7635 0
7636 0
7637 0
7638 0
7639 0
7640 0
7641 0
7642 0
7643 0
7644 0
7645 0
7646 0
7647 0
7648 0
7649 0
7650 0
7651 0
7652 0
7653 0
7654 0
7655 0
7656 0
7657 0
7658 0
7659 0
7660 0
7661 0
7662 0
7663 0
7664 0
7665 0
7666 0
7667 0
7668 0
7669 0
7670 0
7671 0
7672 0
7673 0
7674 0
7675 0
7676 0
7677 0
7678 0
7679 0
7680 0
7681 0
7682 0
7683 0
7684 0
7685 0
7686 0
7687 0
7688 0
7689 0
7690 0
7691 0
7692 0
7693 0
7694 0
7695 0
7696 0
7697 0
7698 0
7699 0
7700 0
7701 0
7702 0
7703 0
7704 0
7705 0
7706 0
7707 0
7708 0
7709 0
7710 0
7711 0
7712 0
7713 0
7714 0
7715 0
7716 0
7717 0
7718 0
7719 0
7720 0
7721 0
7722 0
7723 0
7724 0
7725 0
7726 0
7727 0
7728 0
7729 0
7730 0
7731 0
7732 0
7733 0
7734 0
7735 0
7736 0
7737 0
7738 0
7739 0
7740 0
7741 0
7742 0
7743 0
7744 0
7745 0
7746 0
7747 0
7748 0
7749 0
7750 0
7751 0
7752 0
7753 0
7754 0
7755 0
7756 0
7757 0
7758 0
7759 0
7760 0
7761 0
7762 0
7763 0
7764 0
7765 0
7766 0
7767 0
7768 0
7769 0
7770 0
7771 0
7772 0
7773 0
7774 0
7775 0
7776 0
7777 0
7778 0
7779 0
7780 0
7781 0
7782 0
7783 0
7784 0
7785 0
7786 0
7787 0
7788 0
7789 0
7790 0
7791 0
7792 0
7793 0
7794 0
7795 0
7796 0
7797 0
7798 0
7799 0
7800 0
7801 0
7802 0
7803 0
7804 0
7805 0
7806 0
7807 0
7808 0
7809 0
7810 0
7811 0
7812 0
7813 0
7814 0
7815 0
7816 0
7817 0
7818 0
7819 0
7820 0
7821 0
7822 0
7823 0
7824 0
7825 0
7826 0
7827 0
7828 0
7829 0
7830 0
7831 0
7832 0
7833 0
7834 0
7835 0
7836 0
7837 0
7838 0
7839 0
7840 0
7841 0
7842 0
7843 0
7844 0
7845 0
7846 0
7847 0
7848 0
7849 0
7850 0
7851 0
7852 0
7853 0
7854 0
7855 0
7856 0
7857 0
7858 0
7859 0
7860 0
7861 0
7862 0
7863 0
7864 0
7865 0
7866 0
7867 0
7868 0
7869 0
7870 0
7871 0
7872 0
7873 0
7874 0
7875 0
7876 0
7877 0
7878 0
7879 0
7880 0
7881 0
7882 0
7883 0
7884 0
7885 0
7886 0
7887 0
7888 0
7889 0
7890 0
7891 0
7892 0
7893 0
7894 0
7895 0
7896 0
7897 0
7898 0
7899 0
7900 0
7901 0
7902 0
7903 0
7904 0
7905 0
7906 0
7907 0
7908 0
7909 0
7910 0
7911 0
7912 0
7913 0
7914 0
7915 0
7916 0
7917 0
7918 0
7919 0
7920 9
7921 12
7922 12
7923 12
7924 10
7925 4
7926 0
7927 0
7928 0
7929 0
7930 4
7931 10
7932 12
7933 12
7934 12
7935 12
7936 12
7937 12
7938 12
7939 12
7940 12
7941 12
7942 12
7943 12
7944 12
7945 12
7946 12
7947 12
7948 12
7949 12
7950 12
7951 12
7952 12
7953 12
7954 12
7955 12
7956 12
7957 12
7958 12
7959 12
7960 12
7961 12
7962 12
7963 9
7964 27
7965 36
7966 36
7967 36
7968 32
7969 18
7970 4
7971 0
7972 0
7973 4
7974 18
7975 32
7976 36
7977 36
7978 36
7979 36
7980 36
7981 36
7982 36
7983 36
7984 36
7985 36
7986 36
7987 36
7988 36
7989 36
7990 36
7991 36
7992 36
7993 36
7994 36
7995 36
7996 36
7997 36
7998 36
7999 36
8000 36
8001 36
8002 36
8003 36
8004 36
8005 36
8006 36
8007 27
8008 42
8009 56
8010 56
8011 56
8012 51
8013 36
8014 15
8015 2
8016 2
8017 15
8018 36
8019 51
8020 56
8021 56
8022 56
8023 56
8024 56
8025 56
8026 56
8027 56
8028 56
8029 56
8030 56
8031 56
8032 56
8033 56
8034 56
8035 56
8036 56
8037 56
8038 56
8039 56
8040 56
8041 56
8042 56
8043 56
8044 56
8045 56
8046 56
8047 56
8048 56
8049 56
8050 56
8051 42
8052 48
8053 64
8054 64
8055 64
8056 59
8057 46
8058 25
8059 6
8060 6
8061 25
8062 46
8063 59
8064 64
8065 64
8066 64
8067 64
8068 64
8069 64
8070 64
8071 64
8072 64
8073 64
8074 64
8075 64
8076 64
8077 64
8078 64
8079 64
8080 64
8081 64
8082 64
8083 64
8084 64
8085 64
8086 64
8087 64
8088 64
8089 64
8090 64
8091 64
8092 64
8093 64
8094 64
8095 48
8096 48
8097 64
8098 64
8099 64
8100 59
8101 46
8102 25
8103 6
8104 6
8105 25
8106 46
8107 59
8108 64
8109 64
8110 64
8111 64
8112 64
8113 64
8114 64
8115 64
8116 64
8117 64
8118 64
8119 64
8120 64
8121 64
8122 64
8123 64
8124 64
8125 64
8126 64
8127 64
8128 64
8129 64
8130 64
8131 64
8132 64
8133 64
8134 64
8135 64
8136 64
8137 64
8138 64
8139 48
8140 42
8141 56
8142 56
8143 56
8144 51
8145 36
8146 15
8147 2
8148 2
8149 15
8150 36
8151 51
8152 56
8153 56
8154 56
8155 56
8156 56
8157 56
8158 56
8159 56
8160 56
8161 56
8162 56
8163 56
8164 56
8165 56
8166 56
8167 56
8168 56
8169 56
8170 56
8171 56
8172 56
8173 56
8174 56
8175 56
8176 56
8177 56
8178 56
8179 56
8180 56
8181 56
8182 56
8183 42
8184 27
8185 36
8186 36
8187 36
8188 32
8189 18
8190 4
8191 0
8192 0
8193 4
8194 18
8195 32
8196 36
8197 36
8198 36
8199 36
8200 36
8201 36
8202 36
8203 36
8204 36
8205 36
8206 36
8207 36
8208 36
8209 36
8210 36
8211 36
8212 36
8213 36
8214 36
8215 36
8216 36
8217 36
8218 36
8219 36
8220 36
8221 36
8222 36
8223 36
8224 36
8225 36
8226 36
8227 27
8228 9
8229 12
8230 12
8231 12
8232 10
8233 4
8234 0
8235 0
8236 0
8237 0
8238 4
8239 10
8240 12
8241 12
8242 12
8243 12
8244 12
8245 12
8246 12
8247 12
8248 12
8249 12
8250 12
8251 12
8252 12
8253 12
8254 12
8255 12
8256 12
8257 12
8258 12
8259 12
8260 12
8261 12
8262 12
8263 12
8264 12
8265 12
8266 12
8267 12
8268 12
8269 12
8270 12
8271 9
8272 0
8273 0
8274 0
8275 0
8276 0
8277 0
8278 0
8279 0
8280 0
8281 0
8282 0
8283 0
8284 0
8285 0
8286 0
8287 0
8288 0
8289 0
8290 0
8291 0
8292 0
8293 0
8294 0
8295 0
8296 0
8297 0
8298 0
8299 0
8300 0
8301 0
8302 0
8303 0
8304 0
8305 0
8306 0
8307 0
8308 0
8309 0
8310 0
8311 0
8312 0
8313 0
8314 0
8315 0
8316 0
8317 0
8318 0
8319 0
8320 0
8321 0
8322 0
8323 0
8324 0
8325 0
8326 0
8327 0
8328 0
8329 0
8330 0
8331 0
8332 0
8333 0
8334 0
8335 0
8336 0
8337 0
8338 0
8339 0
8340 0
8341 0
8342 0
8343 0
8344 0
8345 0
8346 0
8347 0
8348 0
8349 0
8350 0
8351 0
8352 0
8353 0
8354 0
8355 0
8356 0
8357 0
8358 0
8359 0
8360 0
8361 0
8362 0
8363 0
8364 0
8365 0
8366 0
8367 0
8368 0
8369 0
8370 0
8371 0
8372 0
8373 0
8374 0
8375 0
8376 0
8377 0
8378 0
8379 0
8380 0
8381 0
8382 0
8383 0
8384 0
8385 0
8386 0
8387 0
8388 0
8389 0
8390 0
8391 0
8392 0
8393 0
8394 0
8395 0
8396 0
8397 0
8398 0
8399 0
8400 0
8401 0
8402 0
8403 0
8404 0
8405 0
8406 0
8407 0
8408 0
8409 0
8410 0
8411 0
8412 0
8413 0
8414 0
8415 0
8416 0
8417 0
8418 0
8419 0
8420 0
8421 0
8422 0
8423 0
8424 0
8425 0
8426 0
8427 0
8428 0
8429 0
8430 0
8431 0
8432 0
8433 0
8434 0
8435 0
8436 0
8437 0
8438 0
8439 0
8440 0
8441 0
8442 0
8443 0
8444 0
8445 0
8446 0
8447 0
8448 0
8449 0
8450 0
8451 0
8452 0
8453 0
8454 0
8455 0
8456 0
8457 0
8458 0
8459 0
8460 0
8461 0
8462 0
8463 0
8464 0
8465 0
8466 0
8467 0
8468 0
8469 0
8470 0
8471 0
8472 0
8473 0
8474 0
8475 0
8476 0
8477 0
8478 0
8479 0
8480 0
8481 0
8482 0
8483 0
8484 0
8485 0
8486 0
8487 0
8488 0
8489 0
8490 0
8491 0
8492 0
8493 0
8494 0
8495 0
8496 0
8497 0
8498 0
8499 0
8500 0
8501 0
8502 0
8503 0
8504 0
8505 0
8506 0
8507 0
8508 0
8509 0
8510 0
8511 0
8512 0
8513 0
8514 0
8515 0
8516 0
8517 0
8518 0
8519 0
8520 0
8521 0
8522 0
8523 0
8524 0
8525 0
8526 0
8527 0
8528 0
8529 0
8530 0
8531 0
8532 0
8533 0
8534 0
8535 0
8536 0
8537 0
8538 0
8539 0
8540 0
8541 0
8542 0
8543 0
8544 0
8545 0
8546 0
8547 0
8548 0
8549 0
8550 0
8551 0
8552 0
8553 0
8554 0
8555 0
8556 0
8557 0
8558 0
8559 0
8560 0
8561 0
8562 0
8563 0
8564 0
8565 0
8566 0
8567 0
8568 0
8569 0
8570 0
8571 0
8572 0
8573 0
8574 0
8575 0
8576 0
8577 0
8578 0
8579 0
8580 0
8581 0
8582 0
8583 0
8584 0
8585 0
8586 0
8587 0
8588 0
8589 0
8590 0
8591 0
8592 0
8593 0
8594 0
8595 0
8596 0
8597 0
8598 0
8599 0
8600 0
8601 0
8602 0
8603 0
8604 0
8605 0
8606 0
8607 0
8608 0
8609 0
8610 0
8611 0
8612 0
8613 0
8614 0
8615 0
8616 0
8617 0
8618 0
8619 0
8620 0
8621 0
8622 0
8623 0
8624 0
8625 0
8626 0
8627 0
8628 0
8629 0
8630 0
8631 0
8632 0
8633 0
8634 0
8635 0
8636 0
8637 0
8638 0
8639 0
8640 0
8641 0
8642 0
8643 0
8644 0
8645 0
8646 0
8647 0
8648 0
8649 0
8650 0
8651 0
8652 0
8653 0
8654 0
8655 0
8656 0
8657 0
8658 0
8659 0
8660 0
8661 0
8662 0
8663 0
8664 0
8665 0
8666 0
8667 0
8668 6
8669 8
8670 8
8671 8
8672 6
8673 2
8674 0
8675 0
8676 0
8677 0
8678 2
8679 6
8680 8
8681 8
8682 8
8683 8
8684 8
8685 8
8686 8
8687 8
8688 8
8689 8
8690 8
8691 8
8692 8
8693 8
8694 8
8695 8
8696 8
8697 8
8698 8
8699 8
8700 8
8701 8
8702 8
8703 8
8704 8
8705 8
8706 8
8707 8
8708 8
8709 8
8710 8
8711 6
8712 18
8713 24
8714 24
8715 24
8716 19
8717 8
8718 1
8719 0
8720 0
8721 1
8722 8
8723 19
8724 24
8725 24
8726 24
8727 24
8728 24
8729 24
8730 24
8731 24
8732 24
8733 24
8734 24
8735 24
8736 24
8737 24
8738 24
8739 24
8740 24
8741 24
8742 24
8743 24
8744 24
8745 24
8746 24
8747 24
8748 24
8749 24
8750 24
8751 24
8752 24
8753 24
8754 24
8755 18
8756 24
8757 32
8758 32
8759 32
8760 27
8761 14
8762 3
8763 0
8764 0
8765 3
8766 14
8767 27
8768 32
8769 32
8770 32
8771 32
8772 32
8773 32
8774 32
8775 32
8776 32
8777 32
8778 32
8779 32
8780 32
8781 32
8782 32
8783 32
8784 32
8785 32
8786 32
8787 32
8788 32
8789 32
8790 32
8791 32
8792 32
8793 32
8794 32
8795 32
8796 32
8797 32
8798 32
8799 24
8800 24
8801 32
8802 32
8803 32
8804 27
8805 14
8806 3
8807 0
8808 0
8809 3
8810 14
8811 27
8812 32
8813 32
8814 32
8815 32
8816 32
8817 32
8818 32
8819 32
8820 32
8821 32
8822 32
8823 32
8824 32
8825 32
8826 32
8827 32
8828 32
8829 32
8830 32
8831 32
8832 32
8833 32
8834 32
8835 32
8836 32
8837 32
8838 32
8839 32
8840 32
8841 32
8842 32
8843 24
8844 18
8845 24
8846 24
8847 24
8848 19
8849 8
8850 1
8851 0
8852 0
8853 1
8854 8
8855 19
8856 24
8857 24
8858 24
8859 24
8860 24
8861 24
8862 24
8863 24
8864 24
8865 24
8866 24
8867 24
8868 24
8869 24
8870 24
8871 24
8872 24
8873 24
8874 24
8875 24
8876 24
8877 24
8878 24
8879 24
8880 24
8881 24
8882 24
8883 24
8884 24
8885 24
8886 24
8887 18
8888 6
8889 8
8890 8
8891 8
8892 6
8893 2
8894 0
8895 0
8896 0
8897 0
8898 2
8899 6
8900 8
8901 8
8902 8
8903 8
8904 8
8905 8
8906 8
8907 8
8908 8
8909 8
8910 8
8911 8
8912 8
8913 8
8914 8
8915 8
8916 8
8917 8
8918 8
8919 8
8920 8
8921 8
8922 8
8923 8
8924 8
8925 8
8926 8
8927 8
8928 8
8929 8
8930 8
8931 6
8932 0
8933 0
8934 0
8935 0
8936 0
8937 0
8938 0
8939 0
8940 0
8941 0
8942 0
8943 0
8944 0
8945 0
8946 0
8947 0
8948 0
8949 0
8950 0
8951 0
8952 0
8953 0
8954 0
8955 0
8956 0
8957 0
8958 0
8959 0
8960 0
8961 0
8962 0
8963 0
8964 0
8965 0
8966 0
8967 0
8968 0
8969 0
8970 0
8971 0
8972 0
8973 0
8974 0
8975 0
8976 0
8977 0
8978 0
8979 0
8980 0
8981 0
8982 0
8983 0
8984 0
8985 0
8986 0
8987 0
8988 0
8989 0
8990 0
8991 0
8992 0
8993 0
8994 0
8995 0
8996 0
8997 0
8998 0
8999 0
9000 0
9001 0
9002 0
9003 0
9004 0
9005 0
9006 0
9007 0
9008 0
9009 0
9010 0
9011 0
9012 0
9013 0
9014 0
9015 0
9016 0
9017 0
9018 0
9019 0
9020 0
9021 0
9022 0
9023 0
9024 0
9025 0
9026 0
9027 0
9028 0
9029 0
9030 0
9031 0
9032 0
9033 0
9034 0
9035 0
9036 0
9037 0
9038 0
9039 0
9040 0
9041 0
9042 0
9043 0
9044 0
9045 0
9046 0
9047 0
9048 0
9049 0
9050 0
9051 0
9052 0
9053 0
9054 0
9055 0
9056 0
9057 0
9058 0
9059 0
9060 0
9061 0
9062 0
9063 0
9064 0
9065 0
9066 0
9067 0
9068 0
9069 0
9070 0
9071 0
9072 0
9073 0
9074 0
9075 0
9076 0
9077 0
9078 0
9079 0
9080 0
9081 0
9082 0
9083 0
9084 0
9085 0
9086 0
9087 0
9088 0
9089 0
9090 0
9091 0
9092 0
9093 0
9094 0
9095 0
9096 0
9097 0
9098 0
9099 0
9100 0
9101 0
9102 0
9103 0
9104 0
9105 0
9106 0
9107 0
9108 0
9109 0
9110 0
9111 0
9112 0
9113 0
9114 0
9115 0
9116 0
9117 0
9118 0
9119 0
9120 0
9121 0
9122 0
9123 0
9124 0
9125 0
9126 0
9127 0
9128 0
9129 0
9130 0
9131 0
9132 0
9133 0
9134 0
9135 0
9136 0
9137 0
9138 0
9139 0
9140 0
9141 0
9142 0
9143 0
9144 0
9145 0
9146 0
9147 0
9148 0
9149 0
9150 0
9151 0
9152 0
9153 0
9154 0
9155 0
9156 0
9157 0
9158 0
9159 0
9160 0
9161 0
9162 0
9163 0
9164 0
9165 0
9166 0
9167 0
9168 0
9169 0
9170 0
9171 0
9172 0
9173 0
9174 0
9175 0
9176 0
9177 0
9178 0
9179 0
9180 0
9181 0
9182 0
9183 0
9184 0
9185 0
9186 0
9187 0
9188 0
9189 0
9190 0
9191 0
9192 0
9193 0
9194 0
9195 0
9196 0
9197 0
9198 0
9199 0
9200 0
9201 0
9202 0
9203 0
9204 0
9205 0
9206 0
9207 0
9208 0
9209 0
9210 0
9211 0
9212 0
9213 0
9214 0
9215 0
9216 0
9217 0
9218 0
9219 0
9220 0
9221 0
9222 0
9223 0
9224 0
9225 0
9226 0
9227 0
9228 0
9229 0
9230 0
9231 0
9232 0
9233 0
9234 0
9235 0
9236 0
9237 0
9238 0
9239 0
9240 0
9241 0
9242 0
9243 0
9244 0
9245 0
9246 0
9247 0
9248 0
9249 0
9250 0
9251 0
9252 0
9253 0
9254 0
9255 0
9256 0
9257 0
9258 0
9259 0
9260 0
9261 0
9262 0
9263 0
9264 0
9265 0
9266 0
9267 0
9268 0
9269 0
9270 0
9271 0
9272 0
9273 0
9274 0
9275 0
9276 0
9277 0
9278 0
9279 0
9280 0
9281 0
9282 0
9283 0
9284 0
9285 0
9286 0
9287 0
9288 0
9289 0
9290 0
9291 0
9292 0
9293 0
9294 0
9295 0
9296 0
9297 0
9298 0
9299 0
9300 0
9301 0
9302 0
9303 0
9304 0
9305 0
9306 0
9307 0
9308 0
9309 0
9310 0
9311 0
9312 0
9313 0
9314 0
9315 0
9316 0
9317 0
9318 0
9319 0
9320 0
9321 0
9322 0
9323 0
9324 0
9325 0
9326 0
9327 0
9328 0
9329 0
9330 0
9331 0
9332 0
9333 0
9334 0
9335 0
9336 0
9337 0
9338 0
9339 0
9340 0
9341 0
9342 0
9343 0
9344 0
9345 0
9346 0
9347 0
9348 0
9349 0
9350 0
9351 0
9352 0
9353 0
9354 0
9355 0
9356 0
9357 0
9358 0
9359 0
9360 0
9361 0
9362 0
9363 0
9364 0
9365 0
9366 0
9367 0
9368 0
9369 0
9370 0
9371 0
9372 0
9373 0
9374 0
9375 0
9376 0
9377 0
9378 0
9379 0
9380 0
9381 0
9382 0
9383 0
9384 0
9385 0
9386 0
9387 0
9388 0
9389 0
9390 0
9391 0
9392 0
9393 0
9394 0
9395 0
9396 0
9397 0
9398 0
9399 0
9400 0
9401 0
9402 0
9403 0
9404 0
9405 0
9406 0
9407 0
9408 0
9409 0
9410 0
9411 0
9412 0
9413 0
9414 0
9415 0
9416 0
9417 0
9418 0
9419 0
9420 0
9421 0
9422 0
9423 0
9424 0
9425 0
9426 0
9427 0
9428 0
9429 0
9430 0
9431 0
9432 0
9433 0
9434 0
9435 0
9436 0
9437 0
9438 0
9439 0
9440 0
9441 0
9442 0
9443 0
9444 0
9445 0
9446 0
9447 0
9448 0
9449 0
9450 0
9451 0
9452 0
9453 0
9454 0
9455 0
9456 0
9457 0
9458 0
9459 0
9460 0
9461 0
9462 0
9463 0
9464 0
9465 0
9466 0
9467 0
9468 0
9469 0
9470 0
9471 0
9472 0
9473 0
9474 0
9475 0
9476 0
9477 0
9478 0
9479 0
9480 0
9481 0
9482 0
9483 0
9484 0
9485 0
9486 0
9487 0
9488 0
9489 0
9490 0
9491 0
9492 0
9493 0
9494 0
9495 0
9496 0
9497 0
9498 0
9499 0
9500 0
9501 0
9502 0
9503 0
9504 0
9505 0
9506 0
9507 0
9508 0
9509 0
9510 0
9511 0
9512 0
9513 0
9514 0
9515 0
9516 0
9517 0
9518 0
9519 0
9520 0
9521 0
9522 0
9523 0
9524 0
9525 0
9526 0
9527 0
9528 0
9529 0
9530 0
9531 0
9532 0
9533 0
9534 0
9535 0
9536 0
9537 0
9538 0
9539 0
9540 0
9541 0
9542 0
9543 0
9544 0
9545 0
9546 0
9547 0
9548 0
9549 0
9550 0
9551 0
9552 0
9553 0
9554 0
9555 0
9556 0
9557 0
9558 0
9559 0
9560 0
9561 0
9562 0
9563 0
9564 0
9565 0
9566 0
9567 0
9568 0
9569 0
9570 0
9571 0
9572 0
9573 0
9574 0
9575 0
9576 0
9577 0
9578 0
9579 0
9580 0
9581 0
9582 0
9583 0
9584 0
9585 0
9586 0
9587 0
9588 0
9589 0
9590 0
9591 0
9592 0
9593 0
9594 0
9595 0
9596 0
9597 0
9598 0
9599 0
9600 0
9601 0
9602 0
9603 0
9604 0
9605 0
9606 0
9607 0
9608 0
9609 0
9610 0
9611 0
9612 0
9613 0
9614 0
9615 0
9616 0
9617 0
9618 0
9619 0
9620 0
9621 0
9622 0
9623 0
9624 0
9625 0
9626 0
9627 0
9628 0
9629 0
9630 0
9631 0
9632 0
9633 0
9634 0
9635 0
9636 0
9637 0
9638 0
9639 0
9640 0
9641 0
9642 0
9643 0
9644 0
9645 0
9646 0
9647 0
9648 0
9649 0
9650 0
9651 0
9652 0
9653 0
9654 0
9655 0
9656 0
9657 0
9658 0
9659 0
9660 0
9661 0
9662 0
9663 0
9664 0
9665 0
9666 0
9667 0
9668 0
9669 0
9670 0
9671 0
9672 0
9673 0
9674 0
9675 0
9676 0
9677 0
9678 0
9679 0
9680 0
9681 0
9682 0
9683 0
9684 0
9685 0
9686 0
9687 0
9688 0
9689 0
9690 0
9691 0
9692 0
9693 0
9694 0
9695 0
9696 0
9697 0
9698 0
9699 0
9700 0
9701 0
9702 0
9703 0
9704 0
9705 0
9706 0
9707 0
9708 0
9709 0
9710 0
9711 0
9712 0
9713 0
9714 0
9715 0
9716 0
9717 0
9718 0
9719 0
9720 0
9721 0
9722 0
9723 0
9724 0
9725 0
9726 0
9727 0
9728 0
9729 0
9730 0
9731 0
9732 0
9733 0
9734 0
9735 0
9736 0
9737 0
9738 0
9739 0
9740 0
9741 0
9742 0
9743 0
9744 0
9745 0
9746 0
9747 0
9748 0
9749 0
9750 0
9751 0
9752 0
9753 0
9754 0
9755 0
9756 0
9757 0
9758 0
9759 0
9760 0
9761 0
9762 0
9763 0
9764 0
9765 0
9766 0
9767 0
9768 0
9769 0
9770 0
9771 0
9772 0
9773 0
9774 0
9775 0
9776 0
9777 0
9778 0
9779 0
9780 0
9781 0
9782 0
9783 0
9784 0
9785 0
9786 0
9787 0
9788 0
9789 0
9790 0
9791 0
9792 0
9793 0
9794 0
9795 0
9796 0
9797 0
9798 0
9799 0
9800 0
9801 0
9802 0
9803 0
9804 0
9805 0
9806 0
9807 0
9808 0
9809 0
9810 0
9811 0
9812 0
9813 0
9814 0
9815 0
9816 0
9817 0
9818 0
9819 0
9820 0
9821 0
9822 0
9823 0
9824 0
9825 0
9826 0
9827 0
9828 0
9829 0
9830 0
9831 0
9832 0
9833 0
9834 0
9835 0
9836 0
9837 0
9838 0
9839 0
9840 0
9841 0
9842 0
9843 0
9844 0
9845 0
9846 0
9847 0
9848 0
9849 0
9850 0
9851 0
9852 0
9853 0
9854 0
9855 0
9856 0
9857 0
9858 0
9859 0
9860 0
9861 0
9862 0
9863 0
9864 0
9865 0
9866 0
9867 0
9868 0
9869 0
9870 0
9871 0
9872 0
9873 0
9874 0
9875 0
9876 0
9877 0
9878 0
9879 0
9880 0
9881 0
9882 0
9883 0
9884 0
9885 0
9886 0
9887 0
9888 0
9889 0
9890 0
9891 0
9892 0
9893 0
9894 0
9895 0
9896 0
9897 0
9898 0
9899 0
9900 0
9901 0
9902 0
9903 0
9904 0
9905 0
9906 0
9907 0
9908 0
9909 0
9910 0
9911 0
9912 0
9913 0
9914 0
9915 0
9916 0
9917 0
9918 0
9919 0
9920 0
9921 0
9922 0
9923 0
9924 0
9925 0
9926 0
9927 0
9928 0
9929 0
9930 0
9931 0
9932 0
9933 0
9934 0
9935 0
9936 0
9937 0
9938 0
9939 0
9940 0
9941 0
9942 0
9943 0
9944 0
9945 0
9946 0
9947 0
9948 0
9949 0
9950 0
9951 0
9952 0
9953 0
9954 0
9955 0
9956 0
9957 0
9958 0
9959 0
9960 0
9961 0
9962 0
9963 0
9964 0
9965 0
9966 0
9967 0
9968 0
9969 0
9970 0
9971 0
9972 0
9973 0
9974 0
9975 0
9976 0
9977 0
9978 0
9979 0
9980 0
9981 0
9982 0
9983 0
9984 0
9985 0
9986 0
9987 0
9988 0
9989 0
9990 0
9991 0
9992 0
9993 0
9994 0
9995 0
9996 0
9997 0
9998 0
9999 0
10000 0
10001 0
10002 0
10003 0
10004 0
10005 0
10006 0
10007 0
10008 0
10009 0
10010 0
10011 0
10012 0
10013 0
10014 0
10015 0
10016 0
10017 0
10018 0
10019 0
10020 0
10021 0
10022 0
10023 0
10024 0
10025 0
10026 0
10027 0
10028 0
10029 0
10030 0
10031 0
10032 0
10033 0
10034 0
10035 0
10036 0
10037 0
10038 0
10039 0
10040 0
10041 0
10042 0
10043 0
10044 0
10045 0
10046 0
10047 0
10048 0
10049 0
10050 0
10051 0
10052 0
10053 0
10054 0
10055 0
10056 0
10057 0
10058 0
10059 0
10060 0
10061 0
10062 0
10063 0
10064 0
10065 0
10066 0
10067 0
10068 0
10069 0
10070 0
10071 0
10072 0
10073 0
10074 0
10075 0
10076 0
10077 0
10078 0
10079 0
10080 0
10081 0
10082 0
10083 0
10084 0
10085 0
10086 0
10087 0
10088 0
10089 0
10090 0
10091 0
10092 0
10093 0
10094 0
10095 0
10096 0
10097 0
10098 0
10099 0
10100 0
10101 0
10102 0
10103 0
10104 0
10105 0
10106 0
10107 0
10108 0
10109 0
10110 0
10111 0
10112 0
10113 0
10114 0
10115 0
10116 0
10117 0
10118 0
10119 0
10120 0
10121 0
10122 0
10123 0
10124 0
10125 0
10126 0
10127 0
10128 0
10129 0
10130 0
10131 0
10132 0
10133 0
10134 0
10135 0
10136 0
10137 0
10138 0
10139 0
10140 0
10141 0
10142 0
10143 0
10144 0
10145 0
10146 0
10147 0
10148 0
10149 0
10150 0
10151 0
10152 0
10153 0
10154 0
10155 0
10156 0
10157 0
10158 0
10159 0
10160 0
10161 0
10162 0
10163 0
10164 0
10165 0
10166 0
10167 0
10168 0
10169 0
10170 0
10171 0
10172 0
10173 0
10174 0
10175 0
10176 0
10177 0
10178 0
10179 0
10180 0
10181 0
10182 0
10183 0
10184 0
10185 0
10186 0
10187 0
10188 0
10189 0
10190 0
10191 0
10192 0
10193 0
10194 0
10195 0
10196 0
10197 0
10198 0
10199 0
10200 0
10201 0
10202 0
10203 0
10204 0
10205 0
10206 0
10207 0
10208 0
10209 0
10210 0
10211 0
10212 0
10213 0
10214 0
10215 0
10216 0
10217 0
10218 0
10219 0
10220 0
10221 0
10222 0
10223 0
10224 0
10225 0
10226 0
10227 0
10228 0
10229 0
10230 0
10231 0
10232 0
10233 0
10234 0
10235 0
10236 0
10237 0
10238 0
10239 0
10240 0
10241 0
10242 0
10243 0
10244 0
10245 0
10246 0
10247 0
10248 0
10249 0
10250 0
10251 0
10252 0
10253 0
10254 0
10255 0
10256 0
10257 0
10258 0
10259 0
10260 0
10261 0
10262 0
10263 0
10264 0
10265 0
10266 0
10267 0
10268 0
10269 0
10270 0
10271 0
10272 0
10273 0
10274 0
10275 0
10276 0
10277 0
10278 0
10279 0
10280 0
10281 0
10282 0
10283 0
10284 0
10285 0
10286 0
10287 0
10288 0
10289 0
10290 0
10291 0
10292 0
10293 0
10294 0
10295 0
10296 0
10297 0
10298 0
10299 0
10300 0
10301 0
10302 0
10303 0
10304 0
10305 0
10306 0
10307 0
10308 0
10309 0
10310 0
10311 0
10312 0
10313 0
10314 0
10315 0
10316 0
10317 0
10318 0
10319 0
10320 0
10321 0
10322 0
10323 0
10324 0
10325 0
10326 0
10327 0
10328 0
10329 0
10330 0
10331 0
10332 0
10333 0
10334 0
10335 0
10336 0
10337 0
10338 0
10339 0
10340 0
10341 0
10342 0
10343 0
10344 0
10345 0
10346 0
10347 0
10348 0
10349 0
10350 0
10351 0
10352 0
10353 0
10354 0
10355 0
10356 0
10357 0
10358 0
10359 0
10360 0
10361 0
10362 0
10363 0
10364 0
10365 0
10366 0
10367 0
10368 0
10369 0
10370 0
10371 0
10372 0
10373 0
10374 0
10375 0
10376 0
10377 0
10378 0
10379 0
10380 0
10381 0
10382 0
10383 0
10384 0
10385 0
10386 0
10387 0
10388 0
10389 0
10390 0
10391 0
10392 0
10393 0
10394 0
10395 0
10396 0
10397 0
10398 0
10399 0
10400 0
10401 0
10402 0
10403 0
10404 0
10405 0
10406 0
10407 0
10408 0
10409 0
10410 0
10411 0
10412 0
10413 0
10414 0
10415 0
10416 0
10417 0
10418 0
10419 0
10420 0
10421 0
10422 0
10423 0
10424 0
10425 0
10426 0
10427 0
10428 0
10429 0
10430 0
10431 0
10432 0
10433 0
10434 0
10435 0
10436 0
10437 0
10438 0
10439 0
10440 0
10441 0
10442 0
10443 0
10444 0
10445 0
10446 0
10447 0
10448 0
10449 0
10450 0
10451 0
10452 0
10453 0
10454 0
10455 0
10456 0
10457 0
10458 0
10459 0
10460 0
10461 0
10462 0
10463 0
10464 0
10465 0
10466 0
10467 0
10468 0
10469 0
10470 0
10471 0
10472 0
10473 0
10474 0
10475 0
10476 0
10477 0
10478 0
10479 0
10480 0
10481 0
10482 0
10483 0
10484 0
10485 0
10486 0
10487 0
10488 0
10489 0
10490 0
10491 0
10492 0
10493 0
10494 0
10495 0
10496 0
10497 0
10498 0
10499 0
10500 0
10501 0
10502 0
10503 0
10504 0
10505 0
10506 0
10507 0
10508 0
10509 0
10510 0
10511 0
10512 0
10513 0
10514 0
10515 0
10516 0
10517 0
10518 0
10519 0
10520 0
10521 0
10522 0
10523 0
10524 0
10525 0
10526 0
10527 0
10528 0
10529 0
10530 0
10531 0
10532 0
10533 0
10534 0
10535 0
10536 0
10537 0
10538 0
10539 0
10540 0
10541 0
10542 0
10543 0
10544 0
10545 0
10546 0
10547 0
10548 0
10549 0
10550 0
10551 0
10552 0
10553 0
10554 0
10555 0
10556 0
10557 0
10558 0
10559 0
10560 0
10561 0
10562 0
10563 0
10564 0
10565 0
10566 0
10567 0
10568 0
10569 0
10570 0
10571 0
10572 0
10573 0
10574 0
10575 0
10576 0
10577 0
10578 0
10579 0
10580 0
10581 0
10582 0
10583 0
10584 0
10585 0
10586 0
10587 0
10588 0
10589 0
10590 0
10591 0
10592 0
10593 0
10594 0
10595 0
10596 0
10597 0
10598 0
10599 0
10600 0
10601 0
10602 0
10603 0
10604 0
10605 0
10606 0
10607 0
10608 0
10609 0
10610 0
10611 0
10612 0
10613 0
10614 0
10615 0
10616 0
10617 0
10618 0
10619 0
10620 0
10621 0
10622 0
10623 0
10624 0
10625 0
10626 0
10627 0
10628 0
10629 0
10630 0
10631 0
10632 0
10633 0
10634 0
10635 0
10636 0
10637 0
10638 0
10639 0
10640 0
10641 0
10642 0
10643 0
10644 0
10645 0
10646 0
10647 0
10648 0
10649 0
10650 0
10651 0
10652 0
10653 0
10654 0
10655 0
10656 0
10657 0
10658 0
10659 0
10660 0
10661 0
10662 0
10663 0
10664 0
10665 0
10666 0
10667 0
10668 0
10669 0
10670 0
10671 0
10672 0
10673 0
10674 0
10675 0
10676 0
10677 0
10678 0
10679 0
10680 0
10681 0
10682 0
10683 0
10684 0
10685 0
10686 0
10687 0
10688 0
10689 0
10690 0
10691 0
10692 0
10693 0
10694 0
10695 0
10696 0
10697 0
10698 0
10699 0
10700 0
10701 0
10702 0
10703 0
10704 0
10705 0
10706 0
10707 0
10708 0
10709 0
10710 0
10711 0
10712 0
10713 0
10714 0
10715 0
10716 0
10717 0
10718 0
10719 0
10720 0
10721 0
10722 0
10723 0
10724 0
10725 0
10726 0
10727 0
10728 0
10729 0
10730 0
10731 0
10732 0
10733 0
10734 0
10735 0
10736 0
10737 0
10738 0
10739 0
10740 0
10741 0
10742 0
10743 0
10744 0
10745 0
10746 0
10747 0
10748 0
10749 0
10750 0
10751 0
10752 0
10753 0
10754 0
10755 0
10756 0
10757 0
10758 0
10759 0
10760 0
10761 0
10762 0
10763 0
10764 0
10765 0
10766 0
10767 0
10768 0
10769 0
10770 0
10771 0
10772 0
10773 0
10774 0
10775 0
10776 0
10777 0
10778 0
10779 0
10780 0
10781 0
10782 0
10783 0
10784 0
10785 0
10786 0
10787 0
10788 0
10789 0
10790 0
10791 0
10792 0
10793 0
10794 0
10795 0
10796 0
10797 0
10798 0
10799 0
10800 0
10801 0
10802 0
10803 0
10804 0
10805 0
10806 0
10807 0
10808 0
10809 0
10810 0
10811 0
10812 0
10813 0
10814 0
10815 0
10816 0
10817 0
10818 0
10819 0
10820 0
10821 0
10822 0
10823 0
10824 0
10825 0
10826 0
10827 0
10828 0
10829 0
10830 0
10831 0
10832 0
10833 0
10834 0
10835 0
10836 0
10837 0
10838 0
10839 0
10840 0
10841 0
10842 0
10843 0
10844 0
10845 0
10846 0
10847 0
10848 0
10849 0
10850 0
10851 0
10852 0
10853 0
10854 0
10855 0
10856 0
10857 0
10858 0
10859 0
10860 0
10861 0
10862 0
10863 0
10864 0
10865 0
10866 0
10867 0
10868 0
10869 0
10870 0
10871 0
10872 0
10873 0
10874 0
10875 0
10876 0
10877 0
10878 0
10879 0
10880 0
10881 0
10882 0
10883 0
10884 0
10885 0
10886 0
10887 0
10888 0
10889 0
10890 0
10891 0
10892 0
10893 0
10894 0
10895 0
10896 0
10897 0
10898 0
10899 0
10900 0
10901 0
10902 0
10903 0
10904 0
10905 0
10906 0
10907 0
10908 0
10909 0
10910 0
10911 0
10912 0
10913 0
10914 0
10915 0
10916 0
10917 0
10918 0
10919 0
10920 0
10921 0
10922 0
10923 0
10924 0
10925 0
10926 0
10927 0
10928 0
10929 0
10930 0
10931 0
10932 0
10933 0
10934 0
10935 0
10936 0
10937 0
10938 0
10939 0
10940 0
10941 0
10942 0
10943 0
10944 0
10945 0
10946 0
10947 0
10948 0
10949 0
10950 0
10951 0
10952 0
10953 0
10954 0
10955 0
10956 0
10957 0
10958 0
10959 0
10960 0
10961 0
10962 0
10963 0
10964 0
10965 0
10966 0
10967 0
10968 0
10969 0
10970 0
10971 0
10972 0
10973 0
10974 0
10975 0
10976 0
10977 0
10978 0
10979 0
10980 0
10981 0
10982 0
10983 0
10984 0
10985 0
10986 0
10987 0
10988 0
10989 0
10990 0
10991 0
10992 0
10993 0
10994 0
10995 0
10996 0
10997 0
10998 0
10999 0
11000 0
11001 0
11002 0
11003 0
11004 0
11005 0
11006 0
11007 0
11008 0
11009 0
11010 0
11011 0
11012 0
11013 0
11014 0
11015 0
11016 0
11017 0
11018 0
11019 0
11020 0
11021 0
11022 0
11023 0
11024 0
11025 0
11026 0
11027 0
11028 0
11029 0
11030 0
11031 0
11032 0
11033 0
11034 0
11035 0
11036 0
11037 0
11038 0
11039 0
11040 0
11041 0
11042 0
11043 0
11044 0
11045 0
11046 0
11047 0
11048 0
11049 0
11050 0
11051 0
11052 0
11053 0
11054 0
11055 0
11056 0
11057 0
11058 0
11059 0
11060 0
11061 0
11062 0
11063 0
11064 0
11065 0
11066 0
11067 0
11068 0
11069 0
11070 0
11071 0
11072 0
11073 0
11074 0
11075 0
11076 0
11077 0
11078 0
11079 0
11080 0
11081 0
11082 0
11083 0
11084 0
11085 0
11086 0
11087 0
11088 0
11089 0
11090 0
11091 0
11092 0
11093 0
11094 0
11095 0
11096 0
11097 0
11098 0
11099 0
11100 0
11101 0
11102 0
11103 0
11104 0
11105 0
11106 0
11107 0
11108 0
11109 0
11110 0
11111 0
11112 0
11113 0
11114 0
11115 0
11116 0
11117 0
11118 0
11119 0
11120 0
11121 0
11122 0
11123 0
11124 0
11125 0
11126 0
11127 0
11128 0
11129 0
11130 0
11131 0
11132 0
11133 0
11134 0
11135 0
11136 0
11137 0
11138 0
11139 0
11140 0
11141 0
11142 0
11143 0
11144 0
11145 0
11146 0
11147 0
11148 0
11149 0
11150 0
11151 0
11152 0
11153 0
11154 0
11155 0
11156 0
11157 0
11158 0
11159 0
11160 0
11161 0
11162 0
11163 0
11164 0
11165 0
11166 0
11167 0
11168 0
11169 0
11170 0
11171 0
11172 0
11173 0
11174 0
11175 0
11176 0
11177 0
11178 0
11179 0
11180 0
11181 0
11182 0
11183 0
11184 0
11185 0
11186 0
11187 0
11188 0
11189 0
11190 0
11191 0
11192 0
11193 0
11194 0
11195 0
11196 0
11197 0
11198 0
11199 0
11200 0
11201 0
11202 0
11203 0
11204 0
11205 0
11206 0
11207 0
11208 0
11209 0
11210 0
11211 0
11212 0
11213 0
11214 0
11215 0
11216 0
11217 0
11218 0
11219 0
11220 0
11221 0
11222 0
11223 0
11224 0
11225 0
11226 0
11227 0
11228 0
11229 0
11230 0
11231 0
11232 0
11233 0
11234 0
11235 0
11236 0
11237 0
11238 0
11239 0
11240 0
11241 0
11242 0
11243 0
11244 0
11245 0
11246 0
11247 0
11248 0
11249 0
11250 0
11251 0
11252 0
11253 0
11254 0
11255 0
11256 0
11257 0
11258 0
11259 0
11260 0
11261 0
11262 0
11263 0
