0 0 0 0 0 0 
1 0 0 0 0 0 
2 0 0 0 0 0 
3 0 0 0 0 0 
4 0 0 0 0 0 
5 0 0 0 0 0 
6 0 0 0 0 0 
7 0 0 0 0 0 
8 0 0 0 0 0 
9 0 0 0 0 0 
10 0 0 0 0 0 
11 0 0 0 0 0 
12 0 0 0 0 0 
13 0 0 0 0 0 
14 0 0 0 0 0 
15 0 0 0 0 0 
0 1 1 0 0 0 
1 1 1 0 0 0 
2 1 1 0 0 0 
3 1 1 0 0 0 
4 1 1 0 0 0 
5 1 1 0 0 0 
6 1 1 0 0 0 
7 1 1 0 0 0 
8 1 1 0 0 0 
9 1 1 0 0 0 
10 1 1 0 0 0 
11 1 1 0 0 0 
12 1 1 0 0 0 
13 1 1 0 0 0 
14 1 1 0 0 0 
15 1 1 0 0 0 
0 2 2 0 0 0 
1 2 2 0 0 0 
2 2 2 0 0 0 
3 2 2 0 0 0 
4 2 2 0 0 0 
5 2 2 0 0 0 
6 2 2 0 0 0 
7 2 2 0 0 0 
8 2 2 0 0 0 
9 2 2 0 0 0 
10 2 2 0 0 0 
11 2 2 0 0 0 
12 2 2 0 0 0 
13 2 2 0 0 0 
14 2 2 0 0 0 
15 2 2 0 0 0 
0 3 3 0 0 0 
1 3 3 0 0 0 
2 3 3 0 0 0 
3 3 3 0 0 0 
4 3 3 0 0 0 
5 3 3 0 0 0 
6 3 3 0 0 0 
7 3 3 0 0 0 
8 3 3 0 0 0 
9 3 3 0 0 0 
10 3 3 0 0 0 
11 3 3 0 0 0 
12 3 3 0 0 0 
13 3 3 0 0 0 
14 3 3 0 0 0 
15 3 3 0 0 0 
0 4 4 0 0 0 
1 4 4 0 0 0 
2 4 4 0 0 0 
3 4 4 0 0 0 
4 4 4 0 0 0 
5 4 4 0 0 0 
6 4 4 0 0 0 
7 4 4 0 0 0 
8 4 4 0 0 0 
9 4 4 0 0 0 
10 4 4 0 0 0 
11 4 4 0 0 0 
12 4 4 0 0 0 
13 4 4 0 0 0 
14 4 4 0 0 0 
15 4 4 0 0 0 
0 5 5 0 0 0 
1 5 5 0 0 0 
2 5 5 0 0 0 
3 5 5 0 0 0 
4 5 5 0 0 0 
5 5 5 0 0 0 
6 5 5 0 0 0 
7 5 5 0 0 0 
8 5 5 0 0 0 
9 5 5 0 0 0 
10 5 5 0 0 0 
11 5 5 0 0 0 
12 5 5 0 0 0 
13 5 5 0 0 0 
14 5 5 0 0 0 
15 5 5 0 0 0 
0 6 6 0 0 0 
1 6 6 0 0 0 
2 6 6 0 0 0 
3 6 6 0 0 0 
4 6 6 0 0 0 
5 6 6 0 0 0 
6 6 6 0 0 0 
7 6 6 0 0 0 
8 6 6 0 0 0 
9 6 6 0 0 0 
10 6 6 0 0 0 
11 6 6 0 0 0 
12 6 6 0 0 0 
13 6 6 0 0 0 
14 6 6 0 0 0 
15 6 6 0 0 0 
0 7 7 0 0 0 
1 7 7 0 0 0 
2 7 7 0 0 0 
3 7 7 0 0 0 
4 7 7 0 0 0 
5 7 7 0 0 0 
6 7 7 0 0 0 
7 7 7 0 0 0 
8 7 7 0 0 0 
9 7 7 0 0 0 
10 7 7 0 0 0 
11 7 7 0 0 0 
12 7 7 0 0 0 
13 7 7 0 0 0 
14 7 7 0 0 0 
15 7 7 0 0 0 
0 8 8 0 0 0 
1 8 8 0 0 0 
2 8 8 0 0 0 
3 8 8 0 0 0 
4 8 8 0 0 0 
5 8 8 0 0 0 
6 8 8 0 0 0 
7 8 8 0 0 0 
8 8 8 0 0 0 
9 8 8 0 0 0 
10 8 8 0 0 0 
11 8 8 0 0 0 
12 8 8 0 0 0 
13 8 8 0 0 0 
14 8 8 0 0 0 
15 8 8 0 0 0 
0 9 9 0 0 0 
1 9 9 0 0 0 
2 9 9 0 0 0 
3 9 9 0 0 0 
4 9 9 0 0 0 
5 9 9 0 0 0 
6 9 9 0 0 0 
7 9 9 0 0 0 
8 9 9 0 0 0 
9 9 9 0 0 0 
10 9 9 0 0 0 
11 9 9 0 0 0 
12 9 9 0 0 0 
13 9 9 0 0 0 
14 9 9 0 0 0 
15 9 9 0 0 0 
0 10 10 0 0 0 
1 10 10 0 0 0 
2 10 10 0 0 0 
3 10 10 0 0 0 
4 10 10 0 0 0 
5 10 10 0 0 0 
6 10 10 0 0 0 
7 10 10 0 0 0 
8 10 10 0 0 0 
9 10 10 0 0 0 
10 10 10 0 0 0 
11 10 10 0 0 0 
12 10 10 0 0 0 
13 10 10 0 0 0 
14 10 10 0 0 0 
15 10 10 0 0 0 
0 11 11 0 0 0 
1 11 11 0 0 0 
2 11 11 0 0 0 
3 11 11 0 0 0 
4 11 11 0 0 0 
5 11 11 0 0 0 
6 11 11 0 0 0 
7 11 11 0 0 0 
8 11 11 0 0 0 
9 11 11 0 0 0 
10 11 11 0 0 0 
11 11 11 0 0 0 
12 11 11 0 0 0 
13 11 11 0 0 0 
14 11 11 0 0 0 
15 11 11 0 0 0 
0 12 12 0 0 0 
1 12 12 0 0 0 
2 12 12 0 0 0 
3 12 12 0 0 0 
4 12 12 0 0 0 
5 12 12 0 0 0 
6 12 12 0 0 0 
7 12 12 0 0 0 
8 12 12 0 0 0 
9 12 12 0 0 0 
10 12 12 0 0 0 
11 12 12 0 0 0 
12 12 12 0 0 0 
13 12 12 0 0 0 
14 12 12 0 0 0 
15 12 12 0 0 0 
0 13 13 0 0 0 
1 13 13 0 0 0 
2 13 13 0 0 0 
3 13 13 0 0 0 
4 13 13 0 0 0 
5 13 13 0 0 0 
6 13 13 0 0 0 
7 13 13 0 0 0 
8 13 13 0 0 0 
9 13 13 0 0 0 
10 13 13 0 0 0 
11 13 13 0 0 0 
12 13 13 0 0 0 
13 13 13 0 0 0 
14 13 13 0 0 0 
15 13 13 0 0 0 
0 14 14 0 0 0 
1 14 14 0 0 0 
2 14 14 0 0 0 
3 14 14 0 0 0 
4 14 14 0 0 0 
5 14 14 0 0 0 
6 14 14 0 0 0 
7 14 14 0 0 0 
8 14 14 0 0 0 
9 14 14 0 0 0 
10 14 14 0 0 0 
11 14 14 0 0 0 
12 14 14 0 0 0 
13 14 14 0 0 0 
14 14 14 0 0 0 
15 14 14 0 0 0 
0 15 15 0 0 0 
1 15 15 0 0 0 
2 15 15 0 0 0 
3 15 15 0 0 0 
4 15 15 0 0 0 
5 15 15 0 0 0 
6 15 15 0 0 0 
7 15 15 0 0 0 
8 15 15 0 0 0 
9 15 15 0 0 0 
10 15 15 0 0 0 
11 15 15 0 0 0 
12 15 15 0 0 0 
13 15 15 0 0 0 
14 15 15 0 0 0 
15 15 15 0 0 0 
0 0 0 0 0 0 
1 0 0 0 0 0 
2 0 0 0 0 0 
3 0 0 0 0 0 
4 0 0 0 0 0 
5 0 0 0 0 0 
6 0 0 0 0 0 
7 0 0 0 0 0 
8 0 0 0 0 0 
9 0 0 0 0 0 
10 0 0 0 0 0 
11 0 0 0 0 0 
12 0 0 0 0 0 
13 0 0 0 0 0 
14 0 0 0 0 0 
15 0 0 0 0 0 
0 1 1 0 0 0 
1 1 1 0 0 0 
2 1 1 0 0 0 
3 1 1 0 0 0 
4 1 1 0 0 0 
5 1 1 0 0 0 
6 1 1 0 0 0 
7 1 1 0 0 0 
8 1 1 0 0 0 
9 1 1 0 0 0 
10 1 1 0 0 0 
11 1 1 0 0 0 
12 1 1 0 0 0 
13 1 1 0 0 0 
14 1 1 0 0 0 
15 1 1 0 0 0 
0 2 2 0 0 0 
1 2 2 0 0 0 
2 2 2 0 0 0 
3 2 2 0 0 0 
4 2 2 0 0 0 
5 2 2 0 0 0 
6 2 2 0 0 0 
7 2 2 0 0 0 
8 2 2 0 0 0 
9 2 2 0 0 0 
10 2 2 0 0 0 
11 2 2 0 0 0 
12 2 2 0 0 0 
13 2 2 0 0 0 
14 2 2 0 0 0 
15 2 2 0 0 0 
0 3 3 0 0 0 
1 3 3 0 0 0 
2 3 3 0 0 0 
3 3 3 0 0 0 
4 3 3 0 0 0 
5 3 3 0 0 0 
6 3 3 0 0 0 
7 3 3 0 0 0 
8 3 3 0 0 0 
9 3 3 0 0 0 
10 3 3 0 0 0 
11 3 3 0 0 0 
12 3 3 0 0 0 
13 3 3 0 0 0 
14 3 3 0 0 0 
15 3 3 0 0 0 
0 4 4 0 0 0 
1 4 4 0 0 0 
2 4 4 0 0 0 
3 4 4 0 0 0 
4 4 4 0 0 0 
5 4 4 0 0 0 
6 4 4 0 0 0 
7 4 4 0 0 0 
8 4 4 0 0 0 
9 4 4 0 0 0 
10 4 4 0 0 0 
11 4 4 0 0 0 
12 4 4 0 0 0 
13 4 4 0 0 0 
14 4 4 0 0 0 
15 4 4 0 0 0 
0 5 5 0 0 0 
1 5 5 0 0 0 
2 5 5 0 0 0 
3 5 5 0 0 0 
4 5 5 0 0 0 
5 5 5 0 0 0 
6 5 5 0 0 0 
7 5 5 0 0 0 
8 5 5 0 0 0 
9 5 5 0 0 0 
10 5 5 0 0 0 
11 5 5 0 0 0 
12 5 5 0 0 0 
13 5 5 0 0 0 
14 5 5 0 0 0 
15 5 5 0 0 0 
0 6 6 0 0 0 
1 6 6 0 0 0 
2 6 6 0 0 0 
3 6 6 0 0 0 
4 6 6 0 0 0 
5 6 6 0 0 0 
6 6 6 0 0 0 
7 6 6 0 0 0 
8 6 6 0 0 0 
9 6 6 0 0 0 
10 6 6 0 0 0 
11 6 6 0 0 0 
12 6 6 0 0 0 
13 6 6 0 0 0 
14 6 6 0 0 0 
15 6 6 0 0 0 
0 7 7 0 0 0 
1 7 7 0 0 0 
2 7 7 0 0 0 
3 7 7 0 0 0 
4 7 7 0 0 0 
5 7 7 0 0 0 
6 7 7 0 0 0 
7 7 7 0 0 0 
8 7 7 0 0 0 
9 7 7 0 0 0 
10 7 7 0 0 0 
11 7 7 0 0 0 
12 7 7 0 0 0 
13 7 7 0 0 0 
14 7 7 0 0 0 
15 7 7 0 0 0 
0 8 8 0 0 0 
1 8 8 0 0 0 
2 8 8 0 0 0 
3 8 8 0 0 0 
4 8 8 0 0 0 
5 8 8 0 0 0 
6 8 8 0 0 0 
7 8 8 0 0 0 
8 8 8 0 0 0 
9 8 8 0 0 0 
10 8 8 0 0 0 
11 8 8 0 0 0 
12 8 8 0 0 0 
13 8 8 0 0 0 
14 8 8 0 0 0 
15 8 8 0 0 0 
0 9 9 0 0 0 
1 9 9 0 0 0 
2 9 9 0 0 0 
3 9 9 0 0 0 
4 9 9 0 0 0 
5 9 9 0 0 0 
6 9 9 0 0 0 
7 9 9 0 0 0 
8 9 9 0 0 0 
9 9 9 0 0 0 
10 9 9 0 0 0 
11 9 9 0 0 0 
12 9 9 0 0 0 
13 9 9 0 0 0 
14 9 9 0 0 0 
15 9 9 0 0 0 
0 10 10 0 0 0 
1 10 10 0 0 0 
2 10 10 0 0 0 
3 10 10 0 0 0 
4 10 10 0 0 0 
5 10 10 0 0 0 
6 10 10 0 0 0 
7 10 10 0 0 0 
8 10 10 0 0 0 
9 10 10 0 0 0 
10 10 10 0 0 0 
11 10 10 0 0 0 
12 10 10 0 0 0 
13 10 10 0 0 0 
14 10 10 0 0 0 
15 10 10 0 0 0 
0 11 11 0 0 0 
1 11 11 0 0 0 
2 11 11 0 0 0 
3 11 11 0 0 0 
4 11 11 0 0 0 
5 11 11 0 0 0 
6 11 11 0 0 0 
7 11 11 0 0 0 
8 11 11 0 0 0 
9 11 11 0 0 0 
10 11 11 0 0 0 
11 11 11 0 0 0 
12 11 11 0 0 0 
13 11 11 0 0 0 
14 11 11 0 0 0 
15 11 11 0 0 0 
0 12 12 0 0 0 
1 12 12 0 0 0 
2 12 12 0 0 0 
3 12 12 0 0 0 
4 12 12 0 0 0 
5 12 12 0 0 0 
6 12 12 0 0 0 
7 12 12 0 0 0 
8 12 12 0 0 0 
9 12 12 0 0 0 
10 12 12 0 0 0 
11 12 12 0 0 0 
12 12 12 0 0 0 
13 12 12 0 0 0 
14 12 12 0 0 0 
15 12 12 0 0 0 
0 13 13 0 0 0 
1 13 13 0 0 0 
2 13 13 0 0 0 
3 13 13 0 0 0 
4 13 13 0 0 0 
5 13 13 0 0 0 
6 13 13 0 0 0 
7 13 13 0 0 0 
8 13 13 0 0 0 
9 13 13 0 0 0 
10 13 13 0 0 0 
11 13 13 0 0 0 
12 13 13 0 0 0 
13 13 13 0 0 0 
14 13 13 0 0 0 
15 13 13 0 0 0 
0 14 14 0 0 0 
1 14 14 0 0 0 
2 14 14 0 0 0 
3 14 14 0 0 0 
4 14 14 0 0 0 
5 14 14 0 0 0 
6 14 14 0 0 0 
7 14 14 0 0 0 
8 14 14 0 0 0 
9 14 14 0 0 0 
10 14 14 0 0 0 
11 14 14 0 0 0 
12 14 14 0 0 0 
13 14 14 0 0 0 
14 14 14 0 0 0 
15 14 14 0 0 0 
0 15 15 0 0 0 
1 15 15 0 0 0 
2 15 15 0 0 0 
3 15 15 0 0 0 
4 15 15 0 0 0 
5 15 15 0 0 0 
6 15 15 0 0 0 
7 15 15 0 0 0 
8 15 15 0 0 0 
9 15 15 0 0 0 
10 15 15 0 0 0 
11 15 15 0 0 0 
12 15 15 0 0 0 
13 15 15 0 0 0 
14 15 15 0 0 0 
15 15 15 0 0 0 
0 0 0 0 0 0 
1 0 0 0 0 0 
2 0 0 0 0 0 
3 0 0 0 0 0 
4 0 0 0 0 0 
5 0 0 0 0 0 
6 0 0 0 0 0 
7 0 0 0 0 0 
8 0 0 0 0 0 
9 0 0 0 0 0 
10 0 0 0 0 0 
11 0 0 0 0 0 
12 0 0 0 0 0 
13 0 0 0 0 0 
14 0 0 0 0 0 
15 0 0 0 0 0 
0 1 1 0 0 0 
1 1 1 0 0 0 
2 1 1 0 0 0 
3 1 1 0 0 0 
4 1 1 0 0 0 
5 1 1 0 0 0 
6 1 1 0 0 0 
7 1 1 0 0 0 
8 1 1 0 0 0 
9 1 1 0 0 0 
10 1 1 0 0 0 
11 1 1 0 0 0 
12 1 1 0 0 0 
13 1 1 0 0 0 
14 1 1 0 0 0 
15 1 1 0 0 0 
0 2 2 0 0 0 
1 2 2 0 0 0 
2 2 2 0 0 0 
3 2 2 0 0 0 
4 2 2 0 0 0 
5 2 2 0 0 0 
6 2 2 0 0 0 
7 2 2 0 0 0 
8 2 2 0 0 0 
9 2 2 0 0 0 
10 2 2 0 0 0 
11 2 2 0 0 0 
12 2 2 0 0 0 
13 2 2 0 0 0 
14 2 2 0 0 0 
15 2 2 0 0 0 
0 3 3 0 0 0 
1 3 3 0 0 0 
2 3 3 0 0 0 
3 3 3 0 0 0 
4 3 3 0 0 0 
5 3 3 0 0 0 
6 3 3 0 0 0 
7 3 3 0 0 0 
8 3 3 0 0 0 
9 3 3 0 0 0 
10 3 3 0 0 0 
11 3 3 0 0 0 
12 3 3 0 0 0 
13 3 3 0 0 0 
14 3 3 0 0 0 
15 3 3 0 0 0 
0 4 4 0 0 0 
1 4 4 0 0 0 
2 4 4 0 0 0 
3 4 4 0 0 0 
4 4 4 0 0 0 
5 4 4 0 0 0 
6 4 4 0 0 0 
7 4 4 0 0 0 
8 4 4 0 0 0 
9 4 4 0 0 0 
10 4 4 0 0 0 
11 4 4 0 0 0 
12 4 4 0 0 0 
13 4 4 0 0 0 
14 4 4 0 0 0 
15 4 4 0 0 0 
0 5 5 0 0 0 
1 5 5 0 0 0 
2 5 5 0 0 0 
3 5 5 0 0 0 
4 5 5 0 0 0 
5 5 5 0 0 0 
6 5 5 0 0 0 
7 5 5 0 0 0 
8 5 5 0 0 0 
9 5 5 0 0 0 
10 5 5 0 0 0 
11 5 5 0 0 0 
12 5 5 0 0 0 
13 5 5 0 0 0 
14 5 5 0 0 0 
15 5 5 0 0 0 
0 6 6 0 0 0 
1 6 6 0 0 0 
2 6 6 0 0 0 
3 6 6 0 0 0 
4 6 6 0 0 0 
5 6 6 0 0 0 
6 6 6 0 0 0 
7 6 6 0 0 0 
8 6 6 0 0 0 
9 6 6 0 0 0 
10 6 6 0 0 0 
11 6 6 0 0 0 
12 6 6 0 0 0 
13 6 6 0 0 0 
14 6 6 0 0 0 
15 6 6 0 0 0 
0 7 7 0 0 0 
1 7 7 0 0 0 
2 7 7 0 0 0 
3 7 7 0 0 0 
4 7 7 0 0 0 
5 7 7 0 0 0 
6 7 7 0 0 0 
7 7 7 0 0 0 
8 7 7 0 0 0 
9 7 7 0 0 0 
10 7 7 0 0 0 
11 7 7 0 0 0 
12 7 7 0 0 0 
13 7 7 0 0 0 
14 7 7 0 0 0 
15 7 7 0 0 0 
0 8 8 0 0 0 
1 8 8 0 0 0 
2 8 8 0 0 0 
3 8 8 0 0 0 
4 8 8 0 0 0 
5 8 8 0 0 0 
6 8 8 0 0 0 
7 8 8 0 0 0 
8 8 8 0 0 0 
9 8 8 0 0 0 
10 8 8 0 0 0 
11 8 8 0 0 0 
12 8 8 0 0 0 
13 8 8 0 0 0 
14 8 8 0 0 0 
15 8 8 0 0 0 
0 9 9 0 0 0 
1 9 9 0 0 0 
2 9 9 0 0 0 
3 9 9 0 0 0 
4 9 9 0 0 0 
5 9 9 0 0 0 
6 9 9 0 0 0 
7 9 9 0 0 0 
8 9 9 0 0 0 
9 9 9 0 0 0 
10 9 9 0 0 0 
11 9 9 0 0 0 
12 9 9 0 0 0 
13 9 9 0 0 0 
14 9 9 0 0 0 
15 9 9 0 0 0 
0 10 10 0 0 0 
1 10 10 0 0 0 
2 10 10 0 0 0 
3 10 10 0 0 0 
4 10 10 0 0 0 
5 10 10 0 0 0 
6 10 10 0 0 0 
7 10 10 0 0 0 
8 10 10 0 0 0 
9 10 10 0 0 0 
10 10 10 0 0 0 
11 10 10 0 0 0 
12 10 10 0 0 0 
13 10 10 0 0 0 
14 10 10 0 0 0 
15 10 10 0 0 0 
0 11 11 0 0 0 
1 11 11 0 0 0 
2 11 11 0 0 0 
3 11 11 0 0 0 
4 11 11 0 0 0 
5 11 11 0 0 0 
6 11 11 0 0 0 
7 11 11 0 0 0 
8 11 11 0 0 0 
9 11 11 0 0 0 
10 11 11 0 0 0 
11 11 11 0 0 0 
12 11 11 0 0 0 
13 11 11 0 0 0 
14 11 11 0 0 0 
15 11 11 0 0 0 
0 12 12 0 0 0 
1 12 12 0 0 0 
2 12 12 0 0 0 
3 12 12 0 0 0 
4 12 12 0 0 0 
5 12 12 0 0 0 
6 12 12 0 0 0 
7 12 12 0 0 0 
8 12 12 0 0 0 
9 12 12 0 0 0 
10 12 12 0 0 0 
11 12 12 0 0 0 
12 12 12 0 0 0 
13 12 12 0 0 0 
14 12 12 0 0 0 
15 12 12 0 0 0 
0 13 13 0 0 0 
1 13 13 0 0 0 
2 13 13 0 0 0 
3 13 13 0 0 0 
4 13 13 0 0 0 
5 13 13 0 0 0 
6 13 13 0 0 0 
7 13 13 0 0 0 
8 13 13 0 0 0 
9 13 13 0 0 0 
10 13 13 0 0 0 
11 13 13 0 0 0 
12 13 13 0 0 0 
13 13 13 0 0 0 
14 13 13 0 0 0 
15 13 13 0 0 0 
0 14 14 0 0 0 
1 14 14 0 0 0 
2 14 14 0 0 0 
3 14 14 0 0 0 
4 14 14 0 0 0 
5 14 14 0 0 0 
6 14 14 0 0 0 
7 14 14 0 0 0 
8 14 14 0 0 0 
9 14 14 0 0 0 
10 14 14 0 0 0 
11 14 14 0 0 0 
12 14 14 0 0 0 
13 14 14 0 0 0 
14 14 14 0 0 0 
15 14 14 0 0 0 
0 15 15 0 0 0 
1 15 15 0 0 0 
2 15 15 0 0 0 
3 15 15 0 0 0 
4 15 15 0 0 0 
5 15 15 0 0 0 
6 15 15 0 0 0 
7 15 15 0 0 0 
8 15 15 0 0 0 
9 15 15 0 0 0 
10 15 15 0 0 0 
11 15 15 0 0 0 
12 15 15 0 0 0 
13 15 15 0 0 0 
14 15 15 0 0 0 
15 15 15 0 0 0 
0 0 0 0 0 0 
1 0 0 0 0 0 
2 0 0 0 0 0 
3 0 0 0 0 0 
4 0 0 0 0 0 
5 0 0 0 0 0 
6 0 0 0 0 0 
7 0 0 0 0 0 
8 0 0 0 0 0 
9 0 0 0 0 0 
10 0 0 0 0 0 
11 0 0 0 0 0 
12 0 0 0 0 0 
13 0 0 0 0 0 
14 0 0 0 0 0 
15 0 0 0 0 0 
0 1 1 0 0 0 
1 1 1 0 0 0 
2 1 1 0 0 0 
3 1 1 0 0 0 
4 1 1 0 0 0 
5 1 1 0 0 0 
6 1 1 0 0 0 
7 1 1 0 0 0 
8 1 1 0 0 0 
9 1 1 0 0 0 
10 1 1 0 0 0 
11 1 1 0 0 0 
12 1 1 0 0 0 
13 1 1 0 0 0 
14 1 1 0 0 0 
15 1 1 0 0 0 
0 2 2 0 0 0 
1 2 2 0 0 0 
2 2 2 0 0 0 
3 2 2 0 0 0 
4 2 2 0 0 0 
5 2 2 0 0 0 
6 2 2 0 0 0 
7 2 2 0 0 0 
8 2 2 0 0 0 
9 2 2 0 0 0 
10 2 2 0 0 0 
11 2 2 0 0 0 
12 2 2 0 0 0 
13 2 2 0 0 0 
14 2 2 0 0 0 
15 2 2 0 0 0 
0 3 3 0 0 0 
1 3 3 0 0 0 
2 3 3 0 0 0 
3 3 3 0 0 0 
4 3 3 0 0 0 
5 3 3 0 0 0 
6 3 3 0 0 0 
7 3 3 0 0 0 
8 3 3 0 0 0 
9 3 3 0 0 0 
10 3 3 0 0 0 
11 3 3 0 0 0 
12 3 3 0 0 0 
13 3 3 0 0 0 
14 3 3 0 0 0 
15 3 3 0 0 0 
0 4 4 0 0 0 
1 4 4 0 0 0 
2 4 4 0 0 0 
3 4 4 0 0 0 
4 4 4 0 0 0 
5 4 4 0 0 0 
6 4 4 0 0 0 
7 4 4 0 0 0 
8 4 4 0 0 0 
9 4 4 0 0 0 
10 4 4 0 0 0 
11 4 4 0 0 0 
12 4 4 0 0 0 
13 4 4 0 0 0 
14 4 4 0 0 0 
15 4 4 0 0 0 
0 5 5 0 0 0 
1 5 5 0 0 0 
2 5 5 0 0 0 
3 5 5 0 0 0 
4 5 5 0 0 0 
5 5 5 0 0 0 
6 5 5 0 0 0 
7 5 5 0 0 0 
8 5 5 0 0 0 
9 5 5 0 0 0 
10 5 5 0 0 0 
11 5 5 0 0 0 
12 5 5 0 0 0 
13 5 5 0 0 0 
14 5 5 0 0 0 
15 5 5 0 0 0 
0 6 6 0.0697625 -6.87234e-05 -0.000114246 
1 6 6 0.0698448 -3.6646e-05 4.52173e-05 
2 6 6 0.0692191 -6.77473e-05 0.000166019 
3 6 6 0.0682159 -0.000132881 0.000241459 
4 6 6 0.067108 -0.000202725 0.000273797 
5 6 6 0.0660997 -0.000255817 0.000268365 
6 6 6 0.0653127 -0.000277301 0.000232093 
7 6 6 0.0647868 -0.000254946 0.000178385 
8 6 6 0.0642482 -2.63468e-05 0.000266033 
9 6 6 0.0649009 0.000446269 0.000705712 
10 6 6 0.0648396 -0.000849674 -0.000775477 
11 6 6 0.0655735 -0.000208607 -0.000193033 
12 6 6 0.0667457 -9.47706e-05 -0.000141813 
13 6 6 0.0676514 -5.30225e-05 -0.000114138 
14 6 6 0.0677708 0.000113475 0.000243467 
15 6 6 0.066495 -0.000856736 -0.00198388 
0 7 7 0.123318 -7.69354e-05 -0.000175457 
1 7 7 0.123137 -6.19279e-05 0.000151188 
2 7 7 0.121952 -0.000148302 0.000365388 
3 7 7 0.120274 -0.000286254 0.000470636 
4 7 7 0.118519 -0.000424512 0.000485866 
5 7 7 0.116992 -0.000521179 0.000431612 
6 7 7 0.115885 -0.00054407 0.000325782 
7 7 7 0.115298 -0.000461944 0.000183506 
8 7 7 0.115284 -0.000198787 3.09778e-05 
9 7 7 0.116044 -9.0037e-06 -6.5609e-05 
10 7 7 0.116837 -0.000526772 -0.000242754 
11 7 7 0.117878 -0.000363883 -0.000270784 
12 7 7 0.119287 -0.0002153 -0.000292553 
13 7 7 0.120546 -0.000109327 -0.000224588 
14 7 7 0.120539 5.6174e-06 0.000620427 
15 7 7 0.124473 -0.00042098 -0.00287965 
0 8 8 0.126226 -5.57982e-05 -0.000203378 
1 8 8 0.12599 -7.57372e-05 0.00013557 
2 8 8 0.124765 -0.000175784 0.000328416 
3 8 8 0.123064 -0.000315765 0.000394364 
4 8 8 0.121299 -0.000450834 0.000368127 
5 8 8 0.119774 -0.000541735 0.000283125 
6 8 8 0.118686 -0.000558439 0.000165872 
7 8 8 0.118155 -0.000482263 3.57105e-05 
8 8 8 0.118262 -0.000322369 -9.58045e-05 
9 8 8 0.118993 -0.00021152 -0.000216293 
10 8 8 0.120048 -0.000248657 -0.000307054 
11 8 8 0.121251 -0.000253803 -0.000357884 
12 8 8 0.122554 -0.000185513 -0.000353655 
13 8 8 0.123709 -9.25069e-05 -0.000250303 
14 8 8 0.123544 -7.56064e-05 0.000679954 
15 8 8 0.128207 0.000194461 -0.00289701 
0 9 9 0.0835402 -8.47562e-06 -0.000141978 
1 9 9 0.0834978 -6.47488e-05 3.48899e-05 
2 9 9 0.0827346 -0.000150573 0.00012492 
3 9 9 0.0816118 -0.000244742 0.000143413 
4 9 9 0.0804181 -0.000324949 0.00011463 
5 9 9 0.0793653 -0.000372377 6.17876e-05 
6 9 9 0.0785937 -0.00037286 1.87581e-06 
7 9 9 0.0781899 -0.000322918 -5.42323e-05 
8 9 9 0.0781996 -0.000236453 -0.000102854 
9 9 9 0.0786108 -0.000155989 -0.00014785 
10 9 9 0.0793138 -0.000114192 -0.000189151 
11 9 9 0.0801718 -9.14966e-05 -0.000212778 
12 9 9 0.081076 -6.16981e-05 -0.000204872 
13 9 9 0.0818816 -2.75604e-05 -0.000147501 
14 9 9 0.081933 -0.00011169 0.000289305 
15 9 9 0.0816368 0.000749629 -0.00229726 
0 10 10 0.0257285 5.18514e-06 -4.14936e-05 
1 10 10 0.0258025 -2.0103e-05 -8.13008e-06 
2 10 10 0.0255972 -4.83611e-05 6.96612e-06 
3 10 10 0.025239 -7.4354e-05 7.71035e-06 
4 10 10 0.0248364 -9.34379e-05 -2.10378e-07 
5 10 10 0.0244631 -0.000102945 -1.08819e-05 
6 10 10 0.0241727 -0.000100408 -2.09222e-05 
7 10 10 0.0239973 -8.64931e-05 -2.832e-05 
8 10 10 0.0239533 -6.49258e-05 -3.31789e-05 
9 10 10 0.0240405 -4.25095e-05 -3.69424e-05 
10 10 10 0.0242389 -2.46266e-05 -4.06842e-05 
11 10 10 0.0245133 -1.21813e-05 -4.31088e-05 
12 10 10 0.0248214 -4.10257e-06 -4.15369e-05 
13 10 10 0.0251077 -2.69371e-06 -3.32716e-05 
14 10 10 0.0251532 -5.00026e-05 4.22401e-05 
15 10 10 0.0231251 0.000556275 -0.000817219 
0 11 11 0 0 0 
1 11 11 0 0 0 
2 11 11 0 0 0 
3 11 11 0 0 0 
4 11 11 0 0 0 
5 11 11 0 0 0 
6 11 11 0 0 0 
7 11 11 0 0 0 
8 11 11 0 0 0 
9 11 11 0 0 0 
10 11 11 0 0 0 
11 11 11 0 0 0 
12 11 11 0 0 0 
13 11 11 0 0 0 
14 11 11 0 0 0 
15 11 11 0 0 0 
0 12 12 0 0 0 
1 12 12 0 0 0 
2 12 12 0 0 0 
3 12 12 0 0 0 
4 12 12 0 0 0 
5 12 12 0 0 0 
6 12 12 0 0 0 
7 12 12 0 0 0 
8 12 12 0 0 0 
9 12 12 0 0 0 
10 12 12 0 0 0 
11 12 12 0 0 0 
12 12 12 0 0 0 
13 12 12 0 0 0 
14 12 12 0 0 0 
15 12 12 0 0 0 
0 13 13 0 0 0 
1 13 13 0 0 0 
2 13 13 0 0 0 
3 13 13 0 0 0 
4 13 13 0 0 0 
5 13 13 0 0 0 
6 13 13 0 0 0 
7 13 13 0 0 0 
8 13 13 0 0 0 
9 13 13 0 0 0 
10 13 13 0 0 0 
11 13 13 0 0 0 
12 13 13 0 0 0 
13 13 13 0 0 0 
14 13 13 0 0 0 
15 13 13 0 0 0 
0 14 14 0 0 0 
1 14 14 0 0 0 
2 14 14 0 0 0 
3 14 14 0 0 0 
4 14 14 0 0 0 
5 14 14 0 0 0 
6 14 14 0 0 0 
7 14 14 0 0 0 
8 14 14 0 0 0 
9 14 14 0 0 0 
10 14 14 0 0 0 
11 14 14 0 0 0 
12 14 14 0 0 0 
13 14 14 0 0 0 
14 14 14 0 0 0 
15 14 14 0 0 0 
0 15 15 0 0 0 
1 15 15 0 0 0 
2 15 15 0 0 0 
3 15 15 0 0 0 
4 15 15 0 0 0 
5 15 15 0 0 0 
6 15 15 0 0 0 
7 15 15 0 0 0 
8 15 15 0 0 0 
9 15 15 0 0 0 
10 15 15 0 0 0 
11 15 15 0 0 0 
12 15 15 0 0 0 
13 15 15 0 0 0 
14 15 15 0 0 0 
15 15 15 0 0 0 
0 0 0 0 0 0 
1 0 0 0 0 0 
2 0 0 0 0 0 
3 0 0 0 0 0 
4 0 0 0 0 0 
5 0 0 0 0 0 
6 0 0 0 0 0 
7 0 0 0 0 0 
8 0 0 0 0 0 
9 0 0 0 0 0 
10 0 0 0 0 0 
11 0 0 0 0 0 
12 0 0 0 0 0 
13 0 0 0 0 0 
14 0 0 0 0 0 
15 0 0 0 0 0 
0 1 1 0 0 0 
1 1 1 0 0 0 
2 1 1 0 0 0 
3 1 1 0 0 0 
4 1 1 0 0 0 
5 1 1 0 0 0 
6 1 1 0 0 0 
7 1 1 0 0 0 
8 1 1 0 0 0 
9 1 1 0 0 0 
10 1 1 0 0 0 
11 1 1 0 0 0 
12 1 1 0 0 0 
13 1 1 0 0 0 
14 1 1 0 0 0 
15 1 1 0 0 0 
0 2 2 0 0 0 
1 2 2 0 0 0 
2 2 2 0 0 0 
3 2 2 0 0 0 
4 2 2 0 0 0 
5 2 2 0 0 0 
6 2 2 0 0 0 
7 2 2 0 0 0 
8 2 2 0 0 0 
9 2 2 0 0 0 
10 2 2 0 0 0 
11 2 2 0 0 0 
12 2 2 0 0 0 
13 2 2 0 0 0 
14 2 2 0 0 0 
15 2 2 0 0 0 
0 3 3 0 0 0 
1 3 3 0 0 0 
2 3 3 0 0 0 
3 3 3 0 0 0 
4 3 3 0 0 0 
5 3 3 0 0 0 
6 3 3 0 0 0 
7 3 3 0 0 0 
8 3 3 0 0 0 
9 3 3 0 0 0 
10 3 3 0 0 0 
11 3 3 0 0 0 
12 3 3 0 0 0 
13 3 3 0 0 0 
14 3 3 0 0 0 
15 3 3 0 0 0 
0 4 4 0.0294864 -2.16735e-05 -3.92479e-05 
1 4 4 0.0295342 -3.38077e-06 1.26691e-05 
2 4 4 0.0292623 -4.63732e-06 6.10507e-05 
3 4 4 0.0288113 -1.7381e-05 9.80778e-05 
4 4 4 0.0283026 -3.35756e-05 0.000120517 
5 4 4 0.0278275 -4.88558e-05 0.000128294 
6 4 4 0.0274474 -6.17388e-05 0.000124241 
7 4 4 0.0272028 -7.55247e-05 0.000114897 
8 4 4 0.0271307 -9.5536e-05 0.000107593 
9 4 4 0.0272529 -8.35865e-05 6.86827e-05 
10 4 4 0.0274329 -1.64286e-05 -1.85446e-05 
11 4 4 0.0276791 4.96724e-06 -5.65456e-05 
12 4 4 0.028015 2.21088e-06 -6.04364e-05 
13 4 4 0.0283459 -3.61666e-06 -4.44182e-05 
14 4 4 0.028387 6.21131e-05 4.24236e-05 
15 4 4 0.0261726 -0.000746513 -0.000692268 
0 5 5 0.154445 1.39083e-05 -0.000254117 
1 5 5 0.154033 0.000179968 0.000150164 
2 5 5 0.152518 0.000184391 0.000466602 
3 5 5 0.15048 8.40803e-05 0.000671991 
4 5 5 0.148391 -6.12233e-05 0.000764672 
5 5 5 0.146591 -0.000208017 0.000756062 
6 5 5 0.145289 -0.000333873 0.000667153 
7 5 5 0.144584 -0.000447126 0.000540612 
8 5 5 0.14449 -0.000602741 0.00051411 
9 5 5 0.147065 -0.000565064 0.000458632 
10 5 5 0.146932 -0.000220245 -0.000510418 
11 5 5 0.147344 -0.00012856 -0.000467081 
12 5 5 0.148989 -0.000115464 -0.000452133 
13 5 5 0.150432 -7.30573e-05 -0.000340484 
14 5 5 0.150517 0.000525943 0.000558543 
15 5 5 0.155178 -0.00177847 -0.00240524 
0 6 6 0.301362 0.000214187 -0.000352136 
1 6 6 0.300393 0.000576188 0.000559458 
2 6 6 0.297951 0.000589328 0.00115914 
3 6 6 0.294895 0.000360971 0.0014618 
4 6 6 0.291894 1.66915e-05 0.00151273 
5 6 6 0.28941 -0.0003377 0.00136169 
6 6 6 0.287715 -0.00062831 0.00105998 
7 6 6 0.286888 -0.000810652 0.00068533 
8 6 6 0.286687 -0.000741249 0.000587536 
9 6 6 0.290764 -0.000726059 9.27474e-05 
10 6 6 0.292358 -0.000925481 -0.00100118 
11 6 6 0.291311 -0.000701957 -0.00116708 
12 6 6 0.29401 -0.000450957 -0.00103316 
13 6 6 0.296278 -0.000229909 -0.00077405 
14 6 6 0.29713 0.000634702 0.00100793 
15 6 6 0.309032 -0.00148645 -0.00345708 
0 7 7 0.424509 0.000386486 -0.0002619 
1 7 7 0.423242 0.000706638 0.00117246 
2 7 7 0.42038 0.000656743 0.00197277 
3 7 7 0.416905 0.000334858 0.00223857 
4 7 7 0.41356 -0.000118846 0.00210542 
5 7 7 0.410845 -0.000569518 0.00169341 
6 7 7 0.409055 -0.00090652 0.00110036 
7 7 7 0.408314 -0.00103726 0.000417631 
8 7 7 0.408638 -0.000837071 -0.000200452 
9 7 7 0.409891 -0.000666436 -0.000737865 
10 7 7 0.411953 -0.00102415 -0.00156057 
11 7 7 0.414495 -0.000842045 -0.00169803 
12 7 7 0.417306 -0.000571494 -0.00163073 
13 7 7 0.419796 -0.000284545 -0.00118482 
14 7 7 0.421289 0.000249052 0.00107774 
15 7 7 0.430134 -0.000643802 -0.00427828 
0 8 8 0.433288 0.000462302 -0.000167109 
1 8 8 0.432022 0.000391745 0.00133276 
2 8 8 0.429234 0.000155982 0.00207774 
3 8 8 0.425904 -0.00019674 0.00221168 
4 8 8 0.422741 -0.000580297 0.00192007 
5 8 8 0.420213 -0.000901219 0.00136544 
6 8 8 0.418602 -0.00107824 0.000674261 
7 8 8 0.418058 -0.00105547 -5.6045e-05 
8 8 8 0.418645 -0.000826374 -0.000746328 
9 8 8 0.420302 -0.000550519 -0.00132981 
10 8 8 0.422611 -0.000411034 -0.00173747 
11 8 8 0.425216 -0.00028664 -0.00189292 
12 8 8 0.427859 -0.000145004 -0.00176854 
13 8 8 0.430128 -8.77335e-06 -0.00122402 
14 8 8 0.431486 -0.000118708 0.00112289 
15 8 8 0.439855 0.000580762 -0.00429072 
0 9 9 0.330857 0.00038197 -0.000136135 
1 9 9 0.329881 -1.26733e-05 0.000856071 
2 9 9 0.327538 -0.00037905 0.00130474 
3 9 9 0.324699 -0.000693329 0.00132185 
4 9 9 0.321992 -0.000924887 0.00105303 
5 9 9 0.319837 -0.00104086 0.000627555 
6 9 9 0.318488 -0.00101557 0.000144013 
7 9 9 0.318079 -0.000844576 -0.000327973 
8 9 9 0.318649 -0.000559018 -0.000741426 
9 9 9 0.320119 -0.000239822 -0.001067 
10 9 9 0.322245 2.10596e-05 -0.00127729 
11 9 9 0.324681 0.000186253 -0.00133797 
12 9 9 0.327078 0.000263337 -0.00121744 
13 9 9 0.329067 0.000224147 -0.000818056 
14 9 9 0.329863 -0.000488016 0.00109888 
15 9 9 0.340808 0.00152361 -0.00361586 
0 10 10 0.175665 0.000201458 -0.000158721 
1 10 10 0.175262 -0.000133575 0.000228494 
2 10 10 0.173762 -0.000401994 0.000389933 
3 10 10 0.171794 -0.000588567 0.000376385 
4 10 10 0.169835 -0.000687575 0.000254501 
5 10 10 0.168218 -0.000697684 8.33186e-05 
6 10 10 0.16715 -0.000621728 -9.47627e-05 
7 10 10 0.166741 -0.000472344 -0.000253756 
8 10 10 0.167022 -0.000275847 -0.000380531 
9 10 10 0.167942 -7.28777e-05 -0.000471817 
10 10 10 0.169357 9.53174e-05 -0.00052589 
11 10 10 0.171049 0.000202247 -0.000535864 
12 10 10 0.172764 0.00023743 -0.000487997 
13 10 10 0.174189 0.000165534 -0.000337481 
14 10 10 0.174208 -0.00060425 0.000716037 
15 10 10 0.181044 0.00183404 -0.00257548 
0 11 11 0.0487408 4.73555e-05 -7.98181e-05 
1 11 11 0.0488408 -3.19979e-05 -1.49872e-05 
2 11 11 0.0484172 -9.77461e-05 1.0215e-05 
3 11 11 0.0477183 -0.000144078 5.90726e-06 
4 11 11 0.0469456 -0.000168831 -1.46335e-05 
5 11 11 0.0462456 -0.000172555 -3.94186e-05 
6 11 11 0.0457172 -0.000156344 -6.1306e-05 
7 11 11 0.0454165 -0.000123878 -7.68131e-05 
8 11 11 0.0453682 -8.1042e-05 -8.57567e-05 
9 11 11 0.0455689 -3.6593e-05 -9.03817e-05 
10 11 11 0.0459837 1.97058e-06 -9.26001e-05 
11 11 11 0.0465465 2.90645e-05 -9.2092e-05 
12 11 11 0.0471684 4.10086e-05 -8.59118e-05 
13 11 11 0.0477237 3.11419e-05 -6.63967e-05 
14 11 11 0.0476986 -0.000145733 0.000123179 
15 11 11 0.0459318 0.00114628 -0.00121438 
0 12 12 0 0 0 
1 12 12 0 0 0 
2 12 12 0 0 0 
3 12 12 0 0 0 
4 12 12 0 0 0 
5 12 12 0 0 0 
6 12 12 0 0 0 
7 12 12 0 0 0 
8 12 12 0 0 0 
9 12 12 0 0 0 
10 12 12 0 0 0 
11 12 12 0 0 0 
12 12 12 0 0 0 
13 12 12 0 0 0 
14 12 12 0 0 0 
15 12 12 0 0 0 
0 13 13 0 0 0 
1 13 13 0 0 0 
2 13 13 0 0 0 
3 13 13 0 0 0 
4 13 13 0 0 0 
5 13 13 0 0 0 
6 13 13 0 0 0 
7 13 13 0 0 0 
8 13 13 0 0 0 
9 13 13 0 0 0 
10 13 13 0 0 0 
11 13 13 0 0 0 
12 13 13 0 0 0 
13 13 13 0 0 0 
14 13 13 0 0 0 
15 13 13 0 0 0 
0 14 14 0 0 0 
1 14 14 0 0 0 
2 14 14 0 0 0 
3 14 14 0 0 0 
4 14 14 0 0 0 
5 14 14 0 0 0 
6 14 14 0 0 0 
7 14 14 0 0 0 
8 14 14 0 0 0 
9 14 14 0 0 0 
10 14 14 0 0 0 
11 14 14 0 0 0 
12 14 14 0 0 0 
13 14 14 0 0 0 
14 14 14 0 0 0 
15 14 14 0 0 0 
0 15 15 0 0 0 
1 15 15 0 0 0 
2 15 15 0 0 0 
3 15 15 0 0 0 
4 15 15 0 0 0 
5 15 15 0 0 0 
6 15 15 0 0 0 
7 15 15 0 0 0 
8 15 15 0 0 0 
9 15 15 0 0 0 
10 15 15 0 0 0 
11 15 15 0 0 0 
12 15 15 0 0 0 
13 15 15 0 0 0 
14 15 15 0 0 0 
15 15 15 0 0 0 
0 0 0 0 0 0 
1 0 0 0 0 0 
2 0 0 0 0 0 
3 0 0 0 0 0 
4 0 0 0 0 0 
5 0 0 0 0 0 
6 0 0 0 0 0 
7 0 0 0 0 0 
8 0 0 0 0 0 
9 0 0 0 0 0 
10 0 0 0 0 0 
11 0 0 0 0 0 
12 0 0 0 0 0 
13 0 0 0 0 0 
14 0 0 0 0 0 
15 0 0 0 0 0 
0 1 1 0 0 0 
1 1 1 0 0 0 
2 1 1 0 0 0 
3 1 1 0 0 0 
4 1 1 0 0 0 
5 1 1 0 0 0 
6 1 1 0 0 0 
7 1 1 0 0 0 
8 1 1 0 0 0 
9 1 1 0 0 0 
10 1 1 0 0 0 
11 1 1 0 0 0 
12 1 1 0 0 0 
13 1 1 0 0 0 
14 1 1 0 0 0 
15 1 1 0 0 0 
0 2 2 0 0 0 
1 2 2 0 0 0 
2 2 2 0 0 0 
3 2 2 0 0 0 
4 2 2 0 0 0 
5 2 2 0 0 0 
6 2 2 0 0 0 
7 2 2 0 0 0 
8 2 2 0 0 0 
9 2 2 0 0 0 
10 2 2 0 0 0 
11 2 2 0 0 0 
12 2 2 0 0 0 
13 2 2 0 0 0 
14 2 2 0 0 0 
15 2 2 0 0 0 
0 3 3 0 0 0 
1 3 3 0 0 0 
2 3 3 0 0 0 
3 3 3 0 0 0 
4 3 3 0 0 0 
5 3 3 0 0 0 
6 3 3 0 0 0 
7 3 3 0 0 0 
8 3 3 0 0 0 
9 3 3 0 0 0 
10 3 3 0 0 0 
11 3 3 0 0 0 
12 3 3 0 0 0 
13 3 3 0 0 0 
14 3 3 0 0 0 
15 3 3 0 0 0 
0 4 4 0.152073 -3.57627e-05 -0.000229756 
1 4 4 0.151493 0.000247974 8.6103e-05 
2 4 4 0.149869 0.000359816 0.00036244 
3 4 4 0.147767 0.000345608 0.000561001 
4 4 4 0.145646 0.00025561 0.000667727 
5 4 4 0.143828 0.000128619 0.00068538 
6 4 4 0.142524 -1.2427e-05 0.000629124 
7 4 4 0.141861 -0.000158036 0.000524938 
8 4 4 0.141907 -0.000297375 0.000391764 
9 4 4 0.142626 -0.000370976 0.000193952 
10 4 4 0.143758 -0.000332546 -8.00384e-05 
11 4 4 0.145081 -0.000264166 -0.000296469 
12 4 4 0.146463 -0.00021039 -0.000377429 
13 4 4 0.147648 -0.000126611 -0.000298919 
14 4 4 0.147503 0.000703964 0.000397633 
15 4 4 0.152711 -0.00243145 -0.00167113 
0 5 5 0.395158 0.000405456 -0.00045966 
1 5 5 0.393488 0.00133146 0.000505223 
2 5 5 0.390286 0.00167041 0.00120054 
3 5 5 0.38652 0.00156297 0.00161347 
4 5 5 0.382925 0.00117664 0.00176339 
5 5 5 0.379997 0.000652272 0.00168227 
6 5 5 0.378032 8.7799e-05 0.00141428 
7 5 5 0.377174 -0.000463264 0.00102884 
8 5 5 0.377481 -0.000970701 0.000617466 
9 5 5 0.378911 -0.00126908 0.000104191 
10 5 5 0.380894 -0.00122711 -0.000603705 
11 5 5 0.383177 -0.00107414 -0.00104175 
12 5 5 0.385626 -0.000845836 -0.00119753 
13 5 5 0.387725 -0.000464421 -0.000961786 
14 5 5 0.388735 0.00112496 0.000639369 
15 5 5 0.397355 -0.00268399 -0.00287157 
0 6 6 0.784584 0.00106002 -0.000590638 
1 6 6 0.78311 0.00293625 0.00183729 
2 6 6 0.779714 0.00371489 0.0032287 
3 6 6 0.775547 0.00358075 0.00377503 
4 6 6 0.771472 0.00282791 0.00369768 
5 6 6 0.768053 0.00174033 0.00316684 
6 6 6 0.765615 0.000548689 0.00231175 
7 6 6 0.764303 -0.000579776 0.00127156 
8 6 6 0.764153 -0.0015215 0.000270004 
9 6 6 0.765269 -0.00213655 -0.00076737 
10 6 6 0.766983 -0.00240634 -0.00221878 
11 6 6 0.76926 -0.00226682 -0.00280984 
12 6 6 0.772126 -0.00184339 -0.00293598 
13 6 6 0.774901 -0.00111216 -0.00240331 
14 6 6 0.77762 0.000432169 -0.000326752 
15 6 6 0.778442 -0.00260349 -0.00510202 
0 7 7 1.06732 0.00138342 -0.00072345 
1 7 7 1.06737 0.00299999 0.00352497 
2 7 7 1.06583 0.00380407 0.00569944 
3 7 7 1.06352 0.00378901 0.00623974 
4 7 7 1.06105 0.00313274 0.00567479 
5 7 7 1.0588 0.00208365 0.00441292 
6 7 7 1.05699 0.00089633 0.00273654 
7 7 7 1.05573 -0.000200882 0.000866376 
8 7 7 1.05512 -0.00101769 -0.000972659 
9 7 7 1.05527 -0.0015571 -0.0026695 
10 7 7 1.05588 -0.00194174 -0.00415519 
11 7 7 1.05697 -0.00190042 -0.00489459 
12 7 7 1.05869 -0.00154693 -0.00489206 
13 7 7 1.06073 -0.000914426 -0.00398784 
14 7 7 1.0635 4.51314e-06 -0.00179011 
15 7 7 1.06362 -0.000930872 -0.0066218 
0 8 8 1.08788 0.001623 -0.000517647 
1 8 8 1.08843 0.00147133 0.00414456 
2 8 8 1.08756 0.00142449 0.00643949 
3 8 8 1.08604 0.00127671 0.00684147 
4 8 8 1.08441 0.000958834 0.00596719 
5 8 8 1.08294 0.000523169 0.00432465 
6 8 8 1.08178 8.84411e-05 0.00228255 
7 8 8 1.08101 -0.000218538 0.000113359 
8 8 8 1.08072 -0.000312624 -0.00195897 
9 8 8 1.08098 -0.00021561 -0.00374221 
10 8 8 1.08174 -2.17075e-05 -0.00503518 
11 8 8 1.08293 0.000213726 -0.00562503 
12 8 8 1.08447 0.000433162 -0.00540072 
13 8 8 1.08628 0.000596744 -0.00423837 
14 8 8 1.0889 0.000587249 -0.00187926 
15 8 8 1.08888 0.00162879 -0.00662597 
0 9 9 0.843845 0.00124211 5.31815e-05 
1 9 9 0.843512 -0.000109864 0.0031127 
2 9 9 0.841507 -0.000858841 0.0045084 
3 9 9 0.838914 -0.00120288 0.00457971 
4 9 9 0.836437 -0.00129272 0.00376629 
5 9 9 0.834477 -0.0011963 0.00244754 
6 9 9 0.833241 -0.000926852 0.000910793 
7 9 9 0.832834 -0.000489478 -0.000633389 
8 9 9 0.833302 8.24548e-05 -0.00202335 
9 9 9 0.834627 0.000706299 -0.00312802 
10 9 9 0.836686 0.00126547 -0.00383266 
11 9 9 0.839243 0.00164182 -0.00404371 
12 9 9 0.841983 0.00174466 -0.00370043 
13 9 9 0.844596 0.00147276 -0.002696 
14 9 9 0.847429 0.000400054 -0.000381717 
15 9 9 0.848256 0.00334312 -0.00520334 
0 10 10 0.443848 0.000566236 4.69193e-05 
1 10 10 0.442994 -0.000482743 0.00117762 
2 10 10 0.440643 -0.00111047 0.00162833 
3 10 10 0.437776 -0.00139051 0.00155281 
4 10 10 0.435077 -0.00140539 0.00114307 
5 10 10 0.432979 -0.00121821 0.000566333 
6 10 10 0.431737 -0.000874666 -5.2938e-05 
7 10 10 0.431472 -0.000419757 -0.000630321 
8 10 10 0.432204 9.02847e-05 -0.00110896 
9 10 10 0.43385 0.000583148 -0.0014511 
10 10 10 0.436214 0.00097988 -0.00163053 
11 10 10 0.438988 0.00120933 -0.0016298 
12 10 10 0.441789 0.00121707 -0.00143353 
13 10 10 0.444177 0.000896924 -0.00095644 
14 10 10 0.445691 -0.000716563 0.000790345 
15 10 10 0.451646 0.00309234 -0.00311008 
0 11 11 0.179122 0.000247535 -0.000113645 
1 11 11 0.178779 -0.000191616 0.000173278 
2 11 11 0.177325 -0.000476544 0.000273186 
3 11 11 0.175395 -0.000617287 0.000234769 
4 11 11 0.173475 -0.000639125 0.000117144 
5 11 11 0.171897 -0.000568398 -2.94163e-05 
6 11 11 0.170873 -0.000428189 -0.000170808 
7 11 11 0.170507 -0.000241767 -0.000288558 
8 11 11 0.170826 -3.51304e-05 -0.00037426 
9 11 11 0.171776 0.000162073 -0.00042665 
10 11 11 0.173227 0.000320287 -0.000446841 
11 11 11 0.174974 0.000413852 -0.00043482 
12 11 11 0.176759 0.000422537 -0.00038498 
13 11 11 0.178249 0.000298828 -0.00026001 
14 11 11 0.178337 -0.000758941 0.000550997 
15 11 11 0.185366 0.00252295 -0.00198276 
0 12 12 0.0234991 3.43478e-05 -2.25557e-05 
1 12 12 0.0235863 -6.76377e-06 -1.03631e-05 
2 12 12 0.0234093 -3.66952e-05 -8.22919e-06 
3 12 12 0.023088 -5.45227e-05 -1.26781e-05 
4 12 12 0.0227219 -6.13139e-05 -1.98605e-05 
5 12 12 0.0223827 -5.94207e-05 -2.62064e-05 
6 12 12 0.0221209 -5.04502e-05 -3.03072e-05 
7 12 12 0.0219638 -3.64253e-05 -3.16474e-05 
8 12 12 0.0219247 -1.94167e-05 -3.06906e-05 
9 12 12 0.0220039 -2.24613e-06 -2.82985e-05 
10 12 12 0.022189 1.30114e-05 -2.55999e-05 
11 12 12 0.0224515 2.40209e-05 -2.3127e-05 
12 12 12 0.0227497 2.84484e-05 -2.05532e-05 
13 12 12 0.0230256 2.29936e-05 -1.64062e-05 
14 12 12 0.0230627 -6.6248e-05 1.46752e-05 
15 12 12 0.0212099 0.000772928 -0.000502299 
0 13 13 0 0 0 
1 13 13 0 0 0 
2 13 13 0 0 0 
3 13 13 0 0 0 
4 13 13 0 0 0 
5 13 13 0 0 0 
6 13 13 0 0 0 
7 13 13 0 0 0 
8 13 13 0 0 0 
9 13 13 0 0 0 
10 13 13 0 0 0 
11 13 13 0 0 0 
12 13 13 0 0 0 
13 13 13 0 0 0 
14 13 13 0 0 0 
15 13 13 0 0 0 
0 14 14 0 0 0 
1 14 14 0 0 0 
2 14 14 0 0 0 
3 14 14 0 0 0 
4 14 14 0 0 0 
5 14 14 0 0 0 
6 14 14 0 0 0 
7 14 14 0 0 0 
8 14 14 0 0 0 
9 14 14 0 0 0 
10 14 14 0 0 0 
11 14 14 0 0 0 
12 14 14 0 0 0 
13 14 14 0 0 0 
14 14 14 0 0 0 
15 14 14 0 0 0 
0 15 15 0 0 0 
1 15 15 0 0 0 
2 15 15 0 0 0 
3 15 15 0 0 0 
4 15 15 0 0 0 
5 15 15 0 0 0 
6 15 15 0 0 0 
7 15 15 0 0 0 
8 15 15 0 0 0 
9 15 15 0 0 0 
10 15 15 0 0 0 
11 15 15 0 0 0 
12 15 15 0 0 0 
13 15 15 0 0 0 
14 15 15 0 0 0 
15 15 15 0 0 0 
0 0 0 0 0 0 
1 0 0 0 0 0 
2 0 0 0 0 0 
3 0 0 0 0 0 
4 0 0 0 0 0 
5 0 0 0 0 0 
6 0 0 0 0 0 
7 0 0 0 0 0 
8 0 0 0 0 0 
9 0 0 0 0 0 
10 0 0 0 0 0 
11 0 0 0 0 0 
12 0 0 0 0 0 
13 0 0 0 0 0 
14 0 0 0 0 0 
15 0 0 0 0 0 
0 1 1 0 0 0 
1 1 1 0 0 0 
2 1 1 0 0 0 
3 1 1 0 0 0 
4 1 1 0 0 0 
5 1 1 0 0 0 
6 1 1 0 0 0 
7 1 1 0 0 0 
8 1 1 0 0 0 
9 1 1 0 0 0 
10 1 1 0 0 0 
11 1 1 0 0 0 
12 1 1 0 0 0 
13 1 1 0 0 0 
14 1 1 0 0 0 
15 1 1 0 0 0 
0 2 2 0 0 0 
1 2 2 0 0 0 
2 2 2 0 0 0 
3 2 2 0 0 0 
4 2 2 0 0 0 
5 2 2 0 0 0 
6 2 2 0 0 0 
7 2 2 0 0 0 
8 2 2 0 0 0 
9 2 2 0 0 0 
10 2 2 0 0 0 
11 2 2 0 0 0 
12 2 2 0 0 0 
13 2 2 0 0 0 
14 2 2 0 0 0 
15 2 2 0 0 0 
0 3 3 0.0657218 -8.00865e-05 -6.68171e-05 
1 3 3 0.0656683 4.33566e-05 3.93077e-06 
2 3 3 0.0649757 0.00011388 7.78148e-05 
3 3 3 0.0639474 0.000139605 0.000138429 
4 3 3 0.0628386 0.000133566 0.000177702 
5 3 3 0.0618314 0.000106913 0.000192898 
6 3 3 0.0610517 6.76333e-05 0.000186306 
7 3 3 0.0605778 2.15309e-05 0.000162892 
8 3 3 0.0604518 -2.51512e-05 0.000124783 
9 3 3 0.060662 -6.36807e-05 6.95407e-05 
10 3 3 0.0611477 -8.74628e-05 6.56824e-07 
11 3 3 0.061807 -9.62661e-05 -6.10309e-05 
12 3 3 0.0625309 -9.33767e-05 -9.20757e-05 
13 3 3 0.0631761 -6.84276e-05 -7.97443e-05 
14 3 3 0.0631316 0.000243115 6.89463e-05 
15 3 3 0.0613144 -0.00191823 -0.000681754 
0 4 4 0.285794 4.26031e-05 -0.0002883 
1 4 4 0.284295 0.000865079 0.00011852 
2 4 4 0.281458 0.0012747 0.000471421 
3 4 4 0.278132 0.00134785 0.000728259 
4 4 4 0.274962 0.00118567 0.00086947 
5 4 4 0.27238 0.000877019 0.000892574 
6 4 4 0.270649 0.000488614 0.000809641 
7 4 4 0.269901 7.08688e-05 0.000646295 
8 4 4 0.270165 -0.0003287 0.000427213 
9 4 4 0.271336 -0.00065126 0.000159972 
10 4 4 0.273152 -0.000841065 -0.000137745 
11 4 4 0.275265 -0.00088105 -0.000396294 
12 4 4 0.277331 -0.00078215 -0.00052814 
13 4 4 0.278977 -0.000477992 -0.000448898 
14 4 4 0.279243 0.00125308 0.000379727 
15 4 4 0.289594 -0.00323499 -0.00136865 
0 5 5 0.765417 0.000792528 -0.000538887 
1 5 5 0.763183 0.00347445 0.000806633 
2 5 5 0.759041 0.00478046 0.00168082 
3 5 5 0.754217 0.0049546 0.00215108 
4 5 5 0.749619 0.00433423 0.00229203 
5 5 5 0.745831 0.00321863 0.00215597 
6 5 5 0.743186 0.00184136 0.00178514 
7 5 5 0.741846 0.000383635 0.00123625 
8 5 5 0.741846 -0.000996863 0.000578894 
9 5 5 0.743079 -0.00212582 -0.000143054 
10 5 5 0.745211 -0.00282895 -0.000870012 
11 5 5 0.747823 -0.00302069 -0.00144666 
12 5 5 0.750506 -0.00269924 -0.00172091 
13 5 5 0.752856 -0.0017965 -0.00150769 
14 5 5 0.755051 0.000517448 -0.000253812 
15 5 5 0.755531 -0.0044282 -0.00302517 
0 6 6 1.32092 0.00080683 -0.00125123 
1 6 6 1.32188 0.00549544 0.00236133 
2 6 6 1.32207 0.00810916 0.00425841 
3 6 6 1.32154 0.00884358 0.00484327 
4 6 6 1.3205 0.00816781 0.00458763 
5 6 6 1.31911 0.00654416 0.00381519 
6 6 6 1.31751 0.00436137 0.00270864 
7 6 6 1.3158 0.00194468 0.00138932 
8 6 6 1.31412 -0.000421579 -2.63615e-05 
9 6 6 1.31259 -0.00247242 -0.00144475 
10 6 6 1.31126 -0.00395072 -0.00273135 
11 6 6 1.31026 -0.00464709 -0.00363687 
12 6 6 1.30974 -0.00447143 -0.00399386 
13 6 6 1.30981 -0.00341999 -0.00361548 
14 6 6 1.31101 -0.00166047 -0.00248191 
15 6 6 1.30912 -0.0042528 -0.00519287 
0 7 7 1.61921 0.000969172 -0.0030636 
1 7 7 1.62204 0.00400905 0.00335656 
2 7 7 1.62741 0.0061589 0.00683449 
3 7 7 1.6334 0.00721485 0.00786551 
4 7 7 1.63876 0.00725027 0.00729978 
5 7 7 1.64276 0.0064502 0.00581157 
6 7 7 1.64497 0.00504965 0.0038201 
7 7 7 1.64526 0.0033073 0.00158236 
8 7 7 1.64366 0.00148191 -0.000710978 
9 7 7 1.64042 -0.000198522 -0.00289506 
10 7 7 1.6359 -0.00153091 -0.00475708 
11 7 7 1.63069 -0.00233494 -0.00600891 
12 7 7 1.62558 -0.00251607 -0.0064336 
13 7 7 1.62136 -0.00205974 -0.00589292 
14 7 7 1.61881 -0.00117321 -0.00468218 
15 7 7 1.61342 -0.00160721 -0.00671672 
0 8 8 1.63481 0.00292148 -0.00326191 
1 8 8 1.63821 0.00142296 0.00380276 
2 8 8 1.6446 0.00109979 0.00773679 
3 8 8 1.65199 0.00145094 0.0089444 
4 8 8 1.65897 0.0019717 0.00828226 
5 8 8 1.66461 0.00235946 0.00649151 
6 8 8 1.66834 0.00252129 0.00408426 
7 8 8 1.66986 0.00249817 0.00140675 
8 8 8 1.66911 0.00238227 -0.00127771 
9 8 8 1.6663 0.00225412 -0.00373502 
10 8 8 1.66184 0.00216213 -0.0057158 
11 8 8 1.65641 0.00211089 -0.00695457 
12 8 8 1.65086 0.00205535 -0.00723125 
13 8 8 1.64614 0.00195681 -0.00644962 
14 8 8 1.64314 0.00187095 -0.00499524 
15 8 8 1.63746 0.00271668 -0.00678806 
0 9 9 1.37528 0.00277097 -0.00104755 
1 9 9 1.3785 -0.00112195 0.00381205 
2 9 9 1.38176 -0.00285601 0.00632802 
3 9 9 1.38483 -0.00304774 0.00686392 
4 9 9 1.38753 -0.00237899 0.00603328 
5 9 9 1.38966 -0.00131631 0.00437904 
6 9 9 1.391 -0.000104036 0.00230797 
7 9 9 1.39144 0.00114447 0.000117398 
8 9 9 1.39099 0.00235893 -0.00195998 
9 9 9 1.38982 0.00345696 -0.00372441 
10 9 9 1.38822 0.00432602 -0.00499077 
11 9 9 1.38656 0.0048252 -0.00559603 
12 9 9 1.38525 0.00481025 -0.00542472 
13 9 9 1.38468 0.0041818 -0.00443534 
14 9 9 1.38556 0.00307362 -0.00285728 
15 9 9 1.38344 0.00563231 -0.00524126 
0 10 10 0.860907 0.00105623 0.000157935 
1 10 10 0.861087 -0.00172742 0.00211581 
2 10 10 0.859672 -0.00305198 0.00296124 
3 10 10 0.8577 -0.00328565 0.00292182 
4 10 10 0.855828 -0.00281774 0.00230091 
5 10 10 0.854406 -0.00193611 0.00136504 
6 10 10 0.853604 -0.00082718 0.000316922 
7 10 10 0.853505 0.000377806 -0.000699564 
8 10 10 0.854142 0.0015622 -0.00157961 
9 10 10 0.855512 0.00260205 -0.00224318 
10 10 10 0.857543 0.00336614 -0.00262749 
11 10 10 0.86007 0.00372847 -0.00268999 
12 10 10 0.862834 0.00358283 -0.00240769 
13 10 10 0.865547 0.00278291 -0.00172784 
14 10 10 0.86857 0.000689402 -0.000291652 
15 10 10 0.869535 0.00547216 -0.00327449 
0 11 11 0.338897 0.000390005 -9.76331e-06 
1 11 11 0.338247 -0.000630878 0.000424433 
2 11 11 0.336215 -0.00117586 0.000574277 
3 11 11 0.33367 -0.00133204 0.000511678 
4 11 11 0.331241 -0.00121009 0.000323113 
5 11 11 0.329336 -0.000905726 8.1798e-05 
6 11 11 0.328207 -0.000491462 -0.000160494 
7 11 11 0.327971 -2.62486e-05 -0.000373224 
8 11 11 0.328648 0.000435286 -0.000538639 
9 11 11 0.330159 0.000838417 -0.000646876 
10 11 11 0.332328 0.00113071 -0.000692595 
11 11 11 0.334878 0.00126601 -0.000673933 
12 11 11 0.337458 0.00120459 -0.000586954 
13 11 11 0.339638 0.000839751 -0.000390876 
14 11 11 0.340618 -0.00108847 0.000467693 
15 11 11 0.352182 0.00360239 -0.00175893 
0 12 12 0.0907328 0.000145659 -6.47222e-05 
1 12 12 0.0907586 -6.48058e-05 -9.00639e-06 
2 12 12 0.0899835 -0.000194987 8.4381e-06 
3 12 12 0.0888151 -0.000252184 -9.00881e-07 
4 12 12 0.0875783 -0.000252796 -2.35511e-05 
5 12 12 0.0865014 -0.000213785 -4.81907e-05 
6 12 12 0.0857378 -0.00014889 -6.85651e-05 
7 12 12 0.0853676 -6.92603e-05 -8.29026e-05 
8 12 12 0.0854194 1.48359e-05 -9.13054e-05 
9 12 12 0.0858751 9.27158e-05 -9.50292e-05 
10 12 12 0.0866704 0.000155081 -9.5341e-05 
11 12 12 0.0876925 0.00019271 -9.29759e-05 
12 12 12 0.0887855 0.000195877 -8.60512e-05 
13 12 12 0.0897376 0.000142939 -6.73131e-05 
14 12 12 0.0897228 -0.00038786 0.000103761 
15 12 12 0.0912928 0.00235829 -0.00104899 
0 13 13 0 0 0 
1 13 13 0 0 0 
2 13 13 0 0 0 
3 13 13 0 0 0 
4 13 13 0 0 0 
5 13 13 0 0 0 
6 13 13 0 0 0 
7 13 13 0 0 0 
8 13 13 0 0 0 
9 13 13 0 0 0 
10 13 13 0 0 0 
11 13 13 0 0 0 
12 13 13 0 0 0 
13 13 13 0 0 0 
14 13 13 0 0 0 
15 13 13 0 0 0 
0 14 14 0 0 0 
1 14 14 0 0 0 
2 14 14 0 0 0 
3 14 14 0 0 0 
4 14 14 0 0 0 
5 14 14 0 0 0 
6 14 14 0 0 0 
7 14 14 0 0 0 
8 14 14 0 0 0 
9 14 14 0 0 0 
10 14 14 0 0 0 
11 14 14 0 0 0 
12 14 14 0 0 0 
13 14 14 0 0 0 
14 14 14 0 0 0 
15 14 14 0 0 0 
0 15 15 0 0 0 
1 15 15 0 0 0 
2 15 15 0 0 0 
3 15 15 0 0 0 
4 15 15 0 0 0 
5 15 15 0 0 0 
6 15 15 0 0 0 
7 15 15 0 0 0 
8 15 15 0 0 0 
9 15 15 0 0 0 
10 15 15 0 0 0 
11 15 15 0 0 0 
12 15 15 0 0 0 
13 15 15 0 0 0 
14 15 15 0 0 0 
15 15 15 0 0 0 
0 0 0 0 0 0 
1 0 0 0 0 0 
2 0 0 0 0 0 
3 0 0 0 0 0 
4 0 0 0 0 0 
5 0 0 0 0 0 
6 0 0 0 0 0 
7 0 0 0 0 0 
8 0 0 0 0 0 
9 0 0 0 0 0 
10 0 0 0 0 0 
11 0 0 0 0 0 
12 0 0 0 0 0 
13 0 0 0 0 0 
14 0 0 0 0 0 
15 0 0 0 0 0 
0 1 1 0 0 0 
1 1 1 0 0 0 
2 1 1 0 0 0 
3 1 1 0 0 0 
4 1 1 0 0 0 
5 1 1 0 0 0 
6 1 1 0 0 0 
7 1 1 0 0 0 
8 1 1 0 0 0 
9 1 1 0 0 0 
10 1 1 0 0 0 
11 1 1 0 0 0 
12 1 1 0 0 0 
13 1 1 0 0 0 
14 1 1 0 0 0 
15 1 1 0 0 0 
0 2 2 0 0 0 
1 2 2 0 0 0 
2 2 2 0 0 0 
3 2 2 0 0 0 
4 2 2 0 0 0 
5 2 2 0 0 0 
6 2 2 0 0 0 
7 2 2 0 0 0 
8 2 2 0 0 0 
9 2 2 0 0 0 
10 2 2 0 0 0 
11 2 2 0 0 0 
12 2 2 0 0 0 
13 2 2 0 0 0 
14 2 2 0 0 0 
15 2 2 0 0 0 
0 3 3 0.089844 -0.000136357 -5.09829e-05 
1 3 3 0.0896366 8.99762e-05 -8.20316e-06 
2 3 3 0.08867 0.00023255 4.10417e-05 
3 3 3 0.0873275 0.000297343 8.47403e-05 
4 3 3 0.0859247 0.000301277 0.000115255 
5 3 3 0.0846839 0.000261584 0.000128983 
6 3 3 0.0837531 0.000192493 0.000126061 
7 3 3 0.0832177 0.000106191 0.000109119 
8 3 3 0.083115 1.38086e-05 8.01971e-05 
9 3 3 0.0834244 -7.28634e-05 3.96618e-05 
10 3 3 0.0840703 -0.000142167 -9.01114e-06 
11 3 3 0.0849321 -0.000184327 -5.41058e-05 
12 3 3 0.0858611 -0.000191366 -8.071e-05 
13 3 3 0.0866633 -0.000140081 -7.71489e-05 
14 3 3 0.0865658 0.000456557 3.19271e-06 
15 3 3 0.0891147 -0.00256168 -0.000194884 
0 4 4 0.379074 6.81557e-05 -0.0001861 
1 4 4 0.377139 0.00136354 3.59176e-07 
2 4 4 0.373707 0.00206392 0.000178856 
3 4 4 0.369773 0.00225815 0.000326269 
4 4 4 0.366078 0.00207794 0.000425174 
5 4 4 0.363106 0.00164454 0.000465611 
6 4 4 0.36114 0.00105655 0.000445146 
7 4 4 0.360304 0.000397937 0.000370984 
8 4 4 0.360597 -0.00025239 0.000254278 
9 4 4 0.361886 -0.000815297 0.000104833 
10 4 4 0.363911 -0.00121582 -6.249e-05 
11 4 4 0.36631 -0.00139548 -0.000217427 
12 4 4 0.368675 -0.0013159 -0.000316611 
13 4 4 0.370565 -0.000863487 -0.000306656 
14 4 4 0.371363 0.0013164 3.2208e-05 
15 4 4 0.379859 -0.00392979 -0.000603394 
0 5 5 1.02262 0.000689548 -0.000336644 
1 5 5 1.02106 0.00498839 0.000311776 
2 5 5 1.01765 0.00726752 0.000710212 
3 5 5 1.01342 0.00784861 0.000923622 
4 5 5 1.0092 0.00720544 0.00100493 
5 5 5 1.00552 0.00574897 0.000978636 
6 5 5 1.00271 0.00379947 0.000850607 
7 5 5 1.00093 0.00162179 0.000627962 
8 5 5 1.00021 -0.000538359 0.000327933 
9 5 5 1.00048 -0.00243714 -2.28639e-05 
10 5 5 1.00159 -0.00383763 -0.000382718 
11 5 5 1.00325 -0.00453584 -0.000694465 
12 5 5 1.00515 -0.00439285 -0.000889684 
13 5 5 1.007 -0.00328168 -0.000874829 
14 5 5 1.00926 -0.000799212 -0.000504485 
15 5 5 1.00905 -0.00581502 -0.00144334 
0 6 6 1.60173 -0.000692802 -0.000993635 
1 6 6 1.60381 0.00609784 0.00087505 
2 6 6 1.60792 0.0101669 0.00184331 
3 6 6 1.61231 0.0117233 0.00211822 
4 6 6 1.61592 0.01141 0.0019815 
5 6 6 1.61821 0.00981122 0.00162984 
6 6 6 1.61897 0.0073655 0.00116129 
7 6 6 1.61817 0.00442612 0.000617156 
8 6 6 1.61592 0.00132218 2.17447e-05 
9 6 6 1.61245 -0.00161321 -0.00059483 
10 6 6 1.60809 -0.00403884 -0.00117329 
11 6 6 1.60332 -0.00562386 -0.0016285 
12 6 6 1.59872 -0.0060962 -0.0018765 
13 6 6 1.59495 -0.0053405 -0.0018409 
14 6 6 1.59271 -0.00375233 -0.00157171 
15 6 6 1.58745 -0.00574136 -0.0023546 
0 7 7 1.89561 3.95656e-05 -0.00246497 
1 7 7 1.89449 0.0037031 0.000874463 
2 7 7 1.90303 0.00638764 0.0028248 
3 7 7 1.91613 0.00791277 0.00350805 
4 7 7 1.92982 0.00842364 0.00335259 
5 7 7 1.94165 0.00809514 0.0027323 
6 7 7 1.95024 0.00707806 0.00187821 
7 7 7 1.95495 0.00553304 0.00091459 
8 7 7 1.95553 0.00365476 -8.63648e-05 
9 7 7 1.95211 0.0016703 -0.00106656 
10 7 7 1.94512 -0.000171809 -0.0019476 
11 7 7 1.93539 -0.00161986 -0.00262349 
12 7 7 1.92414 -0.00245047 -0.00298276 
13 7 7 1.9129 -0.00253698 -0.00294945 
14 7 7 1.90311 -0.00202761 -0.00262393 
15 7 7 1.89167 -0.00229089 -0.00305073 
0 8 8 1.90846 0.00488591 -0.00268435 
1 8 8 1.90727 0.00148656 0.000938247 
2 8 8 1.91649 -8.75527e-05 0.00315592 
3 8 8 1.93091 -0.000153901 0.00401574 
4 8 8 1.94643 0.000627521 0.003914 
5 8 8 1.96036 0.00168417 0.00322937 
6 8 8 1.97111 0.00266673 0.00222274 
7 8 8 1.97778 0.00342223 0.00105926 
8 8 8 1.97994 0.00392322 -0.000147256 
9 8 8 1.97758 0.00420126 -0.00130122 
10 8 8 1.97108 0.00429833 -0.00230038 
11 8 8 1.96128 0.00423695 -0.00302917 
12 8 8 1.94951 0.00401005 -0.00337189 
13 8 8 1.93748 0.00362249 -0.00326241 
14 8 8 1.92681 0.00320192 -0.00282649 
15 8 8 1.91473 0.00356812 -0.00312485 
0 9 9 1.64792 0.00516585 -0.00114489 
1 9 9 1.65179 -0.00166921 0.00138211 
2 9 9 1.65912 -0.0050677 0.00280991 
3 9 9 1.66784 -0.00569885 0.00325068 
4 9 9 1.67638 -0.00463539 0.00299548 
5 9 9 1.68366 -0.00273718 0.00231271 
6 9 9 1.68893 -0.000532887 0.00140065 
7 9 9 1.69175 0.00168871 0.000398979 
8 9 9 1.69194 0.00376036 -0.0005869 
9 9 9 1.68964 0.00555066 -0.00146772 
10 9 9 1.68531 0.00691646 -0.00215746 
11 9 9 1.67968 0.0076875 -0.00257249 
12 9 9 1.67372 0.0076904 -0.00264279 
13 9 9 1.66852 0.00685079 -0.00234396 
14 9 9 1.66509 0.00554193 -0.00182152 
15 9 9 1.65915 0.00732727 -0.0023783 
0 10 10 1.12087 0.00167174 -3.34852e-05 
1 10 10 1.12274 -0.00298011 0.00101708 
2 10 10 1.12348 -0.00511356 0.00150306 
3 10 10 1.12374 -0.00534436 0.0015326 
4 10 10 1.1239 -0.0043829 0.00125955 
5 10 10 1.12408 -0.00277161 0.000817257 
6 10 10 1.12426 -0.000863586 0.00030599 
7 10 10 1.12446 0.00110932 -0.000205001 
8 10 10 1.1247 0.0029672 -0.000665333 
9 10 10 1.12508 0.00453966 -0.00103465 
10 10 10 1.12572 0.00565341 -0.0012775 
11 10 10 1.12671 0.0061419 -0.00136525 
12 10 10 1.12808 0.00586762 -0.00127852 
13 10 10 1.12984 0.00470598 -0.00100019 
14 10 10 1.13258 0.00249985 -0.000509802 
15 10 10 1.13261 0.0070952 -0.00148851 
0 11 11 0.466316 0.000434938 -8.92296e-06 
1 11 11 0.465683 -0.00115218 0.000219929 
2 11 11 0.463528 -0.00191892 0.000307441 
3 11 11 0.460839 -0.00204359 0.0002892 
4 11 11 0.458302 -0.00173455 0.000206925 
5 11 11 0.456346 -0.00116452 9.4566e-05 
6 11 11 0.455227 -0.000458769 -2.40146e-05 
7 11 11 0.455067 0.000288157 -0.00013617 
8 11 11 0.455889 0.000995428 -0.00023349 
9 11 11 0.45762 0.00158639 -0.000308891 
10 11 11 0.460081 0.00198961 -0.000355711 
11 11 11 0.462984 0.00214349 -0.00036857 
12 11 11 0.465953 0.00199636 -0.000341042 
13 11 11 0.468541 0.00141289 -0.000250455 
14 11 11 0.470284 -0.000902868 9.86587e-05 
15 11 11 0.477575 0.00450206 -0.000800599 
0 12 12 0.145578 0.00021644 -4.85375e-05 
1 12 12 0.145416 -0.000161747 -7.09576e-06 
2 12 12 0.144207 -0.000374203 1.26847e-05 
3 12 12 0.142522 -0.00044545 1.63779e-05 
4 12 12 0.140807 -0.000414 1.05729e-05 
5 12 12 0.139371 -0.000316302 2.99751e-07 
6 12 12 0.138415 -0.000179869 -1.10985e-05 
7 12 12 0.13804 -2.61322e-05 -2.40793e-05 
8 12 12 0.138272 0.000126627 -3.82291e-05 
9 12 12 0.139073 0.000260972 -5.24568e-05 
10 12 12 0.140335 0.000361282 -6.53136e-05 
11 12 12 0.141884 0.000412961 -7.4934e-05 
12 12 12 0.143495 0.000400808 -7.71988e-05 
13 12 12 0.144863 0.00028281 -6.2824e-05 
14 12 12 0.144873 -0.000672564 8.23206e-05 
15 12 12 0.15047 0.00303222 -0.000525098 
0 13 13 0 0 0 
1 13 13 0 0 0 
2 13 13 0 0 0 
3 13 13 0 0 0 
4 13 13 0 0 0 
5 13 13 0 0 0 
6 13 13 0 0 0 
7 13 13 0 0 0 
8 13 13 0 0 0 
9 13 13 0 0 0 
10 13 13 0 0 0 
11 13 13 0 0 0 
12 13 13 0 0 0 
13 13 13 0 0 0 
14 13 13 0 0 0 
15 13 13 0 0 0 
0 14 14 0 0 0 
1 14 14 0 0 0 
2 14 14 0 0 0 
3 14 14 0 0 0 
4 14 14 0 0 0 
5 14 14 0 0 0 
6 14 14 0 0 0 
7 14 14 0 0 0 
8 14 14 0 0 0 
9 14 14 0 0 0 
10 14 14 0 0 0 
11 14 14 0 0 0 
12 14 14 0 0 0 
13 14 14 0 0 0 
14 14 14 0 0 0 
15 14 14 0 0 0 
0 15 15 0 0 0 
1 15 15 0 0 0 
2 15 15 0 0 0 
3 15 15 0 0 0 
4 15 15 0 0 0 
5 15 15 0 0 0 
6 15 15 0 0 0 
7 15 15 0 0 0 
8 15 15 0 0 0 
9 15 15 0 0 0 
10 15 15 0 0 0 
11 15 15 0 0 0 
12 15 15 0 0 0 
13 15 15 0 0 0 
14 15 15 0 0 0 
15 15 15 0 0 0 
0 0 0 0 0 0 
1 0 0 0 0 0 
2 0 0 0 0 0 
3 0 0 0 0 0 
4 0 0 0 0 0 
5 0 0 0 0 0 
6 0 0 0 0 0 
7 0 0 0 0 0 
8 0 0 0 0 0 
9 0 0 0 0 0 
10 0 0 0 0 0 
11 0 0 0 0 0 
12 0 0 0 0 0 
13 0 0 0 0 0 
14 0 0 0 0 0 
15 0 0 0 0 0 
0 1 1 0 0 0 
1 1 1 0 0 0 
2 1 1 0 0 0 
3 1 1 0 0 0 
4 1 1 0 0 0 
5 1 1 0 0 0 
6 1 1 0 0 0 
7 1 1 0 0 0 
8 1 1 0 0 0 
9 1 1 0 0 0 
10 1 1 0 0 0 
11 1 1 0 0 0 
12 1 1 0 0 0 
13 1 1 0 0 0 
14 1 1 0 0 0 
15 1 1 0 0 0 
0 2 2 0 0 0 
1 2 2 0 0 0 
2 2 2 0 0 0 
3 2 2 0 0 0 
4 2 2 0 0 0 
5 2 2 0 0 0 
6 2 2 0 0 0 
7 2 2 0 0 0 
8 2 2 0 0 0 
9 2 2 0 0 0 
10 2 2 0 0 0 
11 2 2 0 0 0 
12 2 2 0 0 0 
13 2 2 0 0 0 
14 2 2 0 0 0 
15 2 2 0 0 0 
0 3 3 0.0898006 -0.000144958 -2.43962e-05 
1 3 3 0.0895985 8.36876e-05 -4.81854e-05 
2 3 3 0.0886318 0.000230818 -5.97094e-05 
3 3 3 0.0872858 0.000300348 -6.02169e-05 
4 3 3 0.0858788 0.000308452 -5.41483e-05 
5 3 3 0.0846353 0.000271434 -4.3375e-05 
6 3 3 0.0837028 0.000203388 -3.02976e-05 
7 3 3 0.0831648 0.000116792 -1.70361e-05 
8 3 3 0.083056 2.26693e-05 -6.06503e-06 
9 3 3 0.0833571 -6.7797e-05 -3.55517e-07 
10 3 3 0.083997 -0.000142818 -2.00822e-06 
11 3 3 0.0848613 -0.000191464 -9.69214e-06 
12 3 3 0.0858003 -0.000203081 -2.02032e-05 
13 3 3 0.0866131 -0.000152642 -3.24491e-05 
14 3 3 0.086521 0.000446486 -9.48169e-05 
15 3 3 0.0890653 -0.00256619 0.000133847 
0 4 4 0.3789 3.64915e-05 -3.26878e-05 
1 4 4 0.376977 0.00133403 -0.000216961 
2 4 4 0.373545 0.00204715 -0.000323691 
3 4 4 0.369599 0.00225822 -0.000361843 
4 4 4 0.365889 0.00209453 -0.000346362 
5 4 4 0.362905 0.00167381 -0.000290692 
6 4 4 0.360932 0.00109298 -0.000208321 
7 4 4 0.360091 0.000436632 -0.00011242 
8 4 4 0.360373 -0.000216097 -1.70772e-05 
9 4 4 0.361643 -0.000787948 6.22389e-05 
10 4 4 0.363649 -0.00120574 0.000110606 
11 4 4 0.366047 -0.00140916 0.00011986 
12 4 4 0.368432 -0.00135062 8.90021e-05 
13 4 4 0.370348 -0.00090736 7.79688e-06 
14 4 4 0.371162 0.00127691 -0.000329078 
15 4 4 0.379655 -0.00395634 0.000356849 
0 5 5 1.02219 0.000648585 6.43503e-05 
1 5 5 1.02064 0.00492977 -0.000704713 
2 5 5 1.01721 0.00721375 -0.00112112 
3 5 5 1.01295 0.00781573 -0.00125707 
4 5 5 1.00868 0.00720159 -0.00119592 
5 5 5 1.00497 0.00577467 -0.000996383 
6 5 5 1.00214 0.00384914 -0.000700807 
7 5 5 1.00035 0.00168745 -0.000347165 
8 5 5 0.999621 -0.000465494 2.32029e-05 
9 5 5 0.999888 -0.00236838 0.000363074 
10 5 5 1.00098 -0.00378818 0.000622934 
11 5 5 1.00264 -0.00452314 0.000757869 
12 5 5 1.00455 -0.00442373 0.000734213 
13 5 5 1.00642 -0.00334363 0.000522631 
14 5 5 1.0087 -0.000869416 3.43941e-05 
15 5 5 1.00848 -0.00587429 0.000965725 
0 6 6 1.60119 -0.00068556 0.000835097 
1 6 6 1.60325 0.00607634 -0.00117934 
2 6 6 1.60733 0.0101279 -0.00226687 
3 6 6 1.61165 0.0116806 -0.00259794 
4 6 6 1.61518 0.0113766 -0.00244218 
5 6 6 1.6174 0.00979616 -0.00199933 
6 6 6 1.6181 0.00737278 -0.00138536 
7 6 6 1.61727 0.00445465 -0.000671612 
8 6 6 1.61501 0.00136734 8.08919e-05 
9 6 6 1.61154 -0.00155868 0.000801162 
10 6 6 1.6072 -0.00398496 0.0014067 
11 6 6 1.60246 -0.00558439 0.00180685 
12 6 6 1.59789 -0.00608235 0.00191658 
13 6 6 1.59412 -0.00535273 0.00169123 
14 6 6 1.59188 -0.00378141 0.00124033 
15 6 6 1.58661 -0.00577613 0.00192501 
0 7 7 1.89517 6.76084e-05 0.00231962 
1 7 7 1.89405 0.00372781 -0.00108043 
2 7 7 1.90256 0.00640657 -0.00310899 
3 7 7 1.9156 0.00792489 -0.00386151 
4 7 7 1.92921 0.00842931 -0.00374563 
5 7 7 1.94095 0.00809597 -0.00312085 
6 7 7 1.94947 0.00707585 -0.00221253 
7 7 7 1.95411 0.00552919 -0.00115359 
8 7 7 1.95465 0.00365063 -3.66881e-05 
9 7 7 1.95121 0.00166854 0.00104839 
10 7 7 1.94423 -0.000168755 0.00199976 
11 7 7 1.93453 -0.00161233 0.00269679 
12 7 7 1.92331 -0.00243844 0.00301418 
13 7 7 1.91211 -0.00252042 0.00288114 
14 7 7 1.90233 -0.002008 0.00243009 
15 7 7 1.89089 -0.00227297 0.00276669 
0 8 8 1.9082 0.00490106 0.00258467 
1 8 8 1.90702 0.00152169 -0.00107789 
2 8 8 1.91623 -3.58495e-05 -0.00335968 
3 8 8 1.93062 -9.40786e-05 -0.00428609 
4 8 8 1.9461 0.000684985 -0.00423319 
5 8 8 1.95997 0.00172944 -0.00356447 
6 8 8 1.97065 0.00269237 -0.00253151 
7 8 8 1.97726 0.00342461 -0.00130343 
8 8 8 1.97937 0.00390341 -9.06099e-06 
9 8 8 1.97697 0.00416658 0.00123374 
10 8 8 1.97045 0.00425972 0.00230365 
11 8 8 1.96066 0.00420554 0.00306876 
12 8 8 1.94891 0.00399664 0.00339932 
13 8 8 1.93691 0.00363289 0.00322755 
14 8 8 1.92626 0.00323417 0.00269825 
15 8 8 1.91419 0.00361159 0.00291831 
0 9 9 1.64779 0.00517825 0.00111091 
1 9 9 1.65167 -0.00162613 -0.00149721 
2 9 9 1.65901 -0.00500128 -0.00302112 
3 9 9 1.66772 -0.005623 -0.00354097 
4 9 9 1.67624 -0.0045658 -0.00332374 
5 9 9 1.68349 -0.0026875 -0.00262829 
6 9 9 1.68872 -0.000511931 -0.00165423 
7 9 9 1.69148 0.00167841 -0.000556118 
8 9 9 1.69163 0.00372287 0.000537395 
9 9 9 1.6893 0.00549693 0.00151152 
10 9 9 1.68495 0.00686088 0.00226022 
11 9 9 1.67932 0.00764512 0.00268628 
12 9 9 1.67337 0.00767365 0.00271371 
13 9 9 1.66819 0.00686498 0.00232562 
14 9 9 1.66478 0.0055831 0.00169281 
15 9 9 1.65885 0.00738246 0.00216442 
0 10 10 1.1208 0.00169563 -4.00748e-05 
1 10 10 1.12268 -0.00293506 -0.00118642 
2 10 10 1.12342 -0.00505943 -0.0017375 
3 10 10 1.12368 -0.0052951 -0.00178228 
4 10 10 1.12383 -0.00435033 -0.00147124 
5 10 10 1.12398 -0.00276265 -0.000950177 
6 10 10 1.12414 -0.000879438 -0.00033748 
7 10 10 1.12431 0.0010728 0.000272416 
8 10 10 1.12452 0.00291866 0.00080569 
9 10 10 1.12489 0.0044904 0.0012053 
10 10 10 1.12552 0.00561522 0.0014302 
11 10 10 1.12651 0.006124 0.0014549 
12 10 10 1.12788 0.00587498 0.00127279 
13 10 10 1.12966 0.00473693 0.000888056 
14 10 10 1.13241 0.00254618 0.000307699 
15 10 10 1.13245 0.00714514 0.0012425 
0 11 11 0.466269 0.000451613 -8.02281e-05 
1 11 11 0.465645 -0.00113076 -0.00034109 
2 11 11 0.463495 -0.00189971 -0.000422124 
3 11 11 0.460805 -0.00203241 -0.000363903 
4 11 11 0.45826 -0.00173487 -0.000220921 
5 11 11 0.456293 -0.00117661 -4.32478e-05 
6 11 11 0.455161 -0.000479997 0.000131394 
7 11 11 0.454989 0.000262209 0.000274964 
8 11 11 0.455802 0.000970342 0.000371581 
9 11 11 0.457526 0.0015676 0.000414807 
10 11 11 0.459984 0.00198105 0.000405786 
11 11 11 0.462889 0.002147 0.000350199 
12 11 11 0.465863 0.00201136 0.00025686 
13 11 11 0.468457 0.00143574 0.000117209 
14 11 11 0.470208 -0.000877786 -0.000252702 
15 11 11 0.477501 0.00452458 0.000652537 
0 12 12 0.145556 0.000222151 4.69287e-06 
1 12 12 0.145397 -0.000155906 -3.87285e-05 
2 12 12 0.144189 -0.000370177 -4.2639e-05 
3 12 12 0.142505 -0.000444891 -1.9244e-05 
4 12 12 0.140788 -0.000417439 1.68051e-05 
5 12 12 0.139349 -0.000323305 5.31328e-05 
6 12 12 0.138388 -0.000188895 8.17763e-05 
7 12 12 0.138008 -3.54196e-05 9.67068e-05 
8 12 12 0.138237 0.000119016 9.73139e-05 
9 12 12 0.139035 0.000256646 8.6078e-05 
10 12 12 0.140297 0.000361014 6.72524e-05 
11 12 12 0.141847 0.000416567 4.48299e-05 
12 12 12 0.143459 0.000407788 2.28007e-05 
13 12 12 0.14483 0.000291335 -4.11407e-06 
14 12 12 0.144843 -0.000664492 -0.000147008 
15 12 12 0.15044 0.00303854 0.000471848 
0 13 13 0 0 0 
1 13 13 0 0 0 
2 13 13 0 0 0 
3 13 13 0 0 0 
4 13 13 0 0 0 
5 13 13 0 0 0 
6 13 13 0 0 0 
7 13 13 0 0 0 
8 13 13 0 0 0 
9 13 13 0 0 0 
10 13 13 0 0 0 
11 13 13 0 0 0 
12 13 13 0 0 0 
13 13 13 0 0 0 
14 13 13 0 0 0 
15 13 13 0 0 0 
0 14 14 0 0 0 
1 14 14 0 0 0 
2 14 14 0 0 0 
3 14 14 0 0 0 
4 14 14 0 0 0 
5 14 14 0 0 0 
6 14 14 0 0 0 
7 14 14 0 0 0 
8 14 14 0 0 0 
9 14 14 0 0 0 
10 14 14 0 0 0 
11 14 14 0 0 0 
12 14 14 0 0 0 
13 14 14 0 0 0 
14 14 14 0 0 0 
15 14 14 0 0 0 
0 15 15 0 0 0 
1 15 15 0 0 0 
2 15 15 0 0 0 
3 15 15 0 0 0 
4 15 15 0 0 0 
5 15 15 0 0 0 
6 15 15 0 0 0 
7 15 15 0 0 0 
8 15 15 0 0 0 
9 15 15 0 0 0 
10 15 15 0 0 0 
11 15 15 0 0 0 
12 15 15 0 0 0 
13 15 15 0 0 0 
14 15 15 0 0 0 
15 15 15 0 0 0 
0 0 0 0 0 0 
1 0 0 0 0 0 
2 0 0 0 0 0 
3 0 0 0 0 0 
4 0 0 0 0 0 
5 0 0 0 0 0 
6 0 0 0 0 0 
7 0 0 0 0 0 
8 0 0 0 0 0 
9 0 0 0 0 0 
10 0 0 0 0 0 
11 0 0 0 0 0 
12 0 0 0 0 0 
13 0 0 0 0 0 
14 0 0 0 0 0 
15 0 0 0 0 0 
0 1 1 0 0 0 
1 1 1 0 0 0 
2 1 1 0 0 0 
3 1 1 0 0 0 
4 1 1 0 0 0 
5 1 1 0 0 0 
6 1 1 0 0 0 
7 1 1 0 0 0 
8 1 1 0 0 0 
9 1 1 0 0 0 
10 1 1 0 0 0 
11 1 1 0 0 0 
12 1 1 0 0 0 
13 1 1 0 0 0 
14 1 1 0 0 0 
15 1 1 0 0 0 
0 2 2 0 0 0 
1 2 2 0 0 0 
2 2 2 0 0 0 
3 2 2 0 0 0 
4 2 2 0 0 0 
5 2 2 0 0 0 
6 2 2 0 0 0 
7 2 2 0 0 0 
8 2 2 0 0 0 
9 2 2 0 0 0 
10 2 2 0 0 0 
11 2 2 0 0 0 
12 2 2 0 0 0 
13 2 2 0 0 0 
14 2 2 0 0 0 
15 2 2 0 0 0 
0 3 3 0.0655992 -0.000100603 9.02781e-06 
1 3 3 0.0655558 3.0226e-05 -4.21991e-05 
2 3 3 0.0648602 0.000112143 -8.61149e-05 
3 3 3 0.0638234 0.000147579 -0.000116182 
4 3 3 0.0627087 0.000149969 -0.00013182 
5 3 3 0.0616969 0.000128261 -0.000132018 
6 3 3 0.0609149 9.09845e-05 -0.000118851 
7 3 3 0.0604351 4.49037e-05 -9.54266e-05 
8 3 3 0.0602935 -4.07402e-06 -6.68807e-05 
9 3 3 0.0604818 -5.11641e-05 -3.72626e-05 
10 3 3 0.0609529 -9.05282e-05 -1.23034e-05 
11 3 3 0.0616227 -0.000116583 4.20958e-06 
12 3 3 0.0623734 -0.000123468 9.16498e-06 
13 3 3 0.063042 -9.78137e-05 -2.97859e-06 
14 3 3 0.0630068 0.000221291 -0.000132926 
15 3 3 0.0611803 -0.00192275 0.000646052 
0 4 4 0.285304 -4.48938e-05 8.72741e-05 
1 4 4 0.283827 0.000796807 -0.000287631 
2 4 4 0.280975 0.00124574 -0.000560684 
3 4 4 0.277613 0.00136129 -0.000722693 
4 4 4 0.274407 0.00123505 -0.000778448 
5 4 4 0.271803 0.000950896 -0.000737283 
6 4 4 0.270064 0.00057517 -0.000615293 
7 4 4 0.26931 0.000163265 -0.000434655 
8 4 4 0.269542 -0.000236545 -0.000223438 
9 4 4 0.27065 -0.00057957 -1.34861e-05 
10 4 4 0.27242 -0.000824572 0.000160973 
11 4 4 0.274553 -0.000937986 0.000270489 
12 4 4 0.276692 -0.000891418 0.000291439 
13 4 4 0.278402 -0.00059689 0.00017639 
14 4 4 0.278688 0.00115757 -0.000624076 
15 4 4 0.289005 -0.00328998 0.00118336 
0 5 5 0.764009 0.000640548 0.000238264 
1 5 5 0.761746 0.00332102 -0.00114669 
2 5 5 0.757523 0.00467428 -0.00197173 
3 5 5 0.752592 0.00491789 -0.00233576 
4 5 5 0.747893 0.00436924 -0.00234741 
5 5 5 0.744039 0.00331381 -0.00208273 
6 5 5 0.741371 0.00197918 -0.00160042 
7 5 5 0.740038 0.000551727 -0.00096217 
8 5 5 0.740033 -0.000805646 -0.000245272 
9 5 5 0.741217 -0.00194416 0.000456798 
10 5 5 0.743324 -0.00273059 0.00104025 
11 5 5 0.745983 -0.00305972 0.0014056 
12 5 5 0.748742 -0.0028585 0.00146841 
13 5 5 0.75114 -0.0020037 0.00111452 
14 5 5 0.753313 0.000329824 -0.000190299 
15 5 5 0.753736 -0.00455865 0.00262348 
0 6 6 1.31869 0.000750074 0.00103079 
1 6 6 1.31952 0.0053947 -0.00268854 
2 6 6 1.31951 0.00800185 -0.00463956 
3 6 6 1.31877 0.00875939 -0.00521689 
4 6 6 1.31752 0.00812583 -0.00490081 
5 6 6 1.31598 0.00655249 -0.00402673 
6 6 6 1.31429 0.00441766 -0.00279235 
7 6 6 1.31258 0.00204108 -0.00133251 
8 6 6 1.31093 -0.000292647 0.000221692 
9 6 6 1.30945 -0.0023253 0.00171307 
10 6 6 1.30822 -0.0038246 0.00295686 
11 6 6 1.30735 -0.00459842 0.00375645 
12 6 6 1.30688 -0.00451485 0.00393448 
13 6 6 1.30693 -0.00351911 0.00335859 
14 6 6 1.30804 -0.00176912 0.00207162 
15 6 6 1.30602 -0.0043434 0.00473558 
0 7 7 1.61739 0.00102797 0.00291484 
1 7 7 1.62012 0.00406932 -0.00356601 
2 7 7 1.62531 0.00620873 -0.00710759 
3 7 7 1.63108 0.00724634 -0.00818279 
4 7 7 1.63621 0.00726148 -0.00762916 
5 7 7 1.63999 0.00644424 -0.00611441 
6 7 7 1.64206 0.00503092 -0.00405608 
7 7 7 1.64226 0.00327788 -0.0017188 
8 7 7 1.64065 0.00144299 0.000689669 
9 7 7 1.63744 -0.000234596 0.00295731 
10 7 7 1.63302 -0.00154807 0.00484503 
11 7 7 1.62794 -0.00233538 0.00608978 
12 7 7 1.62291 -0.00249202 0.00644444 
13 7 7 1.6187 -0.0020073 0.00577811 
14 7 7 1.6161 -0.00110075 0.00443195 
15 7 7 1.61063 -0.0015372 0.00639429 
0 8 8 1.63387 0.00299045 0.00316406 
1 8 8 1.63724 0.00155817 -0.00394619 
2 8 8 1.64357 0.00126763 -0.00793709 
3 8 8 1.65085 0.00161202 -0.00919198 
4 8 8 1.65767 0.00209325 -0.00855276 
5 8 8 1.66315 0.00242066 -0.00675347 
6 8 8 1.66673 0.00251422 -0.00430233 
7 8 8 1.66813 0.0024261 -0.00155351 
8 8 8 1.6673 0.00225947 0.00121286 
9 8 8 1.66445 0.00211005 0.00373714 
10 8 8 1.66 0.00203189 0.00575624 
11 8 8 1.65462 0.00202622 0.00700331 
12 8 8 1.64912 0.00204839 0.00724417 
13 8 8 1.64444 0.00203654 0.00638245 
14 8 8 1.64146 0.00201501 0.00482895 
15 8 8 1.63577 0.00287813 0.00655655 
0 9 9 1.37484 0.00284859 0.0009808 
1 9 9 1.37809 -0.000968663 -0.00395145 
2 9 9 1.38134 -0.00266807 -0.00653073 
3 9 9 1.38438 -0.0028722 -0.00710051 
4 9 9 1.38701 -0.00225487 -0.00626488 
5 9 9 1.38903 -0.00126757 -0.00456971 
6 9 9 1.39027 -0.000137612 -0.00242891 
7 9 9 1.3906 0.00103824 -0.000156036 
8 9 9 1.39007 0.00220386 0.00199636 
9 9 9 1.38885 0.00328867 0.00381009 
10 9 9 1.38722 0.00418327 0.0050908 
11 9 9 1.38557 0.00474383 0.00567196 
12 9 9 1.38427 0.00481621 0.00543812 
13 9 9 1.38374 0.00427653 0.00435915 
14 9 9 1.38466 0.00323047 0.00268906 
15 9 9 1.38256 0.00580628 0.00501736 
0 10 10 0.860659 0.00113751 -0.000253988 
1 10 10 0.860874 -0.00160904 -0.0022699 
2 10 10 0.859477 -0.00293262 -0.0031355 
3 10 10 0.857494 -0.00319816 -0.00307471 
4 10 10 0.855582 -0.00278366 -0.00239844 
5 10 10 0.854099 -0.00196266 -0.00138905 
6 10 10 0.853228 -0.00090792 -0.000264708 
7 10 10 0.853063 0.000260185 0.000812241 
8 10 10 0.853646 0.00143238 0.00172288 
9 10 10 0.854978 0.00248775 0.00237976 
10 10 10 0.85699 0.00329298 0.00272212 
11 10 10 0.85952 0.00371458 0.00271467 
12 10 10 0.862305 0.00363381 0.00234831 
13 10 10 0.865051 0.00288659 0.0015896 
14 10 10 0.868105 0.000818473 9.93005e-05 
15 10 10 0.869088 0.00559668 0.00306807 
0 11 11 0.338756 0.000431071 -6.63356e-05 
1 11 11 0.338127 -0.000583873 -0.000513838 
2 11 11 0.336106 -0.001139 -0.000646922 
3 11 11 0.333558 -0.00131689 -0.000545228 
4 11 11 0.331111 -0.00122187 -0.000306986 
5 11 11 0.329181 -0.000942749 -1.80408e-05 
6 11 11 0.328022 -0.000546038 0.000260133 
7 11 11 0.327759 -8.74674e-05 0.000487267 
8 11 11 0.328413 0.00037992 0.000642277 
9 11 11 0.329908 0.000800325 0.000717507 
10 11 11 0.332069 0.00111792 0.000714969 
11 11 11 0.334622 0.00128156 0.000641788 
12 11 11 0.337215 0.00124556 0.00050611 
13 11 11 0.339413 0.000896207 0.000278407 
14 11 11 0.340412 -0.00103016 -0.000587558 
15 11 11 0.351982 0.003652 0.00164879 
0 12 12 0.0906554 0.000156344 3.70676e-05 
1 12 12 0.0906878 -5.44371e-05 -1.77191e-05 
2 12 12 0.0899168 -0.000188669 -2.37284e-05 
3 12 12 0.0887498 -0.000252636 3.27263e-06 
4 12 12 0.0875086 -0.000260565 4.46676e-05 
5 12 12 0.0864265 -0.000227938 8.49587e-05 
6 12 12 0.0856548 -0.000166367 0.000114621 
7 12 12 0.0852763 -8.67382e-05 0.000128614 
8 12 12 0.0853209 8.73157e-07 0.000127345 
9 12 12 0.0857711 8.51297e-05 0.000114165 
10 12 12 0.0865643 0.000155271 9.42415e-05 
11 12 12 0.0875871 0.000200331 7.18347e-05 
12 12 12 0.0886842 0.000209658 5.01051e-05 
13 12 12 0.0896423 0.000159242 2.4671e-05 
14 12 12 0.089634 -0.000372602 -0.000143215 
15 12 12 0.0912063 0.00236847 0.00101788 
0 13 13 0 0 0 
1 13 13 0 0 0 
2 13 13 0 0 0 
3 13 13 0 0 0 
4 13 13 0 0 0 
5 13 13 0 0 0 
6 13 13 0 0 0 
7 13 13 0 0 0 
8 13 13 0 0 0 
9 13 13 0 0 0 
10 13 13 0 0 0 
11 13 13 0 0 0 
12 13 13 0 0 0 
13 13 13 0 0 0 
14 13 13 0 0 0 
15 13 13 0 0 0 
0 14 14 0 0 0 
1 14 14 0 0 0 
2 14 14 0 0 0 
3 14 14 0 0 0 
4 14 14 0 0 0 
5 14 14 0 0 0 
6 14 14 0 0 0 
7 14 14 0 0 0 
8 14 14 0 0 0 
9 14 14 0 0 0 
10 14 14 0 0 0 
11 14 14 0 0 0 
12 14 14 0 0 0 
13 14 14 0 0 0 
14 14 14 0 0 0 
15 14 14 0 0 0 
0 15 15 0 0 0 
1 15 15 0 0 0 
2 15 15 0 0 0 
3 15 15 0 0 0 
4 15 15 0 0 0 
5 15 15 0 0 0 
6 15 15 0 0 0 
7 15 15 0 0 0 
8 15 15 0 0 0 
9 15 15 0 0 0 
10 15 15 0 0 0 
11 15 15 0 0 0 
12 15 15 0 0 0 
13 15 15 0 0 0 
14 15 15 0 0 0 
15 15 15 0 0 0 
0 0 0 0 0 0 
1 0 0 0 0 0 
2 0 0 0 0 0 
3 0 0 0 0 0 
4 0 0 0 0 0 
5 0 0 0 0 0 
6 0 0 0 0 0 
7 0 0 0 0 0 
8 0 0 0 0 0 
9 0 0 0 0 0 
10 0 0 0 0 0 
11 0 0 0 0 0 
12 0 0 0 0 0 
13 0 0 0 0 0 
14 0 0 0 0 0 
15 0 0 0 0 0 
0 1 1 0 0 0 
1 1 1 0 0 0 
2 1 1 0 0 0 
3 1 1 0 0 0 
4 1 1 0 0 0 
5 1 1 0 0 0 
6 1 1 0 0 0 
7 1 1 0 0 0 
8 1 1 0 0 0 
9 1 1 0 0 0 
10 1 1 0 0 0 
11 1 1 0 0 0 
12 1 1 0 0 0 
13 1 1 0 0 0 
14 1 1 0 0 0 
15 1 1 0 0 0 
0 2 2 0 0 0 
1 2 2 0 0 0 
2 2 2 0 0 0 
3 2 2 0 0 0 
4 2 2 0 0 0 
5 2 2 0 0 0 
6 2 2 0 0 0 
7 2 2 0 0 0 
8 2 2 0 0 0 
9 2 2 0 0 0 
10 2 2 0 0 0 
11 2 2 0 0 0 
12 2 2 0 0 0 
13 2 2 0 0 0 
14 2 2 0 0 0 
15 2 2 0 0 0 
0 3 3 0 0 0 
1 3 3 0 0 0 
2 3 3 0 0 0 
3 3 3 0 0 0 
4 3 3 0 0 0 
5 3 3 0 0 0 
6 3 3 0 0 0 
7 3 3 0 0 0 
8 3 3 0 0 0 
9 3 3 0 0 0 
10 3 3 0 0 0 
11 3 3 0 0 0 
12 3 3 0 0 0 
13 3 3 0 0 0 
14 3 3 0 0 0 
15 3 3 0 0 0 
0 4 4 0.151418 -0.00012589 0.000100514 
1 4 4 0.150828 0.000197225 -0.000166694 
2 4 4 0.149167 0.000354208 -0.000382288 
3 4 4 0.147025 0.000377495 -0.000526878 
4 4 4 0.144873 0.000313188 -0.000594883 
5 4 4 0.143044 0.000200498 -0.000588067 
6 4 4 0.141745 6.74369e-05 -0.000515986 
7 4 4 0.141083 -6.61886e-05 -0.000393419 
8 4 4 0.141087 -0.000186824 -0.000241251 
9 4 4 0.141708 -0.0002843 -8.28658e-05 
10 4 4 0.142819 -0.000349857 5.58661e-05 
11 4 4 0.144235 -0.000375826 0.000152013 
12 4 4 0.145712 -0.000353275 0.000186641 
13 4 4 0.146931 -0.000246403 0.000126221 
14 4 4 0.146753 0.000623444 -0.000529962 
15 4 4 0.151871 -0.00246252 0.00158242 
0 5 5 0.392816 0.000230811 0.000239312 
1 5 5 0.391031 0.00121353 -0.000681219 
2 5 5 0.387695 0.00162743 -0.0013003 
3 5 5 0.383814 0.00158987 -0.00163255 
4 5 5 0.380145 0.00125712 -0.00171443 
5 5 5 0.377192 0.000767747 -0.00158111 
6 5 5 0.375246 0.00022588 -0.00127131 
7 5 5 0.374435 -0.000293349 -0.000832917 
8 5 5 0.374753 -0.000735338 -0.000327115 
9 5 5 0.376073 -0.00106052 0.000174786 
10 5 5 0.37815 -0.00123989 0.000596355 
11 5 5 0.380641 -0.00125605 0.000866712 
12 5 5 0.383137 -0.0010968 0.000926656 
13 5 5 0.385154 -0.00068566 0.000670271 
14 5 5 0.385978 0.000973738 -0.000905459 
15 5 5 0.394373 -0.00277665 0.00263112 
0 6 6 0.77944 0.000958947 0.000371189 
1 6 6 0.777653 0.00284238 -0.00205665 
2 6 6 0.773954 0.00364914 -0.00341537 
3 6 6 0.769546 0.00355391 -0.00390967 
4 6 6 0.765316 0.00284254 -0.00377474 
5 6 6 0.761834 0.00179341 -0.00318542 
6 6 6 0.759422 0.000633098 -0.00226893 
7 6 6 0.758226 -0.000467687 -0.00114097 
8 6 6 0.758255 -0.00138446 7.04972e-05 
9 6 6 0.759405 -0.00203182 0.00121789 
10 6 6 0.761447 -0.00235604 0.00214229 
11 6 6 0.76405 -0.00233464 0.00269151 
12 6 6 0.766795 -0.00197019 0.00273775 
13 6 6 0.769247 -0.00122923 0.00211201 
14 6 6 0.771546 0.000352245 3.35882e-06 
15 6 6 0.772019 -0.00264598 0.00473896 
0 7 7 1.06303 0.00151938 0.000607212 
1 7 7 1.06279 0.00311394 -0.00368129 
2 7 7 1.06093 0.00386817 -0.00588396 
3 7 7 1.05832 0.00379914 -0.00643286 
4 7 7 1.05562 0.00310097 -0.00585715 
5 7 7 1.05323 0.00202862 -0.00456571 
6 7 7 1.05138 0.000829551 -0.00283963 
7 7 7 1.05018 -0.000291735 -0.000896118 
8 7 7 1.04968 -0.00118532 0.00106413 
9 7 7 1.04989 -0.00175981 0.00283054 
10 7 7 1.05075 -0.00197609 0.00418478 
11 7 7 1.05214 -0.00184229 0.0049184 
12 7 7 1.05385 -0.00140539 0.00486011 
13 7 7 1.0557 -0.000727423 0.0038443 
14 7 7 1.05815 0.00018891 0.00154424 
15 7 7 1.05798 -0.000766505 0.00632653 
0 8 8 1.08598 0.00184426 0.00044227 
1 8 8 1.08646 0.00172316 -0.00425518 
2 8 8 1.08546 0.00162826 -0.00657767 
3 8 8 1.08378 0.00138816 -0.00699123 
4 8 8 1.08196 0.000967777 -0.00611114 
5 8 8 1.08034 0.000442642 -0.00444715 
6 8 8 1.07907 -6.06876e-05 -0.00236673 
7 8 8 1.07826 -0.000423178 -0.000148006 
8 8 8 1.07794 -0.000569299 0.00197499 
9 8 8 1.07817 -0.000481606 0.0037833 
10 8 8 1.07894 -0.000198353 0.0050692 
11 8 8 1.0802 0.000198601 0.00564877 
12 8 8 1.08182 0.000600598 0.00538358 
13 8 8 1.08366 0.000884112 0.00414869 
14 8 8 1.08624 0.000905991 0.00171085 
15 8 8 1.08616 0.00189695 0.00642058 
0 9 9 0.843113 0.00142901 -0.000140908 
1 9 9 0.842819 0.000109988 -0.00322716 
2 9 9 0.840812 -0.000677691 -0.00462584 
3 9 9 0.838161 -0.00110656 -0.00467842 
4 9 9 0.835588 -0.00129714 -0.00383131 
5 9 9 0.833516 -0.00129373 -0.00247278 
6 9 9 0.832177 -0.0010959 -0.000893984 
7 9 9 0.831686 -0.000703397 0.00068676 
8 9 9 0.832084 -0.000146416 0.00209896 
9 9 9 0.833343 0.000504373 0.00320149 
10 9 9 0.835355 0.00114335 0.003878 
11 9 9 0.837907 0.00164621 0.00404143 
12 9 9 0.840692 0.00188714 0.00363914 
13 9 9 0.843377 0.00171085 0.00257792 
14 9 9 0.846268 0.000663374 0.000222451 
15 9 9 0.847112 0.0035673 0.00503485 
0 10 10 0.443499 0.000672004 -0.000127518 
1 10 10 0.442688 -0.000370478 -0.00126679 
2 10 10 0.440356 -0.00102942 -0.00169897 
3 10 10 0.437473 -0.00136341 -0.00158674 
4 10 10 0.43473 -0.00143808 -0.00113317 
5 10 10 0.432573 -0.00130297 -0.000516152 
6 10 10 0.431268 -0.000994911 0.000133795 
7 10 10 0.430946 -0.000554386 0.000725923 
8 10 10 0.431628 -3.56983e-05 0.00120001 
9 10 10 0.433231 0.000490484 0.00151683 
10 10 10 0.435567 0.000943797 0.00165324 
11 10 10 0.438342 0.00124391 0.0015993 
12 10 10 0.441176 0.00131737 0.00135263 
13 10 10 0.443612 0.00103599 0.000841683 
14 10 10 0.44517 -0.000575899 -0.000914977 
15 10 10 0.451144 0.00320729 0.00299469 
0 11 11 0.178928 0.000289559 6.41173e-05 
1 11 11 0.17861 -0.000152063 -0.000219449 
2 11 11 0.177167 -0.000453736 -0.000299358 
3 11 11 0.175234 -0.000618671 -0.000232148 
4 11 11 0.173297 -0.00066532 -8.49294e-05 
5 11 11 0.171694 -0.000614687 8.52088e-05 
6 11 11 0.170642 -0.000485701 0.000240303 
7 11 11 0.17025 -0.000300087 0.000358306 
8 11 11 0.170544 -8.35552e-05 0.000430866 
9 11 11 0.171473 0.00013322 0.000458258 
10 11 11 0.172912 0.000318088 0.000445836 
11 11 11 0.174663 0.000440239 0.000399725 
12 11 11 0.176466 0.000471963 0.0003231 
13 11 11 0.177981 0.000358536 0.000185768 
14 11 11 0.178092 -0.000703417 -0.000620528 
15 11 11 0.185125 0.00256417 0.00192558 
0 12 12 0.0234341 3.86928e-05 1.58741e-05 
1 12 12 0.0235245 -2.7942e-06 4.56718e-06 
2 12 12 0.0233497 -3.47655e-05 5.6274e-06 
3 12 12 0.0230292 -5.54905e-05 1.44744e-05 
4 12 12 0.022662 -6.53422e-05 2.61221e-05 
5 12 12 0.0223214 -6.58546e-05 3.59952e-05 
6 12 12 0.0220566 -5.80781e-05 4.19249e-05 
7 12 12 0.0218962 -4.38609e-05 4.28266e-05 
8 12 12 0.0218539 -2.52612e-05 3.93319e-05 
9 12 12 0.0219302 -5.31645e-06 3.26781e-05 
10 12 12 0.0221135 1.33178e-05 2.49095e-05 
11 12 12 0.022376 2.75362e-05 1.74745e-05 
12 12 12 0.0226761 3.45814e-05 1.14619e-05 
13 12 12 0.0229544 2.99761e-05 5.93749e-06 
14 12 12 0.0229948 -5.98385e-05 -2.39211e-05 
15 12 12 0.0211482 0.000775288 0.000495181 
0 13 13 0 0 0 
1 13 13 0 0 0 
2 13 13 0 0 0 
3 13 13 0 0 0 
4 13 13 0 0 0 
5 13 13 0 0 0 
6 13 13 0 0 0 
7 13 13 0 0 0 
8 13 13 0 0 0 
9 13 13 0 0 0 
10 13 13 0 0 0 
11 13 13 0 0 0 
12 13 13 0 0 0 
13 13 13 0 0 0 
14 13 13 0 0 0 
15 13 13 0 0 0 
0 14 14 0 0 0 
1 14 14 0 0 0 
2 14 14 0 0 0 
3 14 14 0 0 0 
4 14 14 0 0 0 
5 14 14 0 0 0 
6 14 14 0 0 0 
7 14 14 0 0 0 
8 14 14 0 0 0 
9 14 14 0 0 0 
10 14 14 0 0 0 
11 14 14 0 0 0 
12 14 14 0 0 0 
13 14 14 0 0 0 
14 14 14 0 0 0 
15 14 14 0 0 0 
0 15 15 0 0 0 
1 15 15 0 0 0 
2 15 15 0 0 0 
3 15 15 0 0 0 
4 15 15 0 0 0 
5 15 15 0 0 0 
6 15 15 0 0 0 
7 15 15 0 0 0 
8 15 15 0 0 0 
9 15 15 0 0 0 
10 15 15 0 0 0 
11 15 15 0 0 0 
12 15 15 0 0 0 
13 15 15 0 0 0 
14 15 15 0 0 0 
15 15 15 0 0 0 
0 0 0 0 0 0 
1 0 0 0 0 0 
2 0 0 0 0 0 
3 0 0 0 0 0 
4 0 0 0 0 0 
5 0 0 0 0 0 
6 0 0 0 0 0 
7 0 0 0 0 0 
8 0 0 0 0 0 
9 0 0 0 0 0 
10 0 0 0 0 0 
11 0 0 0 0 0 
12 0 0 0 0 0 
13 0 0 0 0 0 
14 0 0 0 0 0 
15 0 0 0 0 0 
0 1 1 0 0 0 
1 1 1 0 0 0 
2 1 1 0 0 0 
3 1 1 0 0 0 
4 1 1 0 0 0 
5 1 1 0 0 0 
6 1 1 0 0 0 
7 1 1 0 0 0 
8 1 1 0 0 0 
9 1 1 0 0 0 
10 1 1 0 0 0 
11 1 1 0 0 0 
12 1 1 0 0 0 
13 1 1 0 0 0 
14 1 1 0 0 0 
15 1 1 0 0 0 
0 2 2 0 0 0 
1 2 2 0 0 0 
2 2 2 0 0 0 
3 2 2 0 0 0 
4 2 2 0 0 0 
5 2 2 0 0 0 
6 2 2 0 0 0 
7 2 2 0 0 0 
8 2 2 0 0 0 
9 2 2 0 0 0 
10 2 2 0 0 0 
11 2 2 0 0 0 
12 2 2 0 0 0 
13 2 2 0 0 0 
14 2 2 0 0 0 
15 2 2 0 0 0 
0 3 3 0 0 0 
1 3 3 0 0 0 
2 3 3 0 0 0 
3 3 3 0 0 0 
4 3 3 0 0 0 
5 3 3 0 0 0 
6 3 3 0 0 0 
7 3 3 0 0 0 
8 3 3 0 0 0 
9 3 3 0 0 0 
10 3 3 0 0 0 
11 3 3 0 0 0 
12 3 3 0 0 0 
13 3 3 0 0 0 
14 3 3 0 0 0 
15 3 3 0 0 0 
0 4 4 0.0292315 -4.21132e-05 1.72471e-05 
1 4 4 0.0292657 -1.06139e-05 -2.17058e-05 
2 4 4 0.0289797 -5.31039e-07 -5.85681e-05 
3 4 4 0.0285184 -5.42776e-06 -8.71222e-05 
4 4 4 0.028004 -1.72511e-05 -0.000104876 
5 4 4 0.0275289 -3.03369e-05 -0.000109901 
6 4 4 0.0271529 -4.10295e-05 -0.000103035 
7 4 4 0.0269128 -4.7763e-05 -8.5913e-05 
8 4 4 0.0268263 -5.03579e-05 -6.2297e-05 
9 4 4 0.0268953 -5.00508e-05 -3.57312e-05 
10 4 4 0.0271006 -4.78479e-05 -1.07732e-05 
11 4 4 0.0274061 -4.44916e-05 8.45436e-06 
12 4 4 0.0277569 -3.96947e-05 1.87262e-05 
13 4 4 0.0280756 -2.99489e-05 1.63498e-05 
14 4 4 0.0280869 4.77882e-05 -6.06681e-05 
15 4 4 0.0258554 -0.000748258 0.000674173 
0 5 5 0.155995 -6.99258e-05 0.000165333 
1 5 5 0.155441 0.000155612 -0.000196492 
2 5 5 0.153804 0.000206567 -0.00047285 
3 5 5 0.151677 0.000136858 -0.00064669 
4 5 5 0.149535 6.71923e-06 -0.000719906 
5 5 5 0.147714 -0.000135043 -0.000699562 
6 5 5 0.146423 -0.000257669 -0.000599507 
7 5 5 0.145774 -0.000345552 -0.000438836 
8 5 5 0.145791 -0.000393864 -0.00024305 
9 5 5 0.146432 -0.000406273 -4.13092e-05 
10 5 5 0.147572 -0.000389153 0.000135082 
11 5 5 0.149021 -0.000349065 0.000257156 
12 5 5 0.150537 -0.000287624 0.000301131 
13 5 5 0.151797 -0.000176282 0.000227116 
14 5 5 0.151658 0.000502253 -0.000631554 
15 5 5 0.156959 -0.0018728 0.00232087 
0 6 6 0.304297 0.000220761 0.000253571 
1 6 6 0.30302 0.000582294 -0.000645461 
2 6 6 0.300353 0.000596374 -0.00122435 
3 6 6 0.297161 0.000371231 -0.00150316 
4 6 6 0.294102 3.25106e-05 -0.00153282 
5 6 6 0.291619 -0.000315467 -0.0013632 
6 6 6 0.289978 -0.00060361 -0.00104051 
7 6 6 0.289304 -0.00079559 -0.000615526 
8 6 6 0.289603 -0.000880617 -0.000145758 
9 6 6 0.290778 -0.000867748 0.000305075 
10 6 6 0.292626 -0.000777165 0.000671826 
11 6 6 0.294855 -0.000634124 0.000894764 
12 6 6 0.297106 -0.000460122 0.000923878 
13 6 6 0.298951 -0.000234463 0.000659576 
14 6 6 0.299438 0.000617261 -0.00107276 
15 6 6 0.310602 -0.00148204 0.00335408 
0 7 7 0.419755 0.000562505 0.000217664 
1 7 7 0.418261 0.000791607 -0.00122834 
2 7 7 0.415211 0.000658919 -0.00203344 
3 7 7 0.411614 0.000282153 -0.00229656 
4 7 7 0.408214 -0.00019373 -0.00215644 
5 7 7 0.4055 -0.000642251 -0.00173431 
6 7 7 0.403758 -0.000976933 -0.00112697 
7 7 7 0.403119 -0.00115406 -0.000421954 
8 7 7 0.403583 -0.001167 0.000295629 
9 7 7 0.405037 -0.00103967 0.000938028 
10 7 7 0.407252 -0.00081524 0.00142007 
11 7 7 0.409895 -0.000546155 0.00166643 
12 7 7 0.412556 -0.000283103 0.00161416 
13 7 7 0.414758 -5.26186e-05 0.00112009 
14 7 7 0.4159 0.000392635 -0.00116478 
15 7 7 0.424358 -0.000496263 0.00410921 
0 8 8 0.431574 0.00069636 0.000132472 
1 8 8 0.430261 0.000552123 -0.00137564 
2 8 8 0.42738 0.000212307 -0.00212082 
3 8 8 0.423943 -0.000234339 -0.00224939 
4 8 8 0.420686 -0.000680859 -0.00194991 
5 8 8 0.418097 -0.00103282 -0.00138645 
6 8 8 0.416463 -0.00122642 -0.000682717 
7 8 8 0.415916 -0.00123675 6.23498e-05 
8 8 8 0.416463 -0.00107679 0.000764905 
9 8 8 0.417997 -0.000790414 0.00134779 
10 8 8 0.420294 -0.000441717 0.00174203 
11 8 8 0.423027 -0.000102171 0.00189045 
12 8 8 0.425785 0.000163246 0.00174614 
13 8 8 0.428086 0.000300923 0.0011715 
14 8 8 0.429375 0.000127736 -0.00120477 
15 8 8 0.437615 0.000744333 0.00419331 
0 9 9 0.330255 0.000550165 8.05978e-05 
1 9 9 0.329322 0.000117586 -0.000902822 
2 9 9 0.326974 -0.000323963 -0.00133164 
3 9 9 0.32409 -0.000718136 -0.00132619 
4 9 9 0.32132 -0.00101266 -0.00103804 
5 9 9 0.319103 -0.00116765 -0.000599342 
6 9 9 0.317705 -0.00116246 -0.000105911 
7 9 9 0.317255 -0.00100237 0.000373157 
8 9 9 0.317767 -0.000719233 0.000787598 
9 9 9 0.319151 -0.000366015 0.00109867 
10 9 9 0.321215 -8.13891e-06 0.00127672 
11 9 9 0.323669 0.000287498 0.00130021 
12 9 9 0.326153 0.00046317 0.00115111 
13 9 9 0.328233 0.000449138 0.000738899 
14 9 9 0.329077 -0.00029862 -0.00117747 
15 9 9 0.339996 0.00164649 0.00354387 
0 10 10 0.175379 0.000279167 0.000114806 
1 10 10 0.175011 -7.34043e-05 -0.000262567 
2 10 10 0.173523 -0.000378979 -0.00040342 
3 10 10 0.171542 -0.000607305 -0.000366736 
4 10 10 0.169555 -0.000741417 -0.000224897 
5 10 10 0.167902 -0.000774794 -4.06833e-05 
6 10 10 0.166799 -0.000709658 0.000143769 
7 10 10 0.166357 -0.000560145 0.000302411 
8 10 10 0.1666 -0.000352057 0.000421471 
9 10 10 0.167479 -0.000120348 0.00049504 
10 10 10 0.168866 9.57734e-05 0.000521508 
11 10 10 0.170565 0.000258501 0.000500695 
12 10 10 0.17232 0.00033519 0.000430553 
13 10 10 0.173794 0.000274356 0.000273403 
14 10 10 0.173851 -0.000512704 -0.000771704 
15 10 10 0.180688 0.00189283 0.00253117 
0 11 11 0.0485794 6.39158e-05 6.51904e-05 
1 11 11 0.0486905 -1.95696e-05 4.21693e-06 
2 11 11 0.0482734 -9.38542e-05 -1.31612e-05 
3 11 11 0.0475747 -0.000150018 1.53337e-08 
4 11 11 0.0467975 -0.00018336 2.84988e-05 
5 11 11 0.0460892 -0.000193105 5.84524e-05 
6 11 11 0.0455505 -0.000179461 8.24908e-05 
7 11 11 0.0452384 -0.000146049 9.66843e-05 
8 11 11 0.0451782 -9.86328e-05 0.0001011 
9 11 11 0.0453667 -4.55498e-05 9.7517e-05 
10 11 11 0.0457743 4.88553e-06 8.90521e-05 
11 11 11 0.0463391 4.40345e-05 7.78289e-05 
12 11 11 0.046971 6.44906e-05 6.48221e-05 
13 11 11 0.0475391 5.6146e-05 4.38147e-05 
14 11 11 0.0475259 -0.000125112 -0.000141393 
15 11 11 0.045766 0.00115604 0.00120032 
0 12 12 0 0 0 
1 12 12 0 0 0 
2 12 12 0 0 0 
3 12 12 0 0 0 
4 12 12 0 0 0 
5 12 12 0 0 0 
6 12 12 0 0 0 
7 12 12 0 0 0 
8 12 12 0 0 0 
9 12 12 0 0 0 
10 12 12 0 0 0 
11 12 12 0 0 0 
12 12 12 0 0 0 
13 12 12 0 0 0 
14 12 12 0 0 0 
15 12 12 0 0 0 
0 13 13 0 0 0 
1 13 13 0 0 0 
2 13 13 0 0 0 
3 13 13 0 0 0 
4 13 13 0 0 0 
5 13 13 0 0 0 
6 13 13 0 0 0 
7 13 13 0 0 0 
8 13 13 0 0 0 
9 13 13 0 0 0 
10 13 13 0 0 0 
11 13 13 0 0 0 
12 13 13 0 0 0 
13 13 13 0 0 0 
14 13 13 0 0 0 
15 13 13 0 0 0 
0 14 14 0 0 0 
1 14 14 0 0 0 
2 14 14 0 0 0 
3 14 14 0 0 0 
4 14 14 0 0 0 
5 14 14 0 0 0 
6 14 14 0 0 0 
7 14 14 0 0 0 
8 14 14 0 0 0 
9 14 14 0 0 0 
10 14 14 0 0 0 
11 14 14 0 0 0 
12 14 14 0 0 0 
13 14 14 0 0 0 
14 14 14 0 0 0 
15 14 14 0 0 0 
0 15 15 0 0 0 
1 15 15 0 0 0 
2 15 15 0 0 0 
3 15 15 0 0 0 
4 15 15 0 0 0 
5 15 15 0 0 0 
6 15 15 0 0 0 
7 15 15 0 0 0 
8 15 15 0 0 0 
9 15 15 0 0 0 
10 15 15 0 0 0 
11 15 15 0 0 0 
12 15 15 0 0 0 
13 15 15 0 0 0 
14 15 15 0 0 0 
15 15 15 0 0 0 
0 0 0 0 0 0 
1 0 0 0 0 0 
2 0 0 0 0 0 
3 0 0 0 0 0 
4 0 0 0 0 0 
5 0 0 0 0 0 
6 0 0 0 0 0 
7 0 0 0 0 0 
8 0 0 0 0 0 
9 0 0 0 0 0 
10 0 0 0 0 0 
11 0 0 0 0 0 
12 0 0 0 0 0 
13 0 0 0 0 0 
14 0 0 0 0 0 
15 0 0 0 0 0 
0 1 1 0 0 0 
1 1 1 0 0 0 
2 1 1 0 0 0 
3 1 1 0 0 0 
4 1 1 0 0 0 
5 1 1 0 0 0 
6 1 1 0 0 0 
7 1 1 0 0 0 
8 1 1 0 0 0 
9 1 1 0 0 0 
10 1 1 0 0 0 
11 1 1 0 0 0 
12 1 1 0 0 0 
13 1 1 0 0 0 
14 1 1 0 0 0 
15 1 1 0 0 0 
0 2 2 0 0 0 
1 2 2 0 0 0 
2 2 2 0 0 0 
3 2 2 0 0 0 
4 2 2 0 0 0 
5 2 2 0 0 0 
6 2 2 0 0 0 
7 2 2 0 0 0 
8 2 2 0 0 0 
9 2 2 0 0 0 
10 2 2 0 0 0 
11 2 2 0 0 0 
12 2 2 0 0 0 
13 2 2 0 0 0 
14 2 2 0 0 0 
15 2 2 0 0 0 
0 3 3 0 0 0 
1 3 3 0 0 0 
2 3 3 0 0 0 
3 3 3 0 0 0 
4 3 3 0 0 0 
5 3 3 0 0 0 
6 3 3 0 0 0 
7 3 3 0 0 0 
8 3 3 0 0 0 
9 3 3 0 0 0 
10 3 3 0 0 0 
11 3 3 0 0 0 
12 3 3 0 0 0 
13 3 3 0 0 0 
14 3 3 0 0 0 
15 3 3 0 0 0 
0 4 4 0 0 0 
1 4 4 0 0 0 
2 4 4 0 0 0 
3 4 4 0 0 0 
4 4 4 0 0 0 
5 4 4 0 0 0 
6 4 4 0 0 0 
7 4 4 0 0 0 
8 4 4 0 0 0 
9 4 4 0 0 0 
10 4 4 0 0 0 
11 4 4 0 0 0 
12 4 4 0 0 0 
13 4 4 0 0 0 
14 4 4 0 0 0 
15 4 4 0 0 0 
0 5 5 0 0 0 
1 5 5 0 0 0 
2 5 5 0 0 0 
3 5 5 0 0 0 
4 5 5 0 0 0 
5 5 5 0 0 0 
6 5 5 0 0 0 
7 5 5 0 0 0 
8 5 5 0 0 0 
9 5 5 0 0 0 
10 5 5 0 0 0 
11 5 5 0 0 0 
12 5 5 0 0 0 
13 5 5 0 0 0 
14 5 5 0 0 0 
15 5 5 0 0 0 
0 6 6 0.0692324 -3.70324e-05 9.02267e-05 
1 6 6 0.0691956 -2.91564e-05 -6.00065e-05 
2 6 6 0.0685257 -7.38526e-05 -0.000173964 
3 6 6 0.0675305 -0.00014475 -0.000242887 
4 6 6 0.066471 -0.000213096 -0.000271893 
5 6 6 0.0655202 -0.000261722 -0.000264448 
6 6 6 0.0648001 -0.0002813 -0.000226376 
7 6 6 0.0643815 -0.000270736 -0.000165623 
8 6 6 0.0642908 -0.000234808 -9.12628e-05 
9 6 6 0.0645225 -0.000183934 -1.48718e-05 
10 6 6 0.0650288 -0.000129539 5.28736e-05 
11 6 6 0.0657261 -8.21132e-05 0.000100819 
12 6 6 0.066497 -4.89797e-05 0.000119363 
13 6 6 0.0671866 -3.15835e-05 9.30005e-05 
14 6 6 0.0672375 6.83766e-05 -0.000218455 
15 6 6 0.0652272 -0.00077089 0.00190375 
0 7 7 0.121482 8.04729e-06 0.000173091 
1 7 7 0.121214 -4.45659e-05 -0.000163489 
2 7 7 0.119966 -0.00017513 -0.000382642 
3 7 7 0.118254 -0.000333629 -0.000488586 
4 7 7 0.116489 -0.000471592 -0.000501908 
5 7 7 0.11497 -0.000558512 -0.000444884 
6 7 7 0.113885 -0.000580547 -0.000336673 
7 7 7 0.113335 -0.000538876 -0.000196537 
8 7 7 0.113351 -0.000446428 -4.31878e-05 
9 7 7 0.1139 -0.000325021 0.000103176 
10 7 7 0.114887 -0.000199958 0.000223088 
11 7 7 0.116155 -9.43234e-05 0.000297943 
12 7 7 0.117495 -2.52276e-05 0.000310386 
13 7 7 0.118619 -4.30015e-06 0.000219348 
14 7 7 0.118445 3.88358e-05 -0.00063665 
15 7 7 0.122064 -0.000347043 0.00283423 
0 8 8 0.125397 4.90717e-05 0.000191901 
1 8 8 0.125139 -3.56914e-05 -0.000144794 
2 8 8 0.123872 -0.000192182 -0.00033361 
3 8 8 0.12213 -0.000367842 -0.000395913 
4 8 8 0.120335 -0.000516223 -0.000367207 
5 8 8 0.118795 -0.000606666 -0.000281026 
6 8 8 0.117705 -0.000625317 -0.000161509 
7 8 8 0.11717 -0.000574366 -2.8346e-05 
8 8 8 0.117221 -0.000468613 0.000103111 
9 8 8 0.117822 -0.000331648 0.000218511 
10 8 8 0.118872 -0.000190952 0.000305001 
11 8 8 0.120209 -7.18077e-05 0.000350062 
12 8 8 0.121614 8.86097e-06 0.00034019 
13 8 8 0.122787 4.75949e-05 0.000232584 
14 8 8 0.122571 1.02735e-05 -0.000700641 
15 8 8 0.127123 0.000228586 0.00286545 
0 9 9 0.0832761 5.51046e-05 0.000123592 
1 9 9 0.0832502 -3.23949e-05 -4.44358e-05 
2 9 9 0.0824826 -0.000153231 -0.000124506 
3 9 9 0.0813424 -0.00027495 -0.000135213 
4 9 9 0.0801287 -0.000370716 -0.00010179 
5 9 9 0.0790576 -0.000423743 -4.75281e-05 
6 9 9 0.0782724 -0.00042667 1.34335e-05 
7 9 9 0.0778524 -0.000382251 7.12254e-05 
8 9 9 0.0778267 -0.000301399 0.000120689 
9 9 9 0.0781792 -0.000200677 0.000158152 
10 9 9 0.0788526 -9.93692e-05 0.000181805 
11 9 9 0.0797429 -1.50877e-05 0.000188883 
12 9 9 0.0807085 4.00826e-05 0.000174937 
13 9 9 0.0815598 6.11794e-05 0.000120914 
14 9 9 0.0816268 -5.18393e-05 -0.00030875 
15 9 9 0.0813153 0.000766882 0.00228073 
0 10 10 0.0256793 1.89479e-05 3.48877e-05 
1 10 10 0.0257604 -1.17076e-05 4.09252e-06 
2 10 10 0.0255575 -4.76e-05 -7.25718e-06 
3 10 10 0.0251982 -8.08097e-05 -4.4789e-06 
4 10 10 0.0247898 -0.000105391 5.85203e-06 
5 10 10 0.0244095 -0.00011745 1.80458e-05 
6 10 10 0.0241127 -0.00011608 2.85055e-05 
7 10 10 0.0239301 -0.000102017 3.56992e-05 
8 10 10 0.0238762 -7.83519e-05 3.93819e-05 
9 10 10 0.0239513 -4.96464e-05 4.01122e-05 
10 10 10 0.0241451 -2.11504e-05 3.86651e-05 
11 10 10 0.0244236 2.29437e-06 3.57892e-05 
12 10 10 0.0247437 1.66116e-05 3.15087e-05 
13 10 10 0.0250421 1.75328e-05 2.34372e-05 
14 10 10 0.0250958 -3.51257e-05 -4.9606e-05 
15 10 10 0.0230702 0.000561046 0.000812069 
0 11 11 0 0 0 
1 11 11 0 0 0 
2 11 11 0 0 0 
3 11 11 0 0 0 
4 11 11 0 0 0 
5 11 11 0 0 0 
6 11 11 0 0 0 
7 11 11 0 0 0 
8 11 11 0 0 0 
9 11 11 0 0 0 
10 11 11 0 0 0 
11 11 11 0 0 0 
12 11 11 0 0 0 
13 11 11 0 0 0 
14 11 11 0 0 0 
15 11 11 0 0 0 
0 12 12 0 0 0 
1 12 12 0 0 0 
2 12 12 0 0 0 
3 12 12 0 0 0 
4 12 12 0 0 0 
5 12 12 0 0 0 
6 12 12 0 0 0 
7 12 12 0 0 0 
8 12 12 0 0 0 
9 12 12 0 0 0 
10 12 12 0 0 0 
11 12 12 0 0 0 
12 12 12 0 0 0 
13 12 12 0 0 0 
14 12 12 0 0 0 
15 12 12 0 0 0 
0 13 13 0 0 0 
1 13 13 0 0 0 
2 13 13 0 0 0 
3 13 13 0 0 0 
4 13 13 0 0 0 
5 13 13 0 0 0 
6 13 13 0 0 0 
7 13 13 0 0 0 
8 13 13 0 0 0 
9 13 13 0 0 0 
10 13 13 0 0 0 
11 13 13 0 0 0 
12 13 13 0 0 0 
13 13 13 0 0 0 
14 13 13 0 0 0 
15 13 13 0 0 0 
0 14 14 0 0 0 
1 14 14 0 0 0 
2 14 14 0 0 0 
3 14 14 0 0 0 
4 14 14 0 0 0 
5 14 14 0 0 0 
6 14 14 0 0 0 
7 14 14 0 0 0 
8 14 14 0 0 0 
9 14 14 0 0 0 
10 14 14 0 0 0 
11 14 14 0 0 0 
12 14 14 0 0 0 
13 14 14 0 0 0 
14 14 14 0 0 0 
15 14 14 0 0 0 
0 15 15 0 0 0 
1 15 15 0 0 0 
2 15 15 0 0 0 
3 15 15 0 0 0 
4 15 15 0 0 0 
5 15 15 0 0 0 
6 15 15 0 0 0 
7 15 15 0 0 0 
8 15 15 0 0 0 
9 15 15 0 0 0 
10 15 15 0 0 0 
11 15 15 0 0 0 
12 15 15 0 0 0 
13 15 15 0 0 0 
14 15 15 0 0 0 
15 15 15 0 0 0 
0 0 0 0 0 0 
1 0 0 0 0 0 
2 0 0 0 0 0 
3 0 0 0 0 0 
4 0 0 0 0 0 
5 0 0 0 0 0 
6 0 0 0 0 0 
7 0 0 0 0 0 
8 0 0 0 0 0 
9 0 0 0 0 0 
10 0 0 0 0 0 
11 0 0 0 0 0 
12 0 0 0 0 0 
13 0 0 0 0 0 
14 0 0 0 0 0 
15 0 0 0 0 0 
0 1 1 0 0 0 
1 1 1 0 0 0 
2 1 1 0 0 0 
3 1 1 0 0 0 
4 1 1 0 0 0 
5 1 1 0 0 0 
6 1 1 0 0 0 
7 1 1 0 0 0 
8 1 1 0 0 0 
9 1 1 0 0 0 
10 1 1 0 0 0 
11 1 1 0 0 0 
12 1 1 0 0 0 
13 1 1 0 0 0 
14 1 1 0 0 0 
15 1 1 0 0 0 
0 2 2 0 0 0 
1 2 2 0 0 0 
2 2 2 0 0 0 
3 2 2 0 0 0 
4 2 2 0 0 0 
5 2 2 0 0 0 
6 2 2 0 0 0 
7 2 2 0 0 0 
8 2 2 0 0 0 
9 2 2 0 0 0 
10 2 2 0 0 0 
11 2 2 0 0 0 
12 2 2 0 0 0 
13 2 2 0 0 0 
14 2 2 0 0 0 
15 2 2 0 0 0 
0 3 3 0 0 0 
1 3 3 0 0 0 
2 3 3 0 0 0 
3 3 3 0 0 0 
4 3 3 0 0 0 
5 3 3 0 0 0 
6 3 3 0 0 0 
7 3 3 0 0 0 
8 3 3 0 0 0 
9 3 3 0 0 0 
10 3 3 0 0 0 
11 3 3 0 0 0 
12 3 3 0 0 0 
13 3 3 0 0 0 
14 3 3 0 0 0 
15 3 3 0 0 0 
0 4 4 0 0 0 
1 4 4 0 0 0 
2 4 4 0 0 0 
3 4 4 0 0 0 
4 4 4 0 0 0 
5 4 4 0 0 0 
6 4 4 0 0 0 
7 4 4 0 0 0 
8 4 4 0 0 0 
9 4 4 0 0 0 
10 4 4 0 0 0 
11 4 4 0 0 0 
12 4 4 0 0 0 
13 4 4 0 0 0 
14 4 4 0 0 0 
15 4 4 0 0 0 
0 5 5 0 0 0 
1 5 5 0 0 0 
2 5 5 0 0 0 
3 5 5 0 0 0 
4 5 5 0 0 0 
5 5 5 0 0 0 
6 5 5 0 0 0 
7 5 5 0 0 0 
8 5 5 0 0 0 
9 5 5 0 0 0 
10 5 5 0 0 0 
11 5 5 0 0 0 
12 5 5 0 0 0 
13 5 5 0 0 0 
14 5 5 0 0 0 
15 5 5 0 0 0 
0 6 6 0 0 0 
1 6 6 0 0 0 
2 6 6 0 0 0 
3 6 6 0 0 0 
4 6 6 0 0 0 
5 6 6 0 0 0 
6 6 6 0 0 0 
7 6 6 0 0 0 
8 6 6 0 0 0 
9 6 6 0 0 0 
10 6 6 0 0 0 
11 6 6 0 0 0 
12 6 6 0 0 0 
13 6 6 0 0 0 
14 6 6 0 0 0 
15 6 6 0 0 0 
0 7 7 0 0 0 
1 7 7 0 0 0 
2 7 7 0 0 0 
3 7 7 0 0 0 
4 7 7 0 0 0 
5 7 7 0 0 0 
6 7 7 0 0 0 
7 7 7 0 0 0 
8 7 7 0 0 0 
9 7 7 0 0 0 
10 7 7 0 0 0 
11 7 7 0 0 0 
12 7 7 0 0 0 
13 7 7 0 0 0 
14 7 7 0 0 0 
15 7 7 0 0 0 
0 8 8 0 0 0 
1 8 8 0 0 0 
2 8 8 0 0 0 
3 8 8 0 0 0 
4 8 8 0 0 0 
5 8 8 0 0 0 
6 8 8 0 0 0 
7 8 8 0 0 0 
8 8 8 0 0 0 
9 8 8 0 0 0 
10 8 8 0 0 0 
11 8 8 0 0 0 
12 8 8 0 0 0 
13 8 8 0 0 0 
14 8 8 0 0 0 
15 8 8 0 0 0 
0 9 9 0 0 0 
1 9 9 0 0 0 
2 9 9 0 0 0 
3 9 9 0 0 0 
4 9 9 0 0 0 
5 9 9 0 0 0 
6 9 9 0 0 0 
7 9 9 0 0 0 
8 9 9 0 0 0 
9 9 9 0 0 0 
10 9 9 0 0 0 
11 9 9 0 0 0 
12 9 9 0 0 0 
13 9 9 0 0 0 
14 9 9 0 0 0 
15 9 9 0 0 0 
0 10 10 0 0 0 
1 10 10 0 0 0 
2 10 10 0 0 0 
3 10 10 0 0 0 
4 10 10 0 0 0 
5 10 10 0 0 0 
6 10 10 0 0 0 
7 10 10 0 0 0 
8 10 10 0 0 0 
9 10 10 0 0 0 
10 10 10 0 0 0 
11 10 10 0 0 0 
12 10 10 0 0 0 
13 10 10 0 0 0 
14 10 10 0 0 0 
15 10 10 0 0 0 
0 11 11 0 0 0 
1 11 11 0 0 0 
2 11 11 0 0 0 
3 11 11 0 0 0 
4 11 11 0 0 0 
5 11 11 0 0 0 
6 11 11 0 0 0 
7 11 11 0 0 0 
8 11 11 0 0 0 
9 11 11 0 0 0 
10 11 11 0 0 0 
11 11 11 0 0 0 
12 11 11 0 0 0 
13 11 11 0 0 0 
14 11 11 0 0 0 
15 11 11 0 0 0 
0 12 12 0 0 0 
1 12 12 0 0 0 
2 12 12 0 0 0 
3 12 12 0 0 0 
4 12 12 0 0 0 
5 12 12 0 0 0 
6 12 12 0 0 0 
7 12 12 0 0 0 
8 12 12 0 0 0 
9 12 12 0 0 0 
10 12 12 0 0 0 
11 12 12 0 0 0 
12 12 12 0 0 0 
13 12 12 0 0 0 
14 12 12 0 0 0 
15 12 12 0 0 0 
0 13 13 0 0 0 
1 13 13 0 0 0 
2 13 13 0 0 0 
3 13 13 0 0 0 
4 13 13 0 0 0 
5 13 13 0 0 0 
6 13 13 0 0 0 
7 13 13 0 0 0 
8 13 13 0 0 0 
9 13 13 0 0 0 
10 13 13 0 0 0 
11 13 13 0 0 0 
12 13 13 0 0 0 
13 13 13 0 0 0 
14 13 13 0 0 0 
15 13 13 0 0 0 
0 14 14 0 0 0 
1 14 14 0 0 0 
2 14 14 0 0 0 
3 14 14 0 0 0 
4 14 14 0 0 0 
5 14 14 0 0 0 
6 14 14 0 0 0 
7 14 14 0 0 0 
8 14 14 0 0 0 
9 14 14 0 0 0 
10 14 14 0 0 0 
11 14 14 0 0 0 
12 14 14 0 0 0 
13 14 14 0 0 0 
14 14 14 0 0 0 
15 14 14 0 0 0 
0 15 15 0 0 0 
1 15 15 0 0 0 
2 15 15 0 0 0 
3 15 15 0 0 0 
4 15 15 0 0 0 
5 15 15 0 0 0 
6 15 15 0 0 0 
7 15 15 0 0 0 
8 15 15 0 0 0 
9 15 15 0 0 0 
10 15 15 0 0 0 
11 15 15 0 0 0 
12 15 15 0 0 0 
13 15 15 0 0 0 
14 15 15 0 0 0 
15 15 15 0 0 0 
0 0 0 0 0 0 
1 0 0 0 0 0 
2 0 0 0 0 0 
3 0 0 0 0 0 
4 0 0 0 0 0 
5 0 0 0 0 0 
6 0 0 0 0 0 
7 0 0 0 0 0 
8 0 0 0 0 0 
9 0 0 0 0 0 
10 0 0 0 0 0 
11 0 0 0 0 0 
12 0 0 0 0 0 
13 0 0 0 0 0 
14 0 0 0 0 0 
15 0 0 0 0 0 
0 1 1 0 0 0 
1 1 1 0 0 0 
2 1 1 0 0 0 
3 1 1 0 0 0 
4 1 1 0 0 0 
5 1 1 0 0 0 
6 1 1 0 0 0 
7 1 1 0 0 0 
8 1 1 0 0 0 
9 1 1 0 0 0 
10 1 1 0 0 0 
11 1 1 0 0 0 
12 1 1 0 0 0 
13 1 1 0 0 0 
14 1 1 0 0 0 
15 1 1 0 0 0 
0 2 2 0 0 0 
1 2 2 0 0 0 
2 2 2 0 0 0 
3 2 2 0 0 0 
4 2 2 0 0 0 
5 2 2 0 0 0 
6 2 2 0 0 0 
7 2 2 0 0 0 
8 2 2 0 0 0 
9 2 2 0 0 0 
10 2 2 0 0 0 
11 2 2 0 0 0 
12 2 2 0 0 0 
13 2 2 0 0 0 
14 2 2 0 0 0 
15 2 2 0 0 0 
0 3 3 0 0 0 
1 3 3 0 0 0 
2 3 3 0 0 0 
3 3 3 0 0 0 
4 3 3 0 0 0 
5 3 3 0 0 0 
6 3 3 0 0 0 
7 3 3 0 0 0 
8 3 3 0 0 0 
9 3 3 0 0 0 
10 3 3 0 0 0 
11 3 3 0 0 0 
12 3 3 0 0 0 
13 3 3 0 0 0 
14 3 3 0 0 0 
15 3 3 0 0 0 
0 4 4 0 0 0 
1 4 4 0 0 0 
2 4 4 0 0 0 
3 4 4 0 0 0 
4 4 4 0 0 0 
5 4 4 0 0 0 
6 4 4 0 0 0 
7 4 4 0 0 0 
8 4 4 0 0 0 
9 4 4 0 0 0 
10 4 4 0 0 0 
11 4 4 0 0 0 
12 4 4 0 0 0 
13 4 4 0 0 0 
14 4 4 0 0 0 
15 4 4 0 0 0 
0 5 5 0 0 0 
1 5 5 0 0 0 
2 5 5 0 0 0 
3 5 5 0 0 0 
4 5 5 0 0 0 
5 5 5 0 0 0 
6 5 5 0 0 0 
7 5 5 0 0 0 
8 5 5 0 0 0 
9 5 5 0 0 0 
10 5 5 0 0 0 
11 5 5 0 0 0 
12 5 5 0 0 0 
13 5 5 0 0 0 
14 5 5 0 0 0 
15 5 5 0 0 0 
0 6 6 0 0 0 
1 6 6 0 0 0 
2 6 6 0 0 0 
3 6 6 0 0 0 
4 6 6 0 0 0 
5 6 6 0 0 0 
6 6 6 0 0 0 
7 6 6 0 0 0 
8 6 6 0 0 0 
9 6 6 0 0 0 
10 6 6 0 0 0 
11 6 6 0 0 0 
12 6 6 0 0 0 
13 6 6 0 0 0 
14 6 6 0 0 0 
15 6 6 0 0 0 
0 7 7 0 0 0 
1 7 7 0 0 0 
2 7 7 0 0 0 
3 7 7 0 0 0 
4 7 7 0 0 0 
5 7 7 0 0 0 
6 7 7 0 0 0 
7 7 7 0 0 0 
8 7 7 0 0 0 
9 7 7 0 0 0 
10 7 7 0 0 0 
11 7 7 0 0 0 
12 7 7 0 0 0 
13 7 7 0 0 0 
14 7 7 0 0 0 
15 7 7 0 0 0 
0 8 8 0 0 0 
1 8 8 0 0 0 
2 8 8 0 0 0 
3 8 8 0 0 0 
4 8 8 0 0 0 
5 8 8 0 0 0 
6 8 8 0 0 0 
7 8 8 0 0 0 
8 8 8 0 0 0 
9 8 8 0 0 0 
10 8 8 0 0 0 
11 8 8 0 0 0 
12 8 8 0 0 0 
13 8 8 0 0 0 
14 8 8 0 0 0 
15 8 8 0 0 0 
0 9 9 0 0 0 
1 9 9 0 0 0 
2 9 9 0 0 0 
3 9 9 0 0 0 
4 9 9 0 0 0 
5 9 9 0 0 0 
6 9 9 0 0 0 
7 9 9 0 0 0 
8 9 9 0 0 0 
9 9 9 0 0 0 
10 9 9 0 0 0 
11 9 9 0 0 0 
12 9 9 0 0 0 
13 9 9 0 0 0 
14 9 9 0 0 0 
15 9 9 0 0 0 
0 10 10 0 0 0 
1 10 10 0 0 0 
2 10 10 0 0 0 
3 10 10 0 0 0 
4 10 10 0 0 0 
5 10 10 0 0 0 
6 10 10 0 0 0 
7 10 10 0 0 0 
8 10 10 0 0 0 
9 10 10 0 0 0 
10 10 10 0 0 0 
11 10 10 0 0 0 
12 10 10 0 0 0 
13 10 10 0 0 0 
14 10 10 0 0 0 
15 10 10 0 0 0 
0 11 11 0 0 0 
1 11 11 0 0 0 
2 11 11 0 0 0 
3 11 11 0 0 0 
4 11 11 0 0 0 
5 11 11 0 0 0 
6 11 11 0 0 0 
7 11 11 0 0 0 
8 11 11 0 0 0 
9 11 11 0 0 0 
10 11 11 0 0 0 
11 11 11 0 0 0 
12 11 11 0 0 0 
13 11 11 0 0 0 
14 11 11 0 0 0 
15 11 11 0 0 0 
0 12 12 0 0 0 
1 12 12 0 0 0 
2 12 12 0 0 0 
3 12 12 0 0 0 
4 12 12 0 0 0 
5 12 12 0 0 0 
6 12 12 0 0 0 
7 12 12 0 0 0 
8 12 12 0 0 0 
9 12 12 0 0 0 
10 12 12 0 0 0 
11 12 12 0 0 0 
12 12 12 0 0 0 
13 12 12 0 0 0 
14 12 12 0 0 0 
15 12 12 0 0 0 
0 13 13 0 0 0 
1 13 13 0 0 0 
2 13 13 0 0 0 
3 13 13 0 0 0 
4 13 13 0 0 0 
5 13 13 0 0 0 
6 13 13 0 0 0 
7 13 13 0 0 0 
8 13 13 0 0 0 
9 13 13 0 0 0 
10 13 13 0 0 0 
11 13 13 0 0 0 
12 13 13 0 0 0 
13 13 13 0 0 0 
14 13 13 0 0 0 
15 13 13 0 0 0 
0 14 14 0 0 0 
1 14 14 0 0 0 
2 14 14 0 0 0 
3 14 14 0 0 0 
4 14 14 0 0 0 
5 14 14 0 0 0 
6 14 14 0 0 0 
7 14 14 0 0 0 
8 14 14 0 0 0 
9 14 14 0 0 0 
10 14 14 0 0 0 
11 14 14 0 0 0 
12 14 14 0 0 0 
13 14 14 0 0 0 
14 14 14 0 0 0 
15 14 14 0 0 0 
0 15 15 0 0 0 
1 15 15 0 0 0 
2 15 15 0 0 0 
3 15 15 0 0 0 
4 15 15 0 0 0 
5 15 15 0 0 0 
6 15 15 0 0 0 
7 15 15 0 0 0 
8 15 15 0 0 0 
9 15 15 0 0 0 
10 15 15 0 0 0 
11 15 15 0 0 0 
12 15 15 0 0 0 
13 15 15 0 0 0 
14 15 15 0 0 0 
15 15 15 0 0 0 
0 0 0 0 0 0 
1 0 0 0 0 0 
2 0 0 0 0 0 
3 0 0 0 0 0 
4 0 0 0 0 0 
5 0 0 0 0 0 
6 0 0 0 0 0 
7 0 0 0 0 0 
8 0 0 0 0 0 
9 0 0 0 0 0 
10 0 0 0 0 0 
11 0 0 0 0 0 
12 0 0 0 0 0 
13 0 0 0 0 0 
14 0 0 0 0 0 
15 0 0 0 0 0 
0 1 1 0 0 0 
1 1 1 0 0 0 
2 1 1 0 0 0 
3 1 1 0 0 0 
4 1 1 0 0 0 
5 1 1 0 0 0 
6 1 1 0 0 0 
7 1 1 0 0 0 
8 1 1 0 0 0 
9 1 1 0 0 0 
10 1 1 0 0 0 
11 1 1 0 0 0 
12 1 1 0 0 0 
13 1 1 0 0 0 
14 1 1 0 0 0 
15 1 1 0 0 0 
0 2 2 0 0 0 
1 2 2 0 0 0 
2 2 2 0 0 0 
3 2 2 0 0 0 
4 2 2 0 0 0 
5 2 2 0 0 0 
6 2 2 0 0 0 
7 2 2 0 0 0 
8 2 2 0 0 0 
9 2 2 0 0 0 
10 2 2 0 0 0 
11 2 2 0 0 0 
12 2 2 0 0 0 
13 2 2 0 0 0 
14 2 2 0 0 0 
15 2 2 0 0 0 
0 3 3 0 0 0 
1 3 3 0 0 0 
2 3 3 0 0 0 
3 3 3 0 0 0 
4 3 3 0 0 0 
5 3 3 0 0 0 
6 3 3 0 0 0 
7 3 3 0 0 0 
8 3 3 0 0 0 
9 3 3 0 0 0 
10 3 3 0 0 0 
11 3 3 0 0 0 
12 3 3 0 0 0 
13 3 3 0 0 0 
14 3 3 0 0 0 
15 3 3 0 0 0 
0 4 4 0 0 0 
1 4 4 0 0 0 
2 4 4 0 0 0 
3 4 4 0 0 0 
4 4 4 0 0 0 
5 4 4 0 0 0 
6 4 4 0 0 0 
7 4 4 0 0 0 
8 4 4 0 0 0 
9 4 4 0 0 0 
10 4 4 0 0 0 
11 4 4 0 0 0 
12 4 4 0 0 0 
13 4 4 0 0 0 
14 4 4 0 0 0 
15 4 4 0 0 0 
0 5 5 0 0 0 
1 5 5 0 0 0 
2 5 5 0 0 0 
3 5 5 0 0 0 
4 5 5 0 0 0 
5 5 5 0 0 0 
6 5 5 0 0 0 
7 5 5 0 0 0 
8 5 5 0 0 0 
9 5 5 0 0 0 
10 5 5 0 0 0 
11 5 5 0 0 0 
12 5 5 0 0 0 
13 5 5 0 0 0 
14 5 5 0 0 0 
15 5 5 0 0 0 
0 6 6 0 0 0 
1 6 6 0 0 0 
2 6 6 0 0 0 
3 6 6 0 0 0 
4 6 6 0 0 0 
5 6 6 0 0 0 
6 6 6 0 0 0 
7 6 6 0 0 0 
8 6 6 0 0 0 
9 6 6 0 0 0 
10 6 6 0 0 0 
11 6 6 0 0 0 
12 6 6 0 0 0 
13 6 6 0 0 0 
14 6 6 0 0 0 
15 6 6 0 0 0 
0 7 7 0 0 0 
1 7 7 0 0 0 
2 7 7 0 0 0 
3 7 7 0 0 0 
4 7 7 0 0 0 
5 7 7 0 0 0 
6 7 7 0 0 0 
7 7 7 0 0 0 
8 7 7 0 0 0 
9 7 7 0 0 0 
10 7 7 0 0 0 
11 7 7 0 0 0 
12 7 7 0 0 0 
13 7 7 0 0 0 
14 7 7 0 0 0 
15 7 7 0 0 0 
0 8 8 0 0 0 
1 8 8 0 0 0 
2 8 8 0 0 0 
3 8 8 0 0 0 
4 8 8 0 0 0 
5 8 8 0 0 0 
6 8 8 0 0 0 
7 8 8 0 0 0 
8 8 8 0 0 0 
9 8 8 0 0 0 
10 8 8 0 0 0 
11 8 8 0 0 0 
12 8 8 0 0 0 
13 8 8 0 0 0 
14 8 8 0 0 0 
15 8 8 0 0 0 
0 9 9 0 0 0 
1 9 9 0 0 0 
2 9 9 0 0 0 
3 9 9 0 0 0 
4 9 9 0 0 0 
5 9 9 0 0 0 
6 9 9 0 0 0 
7 9 9 0 0 0 
8 9 9 0 0 0 
9 9 9 0 0 0 
10 9 9 0 0 0 
11 9 9 0 0 0 
12 9 9 0 0 0 
13 9 9 0 0 0 
14 9 9 0 0 0 
15 9 9 0 0 0 
0 10 10 0 0 0 
1 10 10 0 0 0 
2 10 10 0 0 0 
3 10 10 0 0 0 
4 10 10 0 0 0 
5 10 10 0 0 0 
6 10 10 0 0 0 
7 10 10 0 0 0 
8 10 10 0 0 0 
9 10 10 0 0 0 
10 10 10 0 0 0 
11 10 10 0 0 0 
12 10 10 0 0 0 
13 10 10 0 0 0 
14 10 10 0 0 0 
15 10 10 0 0 0 
0 11 11 0 0 0 
1 11 11 0 0 0 
2 11 11 0 0 0 
3 11 11 0 0 0 
4 11 11 0 0 0 
5 11 11 0 0 0 
6 11 11 0 0 0 
7 11 11 0 0 0 
8 11 11 0 0 0 
9 11 11 0 0 0 
10 11 11 0 0 0 
11 11 11 0 0 0 
12 11 11 0 0 0 
13 11 11 0 0 0 
14 11 11 0 0 0 
15 11 11 0 0 0 
0 12 12 0 0 0 
1 12 12 0 0 0 
2 12 12 0 0 0 
3 12 12 0 0 0 
4 12 12 0 0 0 
5 12 12 0 0 0 
6 12 12 0 0 0 
7 12 12 0 0 0 
8 12 12 0 0 0 
9 12 12 0 0 0 
10 12 12 0 0 0 
11 12 12 0 0 0 
12 12 12 0 0 0 
13 12 12 0 0 0 
14 12 12 0 0 0 
15 12 12 0 0 0 
0 13 13 0 0 0 
1 13 13 0 0 0 
2 13 13 0 0 0 
3 13 13 0 0 0 
4 13 13 0 0 0 
5 13 13 0 0 0 
6 13 13 0 0 0 
7 13 13 0 0 0 
8 13 13 0 0 0 
9 13 13 0 0 0 
10 13 13 0 0 0 
11 13 13 0 0 0 
12 13 13 0 0 0 
13 13 13 0 0 0 
14 13 13 0 0 0 
15 13 13 0 0 0 
0 14 14 0 0 0 
1 14 14 0 0 0 
2 14 14 0 0 0 
3 14 14 0 0 0 
4 14 14 0 0 0 
5 14 14 0 0 0 
6 14 14 0 0 0 
7 14 14 0 0 0 
8 14 14 0 0 0 
9 14 14 0 0 0 
10 14 14 0 0 0 
11 14 14 0 0 0 
12 14 14 0 0 0 
13 14 14 0 0 0 
14 14 14 0 0 0 
15 14 14 0 0 0 
0 15 15 0 0 0 
1 15 15 0 0 0 
2 15 15 0 0 0 
3 15 15 0 0 0 
4 15 15 0 0 0 
5 15 15 0 0 0 
6 15 15 0 0 0 
7 15 15 0 0 0 
8 15 15 0 0 0 
9 15 15 0 0 0 
10 15 15 0 0 0 
11 15 15 0 0 0 
12 15 15 0 0 0 
13 15 15 0 0 0 
14 15 15 0 0 0 
15 15 15 0 0 0 
