0 0 0 0 0 0 
1 0 0 0 0 0 
2 0 0 0 0 0 
3 0 0 0 0 0 
4 0 0 0 0 0 
5 0 0 0 0 0 
6 0 0 0 0 0 
7 0 0 0 0 0 
8 0 0 0 0 0 
9 0 0 0 0 0 
10 0 0 0 0 0 
11 0 0 0 0 0 
12 0 0 0 0 0 
13 0 0 0 0 0 
14 0 0 0 0 0 
15 0 0 0 0 0 
0 1 1 0 0 0 
1 1 1 0 0 0 
2 1 1 0 0 0 
3 1 1 0 0 0 
4 1 1 0 0 0 
5 1 1 0 0 0 
6 1 1 0 0 0 
7 1 1 0 0 0 
8 1 1 0 0 0 
9 1 1 0 0 0 
10 1 1 0 0 0 
11 1 1 0 0 0 
12 1 1 0 0 0 
13 1 1 0 0 0 
14 1 1 0 0 0 
15 1 1 0 0 0 
0 2 2 0 0 0 
1 2 2 0 0 0 
2 2 2 0 0 0 
3 2 2 0 0 0 
4 2 2 0 0 0 
5 2 2 0 0 0 
6 2 2 0 0 0 
7 2 2 0 0 0 
8 2 2 0 0 0 
9 2 2 0 0 0 
10 2 2 0 0 0 
11 2 2 0 0 0 
12 2 2 0 0 0 
13 2 2 0 0 0 
14 2 2 0 0 0 
15 2 2 0 0 0 
0 3 3 0 0 0 
1 3 3 0 0 0 
2 3 3 0 0 0 
3 3 3 0 0 0 
4 3 3 0 0 0 
5 3 3 0 0 0 
6 3 3 0 0 0 
7 3 3 0 0 0 
8 3 3 0 0 0 
9 3 3 0 0 0 
10 3 3 0 0 0 
11 3 3 0 0 0 
12 3 3 0 0 0 
13 3 3 0 0 0 
14 3 3 0 0 0 
15 3 3 0 0 0 
0 4 4 0 0 0 
1 4 4 0 0 0 
2 4 4 0 0 0 
3 4 4 0 0 0 
4 4 4 0 0 0 
5 4 4 0 0 0 
6 4 4 0 0 0 
7 4 4 0 0 0 
8 4 4 0 0 0 
9 4 4 0 0 0 
10 4 4 0 0 0 
11 4 4 0 0 0 
12 4 4 0 0 0 
13 4 4 0 0 0 
14 4 4 0 0 0 
15 4 4 0 0 0 
0 5 5 0 0 0 
1 5 5 0 0 0 
2 5 5 0 0 0 
3 5 5 0 0 0 
4 5 5 0 0 0 
5 5 5 0 0 0 
6 5 5 0 0 0 
7 5 5 0 0 0 
8 5 5 0 0 0 
9 5 5 0 0 0 
10 5 5 0 0 0 
11 5 5 0 0 0 
12 5 5 0 0 0 
13 5 5 0 0 0 
14 5 5 0 0 0 
15 5 5 0 0 0 
0 6 6 0 0 0 
1 6 6 0 0 0 
2 6 6 0 0 0 
3 6 6 0 0 0 
4 6 6 0 0 0 
5 6 6 0 0 0 
6 6 6 0 0 0 
7 6 6 0 0 0 
8 6 6 0 0 0 
9 6 6 0 0 0 
10 6 6 0 0 0 
11 6 6 0 0 0 
12 6 6 0 0 0 
13 6 6 0 0 0 
14 6 6 0 0 0 
15 6 6 0 0 0 
0 7 7 0 0 0 
1 7 7 0 0 0 
2 7 7 0 0 0 
3 7 7 0 0 0 
4 7 7 0 0 0 
5 7 7 0 0 0 
6 7 7 0 0 0 
7 7 7 0 0 0 
8 7 7 0 0 0 
9 7 7 0 0 0 
10 7 7 0 0 0 
11 7 7 0 0 0 
12 7 7 0 0 0 
13 7 7 0 0 0 
14 7 7 0 0 0 
15 7 7 0 0 0 
0 8 8 0 0 0 
1 8 8 0 0 0 
2 8 8 0 0 0 
3 8 8 0 0 0 
4 8 8 0 0 0 
5 8 8 0 0 0 
6 8 8 0 0 0 
7 8 8 0 0 0 
8 8 8 0 0 0 
9 8 8 0 0 0 
10 8 8 0 0 0 
11 8 8 0 0 0 
12 8 8 0 0 0 
13 8 8 0 0 0 
14 8 8 0 0 0 
15 8 8 0 0 0 
0 9 9 0 0 0 
1 9 9 0 0 0 
2 9 9 0 0 0 
3 9 9 0 0 0 
4 9 9 0 0 0 
5 9 9 0 0 0 
6 9 9 0 0 0 
7 9 9 0 0 0 
8 9 9 0 0 0 
9 9 9 0 0 0 
10 9 9 0 0 0 
11 9 9 0 0 0 
12 9 9 0 0 0 
13 9 9 0 0 0 
14 9 9 0 0 0 
15 9 9 0 0 0 
0 10 10 0 0 0 
1 10 10 0 0 0 
2 10 10 0 0 0 
3 10 10 0 0 0 
4 10 10 0 0 0 
5 10 10 0 0 0 
6 10 10 0 0 0 
7 10 10 0 0 0 
8 10 10 0 0 0 
9 10 10 0 0 0 
10 10 10 0 0 0 
11 10 10 0 0 0 
12 10 10 0 0 0 
13 10 10 0 0 0 
14 10 10 0 0 0 
15 10 10 0 0 0 
0 11 11 0 0 0 
1 11 11 0 0 0 
2 11 11 0 0 0 
3 11 11 0 0 0 
4 11 11 0 0 0 
5 11 11 0 0 0 
6 11 11 0 0 0 
7 11 11 0 0 0 
8 11 11 0 0 0 
9 11 11 0 0 0 
10 11 11 0 0 0 
11 11 11 0 0 0 
12 11 11 0 0 0 
13 11 11 0 0 0 
14 11 11 0 0 0 
15 11 11 0 0 0 
0 12 12 0 0 0 
1 12 12 0 0 0 
2 12 12 0 0 0 
3 12 12 0 0 0 
4 12 12 0 0 0 
5 12 12 0 0 0 
6 12 12 0 0 0 
7 12 12 0 0 0 
8 12 12 0 0 0 
9 12 12 0 0 0 
10 12 12 0 0 0 
11 12 12 0 0 0 
12 12 12 0 0 0 
13 12 12 0 0 0 
14 12 12 0 0 0 
15 12 12 0 0 0 
0 13 13 0 0 0 
1 13 13 0 0 0 
2 13 13 0 0 0 
3 13 13 0 0 0 
4 13 13 0 0 0 
5 13 13 0 0 0 
6 13 13 0 0 0 
7 13 13 0 0 0 
8 13 13 0 0 0 
9 13 13 0 0 0 
10 13 13 0 0 0 
11 13 13 0 0 0 
12 13 13 0 0 0 
13 13 13 0 0 0 
14 13 13 0 0 0 
15 13 13 0 0 0 
0 14 14 0 0 0 
1 14 14 0 0 0 
2 14 14 0 0 0 
3 14 14 0 0 0 
4 14 14 0 0 0 
5 14 14 0 0 0 
6 14 14 0 0 0 
7 14 14 0 0 0 
8 14 14 0 0 0 
9 14 14 0 0 0 
10 14 14 0 0 0 
11 14 14 0 0 0 
12 14 14 0 0 0 
13 14 14 0 0 0 
14 14 14 0 0 0 
15 14 14 0 0 0 
0 15 15 0 0 0 
1 15 15 0 0 0 
2 15 15 0 0 0 
3 15 15 0 0 0 
4 15 15 0 0 0 
5 15 15 0 0 0 
6 15 15 0 0 0 
7 15 15 0 0 0 
8 15 15 0 0 0 
9 15 15 0 0 0 
10 15 15 0 0 0 
11 15 15 0 0 0 
12 15 15 0 0 0 
13 15 15 0 0 0 
14 15 15 0 0 0 
15 15 15 0 0 0 
0 0 0 0 0 0 
1 0 0 0 0 0 
2 0 0 0 0 0 
3 0 0 0 0 0 
4 0 0 0 0 0 
5 0 0 0 0 0 
6 0 0 0 0 0 
7 0 0 0 0 0 
8 0 0 0 0 0 
9 0 0 0 0 0 
10 0 0 0 0 0 
11 0 0 0 0 0 
12 0 0 0 0 0 
13 0 0 0 0 0 
14 0 0 0 0 0 
15 0 0 0 0 0 
0 1 1 0 0 0 
1 1 1 0 0 0 
2 1 1 0 0 0 
3 1 1 0 0 0 
4 1 1 0 0 0 
5 1 1 0 0 0 
6 1 1 0 0 0 
7 1 1 0 0 0 
8 1 1 0 0 0 
9 1 1 0 0 0 
10 1 1 0 0 0 
11 1 1 0 0 0 
12 1 1 0 0 0 
13 1 1 0 0 0 
14 1 1 0 0 0 
15 1 1 0 0 0 
0 2 2 0 0 0 
1 2 2 0 0 0 
2 2 2 0 0 0 
3 2 2 0 0 0 
4 2 2 0 0 0 
5 2 2 0 0 0 
6 2 2 0 0 0 
7 2 2 0 0 0 
8 2 2 0 0 0 
9 2 2 0 0 0 
10 2 2 0 0 0 
11 2 2 0 0 0 
12 2 2 0 0 0 
13 2 2 0 0 0 
14 2 2 0 0 0 
15 2 2 0 0 0 
0 3 3 0 0 0 
1 3 3 0 0 0 
2 3 3 0 0 0 
3 3 3 0 0 0 
4 3 3 0 0 0 
5 3 3 0 0 0 
6 3 3 0 0 0 
7 3 3 0 0 0 
8 3 3 0 0 0 
9 3 3 0 0 0 
10 3 3 0 0 0 
11 3 3 0 0 0 
12 3 3 0 0 0 
13 3 3 0 0 0 
14 3 3 0 0 0 
15 3 3 0 0 0 
0 4 4 0 0 0 
1 4 4 0 0 0 
2 4 4 0 0 0 
3 4 4 0 0 0 
4 4 4 0 0 0 
5 4 4 0 0 0 
6 4 4 0 0 0 
7 4 4 0 0 0 
8 4 4 0 0 0 
9 4 4 0 0 0 
10 4 4 0 0 0 
11 4 4 0 0 0 
12 4 4 0 0 0 
13 4 4 0 0 0 
14 4 4 0 0 0 
15 4 4 0 0 0 
0 5 5 0 0 0 
1 5 5 0 0 0 
2 5 5 0 0 0 
3 5 5 0 0 0 
4 5 5 0 0 0 
5 5 5 0 0 0 
6 5 5 0 0 0 
7 5 5 0 0 0 
8 5 5 0 0 0 
9 5 5 0 0 0 
10 5 5 0 0 0 
11 5 5 0 0 0 
12 5 5 0 0 0 
13 5 5 0 0 0 
14 5 5 0 0 0 
15 5 5 0 0 0 
0 6 6 0 0 0 
1 6 6 0 0 0 
2 6 6 0 0 0 
3 6 6 0 0 0 
4 6 6 0 0 0 
5 6 6 0 0 0 
6 6 6 0 0 0 
7 6 6 0 0 0 
8 6 6 0 0 0 
9 6 6 0 0 0 
10 6 6 0 0 0 
11 6 6 0 0 0 
12 6 6 0 0 0 
13 6 6 0 0 0 
14 6 6 0 0 0 
15 6 6 0 0 0 
0 7 7 0 0 0 
1 7 7 0 0 0 
2 7 7 0 0 0 
3 7 7 0 0 0 
4 7 7 0 0 0 
5 7 7 0 0 0 
6 7 7 0 0 0 
7 7 7 0 0 0 
8 7 7 0 0 0 
9 7 7 0 0 0 
10 7 7 0 0 0 
11 7 7 0 0 0 
12 7 7 0 0 0 
13 7 7 0 0 0 
14 7 7 0 0 0 
15 7 7 0 0 0 
0 8 8 0 0 0 
1 8 8 0 0 0 
2 8 8 0 0 0 
3 8 8 0 0 0 
4 8 8 0 0 0 
5 8 8 0 0 0 
6 8 8 0 0 0 
7 8 8 0 0 0 
8 8 8 0 0 0 
9 8 8 0 0 0 
10 8 8 0 0 0 
11 8 8 0 0 0 
12 8 8 0 0 0 
13 8 8 0 0 0 
14 8 8 0 0 0 
15 8 8 0 0 0 
0 9 9 0 0 0 
1 9 9 0 0 0 
2 9 9 0 0 0 
3 9 9 0 0 0 
4 9 9 0 0 0 
5 9 9 0 0 0 
6 9 9 0 0 0 
7 9 9 0 0 0 
8 9 9 0 0 0 
9 9 9 0 0 0 
10 9 9 0 0 0 
11 9 9 0 0 0 
12 9 9 0 0 0 
13 9 9 0 0 0 
14 9 9 0 0 0 
15 9 9 0 0 0 
0 10 10 0 0 0 
1 10 10 0 0 0 
2 10 10 0 0 0 
3 10 10 0 0 0 
4 10 10 0 0 0 
5 10 10 0 0 0 
6 10 10 0 0 0 
7 10 10 0 0 0 
8 10 10 0 0 0 
9 10 10 0 0 0 
10 10 10 0 0 0 
11 10 10 0 0 0 
12 10 10 0 0 0 
13 10 10 0 0 0 
14 10 10 0 0 0 
15 10 10 0 0 0 
0 11 11 0 0 0 
1 11 11 0 0 0 
2 11 11 0 0 0 
3 11 11 0 0 0 
4 11 11 0 0 0 
5 11 11 0 0 0 
6 11 11 0 0 0 
7 11 11 0 0 0 
8 11 11 0 0 0 
9 11 11 0 0 0 
10 11 11 0 0 0 
11 11 11 0 0 0 
12 11 11 0 0 0 
13 11 11 0 0 0 
14 11 11 0 0 0 
15 11 11 0 0 0 
0 12 12 0 0 0 
1 12 12 0 0 0 
2 12 12 0 0 0 
3 12 12 0 0 0 
4 12 12 0 0 0 
5 12 12 0 0 0 
6 12 12 0 0 0 
7 12 12 0 0 0 
8 12 12 0 0 0 
9 12 12 0 0 0 
10 12 12 0 0 0 
11 12 12 0 0 0 
12 12 12 0 0 0 
13 12 12 0 0 0 
14 12 12 0 0 0 
15 12 12 0 0 0 
0 13 13 0 0 0 
1 13 13 0 0 0 
2 13 13 0 0 0 
3 13 13 0 0 0 
4 13 13 0 0 0 
5 13 13 0 0 0 
6 13 13 0 0 0 
7 13 13 0 0 0 
8 13 13 0 0 0 
9 13 13 0 0 0 
10 13 13 0 0 0 
11 13 13 0 0 0 
12 13 13 0 0 0 
13 13 13 0 0 0 
14 13 13 0 0 0 
15 13 13 0 0 0 
0 14 14 0 0 0 
1 14 14 0 0 0 
2 14 14 0 0 0 
3 14 14 0 0 0 
4 14 14 0 0 0 
5 14 14 0 0 0 
6 14 14 0 0 0 
7 14 14 0 0 0 
8 14 14 0 0 0 
9 14 14 0 0 0 
10 14 14 0 0 0 
11 14 14 0 0 0 
12 14 14 0 0 0 
13 14 14 0 0 0 
14 14 14 0 0 0 
15 14 14 0 0 0 
0 15 15 0 0 0 
1 15 15 0 0 0 
2 15 15 0 0 0 
3 15 15 0 0 0 
4 15 15 0 0 0 
5 15 15 0 0 0 
6 15 15 0 0 0 
7 15 15 0 0 0 
8 15 15 0 0 0 
9 15 15 0 0 0 
10 15 15 0 0 0 
11 15 15 0 0 0 
12 15 15 0 0 0 
13 15 15 0 0 0 
14 15 15 0 0 0 
15 15 15 0 0 0 
0 0 0 0 0 0 
1 0 0 0 0 0 
2 0 0 0 0 0 
3 0 0 0 0 0 
4 0 0 0 0 0 
5 0 0 0 0 0 
6 0 0 0 0 0 
7 0 0 0 0 0 
8 0 0 0 0 0 
9 0 0 0 0 0 
10 0 0 0 0 0 
11 0 0 0 0 0 
12 0 0 0 0 0 
13 0 0 0 0 0 
14 0 0 0 0 0 
15 0 0 0 0 0 
0 1 1 0 0 0 
1 1 1 0 0 0 
2 1 1 0 0 0 
3 1 1 0 0 0 
4 1 1 0 0 0 
5 1 1 0 0 0 
6 1 1 0 0 0 
7 1 1 0 0 0 
8 1 1 0 0 0 
9 1 1 0 0 0 
10 1 1 0 0 0 
11 1 1 0 0 0 
12 1 1 0 0 0 
13 1 1 0 0 0 
14 1 1 0 0 0 
15 1 1 0 0 0 
0 2 2 0 0 0 
1 2 2 0 0 0 
2 2 2 0 0 0 
3 2 2 0 0 0 
4 2 2 0 0 0 
5 2 2 0 0 0 
6 2 2 0 0 0 
7 2 2 0 0 0 
8 2 2 0 0 0 
9 2 2 0 0 0 
10 2 2 0 0 0 
11 2 2 0 0 0 
12 2 2 0 0 0 
13 2 2 0 0 0 
14 2 2 0 0 0 
15 2 2 0 0 0 
0 3 3 0 0 0 
1 3 3 0 0 0 
2 3 3 0 0 0 
3 3 3 0 0 0 
4 3 3 0 0 0 
5 3 3 0 0 0 
6 3 3 0 0 0 
7 3 3 0 0 0 
8 3 3 0 0 0 
9 3 3 0 0 0 
10 3 3 0 0 0 
11 3 3 0 0 0 
12 3 3 0 0 0 
13 3 3 0 0 0 
14 3 3 0 0 0 
15 3 3 0 0 0 
0 4 4 0 0 0 
1 4 4 0 0 0 
2 4 4 0 0 0 
3 4 4 0 0 0 
4 4 4 0 0 0 
5 4 4 0 0 0 
6 4 4 0 0 0 
7 4 4 0 0 0 
8 4 4 0 0 0 
9 4 4 0 0 0 
10 4 4 0 0 0 
11 4 4 0 0 0 
12 4 4 0 0 0 
13 4 4 0 0 0 
14 4 4 0 0 0 
15 4 4 0 0 0 
0 5 5 0 0 0 
1 5 5 0 0 0 
2 5 5 0 0 0 
3 5 5 0 0 0 
4 5 5 0 0 0 
5 5 5 0 0 0 
6 5 5 0 0 0 
7 5 5 0 0 0 
8 5 5 0 0 0 
9 5 5 0 0 0 
10 5 5 0 0 0 
11 5 5 0 0 0 
12 5 5 0 0 0 
13 5 5 0 0 0 
14 5 5 0 0 0 
15 5 5 0 0 0 
0 6 6 0 0 0 
1 6 6 0 0 0 
2 6 6 0 0 0 
3 6 6 0 0 0 
4 6 6 0 0 0 
5 6 6 0 0 0 
6 6 6 0 0 0 
7 6 6 0 0 0 
8 6 6 0 0 0 
9 6 6 0 0 0 
10 6 6 0 0 0 
11 6 6 0 0 0 
12 6 6 0 0 0 
13 6 6 0 0 0 
14 6 6 0 0 0 
15 6 6 0 0 0 
0 7 7 0 0 0 
1 7 7 0 0 0 
2 7 7 0 0 0 
3 7 7 0 0 0 
4 7 7 0 0 0 
5 7 7 0 0 0 
6 7 7 0 0 0 
7 7 7 0 0 0 
8 7 7 0 0 0 
9 7 7 0 0 0 
10 7 7 0 0 0 
11 7 7 0 0 0 
12 7 7 0 0 0 
13 7 7 0 0 0 
14 7 7 0 0 0 
15 7 7 0 0 0 
0 8 8 0 0 0 
1 8 8 0 0 0 
2 8 8 0 0 0 
3 8 8 0 0 0 
4 8 8 0 0 0 
5 8 8 0 0 0 
6 8 8 0 0 0 
7 8 8 0 0 0 
8 8 8 0 0 0 
9 8 8 0 0 0 
10 8 8 0 0 0 
11 8 8 0 0 0 
12 8 8 0 0 0 
13 8 8 0 0 0 
14 8 8 0 0 0 
15 8 8 0 0 0 
0 9 9 0 0 0 
1 9 9 0 0 0 
2 9 9 0 0 0 
3 9 9 0 0 0 
4 9 9 0 0 0 
5 9 9 0 0 0 
6 9 9 0 0 0 
7 9 9 0 0 0 
8 9 9 0 0 0 
9 9 9 0 0 0 
10 9 9 0 0 0 
11 9 9 0 0 0 
12 9 9 0 0 0 
13 9 9 0 0 0 
14 9 9 0 0 0 
15 9 9 0 0 0 
0 10 10 0 0 0 
1 10 10 0 0 0 
2 10 10 0 0 0 
3 10 10 0 0 0 
4 10 10 0 0 0 
5 10 10 0 0 0 
6 10 10 0 0 0 
7 10 10 0 0 0 
8 10 10 0 0 0 
9 10 10 0 0 0 
10 10 10 0 0 0 
11 10 10 0 0 0 
12 10 10 0 0 0 
13 10 10 0 0 0 
14 10 10 0 0 0 
15 10 10 0 0 0 
0 11 11 0 0 0 
1 11 11 0 0 0 
2 11 11 0 0 0 
3 11 11 0 0 0 
4 11 11 0 0 0 
5 11 11 0 0 0 
6 11 11 0 0 0 
7 11 11 0 0 0 
8 11 11 0 0 0 
9 11 11 0 0 0 
10 11 11 0 0 0 
11 11 11 0 0 0 
12 11 11 0 0 0 
13 11 11 0 0 0 
14 11 11 0 0 0 
15 11 11 0 0 0 
0 12 12 0 0 0 
1 12 12 0 0 0 
2 12 12 0 0 0 
3 12 12 0 0 0 
4 12 12 0 0 0 
5 12 12 0 0 0 
6 12 12 0 0 0 
7 12 12 0 0 0 
8 12 12 0 0 0 
9 12 12 0 0 0 
10 12 12 0 0 0 
11 12 12 0 0 0 
12 12 12 0 0 0 
13 12 12 0 0 0 
14 12 12 0 0 0 
15 12 12 0 0 0 
0 13 13 0 0 0 
1 13 13 0 0 0 
2 13 13 0 0 0 
3 13 13 0 0 0 
4 13 13 0 0 0 
5 13 13 0 0 0 
6 13 13 0 0 0 
7 13 13 0 0 0 
8 13 13 0 0 0 
9 13 13 0 0 0 
10 13 13 0 0 0 
11 13 13 0 0 0 
12 13 13 0 0 0 
13 13 13 0 0 0 
14 13 13 0 0 0 
15 13 13 0 0 0 
0 14 14 0 0 0 
1 14 14 0 0 0 
2 14 14 0 0 0 
3 14 14 0 0 0 
4 14 14 0 0 0 
5 14 14 0 0 0 
6 14 14 0 0 0 
7 14 14 0 0 0 
8 14 14 0 0 0 
9 14 14 0 0 0 
10 14 14 0 0 0 
11 14 14 0 0 0 
12 14 14 0 0 0 
13 14 14 0 0 0 
14 14 14 0 0 0 
15 14 14 0 0 0 
0 15 15 0 0 0 
1 15 15 0 0 0 
2 15 15 0 0 0 
3 15 15 0 0 0 
4 15 15 0 0 0 
5 15 15 0 0 0 
6 15 15 0 0 0 
7 15 15 0 0 0 
8 15 15 0 0 0 
9 15 15 0 0 0 
10 15 15 0 0 0 
11 15 15 0 0 0 
12 15 15 0 0 0 
13 15 15 0 0 0 
14 15 15 0 0 0 
15 15 15 0 0 0 
0 0 0 0 0 0 
1 0 0 0 0 0 
2 0 0 0 0 0 
3 0 0 0 0 0 
4 0 0 0 0 0 
5 0 0 0 0 0 
6 0 0 0 0 0 
7 0 0 0 0 0 
8 0 0 0 0 0 
9 0 0 0 0 0 
10 0 0 0 0 0 
11 0 0 0 0 0 
12 0 0 0 0 0 
13 0 0 0 0 0 
14 0 0 0 0 0 
15 0 0 0 0 0 
0 1 1 0 0 0 
1 1 1 0 0 0 
2 1 1 0 0 0 
3 1 1 0 0 0 
4 1 1 0 0 0 
5 1 1 0 0 0 
6 1 1 0 0 0 
7 1 1 0 0 0 
8 1 1 0 0 0 
9 1 1 0 0 0 
10 1 1 0 0 0 
11 1 1 0 0 0 
12 1 1 0 0 0 
13 1 1 0 0 0 
14 1 1 0 0 0 
15 1 1 0 0 0 
0 2 2 0 0 0 
1 2 2 0 0 0 
2 2 2 0 0 0 
3 2 2 0 0 0 
4 2 2 0 0 0 
5 2 2 0 0 0 
6 2 2 0 0 0 
7 2 2 0 0 0 
8 2 2 0 0 0 
9 2 2 0 0 0 
10 2 2 0 0 0 
11 2 2 0 0 0 
12 2 2 0 0 0 
13 2 2 0 0 0 
14 2 2 0 0 0 
15 2 2 0 0 0 
0 3 3 0 0 0 
1 3 3 0 0 0 
2 3 3 0 0 0 
3 3 3 0 0 0 
4 3 3 0 0 0 
5 3 3 0 0 0 
6 3 3 0 0 0 
7 3 3 0 0 0 
8 3 3 0 0 0 
9 3 3 0 0 0 
10 3 3 0 0 0 
11 3 3 0 0 0 
12 3 3 0 0 0 
13 3 3 0 0 0 
14 3 3 0 0 0 
15 3 3 0 0 0 
0 4 4 0 0 0 
1 4 4 0 0 0 
2 4 4 0 0 0 
3 4 4 0 0 0 
4 4 4 0 0 0 
5 4 4 0 0 0 
6 4 4 0 0 0 
7 4 4 0 0 0 
8 4 4 0 0 0 
9 4 4 0 0 0 
10 4 4 0 0 0 
11 4 4 0 0 0 
12 4 4 0 0 0 
13 4 4 0 0 0 
14 4 4 0 0 0 
15 4 4 0 0 0 
0 5 5 0 0 0 
1 5 5 0 0 0 
2 5 5 0 0 0 
3 5 5 0 0 0 
4 5 5 0 0 0 
5 5 5 0 0 0 
6 5 5 0 0 0 
7 5 5 0 0 0 
8 5 5 0 0 0 
9 5 5 0 0 0 
10 5 5 0 0 0 
11 5 5 0 0 0 
12 5 5 0 0 0 
13 5 5 0 0 0 
14 5 5 0 0 0 
15 5 5 0 0 0 
0 6 6 0.179152 -0.000341899 -0.000385046 
1 6 6 0.18146 -0.000198856 -0.00031494 
2 6 6 0.182967 -0.000101347 -0.000195775 
3 6 6 0.183632 -5.97639e-05 -6.03842e-05 
4 6 6 0.183583 -6.62848e-05 6.17604e-05 
5 6 6 0.183043 -0.000103371 0.000153165 
6 6 6 0.182214 -0.000143032 0.000210878 
7 6 6 0.181165 -0.000133228 0.000258031 
8 6 6 0.178922 0.000534768 0.000823892 
9 6 6 0.176152 0.00224549 0.00296479 
10 6 6 0.174774 -0.00305152 -0.00273621 
11 6 6 0.178558 -0.000580639 -0.000474068 
12 6 6 0.179852 -0.000135053 -3.79577e-05 
13 6 6 0.180344 -8.34431e-05 -4.60439e-05 
14 6 6 0.180576 4.98657e-05 0.000117522 
15 6 6 0.184535 -0.00101099 -0.00256567 
0 7 7 0.292287 -0.000419395 -0.000975716 
1 7 7 0.295849 -0.000198132 -0.000726945 
2 7 7 0.298062 -6.62233e-05 -0.00041426 
3 7 7 0.298928 -3.82993e-05 -0.000108549 
4 7 7 0.298696 -9.27768e-05 0.000136153 
5 7 7 0.297742 -0.000188159 0.000295416 
6 7 7 0.296428 -0.000261157 0.00036844 
7 7 7 0.295036 -0.000196082 0.000361976 
8 7 7 0.293876 0.000331868 0.0003276 
9 7 7 0.293914 0.000479294 0.000509102 
10 7 7 0.292919 -0.00186503 1.95824e-05 
11 7 7 0.292457 -0.000801546 -9.14066e-05 
12 7 7 0.293225 -0.000285589 -0.000119984 
13 7 7 0.294051 -0.000183534 -0.00014078 
14 7 7 0.29442 -4.97237e-05 0.000286182 
15 7 7 0.308295 -0.000516772 -0.00324071 
0 8 8 0.300457 -0.00032382 -0.00114506 
1 8 8 0.30411 -0.000127481 -0.000818188 
2 8 8 0.306377 -2.33722e-05 -0.000453647 
3 8 8 0.307272 -1.7895e-05 -0.000128857 
4 8 8 0.307054 -8.73997e-05 0.000107285 
5 8 8 0.306109 -0.000190934 0.00024236 
6 8 8 0.304822 -0.000272268 0.000290403 
7 8 8 0.303534 -0.00026662 0.000274861 
8 8 8 0.302606 -0.000175359 0.000207568 
9 8 8 0.302174 -0.000365159 0.000113174 
10 8 8 0.301585 -0.000749341 5.2731e-06 
11 8 8 0.30131 -0.000548517 -0.000122475 
12 8 8 0.301796 -0.000304458 -0.000192021 
13 8 8 0.302568 -0.000188706 -0.000199625 
14 8 8 0.302869 -0.000129245 0.000293222 
15 8 8 0.317785 0.000286517 -0.0031608 
0 9 9 0.207657 -9.90281e-05 -0.000654177 
1 9 9 0.210255 -3.58142e-06 -0.00046135 
2 9 9 0.211917 2.67193e-05 -0.000259271 
3 9 9 0.212634 -6.90944e-07 -8.9265e-05 
4 9 9 0.212573 -6.50273e-05 2.51994e-05 
5 9 9 0.211995 -0.000142305 8.26431e-05 
6 9 9 0.211167 -0.000203095 9.58145e-05 
7 9 9 0.210322 -0.000228987 8.14573e-05 
8 9 9 0.209638 -0.000238315 4.63406e-05 
9 9 9 0.209173 -0.000299573 -1.44968e-05 
10 9 9 0.208842 -0.000355297 -8.11289e-05 
11 9 9 0.208762 -0.000283063 -0.000119405 
12 9 9 0.209032 -0.000177202 -0.000135443 
13 9 9 0.209513 -0.000102608 -0.000128602 
14 9 9 0.209766 -0.000109532 0.000103679 
15 9 9 0.216648 0.00102111 -0.00292523 
0 10 10 0.070944 1.32158e-06 -0.000139262 
1 10 10 0.0718911 1.96011e-05 -9.87783e-05 
2 10 10 0.0725333 1.85629e-05 -5.87214e-05 
3 10 10 0.0728451 3.05381e-06 -2.66285e-05 
4 10 10 0.0728853 -1.90612e-05 -6.99846e-06 
5 10 10 0.072728 -4.23987e-05 1.60215e-06 
6 10 10 0.0724677 -6.01577e-05 1.66184e-06 
7 10 10 0.072183 -7.06918e-05 -3.12712e-06 
8 10 10 0.071928 -7.72185e-05 -1.15015e-05 
9 10 10 0.0717306 -8.42194e-05 -2.25484e-05 
10 10 10 0.0716014 -8.34104e-05 -3.19668e-05 
11 10 10 0.071562 -6.57089e-05 -3.49919e-05 
12 10 10 0.0716249 -4.13421e-05 -3.36103e-05 
13 10 10 0.0717631 -2.35959e-05 -2.98172e-05 
14 10 10 0.071836 -3.91377e-05 1.18623e-05 
15 10 10 0.0706334 0.000897353 -0.00130484 
0 11 11 0 0 0 
1 11 11 0 0 0 
2 11 11 0 0 0 
3 11 11 0 0 0 
4 11 11 0 0 0 
5 11 11 0 0 0 
6 11 11 0 0 0 
7 11 11 0 0 0 
8 11 11 0 0 0 
9 11 11 0 0 0 
10 11 11 0 0 0 
11 11 11 0 0 0 
12 11 11 0 0 0 
13 11 11 0 0 0 
14 11 11 0 0 0 
15 11 11 0 0 0 
0 12 12 0 0 0 
1 12 12 0 0 0 
2 12 12 0 0 0 
3 12 12 0 0 0 
4 12 12 0 0 0 
5 12 12 0 0 0 
6 12 12 0 0 0 
7 12 12 0 0 0 
8 12 12 0 0 0 
9 12 12 0 0 0 
10 12 12 0 0 0 
11 12 12 0 0 0 
12 12 12 0 0 0 
13 12 12 0 0 0 
14 12 12 0 0 0 
15 12 12 0 0 0 
0 13 13 0 0 0 
1 13 13 0 0 0 
2 13 13 0 0 0 
3 13 13 0 0 0 
4 13 13 0 0 0 
5 13 13 0 0 0 
6 13 13 0 0 0 
7 13 13 0 0 0 
8 13 13 0 0 0 
9 13 13 0 0 0 
10 13 13 0 0 0 
11 13 13 0 0 0 
12 13 13 0 0 0 
13 13 13 0 0 0 
14 13 13 0 0 0 
15 13 13 0 0 0 
0 14 14 0 0 0 
1 14 14 0 0 0 
2 14 14 0 0 0 
3 14 14 0 0 0 
4 14 14 0 0 0 
5 14 14 0 0 0 
6 14 14 0 0 0 
7 14 14 0 0 0 
8 14 14 0 0 0 
9 14 14 0 0 0 
10 14 14 0 0 0 
11 14 14 0 0 0 
12 14 14 0 0 0 
13 14 14 0 0 0 
14 14 14 0 0 0 
15 14 14 0 0 0 
0 15 15 0 0 0 
1 15 15 0 0 0 
2 15 15 0 0 0 
3 15 15 0 0 0 
4 15 15 0 0 0 
5 15 15 0 0 0 
6 15 15 0 0 0 
7 15 15 0 0 0 
8 15 15 0 0 0 
9 15 15 0 0 0 
10 15 15 0 0 0 
11 15 15 0 0 0 
12 15 15 0 0 0 
13 15 15 0 0 0 
14 15 15 0 0 0 
15 15 15 0 0 0 
0 0 0 0 0 0 
1 0 0 0 0 0 
2 0 0 0 0 0 
3 0 0 0 0 0 
4 0 0 0 0 0 
5 0 0 0 0 0 
6 0 0 0 0 0 
7 0 0 0 0 0 
8 0 0 0 0 0 
9 0 0 0 0 0 
10 0 0 0 0 0 
11 0 0 0 0 0 
12 0 0 0 0 0 
13 0 0 0 0 0 
14 0 0 0 0 0 
15 0 0 0 0 0 
0 1 1 0 0 0 
1 1 1 0 0 0 
2 1 1 0 0 0 
3 1 1 0 0 0 
4 1 1 0 0 0 
5 1 1 0 0 0 
6 1 1 0 0 0 
7 1 1 0 0 0 
8 1 1 0 0 0 
9 1 1 0 0 0 
10 1 1 0 0 0 
11 1 1 0 0 0 
12 1 1 0 0 0 
13 1 1 0 0 0 
14 1 1 0 0 0 
15 1 1 0 0 0 
0 2 2 0 0 0 
1 2 2 0 0 0 
2 2 2 0 0 0 
3 2 2 0 0 0 
4 2 2 0 0 0 
5 2 2 0 0 0 
6 2 2 0 0 0 
7 2 2 0 0 0 
8 2 2 0 0 0 
9 2 2 0 0 0 
10 2 2 0 0 0 
11 2 2 0 0 0 
12 2 2 0 0 0 
13 2 2 0 0 0 
14 2 2 0 0 0 
15 2 2 0 0 0 
0 3 3 0 0 0 
1 3 3 0 0 0 
2 3 3 0 0 0 
3 3 3 0 0 0 
4 3 3 0 0 0 
5 3 3 0 0 0 
6 3 3 0 0 0 
7 3 3 0 0 0 
8 3 3 0 0 0 
9 3 3 0 0 0 
10 3 3 0 0 0 
11 3 3 0 0 0 
12 3 3 0 0 0 
13 3 3 0 0 0 
14 3 3 0 0 0 
15 3 3 0 0 0 
0 4 4 0.0805669 -0.000144785 -5.79201e-05 
1 4 4 0.0816182 -9.67262e-05 -6.30874e-05 
2 4 4 0.082325 -5.83667e-05 -4.19734e-05 
3 4 4 0.0826564 -3.38735e-05 -5.74929e-06 
4 4 4 0.0826622 -2.35479e-05 3.46943e-05 
5 4 4 0.0824386 -2.69464e-05 7.1944e-05 
6 4 4 0.082088 -4.2712e-05 0.000105221 
7 4 4 0.0817058 -7.72167e-05 0.000143305 
8 4 4 0.0814247 -0.000137359 0.000192614 
9 4 4 0.0813384 -6.88499e-05 0.000112811 
10 4 4 0.0809944 9.91249e-05 -6.38678e-05 
11 4 4 0.080811 9.13145e-06 -1.17682e-05 
12 4 4 0.0809225 -2.06827e-05 2.22067e-06 
13 4 4 0.0810927 -1.03907e-05 -1.39984e-05 
14 4 4 0.0811682 3.55046e-05 1.3995e-05 
15 4 4 0.0799744 -0.00112936 -0.00111959 
0 5 5 0.335946 -0.000997968 -0.000902908 
1 5 5 0.339809 -0.000607534 -0.000734734 
2 5 5 0.342139 -0.000281628 -0.00043665 
3 5 5 0.342948 -6.72335e-05 -9.3538e-05 
4 5 5 0.342533 2.40561e-05 0.000220258 
5 5 5 0.341325 9.01552e-06 0.000463776 
6 5 5 0.339728 -8.71688e-05 0.000636256 
7 5 5 0.338034 -0.000288738 0.000807876 
8 5 5 0.336447 -0.000760519 0.00138715 
9 5 5 0.339529 -0.000488389 0.00190168 
10 5 5 0.336373 0.000450544 -0.0013747 
11 5 5 0.33491 -3.2078e-05 -0.000478691 
12 5 5 0.335898 -0.000233341 -0.000101563 
13 5 5 0.336848 -0.000153674 -0.000161506 
14 5 5 0.337327 0.000256109 0.000245367 
15 5 5 0.350272 -0.00178859 -0.00257009 
0 6 6 0.537881 -0.00175531 -0.00270891 
1 6 6 0.543237 -0.000980046 -0.00196449 
2 6 6 0.546282 -0.000312635 -0.00105313 
3 6 6 0.547107 0.000121254 -0.000172508 
4 6 6 0.546215 0.000287739 0.00053167 
5 6 6 0.544268 0.000232382 0.00100094 
6 6 6 0.541849 4.59117e-05 0.0012543 
7 6 6 0.539256 -0.000157647 0.00142848 
8 6 6 0.535889 0.000207337 0.00269527 
9 6 6 0.539084 0.000188782 0.00247861 
10 6 6 0.538836 -0.00137776 -0.0012504 
11 6 6 0.534864 -0.00126784 -0.00152017 
12 6 6 0.536983 -0.000657976 -0.000482684 
13 6 6 0.538588 -0.000450742 -0.000494979 
14 6 6 0.539854 0.000152267 0.00032938 
15 6 6 0.555756 -0.00137626 -0.00327001 
0 7 7 0.688884 -0.0014533 -0.00480989 
1 7 7 0.695056 -0.000690569 -0.00328939 
2 7 7 0.698529 -3.9208e-05 -0.00161779 
3 7 7 0.69943 0.000351649 -0.000143602 
4 7 7 0.698371 0.00044077 0.000921939 
5 7 7 0.696145 0.000288689 0.00153094 
6 7 7 0.693454 3.03059e-05 0.00174624 
7 7 7 0.690784 -0.000108503 0.00169641 
8 7 7 0.688553 0.000360241 0.00176418 
9 7 7 0.687044 0.000165782 0.0018036 
10 7 7 0.686711 -0.00226372 -0.000517909 
11 7 7 0.687187 -0.00180036 -0.000892248 
12 7 7 0.688604 -0.000922247 -0.0008878 
13 7 7 0.690408 -0.00062269 -0.000959493 
14 7 7 0.692196 -0.000198891 5.01897e-05 
15 7 7 0.701456 -0.000738859 -0.00393658 
0 8 8 0.699749 -0.000138076 -0.00529376 
1 8 8 0.705984 0.000190544 -0.0035186 
2 8 8 0.709504 0.000386359 -0.00164877 
3 8 8 0.710478 0.000400698 -7.79703e-05 
4 8 8 0.709535 0.000240193 0.00098253 
5 8 8 0.707469 -3.49688e-05 0.0015124 
6 8 8 0.704995 -0.00032257 0.00160938 
7 8 8 0.702681 -0.000497718 0.00140735 
8 8 8 0.701035 -0.000508872 0.00101829 
9 8 8 0.70034 -0.000767607 0.000495419 
10 8 8 0.699893 -0.00134684 -0.000163534 
11 8 8 0.699914 -0.00114665 -0.000742239 
12 8 8 0.701024 -0.000690743 -0.00108816 
13 8 8 0.702709 -0.000407273 -0.00115913 
14 8 8 0.704419 -0.000304132 -5.26081e-05 
15 8 8 0.712625 0.000378326 -0.00400074 
0 9 9 0.576198 0.000858808 -0.00369162 
1 9 9 0.58185 0.00079887 -0.00241431 
2 9 9 0.585076 0.000585501 -0.00111787 
3 9 9 0.586059 0.000275847 -6.80466e-05 
4 9 9 0.585359 -6.76924e-05 0.000603328 
5 9 9 0.583667 -0.000388069 0.000898205 
6 9 9 0.581611 -0.000631785 0.000898799 
7 9 9 0.579682 -0.000762664 0.000707919 
8 9 9 0.578229 -0.000801317 0.000402792 
9 9 9 0.577395 -0.000835926 2.74331e-05 
10 9 9 0.577107 -0.000824272 -0.000358362 
11 9 9 0.577431 -0.000610996 -0.000667645 
12 9 9 0.578446 -0.000308125 -0.000855336 
13 9 9 0.579898 -9.33392e-05 -0.00085345 
14 9 9 0.581175 -0.000338809 0.000151132 
15 9 9 0.594937 0.00131098 -0.00345277 
0 10 10 0.371254 0.000743552 -0.00155978 
1 10 10 0.375526 0.000626661 -0.0010308 
2 10 10 0.378094 0.000397131 -0.000512099 
3 10 10 0.379042 0.000121495 -0.00010451 
4 10 10 0.378733 -0.000139708 0.000144734 
5 10 10 0.377643 -0.00034885 0.000242088 
6 10 10 0.376222 -0.000483721 0.000225364 
7 10 10 0.374828 -0.000540805 0.000139393 
8 10 10 0.373701 -0.00053756 1.66745e-05 
9 10 10 0.372972 -0.000498873 -0.000121888 
10 10 10 0.372687 -0.000413932 -0.000249017 
11 10 10 0.372879 -0.00026582 -0.000337635 
12 10 10 0.373536 -9.82085e-05 -0.000380681 
13 10 10 0.374488 8.94866e-06 -0.000354472 
14 10 10 0.375004 -0.000352622 0.000256435 
15 10 10 0.389718 0.00170808 -0.00261186 
0 11 11 0.135338 0.000143091 -0.000297951 
1 11 11 0.137152 0.00013162 -0.000206434 
2 11 11 0.13836 8.73941e-05 -0.000120058 
3 11 11 0.138935 2.68917e-05 -5.42889e-05 
4 11 11 0.138977 -3.27834e-05 -1.59184e-05 
5 11 11 0.138655 -8.18983e-05 -2.58065e-06 
6 11 11 0.138148 -0.000114225 -7.22848e-06 
7 11 11 0.137598 -0.00012963 -2.17091e-05 
8 11 11 0.137106 -0.000131471 -4.07823e-05 
9 11 11 0.136737 -0.000124648 -6.05791e-05 
10 11 11 0.136527 -0.000105409 -7.50421e-05 
11 11 11 0.136497 -7.22164e-05 -7.95219e-05 
12 11 11 0.13665 -3.47544e-05 -7.60287e-05 
13 11 11 0.13693 -7.88423e-06 -6.41479e-05 
14 11 11 0.137022 -8.29688e-05 4.77946e-05 
15 11 11 0.139615 0.00158274 -0.0016392 
0 12 12 0 0 0 
1 12 12 0 0 0 
2 12 12 0 0 0 
3 12 12 0 0 0 
4 12 12 0 0 0 
5 12 12 0 0 0 
6 12 12 0 0 0 
7 12 12 0 0 0 
8 12 12 0 0 0 
9 12 12 0 0 0 
10 12 12 0 0 0 
11 12 12 0 0 0 
12 12 12 0 0 0 
13 12 12 0 0 0 
14 12 12 0 0 0 
15 12 12 0 0 0 
0 13 13 0 0 0 
1 13 13 0 0 0 
2 13 13 0 0 0 
3 13 13 0 0 0 
4 13 13 0 0 0 
5 13 13 0 0 0 
6 13 13 0 0 0 
7 13 13 0 0 0 
8 13 13 0 0 0 
9 13 13 0 0 0 
10 13 13 0 0 0 
11 13 13 0 0 0 
12 13 13 0 0 0 
13 13 13 0 0 0 
14 13 13 0 0 0 
15 13 13 0 0 0 
0 14 14 0 0 0 
1 14 14 0 0 0 
2 14 14 0 0 0 
3 14 14 0 0 0 
4 14 14 0 0 0 
5 14 14 0 0 0 
6 14 14 0 0 0 
7 14 14 0 0 0 
8 14 14 0 0 0 
9 14 14 0 0 0 
10 14 14 0 0 0 
11 14 14 0 0 0 
12 14 14 0 0 0 
13 14 14 0 0 0 
14 14 14 0 0 0 
15 14 14 0 0 0 
0 15 15 0 0 0 
1 15 15 0 0 0 
2 15 15 0 0 0 
3 15 15 0 0 0 
4 15 15 0 0 0 
5 15 15 0 0 0 
6 15 15 0 0 0 
7 15 15 0 0 0 
8 15 15 0 0 0 
9 15 15 0 0 0 
10 15 15 0 0 0 
11 15 15 0 0 0 
12 15 15 0 0 0 
13 15 15 0 0 0 
14 15 15 0 0 0 
15 15 15 0 0 0 
0 0 0 0 0 0 
1 0 0 0 0 0 
2 0 0 0 0 0 
3 0 0 0 0 0 
4 0 0 0 0 0 
5 0 0 0 0 0 
6 0 0 0 0 0 
7 0 0 0 0 0 
8 0 0 0 0 0 
9 0 0 0 0 0 
10 0 0 0 0 0 
11 0 0 0 0 0 
12 0 0 0 0 0 
13 0 0 0 0 0 
14 0 0 0 0 0 
15 0 0 0 0 0 
0 1 1 0 0 0 
1 1 1 0 0 0 
2 1 1 0 0 0 
3 1 1 0 0 0 
4 1 1 0 0 0 
5 1 1 0 0 0 
6 1 1 0 0 0 
7 1 1 0 0 0 
8 1 1 0 0 0 
9 1 1 0 0 0 
10 1 1 0 0 0 
11 1 1 0 0 0 
12 1 1 0 0 0 
13 1 1 0 0 0 
14 1 1 0 0 0 
15 1 1 0 0 0 
0 2 2 0 0 0 
1 2 2 0 0 0 
2 2 2 0 0 0 
3 2 2 0 0 0 
4 2 2 0 0 0 
5 2 2 0 0 0 
6 2 2 0 0 0 
7 2 2 0 0 0 
8 2 2 0 0 0 
9 2 2 0 0 0 
10 2 2 0 0 0 
11 2 2 0 0 0 
12 2 2 0 0 0 
13 2 2 0 0 0 
14 2 2 0 0 0 
15 2 2 0 0 0 
0 3 3 0 0 0 
1 3 3 0 0 0 
2 3 3 0 0 0 
3 3 3 0 0 0 
4 3 3 0 0 0 
5 3 3 0 0 0 
6 3 3 0 0 0 
7 3 3 0 0 0 
8 3 3 0 0 0 
9 3 3 0 0 0 
10 3 3 0 0 0 
11 3 3 0 0 0 
12 3 3 0 0 0 
13 3 3 0 0 0 
14 3 3 0 0 0 
15 3 3 0 0 0 
0 4 4 0.334556 -0.00112354 -0.000600801 
1 4 4 0.338316 -0.000749132 -0.000524403 
2 4 4 0.340565 -0.000377394 -0.000322083 
3 4 4 0.341318 -8.0984e-05 -5.94726e-05 
4 4 4 0.340875 0.000104115 0.00019864 
5 4 4 0.339663 0.00017566 0.000413264 
6 4 4 0.338109 0.000151477 0.000573335 
7 4 4 0.336581 5.09373e-05 0.000686504 
8 4 4 0.33542 -8.04017e-05 0.000725635 
9 4 4 0.334739 -5.7476e-05 0.000510724 
10 4 4 0.334137 7.2502e-05 0.000120823 
11 4 4 0.33392 -4.18137e-05 -3.50846e-06 
12 4 4 0.334387 -0.000146535 -6.73309e-05 
13 4 4 0.335168 -0.000137933 -0.000145016 
14 4 4 0.335499 0.000351232 0.000161808 
15 4 4 0.350061 -0.00251832 -0.0018146 
0 5 5 0.649667 -0.00335016 -0.00272078 
1 5 5 0.655355 -0.00206567 -0.00204238 
2 5 5 0.658451 -0.000781736 -0.00113246 
3 5 5 0.659058 0.000224747 -0.000201864 
4 5 5 0.657769 0.000823706 0.000584739 
5 5 5 0.655359 0.00102175 0.00115322 
6 5 5 0.652538 0.000898813 0.00150961 
7 5 5 0.649869 0.000527602 0.00172732 
8 5 5 0.647916 -2.94514e-05 0.00191648 
9 5 5 0.64719 -0.000206864 0.00154698 
10 5 5 0.646473 4.53301e-05 0.000120561 
11 5 5 0.646151 -0.000380297 -0.000272276 
12 5 5 0.647174 -0.000709033 -0.000357165 
13 5 5 0.64874 -0.000662247 -0.000546328 
14 5 5 0.650208 0.000227732 6.57501e-05 
15 5 5 0.658526 -0.00248916 -0.00267455 
0 6 6 1.07456 -0.0057218 -0.0080198 
1 6 6 1.08092 -0.00351081 -0.00560974 
2 6 6 1.08466 -0.0011028 -0.00283747 
3 6 6 1.08558 0.000884889 -0.000328612 
4 6 6 1.08423 0.00210593 0.00152784 
5 6 6 1.08151 0.00252336 0.00265096 
6 6 6 1.07824 0.00229894 0.00316098 
7 6 6 1.07501 0.00165118 0.00330255 
8 6 6 1.07233 0.000819351 0.00358002 
9 6 6 1.07142 0.00022182 0.00319519 
10 6 6 1.07064 -0.000650613 -0.000320569 
11 6 6 1.07013 -0.00134977 -0.00114982 
12 6 6 1.07114 -0.00163053 -0.00125685 
13 6 6 1.07287 -0.00155232 -0.00159366 
14 6 6 1.07522 -0.000799822 -0.00107073 
15 6 6 1.07555 -0.0027112 -0.00456089 
0 7 7 1.34972 -0.00358403 -0.014088 
1 7 7 1.3542 -0.0021649 -0.00973852 
2 7 7 1.35746 -0.000343442 -0.00475285 
3 7 7 1.35892 0.0013173 -0.000357108 
4 7 7 1.35869 0.00241228 0.00270511 
5 7 7 1.35731 0.00280911 0.00432447 
6 7 7 1.35539 0.00260832 0.00478138 
7 7 7 1.35336 0.00205686 0.00447824 
8 7 7 1.35165 0.00147737 0.00383842 
9 7 7 1.35108 0.000601377 0.00264636 
10 7 7 1.35043 -0.00112332 9.0133e-05 
11 7 7 1.34944 -0.00170733 -0.0015818 
12 7 7 1.34953 -0.00165057 -0.0024518 
13 7 7 1.35037 -0.0015218 -0.00301584 
14 7 7 1.35209 -0.00110086 -0.00266605 
15 7 7 1.35195 -0.00162221 -0.00620238 
0 8 8 1.36998 0.00223924 -0.0153529 
1 8 8 1.37444 0.00180506 -0.0104948 
2 8 8 1.37781 0.00153485 -0.0049504 
3 8 8 1.37956 0.00139904 -0.000124062 
4 8 8 1.37982 0.00129832 0.00314562 
5 8 8 1.37909 0.00112891 0.00474172 
6 8 8 1.37793 0.000855324 0.00499049 
7 8 8 1.37671 0.0005302 0.00433113 
8 8 8 1.37574 0.000213604 0.00312229 
9 8 8 1.3752 -0.000235284 0.00152988 
10 8 8 1.37472 -0.000804812 -0.000306166 
11 8 8 1.3743 -0.000883659 -0.00193148 
12 8 8 1.37443 -0.000578338 -0.00308499 
13 8 8 1.37512 -0.000275263 -0.00364136 
14 8 8 1.37665 -7.44823e-05 -0.00314869 
15 8 8 1.37626 0.000801334 -0.00652032 
0 9 9 1.13497 0.00536964 -0.0105539 
1 9 9 1.14165 0.00388992 -0.00693967 
2 9 9 1.14588 0.00231333 -0.00304464 
3 9 9 1.14755 0.000958422 0.000200228 
4 9 9 1.14725 -2.65539e-05 0.00229362 
5 9 9 1.14581 -0.000653112 0.00320545 
6 9 9 1.14396 -0.000990838 0.00318305 
7 9 9 1.14222 -0.00110157 0.00254275 
8 9 9 1.14089 -0.00104595 0.00154716 
9 9 9 1.14012 -0.000899271 0.000378247 
10 9 9 1.13986 -0.0006479 -0.000801229 
11 9 9 1.14018 -0.000202381 -0.00180776 
12 9 9 1.14115 0.000337248 -0.00249725 
13 9 9 1.14269 0.000717719 -0.00270512 
14 9 9 1.14489 0.00052262 -0.00185 
15 9 9 1.14535 0.00261531 -0.00507565 
0 10 10 0.708138 0.00358506 -0.00430744 
1 10 10 0.714548 0.00256218 -0.00273625 
2 10 10 0.718262 0.00141593 -0.00116899 
3 10 10 0.719483 0.000386207 6.37404e-05 
4 10 10 0.718862 -0.00038616 0.000808376 
5 10 10 0.717183 -0.000868928 0.00108103 
6 10 10 0.715132 -0.00109048 0.000994727 
7 10 10 0.713209 -0.00110042 0.000685226 
8 10 10 0.711731 -0.000955756 0.00026321 
9 10 10 0.710876 -0.000708692 -0.00019188 
10 10 10 0.710715 -0.00038219 -0.000612646 
11 10 10 0.711265 5.45998e-06 -0.000938786 
12 10 10 0.712477 0.000379208 -0.00112807 
13 10 10 0.71414 0.000581027 -0.00109842 
14 10 10 0.715868 -8.47134e-05 -0.000184448 
15 10 10 0.719513 0.00270987 -0.00290766 
0 11 11 0.376833 0.00130245 -0.00125764 
1 11 11 0.381203 0.000966642 -0.00081467 
2 11 11 0.383841 0.000549805 -0.000397593 
3 11 11 0.384837 0.000148799 -8.35134e-05 
4 11 11 0.384563 -0.00016773 9.6081e-05 
5 11 11 0.383501 -0.000374343 0.000151368 
6 11 11 0.382105 -0.000473824 0.000117081 
7 11 11 0.380726 -0.000483075 3.28087e-05 
8 11 11 0.379604 -0.000426 -7.18078e-05 
9 11 11 0.378884 -0.000324829 -0.000176232 
10 11 11 0.378643 -0.000191117 -0.000262475 
11 11 11 0.378897 -3.69095e-05 -0.000316657 
12 11 11 0.379604 0.000107933 -0.000334359 
13 11 11 0.380597 0.000182528 -0.000292931 
14 11 11 0.381164 -0.000345793 0.000201846 
15 11 11 0.396073 0.00252744 -0.00185658 
0 12 12 0.0659011 9.96145e-05 -7.45678e-05 
1 12 12 0.0667958 8.28182e-05 -5.01686e-05 
2 12 12 0.067406 5.3685e-05 -2.96959e-05 
3 12 12 0.0677113 2.07735e-05 -1.6032e-05 
4 12 12 0.0677557 -7.83198e-06 -9.74876e-06 
5 12 12 0.0676179 -2.90704e-05 -9.61005e-06 
6 12 12 0.0673833 -4.14255e-05 -1.33219e-05 
7 12 12 0.0671209 -4.5848e-05 -1.84886e-05 
8 12 12 0.066881 -4.4e-05 -2.37197e-05 
9 12 12 0.066697 -3.8315e-05 -2.77318e-05 
10 12 12 0.0665906 -2.86092e-05 -2.93313e-05 
11 12 12 0.0665708 -1.57159e-05 -2.76647e-05 
12 12 12 0.0666368 -2.39686e-06 -2.35139e-05 
13 12 12 0.0667673 7.00304e-06 -1.70844e-05 
14 12 12 0.0668277 -3.319e-05 6.50233e-06 
15 12 12 0.0657464 0.00116169 -0.000839254 
0 13 13 0 0 0 
1 13 13 0 0 0 
2 13 13 0 0 0 
3 13 13 0 0 0 
4 13 13 0 0 0 
5 13 13 0 0 0 
6 13 13 0 0 0 
7 13 13 0 0 0 
8 13 13 0 0 0 
9 13 13 0 0 0 
10 13 13 0 0 0 
11 13 13 0 0 0 
12 13 13 0 0 0 
13 13 13 0 0 0 
14 13 13 0 0 0 
15 13 13 0 0 0 
0 14 14 0 0 0 
1 14 14 0 0 0 
2 14 14 0 0 0 
3 14 14 0 0 0 
4 14 14 0 0 0 
5 14 14 0 0 0 
6 14 14 0 0 0 
7 14 14 0 0 0 
8 14 14 0 0 0 
9 14 14 0 0 0 
10 14 14 0 0 0 
11 14 14 0 0 0 
12 14 14 0 0 0 
13 14 14 0 0 0 
14 14 14 0 0 0 
15 14 14 0 0 0 
0 15 15 0 0 0 
1 15 15 0 0 0 
2 15 15 0 0 0 
3 15 15 0 0 0 
4 15 15 0 0 0 
5 15 15 0 0 0 
6 15 15 0 0 0 
7 15 15 0 0 0 
8 15 15 0 0 0 
9 15 15 0 0 0 
10 15 15 0 0 0 
11 15 15 0 0 0 
12 15 15 0 0 0 
13 15 15 0 0 0 
14 15 15 0 0 0 
15 15 15 0 0 0 
0 0 0 0 0 0 
1 0 0 0 0 0 
2 0 0 0 0 0 
3 0 0 0 0 0 
4 0 0 0 0 0 
5 0 0 0 0 0 
6 0 0 0 0 0 
7 0 0 0 0 0 
8 0 0 0 0 0 
9 0 0 0 0 0 
10 0 0 0 0 0 
11 0 0 0 0 0 
12 0 0 0 0 0 
13 0 0 0 0 0 
14 0 0 0 0 0 
15 0 0 0 0 0 
0 1 1 0 0 0 
1 1 1 0 0 0 
2 1 1 0 0 0 
3 1 1 0 0 0 
4 1 1 0 0 0 
5 1 1 0 0 0 
6 1 1 0 0 0 
7 1 1 0 0 0 
8 1 1 0 0 0 
9 1 1 0 0 0 
10 1 1 0 0 0 
11 1 1 0 0 0 
12 1 1 0 0 0 
13 1 1 0 0 0 
14 1 1 0 0 0 
15 1 1 0 0 0 
0 2 2 0 0 0 
1 2 2 0 0 0 
2 2 2 0 0 0 
3 2 2 0 0 0 
4 2 2 0 0 0 
5 2 2 0 0 0 
6 2 2 0 0 0 
7 2 2 0 0 0 
8 2 2 0 0 0 
9 2 2 0 0 0 
10 2 2 0 0 0 
11 2 2 0 0 0 
12 2 2 0 0 0 
13 2 2 0 0 0 
14 2 2 0 0 0 
15 2 2 0 0 0 
0 3 3 0.172329 -0.000394686 -9.2031e-05 
1 3 3 0.174473 -0.000294366 -9.92511e-05 
2 3 3 0.175871 -0.000174194 -6.71051e-05 
3 3 3 0.176478 -6.30887e-05 -9.68145e-06 
4 3 3 0.176419 2.00834e-05 5.47464e-05 
5 3 3 0.175903 6.75958e-05 0.000114138 
6 3 3 0.175154 8.30566e-05 0.00016103 
7 3 3 0.174362 7.57373e-05 0.000187609 
8 3 3 0.173674 5.9832e-05 0.000179693 
9 3 3 0.173143 4.97318e-05 0.000124048 
10 3 3 0.172795 3.58086e-05 5.09512e-05 
11 3 3 0.172676 5.58039e-06 8.57192e-06 
12 3 3 0.172818 -2.67541e-05 -1.82583e-05 
13 3 3 0.17314 -3.85126e-05 -4.04749e-05 
14 3 3 0.173263 0.000120927 1.69903e-05 
15 3 3 0.176473 -0.00256787 -0.000971688 
0 4 4 0.519603 -0.00266755 -0.000972144 
1 4 4 0.52455 -0.00177624 -0.000804131 
2 4 4 0.527244 -0.000807177 -0.000488608 
3 4 4 0.527794 2.04172e-05 -0.000106816 
4 4 4 0.526715 0.000584828 0.000257973 
5 4 4 0.52467 0.000864768 0.000554566 
6 4 4 0.52228 0.000902665 0.000762221 
7 4 4 0.520042 0.000765467 0.000871053 
8 4 4 0.518314 0.000535006 0.000848967 
9 4 4 0.517232 0.000306828 0.000637674 
10 4 4 0.516719 8.9117e-05 0.000311088 
11 4 4 0.516835 -0.000176491 6.24989e-05 
12 4 4 0.517635 -0.000401871 -0.000115989 
13 4 4 0.51884 -0.000450762 -0.000242036 
14 4 4 0.519746 0.000454846 9.55444e-05 
15 4 4 0.534177 -0.00309022 -0.00133224 
0 5 5 1.05525 -0.00809499 -0.00434466 
1 5 5 1.06132 -0.00526638 -0.00316918 
2 5 5 1.06468 -0.00206324 -0.0017222 
3 5 5 1.06515 0.000698871 -0.000327668 
4 5 5 1.06334 0.00255342 0.000790017 
5 5 5 1.06021 0.00342438 0.00155823 
6 5 5 1.05665 0.00347312 0.00200528 
7 5 5 1.05336 0.00293119 0.00218866 
8 5 5 1.05085 0.00203854 0.00211154 
9 5 5 1.04935 0.00108558 0.00161153 
10 5 5 1.04856 0.000195111 0.000731274 
11 5 5 1.0485 -0.000758082 2.74092e-05 
12 5 5 1.04941 -0.00152282 -0.000470233 
13 5 5 1.05102 -0.00178055 -0.000842298 
14 5 5 1.05316 -0.000912127 -0.000599504 
15 5 5 1.05318 -0.00428753 -0.00266678 
0 6 6 1.59765 -0.011899 -0.0117343 
1 6 6 1.59705 -0.00835645 -0.0084672 
2 6 6 1.59769 -0.00355306 -0.00447973 
3 6 6 1.59852 0.00106548 -0.00081341 
4 6 6 1.5989 0.00443982 0.00183183 
5 6 6 1.59868 0.00621882 0.00332622 
6 6 6 1.59798 0.0065741 0.00390547 
7 6 6 1.59701 0.0058715 0.00388192 
8 6 6 1.59599 0.00448528 0.00345622 
9 6 6 1.59513 0.00276533 0.00248338 
10 6 6 1.59406 0.000961323 0.000896658 
11 6 6 1.59267 -0.000784143 -0.000454673 
12 6 6 1.59157 -0.00216823 -0.00141101 
13 6 6 1.59088 -0.00290664 -0.00214213 
14 6 6 1.59095 -0.00280989 -0.00238772 
15 6 6 1.58846 -0.00494943 -0.00477019 
0 7 7 1.91272 -0.00507439 -0.0188439 
1 7 7 1.90125 -0.00405186 -0.0142821 
2 7 7 1.89524 -0.00169651 -0.00800214 
3 7 7 1.89406 0.00113695 -0.00185047 
4 7 7 1.8962 0.00359407 0.00269132 
5 7 7 1.9 0.00518889 0.00517536 
6 7 7 1.90418 0.00582429 0.00595141 
7 7 7 1.90787 0.00562665 0.00559908 
8 7 7 1.91063 0.00479409 0.00455923 
9 7 7 1.91222 0.00348033 0.00295355 
10 7 7 1.91225 0.00188113 0.000895109 
11 7 7 1.91067 0.000400633 -0.00102851 
12 7 7 1.90799 -0.000741057 -0.00255147 
13 7 7 1.9047 -0.00148693 -0.00367126 
14 7 7 1.90146 -0.00177793 -0.0042823 
15 7 7 1.89489 -0.002599 -0.00671146 
0 8 8 1.9318 0.00788489 -0.0201264 
1 8 8 1.9198 0.00575422 -0.0153613 
2 8 8 1.91343 0.00370729 -0.00859431 
3 8 8 1.91231 0.00222051 -0.00186459 
4 8 8 1.91499 0.0015089 0.00315172 
5 8 8 1.91978 0.00142563 0.00588677 
6 8 8 1.92525 0.00164153 0.00665892 
7 8 8 1.93037 0.00187206 0.00607651 
8 8 8 1.93447 0.00195612 0.00465547 
9 8 8 1.93712 0.00182336 0.00271582 
10 8 8 1.93797 0.00154372 0.00052425 
11 8 8 1.937 0.00133446 -0.00156647 
12 8 8 1.93455 0.00127214 -0.00328751 
13 8 8 1.93115 0.00127242 -0.00446722 
14 8 8 1.92756 0.00129272 -0.0050044 
15 8 8 1.92055 0.00198024 -0.0072674 
0 9 9 1.65568 0.0146848 -0.0147571 
1 9 9 1.65457 0.0105294 -0.010532 
2 9 9 1.65536 0.00589115 -0.005242 
3 9 9 1.65725 0.00195062 -0.000381688 
4 9 9 1.6596 -0.000602166 0.00301512 
5 9 9 1.66206 -0.00176593 0.00469363 
6 9 9 1.66443 -0.00193134 0.00493881 
7 9 9 1.66652 -0.00152086 0.00420026 
8 9 9 1.66813 -0.000835605 0.00287288 
9 9 9 1.66908 -5.0355e-05 0.00124637 
10 9 9 1.66928 0.000773843 -0.0004438 
11 9 9 1.66876 0.00162992 -0.00197185 
12 9 9 1.66775 0.00243123 -0.00314297 
13 9 9 1.66661 0.00297157 -0.00377913 
14 9 9 1.66599 0.00303611 -0.00371803 
15 9 9 1.66262 0.0051533 -0.00572602 
0 10 10 1.15232 0.0104739 -0.00680977 
1 10 10 1.15918 0.00714704 -0.00441871 
2 10 10 1.16364 0.00363447 -0.00186934 
3 10 10 1.16563 0.000718915 0.000224074 
4 10 10 1.16574 -0.0012045 0.00153677 
5 10 10 1.16477 -0.00214731 0.00205636 
6 10 10 1.16341 -0.00233169 0.0019554 
7 10 10 1.16211 -0.00200719 0.00145511 
8 10 10 1.16111 -0.00137455 0.000744151 
9 10 10 1.16055 -0.000575794 -3.73903e-05 
10 10 10 1.16048 0.00029653 -0.000779462 
11 10 10 1.16096 0.00116224 -0.00138748 
12 10 10 1.16199 0.00189502 -0.00178287 
13 10 10 1.16353 0.00226056 -0.00185904 
14 10 10 1.16575 0.00163695 -0.00127186 
15 10 10 1.16632 0.00491892 -0.00315423 
0 11 11 0.586634 0.00361487 -0.00180027 
1 11 11 0.592543 0.00248257 -0.00113242 
2 11 11 0.595998 0.00127786 -0.00049292 
3 11 11 0.597199 0.000248634 -7.79602e-06 
4 11 11 0.59672 -0.000468289 0.000270544 
5 11 11 0.595254 -0.00085537 0.000355599 
6 11 11 0.593417 -0.000965712 0.000298607 
7 11 11 0.591663 -0.00087254 0.000159626 
8 11 11 0.590293 -0.000646121 -1.45684e-05 
9 11 11 0.589491 -0.00034324 -0.000191077 
10 11 11 0.589352 -4.51341e-06 -0.000343997 
11 11 11 0.589889 0.000332313 -0.000453037 
12 11 11 0.591029 0.000610289 -0.000504314 
13 11 11 0.592565 0.000710437 -0.000461258 
14 11 11 0.593946 -0.000221619 5.39556e-05 
15 11 11 0.608108 0.00338039 -0.00153632 
0 12 12 0.22709 0.000645379 -0.00028441 
1 12 12 0.230006 0.000479905 -0.000192104 
2 12 12 0.231874 0.000278995 -0.000108197 
3 12 12 0.232697 8.96007e-05 -4.67629e-05 
4 12 12 0.232671 -5.49653e-05 -1.27334e-05 
5 12 12 0.232087 -0.0001443 -3.45322e-06 
6 12 12 0.231234 -0.000182847 -1.14493e-05 
7 12 12 0.230343 -0.000180917 -2.79496e-05 
8 12 12 0.229576 -0.000150941 -4.73004e-05 
9 12 12 0.22904 -0.000104754 -6.57156e-05 
10 12 12 0.228794 -4.80137e-05 -7.87239e-05 
11 12 12 0.228865 1.39491e-05 -8.36703e-05 
12 12 12 0.229227 6.80471e-05 -8.02978e-05 
13 12 12 0.229787 9.3644e-05 -6.44229e-05 
14 12 12 0.230037 -0.000170736 5.70135e-05 
15 12 12 0.241152 0.00289486 -0.0011394 
0 13 13 0 0 0 
1 13 13 0 0 0 
2 13 13 0 0 0 
3 13 13 0 0 0 
4 13 13 0 0 0 
5 13 13 0 0 0 
6 13 13 0 0 0 
7 13 13 0 0 0 
8 13 13 0 0 0 
9 13 13 0 0 0 
10 13 13 0 0 0 
11 13 13 0 0 0 
12 13 13 0 0 0 
13 13 13 0 0 0 
14 13 13 0 0 0 
15 13 13 0 0 0 
0 14 14 0 0 0 
1 14 14 0 0 0 
2 14 14 0 0 0 
3 14 14 0 0 0 
4 14 14 0 0 0 
5 14 14 0 0 0 
6 14 14 0 0 0 
7 14 14 0 0 0 
8 14 14 0 0 0 
9 14 14 0 0 0 
10 14 14 0 0 0 
11 14 14 0 0 0 
12 14 14 0 0 0 
13 14 14 0 0 0 
14 14 14 0 0 0 
15 14 14 0 0 0 
0 15 15 0 0 0 
1 15 15 0 0 0 
2 15 15 0 0 0 
3 15 15 0 0 0 
4 15 15 0 0 0 
5 15 15 0 0 0 
6 15 15 0 0 0 
7 15 15 0 0 0 
8 15 15 0 0 0 
9 15 15 0 0 0 
10 15 15 0 0 0 
11 15 15 0 0 0 
12 15 15 0 0 0 
13 15 15 0 0 0 
14 15 15 0 0 0 
15 15 15 0 0 0 
0 0 0 0 0 0 
1 0 0 0 0 0 
2 0 0 0 0 0 
3 0 0 0 0 0 
4 0 0 0 0 0 
5 0 0 0 0 0 
6 0 0 0 0 0 
7 0 0 0 0 0 
8 0 0 0 0 0 
9 0 0 0 0 0 
10 0 0 0 0 0 
11 0 0 0 0 0 
12 0 0 0 0 0 
13 0 0 0 0 0 
14 0 0 0 0 0 
15 0 0 0 0 0 
0 1 1 0 0 0 
1 1 1 0 0 0 
2 1 1 0 0 0 
3 1 1 0 0 0 
4 1 1 0 0 0 
5 1 1 0 0 0 
6 1 1 0 0 0 
7 1 1 0 0 0 
8 1 1 0 0 0 
9 1 1 0 0 0 
10 1 1 0 0 0 
11 1 1 0 0 0 
12 1 1 0 0 0 
13 1 1 0 0 0 
14 1 1 0 0 0 
15 1 1 0 0 0 
0 2 2 0 0 0 
1 2 2 0 0 0 
2 2 2 0 0 0 
3 2 2 0 0 0 
4 2 2 0 0 0 
5 2 2 0 0 0 
6 2 2 0 0 0 
7 2 2 0 0 0 
8 2 2 0 0 0 
9 2 2 0 0 0 
10 2 2 0 0 0 
11 2 2 0 0 0 
12 2 2 0 0 0 
13 2 2 0 0 0 
14 2 2 0 0 0 
15 2 2 0 0 0 
0 3 3 0.217832 -0.000659291 -7.10846e-05 
1 3 3 0.220408 -0.000499334 -7.28578e-05 
2 3 3 0.22203 -0.000291661 -4.91511e-05 
3 3 3 0.222667 -8.9083e-05 -7.27929e-06 
4 3 3 0.222496 7.02797e-05 3.90059e-05 
5 3 3 0.221787 0.000170063 8.25937e-05 
6 3 3 0.220818 0.000213606 0.000116491 
7 3 3 0.219814 0.000212897 0.000132158 
8 3 3 0.218945 0.000182951 0.000120274 
9 3 3 0.218301 0.000135852 7.93644e-05 
10 3 3 0.217924 7.65179e-05 2.70369e-05 
11 3 3 0.21785 9.54886e-06 -1.01774e-05 
12 3 3 0.218075 -5.20422e-05 -3.4262e-05 
13 3 3 0.218502 -7.84069e-05 -5.27597e-05 
14 3 3 0.218619 0.000259577 -4.47367e-05 
15 3 3 0.230651 -0.00287565 -0.000250452 
0 4 4 0.628343 -0.00398021 -0.000515503 
1 4 4 0.633706 -0.00268299 -0.000439327 
2 4 4 0.636527 -0.00120814 -0.000287284 
3 4 4 0.636916 9.47533e-05 -9.07944e-05 
4 4 4 0.635483 0.00101895 0.000108017 
5 4 4 0.633008 0.00151648 0.000280702 
6 4 4 0.630201 0.00164225 0.000410213 
7 4 4 0.627605 0.00148972 0.000478836 
8 4 4 0.625581 0.00115531 0.000463328 
9 4 4 0.624298 0.000723298 0.000351502 
10 4 4 0.623791 0.000249398 0.000182712 
11 4 4 0.624052 -0.000220205 2.99104e-05 
12 4 4 0.625005 -0.000603684 -8.9946e-05 
13 4 4 0.626392 -0.000741756 -0.000177923 
14 4 4 0.627707 0.000307192 -8.19127e-05 
15 4 4 0.636888 -0.00362617 -0.000590822 
0 5 5 1.30621 -0.0123196 -0.00230638 
1 5 5 1.31049 -0.00836818 -0.00170148 
2 5 5 1.31318 -0.00355932 -0.000968884 
3 5 5 1.31366 0.000800955 -0.000266733 
4 5 5 1.31218 0.00388208 0.000296162 
5 5 5 1.30944 0.00549113 0.00069117 
6 5 5 1.30624 0.00584168 0.000937177 
7 5 5 1.30319 0.00527081 0.00105118 
8 5 5 1.30069 0.00409662 0.00101654 
9 5 5 1.29893 0.00258744 0.000798215 
10 5 5 1.29789 0.000948661 0.000439838 
11 5 5 1.29756 -0.000647479 8.33373e-05 
12 5 5 1.29795 -0.0019641 -0.000212111 
13 5 5 1.29893 -0.0026671 -0.000444284 
14 5 5 1.30068 -0.00216645 -0.000484972 
15 5 5 1.30062 -0.00574171 -0.00124123 
0 6 6 1.89177 -0.0163028 -0.00583103 
1 6 6 1.88085 -0.0124298 -0.00439461 
2 6 6 1.87511 -0.00629678 -0.00250079 
3 6 6 1.87373 0.000129143 -0.000681908 
4 6 6 1.87514 0.00515843 0.000652505 
5 6 6 1.87783 0.00811183 0.00140221 
6 6 6 1.88065 0.00914821 0.00169128 
7 6 6 1.88296 0.00873383 0.00168477 
8 6 6 1.88441 0.00732106 0.0014725 
9 6 6 1.88484 0.00527603 0.00105457 
10 6 6 1.88413 0.00290218 0.000476642 
11 6 6 1.88233 0.000482189 -9.41053e-05 
12 6 6 1.87972 -0.00166782 -0.00056903 
13 6 6 1.87668 -0.00320829 -0.000951111 
14 6 6 1.87381 -0.00392912 -0.00121397 
15 6 6 1.86763 -0.00645011 -0.00211135 
0 7 7 2.23388 -0.00572273 -0.00893308 
1 7 7 2.20373 -0.00519123 -0.00732007 
2 7 7 2.18243 -0.00286103 -0.00458869 
3 7 7 2.1723 0.000367956 -0.00159581 
4 7 7 2.17223 0.0034002 0.00078103 
5 7 7 2.17888 0.00557542 0.00216237 
6 7 7 2.18859 0.00675008 0.00266194 
7 7 7 2.19854 0.00703183 0.00257035 
8 7 7 2.20699 0.00657507 0.00211873 
9 7 7 2.21295 0.0055297 0.00141889 
10 7 7 2.21586 0.0040756 0.000570161 
11 7 7 2.21559 0.0024394 -0.000267887 
12 7 7 2.21237 0.000853804 -0.00099287 
13 7 7 2.20674 -0.000474839 -0.00157697 
14 7 7 2.19946 -0.00141753 -0.00201327 
15 7 7 2.1878 -0.00267459 -0.00292301 
0 8 8 2.25244 0.0123669 -0.00937358 
1 8 8 2.22133 0.00976121 -0.00780665 
2 8 8 2.19897 0.00647507 -0.00495247 
3 8 8 2.18817 0.00341744 -0.00172481 
4 8 8 2.18813 0.00138602 0.000905025 
5 8 8 2.19554 0.000597026 0.00247559 
6 8 8 2.20659 0.000740276 0.00305585 
7 8 8 2.21829 0.0013422 0.0029308 
8 8 8 2.22861 0.00201968 0.00236184 
9 8 8 2.23635 0.0025533 0.00152137 
10 8 8 2.24079 0.0028816 0.00054692 
11 8 8 2.24165 0.00304895 -0.000418145 
12 8 8 2.23908 0.00310829 -0.00126204 
13 8 8 2.23359 0.00308 -0.0019161 
14 8 8 2.22601 0.00299884 -0.00235882 
15 8 8 2.21381 0.00344824 -0.00321452 
0 9 9 1.94846 0.0224731 -0.0070934 
1 9 9 1.93596 0.0169812 -0.005438 
2 9 9 1.92922 0.00995637 -0.00304145 
3 9 9 1.92812 0.00341049 -0.000637109 
4 9 9 1.93129 -0.00112661 0.00116447 
5 9 9 1.93701 -0.00329473 0.00214372 
6 9 9 1.94372 -0.00360539 0.00239996 
7 9 9 1.95023 -0.00279104 0.00214645 
8 9 9 1.95566 -0.00143326 0.00157798 
9 9 9 1.95943 0.000108618 0.000836985 
10 9 9 1.9612 0.00164616 3.78476e-05 
11 9 9 1.96089 0.00307377 -0.000713579 
12 9 9 1.95874 0.00427473 -0.00132695 
13 9 9 1.9553 0.00508181 -0.0017304 
14 9 9 1.9514 0.00539715 -0.0018954 
15 9 9 1.944 0.00744323 -0.00261756 
0 10 10 1.40324 0.0169272 -0.0034824 
1 10 10 1.40782 0.0116534 -0.00234675 
2 10 10 1.41159 0.00589335 -0.00106269 
3 10 10 1.41409 0.001054 3.68416e-05 
4 10 10 1.41546 -0.00209005 0.000756606 
5 10 10 1.41611 -0.00352092 0.00107173 
6 10 10 1.41643 -0.00364609 0.00106262 
7 10 10 1.41664 -0.00293734 0.000839817 
8 10 10 1.41679 -0.00176676 0.000497294 
9 10 10 1.4169 -0.000386093 0.000103593 
10 10 10 1.41698 0.00103673 -0.000286718 
11 10 10 1.41709 0.00236353 -0.000623678 
12 10 10 1.41735 0.00342792 -0.000863781 
13 10 10 1.41791 0.0039708 -0.00095986 
14 10 10 1.41924 0.00354026 -0.000828791 
15 10 10 1.41856 0.00683331 -0.00148436 
0 11 11 0.736704 0.00590567 -0.000936697 
1 11 11 0.743447 0.00395006 -0.000600801 
2 11 11 0.747419 0.00193637 -0.000269762 
3 11 11 0.748839 0.000278001 -1.03483e-05 
4 11 11 0.748377 -0.000817983 0.000148108 
5 11 11 0.746833 -0.00135037 0.000208934 
6 11 11 0.744894 -0.00143269 0.000194964 
7 11 11 0.743056 -0.00120402 0.000134498 
8 11 11 0.741638 -0.000785821 4.86115e-05 
9 11 11 0.740837 -0.000271307 -4.80634e-05 
10 11 11 0.740756 0.000271104 -0.000142022 
11 11 11 0.741413 0.000779455 -0.000218841 
12 11 11 0.742738 0.00117457 -0.000266661 
13 11 11 0.744534 0.00129802 -0.000264354 
14 11 11 0.746456 0.000256605 -6.9694e-05 
15 11 11 0.752689 0.00424506 -0.000684271 
0 12 12 0.328844 0.00127621 -0.000196871 
1 12 12 0.332859 0.000905558 -0.000139425 
2 12 12 0.335337 0.000496289 -8.18185e-05 
3 12 12 0.336336 0.000135326 -3.45639e-05 
4 12 12 0.336174 -0.000123271 -2.12835e-06 
5 12 12 0.335273 -0.000268255 1.42836e-05 
6 12 12 0.334042 -0.000315303 1.75958e-05 
7 12 12 0.3328 -0.000289422 1.20569e-05 
8 12 12 0.331771 -0.000216077 -7.10864e-08 
9 12 12 0.331098 -0.000116842 -1.6951e-05 
10 12 12 0.33086 -5.77381e-06 -3.52504e-05 
11 12 12 0.331077 0.000104822 -5.06678e-05 
12 12 12 0.331705 0.000194658 -5.88505e-05 
13 12 12 0.3326 0.000224089 -5.49214e-05 
14 12 12 0.333089 -0.000261167 4.58524e-05 
15 12 12 0.348496 0.00336778 -0.000460584 
0 13 13 0 0 0 
1 13 13 0 0 0 
2 13 13 0 0 0 
3 13 13 0 0 0 
4 13 13 0 0 0 
5 13 13 0 0 0 
6 13 13 0 0 0 
7 13 13 0 0 0 
8 13 13 0 0 0 
9 13 13 0 0 0 
10 13 13 0 0 0 
11 13 13 0 0 0 
12 13 13 0 0 0 
13 13 13 0 0 0 
14 13 13 0 0 0 
15 13 13 0 0 0 
0 14 14 0 0 0 
1 14 14 0 0 0 
2 14 14 0 0 0 
3 14 14 0 0 0 
4 14 14 0 0 0 
5 14 14 0 0 0 
6 14 14 0 0 0 
7 14 14 0 0 0 
8 14 14 0 0 0 
9 14 14 0 0 0 
10 14 14 0 0 0 
11 14 14 0 0 0 
12 14 14 0 0 0 
13 14 14 0 0 0 
14 14 14 0 0 0 
15 14 14 0 0 0 
0 15 15 0 0 0 
1 15 15 0 0 0 
2 15 15 0 0 0 
3 15 15 0 0 0 
4 15 15 0 0 0 
5 15 15 0 0 0 
6 15 15 0 0 0 
7 15 15 0 0 0 
8 15 15 0 0 0 
9 15 15 0 0 0 
10 15 15 0 0 0 
11 15 15 0 0 0 
12 15 15 0 0 0 
13 15 15 0 0 0 
14 15 15 0 0 0 
15 15 15 0 0 0 
0 0 0 0 0 0 
1 0 0 0 0 0 
2 0 0 0 0 0 
3 0 0 0 0 0 
4 0 0 0 0 0 
5 0 0 0 0 0 
6 0 0 0 0 0 
7 0 0 0 0 0 
8 0 0 0 0 0 
9 0 0 0 0 0 
10 0 0 0 0 0 
11 0 0 0 0 0 
12 0 0 0 0 0 
13 0 0 0 0 0 
14 0 0 0 0 0 
15 0 0 0 0 0 
0 1 1 0 0 0 
1 1 1 0 0 0 
2 1 1 0 0 0 
3 1 1 0 0 0 
4 1 1 0 0 0 
5 1 1 0 0 0 
6 1 1 0 0 0 
7 1 1 0 0 0 
8 1 1 0 0 0 
9 1 1 0 0 0 
10 1 1 0 0 0 
11 1 1 0 0 0 
12 1 1 0 0 0 
13 1 1 0 0 0 
14 1 1 0 0 0 
15 1 1 0 0 0 
0 2 2 0 0 0 
1 2 2 0 0 0 
2 2 2 0 0 0 
3 2 2 0 0 0 
4 2 2 0 0 0 
5 2 2 0 0 0 
6 2 2 0 0 0 
7 2 2 0 0 0 
8 2 2 0 0 0 
9 2 2 0 0 0 
10 2 2 0 0 0 
11 2 2 0 0 0 
12 2 2 0 0 0 
13 2 2 0 0 0 
14 2 2 0 0 0 
15 2 2 0 0 0 
0 3 3 0.217768 -0.000662582 3.44165e-05 
1 3 3 0.220347 -0.000504475 2.2343e-05 
2 3 3 0.22197 -0.000295828 4.96432e-06 
3 3 3 0.222607 -9.09147e-05 -7.64015e-06 
4 3 3 0.222436 7.25733e-05 -1.87721e-05 
5 3 3 0.221725 0.000176947 -2.28892e-05 
6 3 3 0.220752 0.000224613 -2.13608e-05 
7 3 3 0.219741 0.000225967 -1.98988e-05 
8 3 3 0.21886 0.000194372 -2.44188e-05 
9 3 3 0.218207 0.000140694 -3.44144e-05 
10 3 3 0.217836 7.39596e-05 -4.34525e-05 
11 3 3 0.217773 3.21839e-06 -4.36345e-05 
12 3 3 0.218003 -5.95997e-05 -3.7148e-05 
13 3 3 0.218432 -8.73747e-05 -3.21608e-05 
14 3 3 0.218551 0.000249946 -4.50036e-05 
15 3 3 0.23058 -0.00288199 0.000165656 
0 4 4 0.628148 -0.00398375 0.000454315 
1 4 4 0.633517 -0.00269923 0.000308682 
2 4 4 0.636343 -0.00122809 0.000132466 
3 4 4 0.636733 7.96027e-05 -2.57468e-05 
4 4 4 0.635294 0.00101612 -0.000142227 
5 4 4 0.632808 0.00152961 -0.000207962 
6 4 4 0.629989 0.00167135 -0.000225987 
7 4 4 0.627374 0.00153105 -0.000212942 
8 4 4 0.625317 0.00119839 -0.000189556 
9 4 4 0.624007 0.000751043 -0.000165612 
10 4 4 0.623506 0.000254232 -0.000136281 
11 4 4 0.623796 -0.000228152 -9.10112e-05 
12 4 4 0.624765 -0.000618429 -4.00304e-05 
13 4 4 0.626159 -0.000767025 -1.70371e-05 
14 4 4 0.627482 0.000273773 -0.000165203 
15 4 4 0.636664 -0.00365656 0.000330643 
0 5 5 1.30576 -0.0122925 0.0023025 
1 5 5 1.31005 -0.00837314 0.00159469 
2 5 5 1.31274 -0.00358897 0.000751889 
3 5 5 1.31322 0.000763094 -2.63931e-06 
4 5 5 1.31171 0.00385325 -0.000537271 
5 5 5 1.30895 0.00548364 -0.000828883 
6 5 5 1.30572 0.00586214 -0.000916594 
7 5 5 1.30263 0.00531976 -0.000858798 
8 5 5 1.30007 0.00416354 -0.000713246 
9 5 5 1.29825 0.00264548 -0.000522944 
10 5 5 1.29721 0.00097987 -0.000304046 
11 5 5 1.29694 -0.00062914 -5.89402e-05 
12 5 5 1.29736 -0.00195323 0.000177597 
13 5 5 1.29835 -0.00268006 0.000322196 
14 5 5 1.30011 -0.00220767 0.000234228 
15 5 5 1.30007 -0.00579342 0.000901815 
0 6 6 1.89111 -0.0162476 0.00575201 
1 6 6 1.88022 -0.0123939 0.00433524 
2 6 6 1.87449 -0.00628706 0.00237757 
3 6 6 1.87311 0.000116336 0.000465711 
4 6 6 1.87449 0.00513296 -0.000936636 
5 6 6 1.87713 0.00808507 -0.00169593 
6 6 6 1.87989 0.0091301 -0.00192459 
7 6 6 1.88213 0.00873092 -0.00179921 
8 6 6 1.88351 0.00733501 -0.00146544 
9 6 6 1.88385 0.00530018 -0.00102163 
10 6 6 1.88312 0.00293135 -0.0005163 
11 6 6 1.88138 0.000520066 2.8385e-05 
12 6 6 1.87882 -0.00162595 0.000556924 
13 6 6 1.87581 -0.00318001 0.000963313 
14 6 6 1.87295 -0.003925 0.00116085 
15 6 6 1.86679 -0.00646464 0.00196237 
0 7 7 2.23325 -0.00569201 0.00871078 
1 7 7 2.20314 -0.00516167 0.00718295 
2 7 7 2.18188 -0.00283355 0.00447376 
3 7 7 2.17176 0.000390747 0.0014554 
4 7 7 2.17169 0.00341557 -0.000964848 
5 7 7 2.1783 0.0055815 -0.0023776 
6 7 7 2.18795 0.00674536 -0.002878 
7 7 7 2.19783 0.0070159 -0.00275295 
8 7 7 2.20619 0.00655208 -0.00225966 
9 7 7 2.21204 0.00551415 -0.00157133 
10 7 7 2.2149 0.00408159 -0.000784092 
11 7 7 2.21465 0.00246 4.70364e-05 
12 7 7 2.21146 0.000874249 0.00084888 
13 7 7 2.20586 -0.000459236 0.00151472 
14 7 7 2.1986 -0.00140418 0.00197411 
15 7 7 2.18696 -0.00266243 0.00286197 
0 8 8 2.25204 0.0123675 0.00918108 
1 8 8 2.22096 0.00976019 0.00769825 
2 8 8 2.19862 0.00648465 0.00487882 
3 8 8 2.18785 0.00344217 0.00163988 
4 8 8 2.18782 0.00142257 -0.00102753 
5 8 8 2.19521 0.000636557 -0.00263688 
6 8 8 2.20624 0.000771145 -0.00324016 
7 8 8 2.21787 0.00135524 -0.00311693 
8 8 8 2.22812 0.00201393 -0.00254048 
9 8 8 2.23578 0.00254218 -0.00171102 
10 8 8 2.24016 0.0028785 -0.00076048 
11 8 8 2.241 0.0030474 0.000216299 
12 8 8 2.23844 0.00309754 0.00112219 
13 8 8 2.23296 0.00306396 0.00184673 
14 8 8 2.22539 0.00299045 0.00232436 
15 8 8 2.21321 0.0034533 0.00317804 
0 9 9 1.94827 0.0224499 0.00704524 
1 9 9 1.93578 0.0169643 0.00544329 
2 9 9 1.92906 0.00996051 0.00303861 
3 9 9 1.92797 0.00343973 0.00057822 
4 9 9 1.93115 -0.00107905 -0.00129599 
5 9 9 1.93686 -0.00324231 -0.0023333 
6 9 9 1.94356 -0.00356333 -0.00261534 
7 9 9 1.95003 -0.00277027 -0.0023511 
8 9 9 1.9554 -0.00143584 -0.00174607 
9 9 9 1.95911 9.16705e-05 -0.000964576 
10 9 9 1.96084 0.00162416 -0.000129331 
11 9 9 1.96051 0.00304798 0.00066374 
12 9 9 1.95837 0.00424479 0.00132447 
13 9 9 1.95492 0.00505549 0.00175847 
14 9 9 1.95104 0.00538718 0.00191413 
15 9 9 1.94365 0.0074535 0.00259707 
0 10 10 1.40314 0.0169057 0.00354219 
1 10 10 1.40772 0.0116489 0.0023731 
2 10 10 1.4115 0.00591055 0.00101927 
3 10 10 1.41402 0.00108802 -0.000153498 
4 10 10 1.41539 -0.0020508 -0.000918475 
5 10 10 1.41604 -0.00348903 -0.00123681 
6 10 10 1.41634 -0.00363122 -0.00119186 
7 10 10 1.41652 -0.00294373 -0.000904911 
8 10 10 1.41664 -0.00179152 -0.000491194 
9 10 10 1.41671 -0.000420108 -4.35629e-05 
10 10 10 1.41677 0.00100322 0.000371631 
11 10 10 1.41688 0.00233549 0.000708601 
12 10 10 1.41714 0.003409 0.000928443 
13 10 10 1.4177 0.00396579 0.000980143 
14 10 10 1.41905 0.00355335 0.000782822 
15 10 10 1.41838 0.00686116 0.00137825 
0 11 11 0.736642 0.00590076 0.000962803 
1 11 11 0.74339 0.00395496 0.000574942 
2 11 11 0.747369 0.00194957 0.000200501 
3 11 11 0.748795 0.000294035 -7.57774e-05 
4 11 11 0.748335 -0.000806 -0.000218279 
5 11 11 0.746785 -0.00134697 -0.000238778 
6 11 11 0.744836 -0.00143941 -0.0001735 
7 11 11 0.742983 -0.00121997 -6.33754e-05 
8 11 11 0.741549 -0.000807073 5.49876e-05 
9 11 11 0.740737 -0.000291768 0.000155244 
10 11 11 0.740651 0.000256012 0.000224725 
11 11 11 0.741309 0.00077154 0.000260483 
12 11 11 0.742638 0.00117525 0.000260791 
13 11 11 0.74444 0.00130721 0.000208426 
14 11 11 0.746369 0.000272982 -2.91212e-05 
15 11 11 0.752608 0.00426539 0.000563003 
0 12 12 0.328809 0.00127597 0.000198051 
1 12 12 0.332824 0.000907891 0.000117054 
2 12 12 0.335304 0.000500774 4.95911e-05 
3 12 12 0.336308 0.000139353 7.17366e-06 
4 12 12 0.336145 -0.000121858 -6.5607e-06 
5 12 12 0.335242 -0.000270549 1.40681e-06 
6 12 12 0.334007 -0.000320616 2.18348e-05 
7 12 12 0.332761 -0.000297021 4.45158e-05 
8 12 12 0.331726 -0.000224207 6.11719e-05 
9 12 12 0.33105 -0.000123119 6.66875e-05 
10 12 12 0.330814 -8.89308e-06 6.18882e-05 
11 12 12 0.331031 0.000104102 5.03128e-05 
12 12 12 0.331659 0.000197487 3.51319e-05 
13 12 12 0.332557 0.000229445 1.07715e-05 
14 12 12 0.333047 -0.000254534 -0.000101925 
15 12 12 0.348455 0.00337534 0.000401443 
0 13 13 0 0 0 
1 13 13 0 0 0 
2 13 13 0 0 0 
3 13 13 0 0 0 
4 13 13 0 0 0 
5 13 13 0 0 0 
6 13 13 0 0 0 
7 13 13 0 0 0 
8 13 13 0 0 0 
9 13 13 0 0 0 
10 13 13 0 0 0 
11 13 13 0 0 0 
12 13 13 0 0 0 
13 13 13 0 0 0 
14 13 13 0 0 0 
15 13 13 0 0 0 
0 14 14 0 0 0 
1 14 14 0 0 0 
2 14 14 0 0 0 
3 14 14 0 0 0 
4 14 14 0 0 0 
5 14 14 0 0 0 
6 14 14 0 0 0 
7 14 14 0 0 0 
8 14 14 0 0 0 
9 14 14 0 0 0 
10 14 14 0 0 0 
11 14 14 0 0 0 
12 14 14 0 0 0 
13 14 14 0 0 0 
14 14 14 0 0 0 
15 14 14 0 0 0 
0 15 15 0 0 0 
1 15 15 0 0 0 
2 15 15 0 0 0 
3 15 15 0 0 0 
4 15 15 0 0 0 
5 15 15 0 0 0 
6 15 15 0 0 0 
7 15 15 0 0 0 
8 15 15 0 0 0 
9 15 15 0 0 0 
10 15 15 0 0 0 
11 15 15 0 0 0 
12 15 15 0 0 0 
13 15 15 0 0 0 
14 15 15 0 0 0 
15 15 15 0 0 0 
0 0 0 0 0 0 
1 0 0 0 0 0 
2 0 0 0 0 0 
3 0 0 0 0 0 
4 0 0 0 0 0 
5 0 0 0 0 0 
6 0 0 0 0 0 
7 0 0 0 0 0 
8 0 0 0 0 0 
9 0 0 0 0 0 
10 0 0 0 0 0 
11 0 0 0 0 0 
12 0 0 0 0 0 
13 0 0 0 0 0 
14 0 0 0 0 0 
15 0 0 0 0 0 
0 1 1 0 0 0 
1 1 1 0 0 0 
2 1 1 0 0 0 
3 1 1 0 0 0 
4 1 1 0 0 0 
5 1 1 0 0 0 
6 1 1 0 0 0 
7 1 1 0 0 0 
8 1 1 0 0 0 
9 1 1 0 0 0 
10 1 1 0 0 0 
11 1 1 0 0 0 
12 1 1 0 0 0 
13 1 1 0 0 0 
14 1 1 0 0 0 
15 1 1 0 0 0 
0 2 2 0 0 0 
1 2 2 0 0 0 
2 2 2 0 0 0 
3 2 2 0 0 0 
4 2 2 0 0 0 
5 2 2 0 0 0 
6 2 2 0 0 0 
7 2 2 0 0 0 
8 2 2 0 0 0 
9 2 2 0 0 0 
10 2 2 0 0 0 
11 2 2 0 0 0 
12 2 2 0 0 0 
13 2 2 0 0 0 
14 2 2 0 0 0 
15 2 2 0 0 0 
0 3 3 0.172114 -0.000403747 6.14982e-05 
1 3 3 0.17426 -0.000306429 6.20765e-05 
2 3 3 0.175655 -0.000182061 3.76556e-05 
3 3 3 0.176258 -6.64682e-05 3.09169e-06 
4 3 3 0.176206 2.63068e-05 -3.59433e-05 
5 3 3 0.175688 8.37823e-05 -6.73893e-05 
6 3 3 0.174933 0.00010879 -8.76288e-05 
7 3 3 0.174124 0.000107993 -9.68336e-05 
8 3 3 0.173401 8.96044e-05 -9.9888e-05 
9 3 3 0.172848 5.93857e-05 -9.53541e-05 
10 3 3 0.172519 2.31818e-05 -8.2764e-05 
11 3 3 0.172436 -1.36825e-05 -6.26152e-05 
12 3 3 0.172589 -4.56683e-05 -3.93157e-05 
13 3 3 0.172912 -5.97933e-05 -2.29742e-05 
14 3 3 0.173037 9.93014e-05 -8.05756e-05 
15 3 3 0.176232 -0.00257573 0.000916141 
0 4 4 0.519041 -0.00269106 0.000889404 
1 4 4 0.523998 -0.00182404 0.000678972 
2 4 4 0.526695 -0.000854672 0.000364673 
3 4 4 0.527236 -7.3281e-06 3.15653e-05 
4 4 4 0.526139 0.0005892 -0.000257863 
5 4 4 0.524074 0.000906639 -0.000466257 
6 4 4 0.521664 0.00098265 -0.000581578 
7 4 4 0.519385 0.000880679 -0.00061142 
8 4 4 0.517561 0.000661086 -0.000572349 
9 4 4 0.516377 0.000375069 -0.000479522 
10 4 4 0.515909 6.61963e-05 -0.000344812 
11 4 4 0.516148 -0.00022521 -0.000185563 
12 4 4 0.516991 -0.000453516 -3.20402e-05 
13 4 4 0.518204 -0.000524349 5.55088e-05 
14 4 4 0.519118 0.000367772 -0.000310531 
15 4 4 0.53353 -0.00316382 0.00111805 
0 5 5 1.05384 -0.00808118 0.00425558 
1 5 5 1.05992 -0.00532309 0.00300485 
2 5 5 1.06325 -0.00215324 0.00150609 
3 5 5 1.06367 0.0006182 0.000121595 
4 5 5 1.06179 0.00251414 -0.000927158 
5 5 5 1.05859 0.00344465 -0.00158165 
6 5 5 1.05498 0.00356409 -0.00187822 
7 5 5 1.05163 0.00310266 -0.00188286 
8 5 5 1.04897 0.00227379 -0.00166137 
9 5 5 1.04724 0.00125226 -0.00127036 
10 5 5 1.0465 0.000185098 -0.000761583 
11 5 5 1.04672 -0.000795193 -0.000198223 
12 5 5 1.04775 -0.00154936 0.000325943 
13 5 5 1.04937 -0.00186519 0.000650297 
14 5 5 1.05149 -0.00105134 0.00031418 
15 5 5 1.05149 -0.00442471 0.00233781 
0 6 6 1.59534 -0.0117996 0.0115942 
1 6 6 1.59477 -0.00832357 0.00832927 
2 6 6 1.59537 -0.00357591 0.00429105 
3 6 6 1.59611 0.00101163 0.0005809 
4 6 6 1.59635 0.00438087 -0.00206975 
5 6 6 1.59598 0.00617628 -0.00351938 
6 6 6 1.59516 0.00656439 -0.00399282 
7 6 6 1.5941 0.00590625 -0.00378557 
8 6 6 1.59293 0.00456436 -0.00312645 
9 6 6 1.59177 0.00284445 -0.00216875 
10 6 6 1.59065 0.00100797 -0.00102704 
11 6 6 1.58962 -0.000712229 0.000180904 
12 6 6 1.58873 -0.00209261 0.00129401 
13 6 6 1.5881 -0.00289121 0.00207704 
14 6 6 1.58816 -0.00285605 0.00224314 
15 6 6 1.58564 -0.00501815 0.00454346 
0 7 7 1.91059 -0.0050069 0.0186121 
1 7 7 1.8992 -0.00398753 0.0141268 
2 7 7 1.8932 -0.00163204 0.00785951 
3 7 7 1.89198 0.00119261 0.00168885 
4 7 7 1.894 0.00362967 -0.00287431 
5 7 7 1.89765 0.00519532 -0.00536041 
6 7 7 1.90167 0.00579299 -0.00609985 
7 7 7 1.90521 0.00554669 -0.0056525 
8 7 7 1.90778 0.00466442 -0.0044805 
9 7 7 1.90908 0.00337641 -0.00289136 
10 7 7 1.90903 0.0019148 -0.0010934 
11 7 7 1.90765 0.00049768 0.000734672 
12 7 7 1.90516 -0.000679371 0.00238783 
13 7 7 1.90197 -0.00145348 0.00361071 
14 7 7 1.89876 -0.00174083 0.00422038 
15 7 7 1.89219 -0.0025546 0.00660875 
0 8 8 1.93058 0.00786399 0.0199544 
1 8 8 1.91863 0.00576302 0.0152554 
2 8 8 1.9123 0.00376977 0.00850594 
3 8 8 1.91119 0.00232577 0.00176062 
4 8 8 1.91384 0.00162601 -0.00328153 
5 8 8 1.91854 0.00151759 -0.00603307 
6 8 8 1.92389 0.00167433 -0.00679801 
7 8 8 1.92886 0.00182196 -0.00617762 
8 8 8 1.93277 0.00183081 -0.00470853 
9 8 8 1.9352 0.00170163 -0.00277944 
10 8 8 1.93595 0.0015077 -0.000669561 
11 8 8 1.93503 0.00133721 0.00139059 
12 8 8 1.93266 0.00124913 0.00316945 
13 8 8 1.92931 0.00124907 0.00441113 
14 8 8 1.92576 0.0013179 0.00495886 
15 8 8 1.91878 0.00205463 0.00719948 
0 9 9 1.65512 0.0146258 0.0147204 
1 9 9 1.65403 0.0105198 0.0105108 
2 9 9 1.65484 0.00595119 0.0051947 
3 9 9 1.65677 0.00206499 0.000289103 
4 9 9 1.65913 -0.000471299 -0.00314498 
5 9 9 1.66156 -0.00166125 -0.0048366 
6 9 9 1.66385 -0.0018881 -0.00506598 
7 9 9 1.66582 -0.00155639 -0.00428613 
8 9 9 1.66728 -0.00093674 -0.00291117 
9 9 9 1.66809 -0.000166872 -0.00126117 
10 9 9 1.66821 0.00068621 0.000423165 
11 9 9 1.66769 0.00156614 0.00194802 
12 9 9 1.66671 0.00237673 0.00313184 
13 9 9 1.66559 0.00294712 0.00377023 
14 9 9 1.665 0.00307235 0.00367958 
15 9 9 1.66167 0.00524375 0.00564519 
0 10 10 1.15202 0.0104418 0.00683169 
1 10 10 1.15889 0.00716374 0.00439867 
2 10 10 1.16338 0.00369793 0.00179739 
3 10 10 1.16541 0.000805941 -0.000331393 
4 10 10 1.16553 -0.00112637 -0.00164592 
5 10 10 1.16454 -0.00210571 -0.00213553 
6 10 10 1.16312 -0.00234261 -0.0019837 
7 10 10 1.16174 -0.00207148 -0.00142436 
8 10 10 1.16065 -0.00147441 -0.000666427 
9 10 10 1.16001 -0.000678342 0.000130954 
10 10 10 1.15991 0.000218404 0.000857027 
11 10 10 1.16039 0.00111509 0.00143333 
12 10 10 1.16144 0.00187977 0.00179076 
13 10 10 1.163 0.00228407 0.00181937 
14 10 10 1.16526 0.00170353 0.00117818 
15 10 10 1.16586 0.00501329 0.00302288 
0 11 11 0.586414 0.00361118 0.00180338 
1 11 11 0.592337 0.00249996 0.00109837 
2 11 11 0.595809 0.00130966 0.000434052 
3 11 11 0.597022 0.000281119 -5.17577e-05 
4 11 11 0.596544 -0.00044954 -0.0003056 
5 11 11 0.595065 -0.000858877 -0.000352044 
6 11 11 0.593202 -0.000992566 -0.000253951 
7 11 11 0.591413 -0.000918447 -8.08507e-05 
8 11 11 0.590007 -0.000699663 0.000108513 
9 11 11 0.589179 -0.000389216 0.000274045 
10 11 11 0.589031 -3.24755e-05 0.000395614 
11 11 11 0.589573 0.000323991 0.000465623 
12 11 11 0.590726 0.000621664 0.000477836 
13 11 11 0.592277 0.000739934 0.000398326 
14 11 11 0.593675 -0.000178196 -0.00014418 
15 11 11 0.607852 0.0034302 0.00143374 
0 12 12 0.226908 0.000645827 0.000281953 
1 12 12 0.229825 0.000484872 0.000176857 
2 12 12 0.231696 0.000286867 8.85322e-05 
3 12 12 0.232524 9.56756e-05 3.24622e-05 
4 12 12 0.232497 -5.41863e-05 1.23333e-05 
5 12 12 0.231911 -0.00015038 1.87717e-05 
6 12 12 0.231051 -0.000194445 4.12091e-05 
7 12 12 0.230149 -0.000196267 6.68621e-05 
8 12 12 0.229373 -0.000166407 8.64324e-05 
9 12 12 0.228831 -0.000115713 9.41141e-05 
10 12 12 0.228587 -5.2253e-05 9.06215e-05 
11 12 12 0.22866 1.49273e-05 7.87586e-05 
12 12 12 0.229025 7.49746e-05 6.131e-05 
13 12 12 0.229589 0.00010463 3.42939e-05 
14 12 12 0.229842 -0.000157715 -9.26872e-05 
15 12 12 0.240958 0.00290755 0.00110323 
0 13 13 0 0 0 
1 13 13 0 0 0 
2 13 13 0 0 0 
3 13 13 0 0 0 
4 13 13 0 0 0 
5 13 13 0 0 0 
6 13 13 0 0 0 
7 13 13 0 0 0 
8 13 13 0 0 0 
9 13 13 0 0 0 
10 13 13 0 0 0 
11 13 13 0 0 0 
12 13 13 0 0 0 
13 13 13 0 0 0 
14 13 13 0 0 0 
15 13 13 0 0 0 
0 14 14 0 0 0 
1 14 14 0 0 0 
2 14 14 0 0 0 
3 14 14 0 0 0 
4 14 14 0 0 0 
5 14 14 0 0 0 
6 14 14 0 0 0 
7 14 14 0 0 0 
8 14 14 0 0 0 
9 14 14 0 0 0 
10 14 14 0 0 0 
11 14 14 0 0 0 
12 14 14 0 0 0 
13 14 14 0 0 0 
14 14 14 0 0 0 
15 14 14 0 0 0 
0 15 15 0 0 0 
1 15 15 0 0 0 
2 15 15 0 0 0 
3 15 15 0 0 0 
4 15 15 0 0 0 
5 15 15 0 0 0 
6 15 15 0 0 0 
7 15 15 0 0 0 
8 15 15 0 0 0 
9 15 15 0 0 0 
10 15 15 0 0 0 
11 15 15 0 0 0 
12 15 15 0 0 0 
13 15 15 0 0 0 
14 15 15 0 0 0 
15 15 15 0 0 0 
0 0 0 0 0 0 
1 0 0 0 0 0 
2 0 0 0 0 0 
3 0 0 0 0 0 
4 0 0 0 0 0 
5 0 0 0 0 0 
6 0 0 0 0 0 
7 0 0 0 0 0 
8 0 0 0 0 0 
9 0 0 0 0 0 
10 0 0 0 0 0 
11 0 0 0 0 0 
12 0 0 0 0 0 
13 0 0 0 0 0 
14 0 0 0 0 0 
15 0 0 0 0 0 
0 1 1 0 0 0 
1 1 1 0 0 0 
2 1 1 0 0 0 
3 1 1 0 0 0 
4 1 1 0 0 0 
5 1 1 0 0 0 
6 1 1 0 0 0 
7 1 1 0 0 0 
8 1 1 0 0 0 
9 1 1 0 0 0 
10 1 1 0 0 0 
11 1 1 0 0 0 
12 1 1 0 0 0 
13 1 1 0 0 0 
14 1 1 0 0 0 
15 1 1 0 0 0 
0 2 2 0 0 0 
1 2 2 0 0 0 
2 2 2 0 0 0 
3 2 2 0 0 0 
4 2 2 0 0 0 
5 2 2 0 0 0 
6 2 2 0 0 0 
7 2 2 0 0 0 
8 2 2 0 0 0 
9 2 2 0 0 0 
10 2 2 0 0 0 
11 2 2 0 0 0 
12 2 2 0 0 0 
13 2 2 0 0 0 
14 2 2 0 0 0 
15 2 2 0 0 0 
0 3 3 0 0 0 
1 3 3 0 0 0 
2 3 3 0 0 0 
3 3 3 0 0 0 
4 3 3 0 0 0 
5 3 3 0 0 0 
6 3 3 0 0 0 
7 3 3 0 0 0 
8 3 3 0 0 0 
9 3 3 0 0 0 
10 3 3 0 0 0 
11 3 3 0 0 0 
12 3 3 0 0 0 
13 3 3 0 0 0 
14 3 3 0 0 0 
15 3 3 0 0 0 
0 4 4 0.333822 -0.00116272 0.000528883 
1 4 4 0.337572 -0.000799556 0.000443527 
2 4 4 0.339807 -0.000414831 0.000260336 
3 4 4 0.34054 -9.21455e-05 3.71627e-05 
4 4 4 0.340079 0.00012414 -0.000174409 
5 4 4 0.33886 0.000228313 -0.000338973 
6 4 4 0.337307 0.000242562 -0.000440551 
7 4 4 0.335757 0.000197188 -0.000477374 
8 4 4 0.334452 0.000117321 -0.000457746 
9 4 4 0.333545 2.2582e-05 -0.000392814 
10 4 4 0.333108 -7.1661e-05 -0.000291766 
11 4 4 0.333155 -0.000154518 -0.000170847 
12 4 4 0.333633 -0.000213971 -5.28784e-05 
13 4 4 0.334383 -0.000217861 2.06175e-05 
14 4 4 0.33469 0.000268539 -0.000288108 
15 4 4 0.349191 -0.0025771 0.00169646 
0 5 5 0.647439 -0.00339558 0.0025919 
1 5 5 0.653067 -0.00215304 0.00189678 
2 5 5 0.656089 -0.000863785 0.000999848 
3 5 5 0.656615 0.000179794 0.000116898 
4 5 5 0.655258 0.000829265 -0.00060307 
5 5 5 0.652818 0.00108298 -0.00109401 
6 5 5 0.650015 0.00102936 -0.00134821 
7 5 5 0.647396 0.000778855 -0.00138993 
8 5 5 0.645324 0.000427419 -0.0012552 
9 5 5 0.64401 4.67309e-05 -0.000984431 
10 5 5 0.643534 -0.000309137 -0.000619746 
11 5 5 0.643875 -0.000600234 -0.000214465 
12 5 5 0.644907 -0.000787094 0.000159622 
13 5 5 0.646367 -0.000782389 0.000375904 
14 5 5 0.647721 8.5099e-05 -0.000264858 
15 5 5 0.655878 -0.00259995 0.00246256 
0 6 6 1.06903 -0.00567114 0.00779698 
1 6 6 1.07526 -0.00352131 0.00541885 
2 6 6 1.07882 -0.00114238 0.00265994 
3 6 6 1.07955 0.000841413 0.000184346 
4 6 6 1.07804 0.0020749 -0.00162001 
5 6 6 1.07523 0.00251611 -0.00267519 
6 6 6 1.07197 0.0023265 -0.00307734 
7 6 6 1.06893 0.00173065 -0.00297261 
8 6 6 1.06649 0.00093623 -0.00249211 
9 6 6 1.06489 0.000104462 -0.00174683 
10 6 6 1.06421 -0.000645132 -0.000839786 
11 6 6 1.06443 -0.00122751 0.000112216 
12 6 6 1.06544 -0.00157482 0.000958199 
13 6 6 1.06703 -0.00158632 0.00145629 
14 6 6 1.06916 -0.000870508 0.000905477 
15 6 6 1.06916 -0.0027738 0.00437437 
0 7 7 1.34565 -0.00346789 0.0138691 
1 7 7 1.35007 -0.00204558 0.00959258 
2 7 7 1.3532 -0.000237133 0.00462406 
3 7 7 1.35447 0.0013837 0.000233202 
4 7 7 1.35403 0.00242452 -0.00281821 
5 7 7 1.3525 0.00276222 -0.00441456 
6 7 7 1.35049 0.00249086 -0.00481555 
7 7 7 1.3485 0.00180844 -0.00436805 
8 7 7 1.34679 0.000930401 -0.00336409 
9 7 7 1.34554 4.31282e-05 -0.00202401 
10 7 7 1.34481 -0.000710896 -0.000525774 
11 7 7 1.34462 -0.00123758 0.000955238 
12 7 7 1.34495 -0.00148539 0.00221085 
13 7 7 1.34577 -0.00142376 0.00293844 
14 7 7 1.34738 -0.000981578 0.00258073 
15 7 7 1.34708 -0.00150266 0.00607701 
0 8 8 1.36803 0.00228059 0.0152197 
1 8 8 1.37249 0.00192456 0.0104055 
2 8 8 1.37585 0.00170298 0.00486972 
3 8 8 1.37753 0.00155563 4.03212e-05 
4 8 8 1.37768 0.00139188 -0.00322715 
5 8 8 1.37683 0.00112567 -0.00481052 
6 8 8 1.37554 0.000730695 -0.0050284 
7 8 8 1.37419 0.000253834 -0.00430821 
8 8 8 1.37302 -0.000213114 -0.00301933 
9 8 8 1.37214 -0.000571732 -0.00144176 
10 8 8 1.37163 -0.000748877 0.000209601 
11 8 8 1.37152 -0.000714894 0.00174524 
12 8 8 1.37181 -0.000493287 0.0029618 
13 8 8 1.37255 -0.000165089 0.003575 
14 8 8 1.37409 0.000120725 0.00307664 
15 8 8 1.37369 0.00102823 0.00641825 
0 9 9 1.13414 0.00537691 0.0105005 
1 9 9 1.14085 0.00397825 0.00688125 
2 9 9 1.14512 0.00245574 0.00297411 
3 9 9 1.14681 0.0010995 -0.000273466 
4 9 9 1.14649 6.03076e-05 -0.00235176 
5 9 9 1.14498 -0.000654973 -0.00323401 
6 9 9 1.14303 -0.00109845 -0.00317295 
7 9 9 1.14115 -0.00131197 -0.00248968 
8 9 9 1.13965 -0.00131188 -0.00146623 
9 9 9 1.13871 -0.00110495 -0.000317003 
10 9 9 1.13842 -0.000712335 0.000800088 
11 9 9 1.13881 -0.000184898 0.0017593 
12 9 9 1.13985 0.000382717 0.00243597 
13 9 9 1.14143 0.000819205 0.00263305 
14 9 9 1.14368 0.00069705 0.00175372 
15 9 9 1.14419 0.00281998 0.00495922 
0 10 10 0.707657 0.00359558 0.004286 
1 10 10 0.714093 0.00261654 0.00269002 
2 10 10 0.717843 0.00149385 0.00110862 
3 10 10 0.719087 0.000455618 -0.000117282 
4 10 10 0.718462 -0.000354393 -0.000834246 
5 10 10 0.716751 -0.000891029 -0.00106844 
6 10 10 0.714641 -0.00116937 -0.000943422 
7 10 10 0.712636 -0.00122459 -0.000603053 
8 10 10 0.711067 -0.00109322 -0.000171334 
9 10 10 0.710141 -0.000812591 0.000262288 
10 10 10 0.709962 -0.000425687 0.000640423 
11 10 10 0.710538 1.10524e-05 0.000925837 
12 10 10 0.711782 0.000419848 0.00108374 
13 10 10 0.713475 0.000657677 0.00102581 
14 10 10 0.71524 2.33634e-05 8.90351e-05 
15 10 10 0.71892 0.00282796 0.00280338 
0 11 11 0.376485 0.0013106 0.00124377 
1 11 11 0.380868 0.000990604 0.000784014 
2 11 11 0.383522 0.000579288 0.000362353 
3 11 11 0.384529 0.00017057 5.92858e-05 
4 11 11 0.384253 -0.000164852 -9.63963e-05 
5 11 11 0.383177 -0.000394883 -0.000124493 
6 11 11 0.381755 -0.000515728 -6.65387e-05 
7 11 11 0.38034 -0.000539135 3.25383e-05 
8 11 11 0.37918 -0.00048185 0.000135941 
9 11 11 0.378434 -0.000363239 0.000220201 
10 11 11 0.378188 -0.000203656 0.000276095 
11 11 11 0.378456 -2.75353e-05 0.000302347 
12 11 11 0.379179 0.000134085 0.000297957 
13 11 11 0.380187 0.000222288 0.000239212 
14 11 11 0.380773 -0.000297658 -0.000264588 
15 11 11 0.395694 0.00257607 0.00179267 
0 12 12 0.0657214 0.000100268 7.3024e-05 
1 12 12 0.0666158 8.51769e-05 4.61988e-05 
2 12 12 0.0672265 5.64805e-05 2.53593e-05 
3 12 12 0.0675324 2.24585e-05 1.36589e-05 
4 12 12 0.0675764 -8.73077e-06 1.13983e-05 
5 12 12 0.0674381 -3.26829e-05 1.50153e-05 
6 12 12 0.0672006 -4.72847e-05 2.20761e-05 
7 12 12 0.0669342 -5.29358e-05 2.8932e-05 
8 12 12 0.0666902 -5.05663e-05 3.33081e-05 
9 12 12 0.0665039 -4.2239e-05 3.35318e-05 
10 12 12 0.0663976 -2.92636e-05 3.03664e-05 
11 12 12 0.0663802 -1.39325e-05 2.47258e-05 
12 12 12 0.0664484 1.32527e-06 1.78278e-05 
13 12 12 0.0665799 1.19362e-05 9.33533e-06 
14 12 12 0.0666421 -2.75836e-05 -1.50233e-05 
15 12 12 0.0655647 0.0011644 0.000829831 
0 13 13 0 0 0 
1 13 13 0 0 0 
2 13 13 0 0 0 
3 13 13 0 0 0 
4 13 13 0 0 0 
5 13 13 0 0 0 
6 13 13 0 0 0 
7 13 13 0 0 0 
8 13 13 0 0 0 
9 13 13 0 0 0 
10 13 13 0 0 0 
11 13 13 0 0 0 
12 13 13 0 0 0 
13 13 13 0 0 0 
14 13 13 0 0 0 
15 13 13 0 0 0 
0 14 14 0 0 0 
1 14 14 0 0 0 
2 14 14 0 0 0 
3 14 14 0 0 0 
4 14 14 0 0 0 
5 14 14 0 0 0 
6 14 14 0 0 0 
7 14 14 0 0 0 
8 14 14 0 0 0 
9 14 14 0 0 0 
10 14 14 0 0 0 
11 14 14 0 0 0 
12 14 14 0 0 0 
13 14 14 0 0 0 
14 14 14 0 0 0 
15 14 14 0 0 0 
0 15 15 0 0 0 
1 15 15 0 0 0 
2 15 15 0 0 0 
3 15 15 0 0 0 
4 15 15 0 0 0 
5 15 15 0 0 0 
6 15 15 0 0 0 
7 15 15 0 0 0 
8 15 15 0 0 0 
9 15 15 0 0 0 
10 15 15 0 0 0 
11 15 15 0 0 0 
12 15 15 0 0 0 
13 15 15 0 0 0 
14 15 15 0 0 0 
15 15 15 0 0 0 
0 0 0 0 0 0 
1 0 0 0 0 0 
2 0 0 0 0 0 
3 0 0 0 0 0 
4 0 0 0 0 0 
5 0 0 0 0 0 
6 0 0 0 0 0 
7 0 0 0 0 0 
8 0 0 0 0 0 
9 0 0 0 0 0 
10 0 0 0 0 0 
11 0 0 0 0 0 
12 0 0 0 0 0 
13 0 0 0 0 0 
14 0 0 0 0 0 
15 0 0 0 0 0 
0 1 1 0 0 0 
1 1 1 0 0 0 
2 1 1 0 0 0 
3 1 1 0 0 0 
4 1 1 0 0 0 
5 1 1 0 0 0 
6 1 1 0 0 0 
7 1 1 0 0 0 
8 1 1 0 0 0 
9 1 1 0 0 0 
10 1 1 0 0 0 
11 1 1 0 0 0 
12 1 1 0 0 0 
13 1 1 0 0 0 
14 1 1 0 0 0 
15 1 1 0 0 0 
0 2 2 0 0 0 
1 2 2 0 0 0 
2 2 2 0 0 0 
3 2 2 0 0 0 
4 2 2 0 0 0 
5 2 2 0 0 0 
6 2 2 0 0 0 
7 2 2 0 0 0 
8 2 2 0 0 0 
9 2 2 0 0 0 
10 2 2 0 0 0 
11 2 2 0 0 0 
12 2 2 0 0 0 
13 2 2 0 0 0 
14 2 2 0 0 0 
15 2 2 0 0 0 
0 3 3 0 0 0 
1 3 3 0 0 0 
2 3 3 0 0 0 
3 3 3 0 0 0 
4 3 3 0 0 0 
5 3 3 0 0 0 
6 3 3 0 0 0 
7 3 3 0 0 0 
8 3 3 0 0 0 
9 3 3 0 0 0 
10 3 3 0 0 0 
11 3 3 0 0 0 
12 3 3 0 0 0 
13 3 3 0 0 0 
14 3 3 0 0 0 
15 3 3 0 0 0 
0 4 4 0.0803119 -0.000155891 4.40598e-05 
1 4 4 0.0813536 -0.000108535 4.94649e-05 
2 4 4 0.0820526 -6.50831e-05 3.36512e-05 
3 4 4 0.0823784 -3.31231e-05 5.51683e-06 
4 4 4 0.0823827 -1.54679e-05 -2.69678e-05 
5 4 4 0.082163 -1.08579e-05 -5.53406e-05 
6 4 4 0.0818223 -1.44474e-05 -7.54112e-05 
7 4 4 0.0814472 -2.15215e-05 -8.51856e-05 
8 4 4 0.0811036 -2.86772e-05 -8.55283e-05 
9 4 4 0.0808374 -3.43319e-05 -7.75395e-05 
10 4 4 0.0806736 -3.70638e-05 -6.22769e-05 
11 4 4 0.0806248 -3.70983e-05 -4.25153e-05 
12 4 4 0.0806858 -3.47743e-05 -2.18377e-05 
13 4 4 0.0808277 -2.83272e-05 -6.06188e-06 
14 4 4 0.080884 1.845e-05 -3.30234e-05 
15 4 4 0.0796738 -0.00113588 0.00109759 
0 5 5 0.34004 -0.00107588 0.000834358 
1 5 5 0.343876 -0.000681712 0.000670125 
2 5 5 0.346168 -0.000327054 0.000390619 
3 5 5 0.346937 -7.51384e-05 7.74259e-05 
4 5 5 0.346495 4.96555e-05 -0.000205846 
5 5 5 0.345286 6.48708e-05 -0.000418 
6 5 5 0.343735 1.08821e-05 -0.000542061 
7 5 5 0.342186 -7.34776e-05 -0.0005807 
8 5 5 0.34088 -0.000158383 -0.000544588 
9 5 5 0.339975 -0.000227133 -0.000449906 
10 5 5 0.339548 -0.000270503 -0.000312521 
11 5 5 0.339613 -0.000287548 -0.000154508 
12 5 5 0.340115 -0.000278285 -4.16326e-06 
13 5 5 0.340897 -0.000224371 8.98393e-05 
14 5 5 0.341243 0.00020297 -0.000312205 
15 5 5 0.355806 -0.00184513 0.00254702 
0 6 6 0.540979 -0.00174037 0.0026241 
1 6 6 0.546187 -0.00097735 0.00189392 
2 6 6 0.549078 -0.000312617 0.00098843 
3 6 6 0.549776 0.000121518 0.00012531 
4 6 6 0.54881 0.000289914 -0.000555748 
5 6 6 0.546859 0.000236924 -0.0010008 
6 6 6 0.544542 4.98457e-05 -0.00120712 
7 6 6 0.542339 -0.000184568 -0.00121019 
8 6 6 0.540572 -0.000400138 -0.00105243 
9 6 6 0.539439 -0.000558291 -0.000778134 
10 6 6 0.539027 -0.000641759 -0.000431105 
11 6 6 0.53933 -0.000650855 -6.1788e-05 
12 6 6 0.540247 -0.000594095 0.000265659 
13 6 6 0.541551 -0.000459149 0.000435497 
14 6 6 0.542605 0.000117765 -0.000352247 
15 6 6 0.558005 -0.00141471 0.00325488 
0 7 7 0.682175 -0.00128867 0.00469271 
1 7 7 0.688173 -0.000546656 0.00321348 
2 7 7 0.691481 5.11927e-05 0.00155666 
3 7 7 0.692246 0.000374193 9.61863e-05 
4 7 7 0.691108 0.000402554 -0.000954233 
5 7 7 0.688871 0.000200054 -0.00154914 
6 7 7 0.686257 -0.000126828 -0.00174031 
7 7 7 0.683808 -0.000470143 -0.00162089 
8 7 7 0.681879 -0.000747999 -0.00128231 
9 7 7 0.680685 -0.000913655 -0.000805015 
10 7 7 0.680318 -0.00095164 -0.000259751 
11 7 7 0.680764 -0.000872717 0.000281145 
12 7 7 0.681905 -0.000706171 0.00072887 
13 7 7 0.683492 -0.000481173 0.000917091 
14 7 7 0.685068 -6.59105e-05 -8.48181e-05 
15 7 7 0.693727 -0.000637951 0.00384692 
0 8 8 0.698067 -1.25252e-05 0.00523079 
1 8 8 0.704279 0.000340705 0.00347587 
2 8 8 0.707764 0.000508194 0.00161417 
3 8 8 0.708679 0.000454674 5.13363e-05 
4 8 8 0.70767 0.000213555 -0.000997106 
5 8 8 0.70555 -0.000142495 -0.00151336 
6 8 8 0.703044 -0.00052282 -0.00159211 
7 8 8 0.700688 -0.000843425 -0.00136174 
8 8 8 0.698839 -0.00104438 -0.000939572 
9 8 8 0.697712 -0.00109652 -0.000419802 
10 8 8 0.697405 -0.00100157 0.000123814 
11 8 8 0.697908 -0.000787575 0.000624939 
12 8 8 0.699108 -0.000503775 0.00100627 
13 8 8 0.700759 -0.000216532 0.00111101 
14 8 8 0.702431 -8.85153e-05 3.45418e-06 
15 8 8 0.710568 0.000570217 0.00393162 
0 9 9 0.57549 0.000933634 0.00364594 
1 9 9 0.581167 0.000905716 0.0023707 
2 9 9 0.584418 0.000683438 0.00108207 
3 9 9 0.585401 0.000326788 4.8804e-05 
4 9 9 0.584677 -8.36735e-05 -0.000599586 
5 9 9 0.582943 -0.000475212 -0.000870565 
6 9 9 0.580831 -0.000790227 -0.000848877 
7 9 9 0.578815 -0.000987813 -0.000637894 
8 9 9 0.577218 -0.00104676 -0.000328683 
9 9 9 0.576239 -0.000966606 1.13385e-05 
10 9 9 0.575978 -0.000767915 0.000335393 
11 9 9 0.576433 -0.000489628 0.000608038 
12 9 9 0.577511 -0.000186741 0.000790713 
13 9 9 0.578989 5.50084e-05 0.000788016 
14 9 9 0.580301 -0.000167897 -0.000219064 
15 9 9 0.594058 0.00147 0.00338136 
0 10 10 0.370779 0.000776799 0.00153417 
1 10 10 0.375069 0.000676506 0.000999384 
2 10 10 0.377659 0.000443358 0.000485083 
3 10 10 0.378617 0.000144287 9.23483e-05 
4 10 10 0.378302 -0.000152926 -0.000135151 
5 10 10 0.37719 -0.000400349 -0.000210547 
6 10 10 0.375732 -0.000570173 -0.000176083 
7 10 10 0.374282 -0.000650382 -7.95407e-05 
8 10 10 0.373087 -0.000641056 3.81161e-05 
9 10 10 0.372307 -0.000552046 0.000150151 
10 10 10 0.372028 -0.000402254 0.000241849 
11 10 10 0.372261 -0.000218309 0.000306387 
12 10 10 0.372947 -3.53865e-05 0.000337588 
13 10 10 0.37392 8.6641e-05 0.000303054 
14 10 10 0.374463 -0.000266922 -0.000310303 
15 10 10 0.389201 0.00178778 0.00255899 
0 11 11 0.134933 0.00015006 0.000290596 
1 11 11 0.136749 0.000141977 0.000196203 
2 11 11 0.13796 9.65593e-05 0.000111645 
3 11 11 0.138538 3.04857e-05 5.15095e-05 
4 11 11 0.138579 -3.79221e-05 2.17513e-05 
5 11 11 0.138253 -9.63351e-05 1.63519e-05 
6 11 11 0.137736 -0.000136479 2.73053e-05 
7 11 11 0.13717 -0.000155726 4.44675e-05 
8 11 11 0.136661 -0.000154005 6.01117e-05 
9 11 11 0.13628 -0.000134631 6.92011e-05 
10 11 11 0.136074 -0.000101152 7.14201e-05 
11 11 11 0.136056 -5.99818e-05 6.79594e-05 
12 11 11 0.136216 -1.8636e-05 6.06916e-05 
13 11 11 0.136502 1.06098e-05 4.6065e-05 
14 11 11 0.1366 -6.36475e-05 -6.59851e-05 
15 11 11 0.139189 0.00159618 0.0016203 
0 12 12 0 0 0 
1 12 12 0 0 0 
2 12 12 0 0 0 
3 12 12 0 0 0 
4 12 12 0 0 0 
5 12 12 0 0 0 
6 12 12 0 0 0 
7 12 12 0 0 0 
8 12 12 0 0 0 
9 12 12 0 0 0 
10 12 12 0 0 0 
11 12 12 0 0 0 
12 12 12 0 0 0 
13 12 12 0 0 0 
14 12 12 0 0 0 
15 12 12 0 0 0 
0 13 13 0 0 0 
1 13 13 0 0 0 
2 13 13 0 0 0 
3 13 13 0 0 0 
4 13 13 0 0 0 
5 13 13 0 0 0 
6 13 13 0 0 0 
7 13 13 0 0 0 
8 13 13 0 0 0 
9 13 13 0 0 0 
10 13 13 0 0 0 
11 13 13 0 0 0 
12 13 13 0 0 0 
13 13 13 0 0 0 
14 13 13 0 0 0 
15 13 13 0 0 0 
0 14 14 0 0 0 
1 14 14 0 0 0 
2 14 14 0 0 0 
3 14 14 0 0 0 
4 14 14 0 0 0 
5 14 14 0 0 0 
6 14 14 0 0 0 
7 14 14 0 0 0 
8 14 14 0 0 0 
9 14 14 0 0 0 
10 14 14 0 0 0 
11 14 14 0 0 0 
12 14 14 0 0 0 
13 14 14 0 0 0 
14 14 14 0 0 0 
15 14 14 0 0 0 
0 15 15 0 0 0 
1 15 15 0 0 0 
2 15 15 0 0 0 
3 15 15 0 0 0 
4 15 15 0 0 0 
5 15 15 0 0 0 
6 15 15 0 0 0 
7 15 15 0 0 0 
8 15 15 0 0 0 
9 15 15 0 0 0 
10 15 15 0 0 0 
11 15 15 0 0 0 
12 15 15 0 0 0 
13 15 15 0 0 0 
14 15 15 0 0 0 
15 15 15 0 0 0 
0 0 0 0 0 0 
1 0 0 0 0 0 
2 0 0 0 0 0 
3 0 0 0 0 0 
4 0 0 0 0 0 
5 0 0 0 0 0 
6 0 0 0 0 0 
7 0 0 0 0 0 
8 0 0 0 0 0 
9 0 0 0 0 0 
10 0 0 0 0 0 
11 0 0 0 0 0 
12 0 0 0 0 0 
13 0 0 0 0 0 
14 0 0 0 0 0 
15 0 0 0 0 0 
0 1 1 0 0 0 
1 1 1 0 0 0 
2 1 1 0 0 0 
3 1 1 0 0 0 
4 1 1 0 0 0 
5 1 1 0 0 0 
6 1 1 0 0 0 
7 1 1 0 0 0 
8 1 1 0 0 0 
9 1 1 0 0 0 
10 1 1 0 0 0 
11 1 1 0 0 0 
12 1 1 0 0 0 
13 1 1 0 0 0 
14 1 1 0 0 0 
15 1 1 0 0 0 
0 2 2 0 0 0 
1 2 2 0 0 0 
2 2 2 0 0 0 
3 2 2 0 0 0 
4 2 2 0 0 0 
5 2 2 0 0 0 
6 2 2 0 0 0 
7 2 2 0 0 0 
8 2 2 0 0 0 
9 2 2 0 0 0 
10 2 2 0 0 0 
11 2 2 0 0 0 
12 2 2 0 0 0 
13 2 2 0 0 0 
14 2 2 0 0 0 
15 2 2 0 0 0 
0 3 3 0 0 0 
1 3 3 0 0 0 
2 3 3 0 0 0 
3 3 3 0 0 0 
4 3 3 0 0 0 
5 3 3 0 0 0 
6 3 3 0 0 0 
7 3 3 0 0 0 
8 3 3 0 0 0 
9 3 3 0 0 0 
10 3 3 0 0 0 
11 3 3 0 0 0 
12 3 3 0 0 0 
13 3 3 0 0 0 
14 3 3 0 0 0 
15 3 3 0 0 0 
0 4 4 0 0 0 
1 4 4 0 0 0 
2 4 4 0 0 0 
3 4 4 0 0 0 
4 4 4 0 0 0 
5 4 4 0 0 0 
6 4 4 0 0 0 
7 4 4 0 0 0 
8 4 4 0 0 0 
9 4 4 0 0 0 
10 4 4 0 0 0 
11 4 4 0 0 0 
12 4 4 0 0 0 
13 4 4 0 0 0 
14 4 4 0 0 0 
15 4 4 0 0 0 
0 5 5 0 0 0 
1 5 5 0 0 0 
2 5 5 0 0 0 
3 5 5 0 0 0 
4 5 5 0 0 0 
5 5 5 0 0 0 
6 5 5 0 0 0 
7 5 5 0 0 0 
8 5 5 0 0 0 
9 5 5 0 0 0 
10 5 5 0 0 0 
11 5 5 0 0 0 
12 5 5 0 0 0 
13 5 5 0 0 0 
14 5 5 0 0 0 
15 5 5 0 0 0 
0 6 6 0.172977 -0.000283927 0.000348667 
1 6 6 0.175116 -0.000155015 0.000285198 
2 6 6 0.176489 -7.36796e-05 0.000171602 
3 6 6 0.177069 -4.91358e-05 4.78513e-05 
4 6 6 0.177021 -6.72581e-05 -6.59931e-05 
5 6 6 0.176516 -0.000112091 -0.000151849 
6 6 6 0.175786 -0.000163029 -0.000200764 
7 6 6 0.175013 -0.000203887 -0.000215918 
8 6 6 0.174326 -0.000223979 -0.000201674 
9 6 6 0.173819 -0.000221542 -0.000165937 
10 6 6 0.17354 -0.000197934 -0.000114148 
11 6 6 0.173507 -0.000159676 -5.48931e-05 
12 6 6 0.173702 -0.000115495 1.30951e-06 
13 6 6 0.174064 -7.26068e-05 3.59698e-05 
14 6 6 0.174252 2.18911e-05 -0.000100612 
15 6 6 0.176337 -0.00105097 0.00256 
0 7 7 0.289948 -0.000325496 0.00095831 
1 7 7 0.293435 -0.000127464 0.000716167 
2 7 7 0.295591 -3.36551e-05 0.000403345 
3 7 7 0.296421 -4.50362e-05 9.7953e-05 
4 7 7 0.296183 -0.000127425 -0.000144963 
5 7 7 0.295253 -0.000245083 -0.000304056 
6 7 7 0.293997 -0.000359294 -0.00037739 
7 7 7 0.292717 -0.000440898 -0.000379686 
8 7 7 0.291623 -0.000473493 -0.000327789 
9 7 7 0.290857 -0.000454733 -0.000239291 
10 7 7 0.290495 -0.000391738 -0.000128841 
11 7 7 0.290553 -0.000299306 -1.22672e-05 
12 7 7 0.290987 -0.000197316 9.02046e-05 
13 7 7 0.291665 -0.000107743 0.000136738 
14 7 7 0.291924 4.34479e-06 -0.000288881 
15 7 7 0.305495 -0.000482201 0.00319562 
0 8 8 0.299482 -0.000247777 0.00112644 
1 8 8 0.303114 -6.12288e-05 0.000805556 
2 8 8 0.305361 1.03105e-05 0.0004457 
3 8 8 0.306233 -2.39274e-05 0.000125992 
4 8 8 0.305998 -0.00012902 -0.000103982 
5 8 8 0.305049 -0.000265073 -0.00023411 
6 8 8 0.303768 -0.000391376 -0.000276156 
7 8 8 0.302462 -0.000478604 -0.0002538 
8 8 8 0.301353 -0.000511083 -0.000189727 
9 8 8 0.300584 -0.000486652 -0.000102999 
10 8 8 0.300234 -0.000414037 -7.00044e-06 
11 8 8 0.30032 -0.000309551 8.6401e-05 
12 8 8 0.300795 -0.000193675 0.000162045 
13 8 8 0.301516 -8.65761e-05 0.000180872 
14 8 8 0.301781 -3.54979e-05 -0.000309485 
15 8 8 0.316617 0.000355675 0.00313106 
0 9 9 0.207249 -5.80574e-05 0.000637824 
1 9 9 0.209853 3.68919e-05 0.000447591 
2 9 9 0.21152 5.13575e-05 0.000251483 
3 9 9 0.212235 -5.05113e-07 8.9469e-05 
4 9 9 0.212167 -9.11218e-05 -1.61589e-05 
5 9 9 0.211579 -0.000192838 -6.62441e-05 
6 9 9 0.210737 -0.000280243 -7.20138e-05 
7 9 9 0.209854 -0.000336253 -5.02455e-05 
8 9 9 0.209085 -0.000352584 -1.50816e-05 
9 9 9 0.208533 -0.000328782 2.27614e-05 
10 9 9 0.208259 -0.000272601 5.84792e-05 
11 9 9 0.20828 -0.000195331 8.86169e-05 
12 9 9 0.208572 -0.000111394 0.000109371 
13 9 9 0.209052 -3.71901e-05 0.000105087 
14 9 9 0.209313 -4.69295e-05 -0.000124258 
15 9 9 0.216188 0.00106394 0.00290307 
0 10 10 0.0708652 9.12763e-06 0.000135046 
1 10 10 0.0718157 2.82673e-05 9.42809e-05 
2 10 10 0.0724616 2.46537e-05 5.57668e-05 
3 10 10 0.0727793 3.88312e-06 2.65812e-05 
4 10 10 0.0728154 -2.54988e-05 1.00845e-05 
5 10 10 0.0726534 -5.50259e-05 4.95614e-06 
6 10 10 0.072386 -7.90847e-05 7.49055e-06 
7 10 10 0.0720879 -9.34526e-05 1.37064e-05 
8 10 10 0.0718133 -9.6594e-05 2.0068e-05 
9 10 10 0.0716008 -8.86169e-05 2.4954e-05 
10 10 10 0.0714846 -7.21283e-05 2.70253e-05 
11 10 10 0.0714608 -5.01141e-05 2.71523e-05 
12 10 10 0.0715306 -2.69823e-05 2.58916e-05 
13 10 10 0.0716706 -8.83219e-06 2.17855e-05 
14 10 10 0.0717474 -2.4648e-05 -1.94177e-05 
15 10 10 0.0705497 0.000906783 0.00129717 
0 11 11 0 0 0 
1 11 11 0 0 0 
2 11 11 0 0 0 
3 11 11 0 0 0 
4 11 11 0 0 0 
5 11 11 0 0 0 
6 11 11 0 0 0 
7 11 11 0 0 0 
8 11 11 0 0 0 
9 11 11 0 0 0 
10 11 11 0 0 0 
11 11 11 0 0 0 
12 11 11 0 0 0 
13 11 11 0 0 0 
14 11 11 0 0 0 
15 11 11 0 0 0 
0 12 12 0 0 0 
1 12 12 0 0 0 
2 12 12 0 0 0 
3 12 12 0 0 0 
4 12 12 0 0 0 
5 12 12 0 0 0 
6 12 12 0 0 0 
7 12 12 0 0 0 
8 12 12 0 0 0 
9 12 12 0 0 0 
10 12 12 0 0 0 
11 12 12 0 0 0 
12 12 12 0 0 0 
13 12 12 0 0 0 
14 12 12 0 0 0 
15 12 12 0 0 0 
0 13 13 0 0 0 
1 13 13 0 0 0 
2 13 13 0 0 0 
3 13 13 0 0 0 
4 13 13 0 0 0 
5 13 13 0 0 0 
6 13 13 0 0 0 
7 13 13 0 0 0 
8 13 13 0 0 0 
9 13 13 0 0 0 
10 13 13 0 0 0 
11 13 13 0 0 0 
12 13 13 0 0 0 
13 13 13 0 0 0 
14 13 13 0 0 0 
15 13 13 0 0 0 
0 14 14 0 0 0 
1 14 14 0 0 0 
2 14 14 0 0 0 
3 14 14 0 0 0 
4 14 14 0 0 0 
5 14 14 0 0 0 
6 14 14 0 0 0 
7 14 14 0 0 0 
8 14 14 0 0 0 
9 14 14 0 0 0 
10 14 14 0 0 0 
11 14 14 0 0 0 
12 14 14 0 0 0 
13 14 14 0 0 0 
14 14 14 0 0 0 
15 14 14 0 0 0 
0 15 15 0 0 0 
1 15 15 0 0 0 
2 15 15 0 0 0 
3 15 15 0 0 0 
4 15 15 0 0 0 
5 15 15 0 0 0 
6 15 15 0 0 0 
7 15 15 0 0 0 
8 15 15 0 0 0 
9 15 15 0 0 0 
10 15 15 0 0 0 
11 15 15 0 0 0 
12 15 15 0 0 0 
13 15 15 0 0 0 
14 15 15 0 0 0 
15 15 15 0 0 0 
0 0 0 0 0 0 
1 0 0 0 0 0 
2 0 0 0 0 0 
3 0 0 0 0 0 
4 0 0 0 0 0 
5 0 0 0 0 0 
6 0 0 0 0 0 
7 0 0 0 0 0 
8 0 0 0 0 0 
9 0 0 0 0 0 
10 0 0 0 0 0 
11 0 0 0 0 0 
12 0 0 0 0 0 
13 0 0 0 0 0 
14 0 0 0 0 0 
15 0 0 0 0 0 
0 1 1 0 0 0 
1 1 1 0 0 0 
2 1 1 0 0 0 
3 1 1 0 0 0 
4 1 1 0 0 0 
5 1 1 0 0 0 
6 1 1 0 0 0 
7 1 1 0 0 0 
8 1 1 0 0 0 
9 1 1 0 0 0 
10 1 1 0 0 0 
11 1 1 0 0 0 
12 1 1 0 0 0 
13 1 1 0 0 0 
14 1 1 0 0 0 
15 1 1 0 0 0 
0 2 2 0 0 0 
1 2 2 0 0 0 
2 2 2 0 0 0 
3 2 2 0 0 0 
4 2 2 0 0 0 
5 2 2 0 0 0 
6 2 2 0 0 0 
7 2 2 0 0 0 
8 2 2 0 0 0 
9 2 2 0 0 0 
10 2 2 0 0 0 
11 2 2 0 0 0 
12 2 2 0 0 0 
13 2 2 0 0 0 
14 2 2 0 0 0 
15 2 2 0 0 0 
0 3 3 0 0 0 
1 3 3 0 0 0 
2 3 3 0 0 0 
3 3 3 0 0 0 
4 3 3 0 0 0 
5 3 3 0 0 0 
6 3 3 0 0 0 
7 3 3 0 0 0 
8 3 3 0 0 0 
9 3 3 0 0 0 
10 3 3 0 0 0 
11 3 3 0 0 0 
12 3 3 0 0 0 
13 3 3 0 0 0 
14 3 3 0 0 0 
15 3 3 0 0 0 
0 4 4 0 0 0 
1 4 4 0 0 0 
2 4 4 0 0 0 
3 4 4 0 0 0 
4 4 4 0 0 0 
5 4 4 0 0 0 
6 4 4 0 0 0 
7 4 4 0 0 0 
8 4 4 0 0 0 
9 4 4 0 0 0 
10 4 4 0 0 0 
11 4 4 0 0 0 
12 4 4 0 0 0 
13 4 4 0 0 0 
14 4 4 0 0 0 
15 4 4 0 0 0 
0 5 5 0 0 0 
1 5 5 0 0 0 
2 5 5 0 0 0 
3 5 5 0 0 0 
4 5 5 0 0 0 
5 5 5 0 0 0 
6 5 5 0 0 0 
7 5 5 0 0 0 
8 5 5 0 0 0 
9 5 5 0 0 0 
10 5 5 0 0 0 
11 5 5 0 0 0 
12 5 5 0 0 0 
13 5 5 0 0 0 
14 5 5 0 0 0 
15 5 5 0 0 0 
0 6 6 0 0 0 
1 6 6 0 0 0 
2 6 6 0 0 0 
3 6 6 0 0 0 
4 6 6 0 0 0 
5 6 6 0 0 0 
6 6 6 0 0 0 
7 6 6 0 0 0 
8 6 6 0 0 0 
9 6 6 0 0 0 
10 6 6 0 0 0 
11 6 6 0 0 0 
12 6 6 0 0 0 
13 6 6 0 0 0 
14 6 6 0 0 0 
15 6 6 0 0 0 
0 7 7 0 0 0 
1 7 7 0 0 0 
2 7 7 0 0 0 
3 7 7 0 0 0 
4 7 7 0 0 0 
5 7 7 0 0 0 
6 7 7 0 0 0 
7 7 7 0 0 0 
8 7 7 0 0 0 
9 7 7 0 0 0 
10 7 7 0 0 0 
11 7 7 0 0 0 
12 7 7 0 0 0 
13 7 7 0 0 0 
14 7 7 0 0 0 
15 7 7 0 0 0 
0 8 8 0 0 0 
1 8 8 0 0 0 
2 8 8 0 0 0 
3 8 8 0 0 0 
4 8 8 0 0 0 
5 8 8 0 0 0 
6 8 8 0 0 0 
7 8 8 0 0 0 
8 8 8 0 0 0 
9 8 8 0 0 0 
10 8 8 0 0 0 
11 8 8 0 0 0 
12 8 8 0 0 0 
13 8 8 0 0 0 
14 8 8 0 0 0 
15 8 8 0 0 0 
0 9 9 0 0 0 
1 9 9 0 0 0 
2 9 9 0 0 0 
3 9 9 0 0 0 
4 9 9 0 0 0 
5 9 9 0 0 0 
6 9 9 0 0 0 
7 9 9 0 0 0 
8 9 9 0 0 0 
9 9 9 0 0 0 
10 9 9 0 0 0 
11 9 9 0 0 0 
12 9 9 0 0 0 
13 9 9 0 0 0 
14 9 9 0 0 0 
15 9 9 0 0 0 
0 10 10 0 0 0 
1 10 10 0 0 0 
2 10 10 0 0 0 
3 10 10 0 0 0 
4 10 10 0 0 0 
5 10 10 0 0 0 
6 10 10 0 0 0 
7 10 10 0 0 0 
8 10 10 0 0 0 
9 10 10 0 0 0 
10 10 10 0 0 0 
11 10 10 0 0 0 
12 10 10 0 0 0 
13 10 10 0 0 0 
14 10 10 0 0 0 
15 10 10 0 0 0 
0 11 11 0 0 0 
1 11 11 0 0 0 
2 11 11 0 0 0 
3 11 11 0 0 0 
4 11 11 0 0 0 
5 11 11 0 0 0 
6 11 11 0 0 0 
7 11 11 0 0 0 
8 11 11 0 0 0 
9 11 11 0 0 0 
10 11 11 0 0 0 
11 11 11 0 0 0 
12 11 11 0 0 0 
13 11 11 0 0 0 
14 11 11 0 0 0 
15 11 11 0 0 0 
0 12 12 0 0 0 
1 12 12 0 0 0 
2 12 12 0 0 0 
3 12 12 0 0 0 
4 12 12 0 0 0 
5 12 12 0 0 0 
6 12 12 0 0 0 
7 12 12 0 0 0 
8 12 12 0 0 0 
9 12 12 0 0 0 
10 12 12 0 0 0 
11 12 12 0 0 0 
12 12 12 0 0 0 
13 12 12 0 0 0 
14 12 12 0 0 0 
15 12 12 0 0 0 
0 13 13 0 0 0 
1 13 13 0 0 0 
2 13 13 0 0 0 
3 13 13 0 0 0 
4 13 13 0 0 0 
5 13 13 0 0 0 
6 13 13 0 0 0 
7 13 13 0 0 0 
8 13 13 0 0 0 
9 13 13 0 0 0 
10 13 13 0 0 0 
11 13 13 0 0 0 
12 13 13 0 0 0 
13 13 13 0 0 0 
14 13 13 0 0 0 
15 13 13 0 0 0 
0 14 14 0 0 0 
1 14 14 0 0 0 
2 14 14 0 0 0 
3 14 14 0 0 0 
4 14 14 0 0 0 
5 14 14 0 0 0 
6 14 14 0 0 0 
7 14 14 0 0 0 
8 14 14 0 0 0 
9 14 14 0 0 0 
10 14 14 0 0 0 
11 14 14 0 0 0 
12 14 14 0 0 0 
13 14 14 0 0 0 
14 14 14 0 0 0 
15 14 14 0 0 0 
0 15 15 0 0 0 
1 15 15 0 0 0 
2 15 15 0 0 0 
3 15 15 0 0 0 
4 15 15 0 0 0 
5 15 15 0 0 0 
6 15 15 0 0 0 
7 15 15 0 0 0 
8 15 15 0 0 0 
9 15 15 0 0 0 
10 15 15 0 0 0 
11 15 15 0 0 0 
12 15 15 0 0 0 
13 15 15 0 0 0 
14 15 15 0 0 0 
15 15 15 0 0 0 
0 0 0 0 0 0 
1 0 0 0 0 0 
2 0 0 0 0 0 
3 0 0 0 0 0 
4 0 0 0 0 0 
5 0 0 0 0 0 
6 0 0 0 0 0 
7 0 0 0 0 0 
8 0 0 0 0 0 
9 0 0 0 0 0 
10 0 0 0 0 0 
11 0 0 0 0 0 
12 0 0 0 0 0 
13 0 0 0 0 0 
14 0 0 0 0 0 
15 0 0 0 0 0 
0 1 1 0 0 0 
1 1 1 0 0 0 
2 1 1 0 0 0 
3 1 1 0 0 0 
4 1 1 0 0 0 
5 1 1 0 0 0 
6 1 1 0 0 0 
7 1 1 0 0 0 
8 1 1 0 0 0 
9 1 1 0 0 0 
10 1 1 0 0 0 
11 1 1 0 0 0 
12 1 1 0 0 0 
13 1 1 0 0 0 
14 1 1 0 0 0 
15 1 1 0 0 0 
0 2 2 0 0 0 
1 2 2 0 0 0 
2 2 2 0 0 0 
3 2 2 0 0 0 
4 2 2 0 0 0 
5 2 2 0 0 0 
6 2 2 0 0 0 
7 2 2 0 0 0 
8 2 2 0 0 0 
9 2 2 0 0 0 
10 2 2 0 0 0 
11 2 2 0 0 0 
12 2 2 0 0 0 
13 2 2 0 0 0 
14 2 2 0 0 0 
15 2 2 0 0 0 
0 3 3 0 0 0 
1 3 3 0 0 0 
2 3 3 0 0 0 
3 3 3 0 0 0 
4 3 3 0 0 0 
5 3 3 0 0 0 
6 3 3 0 0 0 
7 3 3 0 0 0 
8 3 3 0 0 0 
9 3 3 0 0 0 
10 3 3 0 0 0 
11 3 3 0 0 0 
12 3 3 0 0 0 
13 3 3 0 0 0 
14 3 3 0 0 0 
15 3 3 0 0 0 
0 4 4 0 0 0 
1 4 4 0 0 0 
2 4 4 0 0 0 
3 4 4 0 0 0 
4 4 4 0 0 0 
5 4 4 0 0 0 
6 4 4 0 0 0 
7 4 4 0 0 0 
8 4 4 0 0 0 
9 4 4 0 0 0 
10 4 4 0 0 0 
11 4 4 0 0 0 
12 4 4 0 0 0 
13 4 4 0 0 0 
14 4 4 0 0 0 
15 4 4 0 0 0 
0 5 5 0 0 0 
1 5 5 0 0 0 
2 5 5 0 0 0 
3 5 5 0 0 0 
4 5 5 0 0 0 
5 5 5 0 0 0 
6 5 5 0 0 0 
7 5 5 0 0 0 
8 5 5 0 0 0 
9 5 5 0 0 0 
10 5 5 0 0 0 
11 5 5 0 0 0 
12 5 5 0 0 0 
13 5 5 0 0 0 
14 5 5 0 0 0 
15 5 5 0 0 0 
0 6 6 0 0 0 
1 6 6 0 0 0 
2 6 6 0 0 0 
3 6 6 0 0 0 
4 6 6 0 0 0 
5 6 6 0 0 0 
6 6 6 0 0 0 
7 6 6 0 0 0 
8 6 6 0 0 0 
9 6 6 0 0 0 
10 6 6 0 0 0 
11 6 6 0 0 0 
12 6 6 0 0 0 
13 6 6 0 0 0 
14 6 6 0 0 0 
15 6 6 0 0 0 
0 7 7 0 0 0 
1 7 7 0 0 0 
2 7 7 0 0 0 
3 7 7 0 0 0 
4 7 7 0 0 0 
5 7 7 0 0 0 
6 7 7 0 0 0 
7 7 7 0 0 0 
8 7 7 0 0 0 
9 7 7 0 0 0 
10 7 7 0 0 0 
11 7 7 0 0 0 
12 7 7 0 0 0 
13 7 7 0 0 0 
14 7 7 0 0 0 
15 7 7 0 0 0 
0 8 8 0 0 0 
1 8 8 0 0 0 
2 8 8 0 0 0 
3 8 8 0 0 0 
4 8 8 0 0 0 
5 8 8 0 0 0 
6 8 8 0 0 0 
7 8 8 0 0 0 
8 8 8 0 0 0 
9 8 8 0 0 0 
10 8 8 0 0 0 
11 8 8 0 0 0 
12 8 8 0 0 0 
13 8 8 0 0 0 
14 8 8 0 0 0 
15 8 8 0 0 0 
0 9 9 0 0 0 
1 9 9 0 0 0 
2 9 9 0 0 0 
3 9 9 0 0 0 
4 9 9 0 0 0 
5 9 9 0 0 0 
6 9 9 0 0 0 
7 9 9 0 0 0 
8 9 9 0 0 0 
9 9 9 0 0 0 
10 9 9 0 0 0 
11 9 9 0 0 0 
12 9 9 0 0 0 
13 9 9 0 0 0 
14 9 9 0 0 0 
15 9 9 0 0 0 
0 10 10 0 0 0 
1 10 10 0 0 0 
2 10 10 0 0 0 
3 10 10 0 0 0 
4 10 10 0 0 0 
5 10 10 0 0 0 
6 10 10 0 0 0 
7 10 10 0 0 0 
8 10 10 0 0 0 
9 10 10 0 0 0 
10 10 10 0 0 0 
11 10 10 0 0 0 
12 10 10 0 0 0 
13 10 10 0 0 0 
14 10 10 0 0 0 
15 10 10 0 0 0 
0 11 11 0 0 0 
1 11 11 0 0 0 
2 11 11 0 0 0 
3 11 11 0 0 0 
4 11 11 0 0 0 
5 11 11 0 0 0 
6 11 11 0 0 0 
7 11 11 0 0 0 
8 11 11 0 0 0 
9 11 11 0 0 0 
10 11 11 0 0 0 
11 11 11 0 0 0 
12 11 11 0 0 0 
13 11 11 0 0 0 
14 11 11 0 0 0 
15 11 11 0 0 0 
0 12 12 0 0 0 
1 12 12 0 0 0 
2 12 12 0 0 0 
3 12 12 0 0 0 
4 12 12 0 0 0 
5 12 12 0 0 0 
6 12 12 0 0 0 
7 12 12 0 0 0 
8 12 12 0 0 0 
9 12 12 0 0 0 
10 12 12 0 0 0 
11 12 12 0 0 0 
12 12 12 0 0 0 
13 12 12 0 0 0 
14 12 12 0 0 0 
15 12 12 0 0 0 
0 13 13 0 0 0 
1 13 13 0 0 0 
2 13 13 0 0 0 
3 13 13 0 0 0 
4 13 13 0 0 0 
5 13 13 0 0 0 
6 13 13 0 0 0 
7 13 13 0 0 0 
8 13 13 0 0 0 
9 13 13 0 0 0 
10 13 13 0 0 0 
11 13 13 0 0 0 
12 13 13 0 0 0 
13 13 13 0 0 0 
14 13 13 0 0 0 
15 13 13 0 0 0 
0 14 14 0 0 0 
1 14 14 0 0 0 
2 14 14 0 0 0 
3 14 14 0 0 0 
4 14 14 0 0 0 
5 14 14 0 0 0 
6 14 14 0 0 0 
7 14 14 0 0 0 
8 14 14 0 0 0 
9 14 14 0 0 0 
10 14 14 0 0 0 
11 14 14 0 0 0 
12 14 14 0 0 0 
13 14 14 0 0 0 
14 14 14 0 0 0 
15 14 14 0 0 0 
0 15 15 0 0 0 
1 15 15 0 0 0 
2 15 15 0 0 0 
3 15 15 0 0 0 
4 15 15 0 0 0 
5 15 15 0 0 0 
6 15 15 0 0 0 
7 15 15 0 0 0 
8 15 15 0 0 0 
9 15 15 0 0 0 
10 15 15 0 0 0 
11 15 15 0 0 0 
12 15 15 0 0 0 
13 15 15 0 0 0 
14 15 15 0 0 0 
15 15 15 0 0 0 
0 0 0 0 0 0 
1 0 0 0 0 0 
2 0 0 0 0 0 
3 0 0 0 0 0 
4 0 0 0 0 0 
5 0 0 0 0 0 
6 0 0 0 0 0 
7 0 0 0 0 0 
8 0 0 0 0 0 
9 0 0 0 0 0 
10 0 0 0 0 0 
11 0 0 0 0 0 
12 0 0 0 0 0 
13 0 0 0 0 0 
14 0 0 0 0 0 
15 0 0 0 0 0 
0 1 1 0 0 0 
1 1 1 0 0 0 
2 1 1 0 0 0 
3 1 1 0 0 0 
4 1 1 0 0 0 
5 1 1 0 0 0 
6 1 1 0 0 0 
7 1 1 0 0 0 
8 1 1 0 0 0 
9 1 1 0 0 0 
10 1 1 0 0 0 
11 1 1 0 0 0 
12 1 1 0 0 0 
13 1 1 0 0 0 
14 1 1 0 0 0 
15 1 1 0 0 0 
0 2 2 0 0 0 
1 2 2 0 0 0 
2 2 2 0 0 0 
3 2 2 0 0 0 
4 2 2 0 0 0 
5 2 2 0 0 0 
6 2 2 0 0 0 
7 2 2 0 0 0 
8 2 2 0 0 0 
9 2 2 0 0 0 
10 2 2 0 0 0 
11 2 2 0 0 0 
12 2 2 0 0 0 
13 2 2 0 0 0 
14 2 2 0 0 0 
15 2 2 0 0 0 
0 3 3 0 0 0 
1 3 3 0 0 0 
2 3 3 0 0 0 
3 3 3 0 0 0 
4 3 3 0 0 0 
5 3 3 0 0 0 
6 3 3 0 0 0 
7 3 3 0 0 0 
8 3 3 0 0 0 
9 3 3 0 0 0 
10 3 3 0 0 0 
11 3 3 0 0 0 
12 3 3 0 0 0 
13 3 3 0 0 0 
14 3 3 0 0 0 
15 3 3 0 0 0 
0 4 4 0 0 0 
1 4 4 0 0 0 
2 4 4 0 0 0 
3 4 4 0 0 0 
4 4 4 0 0 0 
5 4 4 0 0 0 
6 4 4 0 0 0 
7 4 4 0 0 0 
8 4 4 0 0 0 
9 4 4 0 0 0 
10 4 4 0 0 0 
11 4 4 0 0 0 
12 4 4 0 0 0 
13 4 4 0 0 0 
14 4 4 0 0 0 
15 4 4 0 0 0 
0 5 5 0 0 0 
1 5 5 0 0 0 
2 5 5 0 0 0 
3 5 5 0 0 0 
4 5 5 0 0 0 
5 5 5 0 0 0 
6 5 5 0 0 0 
7 5 5 0 0 0 
8 5 5 0 0 0 
9 5 5 0 0 0 
10 5 5 0 0 0 
11 5 5 0 0 0 
12 5 5 0 0 0 
13 5 5 0 0 0 
14 5 5 0 0 0 
15 5 5 0 0 0 
0 6 6 0 0 0 
1 6 6 0 0 0 
2 6 6 0 0 0 
3 6 6 0 0 0 
4 6 6 0 0 0 
5 6 6 0 0 0 
6 6 6 0 0 0 
7 6 6 0 0 0 
8 6 6 0 0 0 
9 6 6 0 0 0 
10 6 6 0 0 0 
11 6 6 0 0 0 
12 6 6 0 0 0 
13 6 6 0 0 0 
14 6 6 0 0 0 
15 6 6 0 0 0 
0 7 7 0 0 0 
1 7 7 0 0 0 
2 7 7 0 0 0 
3 7 7 0 0 0 
4 7 7 0 0 0 
5 7 7 0 0 0 
6 7 7 0 0 0 
7 7 7 0 0 0 
8 7 7 0 0 0 
9 7 7 0 0 0 
10 7 7 0 0 0 
11 7 7 0 0 0 
12 7 7 0 0 0 
13 7 7 0 0 0 
14 7 7 0 0 0 
15 7 7 0 0 0 
0 8 8 0 0 0 
1 8 8 0 0 0 
2 8 8 0 0 0 
3 8 8 0 0 0 
4 8 8 0 0 0 
5 8 8 0 0 0 
6 8 8 0 0 0 
7 8 8 0 0 0 
8 8 8 0 0 0 
9 8 8 0 0 0 
10 8 8 0 0 0 
11 8 8 0 0 0 
12 8 8 0 0 0 
13 8 8 0 0 0 
14 8 8 0 0 0 
15 8 8 0 0 0 
0 9 9 0 0 0 
1 9 9 0 0 0 
2 9 9 0 0 0 
3 9 9 0 0 0 
4 9 9 0 0 0 
5 9 9 0 0 0 
6 9 9 0 0 0 
7 9 9 0 0 0 
8 9 9 0 0 0 
9 9 9 0 0 0 
10 9 9 0 0 0 
11 9 9 0 0 0 
12 9 9 0 0 0 
13 9 9 0 0 0 
14 9 9 0 0 0 
15 9 9 0 0 0 
0 10 10 0 0 0 
1 10 10 0 0 0 
2 10 10 0 0 0 
3 10 10 0 0 0 
4 10 10 0 0 0 
5 10 10 0 0 0 
6 10 10 0 0 0 
7 10 10 0 0 0 
8 10 10 0 0 0 
9 10 10 0 0 0 
10 10 10 0 0 0 
11 10 10 0 0 0 
12 10 10 0 0 0 
13 10 10 0 0 0 
14 10 10 0 0 0 
15 10 10 0 0 0 
0 11 11 0 0 0 
1 11 11 0 0 0 
2 11 11 0 0 0 
3 11 11 0 0 0 
4 11 11 0 0 0 
5 11 11 0 0 0 
6 11 11 0 0 0 
7 11 11 0 0 0 
8 11 11 0 0 0 
9 11 11 0 0 0 
10 11 11 0 0 0 
11 11 11 0 0 0 
12 11 11 0 0 0 
13 11 11 0 0 0 
14 11 11 0 0 0 
15 11 11 0 0 0 
0 12 12 0 0 0 
1 12 12 0 0 0 
2 12 12 0 0 0 
3 12 12 0 0 0 
4 12 12 0 0 0 
5 12 12 0 0 0 
6 12 12 0 0 0 
7 12 12 0 0 0 
8 12 12 0 0 0 
9 12 12 0 0 0 
10 12 12 0 0 0 
11 12 12 0 0 0 
12 12 12 0 0 0 
13 12 12 0 0 0 
14 12 12 0 0 0 
15 12 12 0 0 0 
0 13 13 0 0 0 
1 13 13 0 0 0 
2 13 13 0 0 0 
3 13 13 0 0 0 
4 13 13 0 0 0 
5 13 13 0 0 0 
6 13 13 0 0 0 
7 13 13 0 0 0 
8 13 13 0 0 0 
9 13 13 0 0 0 
10 13 13 0 0 0 
11 13 13 0 0 0 
12 13 13 0 0 0 
13 13 13 0 0 0 
14 13 13 0 0 0 
15 13 13 0 0 0 
0 14 14 0 0 0 
1 14 14 0 0 0 
2 14 14 0 0 0 
3 14 14 0 0 0 
4 14 14 0 0 0 
5 14 14 0 0 0 
6 14 14 0 0 0 
7 14 14 0 0 0 
8 14 14 0 0 0 
9 14 14 0 0 0 
10 14 14 0 0 0 
11 14 14 0 0 0 
12 14 14 0 0 0 
13 14 14 0 0 0 
14 14 14 0 0 0 
15 14 14 0 0 0 
0 15 15 0 0 0 
1 15 15 0 0 0 
2 15 15 0 0 0 
3 15 15 0 0 0 
4 15 15 0 0 0 
5 15 15 0 0 0 
6 15 15 0 0 0 
7 15 15 0 0 0 
8 15 15 0 0 0 
9 15 15 0 0 0 
10 15 15 0 0 0 
11 15 15 0 0 0 
12 15 15 0 0 0 
13 15 15 0 0 0 
14 15 15 0 0 0 
15 15 15 0 0 0 
