0 0 0 0 0 0 
1 0 0 0 0 0 
2 0 0 0 0 0 
3 0 0 0 0 0 
4 0 0 0 0 0 
5 0 0 0 0 0 
6 0 0 0 0 0 
7 0 0 0 0 0 
8 0 0 0 0 0 
9 0 0 0 0 0 
10 0 0 0 0 0 
11 0 0 0 0 0 
12 0 0 0 0 0 
13 0 0 0 0 0 
14 0 0 0 0 0 
15 0 0 0 0 0 
0 1 1 0 0 0 
1 1 1 0 0 0 
2 1 1 0 0 0 
3 1 1 0 0 0 
4 1 1 0 0 0 
5 1 1 0 0 0 
6 1 1 0 0 0 
7 1 1 0 0 0 
8 1 1 0 0 0 
9 1 1 0 0 0 
10 1 1 0 0 0 
11 1 1 0 0 0 
12 1 1 0 0 0 
13 1 1 0 0 0 
14 1 1 0 0 0 
15 1 1 0 0 0 
0 2 2 0 0 0 
1 2 2 0 0 0 
2 2 2 0 0 0 
3 2 2 0 0 0 
4 2 2 0 0 0 
5 2 2 0 0 0 
6 2 2 0 0 0 
7 2 2 0 0 0 
8 2 2 0 0 0 
9 2 2 0 0 0 
10 2 2 0 0 0 
11 2 2 0 0 0 
12 2 2 0 0 0 
13 2 2 0 0 0 
14 2 2 0 0 0 
15 2 2 0 0 0 
0 3 3 0 0 0 
1 3 3 0 0 0 
2 3 3 0 0 0 
3 3 3 0 0 0 
4 3 3 0 0 0 
5 3 3 0 0 0 
6 3 3 0 0 0 
7 3 3 0 0 0 
8 3 3 0 0 0 
9 3 3 0 0 0 
10 3 3 0 0 0 
11 3 3 0 0 0 
12 3 3 0 0 0 
13 3 3 0 0 0 
14 3 3 0 0 0 
15 3 3 0 0 0 
0 4 4 0 0 0 
1 4 4 0 0 0 
2 4 4 0 0 0 
3 4 4 0 0 0 
4 4 4 0 0 0 
5 4 4 0 0 0 
6 4 4 0 0 0 
7 4 4 0 0 0 
8 4 4 0 0 0 
9 4 4 0 0 0 
10 4 4 0 0 0 
11 4 4 0 0 0 
12 4 4 0 0 0 
13 4 4 0 0 0 
14 4 4 0 0 0 
15 4 4 0 0 0 
0 5 5 0 0 0 
1 5 5 0 0 0 
2 5 5 0 0 0 
3 5 5 0 0 0 
4 5 5 0 0 0 
5 5 5 0 0 0 
6 5 5 0 0 0 
7 5 5 0 0 0 
8 5 5 0 0 0 
9 5 5 0 0 0 
10 5 5 0 0 0 
11 5 5 0 0 0 
12 5 5 0 0 0 
13 5 5 0 0 0 
14 5 5 0 0 0 
15 5 5 0 0 0 
0 6 6 0 0 0 
1 6 6 0 0 0 
2 6 6 0 0 0 
3 6 6 0 0 0 
4 6 6 0 0 0 
5 6 6 0 0 0 
6 6 6 0 0 0 
7 6 6 0 0 0 
8 6 6 0 0 0 
9 6 6 0 0 0 
10 6 6 0 0 0 
11 6 6 0 0 0 
12 6 6 0 0 0 
13 6 6 0 0 0 
14 6 6 0 0 0 
15 6 6 0 0 0 
0 7 7 0 0 0 
1 7 7 0 0 0 
2 7 7 0 0 0 
3 7 7 0 0 0 
4 7 7 0 0 0 
5 7 7 0 0 0 
6 7 7 0 0 0 
7 7 7 0 0 0 
8 7 7 0 0 0 
9 7 7 0 0 0 
10 7 7 0 0 0 
11 7 7 0 0 0 
12 7 7 0 0 0 
13 7 7 0 0 0 
14 7 7 0 0 0 
15 7 7 0 0 0 
0 8 8 0 0 0 
1 8 8 0 0 0 
2 8 8 0 0 0 
3 8 8 0 0 0 
4 8 8 0 0 0 
5 8 8 0 0 0 
6 8 8 0 0 0 
7 8 8 0 0 0 
8 8 8 0 0 0 
9 8 8 0 0 0 
10 8 8 0 0 0 
11 8 8 0 0 0 
12 8 8 0 0 0 
13 8 8 0 0 0 
14 8 8 0 0 0 
15 8 8 0 0 0 
0 9 9 0 0 0 
1 9 9 0 0 0 
2 9 9 0 0 0 
3 9 9 0 0 0 
4 9 9 0 0 0 
5 9 9 0 0 0 
6 9 9 0 0 0 
7 9 9 0 0 0 
8 9 9 0 0 0 
9 9 9 0 0 0 
10 9 9 0 0 0 
11 9 9 0 0 0 
12 9 9 0 0 0 
13 9 9 0 0 0 
14 9 9 0 0 0 
15 9 9 0 0 0 
0 10 10 0 0 0 
1 10 10 0 0 0 
2 10 10 0 0 0 
3 10 10 0 0 0 
4 10 10 0 0 0 
5 10 10 0 0 0 
6 10 10 0 0 0 
7 10 10 0 0 0 
8 10 10 0 0 0 
9 10 10 0 0 0 
10 10 10 0 0 0 
11 10 10 0 0 0 
12 10 10 0 0 0 
13 10 10 0 0 0 
14 10 10 0 0 0 
15 10 10 0 0 0 
0 11 11 0 0 0 
1 11 11 0 0 0 
2 11 11 0 0 0 
3 11 11 0 0 0 
4 11 11 0 0 0 
5 11 11 0 0 0 
6 11 11 0 0 0 
7 11 11 0 0 0 
8 11 11 0 0 0 
9 11 11 0 0 0 
10 11 11 0 0 0 
11 11 11 0 0 0 
12 11 11 0 0 0 
13 11 11 0 0 0 
14 11 11 0 0 0 
15 11 11 0 0 0 
0 12 12 0 0 0 
1 12 12 0 0 0 
2 12 12 0 0 0 
3 12 12 0 0 0 
4 12 12 0 0 0 
5 12 12 0 0 0 
6 12 12 0 0 0 
7 12 12 0 0 0 
8 12 12 0 0 0 
9 12 12 0 0 0 
10 12 12 0 0 0 
11 12 12 0 0 0 
12 12 12 0 0 0 
13 12 12 0 0 0 
14 12 12 0 0 0 
15 12 12 0 0 0 
0 13 13 0 0 0 
1 13 13 0 0 0 
2 13 13 0 0 0 
3 13 13 0 0 0 
4 13 13 0 0 0 
5 13 13 0 0 0 
6 13 13 0 0 0 
7 13 13 0 0 0 
8 13 13 0 0 0 
9 13 13 0 0 0 
10 13 13 0 0 0 
11 13 13 0 0 0 
12 13 13 0 0 0 
13 13 13 0 0 0 
14 13 13 0 0 0 
15 13 13 0 0 0 
0 14 14 0 0 0 
1 14 14 0 0 0 
2 14 14 0 0 0 
3 14 14 0 0 0 
4 14 14 0 0 0 
5 14 14 0 0 0 
6 14 14 0 0 0 
7 14 14 0 0 0 
8 14 14 0 0 0 
9 14 14 0 0 0 
10 14 14 0 0 0 
11 14 14 0 0 0 
12 14 14 0 0 0 
13 14 14 0 0 0 
14 14 14 0 0 0 
15 14 14 0 0 0 
0 15 15 0 0 0 
1 15 15 0 0 0 
2 15 15 0 0 0 
3 15 15 0 0 0 
4 15 15 0 0 0 
5 15 15 0 0 0 
6 15 15 0 0 0 
7 15 15 0 0 0 
8 15 15 0 0 0 
9 15 15 0 0 0 
10 15 15 0 0 0 
11 15 15 0 0 0 
12 15 15 0 0 0 
13 15 15 0 0 0 
14 15 15 0 0 0 
15 15 15 0 0 0 
0 0 0 0 0 0 
1 0 0 0 0 0 
2 0 0 0 0 0 
3 0 0 0 0 0 
4 0 0 0 0 0 
5 0 0 0 0 0 
6 0 0 0 0 0 
7 0 0 0 0 0 
8 0 0 0 0 0 
9 0 0 0 0 0 
10 0 0 0 0 0 
11 0 0 0 0 0 
12 0 0 0 0 0 
13 0 0 0 0 0 
14 0 0 0 0 0 
15 0 0 0 0 0 
0 1 1 0 0 0 
1 1 1 0 0 0 
2 1 1 0 0 0 
3 1 1 0 0 0 
4 1 1 0 0 0 
5 1 1 0 0 0 
6 1 1 0 0 0 
7 1 1 0 0 0 
8 1 1 0 0 0 
9 1 1 0 0 0 
10 1 1 0 0 0 
11 1 1 0 0 0 
12 1 1 0 0 0 
13 1 1 0 0 0 
14 1 1 0 0 0 
15 1 1 0 0 0 
0 2 2 0 0 0 
1 2 2 0 0 0 
2 2 2 0 0 0 
3 2 2 0 0 0 
4 2 2 0 0 0 
5 2 2 0 0 0 
6 2 2 0 0 0 
7 2 2 0 0 0 
8 2 2 0 0 0 
9 2 2 0 0 0 
10 2 2 0 0 0 
11 2 2 0 0 0 
12 2 2 0 0 0 
13 2 2 0 0 0 
14 2 2 0 0 0 
15 2 2 0 0 0 
0 3 3 0 0 0 
1 3 3 0 0 0 
2 3 3 0 0 0 
3 3 3 0 0 0 
4 3 3 0 0 0 
5 3 3 0 0 0 
6 3 3 0 0 0 
7 3 3 0 0 0 
8 3 3 0 0 0 
9 3 3 0 0 0 
10 3 3 0 0 0 
11 3 3 0 0 0 
12 3 3 0 0 0 
13 3 3 0 0 0 
14 3 3 0 0 0 
15 3 3 0 0 0 
0 4 4 0 0 0 
1 4 4 0 0 0 
2 4 4 0 0 0 
3 4 4 0 0 0 
4 4 4 0 0 0 
5 4 4 0 0 0 
6 4 4 0 0 0 
7 4 4 0 0 0 
8 4 4 0 0 0 
9 4 4 0 0 0 
10 4 4 0 0 0 
11 4 4 0 0 0 
12 4 4 0 0 0 
13 4 4 0 0 0 
14 4 4 0 0 0 
15 4 4 0 0 0 
0 5 5 0 0 0 
1 5 5 0 0 0 
2 5 5 0 0 0 
3 5 5 0 0 0 
4 5 5 0 0 0 
5 5 5 0 0 0 
6 5 5 0 0 0 
7 5 5 0 0 0 
8 5 5 0 0 0 
9 5 5 0 0 0 
10 5 5 0 0 0 
11 5 5 0 0 0 
12 5 5 0 0 0 
13 5 5 0 0 0 
14 5 5 0 0 0 
15 5 5 0 0 0 
0 6 6 0 0 0 
1 6 6 0 0 0 
2 6 6 0 0 0 
3 6 6 0 0 0 
4 6 6 0 0 0 
5 6 6 0 0 0 
6 6 6 0 0 0 
7 6 6 0 0 0 
8 6 6 0 0 0 
9 6 6 0 0 0 
10 6 6 0 0 0 
11 6 6 0 0 0 
12 6 6 0 0 0 
13 6 6 0 0 0 
14 6 6 0 0 0 
15 6 6 0 0 0 
0 7 7 0 0 0 
1 7 7 0 0 0 
2 7 7 0 0 0 
3 7 7 0 0 0 
4 7 7 0 0 0 
5 7 7 0 0 0 
6 7 7 0 0 0 
7 7 7 0 0 0 
8 7 7 0 0 0 
9 7 7 0 0 0 
10 7 7 0 0 0 
11 7 7 0 0 0 
12 7 7 0 0 0 
13 7 7 0 0 0 
14 7 7 0 0 0 
15 7 7 0 0 0 
0 8 8 0 0 0 
1 8 8 0 0 0 
2 8 8 0 0 0 
3 8 8 0 0 0 
4 8 8 0 0 0 
5 8 8 0 0 0 
6 8 8 0 0 0 
7 8 8 0 0 0 
8 8 8 0 0 0 
9 8 8 0 0 0 
10 8 8 0 0 0 
11 8 8 0 0 0 
12 8 8 0 0 0 
13 8 8 0 0 0 
14 8 8 0 0 0 
15 8 8 0 0 0 
0 9 9 0 0 0 
1 9 9 0 0 0 
2 9 9 0 0 0 
3 9 9 0 0 0 
4 9 9 0 0 0 
5 9 9 0 0 0 
6 9 9 0 0 0 
7 9 9 0 0 0 
8 9 9 0 0 0 
9 9 9 0 0 0 
10 9 9 0 0 0 
11 9 9 0 0 0 
12 9 9 0 0 0 
13 9 9 0 0 0 
14 9 9 0 0 0 
15 9 9 0 0 0 
0 10 10 0 0 0 
1 10 10 0 0 0 
2 10 10 0 0 0 
3 10 10 0 0 0 
4 10 10 0 0 0 
5 10 10 0 0 0 
6 10 10 0 0 0 
7 10 10 0 0 0 
8 10 10 0 0 0 
9 10 10 0 0 0 
10 10 10 0 0 0 
11 10 10 0 0 0 
12 10 10 0 0 0 
13 10 10 0 0 0 
14 10 10 0 0 0 
15 10 10 0 0 0 
0 11 11 0 0 0 
1 11 11 0 0 0 
2 11 11 0 0 0 
3 11 11 0 0 0 
4 11 11 0 0 0 
5 11 11 0 0 0 
6 11 11 0 0 0 
7 11 11 0 0 0 
8 11 11 0 0 0 
9 11 11 0 0 0 
10 11 11 0 0 0 
11 11 11 0 0 0 
12 11 11 0 0 0 
13 11 11 0 0 0 
14 11 11 0 0 0 
15 11 11 0 0 0 
0 12 12 0 0 0 
1 12 12 0 0 0 
2 12 12 0 0 0 
3 12 12 0 0 0 
4 12 12 0 0 0 
5 12 12 0 0 0 
6 12 12 0 0 0 
7 12 12 0 0 0 
8 12 12 0 0 0 
9 12 12 0 0 0 
10 12 12 0 0 0 
11 12 12 0 0 0 
12 12 12 0 0 0 
13 12 12 0 0 0 
14 12 12 0 0 0 
15 12 12 0 0 0 
0 13 13 0 0 0 
1 13 13 0 0 0 
2 13 13 0 0 0 
3 13 13 0 0 0 
4 13 13 0 0 0 
5 13 13 0 0 0 
6 13 13 0 0 0 
7 13 13 0 0 0 
8 13 13 0 0 0 
9 13 13 0 0 0 
10 13 13 0 0 0 
11 13 13 0 0 0 
12 13 13 0 0 0 
13 13 13 0 0 0 
14 13 13 0 0 0 
15 13 13 0 0 0 
0 14 14 0 0 0 
1 14 14 0 0 0 
2 14 14 0 0 0 
3 14 14 0 0 0 
4 14 14 0 0 0 
5 14 14 0 0 0 
6 14 14 0 0 0 
7 14 14 0 0 0 
8 14 14 0 0 0 
9 14 14 0 0 0 
10 14 14 0 0 0 
11 14 14 0 0 0 
12 14 14 0 0 0 
13 14 14 0 0 0 
14 14 14 0 0 0 
15 14 14 0 0 0 
0 15 15 0 0 0 
1 15 15 0 0 0 
2 15 15 0 0 0 
3 15 15 0 0 0 
4 15 15 0 0 0 
5 15 15 0 0 0 
6 15 15 0 0 0 
7 15 15 0 0 0 
8 15 15 0 0 0 
9 15 15 0 0 0 
10 15 15 0 0 0 
11 15 15 0 0 0 
12 15 15 0 0 0 
13 15 15 0 0 0 
14 15 15 0 0 0 
15 15 15 0 0 0 
0 0 0 0 0 0 
1 0 0 0 0 0 
2 0 0 0 0 0 
3 0 0 0 0 0 
4 0 0 0 0 0 
5 0 0 0 0 0 
6 0 0 0 0 0 
7 0 0 0 0 0 
8 0 0 0 0 0 
9 0 0 0 0 0 
10 0 0 0 0 0 
11 0 0 0 0 0 
12 0 0 0 0 0 
13 0 0 0 0 0 
14 0 0 0 0 0 
15 0 0 0 0 0 
0 1 1 0 0 0 
1 1 1 0 0 0 
2 1 1 0 0 0 
3 1 1 0 0 0 
4 1 1 0 0 0 
5 1 1 0 0 0 
6 1 1 0 0 0 
7 1 1 0 0 0 
8 1 1 0 0 0 
9 1 1 0 0 0 
10 1 1 0 0 0 
11 1 1 0 0 0 
12 1 1 0 0 0 
13 1 1 0 0 0 
14 1 1 0 0 0 
15 1 1 0 0 0 
0 2 2 0 0 0 
1 2 2 0 0 0 
2 2 2 0 0 0 
3 2 2 0 0 0 
4 2 2 0 0 0 
5 2 2 0 0 0 
6 2 2 0 0 0 
7 2 2 0 0 0 
8 2 2 0 0 0 
9 2 2 0 0 0 
10 2 2 0 0 0 
11 2 2 0 0 0 
12 2 2 0 0 0 
13 2 2 0 0 0 
14 2 2 0 0 0 
15 2 2 0 0 0 
0 3 3 0 0 0 
1 3 3 0 0 0 
2 3 3 0 0 0 
3 3 3 0 0 0 
4 3 3 0 0 0 
5 3 3 0 0 0 
6 3 3 0 0 0 
7 3 3 0 0 0 
8 3 3 0 0 0 
9 3 3 0 0 0 
10 3 3 0 0 0 
11 3 3 0 0 0 
12 3 3 0 0 0 
13 3 3 0 0 0 
14 3 3 0 0 0 
15 3 3 0 0 0 
0 4 4 0 0 0 
1 4 4 0 0 0 
2 4 4 0 0 0 
3 4 4 0 0 0 
4 4 4 0 0 0 
5 4 4 0 0 0 
6 4 4 0 0 0 
7 4 4 0 0 0 
8 4 4 0 0 0 
9 4 4 0 0 0 
10 4 4 0 0 0 
11 4 4 0 0 0 
12 4 4 0 0 0 
13 4 4 0 0 0 
14 4 4 0 0 0 
15 4 4 0 0 0 
0 5 5 0 0 0 
1 5 5 0 0 0 
2 5 5 0 0 0 
3 5 5 0 0 0 
4 5 5 0 0 0 
5 5 5 0 0 0 
6 5 5 0 0 0 
7 5 5 0 0 0 
8 5 5 0 0 0 
9 5 5 0 0 0 
10 5 5 0 0 0 
11 5 5 0 0 0 
12 5 5 0 0 0 
13 5 5 0 0 0 
14 5 5 0 0 0 
15 5 5 0 0 0 
0 6 6 0 0 0 
1 6 6 0 0 0 
2 6 6 0 0 0 
3 6 6 0 0 0 
4 6 6 0 0 0 
5 6 6 0 0 0 
6 6 6 0 0 0 
7 6 6 0 0 0 
8 6 6 0 0 0 
9 6 6 0 0 0 
10 6 6 0 0 0 
11 6 6 0 0 0 
12 6 6 0 0 0 
13 6 6 0 0 0 
14 6 6 0 0 0 
15 6 6 0 0 0 
0 7 7 0 0 0 
1 7 7 0 0 0 
2 7 7 0 0 0 
3 7 7 0 0 0 
4 7 7 0 0 0 
5 7 7 0 0 0 
6 7 7 0 0 0 
7 7 7 0 0 0 
8 7 7 0 0 0 
9 7 7 0 0 0 
10 7 7 0 0 0 
11 7 7 0 0 0 
12 7 7 0 0 0 
13 7 7 0 0 0 
14 7 7 0 0 0 
15 7 7 0 0 0 
0 8 8 0 0 0 
1 8 8 0 0 0 
2 8 8 0 0 0 
3 8 8 0 0 0 
4 8 8 0 0 0 
5 8 8 0 0 0 
6 8 8 0 0 0 
7 8 8 0 0 0 
8 8 8 0 0 0 
9 8 8 0 0 0 
10 8 8 0 0 0 
11 8 8 0 0 0 
12 8 8 0 0 0 
13 8 8 0 0 0 
14 8 8 0 0 0 
15 8 8 0 0 0 
0 9 9 0 0 0 
1 9 9 0 0 0 
2 9 9 0 0 0 
3 9 9 0 0 0 
4 9 9 0 0 0 
5 9 9 0 0 0 
6 9 9 0 0 0 
7 9 9 0 0 0 
8 9 9 0 0 0 
9 9 9 0 0 0 
10 9 9 0 0 0 
11 9 9 0 0 0 
12 9 9 0 0 0 
13 9 9 0 0 0 
14 9 9 0 0 0 
15 9 9 0 0 0 
0 10 10 0 0 0 
1 10 10 0 0 0 
2 10 10 0 0 0 
3 10 10 0 0 0 
4 10 10 0 0 0 
5 10 10 0 0 0 
6 10 10 0 0 0 
7 10 10 0 0 0 
8 10 10 0 0 0 
9 10 10 0 0 0 
10 10 10 0 0 0 
11 10 10 0 0 0 
12 10 10 0 0 0 
13 10 10 0 0 0 
14 10 10 0 0 0 
15 10 10 0 0 0 
0 11 11 0 0 0 
1 11 11 0 0 0 
2 11 11 0 0 0 
3 11 11 0 0 0 
4 11 11 0 0 0 
5 11 11 0 0 0 
6 11 11 0 0 0 
7 11 11 0 0 0 
8 11 11 0 0 0 
9 11 11 0 0 0 
10 11 11 0 0 0 
11 11 11 0 0 0 
12 11 11 0 0 0 
13 11 11 0 0 0 
14 11 11 0 0 0 
15 11 11 0 0 0 
0 12 12 0 0 0 
1 12 12 0 0 0 
2 12 12 0 0 0 
3 12 12 0 0 0 
4 12 12 0 0 0 
5 12 12 0 0 0 
6 12 12 0 0 0 
7 12 12 0 0 0 
8 12 12 0 0 0 
9 12 12 0 0 0 
10 12 12 0 0 0 
11 12 12 0 0 0 
12 12 12 0 0 0 
13 12 12 0 0 0 
14 12 12 0 0 0 
15 12 12 0 0 0 
0 13 13 0 0 0 
1 13 13 0 0 0 
2 13 13 0 0 0 
3 13 13 0 0 0 
4 13 13 0 0 0 
5 13 13 0 0 0 
6 13 13 0 0 0 
7 13 13 0 0 0 
8 13 13 0 0 0 
9 13 13 0 0 0 
10 13 13 0 0 0 
11 13 13 0 0 0 
12 13 13 0 0 0 
13 13 13 0 0 0 
14 13 13 0 0 0 
15 13 13 0 0 0 
0 14 14 0 0 0 
1 14 14 0 0 0 
2 14 14 0 0 0 
3 14 14 0 0 0 
4 14 14 0 0 0 
5 14 14 0 0 0 
6 14 14 0 0 0 
7 14 14 0 0 0 
8 14 14 0 0 0 
9 14 14 0 0 0 
10 14 14 0 0 0 
11 14 14 0 0 0 
12 14 14 0 0 0 
13 14 14 0 0 0 
14 14 14 0 0 0 
15 14 14 0 0 0 
0 15 15 0 0 0 
1 15 15 0 0 0 
2 15 15 0 0 0 
3 15 15 0 0 0 
4 15 15 0 0 0 
5 15 15 0 0 0 
6 15 15 0 0 0 
7 15 15 0 0 0 
8 15 15 0 0 0 
9 15 15 0 0 0 
10 15 15 0 0 0 
11 15 15 0 0 0 
12 15 15 0 0 0 
13 15 15 0 0 0 
14 15 15 0 0 0 
15 15 15 0 0 0 
0 0 0 0 0 0 
1 0 0 0 0 0 
2 0 0 0 0 0 
3 0 0 0 0 0 
4 0 0 0 0 0 
5 0 0 0 0 0 
6 0 0 0 0 0 
7 0 0 0 0 0 
8 0 0 0 0 0 
9 0 0 0 0 0 
10 0 0 0 0 0 
11 0 0 0 0 0 
12 0 0 0 0 0 
13 0 0 0 0 0 
14 0 0 0 0 0 
15 0 0 0 0 0 
0 1 1 0 0 0 
1 1 1 0 0 0 
2 1 1 0 0 0 
3 1 1 0 0 0 
4 1 1 0 0 0 
5 1 1 0 0 0 
6 1 1 0 0 0 
7 1 1 0 0 0 
8 1 1 0 0 0 
9 1 1 0 0 0 
10 1 1 0 0 0 
11 1 1 0 0 0 
12 1 1 0 0 0 
13 1 1 0 0 0 
14 1 1 0 0 0 
15 1 1 0 0 0 
0 2 2 0 0 0 
1 2 2 0 0 0 
2 2 2 0 0 0 
3 2 2 0 0 0 
4 2 2 0 0 0 
5 2 2 0 0 0 
6 2 2 0 0 0 
7 2 2 0 0 0 
8 2 2 0 0 0 
9 2 2 0 0 0 
10 2 2 0 0 0 
11 2 2 0 0 0 
12 2 2 0 0 0 
13 2 2 0 0 0 
14 2 2 0 0 0 
15 2 2 0 0 0 
0 3 3 0 0 0 
1 3 3 0 0 0 
2 3 3 0 0 0 
3 3 3 0 0 0 
4 3 3 0 0 0 
5 3 3 0 0 0 
6 3 3 0 0 0 
7 3 3 0 0 0 
8 3 3 0 0 0 
9 3 3 0 0 0 
10 3 3 0 0 0 
11 3 3 0 0 0 
12 3 3 0 0 0 
13 3 3 0 0 0 
14 3 3 0 0 0 
15 3 3 0 0 0 
0 4 4 0 0 0 
1 4 4 0 0 0 
2 4 4 0 0 0 
3 4 4 0 0 0 
4 4 4 0 0 0 
5 4 4 0 0 0 
6 4 4 0 0 0 
7 4 4 0 0 0 
8 4 4 0 0 0 
9 4 4 0 0 0 
10 4 4 0 0 0 
11 4 4 0 0 0 
12 4 4 0 0 0 
13 4 4 0 0 0 
14 4 4 0 0 0 
15 4 4 0 0 0 
0 5 5 0 0 0 
1 5 5 0 0 0 
2 5 5 0 0 0 
3 5 5 0 0 0 
4 5 5 0 0 0 
5 5 5 0 0 0 
6 5 5 0 0 0 
7 5 5 0 0 0 
8 5 5 0 0 0 
9 5 5 0 0 0 
10 5 5 0 0 0 
11 5 5 0 0 0 
12 5 5 0 0 0 
13 5 5 0 0 0 
14 5 5 0 0 0 
15 5 5 0 0 0 
0 6 6 0.226857 -0.000555515 -5.13743e-05 
1 6 6 0.228561 -0.000481167 -0.000170686 
2 6 6 0.230623 -0.000365217 -0.000260181 
3 6 6 0.232709 -0.000237247 -0.000292885 
4 6 6 0.234492 -0.000124262 -0.000263652 
5 6 6 0.235741 -4.34713e-05 -0.000185782 
6 6 6 0.236332 7.90951e-06 -8.00607e-05 
7 6 6 0.236129 8.03322e-05 5.66564e-05 
8 6 6 0.233859 0.000885365 0.000780147 
9 6 6 0.231247 0.00305175 0.00356626 
10 6 6 0.227601 -0.00362231 -0.00299698 
11 6 6 0.232306 -0.000937313 -0.000771813 
12 6 6 0.234166 -0.000194075 1.60665e-05 
13 6 6 0.233998 -0.000154304 0.000101088 
14 6 6 0.233574 -8.12467e-05 0.000214888 
15 6 6 0.239638 -0.00189477 -0.00412893 
0 7 7 0.382866 -0.00085487 -0.000487529 
1 7 7 0.386023 -0.000711716 -0.000680533 
2 7 7 0.389565 -0.000499727 -0.000777112 
3 7 7 0.393 -0.000264297 -0.000752871 
4 7 7 0.395844 -6.52076e-05 -0.000615164 
5 7 7 0.39778 6.84361e-05 -0.00040441 
6 7 7 0.398697 0.000162162 -0.000178707 
7 7 7 0.398684 0.000349315 1.61727e-06 
8 7 7 0.398116 0.00106332 0.000130675 
9 7 7 0.398312 0.00118482 0.000579128 
10 7 7 0.396448 -0.00248604 0.000327016 
11 7 7 0.394716 -0.00141487 0.000143702 
12 7 7 0.394696 -0.000376854 9.35294e-05 
13 7 7 0.394545 -0.000250692 0.000111929 
14 7 7 0.394079 -0.0002496 0.000387506 
15 7 7 0.414335 -0.00118021 -0.00521506 
0 8 8 0.394397 -0.000845494 -0.000775328 
1 8 8 0.397726 -0.000646048 -0.000934957 
2 8 8 0.401428 -0.000419696 -0.000966382 
3 8 8 0.404994 -0.000186923 -0.000867249 
4 8 8 0.407949 4.0175e-06 -0.000664145 
5 8 8 0.409982 0.000126681 -0.000407481 
6 8 8 0.41101 0.000200327 -0.000155092 
7 8 8 0.411208 0.000289293 4.6277e-05 
8 8 8 0.41103 0.000393235 0.000156995 
9 8 8 0.410784 -2.89226e-05 0.000187669 
10 8 8 0.409512 -0.000968745 0.000189726 
11 8 8 0.407839 -0.000927366 0.000115889 
12 8 8 0.407072 -0.00047976 6.23496e-05 
13 8 8 0.406789 -0.000318691 4.38153e-05 
14 8 8 0.406338 -0.000346887 0.000323367 
15 8 8 0.428177 0.000256099 -0.0052059 
0 9 9 0.265483 -0.000509345 -0.000522815 
1 9 9 0.267677 -0.000341733 -0.000575796 
2 9 9 0.270183 -0.000179706 -0.000560912 
3 9 9 0.272637 -3.55925e-05 -0.000480113 
4 9 9 0.274711 7.01544e-05 -0.00035217 
5 9 9 0.276184 0.000124392 -0.00020539 
6 9 9 0.276993 0.000138818 -6.96645e-05 
7 9 9 0.277234 0.000128756 3.26882e-05 
8 9 9 0.277112 6.81574e-05 8.15655e-05 
9 9 9 0.276737 -0.000141455 5.67462e-05 
10 9 9 0.276012 -0.000411928 -9.7274e-06 
11 9 9 0.275169 -0.000452997 -4.04243e-05 
12 9 9 0.274606 -0.000331027 -3.63541e-05 
13 9 9 0.274321 -0.000244927 -3.34974e-05 
14 9 9 0.274005 -0.000260942 9.34223e-05 
15 9 9 0.284145 0.00159534 -0.00480709 
0 10 10 0.0864244 -0.000123167 -0.000128313 
1 10 10 0.0871001 -7.11636e-05 -0.000129051 
2 10 10 0.08792 -2.42254e-05 -0.000118313 
3 10 10 0.0887535 1.24668e-05 -9.68541e-05 
4 10 10 0.0894978 3.59126e-05 -6.90167e-05 
5 10 10 0.0900521 4.28931e-05 -3.88151e-05 
6 10 10 0.0903846 3.78366e-05 -1.3145e-05 
7 10 10 0.0905137 2.28651e-05 3.36611e-06 
8 10 10 0.0904873 -4.96571e-06 6.44451e-06 
9 10 10 0.0903484 -4.90494e-05 -4.82572e-06 
10 10 10 0.0901284 -9.09526e-05 -2.1438e-05 
11 10 10 0.0898873 -0.000101748 -2.93923e-05 
12 10 10 0.0896958 -8.65614e-05 -2.7612e-05 
13 10 10 0.0895731 -6.95899e-05 -2.40975e-05 
14 10 10 0.0894395 -7.64058e-05 2.86566e-06 
15 10 10 0.0881639 0.00139413 -0.00216707 
0 11 11 0 0 0 
1 11 11 0 0 0 
2 11 11 0 0 0 
3 11 11 0 0 0 
4 11 11 0 0 0 
5 11 11 0 0 0 
6 11 11 0 0 0 
7 11 11 0 0 0 
8 11 11 0 0 0 
9 11 11 0 0 0 
10 11 11 0 0 0 
11 11 11 0 0 0 
12 11 11 0 0 0 
13 11 11 0 0 0 
14 11 11 0 0 0 
15 11 11 0 0 0 
0 12 12 0 0 0 
1 12 12 0 0 0 
2 12 12 0 0 0 
3 12 12 0 0 0 
4 12 12 0 0 0 
5 12 12 0 0 0 
6 12 12 0 0 0 
7 12 12 0 0 0 
8 12 12 0 0 0 
9 12 12 0 0 0 
10 12 12 0 0 0 
11 12 12 0 0 0 
12 12 12 0 0 0 
13 12 12 0 0 0 
14 12 12 0 0 0 
15 12 12 0 0 0 
0 13 13 0 0 0 
1 13 13 0 0 0 
2 13 13 0 0 0 
3 13 13 0 0 0 
4 13 13 0 0 0 
5 13 13 0 0 0 
6 13 13 0 0 0 
7 13 13 0 0 0 
8 13 13 0 0 0 
9 13 13 0 0 0 
10 13 13 0 0 0 
11 13 13 0 0 0 
12 13 13 0 0 0 
13 13 13 0 0 0 
14 13 13 0 0 0 
15 13 13 0 0 0 
0 14 14 0 0 0 
1 14 14 0 0 0 
2 14 14 0 0 0 
3 14 14 0 0 0 
4 14 14 0 0 0 
5 14 14 0 0 0 
6 14 14 0 0 0 
7 14 14 0 0 0 
8 14 14 0 0 0 
9 14 14 0 0 0 
10 14 14 0 0 0 
11 14 14 0 0 0 
12 14 14 0 0 0 
13 14 14 0 0 0 
14 14 14 0 0 0 
15 14 14 0 0 0 
0 15 15 0 0 0 
1 15 15 0 0 0 
2 15 15 0 0 0 
3 15 15 0 0 0 
4 15 15 0 0 0 
5 15 15 0 0 0 
6 15 15 0 0 0 
7 15 15 0 0 0 
8 15 15 0 0 0 
9 15 15 0 0 0 
10 15 15 0 0 0 
11 15 15 0 0 0 
12 15 15 0 0 0 
13 15 15 0 0 0 
14 15 15 0 0 0 
15 15 15 0 0 0 
0 0 0 0 0 0 
1 0 0 0 0 0 
2 0 0 0 0 0 
3 0 0 0 0 0 
4 0 0 0 0 0 
5 0 0 0 0 0 
6 0 0 0 0 0 
7 0 0 0 0 0 
8 0 0 0 0 0 
9 0 0 0 0 0 
10 0 0 0 0 0 
11 0 0 0 0 0 
12 0 0 0 0 0 
13 0 0 0 0 0 
14 0 0 0 0 0 
15 0 0 0 0 0 
0 1 1 0 0 0 
1 1 1 0 0 0 
2 1 1 0 0 0 
3 1 1 0 0 0 
4 1 1 0 0 0 
5 1 1 0 0 0 
6 1 1 0 0 0 
7 1 1 0 0 0 
8 1 1 0 0 0 
9 1 1 0 0 0 
10 1 1 0 0 0 
11 1 1 0 0 0 
12 1 1 0 0 0 
13 1 1 0 0 0 
14 1 1 0 0 0 
15 1 1 0 0 0 
0 2 2 0 0 0 
1 2 2 0 0 0 
2 2 2 0 0 0 
3 2 2 0 0 0 
4 2 2 0 0 0 
5 2 2 0 0 0 
6 2 2 0 0 0 
7 2 2 0 0 0 
8 2 2 0 0 0 
9 2 2 0 0 0 
10 2 2 0 0 0 
11 2 2 0 0 0 
12 2 2 0 0 0 
13 2 2 0 0 0 
14 2 2 0 0 0 
15 2 2 0 0 0 
0 3 3 0 0 0 
1 3 3 0 0 0 
2 3 3 0 0 0 
3 3 3 0 0 0 
4 3 3 0 0 0 
5 3 3 0 0 0 
6 3 3 0 0 0 
7 3 3 0 0 0 
8 3 3 0 0 0 
9 3 3 0 0 0 
10 3 3 0 0 0 
11 3 3 0 0 0 
12 3 3 0 0 0 
13 3 3 0 0 0 
14 3 3 0 0 0 
15 3 3 0 0 0 
0 4 4 0.0998553 -0.000195742 0.000117247 
1 4 4 0.100594 -0.000174161 5.01886e-05 
2 4 4 0.101496 -0.00014387 -5.85359e-06 
3 4 4 0.102425 -0.000112339 -3.89445e-05 
4 4 4 0.103242 -8.17479e-05 -4.61896e-05 
5 4 4 0.103837 -5.88794e-05 -2.94493e-05 
6 4 4 0.104162 -5.28319e-05 9.90371e-06 
7 4 4 0.104246 -8.19426e-05 7.88226e-05 
8 4 4 0.104247 -0.000160581 0.000178429 
9 4 4 0.10433 -5.62708e-05 9.00775e-05 
10 4 4 0.10378 0.000251212 -0.00018314 
11 4 4 0.103211 8.43241e-05 -4.51177e-05 
12 4 4 0.103084 -5.48426e-05 8.0681e-05 
13 4 4 0.103001 -6.16804e-05 8.59466e-05 
14 4 4 0.10284 -1.123e-05 8.23803e-05 
15 4 4 0.101658 -0.00189844 -0.00181029 
0 5 5 0.44164 -0.0012979 3.53005e-06 
1 5 5 0.445096 -0.00122387 -0.000340161 
2 5 5 0.449017 -0.00103465 -0.000593054 
3 5 5 0.452815 -0.000782361 -0.000683588 
4 5 5 0.455932 -0.000511499 -0.000607913 
5 5 5 0.457997 -0.000277905 -0.00040044 
6 5 5 0.458883 -0.000142798 -0.000101517 
7 5 5 0.458662 -0.000216775 0.000322844 
8 5 5 0.457575 -0.000783586 0.0013167 
9 5 5 0.462059 -0.000412932 0.0023108 
10 5 5 0.456782 0.00128526 -0.00169176 
11 5 5 0.453556 0.000494207 -0.000764977 
12 5 5 0.453802 -0.000275551 0.000240763 
13 5 5 0.453603 -0.000336884 0.000389806 
14 5 5 0.453075 -2.5618e-05 0.000594409 
15 5 5 0.471686 -0.00331938 -0.00401773 
0 6 6 0.711889 -0.00225455 -0.00137303 
1 6 6 0.717073 -0.0022176 -0.00191168 
2 6 6 0.722868 -0.00190638 -0.00220107 
3 6 6 0.728414 -0.00139645 -0.00212537 
4 6 6 0.732877 -0.000811101 -0.00170957 
5 6 6 0.73572 -0.000281229 -0.00107245 
6 6 6 0.736774 0.000100305 -0.000352815 
7 6 6 0.73603 0.00032388 0.000447974 
8 6 6 0.732663 0.000997135 0.00258403 
9 6 6 0.736571 0.00128603 0.00335332 
10 6 6 0.73462 -0.000693107 -0.000788343 
11 6 6 0.727569 -0.00115929 -0.00161967 
12 6 6 0.728972 -0.000650036 7.67252e-05 
13 6 6 0.728851 -0.000547076 0.000452976 
14 6 6 0.728423 -0.000253268 0.000905978 
15 6 6 0.748434 -0.00270976 -0.00450142 
0 7 7 0.907368 -0.00220859 -0.00327519 
1 7 7 0.9135 -0.0021066 -0.00404322 
2 7 7 0.920305 -0.00175472 -0.00424766 
3 7 7 0.92681 -0.00117603 -0.00383647 
4 7 7 0.932069 -0.00051535 -0.00291691 
5 7 7 0.935458 7.38041e-05 -0.00173046 
6 7 7 0.936811 0.000518315 -0.000550227 
7 7 7 0.936341 0.000937428 0.000454522 
8 7 7 0.934601 0.00189487 0.00152559 
9 7 7 0.932189 0.00183572 0.00262362 
10 7 7 0.930221 -0.00182377 0.000618613 
11 7 7 0.928813 -0.00222509 0.000203831 
12 7 7 0.928203 -0.00113974 0.000397755 
13 7 7 0.927817 -0.000749426 0.000401873 
14 7 7 0.927652 -0.000626818 0.000744932 
15 7 7 0.936724 -0.00172257 -0.00508027 
0 8 8 0.921319 -0.00127928 -0.00406243 
1 8 8 0.927669 -0.000958862 -0.00481016 
2 8 8 0.93466 -0.000568544 -0.00486062 
3 8 8 0.941284 -0.000127926 -0.00423197 
4 8 8 0.946642 0.000276611 -0.00309466 
5 8 8 0.95016 0.000563677 -0.00174033 
6 8 8 0.951734 0.000719157 -0.000475039 
7 8 8 0.951723 0.000813509 0.000490223 
8 8 8 0.950873 0.000887758 0.0010682 
9 8 8 0.949886 0.000377668 0.00125318 
10 8 8 0.948053 -0.00103806 0.00107391 
11 8 8 0.945619 -0.00155082 0.000720873 
12 8 8 0.944097 -0.00119254 0.000410613 
13 8 8 0.943468 -0.000887736 0.000188759 
14 8 8 0.943391 -0.000858905 0.000453264 
15 8 8 0.950986 -8.71394e-05 -0.00539186 
0 9 9 0.762474 -0.000399433 -0.00315079 
1 9 9 0.768325 5.98377e-05 -0.00355472 
2 9 9 0.774705 0.000438819 -0.0034625 
3 9 9 0.780689 0.000695375 -0.0029167 
4 9 9 0.785501 0.000801572 -0.00206034 
5 9 9 0.788691 0.000758469 -0.0011038 
6 9 9 0.790212 0.000609661 -0.000253581 
7 9 9 0.790381 0.000410293 0.000354291 
8 9 9 0.7897 0.000153117 0.000664138 
9 9 9 0.788563 -0.000271758 0.000678346 
10 9 9 0.78705 -0.000802887 0.000485051 
11 9 9 0.78541 -0.00106359 0.000246034 
12 9 9 0.784179 -0.000971656 4.94402e-05 
13 9 9 0.783549 -0.000791857 -8.75648e-05 
14 9 9 0.78332 -0.000875435 0.000268491 
15 9 9 0.800191 0.0015129 -0.00523446 
0 10 10 0.490951 -0.0001043 -0.00145921 
1 10 10 0.4951 0.000237006 -0.00155059 
2 10 10 0.49967 0.000487225 -0.00144954 
3 10 10 0.503998 0.000611975 -0.00118542 
4 10 10 0.507531 0.000607649 -0.000819509 
5 10 10 0.509944 0.000495626 -0.000433241 
6 10 10 0.511186 0.000321191 -0.000105975 
7 10 10 0.511441 0.000125933 0.000110773 
8 10 10 0.51101 -7.91336e-05 0.000196527 
9 10 10 0.510169 -0.000302832 0.000160198 
10 10 10 0.509111 -0.000501894 5.14269e-05 
11 10 10 0.508044 -0.000584613 -5.63018e-05 
12 10 10 0.507205 -0.000538175 -0.000126657 
13 10 10 0.506692 -0.000450428 -0.000157558 
14 10 10 0.506215 -0.000630046 0.000174307 
15 10 10 0.5272 0.00264005 -0.00447168 
0 11 11 0.168906 -8.6268e-05 -0.000302921 
1 11 11 0.170281 6.10724e-06 -0.000295705 
2 11 11 0.171916 7.92068e-05 -0.000262141 
3 11 11 0.173564 0.000121672 -0.00020831 
4 11 11 0.174996 0.000131292 -0.000143175 
5 11 11 0.17605 0.000111039 -7.84817e-05 
6 11 11 0.176667 7.19471e-05 -2.71868e-05 
7 11 11 0.176885 2.41426e-05 2.1845e-06 
8 11 11 0.176796 -2.74488e-05 5.44644e-06 
9 11 11 0.176507 -8.05918e-05 -1.44138e-05 
10 11 11 0.176113 -0.000122501 -4.34364e-05 
11 11 11 0.175703 -0.000136996 -6.34783e-05 
12 11 11 0.175359 -0.000126075 -6.88122e-05 
13 11 11 0.175116 -0.000105951 -6.39105e-05 
14 11 11 0.174821 -0.000145569 9.55861e-06 
15 11 11 0.17879 0.00264541 -0.00283746 
0 12 12 0 0 0 
1 12 12 0 0 0 
2 12 12 0 0 0 
3 12 12 0 0 0 
4 12 12 0 0 0 
5 12 12 0 0 0 
6 12 12 0 0 0 
7 12 12 0 0 0 
8 12 12 0 0 0 
9 12 12 0 0 0 
10 12 12 0 0 0 
11 12 12 0 0 0 
12 12 12 0 0 0 
13 12 12 0 0 0 
14 12 12 0 0 0 
15 12 12 0 0 0 
0 13 13 0 0 0 
1 13 13 0 0 0 
2 13 13 0 0 0 
3 13 13 0 0 0 
4 13 13 0 0 0 
5 13 13 0 0 0 
6 13 13 0 0 0 
7 13 13 0 0 0 
8 13 13 0 0 0 
9 13 13 0 0 0 
10 13 13 0 0 0 
11 13 13 0 0 0 
12 13 13 0 0 0 
13 13 13 0 0 0 
14 13 13 0 0 0 
15 13 13 0 0 0 
0 14 14 0 0 0 
1 14 14 0 0 0 
2 14 14 0 0 0 
3 14 14 0 0 0 
4 14 14 0 0 0 
5 14 14 0 0 0 
6 14 14 0 0 0 
7 14 14 0 0 0 
8 14 14 0 0 0 
9 14 14 0 0 0 
10 14 14 0 0 0 
11 14 14 0 0 0 
12 14 14 0 0 0 
13 14 14 0 0 0 
14 14 14 0 0 0 
15 14 14 0 0 0 
0 15 15 0 0 0 
1 15 15 0 0 0 
2 15 15 0 0 0 
3 15 15 0 0 0 
4 15 15 0 0 0 
5 15 15 0 0 0 
6 15 15 0 0 0 
7 15 15 0 0 0 
8 15 15 0 0 0 
9 15 15 0 0 0 
10 15 15 0 0 0 
11 15 15 0 0 0 
12 15 15 0 0 0 
13 15 15 0 0 0 
14 15 15 0 0 0 
15 15 15 0 0 0 
0 0 0 0 0 0 
1 0 0 0 0 0 
2 0 0 0 0 0 
3 0 0 0 0 0 
4 0 0 0 0 0 
5 0 0 0 0 0 
6 0 0 0 0 0 
7 0 0 0 0 0 
8 0 0 0 0 0 
9 0 0 0 0 0 
10 0 0 0 0 0 
11 0 0 0 0 0 
12 0 0 0 0 0 
13 0 0 0 0 0 
14 0 0 0 0 0 
15 0 0 0 0 0 
0 1 1 0 0 0 
1 1 1 0 0 0 
2 1 1 0 0 0 
3 1 1 0 0 0 
4 1 1 0 0 0 
5 1 1 0 0 0 
6 1 1 0 0 0 
7 1 1 0 0 0 
8 1 1 0 0 0 
9 1 1 0 0 0 
10 1 1 0 0 0 
11 1 1 0 0 0 
12 1 1 0 0 0 
13 1 1 0 0 0 
14 1 1 0 0 0 
15 1 1 0 0 0 
0 2 2 0 0 0 
1 2 2 0 0 0 
2 2 2 0 0 0 
3 2 2 0 0 0 
4 2 2 0 0 0 
5 2 2 0 0 0 
6 2 2 0 0 0 
7 2 2 0 0 0 
8 2 2 0 0 0 
9 2 2 0 0 0 
10 2 2 0 0 0 
11 2 2 0 0 0 
12 2 2 0 0 0 
13 2 2 0 0 0 
14 2 2 0 0 0 
15 2 2 0 0 0 
0 3 3 0 0 0 
1 3 3 0 0 0 
2 3 3 0 0 0 
3 3 3 0 0 0 
4 3 3 0 0 0 
5 3 3 0 0 0 
6 3 3 0 0 0 
7 3 3 0 0 0 
8 3 3 0 0 0 
9 3 3 0 0 0 
10 3 3 0 0 0 
11 3 3 0 0 0 
12 3 3 0 0 0 
13 3 3 0 0 0 
14 3 3 0 0 0 
15 3 3 0 0 0 
0 4 4 0.439683 -0.00097459 0.000201936 
1 4 4 0.4431 -0.00109984 -8.07529e-05 
2 4 4 0.446992 -0.00105453 -0.00032164 
3 4 4 0.450749 -0.000890435 -0.000436692 
4 4 4 0.453836 -0.000653529 -0.000408027 
5 4 4 0.455904 -0.000402522 -0.000257338 
6 4 4 0.456863 -0.000202321 -2.205e-05 
7 4 4 0.456904 -0.000108134 0.000264046 
8 4 4 0.456455 -0.000103857 0.000515371 
9 4 4 0.455801 7.86802e-05 0.00041712 
10 4 4 0.45441 0.000467775 -1.76847e-05 
11 4 4 0.452718 0.000390744 -8.82708e-06 
12 4 4 0.451724 8.60346e-05 0.000250919 
13 4 4 0.451249 -5.11699e-05 0.000344376 
14 4 4 0.450714 0.000240132 0.000498189 
15 4 4 0.471792 -0.0043698 -0.00283905 
0 5 5 0.85525 -0.00292021 -0.00100388 
1 5 5 0.860852 -0.00342041 -0.0016567 
2 5 5 0.867208 -0.00332057 -0.00208255 
3 5 5 0.873299 -0.00275229 -0.00211693 
4 5 5 0.878197 -0.00188813 -0.00175562 
5 5 5 0.881296 -0.000954242 -0.0011092 
6 5 5 0.882451 -0.000182455 -0.000322614 
7 5 5 0.88198 0.000232355 0.000526624 
8 5 5 0.880677 0.000188504 0.00145491 
9 5 5 0.879535 0.000429351 0.0017122 
10 5 5 0.877255 0.00137174 0.000318705 
11 5 5 0.874382 0.00111031 2.11994e-05 
12 5 5 0.872867 0.000318276 0.000524006 
13 5 5 0.872174 -0.000108441 0.000738276 
14 5 5 0.87189 0.000133198 0.000979762 
15 5 5 0.880222 -0.00395755 -0.0031676 
0 6 6 1.37186 -0.00438681 -0.0048843 
1 6 6 1.37672 -0.0055716 -0.00624017 
2 6 6 1.3828 -0.00570141 -0.00681271 
3 6 6 1.38915 -0.00485396 -0.00637281 
4 6 6 1.39463 -0.00329428 -0.00500066 
5 6 6 1.39834 -0.00145736 -0.00305753 
6 6 6 1.39982 0.000188113 -0.00100048 
7 6 6 1.3992 0.00130074 0.000910297 
8 6 6 1.39712 0.00177969 0.00297894 
9 6 6 1.39541 0.00212561 0.00430096 
10 6 6 1.39295 0.00192584 0.0011205 
11 6 6 1.39023 0.00115366 0.000286256 
12 6 6 1.38887 0.000392339 0.000861885 
13 6 6 1.38804 -0.000154409 0.00103804 
14 6 6 1.3878 -0.00037515 0.000985902 
15 6 6 1.38369 -0.00342145 -0.00389427 
0 7 7 1.68041 -0.00206197 -0.00919253 
1 7 7 1.68198 -0.00330716 -0.0115365 
2 7 7 1.68476 -0.0037522 -0.0123213 
3 7 7 1.68838 -0.00332204 -0.0113234 
4 7 7 1.69213 -0.00216386 -0.00873993 
5 7 7 1.69516 -0.000625405 -0.00523774 
6 7 7 1.69684 0.000883865 -0.0016995 
7 7 7 1.69702 0.00209442 0.00121745 
8 7 7 1.69618 0.00301138 0.00338446 
9 7 7 1.69559 0.00317517 0.00443906 
10 7 7 1.69444 0.00145982 0.00319858 
11 7 7 1.69226 0.000296064 0.00203261 
12 7 7 1.69093 1.67621e-05 0.00155096 
13 7 7 1.69016 -0.000214678 0.00105894 
14 7 7 1.68992 -0.000520368 0.000470371 
15 7 7 1.68682 -0.00180189 -0.00430241 
0 8 8 1.70269 0.00185972 -0.0104019 
1 8 8 1.70439 0.00160645 -0.0130286 
2 8 8 1.70714 0.00144298 -0.0137733 
3 8 8 1.71064 0.00138261 -0.0124833 
4 8 8 1.71428 0.00141526 -0.00945781 
5 8 8 1.71737 0.00150447 -0.00549205 
6 8 8 1.71935 0.00161451 -0.00160342 
7 8 8 1.72014 0.00172289 0.00141678 
8 8 8 1.72015 0.00176719 0.00324371 
9 8 8 1.71987 0.00142317 0.00385078 
10 8 8 1.71916 0.00045168 0.00342176 
11 8 8 1.7179 -0.000375003 0.00254369 
12 8 8 1.7168 -0.000608259 0.00160357 
13 8 8 1.7162 -0.00058097 0.000699934 
14 8 8 1.71619 -0.000570572 -0.000129558 
15 8 8 1.71325 0.000138623 -0.00492107 
0 9 9 1.44307 0.00355588 -0.00810914 
1 9 9 1.44844 0.00419655 -0.00972806 
2 9 9 1.45477 0.00441322 -0.00990086 
3 9 9 1.46122 0.00413794 -0.00863216 
4 9 9 1.46687 0.00344235 -0.00625325 
5 9 9 1.47099 0.00251261 -0.00339064 
6 9 9 1.47329 0.00157919 -0.000745243 
7 9 9 1.47397 0.00080658 0.00118511 
8 9 9 1.47359 0.000212999 0.00222311 
9 9 9 1.47265 -0.000317684 0.00243873 
10 9 9 1.4714 -0.000825918 0.00205805 
11 9 9 1.47004 -0.00112683 0.00138702 
12 9 9 1.46892 -0.001103 0.000661949 
13 9 9 1.46831 -0.000885556 1.20365e-05 
14 9 9 1.46844 -0.000711993 -0.000402213 
15 9 9 1.46517 0.00202857 -0.00524142 
0 10 10 0.930848 0.00218408 -0.00390958 
1 10 10 0.937373 0.00280165 -0.00435854 
2 10 10 0.944501 0.00303734 -0.00418572 
3 10 10 0.951249 0.00284917 -0.00346366 
4 10 10 0.956744 0.00230863 -0.00238073 
5 10 10 0.960458 0.00157123 -0.00120469 
6 10 10 0.962325 0.000817427 -0.000195091 
7 10 10 0.962663 0.000179402 0.000484906 
8 10 10 0.961978 -0.000299608 0.000791904 
9 10 10 0.960746 -0.000641842 0.000775049 
10 10 10 0.959312 -0.000857509 0.00054412 
11 10 10 0.957938 -0.000914669 0.000232004 
12 10 10 0.956866 -0.000811502 -6.31661e-05 
13 10 10 0.956244 -0.000635569 -0.000278068 
14 10 10 0.956159 -0.000770406 -8.8141e-05 
15 10 10 0.957449 0.00332792 -0.00425585 
0 11 11 0.498999 0.000605719 -0.00129218 
1 11 11 0.50327 0.000902147 -0.00132584 
2 11 11 0.507952 0.00104952 -0.00120041 
3 11 11 0.512383 0.00102633 -0.000952311 
4 11 11 0.516002 0.000854935 -0.000637042 
5 11 11 0.518481 0.000589805 -0.000322122 
6 11 11 0.519768 0.000299757 -6.99242e-05 
7 11 11 0.520042 4.17124e-05 8.33294e-05 
8 11 11 0.519603 -0.000158941 0.000129832 
9 11 11 0.518757 -0.000300405 8.71424e-05 
10 11 11 0.517755 -0.000381239 -5.6982e-06 
11 11 11 0.516792 -0.00039348 -0.000100782 
12 11 11 0.516026 -0.00034575 -0.000169334 
13 11 11 0.51553 -0.000278513 -0.000195578 
14 11 11 0.515063 -0.000548803 6.79749e-05 
15 11 11 0.536157 0.004061 -0.0032802 
0 12 12 0.0799521 8.16612e-06 -9.37043e-05 
1 12 12 0.0805843 4.26536e-05 -8.36785e-05 
2 12 12 0.0813535 6.72706e-05 -6.78946e-05 
3 12 12 0.0821437 7.72943e-05 -4.93042e-05 
4 12 12 0.0828425 7.26471e-05 -3.07094e-05 
5 12 12 0.0833666 5.57723e-05 -1.4603e-05 
6 12 12 0.0836831 3.26158e-05 -4.17819e-06 
7 12 12 0.0838028 9.13378e-06 -4.56814e-07 
8 12 12 0.08377 -1.12577e-05 -3.63187e-06 
9 12 12 0.0836397 -2.72266e-05 -1.20942e-05 
10 12 12 0.0834623 -3.72582e-05 -2.19703e-05 
11 12 12 0.0832781 -3.96223e-05 -2.84791e-05 
12 12 12 0.0831188 -3.64238e-05 -3.03147e-05 
13 12 12 0.0830015 -3.04887e-05 -2.76727e-05 
14 12 12 0.0828615 -5.58985e-05 -1.22275e-05 
15 12 12 0.0816931 0.00194074 -0.00136993 
0 13 13 0 0 0 
1 13 13 0 0 0 
2 13 13 0 0 0 
3 13 13 0 0 0 
4 13 13 0 0 0 
5 13 13 0 0 0 
6 13 13 0 0 0 
7 13 13 0 0 0 
8 13 13 0 0 0 
9 13 13 0 0 0 
10 13 13 0 0 0 
11 13 13 0 0 0 
12 13 13 0 0 0 
13 13 13 0 0 0 
14 13 13 0 0 0 
15 13 13 0 0 0 
0 14 14 0 0 0 
1 14 14 0 0 0 
2 14 14 0 0 0 
3 14 14 0 0 0 
4 14 14 0 0 0 
5 14 14 0 0 0 
6 14 14 0 0 0 
7 14 14 0 0 0 
8 14 14 0 0 0 
9 14 14 0 0 0 
10 14 14 0 0 0 
11 14 14 0 0 0 
12 14 14 0 0 0 
13 14 14 0 0 0 
14 14 14 0 0 0 
15 14 14 0 0 0 
0 15 15 0 0 0 
1 15 15 0 0 0 
2 15 15 0 0 0 
3 15 15 0 0 0 
4 15 15 0 0 0 
5 15 15 0 0 0 
6 15 15 0 0 0 
7 15 15 0 0 0 
8 15 15 0 0 0 
9 15 15 0 0 0 
10 15 15 0 0 0 
11 15 15 0 0 0 
12 15 15 0 0 0 
13 15 15 0 0 0 
14 15 15 0 0 0 
15 15 15 0 0 0 
0 0 0 0 0 0 
1 0 0 0 0 0 
2 0 0 0 0 0 
3 0 0 0 0 0 
4 0 0 0 0 0 
5 0 0 0 0 0 
6 0 0 0 0 0 
7 0 0 0 0 0 
8 0 0 0 0 0 
9 0 0 0 0 0 
10 0 0 0 0 0 
11 0 0 0 0 0 
12 0 0 0 0 0 
13 0 0 0 0 0 
14 0 0 0 0 0 
15 0 0 0 0 0 
0 1 1 0 0 0 
1 1 1 0 0 0 
2 1 1 0 0 0 
3 1 1 0 0 0 
4 1 1 0 0 0 
5 1 1 0 0 0 
6 1 1 0 0 0 
7 1 1 0 0 0 
8 1 1 0 0 0 
9 1 1 0 0 0 
10 1 1 0 0 0 
11 1 1 0 0 0 
12 1 1 0 0 0 
13 1 1 0 0 0 
14 1 1 0 0 0 
15 1 1 0 0 0 
0 2 2 0 0 0 
1 2 2 0 0 0 
2 2 2 0 0 0 
3 2 2 0 0 0 
4 2 2 0 0 0 
5 2 2 0 0 0 
6 2 2 0 0 0 
7 2 2 0 0 0 
8 2 2 0 0 0 
9 2 2 0 0 0 
10 2 2 0 0 0 
11 2 2 0 0 0 
12 2 2 0 0 0 
13 2 2 0 0 0 
14 2 2 0 0 0 
15 2 2 0 0 0 
0 3 3 0.217474 -0.000219186 0.000130709 
1 3 3 0.219065 -0.000297508 6.13467e-05 
2 3 3 0.221011 -0.00032416 -1.0035e-05 
3 3 3 0.222982 -0.000304307 -5.42765e-05 
4 3 3 0.224688 -0.00024736 -6.0857e-05 
5 3 3 0.225916 -0.000170562 -3.14356e-05 
6 3 3 0.226589 -9.39922e-05 2.23329e-05 
7 3 3 0.226759 -3.23937e-05 8.08817e-05 
8 3 3 0.226568 1.70009e-05 0.000108046 
9 3 3 0.226114 6.97141e-05 6.89921e-05 
10 3 3 0.225473 0.000110009 1.57595e-06 
11 3 3 0.224784 0.000104784 3.79195e-07 
12 3 3 0.224241 6.41535e-05 5.03539e-05 
13 3 3 0.22389 3.45458e-05 7.83265e-05 
14 3 3 0.223517 0.000127617 0.000111787 
15 3 3 0.2287 -0.00423924 -0.0015686 
0 4 4 0.688152 -0.00181061 -5.19156e-05 
1 4 4 0.693046 -0.00233771 -0.000364645 
2 4 4 0.698623 -0.00243542 -0.000622943 
3 4 4 0.703929 -0.00214719 -0.000727676 
4 4 4 0.708172 -0.00158336 -0.000646513 
5 4 4 0.710872 -0.00090334 -0.000409167 
6 4 4 0.711952 -0.000274023 -8.09663e-05 
7 4 4 0.711704 0.000187846 0.000260791 
8 4 4 0.710625 0.000467449 0.000506898 
9 4 4 0.709106 0.000659744 0.000508304 
10 4 4 0.707242 0.000792251 0.000304591 
11 4 4 0.705316 0.000724016 0.000215213 
12 4 4 0.703858 0.000477887 0.000303011 
13 4 4 0.703028 0.000257023 0.000375318 
14 4 4 0.702551 0.000602342 0.000555204 
15 4 4 0.721191 -0.00482228 -0.00172453 
0 5 5 1.34924 -0.00511361 -0.00218443 
1 5 5 1.354 -0.00697413 -0.00300973 
2 5 5 1.36011 -0.00750036 -0.00347179 
3 5 5 1.36643 -0.00671036 -0.00339792 
4 5 5 1.37181 -0.00489378 -0.00277287 
5 5 5 1.37534 -0.00258307 -0.00175684 
6 5 5 1.37667 -0.000387874 -0.000597493 
7 5 5 1.37607 0.0012343 0.000490286 
8 5 5 1.37429 0.00213686 0.00133035 
9 5 5 1.37206 0.00254791 0.00160793 
10 5 5 1.36939 0.00271642 0.00121295 
11 5 5 1.36648 0.00240658 0.000871757 
12 5 5 1.36421 0.00165011 0.000874969 
13 5 5 1.36291 0.000869519 0.000903747 
14 5 5 1.36261 0.0004683 0.000872217 
15 5 5 1.35833 -0.00458298 -0.00206266 
0 6 6 1.94428 -0.00499624 -0.00685969 
1 6 6 1.93978 -0.00854709 -0.0087964 
2 6 6 1.93632 -0.0103192 -0.00968022 
3 6 6 1.93433 -0.0100324 -0.00922772 
4 6 6 1.93377 -0.00782189 -0.00744 
5 6 6 1.93416 -0.0043492 -0.00473691 
6 6 6 1.93477 -0.000630394 -0.00182109 
7 6 6 1.93507 0.00240507 0.000685164 
8 6 6 1.93499 0.00428724 0.0024678 
9 6 6 1.93477 0.00506073 0.00321748 
10 6 6 1.93413 0.00502981 0.00274509 
11 6 6 1.93282 0.00437505 0.00202555 
12 6 6 1.93151 0.00325805 0.00162533 
13 6 6 1.93049 0.00199207 0.00129627 
14 6 6 1.92982 0.000779885 0.000785478 
15 6 6 1.92582 -0.00256857 -0.0021025 
0 7 7 2.28227 0.00113602 -0.00974938 
1 7 7 2.27017 -0.00179863 -0.0132739 
2 7 7 2.25689 -0.00385429 -0.0151591 
3 7 7 2.24441 -0.00466305 -0.0149189 
4 7 7 2.23454 -0.00406599 -0.0124216 
5 7 7 2.22837 -0.00228184 -0.00820995 
6 7 7 2.22588 9.78652e-05 -0.00345024 
7 7 7 2.22628 0.0023734 0.000640272 
8 7 7 2.22849 0.0040428 0.00337278 
9 7 7 2.2316 0.00484286 0.00452962 
10 7 7 2.23458 0.00476065 0.00427216 
11 7 7 2.23674 0.00416583 0.00341754 
12 7 7 2.23814 0.00336662 0.00251131 
13 7 7 2.23882 0.00246626 0.00157623 
14 7 7 2.23874 0.00150895 0.000497948 
15 7 7 2.2337 -9.2399e-05 -0.00250154 
0 8 8 2.30339 0.00766593 -0.0100082 
1 8 8 2.29175 0.00737071 -0.0141239 
2 8 8 2.27838 0.0067233 -0.0163651 
3 8 8 2.26541 0.00575081 -0.0161965 
4 8 8 2.25491 0.00456207 -0.0134895 
5 8 8 2.24822 0.0033703 -0.00886316 
6 8 8 2.2456 0.00244137 -0.00363039 
7 8 8 2.24635 0.00194734 0.000822804 
8 8 8 2.24932 0.00183749 0.00370162 
9 8 8 2.2534 0.00185151 0.0048995 
10 8 8 2.25752 0.00176531 0.00476751 
11 8 8 2.261 0.0016173 0.00389104 
12 8 8 2.26359 0.00150452 0.00271873 
13 8 8 2.26521 0.00143004 0.00144414 
14 8 8 2.26584 0.00138583 7.94369e-05 
15 8 8 2.26117 0.00188703 -0.0030537 
0 9 9 2.0074 0.0108826 -0.00885311 
1 9 9 2.00339 0.0123689 -0.011754 
2 9 9 1.99943 0.0126279 -0.0129276 
3 9 9 1.99644 0.0114903 -0.012117 
4 9 9 1.99497 0.00911183 -0.00947401 
5 9 9 1.99504 0.00605351 -0.00568915 
6 9 9 1.99621 0.00310505 -0.00180243 
7 9 9 1.99799 0.000894789 0.00126717 
8 9 9 2.00003 -0.000388284 0.00308592 
9 9 9 2.0021 -0.000934066 0.00369541 
10 9 9 2.00398 -0.00102429 0.00340388 
11 9 9 2.00547 -0.000827023 0.00259182 
12 9 9 2.00654 -0.00042595 0.00156744 
13 9 9 2.00723 9.63423e-05 0.000518522 
14 9 9 2.00766 0.000710556 -0.000516707 
15 9 9 2.00402 0.00332603 -0.00354054 
0 10 10 1.46401 0.0080015 -0.00548342 
1 10 10 1.46962 0.00928222 -0.00649407 
2 10 10 1.47603 0.00942421 -0.00652518 
3 10 10 1.48254 0.00837498 -0.00560919 
4 10 10 1.48829 0.00638394 -0.00398811 
5 10 10 1.49258 0.0039669 -0.00208705 
6 10 10 1.49512 0.00170707 -0.000370091 
7 10 10 1.49612 8.03303e-06 0.000841071 
8 10 10 1.49605 -0.00101771 0.0014456 
9 10 10 1.49541 -0.00147335 0.00151842 
10 10 10 1.49456 -0.00152383 0.00122353 
11 10 10 1.49372 -0.00129667 0.000743725 
12 10 10 1.49306 -0.00088738 0.000225222 
13 10 10 1.49272 -0.000408312 -0.000229518 
14 10 10 1.49298 -5.25572e-05 -0.000513723 
15 10 10 1.48997 0.00459397 -0.00340342 
0 11 11 0.776898 0.00264334 -0.00180058 
1 11 11 0.783035 0.0031496 -0.0019173 
2 11 11 0.789651 0.00322434 -0.00177442 
3 11 11 0.795856 0.00286812 -0.00142186 
4 11 11 0.80088 0.00218624 -0.000947298 
5 11 11 0.804275 0.00135765 -0.000460949 
6 11 11 0.805999 0.000570977 -6.40564e-05 
7 11 11 0.806333 -4.13764e-05 0.000185295 
8 11 11 0.80572 -0.000433795 0.000277262 
9 11 11 0.804605 -0.000626904 0.000239117 
10 11 11 0.803337 -0.000664646 0.00012064 
11 11 11 0.802166 -0.000586185 -2.20296e-05 
12 11 11 0.801265 -0.000433465 -0.000147219 
13 11 11 0.800725 -0.000273819 -0.000222791 
14 11 11 0.800512 -0.000594875 -3.43978e-05 
15 11 11 0.817579 0.00482729 -0.00248293 
0 12 12 0.291801 0.000339305 -0.000316155 
1 12 12 0.294296 0.000464084 -0.000302695 
2 12 12 0.29713 0.000518288 -0.000260391 
3 12 12 0.299898 0.000494347 -0.000199652 
4 12 12 0.302236 0.000403971 -0.000131168 
5 12 12 0.303902 0.000273247 -6.70221e-05 
6 12 12 0.304831 0.000134738 -1.97906e-05 
7 12 12 0.305102 1.69445e-05 4.61336e-06 
8 12 12 0.304889 -6.68467e-05 5.20961e-06 
9 12 12 0.304388 -0.000116388 -1.35952e-05 
10 12 12 0.30377 -0.000135888 -4.11307e-05 
11 12 12 0.303171 -0.000127889 -6.44322e-05 
12 12 12 0.302679 -0.000104677 -7.63796e-05 
13 12 12 0.302336 -7.88793e-05 -7.34464e-05 
14 12 12 0.30192 -0.000227445 6.95485e-06 
15 12 12 0.317941 0.00475382 -0.00197708 
0 13 13 0 0 0 
1 13 13 0 0 0 
2 13 13 0 0 0 
3 13 13 0 0 0 
4 13 13 0 0 0 
5 13 13 0 0 0 
6 13 13 0 0 0 
7 13 13 0 0 0 
8 13 13 0 0 0 
9 13 13 0 0 0 
10 13 13 0 0 0 
11 13 13 0 0 0 
12 13 13 0 0 0 
13 13 13 0 0 0 
14 13 13 0 0 0 
15 13 13 0 0 0 
0 14 14 0 0 0 
1 14 14 0 0 0 
2 14 14 0 0 0 
3 14 14 0 0 0 
4 14 14 0 0 0 
5 14 14 0 0 0 
6 14 14 0 0 0 
7 14 14 0 0 0 
8 14 14 0 0 0 
9 14 14 0 0 0 
10 14 14 0 0 0 
11 14 14 0 0 0 
12 14 14 0 0 0 
13 14 14 0 0 0 
14 14 14 0 0 0 
15 14 14 0 0 0 
0 15 15 0 0 0 
1 15 15 0 0 0 
2 15 15 0 0 0 
3 15 15 0 0 0 
4 15 15 0 0 0 
5 15 15 0 0 0 
6 15 15 0 0 0 
7 15 15 0 0 0 
8 15 15 0 0 0 
9 15 15 0 0 0 
10 15 15 0 0 0 
11 15 15 0 0 0 
12 15 15 0 0 0 
13 15 15 0 0 0 
14 15 15 0 0 0 
15 15 15 0 0 0 
0 0 0 0 0 0 
1 0 0 0 0 0 
2 0 0 0 0 0 
3 0 0 0 0 0 
4 0 0 0 0 0 
5 0 0 0 0 0 
6 0 0 0 0 0 
7 0 0 0 0 0 
8 0 0 0 0 0 
9 0 0 0 0 0 
10 0 0 0 0 0 
11 0 0 0 0 0 
12 0 0 0 0 0 
13 0 0 0 0 0 
14 0 0 0 0 0 
15 0 0 0 0 0 
0 1 1 0 0 0 
1 1 1 0 0 0 
2 1 1 0 0 0 
3 1 1 0 0 0 
4 1 1 0 0 0 
5 1 1 0 0 0 
6 1 1 0 0 0 
7 1 1 0 0 0 
8 1 1 0 0 0 
9 1 1 0 0 0 
10 1 1 0 0 0 
11 1 1 0 0 0 
12 1 1 0 0 0 
13 1 1 0 0 0 
14 1 1 0 0 0 
15 1 1 0 0 0 
0 2 2 0 0 0 
1 2 2 0 0 0 
2 2 2 0 0 0 
3 2 2 0 0 0 
4 2 2 0 0 0 
5 2 2 0 0 0 
6 2 2 0 0 0 
7 2 2 0 0 0 
8 2 2 0 0 0 
9 2 2 0 0 0 
10 2 2 0 0 0 
11 2 2 0 0 0 
12 2 2 0 0 0 
13 2 2 0 0 0 
14 2 2 0 0 0 
15 2 2 0 0 0 
0 3 3 0.278204 -0.000288605 5.33079e-05 
1 3 3 0.280246 -0.000446876 2.22161e-05 
2 3 3 0.282705 -0.000521669 -1.42066e-05 
3 3 3 0.285157 -0.0005072 -3.54495e-05 
4 3 3 0.287236 -0.000415998 -3.39007e-05 
5 3 3 0.288691 -0.000277665 -8.62321e-06 
6 3 3 0.289441 -0.000129442 3.08848e-05 
7 3 3 0.289559 -2.16747e-06 6.7937e-05 
8 3 3 0.289218 9.07205e-05 7.77301e-05 
9 3 3 0.288585 0.000149804 4.65065e-05 
10 3 3 0.2878 0.000175481 -2.18897e-06 
11 3 3 0.287009 0.000166637 -1.77046e-05 
12 3 3 0.286358 0.000132046 3.65721e-06 
13 3 3 0.285901 0.00010157 2.33184e-05 
14 3 3 0.285375 0.000318608 1.78307e-05 
15 3 3 0.302624 -0.00479883 -0.000361906 
0 4 4 0.825968 -0.00239972 -8.22048e-05 
1 4 4 0.831188 -0.00328356 -0.000208584 
2 4 4 0.837265 -0.00355822 -0.00032196 
3 4 4 0.843108 -0.00322123 -0.000372153 
4 4 4 0.847783 -0.0024084 -0.000331545 
5 4 4 0.850711 -0.0013603 -0.000205281 
6 4 4 0.85179 -0.000341645 -2.70663e-05 
7 4 4 0.851333 0.000454937 0.000152184 
8 4 4 0.849871 0.000959113 0.000267165 
9 4 4 0.847898 0.0012024 0.000262319 
10 4 4 0.845758 0.00123832 0.000166053 
11 4 4 0.84375 0.00109866 9.53846e-05 
12 4 4 0.842173 0.00083518 0.000104789 
13 4 4 0.841179 0.000569223 0.00013745 
14 4 4 0.840747 0.00085322 0.000193961 
15 4 4 0.8505 -0.00506975 -0.000592358 
0 5 5 1.63162 -0.00653971 -0.00128908 
1 5 5 1.63306 -0.00959355 -0.00163913 
2 5 5 1.63611 -0.0108673 -0.00182167 
3 5 5 1.64004 -0.0101643 -0.00176985 
4 5 5 1.64388 -0.00773931 -0.00145869 
5 5 5 1.64667 -0.00431435 -0.000945667 
6 5 5 1.64784 -0.000837599 -0.000351978 
7 5 5 1.64735 0.00192139 0.000193725 
8 5 5 1.64566 0.00363463 0.000580559 
9 5 5 1.64334 0.00437707 0.000716293 
10 5 5 1.64077 0.00438386 0.000615282 
11 5 5 1.63825 0.0038549 0.000459163 
12 5 5 1.63613 0.00297051 0.000388024 
13 5 5 1.63467 0.00195783 0.000373454 
14 5 5 1.63412 0.00104043 0.000329434 
15 5 5 1.63092 -0.00417608 -0.000611003 
0 6 6 2.25883 -0.00474059 -0.00322668 
1 6 6 2.24642 -0.00969352 -0.00414624 
2 6 6 2.2334 -0.0127901 -0.00460991 
3 6 6 2.22153 -0.0133905 -0.00449077 
4 6 6 2.21235 -0.0113013 -0.00374049 
5 6 6 2.20665 -0.00709466 -0.00249669 
6 6 6 2.20424 -0.00205924 -0.00108337 
7 6 6 2.20425 0.00240016 0.000144167 
8 6 6 2.20564 0.00544411 0.000960945 
9 6 6 2.20749 0.00695287 0.00128364 
10 6 6 2.20913 0.0072186 0.00118961 
11 6 6 2.21016 0.00660811 0.000931943 
12 6 6 2.21055 0.0054329 0.000703062 
13 6 6 2.21038 0.00394464 0.000516044 
14 6 6 2.20974 0.0022704 0.000285909 
15 6 6 2.20449 -0.00133378 -0.000647593 
0 7 7 2.62932 0.00269831 -0.00383882 
1 7 7 2.61107 -0.000566346 -0.00557351 
2 7 7 2.58725 -0.00324371 -0.00670004 
3 7 7 2.56096 -0.0048163 -0.00696017 
4 7 7 2.53614 -0.00486673 -0.00616589 
5 7 7 2.51667 -0.00336116 -0.00440759 
6 7 7 2.50509 -0.000827597 -0.00216707 
7 7 7 2.50158 0.00187662 -0.000108911 
8 7 7 2.5043 0.00405043 0.00129681 
9 7 7 2.51057 0.00539346 0.00191816 
10 7 7 2.51794 0.00592828 0.00190509 
11 7 7 2.52475 0.0058304 0.00156901 
12 7 7 2.53013 0.00528178 0.00114944 
13 7 7 2.5337 0.00442322 0.000714759 
14 7 7 2.53523 0.00335171 0.000236207 
15 7 7 2.53008 0.00163548 -0.000795119 
0 8 8 2.64947 0.00956884 -0.00361022 
1 8 8 2.63244 0.0103219 -0.00565046 
2 8 8 2.60903 0.0103538 -0.00702922 
3 8 8 2.58236 0.00957572 -0.0074415 
4 8 8 2.55657 0.00799546 -0.00666722 
5 8 8 2.53597 0.00586368 -0.00479909 
6 8 8 2.52355 0.00371133 -0.00236644 
7 8 8 2.5198 0.00210747 -0.000108133 
8 8 8 2.52297 0.00131615 0.00144969 
9 8 8 2.53028 0.00120854 0.00217336 
10 8 8 2.53913 0.00148127 0.00222323 
11 8 8 2.54765 0.00188258 0.00187574 
12 8 8 2.55475 0.00226558 0.00135748 
13 8 8 2.55986 0.00256466 0.000776911 
14 8 8 2.56264 0.00278727 0.000153639 
15 8 8 2.5583 0.00338162 -0.000972312 
0 9 9 2.32184 0.0145342 -0.0034792 
1 9 9 2.31083 0.0175475 -0.00499693 
2 9 9 2.2975 0.018761 -0.00582163 
3 9 9 2.28414 0.0177792 -0.00576549 
4 9 9 2.27305 0.0145994 -0.0047895 
5 9 9 2.26587 0.00990663 -0.00312259 
6 9 9 2.26309 0.00497989 -0.00124204 
7 9 9 2.2641 0.00106818 0.000346033 
8 9 9 2.26773 -0.00124264 0.00135125 
9 9 9 2.27271 -0.00209198 0.00174927 
10 9 9 2.27799 -0.00195052 0.00168032 
11 9 9 2.2828 -0.00126325 0.00133338 
12 9 9 2.28666 -0.000329006 0.000864521 
13 9 9 2.28934 0.000685436 0.000364391 
14 9 9 2.29074 0.00176183 -0.000146847 
15 9 9 2.28648 0.00448745 -0.00121621 
0 10 10 1.73909 0.0127354 -0.00253159 
1 10 10 1.74118 0.0148947 -0.00311774 
2 10 10 1.74388 0.015228 -0.00323442 
3 10 10 1.74717 0.0136117 -0.00286968 
4 10 10 1.75072 0.010384 -0.00211497 
5 10 10 1.75398 0.00636666 -0.00116845 
6 10 10 1.75651 0.00257232 -0.00027317 
7 10 10 1.75819 -0.000248036 0.000385076 
8 10 10 1.75922 -0.00185517 0.000735968 
9 10 10 1.75984 -0.00241991 0.000808453 
10 10 10 1.76026 -0.00226635 0.000682464 
11 10 10 1.76055 -0.00168775 0.000450494 
12 10 10 1.76076 -0.000896772 0.000188317 
13 10 10 1.76098 -4.93773e-05 -5.57727e-05 
14 10 10 1.76142 0.000773421 -0.000262964 
15 10 10 1.75864 0.00535409 -0.00124141 
0 11 11 0.967613 0.00473424 -0.000891937 
1 11 11 0.974515 0.00544702 -0.000969763 
2 11 11 0.981967 0.00543495 -0.000913546 
3 11 11 0.989009 0.00472181 -0.000745578 
4 11 11 0.99477 0.00349941 -0.000507362 
5 11 11 0.99871 0.00208011 -0.000254235 
6 11 11 1.00075 0.000783674 -4.069e-05 
7 11 11 1.00122 -0.000177755 9.99835e-05 
8 11 11 1.00062 -0.000742275 0.000159506 
9 11 11 0.999469 -0.000960203 0.00014902 
10 11 11 0.998163 -0.000925776 9.11649e-05 
11 11 11 0.996974 -0.000729137 1.58267e-05 
12 11 11 0.996078 -0.000448185 -5.30673e-05 
13 11 11 0.995577 -0.000173533 -9.91695e-05 
14 11 11 0.995577 -0.00033389 -5.30694e-05 
15 11 11 1.00028 0.00551921 -0.000976683 
0 12 12 0.432857 0.000869802 -0.000195277 
1 12 12 0.436649 0.00105374 -0.000194973 
2 12 12 0.440821 0.0010912 -0.000174101 
3 12 12 0.444796 0.000982252 -0.000139158 
4 12 12 0.448075 0.000760292 -9.5457e-05 
5 12 12 0.450351 0.000482624 -5.08793e-05 
6 12 12 0.451562 0.000212945 -1.46905e-05 
7 12 12 0.451851 -2.62663e-07 7.58961e-06 
8 12 12 0.451484 -0.000137092 1.37924e-05 
9 12 12 0.450745 -0.000202299 5.40499e-06 
10 12 12 0.449877 -0.000211484 -1.27121e-05 
11 12 12 0.449061 -0.000179548 -3.12063e-05 
12 12 12 0.448412 -0.000127296 -4.08515e-05 
13 12 12 0.447987 -7.94522e-05 -4.07467e-05 
14 12 12 0.447536 -0.0003243 2.89157e-05 
15 12 12 0.469864 0.00542109 -0.000779665 
0 13 13 0 0 0 
1 13 13 0 0 0 
2 13 13 0 0 0 
3 13 13 0 0 0 
4 13 13 0 0 0 
5 13 13 0 0 0 
6 13 13 0 0 0 
7 13 13 0 0 0 
8 13 13 0 0 0 
9 13 13 0 0 0 
10 13 13 0 0 0 
11 13 13 0 0 0 
12 13 13 0 0 0 
13 13 13 0 0 0 
14 13 13 0 0 0 
15 13 13 0 0 0 
0 14 14 0 0 0 
1 14 14 0 0 0 
2 14 14 0 0 0 
3 14 14 0 0 0 
4 14 14 0 0 0 
5 14 14 0 0 0 
6 14 14 0 0 0 
7 14 14 0 0 0 
8 14 14 0 0 0 
9 14 14 0 0 0 
10 14 14 0 0 0 
11 14 14 0 0 0 
12 14 14 0 0 0 
13 14 14 0 0 0 
14 14 14 0 0 0 
15 14 14 0 0 0 
0 15 15 0 0 0 
1 15 15 0 0 0 
2 15 15 0 0 0 
3 15 15 0 0 0 
4 15 15 0 0 0 
5 15 15 0 0 0 
6 15 15 0 0 0 
7 15 15 0 0 0 
8 15 15 0 0 0 
9 15 15 0 0 0 
10 15 15 0 0 0 
11 15 15 0 0 0 
12 15 15 0 0 0 
13 15 15 0 0 0 
14 15 15 0 0 0 
15 15 15 0 0 0 
0 0 0 0 0 0 
1 0 0 0 0 0 
2 0 0 0 0 0 
3 0 0 0 0 0 
4 0 0 0 0 0 
5 0 0 0 0 0 
6 0 0 0 0 0 
7 0 0 0 0 0 
8 0 0 0 0 0 
9 0 0 0 0 0 
10 0 0 0 0 0 
11 0 0 0 0 0 
12 0 0 0 0 0 
13 0 0 0 0 0 
14 0 0 0 0 0 
15 0 0 0 0 0 
0 1 1 0 0 0 
1 1 1 0 0 0 
2 1 1 0 0 0 
3 1 1 0 0 0 
4 1 1 0 0 0 
5 1 1 0 0 0 
6 1 1 0 0 0 
7 1 1 0 0 0 
8 1 1 0 0 0 
9 1 1 0 0 0 
10 1 1 0 0 0 
11 1 1 0 0 0 
12 1 1 0 0 0 
13 1 1 0 0 0 
14 1 1 0 0 0 
15 1 1 0 0 0 
0 2 2 0 0 0 
1 2 2 0 0 0 
2 2 2 0 0 0 
3 2 2 0 0 0 
4 2 2 0 0 0 
5 2 2 0 0 0 
6 2 2 0 0 0 
7 2 2 0 0 0 
8 2 2 0 0 0 
9 2 2 0 0 0 
10 2 2 0 0 0 
11 2 2 0 0 0 
12 2 2 0 0 0 
13 2 2 0 0 0 
14 2 2 0 0 0 
15 2 2 0 0 0 
0 3 3 0.278141 -0.000283907 -2.74789e-05 
1 3 3 0.280172 -0.000441399 1.11788e-05 
2 3 3 0.282626 -0.000517923 3.4236e-05 
3 3 3 0.285078 -0.000505962 4.83773e-05 
4 3 3 0.28716 -0.000414732 4.91346e-05 
5 3 3 0.288617 -0.000273669 4.48476e-05 
6 3 3 0.289363 -0.000121288 3.84655e-05 
7 3 3 0.289467 9.6081e-06 2.74637e-05 
8 3 3 0.289105 0.000101308 3.47995e-06 
9 3 3 0.288457 0.000151065 -3.40221e-05 
10 3 3 0.287684 0.000165314 -7.13206e-05 
11 3 3 0.286926 0.000152768 -8.76019e-05 
12 3 3 0.286291 0.000123898 -7.81424e-05 
13 3 3 0.285827 9.96145e-05 -5.78753e-05 
14 3 3 0.285287 0.000317704 -4.32254e-05 
15 3 3 0.302521 -0.00479938 0.000317303 
0 4 4 0.825785 -0.00238117 0.000126965 
1 4 4 0.830984 -0.00326046 0.000295308 
2 4 4 0.837049 -0.00354351 0.000386061 
3 4 4 0.842893 -0.00321898 0.000393758 
4 4 4 0.847576 -0.00241151 0.000331933 
5 4 4 0.850508 -0.00135858 0.000231624 
6 4 4 0.851578 -0.000327265 0.000126149 
7 4 4 0.85109 0.000485496 3.10883e-05 
8 4 4 0.849571 0.000997122 -6.04938e-05 
9 4 4 0.847539 0.0012223 -0.000159331 
10 4 4 0.845403 0.00122205 -0.000251437 
11 4 4 0.843466 0.00106341 -0.000298828 
12 4 4 0.841945 0.0008128 -0.000283133 
13 4 4 0.840951 0.000567158 -0.000231267 
14 4 4 0.840491 0.000856508 -0.000251699 
15 4 4 0.850219 -0.00506979 0.000512471 
0 5 5 1.63115 -0.00650604 0.00117746 
1 5 5 1.63258 -0.00953819 0.00169503 
2 5 5 1.63563 -0.01082 0.00194141 
3 5 5 1.63956 -0.0101414 0.0018605 
4 5 5 1.64342 -0.00773808 0.00148499 
5 5 5 1.64623 -0.00432099 0.000937088 
6 5 5 1.64738 -0.000835811 0.00037656 
7 5 5 1.64685 0.0019455 -7.80997e-05 
8 5 5 1.64508 0.00368073 -0.000394879 
9 5 5 1.64264 0.00441411 -0.000605185 
10 5 5 1.64001 0.0043753 -0.000734873 
11 5 5 1.63756 0.00381267 -0.000770672 
12 5 5 1.63552 0.0029425 -0.000698159 
13 5 5 1.63409 0.00196647 -0.000547422 
14 5 5 1.63351 0.00106617 -0.000385605 
15 5 5 1.63029 -0.00415815 0.000578669 
0 6 6 2.25805 -0.00472072 0.00275232 
1 6 6 2.24564 -0.00964692 0.00391456 
2 6 6 2.23263 -0.0127353 0.00457323 
3 6 6 2.2208 -0.0133452 0.00455509 
4 6 6 2.21166 -0.011274 0.00381851 
5 6 6 2.20599 -0.00708516 0.0025454 
6 6 6 2.20359 -0.00206216 0.00111301 
7 6 6 2.20358 0.0023931 -9.84585e-05 
8 6 6 2.20488 0.0054397 -0.000902096 
9 6 6 2.2066 0.00694914 -0.00132512 
10 6 6 2.20813 0.00720736 -0.0014717 
11 6 6 2.20916 0.00659189 -0.00141471 
12 6 6 2.20958 0.00542788 -0.00119617 
13 6 6 2.20944 0.00396294 -0.000863265 
14 6 6 2.20879 0.00230551 -0.000449293 
15 6 6 2.20353 -0.00130011 0.000600712 
0 7 7 2.62858 0.0027255 0.00326632 
1 7 7 2.61031 -0.000543843 0.0051758 
2 7 7 2.58649 -0.00322405 0.00648379 
3 7 7 2.56024 -0.00479727 0.00688851 
4 7 7 2.53546 -0.00484805 0.00618213 
5 7 7 2.51605 -0.00334597 0.00446236 
6 7 7 2.5045 -0.000822444 0.00223612 
7 7 7 2.50099 0.00186563 0.000182747 
8 7 7 2.50365 0.0040243 -0.00124924 
9 7 7 2.50981 0.00536907 -0.00199796 
10 7 7 2.51708 0.00592797 -0.00221793 
11 7 7 2.52385 0.00585345 -0.00207882 
12 7 7 2.52922 0.00531139 -0.00170172 
13 7 7 2.53276 0.00444711 -0.00117511 
14 7 7 2.53427 0.00336688 -0.000548903 
15 7 7 2.52911 0.00164356 0.000609645 
0 8 8 2.64904 0.00961985 0.00312401 
1 8 8 2.63198 0.0103406 0.0052941 
2 8 8 2.60855 0.0103476 0.00682301 
3 8 8 2.58189 0.00955889 0.00736939 
4 8 8 2.55613 0.00798137 0.00668897 
5 8 8 2.53557 0.00585776 0.00486736 
6 8 8 2.52318 0.00371016 0.00244363 
7 8 8 2.51945 0.00210326 0.000165521 
8 8 8 2.52258 0.00130722 -0.00144742 
9 8 8 2.52982 0.00120993 -0.00228739 
10 8 8 2.53859 0.00151113 -0.00250405 
11 8 8 2.54707 0.00193611 -0.00229495 
12 8 8 2.55414 0.00231726 -0.00181692 
13 8 8 2.55922 0.00259322 -0.00118332 
14 8 8 2.56197 0.00278827 -0.000457981 
15 8 8 2.5576 0.0033647 0.000766954 
0 9 9 2.32166 0.0145671 0.00313154 
1 9 9 2.31062 0.0175438 0.00478854 
2 9 9 2.29727 0.0187316 0.00575604 
3 9 9 2.28391 0.0177423 0.00581 
4 9 9 2.27283 0.0145719 0.00488889 
5 9 9 2.26568 0.00989637 0.00321892 
6 9 9 2.26291 0.00498457 0.00129363 
7 9 9 2.26393 0.00107979 -0.000360651 
8 9 9 2.26753 -0.0012288 -0.00144112 
9 9 9 2.27246 -0.00207084 -0.00192367 
10 9 9 2.2777 -0.00191546 -0.00193994 
11 9 9 2.28247 -0.00121959 -0.00164676 
12 9 9 2.28631 -0.000293807 -0.00117261 
13 9 9 2.28897 0.000697517 -0.000614281 
14 9 9 2.29034 0.00174919 -1.78435e-05 
15 9 9 2.28606 0.00446117 0.00112473 
0 10 10 1.73901 0.0127278 0.00244375 
1 10 10 1.74107 0.0148682 0.00312961 
2 10 10 1.74377 0.0151946 0.00331689 
3 10 10 1.74706 0.0135851 0.00297442 
4 10 10 1.75062 0.0103725 0.00219454 
5 10 10 1.75389 0.00637041 0.00119466 
6 10 10 1.75642 0.00258534 0.000241827 
7 10 10 1.7581 -0.000233928 -0.000460325 
8 10 10 1.7591 -0.00184448 -0.000837477 
9 10 10 1.75969 -0.00241093 -0.000925825 
10 10 10 1.76008 -0.00225517 -0.000811242 
11 10 10 1.76035 -0.00167604 -0.000577687 
12 10 10 1.76056 -0.000890627 -0.00029164 
13 10 10 1.76077 -5.39319e-05 -9.18174e-06 
14 10 10 1.76121 0.000759828 0.000236719 
15 10 10 1.75842 0.00533908 0.00123652 
0 11 11 0.967548 0.00472099 0.000939327 
1 11 11 0.974445 0.00543044 0.00103913 
2 11 11 0.981894 0.00542115 0.000981437 
3 11 11 0.988937 0.00471485 0.000789758 
4 11 11 0.994701 0.00349894 0.000519059 
5 11 11 0.998643 0.00208353 0.000240137 
6 11 11 1.00069 0.000787671 1.50687e-05 
7 11 11 1.00114 -0.000176264 -0.000122729 
8 11 11 1.00053 -0.000743891 -0.000172772 
9 11 11 0.999363 -0.000962349 -0.00015701 
10 11 11 0.998049 -0.000926156 -0.00010364 
11 11 11 0.99686 -0.000728574 -3.3843e-05 
12 11 11 0.995966 -0.000447854 3.71731e-05 
13 11 11 0.995467 -0.000174889 8.64721e-05 
14 11 11 0.995466 -0.000335973 3.96258e-05 
15 11 11 1.00017 0.00551883 0.000958926 
0 12 12 0.432816 0.000864622 0.000228391 
1 12 12 0.436605 0.00104798 0.000228253 
2 12 12 0.440774 0.00108752 0.000200923 
3 12 12 0.444751 0.000980876 0.000153587 
4 12 12 0.448031 0.000759992 9.97537e-05 
5 12 12 0.450306 0.000482298 5.13225e-05 
6 12 12 0.451514 0.000212337 1.72795e-05 
7 12 12 0.451799 -1.80591e-06 3.21035e-07 
8 12 12 0.451426 -0.000139224 -2.22344e-06 
9 12 12 0.450685 -0.000203567 3.37073e-06 
10 12 12 0.449819 -0.000210927 1.13656e-05 
11 12 12 0.449005 -0.000179219 1.99262e-05 
12 12 12 0.448356 -0.000126085 2.86729e-05 
13 12 12 0.447932 -7.85297e-05 2.67492e-05 
14 12 12 0.447479 -0.000323635 -4.556e-05 
15 12 12 0.469804 0.00542291 0.000759875 
0 13 13 0 0 0 
1 13 13 0 0 0 
2 13 13 0 0 0 
3 13 13 0 0 0 
4 13 13 0 0 0 
5 13 13 0 0 0 
6 13 13 0 0 0 
7 13 13 0 0 0 
8 13 13 0 0 0 
9 13 13 0 0 0 
10 13 13 0 0 0 
11 13 13 0 0 0 
12 13 13 0 0 0 
13 13 13 0 0 0 
14 13 13 0 0 0 
15 13 13 0 0 0 
0 14 14 0 0 0 
1 14 14 0 0 0 
2 14 14 0 0 0 
3 14 14 0 0 0 
4 14 14 0 0 0 
5 14 14 0 0 0 
6 14 14 0 0 0 
7 14 14 0 0 0 
8 14 14 0 0 0 
9 14 14 0 0 0 
10 14 14 0 0 0 
11 14 14 0 0 0 
12 14 14 0 0 0 
13 14 14 0 0 0 
14 14 14 0 0 0 
15 14 14 0 0 0 
0 15 15 0 0 0 
1 15 15 0 0 0 
2 15 15 0 0 0 
3 15 15 0 0 0 
4 15 15 0 0 0 
5 15 15 0 0 0 
6 15 15 0 0 0 
7 15 15 0 0 0 
8 15 15 0 0 0 
9 15 15 0 0 0 
10 15 15 0 0 0 
11 15 15 0 0 0 
12 15 15 0 0 0 
13 15 15 0 0 0 
14 15 15 0 0 0 
15 15 15 0 0 0 
0 0 0 0 0 0 
1 0 0 0 0 0 
2 0 0 0 0 0 
3 0 0 0 0 0 
4 0 0 0 0 0 
5 0 0 0 0 0 
6 0 0 0 0 0 
7 0 0 0 0 0 
8 0 0 0 0 0 
9 0 0 0 0 0 
10 0 0 0 0 0 
11 0 0 0 0 0 
12 0 0 0 0 0 
13 0 0 0 0 0 
14 0 0 0 0 0 
15 0 0 0 0 0 
0 1 1 0 0 0 
1 1 1 0 0 0 
2 1 1 0 0 0 
3 1 1 0 0 0 
4 1 1 0 0 0 
5 1 1 0 0 0 
6 1 1 0 0 0 
7 1 1 0 0 0 
8 1 1 0 0 0 
9 1 1 0 0 0 
10 1 1 0 0 0 
11 1 1 0 0 0 
12 1 1 0 0 0 
13 1 1 0 0 0 
14 1 1 0 0 0 
15 1 1 0 0 0 
0 2 2 0 0 0 
1 2 2 0 0 0 
2 2 2 0 0 0 
3 2 2 0 0 0 
4 2 2 0 0 0 
5 2 2 0 0 0 
6 2 2 0 0 0 
7 2 2 0 0 0 
8 2 2 0 0 0 
9 2 2 0 0 0 
10 2 2 0 0 0 
11 2 2 0 0 0 
12 2 2 0 0 0 
13 2 2 0 0 0 
14 2 2 0 0 0 
15 2 2 0 0 0 
0 3 3 0.217238 -0.000206966 -0.000106406 
1 3 3 0.2188 -0.000285554 -3.45808e-05 
2 3 3 0.220727 -0.000316617 2.38742e-05 
3 3 3 0.222693 -0.000303745 6.36018e-05 
4 3 3 0.224416 -0.000244739 7.45546e-05 
5 3 3 0.225648 -0.000160274 6.39977e-05 
6 3 3 0.226312 -7.23931e-05 3.94299e-05 
7 3 3 0.226451 6.47777e-07 7.92789e-06 
8 3 3 0.226198 4.8951e-05 -2.93669e-05 
9 3 3 0.225705 7.11549e-05 -6.64295e-05 
10 3 3 0.225107 7.31923e-05 -9.57596e-05 
11 3 3 0.224515 6.26327e-05 -0.000109304 
12 3 3 0.224007 4.60093e-05 -0.000105246 
13 3 3 0.223627 3.36512e-05 -9.25488e-05 
14 3 3 0.223218 0.000127022 -0.0001236 
15 3 3 0.228361 -0.00423487 0.00153801 
0 4 4 0.687621 -0.00176277 9.14132e-05 
1 4 4 0.692447 -0.00228504 0.000433463 
2 4 4 0.697992 -0.00240994 0.000659191 
3 4 4 0.703302 -0.00214818 0.000730505 
4 4 4 0.707559 -0.00158972 0.000646764 
5 4 4 0.710265 -0.000890512 0.000451025 
6 4 4 0.711329 -0.000222447 0.000207317 
7 4 4 0.711012 0.000292459 -2.98326e-05 
8 4 4 0.709762 0.000603971 -0.000231705 
9 4 4 0.708041 0.000723299 -0.000387579 
10 4 4 0.706223 0.000696245 -0.000488329 
11 4 4 0.704576 0.000575076 -0.000524649 
12 4 4 0.703277 0.00040839 -0.000497822 
13 4 4 0.702405 0.000260042 -0.000438582 
14 4 4 0.701836 0.000611591 -0.000591033 
15 4 4 0.720409 -0.00483002 0.00165444 
0 5 5 1.34784 -0.00502088 0.00208557 
1 5 5 1.35254 -0.00684499 0.00305041 
2 5 5 1.35863 -0.00741634 0.00352648 
3 5 5 1.36497 -0.00668758 0.00341174 
4 5 5 1.37036 -0.00490568 0.00275464 
5 5 5 1.3739 -0.00259012 0.00175786 
6 5 5 1.37522 -0.000348169 0.00069484 
7 5 5 1.37454 0.00136676 -0.000213363 
8 5 5 1.37251 0.00237578 -0.000866634 
9 5 5 1.36983 0.0027288 -0.00126528 
10 5 5 1.36705 0.00258933 -0.00144671 
11 5 5 1.36456 0.00213535 -0.00144671 
12 5 5 1.36259 0.00152217 -0.00129931 
13 5 5 1.36129 0.000898778 -0.00106721 
14 5 5 1.36089 0.000526931 -0.000915534 
15 5 5 1.35655 -0.00456103 0.00201723 
0 6 6 1.94167 -0.00490948 0.0063963 
1 6 6 1.93719 -0.00841094 0.00858931 
2 6 6 1.9338 -0.0101986 0.00961722 
3 6 6 1.93189 -0.00995595 0.0092141 
4 6 6 1.9314 -0.00778904 0.00742727 
5 6 6 1.93182 -0.0043463 0.00472617 
6 6 6 1.93242 -0.000638701 0.00186425 
7 6 6 1.93266 0.00240964 -0.000487934 
8 6 6 1.93239 0.00432646 -0.00202551 
9 6 6 1.93167 0.00510239 -0.00279146 
10 6 6 1.93069 0.00498272 -0.00297687 
11 6 6 1.92959 0.00426783 -0.00276682 
12 6 6 1.9285 0.00322197 -0.00229514 
13 6 6 1.92753 0.00205521 -0.00166586 
14 6 6 1.92685 0.00087013 -0.000917951 
15 6 6 1.92284 -0.00250841 0.0020723 
0 7 7 2.27976 0.00122939 0.00918067 
1 7 7 2.26768 -0.00174339 0.0129039 
2 7 7 2.25447 -0.0038154 0.0149569 
3 7 7 2.24211 -0.0046229 0.0148288 
4 7 7 2.23235 -0.00402217 0.0123934 
5 7 7 2.22624 -0.00224855 0.00821603 
6 7 7 2.22378 9.41679e-05 0.00349922 
7 7 7 2.22413 0.00229927 -0.000503345 
8 7 7 2.22617 0.00387816 -0.00311427 
9 7 7 2.22888 0.00467116 -0.00433305 
10 7 7 2.23154 0.00475407 -0.00450745 
11 7 7 2.23371 0.00430369 -0.00401269 
12 7 7 2.23516 0.00351356 -0.00312553 
13 7 7 2.23584 0.00255524 -0.00202366 
14 7 7 2.23576 0.00154098 -0.000752902 
15 7 7 2.23074 -9.08059e-05 0.00238113 
0 8 8 2.30199 0.00775776 0.00958298 
1 8 8 2.29031 0.00736301 0.0138291 
2 8 8 2.27694 0.00666688 0.0162018 
3 8 8 2.26402 0.00570159 0.0161354 
4 8 8 2.25359 0.0045489 0.0134917 
5 8 8 2.24698 0.0033854 0.0088958 
6 8 8 2.2444 0.0024492 0.00368044 
7 8 8 2.24512 0.00190217 -0.000753164 
8 8 8 2.24794 0.00172356 -0.00362553 
9 8 8 2.25174 0.00174938 -0.00490736 
10 8 8 2.25565 0.00180205 -0.00497786 
11 8 8 2.25907 0.00178035 -0.00427302 
12 8 8 2.26166 0.00166694 -0.00313397 
13 8 8 2.26327 0.00150096 -0.00178817 
14 8 8 2.26385 0.00136355 -0.000312817 
15 8 8 2.25914 0.00182637 0.00291365 
0 9 9 2.00684 0.0109065 0.00861868 
1 9 9 2.00277 0.0123079 0.0116293 
2 9 9 1.99878 0.0125296 0.0129007 
3 9 9 1.99579 0.0114091 0.0121509 
4 9 9 1.99436 0.00907833 0.00952759 
5 9 9 1.99447 0.00606344 0.00573213 
6 9 9 1.99567 0.00312791 0.00182342 
7 9 9 1.99742 0.000895511 -0.00126722 
8 9 9 1.99935 -0.000418929 -0.00311185 
9 9 9 2.00126 -0.000955428 -0.00377463 
10 9 9 2.00299 -0.000983451 -0.00356449 
11 9 9 2.00444 -0.00073195 -0.00281643 
12 9 9 2.0055 -0.000341489 -0.0017984 
13 9 9 2.00618 0.000117006 -0.000703109 
14 9 9 2.00657 0.000669078 0.000399742 
15 9 9 2.00289 0.00326528 0.00347403 
0 10 10 1.46372 0.00796267 0.00545218 
1 10 10 1.4693 0.00920953 0.00652297 
2 10 10 1.47569 0.00935047 0.00658548 
3 10 10 1.4822 0.00832951 0.00566646 
4 10 10 1.48797 0.00637575 0.00402064 
5 10 10 1.49228 0.00398373 0.00209106 
6 10 10 1.49483 0.00172636 0.000355526 
7 10 10 1.49579 1.02841e-05 -0.000860653 
8 10 10 1.49564 -0.00103445 -0.00146662 
9 10 10 1.49491 -0.00148865 -0.00155256 
10 10 10 1.49399 -0.00151504 -0.0012853 
11 10 10 1.49313 -0.00126777 -0.000826888 
12 10 10 1.49248 -0.000864117 -0.000305019 
13 10 10 1.49215 -0.000410519 0.000172171 
14 10 10 1.4924 -7.39362e-05 0.000479402 
15 10 10 1.48937 0.00457516 0.00337823 
0 11 11 0.776641 0.00261386 0.0018371 
1 11 11 0.782768 0.0031148 0.00196574 
2 11 11 0.789375 0.00319731 0.00181632 
3 11 11 0.795579 0.00285623 0.00144431 
4 11 11 0.800609 0.00218663 0.000951447 
5 11 11 0.804007 0.00136204 0.000456452 
6 11 11 0.805722 0.00057167 6.20016e-05 
7 11 11 0.80603 -4.95141e-05 -0.000177688 
8 11 11 0.80538 -0.000448328 -0.000262757 
9 11 11 0.80423 -0.000637896 -0.00023006 
10 11 11 0.802947 -0.000664252 -0.000128621 
11 11 11 0.801786 -0.000578063 -4.11145e-07 
12 11 11 0.8009 -0.000425017 0.000122415 
13 11 11 0.800365 -0.000270671 0.000201046 
14 11 11 0.80015 -0.000594093 1.2645e-05 
15 11 11 0.817213 0.00483188 0.00245661 
0 12 12 0.291568 0.000330168 0.000334599 
1 12 12 0.294056 0.000453969 0.000322535 
2 12 12 0.296884 0.000511439 0.000275808 
3 12 12 0.299652 0.000490958 0.00020823 
4 12 12 0.301987 0.000402162 0.000136268 
5 12 12 0.303652 0.00027081 7.20042e-05 
6 12 12 0.304574 0.000131409 2.75949e-05 
7 12 12 0.304835 1.19805e-05 6.39361e-06 
8 12 12 0.304611 -7.19881e-05 5.68025e-06 
9 12 12 0.304105 -0.000118357 1.78077e-05 
10 12 12 0.303491 -0.000132943 3.4806e-05 
11 12 12 0.3029 -0.000124079 5.12192e-05 
12 12 12 0.302413 -9.98145e-05 6.32288e-05 
13 12 12 0.302071 -7.55519e-05 6.12184e-05 
14 12 12 0.301652 -0.000224874 -1.91114e-05 
15 12 12 0.317661 0.00475658 0.00196265 
0 13 13 0 0 0 
1 13 13 0 0 0 
2 13 13 0 0 0 
3 13 13 0 0 0 
4 13 13 0 0 0 
5 13 13 0 0 0 
6 13 13 0 0 0 
7 13 13 0 0 0 
8 13 13 0 0 0 
9 13 13 0 0 0 
10 13 13 0 0 0 
11 13 13 0 0 0 
12 13 13 0 0 0 
13 13 13 0 0 0 
14 13 13 0 0 0 
15 13 13 0 0 0 
0 14 14 0 0 0 
1 14 14 0 0 0 
2 14 14 0 0 0 
3 14 14 0 0 0 
4 14 14 0 0 0 
5 14 14 0 0 0 
6 14 14 0 0 0 
7 14 14 0 0 0 
8 14 14 0 0 0 
9 14 14 0 0 0 
10 14 14 0 0 0 
11 14 14 0 0 0 
12 14 14 0 0 0 
13 14 14 0 0 0 
14 14 14 0 0 0 
15 14 14 0 0 0 
0 15 15 0 0 0 
1 15 15 0 0 0 
2 15 15 0 0 0 
3 15 15 0 0 0 
4 15 15 0 0 0 
5 15 15 0 0 0 
6 15 15 0 0 0 
7 15 15 0 0 0 
8 15 15 0 0 0 
9 15 15 0 0 0 
10 15 15 0 0 0 
11 15 15 0 0 0 
12 15 15 0 0 0 
13 15 15 0 0 0 
14 15 15 0 0 0 
15 15 15 0 0 0 
0 0 0 0 0 0 
1 0 0 0 0 0 
2 0 0 0 0 0 
3 0 0 0 0 0 
4 0 0 0 0 0 
5 0 0 0 0 0 
6 0 0 0 0 0 
7 0 0 0 0 0 
8 0 0 0 0 0 
9 0 0 0 0 0 
10 0 0 0 0 0 
11 0 0 0 0 0 
12 0 0 0 0 0 
13 0 0 0 0 0 
14 0 0 0 0 0 
15 0 0 0 0 0 
0 1 1 0 0 0 
1 1 1 0 0 0 
2 1 1 0 0 0 
3 1 1 0 0 0 
4 1 1 0 0 0 
5 1 1 0 0 0 
6 1 1 0 0 0 
7 1 1 0 0 0 
8 1 1 0 0 0 
9 1 1 0 0 0 
10 1 1 0 0 0 
11 1 1 0 0 0 
12 1 1 0 0 0 
13 1 1 0 0 0 
14 1 1 0 0 0 
15 1 1 0 0 0 
0 2 2 0 0 0 
1 2 2 0 0 0 
2 2 2 0 0 0 
3 2 2 0 0 0 
4 2 2 0 0 0 
5 2 2 0 0 0 
6 2 2 0 0 0 
7 2 2 0 0 0 
8 2 2 0 0 0 
9 2 2 0 0 0 
10 2 2 0 0 0 
11 2 2 0 0 0 
12 2 2 0 0 0 
13 2 2 0 0 0 
14 2 2 0 0 0 
15 2 2 0 0 0 
0 3 3 0 0 0 
1 3 3 0 0 0 
2 3 3 0 0 0 
3 3 3 0 0 0 
4 3 3 0 0 0 
5 3 3 0 0 0 
6 3 3 0 0 0 
7 3 3 0 0 0 
8 3 3 0 0 0 
9 3 3 0 0 0 
10 3 3 0 0 0 
11 3 3 0 0 0 
12 3 3 0 0 0 
13 3 3 0 0 0 
14 3 3 0 0 0 
15 3 3 0 0 0 
0 4 4 0.438958 -0.000904845 -0.000148951 
1 4 4 0.442277 -0.0010498 0.000126231 
2 4 4 0.44614 -0.00104057 0.000332716 
3 4 4 0.449899 -0.00089463 0.000432261 
4 4 4 0.452993 -0.000651984 0.000415146 
5 4 4 0.455071 -0.000374381 0.000304394 
6 4 4 0.456037 -0.000123443 0.000143002 
7 4 4 0.456033 5.91522e-05 -2.56032e-05 
8 4 4 0.455342 0.00015881 -0.00017412 
9 4 4 0.454276 0.000182803 -0.000288322 
10 4 4 0.453096 0.00015386 -0.000359825 
11 4 4 0.451994 9.6825e-05 -0.000385864 
12 4 4 0.451094 3.3103e-05 -0.000370055 
13 4 4 0.450451 -1.08396e-05 -0.000334124 
14 4 4 0.449787 0.000255355 -0.000501849 
15 4 4 0.470791 -0.00438192 0.00279303 
0 5 5 0.852637 -0.00278103 0.000955146 
1 5 5 0.858105 -0.00330522 0.00167016 
2 5 5 0.86442 -0.00328034 0.00206887 
3 5 5 0.870502 -0.00276006 0.00207922 
4 5 5 0.875396 -0.00190333 0.00172571 
5 5 5 0.878502 -0.000940106 0.00112903 
6 5 5 0.879696 -9.19771e-05 0.000457346 
7 5 5 0.879279 0.000498682 -0.000145976 
8 5 5 0.877785 0.000793764 -0.00060269 
9 5 5 0.875769 0.000833058 -0.000894568 
10 5 5 0.873674 0.000695794 -0.00103312 
11 5 5 0.871808 0.000463553 -0.0010407 
12 5 5 0.870353 0.000205131 -0.000945134 
13 5 5 0.869393 -6.58379e-06 -0.000803609 
14 5 5 0.868927 0.000198552 -0.00098658 
15 5 5 0.877125 -0.00394429 0.00312423 
0 6 6 1.36427 -0.00420189 0.00447349 
1 6 6 1.36905 -0.00542114 0.00604394 
2 6 6 1.37514 -0.0056089 0.00668309 
3 6 6 1.38147 -0.00480795 0.00626491 
4 6 6 1.38692 -0.00327821 0.00491677 
5 6 6 1.3906 -0.00145617 0.00302394 
6 6 6 1.39213 0.000193459 0.00108716 
7 6 6 1.39174 0.00134786 -0.000500518 
8 6 6 1.39002 0.00190639 -0.00156695 
9 6 6 1.38765 0.0019432 -0.00212758 
10 6 6 1.38517 0.00161746 -0.00228196 
11 6 6 1.38295 0.00109577 -0.00213983 
12 6 6 1.3812 0.00051709 -0.00179681 
13 6 6 1.38005 -9.75816e-07 -0.00136114 
14 6 6 1.37972 -0.000287246 -0.00106833 
15 6 6 1.37541 -0.00338835 0.00389649 
0 7 7 1.67538 -0.00190714 0.00865569 
1 7 7 1.67695 -0.00325307 0.0112149 
2 7 7 1.6798 -0.00369634 0.0121335 
3 7 7 1.68348 -0.00324522 0.011212 
4 7 7 1.68723 -0.00209139 0.00867589 
5 7 7 1.69024 -0.000599271 0.00521439 
6 7 7 1.69192 0.000806923 0.00174801 
7 7 7 1.69218 0.00180123 -0.000989435 
8 7 7 1.69136 0.00225183 -0.00269674 
9 7 7 1.68993 0.00220129 -0.00344608 
10 7 7 1.68831 0.00179005 -0.00347684 
11 7 7 1.68679 0.00118282 -0.00303438 
12 7 7 1.68553 0.000526235 -0.00231437 
13 7 7 1.68464 -6.50921e-05 -0.00148018 
14 7 7 1.68436 -0.000510809 -0.000658126 
15 7 7 1.68125 -0.00181635 0.00423931 
0 8 8 1.70063 0.00191456 0.0100913 
1 8 8 1.70229 0.00153557 0.0128258 
2 8 8 1.70503 0.00138455 0.0136602 
3 8 8 1.70856 0.00139042 0.0124294 
4 8 8 1.71226 0.00146775 0.00944086 
5 8 8 1.71536 0.00153932 0.00550262 
6 8 8 1.71732 0.0015504 0.00165078 
7 8 8 1.71803 0.00146439 -0.00130559 
8 8 8 1.71777 0.00126138 -0.00305162 
9 8 8 1.71695 0.000946573 -0.00369427 
10 8 8 1.71594 0.000555258 -0.00353168 
11 8 8 1.71495 0.00014704 -0.00286825 
12 8 8 1.71412 -0.000213378 -0.00194604 
13 8 8 1.71355 -0.000476408 -0.000956434 
14 8 8 1.71348 -0.000609088 -2.44024e-05 
15 8 8 1.71049 0.000102516 0.00483521 
0 9 9 1.44227 0.00352277 0.00799722 
1 9 9 1.44759 0.00409291 0.00967362 
2 9 9 1.45387 0.00432617 0.00988282 
3 9 9 1.46033 0.00411163 0.00862967 
4 9 9 1.46602 0.00346363 0.00625844 
5 9 9 1.47017 0.00253264 0.00340688 
6 9 9 1.47245 0.00153826 0.000783051 
7 9 9 1.47303 0.000661632 -0.00111793 
8 9 9 1.47243 -1.42453e-05 -0.00214276 
9 9 9 1.47122 -0.000485256 -0.00240329 
10 9 9 1.46984 -0.000779276 -0.00212733 
11 9 9 1.46858 -0.000922037 -0.00154141 
12 9 9 1.4676 -0.000931498 -0.000825538 
13 9 9 1.46702 -0.000839771 -0.000134685 
14 9 9 1.4671 -0.000736449 0.000322329 
15 9 9 1.46377 0.00201629 0.0051819 
0 10 10 0.930322 0.00213821 0.00390655 
1 10 10 0.936813 0.00273582 0.00437652 
2 10 10 0.943915 0.00298795 0.00420497 
3 10 10 0.950662 0.00283315 0.00347293 
4 10 10 0.956174 0.00231518 0.00238402 
5 10 10 0.959898 0.001574 0.00121362 
6 10 10 0.961745 0.000790789 0.000220556 
7 10 10 0.962015 0.000112542 -0.000440112 
8 10 10 0.961219 -0.000386384 -0.000742831 
9 10 10 0.959878 -0.000695061 -0.000752682 
10 10 10 0.958407 -0.000836713 -0.000572301 
11 10 10 0.957084 -0.000844251 -0.000297662 
12 10 10 0.956076 -0.000751506 -3.80942e-06 
13 10 10 0.955469 -0.000615332 0.000229342 
14 10 10 0.955361 -0.00076943 5.11443e-05 
15 10 10 0.956633 0.00333926 0.0042176 
0 11 11 0.498557 0.000581478 0.00130992 
1 11 11 0.502813 0.000874438 0.00134839 
2 11 11 0.507481 0.00103021 0.00121653 
3 11 11 0.511907 0.00101916 0.000958894 
4 11 11 0.515529 0.000853387 0.000641286 
5 11 11 0.518006 0.000583778 0.000332405 
6 11 11 0.519277 0.000282986 9.13155e-05 
7 11 11 0.519515 1.32381e-05 -5.17775e-05 
8 11 11 0.51903 -0.000189259 -9.90335e-05 
9 11 11 0.518148 -0.000314541 -7.45047e-05 
10 11 11 0.517144 -0.00036927 -1.00109e-05 
11 11 11 0.516214 -0.00036676 6.73804e-05 
12 11 11 0.515479 -0.000322435 0.000137132 
13 11 11 0.514989 -0.000266539 0.000171028 
14 11 11 0.514512 -0.000541139 -8.97644e-05 
15 11 11 0.53559 0.00407279 0.00325335 
0 12 12 0.079726 4.4482e-06 9.72824e-05 
1 12 12 0.0803551 3.86428e-05 8.83514e-05 
2 12 12 0.0811199 6.40017e-05 7.17486e-05 
3 12 12 0.0819066 7.50934e-05 5.19411e-05 
4 12 12 0.0826026 7.06473e-05 3.33214e-05 
5 12 12 0.0831252 5.33216e-05 1.7825e-05 
6 12 12 0.0834379 2.96596e-05 8.40826e-06 
7 12 12 0.0835527 5.76671e-06 5.16529e-06 
8 12 12 0.0835151 -1.38656e-05 7.09233e-06 
9 12 12 0.0833825 -2.72106e-05 1.19932e-05 
10 12 12 0.0832071 -3.42094e-05 1.7605e-05 
11 12 12 0.0830291 -3.57761e-05 2.23018e-05 
12 12 12 0.0828743 -3.27316e-05 2.51637e-05 
13 12 12 0.0827573 -2.83432e-05 2.37477e-05 
14 12 12 0.0826162 -5.4265e-05 8.99093e-06 
15 12 12 0.081447 0.00193932 0.00136358 
0 13 13 0 0 0 
1 13 13 0 0 0 
2 13 13 0 0 0 
3 13 13 0 0 0 
4 13 13 0 0 0 
5 13 13 0 0 0 
6 13 13 0 0 0 
7 13 13 0 0 0 
8 13 13 0 0 0 
9 13 13 0 0 0 
10 13 13 0 0 0 
11 13 13 0 0 0 
12 13 13 0 0 0 
13 13 13 0 0 0 
14 13 13 0 0 0 
15 13 13 0 0 0 
0 14 14 0 0 0 
1 14 14 0 0 0 
2 14 14 0 0 0 
3 14 14 0 0 0 
4 14 14 0 0 0 
5 14 14 0 0 0 
6 14 14 0 0 0 
7 14 14 0 0 0 
8 14 14 0 0 0 
9 14 14 0 0 0 
10 14 14 0 0 0 
11 14 14 0 0 0 
12 14 14 0 0 0 
13 14 14 0 0 0 
14 14 14 0 0 0 
15 14 14 0 0 0 
0 15 15 0 0 0 
1 15 15 0 0 0 
2 15 15 0 0 0 
3 15 15 0 0 0 
4 15 15 0 0 0 
5 15 15 0 0 0 
6 15 15 0 0 0 
7 15 15 0 0 0 
8 15 15 0 0 0 
9 15 15 0 0 0 
10 15 15 0 0 0 
11 15 15 0 0 0 
12 15 15 0 0 0 
13 15 15 0 0 0 
14 15 15 0 0 0 
15 15 15 0 0 0 
0 0 0 0 0 0 
1 0 0 0 0 0 
2 0 0 0 0 0 
3 0 0 0 0 0 
4 0 0 0 0 0 
5 0 0 0 0 0 
6 0 0 0 0 0 
7 0 0 0 0 0 
8 0 0 0 0 0 
9 0 0 0 0 0 
10 0 0 0 0 0 
11 0 0 0 0 0 
12 0 0 0 0 0 
13 0 0 0 0 0 
14 0 0 0 0 0 
15 0 0 0 0 0 
0 1 1 0 0 0 
1 1 1 0 0 0 
2 1 1 0 0 0 
3 1 1 0 0 0 
4 1 1 0 0 0 
5 1 1 0 0 0 
6 1 1 0 0 0 
7 1 1 0 0 0 
8 1 1 0 0 0 
9 1 1 0 0 0 
10 1 1 0 0 0 
11 1 1 0 0 0 
12 1 1 0 0 0 
13 1 1 0 0 0 
14 1 1 0 0 0 
15 1 1 0 0 0 
0 2 2 0 0 0 
1 2 2 0 0 0 
2 2 2 0 0 0 
3 2 2 0 0 0 
4 2 2 0 0 0 
5 2 2 0 0 0 
6 2 2 0 0 0 
7 2 2 0 0 0 
8 2 2 0 0 0 
9 2 2 0 0 0 
10 2 2 0 0 0 
11 2 2 0 0 0 
12 2 2 0 0 0 
13 2 2 0 0 0 
14 2 2 0 0 0 
15 2 2 0 0 0 
0 3 3 0 0 0 
1 3 3 0 0 0 
2 3 3 0 0 0 
3 3 3 0 0 0 
4 3 3 0 0 0 
5 3 3 0 0 0 
6 3 3 0 0 0 
7 3 3 0 0 0 
8 3 3 0 0 0 
9 3 3 0 0 0 
10 3 3 0 0 0 
11 3 3 0 0 0 
12 3 3 0 0 0 
13 3 3 0 0 0 
14 3 3 0 0 0 
15 3 3 0 0 0 
0 4 4 0.0995675 -0.000164047 -9.17323e-05 
1 4 4 0.100277 -0.00016005 -3.87248e-05 
2 4 4 0.101173 -0.000141026 7.66778e-06 
3 4 4 0.102103 -0.000112061 3.91879e-05 
4 4 4 0.102922 -7.84795e-05 4.9835e-05 
5 4 4 0.103526 -4.73112e-05 4.22076e-05 
6 4 4 0.103866 -2.31656e-05 2.21543e-05 
7 4 4 0.103957 -9.0436e-06 -2.78099e-06 
8 4 4 0.103857 -4.78291e-06 -2.77235e-05 
9 4 4 0.103641 -8.81912e-06 -4.87061e-05 
10 4 4 0.103373 -1.70216e-05 -6.30735e-05 
11 4 4 0.103106 -2.56015e-05 -6.97506e-05 
12 4 4 0.102873 -3.1734e-05 -6.87269e-05 
13 4 4 0.102692 -3.28324e-05 -6.32667e-05 
14 4 4 0.102492 -4.57446e-06 -7.83256e-05 
15 4 4 0.101302 -0.00189615 0.00179693 
0 5 5 0.446666 -0.00119468 2.24455e-05 
1 5 5 0.45008 -0.00120189 0.000350928 
2 5 5 0.454031 -0.00106308 0.000576861 
3 5 5 0.457867 -0.000820168 0.000662059 
4 5 5 0.461025 -0.000534569 0.000598072 
5 5 5 0.463152 -0.000268396 0.000419675 
6 5 5 0.46415 -6.65571e-05 0.000188758 
7 5 5 0.464167 4.75913e-05 -3.75601e-05 
8 5 5 0.463489 7.74062e-05 -0.000222286 
9 5 5 0.462435 4.22909e-05 -0.000350781 
10 5 5 0.46127 -2.82063e-05 -0.000420005 
11 5 5 0.460186 -0.000106679 -0.00043531 
12 5 5 0.459305 -0.00017198 -0.000406214 
13 5 5 0.458676 -0.000202058 -0.000357957 
14 5 5 0.458026 2.09902e-05 -0.000581638 
15 5 5 0.479029 -0.00333863 0.00406572 
0 6 6 0.714673 -0.00217852 0.00119918 
1 6 6 0.719801 -0.00218959 0.00184512 
2 6 6 0.725594 -0.00189343 0.00215629 
3 6 6 0.731119 -0.00138977 0.00209113 
4 6 6 0.735564 -0.000808626 0.00168919 
5 6 6 0.738434 -0.000283799 0.0010721 
6 6 6 0.739635 8.68427e-05 0.000410734 
7 6 6 0.739435 0.000264734 -0.000160769 
8 6 6 0.738286 0.000267982 -0.000571451 
9 6 6 0.736665 0.000146869 -0.00081014 
10 6 6 0.734954 -3.66829e-05 -0.00089778 
11 6 6 0.73342 -0.000227191 -0.000866613 
12 6 6 0.732222 -0.000384027 -0.000751729 
13 6 6 0.73143 -0.000471415 -0.000611958 
14 6 6 0.730925 -0.000257091 -0.000913821 
15 6 6 0.750592 -0.00274404 0.00455457 
0 7 7 0.898077 -0.00215685 0.00299175 
1 7 7 0.904034 -0.00207648 0.00387831 
2 7 7 0.91075 -0.00167429 0.0041445 
3 7 7 0.917171 -0.00108444 0.00376899 
4 7 7 0.922361 -0.000460176 0.00287581 
5 7 7 0.925726 5.39455e-05 0.00171249 
6 7 7 0.927152 0.000360954 0.000568545 
7 7 7 0.926951 0.000438337 -0.000343514 
8 7 7 0.925659 0.000325085 -0.000933693 
9 7 7 0.923834 9.09233e-05 -0.00121467 
10 7 7 0.92192 -0.000188913 -0.00125042 
11 7 7 0.920219 -0.000449833 -0.0011143 
12 7 7 0.918909 -0.000647032 -0.000874592 
13 7 7 0.918074 -0.000752426 -0.000622298 
14 7 7 0.917756 -0.000660669 -0.000827439 
15 7 7 0.926264 -0.00172317 0.00500626 
0 8 8 0.919635 -0.00130499 0.0039309 
1 8 8 0.925851 -0.00101738 0.00473036 
2 8 8 0.932789 -0.000563247 0.00481543 
3 8 8 0.93941 -8.03627e-05 0.00420883 
4 8 8 0.944772 0.000309999 0.00309067 
5 8 8 0.948293 0.00052495 0.00175631 
6 8 8 0.949864 0.00054084 0.000517944 
7 8 8 0.949798 0.000387809 -0.00040969 
8 8 8 0.948631 0.000125875 -0.000953863 
9 8 8 0.946919 -0.000178398 -0.00115277 
10 8 8 0.945105 -0.000466957 -0.00109668 
11 8 8 0.94349 -0.000694828 -0.000879852 
12 8 8 0.942251 -0.000833749 -0.000583659 
13 8 8 0.941476 -0.000877592 -0.000306539 
14 8 8 0.941228 -0.000887793 -0.000519388 
15 8 8 0.948729 -6.15253e-05 0.00534405 
0 9 9 0.761812 -0.000437792 0.00311353 
1 9 9 0.767581 -2.04119e-06 0.0035371 
2 9 9 0.773919 0.000416883 0.00344976 
3 9 9 0.779905 0.000709883 0.00290763 
4 9 9 0.784735 0.00081401 0.00206307 
5 9 9 0.787929 0.000724237 0.0011276 
6 9 9 0.789421 0.00048815 0.000306169 
7 9 9 0.789486 0.000177725 -0.000271361 
8 9 9 0.788582 -0.000140751 -0.00057364 
9 9 9 0.787185 -0.000418851 -0.000640518 
10 9 9 0.785678 -0.000627926 -0.000545389 
11 9 9 0.784325 -0.000753302 -0.000360292 
12 9 9 0.783284 -0.000791028 -0.000143947 
13 9 9 0.782629 -0.000760916 3.16339e-05 
14 9 9 0.782308 -0.00087539 -0.000306468 
15 9 9 0.799094 0.00154725 0.00519368 
0 10 10 0.490398 -0.00013215 0.00145965 
1 10 10 0.494509 0.000201039 0.00155757 
2 10 10 0.499054 0.000468236 0.00145223 
3 10 10 0.503379 0.000609989 0.00118444 
4 10 10 0.506918 0.000604393 0.00082407 
5 10 10 0.509328 0.000470601 0.000452155 
6 10 10 0.510544 0.000259817 0.000143574 
7 10 10 0.510734 2.91559e-05 -5.76495e-05 
8 10 10 0.510203 -0.000177901 -0.000146874 
9 10 10 0.509279 -0.00033601 -0.000145132 
10 10 10 0.50824 -0.000436077 -8.72095e-05 
11 10 10 0.507278 -0.000477899 -4.76366e-06 
12 10 10 0.506513 -0.000467569 7.90268e-05 
13 10 10 0.505997 -0.000428666 0.000130776 
14 10 10 0.505483 -0.000620462 -0.000194701 
15 10 10 0.526446 0.00266555 0.00444283 
0 11 11 0.168379 -9.45695e-05 0.000307001 
1 11 11 0.16974 -4.06576e-06 0.000301549 
2 11 11 0.171362 7.19638e-05 0.000266343 
3 11 11 0.173003 0.000117572 0.000211034 
4 11 11 0.17443 0.000126313 0.000148262 
5 11 11 0.175479 0.000101197 8.78654e-05 
6 11 11 0.176086 5.55705e-05 4.1807e-05 
7 11 11 0.176282 3.21894e-06 1.5401e-05 
8 11 11 0.176169 -4.44519e-05 7.91776e-06 
9 11 11 0.175868 -8.11852e-05 1.44751e-05 
10 11 11 0.175486 -0.000103895 2.78048e-05 
11 11 11 0.175107 -0.000112914 4.21418e-05 
12 11 11 0.174783 -0.000109527 5.40843e-05 
13 11 11 0.174538 -9.94849e-05 5.54651e-05 
14 11 11 0.174233 -0.000141749 -1.59186e-05 
15 11 11 0.178173 0.00264719 0.00282401 
0 12 12 0 0 0 
1 12 12 0 0 0 
2 12 12 0 0 0 
3 12 12 0 0 0 
4 12 12 0 0 0 
5 12 12 0 0 0 
6 12 12 0 0 0 
7 12 12 0 0 0 
8 12 12 0 0 0 
9 12 12 0 0 0 
10 12 12 0 0 0 
11 12 12 0 0 0 
12 12 12 0 0 0 
13 12 12 0 0 0 
14 12 12 0 0 0 
15 12 12 0 0 0 
0 13 13 0 0 0 
1 13 13 0 0 0 
2 13 13 0 0 0 
3 13 13 0 0 0 
4 13 13 0 0 0 
5 13 13 0 0 0 
6 13 13 0 0 0 
7 13 13 0 0 0 
8 13 13 0 0 0 
9 13 13 0 0 0 
10 13 13 0 0 0 
11 13 13 0 0 0 
12 13 13 0 0 0 
13 13 13 0 0 0 
14 13 13 0 0 0 
15 13 13 0 0 0 
0 14 14 0 0 0 
1 14 14 0 0 0 
2 14 14 0 0 0 
3 14 14 0 0 0 
4 14 14 0 0 0 
5 14 14 0 0 0 
6 14 14 0 0 0 
7 14 14 0 0 0 
8 14 14 0 0 0 
9 14 14 0 0 0 
10 14 14 0 0 0 
11 14 14 0 0 0 
12 14 14 0 0 0 
13 14 14 0 0 0 
14 14 14 0 0 0 
15 14 14 0 0 0 
0 15 15 0 0 0 
1 15 15 0 0 0 
2 15 15 0 0 0 
3 15 15 0 0 0 
4 15 15 0 0 0 
5 15 15 0 0 0 
6 15 15 0 0 0 
7 15 15 0 0 0 
8 15 15 0 0 0 
9 15 15 0 0 0 
10 15 15 0 0 0 
11 15 15 0 0 0 
12 15 15 0 0 0 
13 15 15 0 0 0 
14 15 15 0 0 0 
15 15 15 0 0 0 
0 0 0 0 0 0 
1 0 0 0 0 0 
2 0 0 0 0 0 
3 0 0 0 0 0 
4 0 0 0 0 0 
5 0 0 0 0 0 
6 0 0 0 0 0 
7 0 0 0 0 0 
8 0 0 0 0 0 
9 0 0 0 0 0 
10 0 0 0 0 0 
11 0 0 0 0 0 
12 0 0 0 0 0 
13 0 0 0 0 0 
14 0 0 0 0 0 
15 0 0 0 0 0 
0 1 1 0 0 0 
1 1 1 0 0 0 
2 1 1 0 0 0 
3 1 1 0 0 0 
4 1 1 0 0 0 
5 1 1 0 0 0 
6 1 1 0 0 0 
7 1 1 0 0 0 
8 1 1 0 0 0 
9 1 1 0 0 0 
10 1 1 0 0 0 
11 1 1 0 0 0 
12 1 1 0 0 0 
13 1 1 0 0 0 
14 1 1 0 0 0 
15 1 1 0 0 0 
0 2 2 0 0 0 
1 2 2 0 0 0 
2 2 2 0 0 0 
3 2 2 0 0 0 
4 2 2 0 0 0 
5 2 2 0 0 0 
6 2 2 0 0 0 
7 2 2 0 0 0 
8 2 2 0 0 0 
9 2 2 0 0 0 
10 2 2 0 0 0 
11 2 2 0 0 0 
12 2 2 0 0 0 
13 2 2 0 0 0 
14 2 2 0 0 0 
15 2 2 0 0 0 
0 3 3 0 0 0 
1 3 3 0 0 0 
2 3 3 0 0 0 
3 3 3 0 0 0 
4 3 3 0 0 0 
5 3 3 0 0 0 
6 3 3 0 0 0 
7 3 3 0 0 0 
8 3 3 0 0 0 
9 3 3 0 0 0 
10 3 3 0 0 0 
11 3 3 0 0 0 
12 3 3 0 0 0 
13 3 3 0 0 0 
14 3 3 0 0 0 
15 3 3 0 0 0 
0 4 4 0 0 0 
1 4 4 0 0 0 
2 4 4 0 0 0 
3 4 4 0 0 0 
4 4 4 0 0 0 
5 4 4 0 0 0 
6 4 4 0 0 0 
7 4 4 0 0 0 
8 4 4 0 0 0 
9 4 4 0 0 0 
10 4 4 0 0 0 
11 4 4 0 0 0 
12 4 4 0 0 0 
13 4 4 0 0 0 
14 4 4 0 0 0 
15 4 4 0 0 0 
0 5 5 0 0 0 
1 5 5 0 0 0 
2 5 5 0 0 0 
3 5 5 0 0 0 
4 5 5 0 0 0 
5 5 5 0 0 0 
6 5 5 0 0 0 
7 5 5 0 0 0 
8 5 5 0 0 0 
9 5 5 0 0 0 
10 5 5 0 0 0 
11 5 5 0 0 0 
12 5 5 0 0 0 
13 5 5 0 0 0 
14 5 5 0 0 0 
15 5 5 0 0 0 
0 6 6 0.218848 -0.000543893 1.17713e-05 
1 6 6 0.220501 -0.000449437 0.000144128 
2 6 6 0.222471 -0.000323222 0.0002336 
3 6 6 0.224441 -0.000199903 0.000271943 
4 6 6 0.226163 -9.71088e-05 0.000248361 
5 6 6 0.227382 -3.12494e-05 0.000175619 
6 6 6 0.228031 -6.95427e-06 8.31553e-05 
7 6 6 0.228166 -1.78806e-05 -7.30273e-06 
8 6 6 0.227919 -5.16725e-05 -7.96694e-05 
9 6 6 0.22745 -9.62603e-05 -0.000128915 
10 6 6 0.226897 -0.000139324 -0.000153836 
11 6 6 0.226362 -0.000171416 -0.000157845 
12 6 6 0.225909 -0.000186845 -0.000145336 
13 6 6 0.225575 -0.000183082 -0.000126804 
14 6 6 0.225214 -0.000118514 -0.000199635 
15 6 6 0.228807 -0.00191605 0.0040832 
0 7 7 0.379415 -0.00092077 0.000409539 
1 7 7 0.382456 -0.000707495 0.000642365 
2 7 7 0.385948 -0.0004539 0.000758228 
3 7 7 0.389348 -0.000224558 0.000742374 
4 7 7 0.392181 -5.46297e-05 0.00060964 
5 7 7 0.394141 3.25101e-05 0.00039926 
6 7 7 0.395133 3.69549e-05 0.000171056 
7 7 7 0.395272 -2.02711e-05 -2.72571e-05 
8 7 7 0.394798 -0.000111423 -0.00016877 
9 7 7 0.39398 -0.000210904 -0.000249223 
10 7 7 0.393048 -0.000298001 -0.000276342 
11 7 7 0.39217 -0.000357573 -0.000262826 
12 7 7 0.391449 -0.000381578 -0.000222466 
13 7 7 0.390932 -0.000370573 -0.000181268 
14 7 7 0.390349 -0.000281658 -0.000409204 
15 7 7 0.410262 -0.00119324 0.00516588 
0 8 8 0.393363 -0.000915695 0.00074768 
1 8 8 0.396575 -0.000679438 0.000919383 
2 8 8 0.40024 -0.000410195 0.00095733 
3 8 8 0.403799 -0.000171097 0.000863421 
4 8 8 0.406755 -3.56625e-06 0.000667661 
5 8 8 0.408801 7.08773e-05 0.000419028 
6 8 8 0.409844 5.91494e-05 0.000177293 
7 8 8 0.410005 -1.42729e-05 -1.35065e-05 
8 8 8 0.409533 -0.000119095 -0.000134089 
9 8 8 0.408705 -0.000227848 -0.0001878 
10 8 8 0.40776 -0.000319986 -0.000189891 
11 8 8 0.406871 -0.000381035 -0.000158121 
12 8 8 0.406144 -0.000403172 -0.00010908 
13 8 8 0.405626 -0.00038734 -7.08202e-05 
14 8 8 0.405036 -0.000366296 -0.000338392 
15 8 8 0.426786 0.000280716 0.00518249 
0 9 9 0.26506 -0.000539542 0.000521039 
1 9 9 0.267196 -0.000366305 0.00057571 
2 9 9 0.26968 -0.00018357 0.00055848 
3 9 9 0.272132 -3.2842e-05 0.000478894 
4 9 9 0.27421 6.04642e-05 0.000357407 
5 9 9 0.275684 8.66658e-05 0.000220069 
6 9 9 0.276479 5.66786e-05 9.74564e-05 
7 9 9 0.276664 -9.05159e-06 9.04172e-06 
8 9 9 0.2764 -8.90498e-05 -3.90007e-05 
9 9 9 0.275876 -0.000164482 -5.20415e-05 
10 9 9 0.275256 -0.000224562 -4.09395e-05 
11 9 9 0.274661 -0.000261164 -1.71596e-05 
12 9 9 0.274166 -0.000270391 1.02189e-05 
13 9 9 0.27381 -0.000255915 2.64e-05 
14 9 9 0.273427 -0.000264466 -9.98028e-05 
15 9 9 0.283521 0.0016122 0.00478967 
0 10 10 0.086342 -0.000129935 0.000129846 
1 10 10 0.087006 -7.86802e-05 0.000131264 
2 10 10 0.087819 -2.82114e-05 0.000119428 
3 10 10 0.0886565 1.0584e-05 9.7816e-05 
4 10 10 0.0893974 3.10851e-05 7.09949e-05 
5 10 10 0.0899485 3.29629e-05 4.42277e-05 
6 10 10 0.0902739 1.95066e-05 2.21912e-05 
7 10 10 0.0903848 -2.16905e-06 8.31585e-06 
8 10 10 0.0903292 -2.60628e-05 2.54073e-06 
9 10 10 0.0901692 -4.67605e-05 4.18317e-06 
10 10 10 0.0899756 -6.23384e-05 8.82935e-06 
11 10 10 0.0897741 -7.09408e-05 1.46595e-05 
12 10 10 0.0895994 -7.2261e-05 2.01183e-05 
13 10 10 0.0894665 -6.80755e-05 2.1686e-05 
14 10 10 0.0893186 -7.58427e-05 -4.67964e-06 
15 10 10 0.0880358 0.00139786 0.00216041 
0 11 11 0 0 0 
1 11 11 0 0 0 
2 11 11 0 0 0 
3 11 11 0 0 0 
4 11 11 0 0 0 
5 11 11 0 0 0 
6 11 11 0 0 0 
7 11 11 0 0 0 
8 11 11 0 0 0 
9 11 11 0 0 0 
10 11 11 0 0 0 
11 11 11 0 0 0 
12 11 11 0 0 0 
13 11 11 0 0 0 
14 11 11 0 0 0 
15 11 11 0 0 0 
0 12 12 0 0 0 
1 12 12 0 0 0 
2 12 12 0 0 0 
3 12 12 0 0 0 
4 12 12 0 0 0 
5 12 12 0 0 0 
6 12 12 0 0 0 
7 12 12 0 0 0 
8 12 12 0 0 0 
9 12 12 0 0 0 
10 12 12 0 0 0 
11 12 12 0 0 0 
12 12 12 0 0 0 
13 12 12 0 0 0 
14 12 12 0 0 0 
15 12 12 0 0 0 
0 13 13 0 0 0 
1 13 13 0 0 0 
2 13 13 0 0 0 
3 13 13 0 0 0 
4 13 13 0 0 0 
5 13 13 0 0 0 
6 13 13 0 0 0 
7 13 13 0 0 0 
8 13 13 0 0 0 
9 13 13 0 0 0 
10 13 13 0 0 0 
11 13 13 0 0 0 
12 13 13 0 0 0 
13 13 13 0 0 0 
14 13 13 0 0 0 
15 13 13 0 0 0 
0 14 14 0 0 0 
1 14 14 0 0 0 
2 14 14 0 0 0 
3 14 14 0 0 0 
4 14 14 0 0 0 
5 14 14 0 0 0 
6 14 14 0 0 0 
7 14 14 0 0 0 
8 14 14 0 0 0 
9 14 14 0 0 0 
10 14 14 0 0 0 
11 14 14 0 0 0 
12 14 14 0 0 0 
13 14 14 0 0 0 
14 14 14 0 0 0 
15 14 14 0 0 0 
0 15 15 0 0 0 
1 15 15 0 0 0 
2 15 15 0 0 0 
3 15 15 0 0 0 
4 15 15 0 0 0 
5 15 15 0 0 0 
6 15 15 0 0 0 
7 15 15 0 0 0 
8 15 15 0 0 0 
9 15 15 0 0 0 
10 15 15 0 0 0 
11 15 15 0 0 0 
12 15 15 0 0 0 
13 15 15 0 0 0 
14 15 15 0 0 0 
15 15 15 0 0 0 
0 0 0 0 0 0 
1 0 0 0 0 0 
2 0 0 0 0 0 
3 0 0 0 0 0 
4 0 0 0 0 0 
5 0 0 0 0 0 
6 0 0 0 0 0 
7 0 0 0 0 0 
8 0 0 0 0 0 
9 0 0 0 0 0 
10 0 0 0 0 0 
11 0 0 0 0 0 
12 0 0 0 0 0 
13 0 0 0 0 0 
14 0 0 0 0 0 
15 0 0 0 0 0 
0 1 1 0 0 0 
1 1 1 0 0 0 
2 1 1 0 0 0 
3 1 1 0 0 0 
4 1 1 0 0 0 
5 1 1 0 0 0 
6 1 1 0 0 0 
7 1 1 0 0 0 
8 1 1 0 0 0 
9 1 1 0 0 0 
10 1 1 0 0 0 
11 1 1 0 0 0 
12 1 1 0 0 0 
13 1 1 0 0 0 
14 1 1 0 0 0 
15 1 1 0 0 0 
0 2 2 0 0 0 
1 2 2 0 0 0 
2 2 2 0 0 0 
3 2 2 0 0 0 
4 2 2 0 0 0 
5 2 2 0 0 0 
6 2 2 0 0 0 
7 2 2 0 0 0 
8 2 2 0 0 0 
9 2 2 0 0 0 
10 2 2 0 0 0 
11 2 2 0 0 0 
12 2 2 0 0 0 
13 2 2 0 0 0 
14 2 2 0 0 0 
15 2 2 0 0 0 
0 3 3 0 0 0 
1 3 3 0 0 0 
2 3 3 0 0 0 
3 3 3 0 0 0 
4 3 3 0 0 0 
5 3 3 0 0 0 
6 3 3 0 0 0 
7 3 3 0 0 0 
8 3 3 0 0 0 
9 3 3 0 0 0 
10 3 3 0 0 0 
11 3 3 0 0 0 
12 3 3 0 0 0 
13 3 3 0 0 0 
14 3 3 0 0 0 
15 3 3 0 0 0 
0 4 4 0 0 0 
1 4 4 0 0 0 
2 4 4 0 0 0 
3 4 4 0 0 0 
4 4 4 0 0 0 
5 4 4 0 0 0 
6 4 4 0 0 0 
7 4 4 0 0 0 
8 4 4 0 0 0 
9 4 4 0 0 0 
10 4 4 0 0 0 
11 4 4 0 0 0 
12 4 4 0 0 0 
13 4 4 0 0 0 
14 4 4 0 0 0 
15 4 4 0 0 0 
0 5 5 0 0 0 
1 5 5 0 0 0 
2 5 5 0 0 0 
3 5 5 0 0 0 
4 5 5 0 0 0 
5 5 5 0 0 0 
6 5 5 0 0 0 
7 5 5 0 0 0 
8 5 5 0 0 0 
9 5 5 0 0 0 
10 5 5 0 0 0 
11 5 5 0 0 0 
12 5 5 0 0 0 
13 5 5 0 0 0 
14 5 5 0 0 0 
15 5 5 0 0 0 
0 6 6 0 0 0 
1 6 6 0 0 0 
2 6 6 0 0 0 
3 6 6 0 0 0 
4 6 6 0 0 0 
5 6 6 0 0 0 
6 6 6 0 0 0 
7 6 6 0 0 0 
8 6 6 0 0 0 
9 6 6 0 0 0 
10 6 6 0 0 0 
11 6 6 0 0 0 
12 6 6 0 0 0 
13 6 6 0 0 0 
14 6 6 0 0 0 
15 6 6 0 0 0 
0 7 7 0 0 0 
1 7 7 0 0 0 
2 7 7 0 0 0 
3 7 7 0 0 0 
4 7 7 0 0 0 
5 7 7 0 0 0 
6 7 7 0 0 0 
7 7 7 0 0 0 
8 7 7 0 0 0 
9 7 7 0 0 0 
10 7 7 0 0 0 
11 7 7 0 0 0 
12 7 7 0 0 0 
13 7 7 0 0 0 
14 7 7 0 0 0 
15 7 7 0 0 0 
0 8 8 0 0 0 
1 8 8 0 0 0 
2 8 8 0 0 0 
3 8 8 0 0 0 
4 8 8 0 0 0 
5 8 8 0 0 0 
6 8 8 0 0 0 
7 8 8 0 0 0 
8 8 8 0 0 0 
9 8 8 0 0 0 
10 8 8 0 0 0 
11 8 8 0 0 0 
12 8 8 0 0 0 
13 8 8 0 0 0 
14 8 8 0 0 0 
15 8 8 0 0 0 
0 9 9 0 0 0 
1 9 9 0 0 0 
2 9 9 0 0 0 
3 9 9 0 0 0 
4 9 9 0 0 0 
5 9 9 0 0 0 
6 9 9 0 0 0 
7 9 9 0 0 0 
8 9 9 0 0 0 
9 9 9 0 0 0 
10 9 9 0 0 0 
11 9 9 0 0 0 
12 9 9 0 0 0 
13 9 9 0 0 0 
14 9 9 0 0 0 
15 9 9 0 0 0 
0 10 10 0 0 0 
1 10 10 0 0 0 
2 10 10 0 0 0 
3 10 10 0 0 0 
4 10 10 0 0 0 
5 10 10 0 0 0 
6 10 10 0 0 0 
7 10 10 0 0 0 
8 10 10 0 0 0 
9 10 10 0 0 0 
10 10 10 0 0 0 
11 10 10 0 0 0 
12 10 10 0 0 0 
13 10 10 0 0 0 
14 10 10 0 0 0 
15 10 10 0 0 0 
0 11 11 0 0 0 
1 11 11 0 0 0 
2 11 11 0 0 0 
3 11 11 0 0 0 
4 11 11 0 0 0 
5 11 11 0 0 0 
6 11 11 0 0 0 
7 11 11 0 0 0 
8 11 11 0 0 0 
9 11 11 0 0 0 
10 11 11 0 0 0 
11 11 11 0 0 0 
12 11 11 0 0 0 
13 11 11 0 0 0 
14 11 11 0 0 0 
15 11 11 0 0 0 
0 12 12 0 0 0 
1 12 12 0 0 0 
2 12 12 0 0 0 
3 12 12 0 0 0 
4 12 12 0 0 0 
5 12 12 0 0 0 
6 12 12 0 0 0 
7 12 12 0 0 0 
8 12 12 0 0 0 
9 12 12 0 0 0 
10 12 12 0 0 0 
11 12 12 0 0 0 
12 12 12 0 0 0 
13 12 12 0 0 0 
14 12 12 0 0 0 
15 12 12 0 0 0 
0 13 13 0 0 0 
1 13 13 0 0 0 
2 13 13 0 0 0 
3 13 13 0 0 0 
4 13 13 0 0 0 
5 13 13 0 0 0 
6 13 13 0 0 0 
7 13 13 0 0 0 
8 13 13 0 0 0 
9 13 13 0 0 0 
10 13 13 0 0 0 
11 13 13 0 0 0 
12 13 13 0 0 0 
13 13 13 0 0 0 
14 13 13 0 0 0 
15 13 13 0 0 0 
0 14 14 0 0 0 
1 14 14 0 0 0 
2 14 14 0 0 0 
3 14 14 0 0 0 
4 14 14 0 0 0 
5 14 14 0 0 0 
6 14 14 0 0 0 
7 14 14 0 0 0 
8 14 14 0 0 0 
9 14 14 0 0 0 
10 14 14 0 0 0 
11 14 14 0 0 0 
12 14 14 0 0 0 
13 14 14 0 0 0 
14 14 14 0 0 0 
15 14 14 0 0 0 
0 15 15 0 0 0 
1 15 15 0 0 0 
2 15 15 0 0 0 
3 15 15 0 0 0 
4 15 15 0 0 0 
5 15 15 0 0 0 
6 15 15 0 0 0 
7 15 15 0 0 0 
8 15 15 0 0 0 
9 15 15 0 0 0 
10 15 15 0 0 0 
11 15 15 0 0 0 
12 15 15 0 0 0 
13 15 15 0 0 0 
14 15 15 0 0 0 
15 15 15 0 0 0 
0 0 0 0 0 0 
1 0 0 0 0 0 
2 0 0 0 0 0 
3 0 0 0 0 0 
4 0 0 0 0 0 
5 0 0 0 0 0 
6 0 0 0 0 0 
7 0 0 0 0 0 
8 0 0 0 0 0 
9 0 0 0 0 0 
10 0 0 0 0 0 
11 0 0 0 0 0 
12 0 0 0 0 0 
13 0 0 0 0 0 
14 0 0 0 0 0 
15 0 0 0 0 0 
0 1 1 0 0 0 
1 1 1 0 0 0 
2 1 1 0 0 0 
3 1 1 0 0 0 
4 1 1 0 0 0 
5 1 1 0 0 0 
6 1 1 0 0 0 
7 1 1 0 0 0 
8 1 1 0 0 0 
9 1 1 0 0 0 
10 1 1 0 0 0 
11 1 1 0 0 0 
12 1 1 0 0 0 
13 1 1 0 0 0 
14 1 1 0 0 0 
15 1 1 0 0 0 
0 2 2 0 0 0 
1 2 2 0 0 0 
2 2 2 0 0 0 
3 2 2 0 0 0 
4 2 2 0 0 0 
5 2 2 0 0 0 
6 2 2 0 0 0 
7 2 2 0 0 0 
8 2 2 0 0 0 
9 2 2 0 0 0 
10 2 2 0 0 0 
11 2 2 0 0 0 
12 2 2 0 0 0 
13 2 2 0 0 0 
14 2 2 0 0 0 
15 2 2 0 0 0 
0 3 3 0 0 0 
1 3 3 0 0 0 
2 3 3 0 0 0 
3 3 3 0 0 0 
4 3 3 0 0 0 
5 3 3 0 0 0 
6 3 3 0 0 0 
7 3 3 0 0 0 
8 3 3 0 0 0 
9 3 3 0 0 0 
10 3 3 0 0 0 
11 3 3 0 0 0 
12 3 3 0 0 0 
13 3 3 0 0 0 
14 3 3 0 0 0 
15 3 3 0 0 0 
0 4 4 0 0 0 
1 4 4 0 0 0 
2 4 4 0 0 0 
3 4 4 0 0 0 
4 4 4 0 0 0 
5 4 4 0 0 0 
6 4 4 0 0 0 
7 4 4 0 0 0 
8 4 4 0 0 0 
9 4 4 0 0 0 
10 4 4 0 0 0 
11 4 4 0 0 0 
12 4 4 0 0 0 
13 4 4 0 0 0 
14 4 4 0 0 0 
15 4 4 0 0 0 
0 5 5 0 0 0 
1 5 5 0 0 0 
2 5 5 0 0 0 
3 5 5 0 0 0 
4 5 5 0 0 0 
5 5 5 0 0 0 
6 5 5 0 0 0 
7 5 5 0 0 0 
8 5 5 0 0 0 
9 5 5 0 0 0 
10 5 5 0 0 0 
11 5 5 0 0 0 
12 5 5 0 0 0 
13 5 5 0 0 0 
14 5 5 0 0 0 
15 5 5 0 0 0 
0 6 6 0 0 0 
1 6 6 0 0 0 
2 6 6 0 0 0 
3 6 6 0 0 0 
4 6 6 0 0 0 
5 6 6 0 0 0 
6 6 6 0 0 0 
7 6 6 0 0 0 
8 6 6 0 0 0 
9 6 6 0 0 0 
10 6 6 0 0 0 
11 6 6 0 0 0 
12 6 6 0 0 0 
13 6 6 0 0 0 
14 6 6 0 0 0 
15 6 6 0 0 0 
0 7 7 0 0 0 
1 7 7 0 0 0 
2 7 7 0 0 0 
3 7 7 0 0 0 
4 7 7 0 0 0 
5 7 7 0 0 0 
6 7 7 0 0 0 
7 7 7 0 0 0 
8 7 7 0 0 0 
9 7 7 0 0 0 
10 7 7 0 0 0 
11 7 7 0 0 0 
12 7 7 0 0 0 
13 7 7 0 0 0 
14 7 7 0 0 0 
15 7 7 0 0 0 
0 8 8 0 0 0 
1 8 8 0 0 0 
2 8 8 0 0 0 
3 8 8 0 0 0 
4 8 8 0 0 0 
5 8 8 0 0 0 
6 8 8 0 0 0 
7 8 8 0 0 0 
8 8 8 0 0 0 
9 8 8 0 0 0 
10 8 8 0 0 0 
11 8 8 0 0 0 
12 8 8 0 0 0 
13 8 8 0 0 0 
14 8 8 0 0 0 
15 8 8 0 0 0 
0 9 9 0 0 0 
1 9 9 0 0 0 
2 9 9 0 0 0 
3 9 9 0 0 0 
4 9 9 0 0 0 
5 9 9 0 0 0 
6 9 9 0 0 0 
7 9 9 0 0 0 
8 9 9 0 0 0 
9 9 9 0 0 0 
10 9 9 0 0 0 
11 9 9 0 0 0 
12 9 9 0 0 0 
13 9 9 0 0 0 
14 9 9 0 0 0 
15 9 9 0 0 0 
0 10 10 0 0 0 
1 10 10 0 0 0 
2 10 10 0 0 0 
3 10 10 0 0 0 
4 10 10 0 0 0 
5 10 10 0 0 0 
6 10 10 0 0 0 
7 10 10 0 0 0 
8 10 10 0 0 0 
9 10 10 0 0 0 
10 10 10 0 0 0 
11 10 10 0 0 0 
12 10 10 0 0 0 
13 10 10 0 0 0 
14 10 10 0 0 0 
15 10 10 0 0 0 
0 11 11 0 0 0 
1 11 11 0 0 0 
2 11 11 0 0 0 
3 11 11 0 0 0 
4 11 11 0 0 0 
5 11 11 0 0 0 
6 11 11 0 0 0 
7 11 11 0 0 0 
8 11 11 0 0 0 
9 11 11 0 0 0 
10 11 11 0 0 0 
11 11 11 0 0 0 
12 11 11 0 0 0 
13 11 11 0 0 0 
14 11 11 0 0 0 
15 11 11 0 0 0 
0 12 12 0 0 0 
1 12 12 0 0 0 
2 12 12 0 0 0 
3 12 12 0 0 0 
4 12 12 0 0 0 
5 12 12 0 0 0 
6 12 12 0 0 0 
7 12 12 0 0 0 
8 12 12 0 0 0 
9 12 12 0 0 0 
10 12 12 0 0 0 
11 12 12 0 0 0 
12 12 12 0 0 0 
13 12 12 0 0 0 
14 12 12 0 0 0 
15 12 12 0 0 0 
0 13 13 0 0 0 
1 13 13 0 0 0 
2 13 13 0 0 0 
3 13 13 0 0 0 
4 13 13 0 0 0 
5 13 13 0 0 0 
6 13 13 0 0 0 
7 13 13 0 0 0 
8 13 13 0 0 0 
9 13 13 0 0 0 
10 13 13 0 0 0 
11 13 13 0 0 0 
12 13 13 0 0 0 
13 13 13 0 0 0 
14 13 13 0 0 0 
15 13 13 0 0 0 
0 14 14 0 0 0 
1 14 14 0 0 0 
2 14 14 0 0 0 
3 14 14 0 0 0 
4 14 14 0 0 0 
5 14 14 0 0 0 
6 14 14 0 0 0 
7 14 14 0 0 0 
8 14 14 0 0 0 
9 14 14 0 0 0 
10 14 14 0 0 0 
11 14 14 0 0 0 
12 14 14 0 0 0 
13 14 14 0 0 0 
14 14 14 0 0 0 
15 14 14 0 0 0 
0 15 15 0 0 0 
1 15 15 0 0 0 
2 15 15 0 0 0 
3 15 15 0 0 0 
4 15 15 0 0 0 
5 15 15 0 0 0 
6 15 15 0 0 0 
7 15 15 0 0 0 
8 15 15 0 0 0 
9 15 15 0 0 0 
10 15 15 0 0 0 
11 15 15 0 0 0 
12 15 15 0 0 0 
13 15 15 0 0 0 
14 15 15 0 0 0 
15 15 15 0 0 0 
0 0 0 0 0 0 
1 0 0 0 0 0 
2 0 0 0 0 0 
3 0 0 0 0 0 
4 0 0 0 0 0 
5 0 0 0 0 0 
6 0 0 0 0 0 
7 0 0 0 0 0 
8 0 0 0 0 0 
9 0 0 0 0 0 
10 0 0 0 0 0 
11 0 0 0 0 0 
12 0 0 0 0 0 
13 0 0 0 0 0 
14 0 0 0 0 0 
15 0 0 0 0 0 
0 1 1 0 0 0 
1 1 1 0 0 0 
2 1 1 0 0 0 
3 1 1 0 0 0 
4 1 1 0 0 0 
5 1 1 0 0 0 
6 1 1 0 0 0 
7 1 1 0 0 0 
8 1 1 0 0 0 
9 1 1 0 0 0 
10 1 1 0 0 0 
11 1 1 0 0 0 
12 1 1 0 0 0 
13 1 1 0 0 0 
14 1 1 0 0 0 
15 1 1 0 0 0 
0 2 2 0 0 0 
1 2 2 0 0 0 
2 2 2 0 0 0 
3 2 2 0 0 0 
4 2 2 0 0 0 
5 2 2 0 0 0 
6 2 2 0 0 0 
7 2 2 0 0 0 
8 2 2 0 0 0 
9 2 2 0 0 0 
10 2 2 0 0 0 
11 2 2 0 0 0 
12 2 2 0 0 0 
13 2 2 0 0 0 
14 2 2 0 0 0 
15 2 2 0 0 0 
0 3 3 0 0 0 
1 3 3 0 0 0 
2 3 3 0 0 0 
3 3 3 0 0 0 
4 3 3 0 0 0 
5 3 3 0 0 0 
6 3 3 0 0 0 
7 3 3 0 0 0 
8 3 3 0 0 0 
9 3 3 0 0 0 
10 3 3 0 0 0 
11 3 3 0 0 0 
12 3 3 0 0 0 
13 3 3 0 0 0 
14 3 3 0 0 0 
15 3 3 0 0 0 
0 4 4 0 0 0 
1 4 4 0 0 0 
2 4 4 0 0 0 
3 4 4 0 0 0 
4 4 4 0 0 0 
5 4 4 0 0 0 
6 4 4 0 0 0 
7 4 4 0 0 0 
8 4 4 0 0 0 
9 4 4 0 0 0 
10 4 4 0 0 0 
11 4 4 0 0 0 
12 4 4 0 0 0 
13 4 4 0 0 0 
14 4 4 0 0 0 
15 4 4 0 0 0 
0 5 5 0 0 0 
1 5 5 0 0 0 
2 5 5 0 0 0 
3 5 5 0 0 0 
4 5 5 0 0 0 
5 5 5 0 0 0 
6 5 5 0 0 0 
7 5 5 0 0 0 
8 5 5 0 0 0 
9 5 5 0 0 0 
10 5 5 0 0 0 
11 5 5 0 0 0 
12 5 5 0 0 0 
13 5 5 0 0 0 
14 5 5 0 0 0 
15 5 5 0 0 0 
0 6 6 0 0 0 
1 6 6 0 0 0 
2 6 6 0 0 0 
3 6 6 0 0 0 
4 6 6 0 0 0 
5 6 6 0 0 0 
6 6 6 0 0 0 
7 6 6 0 0 0 
8 6 6 0 0 0 
9 6 6 0 0 0 
10 6 6 0 0 0 
11 6 6 0 0 0 
12 6 6 0 0 0 
13 6 6 0 0 0 
14 6 6 0 0 0 
15 6 6 0 0 0 
0 7 7 0 0 0 
1 7 7 0 0 0 
2 7 7 0 0 0 
3 7 7 0 0 0 
4 7 7 0 0 0 
5 7 7 0 0 0 
6 7 7 0 0 0 
7 7 7 0 0 0 
8 7 7 0 0 0 
9 7 7 0 0 0 
10 7 7 0 0 0 
11 7 7 0 0 0 
12 7 7 0 0 0 
13 7 7 0 0 0 
14 7 7 0 0 0 
15 7 7 0 0 0 
0 8 8 0 0 0 
1 8 8 0 0 0 
2 8 8 0 0 0 
3 8 8 0 0 0 
4 8 8 0 0 0 
5 8 8 0 0 0 
6 8 8 0 0 0 
7 8 8 0 0 0 
8 8 8 0 0 0 
9 8 8 0 0 0 
10 8 8 0 0 0 
11 8 8 0 0 0 
12 8 8 0 0 0 
13 8 8 0 0 0 
14 8 8 0 0 0 
15 8 8 0 0 0 
0 9 9 0 0 0 
1 9 9 0 0 0 
2 9 9 0 0 0 
3 9 9 0 0 0 
4 9 9 0 0 0 
5 9 9 0 0 0 
6 9 9 0 0 0 
7 9 9 0 0 0 
8 9 9 0 0 0 
9 9 9 0 0 0 
10 9 9 0 0 0 
11 9 9 0 0 0 
12 9 9 0 0 0 
13 9 9 0 0 0 
14 9 9 0 0 0 
15 9 9 0 0 0 
0 10 10 0 0 0 
1 10 10 0 0 0 
2 10 10 0 0 0 
3 10 10 0 0 0 
4 10 10 0 0 0 
5 10 10 0 0 0 
6 10 10 0 0 0 
7 10 10 0 0 0 
8 10 10 0 0 0 
9 10 10 0 0 0 
10 10 10 0 0 0 
11 10 10 0 0 0 
12 10 10 0 0 0 
13 10 10 0 0 0 
14 10 10 0 0 0 
15 10 10 0 0 0 
0 11 11 0 0 0 
1 11 11 0 0 0 
2 11 11 0 0 0 
3 11 11 0 0 0 
4 11 11 0 0 0 
5 11 11 0 0 0 
6 11 11 0 0 0 
7 11 11 0 0 0 
8 11 11 0 0 0 
9 11 11 0 0 0 
10 11 11 0 0 0 
11 11 11 0 0 0 
12 11 11 0 0 0 
13 11 11 0 0 0 
14 11 11 0 0 0 
15 11 11 0 0 0 
0 12 12 0 0 0 
1 12 12 0 0 0 
2 12 12 0 0 0 
3 12 12 0 0 0 
4 12 12 0 0 0 
5 12 12 0 0 0 
6 12 12 0 0 0 
7 12 12 0 0 0 
8 12 12 0 0 0 
9 12 12 0 0 0 
10 12 12 0 0 0 
11 12 12 0 0 0 
12 12 12 0 0 0 
13 12 12 0 0 0 
14 12 12 0 0 0 
15 12 12 0 0 0 
0 13 13 0 0 0 
1 13 13 0 0 0 
2 13 13 0 0 0 
3 13 13 0 0 0 
4 13 13 0 0 0 
5 13 13 0 0 0 
6 13 13 0 0 0 
7 13 13 0 0 0 
8 13 13 0 0 0 
9 13 13 0 0 0 
10 13 13 0 0 0 
11 13 13 0 0 0 
12 13 13 0 0 0 
13 13 13 0 0 0 
14 13 13 0 0 0 
15 13 13 0 0 0 
0 14 14 0 0 0 
1 14 14 0 0 0 
2 14 14 0 0 0 
3 14 14 0 0 0 
4 14 14 0 0 0 
5 14 14 0 0 0 
6 14 14 0 0 0 
7 14 14 0 0 0 
8 14 14 0 0 0 
9 14 14 0 0 0 
10 14 14 0 0 0 
11 14 14 0 0 0 
12 14 14 0 0 0 
13 14 14 0 0 0 
14 14 14 0 0 0 
15 14 14 0 0 0 
0 15 15 0 0 0 
1 15 15 0 0 0 
2 15 15 0 0 0 
3 15 15 0 0 0 
4 15 15 0 0 0 
5 15 15 0 0 0 
6 15 15 0 0 0 
7 15 15 0 0 0 
8 15 15 0 0 0 
9 15 15 0 0 0 
10 15 15 0 0 0 
11 15 15 0 0 0 
12 15 15 0 0 0 
13 15 15 0 0 0 
14 15 15 0 0 0 
15 15 15 0 0 0 
