0 0 0 0 0 0 
1 0 0 0 0 0 
2 0 0 0 0 0 
3 0 0 0 0 0 
4 0 0 0 0 0 
5 0 0 0 0 0 
6 0 0 0 0 0 
7 0 0 0 0 0 
8 0 0 0 0 0 
9 0 0 0 0 0 
10 0 0 0 0 0 
11 0 0 0 0 0 
12 0 0 0 0 0 
13 0 0 0 0 0 
14 0 0 0 0 0 
15 0 0 0 0 0 
0 1 1 0 0 0 
1 1 1 0 0 0 
2 1 1 0 0 0 
3 1 1 0 0 0 
4 1 1 0 0 0 
5 1 1 0 0 0 
6 1 1 0 0 0 
7 1 1 0 0 0 
8 1 1 0 0 0 
9 1 1 0 0 0 
10 1 1 0 0 0 
11 1 1 0 0 0 
12 1 1 0 0 0 
13 1 1 0 0 0 
14 1 1 0 0 0 
15 1 1 0 0 0 
0 2 2 0 0 0 
1 2 2 0 0 0 
2 2 2 0 0 0 
3 2 2 0 0 0 
4 2 2 0 0 0 
5 2 2 0 0 0 
6 2 2 0 0 0 
7 2 2 0 0 0 
8 2 2 0 0 0 
9 2 2 0 0 0 
10 2 2 0 0 0 
11 2 2 0 0 0 
12 2 2 0 0 0 
13 2 2 0 0 0 
14 2 2 0 0 0 
15 2 2 0 0 0 
0 3 3 0 0 0 
1 3 3 0 0 0 
2 3 3 0 0 0 
3 3 3 0 0 0 
4 3 3 0 0 0 
5 3 3 0 0 0 
6 3 3 0 0 0 
7 3 3 0 0 0 
8 3 3 0 0 0 
9 3 3 0 0 0 
10 3 3 0 0 0 
11 3 3 0 0 0 
12 3 3 0 0 0 
13 3 3 0 0 0 
14 3 3 0 0 0 
15 3 3 0 0 0 
0 4 4 0 0 0 
1 4 4 0 0 0 
2 4 4 0 0 0 
3 4 4 0 0 0 
4 4 4 0 0 0 
5 4 4 0 0 0 
6 4 4 0 0 0 
7 4 4 0 0 0 
8 4 4 0 0 0 
9 4 4 0 0 0 
10 4 4 0 0 0 
11 4 4 0 0 0 
12 4 4 0 0 0 
13 4 4 0 0 0 
14 4 4 0 0 0 
15 4 4 0 0 0 
0 5 5 0 0 0 
1 5 5 0 0 0 
2 5 5 0 0 0 
3 5 5 0 0 0 
4 5 5 0 0 0 
5 5 5 0 0 0 
6 5 5 0 0 0 
7 5 5 0 0 0 
8 5 5 0 0 0 
9 5 5 0 0 0 
10 5 5 0 0 0 
11 5 5 0 0 0 
12 5 5 0 0 0 
13 5 5 0 0 0 
14 5 5 0 0 0 
15 5 5 0 0 0 
0 6 6 0 0 0 
1 6 6 0 0 0 
2 6 6 0 0 0 
3 6 6 0 0 0 
4 6 6 0 0 0 
5 6 6 0 0 0 
6 6 6 0 0 0 
7 6 6 0 0 0 
8 6 6 0 0 0 
9 6 6 0 0 0 
10 6 6 0 0 0 
11 6 6 0 0 0 
12 6 6 0 0 0 
13 6 6 0 0 0 
14 6 6 0 0 0 
15 6 6 0 0 0 
0 7 7 0 0 0 
1 7 7 0 0 0 
2 7 7 0 0 0 
3 7 7 0 0 0 
4 7 7 0 0 0 
5 7 7 0 0 0 
6 7 7 0 0 0 
7 7 7 0 0 0 
8 7 7 0 0 0 
9 7 7 0 0 0 
10 7 7 0 0 0 
11 7 7 0 0 0 
12 7 7 0 0 0 
13 7 7 0 0 0 
14 7 7 0 0 0 
15 7 7 0 0 0 
0 8 8 0 0 0 
1 8 8 0 0 0 
2 8 8 0 0 0 
3 8 8 0 0 0 
4 8 8 0 0 0 
5 8 8 0 0 0 
6 8 8 0 0 0 
7 8 8 0 0 0 
8 8 8 0 0 0 
9 8 8 0 0 0 
10 8 8 0 0 0 
11 8 8 0 0 0 
12 8 8 0 0 0 
13 8 8 0 0 0 
14 8 8 0 0 0 
15 8 8 0 0 0 
0 9 9 0 0 0 
1 9 9 0 0 0 
2 9 9 0 0 0 
3 9 9 0 0 0 
4 9 9 0 0 0 
5 9 9 0 0 0 
6 9 9 0 0 0 
7 9 9 0 0 0 
8 9 9 0 0 0 
9 9 9 0 0 0 
10 9 9 0 0 0 
11 9 9 0 0 0 
12 9 9 0 0 0 
13 9 9 0 0 0 
14 9 9 0 0 0 
15 9 9 0 0 0 
0 10 10 0 0 0 
1 10 10 0 0 0 
2 10 10 0 0 0 
3 10 10 0 0 0 
4 10 10 0 0 0 
5 10 10 0 0 0 
6 10 10 0 0 0 
7 10 10 0 0 0 
8 10 10 0 0 0 
9 10 10 0 0 0 
10 10 10 0 0 0 
11 10 10 0 0 0 
12 10 10 0 0 0 
13 10 10 0 0 0 
14 10 10 0 0 0 
15 10 10 0 0 0 
0 11 11 0 0 0 
1 11 11 0 0 0 
2 11 11 0 0 0 
3 11 11 0 0 0 
4 11 11 0 0 0 
5 11 11 0 0 0 
6 11 11 0 0 0 
7 11 11 0 0 0 
8 11 11 0 0 0 
9 11 11 0 0 0 
10 11 11 0 0 0 
11 11 11 0 0 0 
12 11 11 0 0 0 
13 11 11 0 0 0 
14 11 11 0 0 0 
15 11 11 0 0 0 
0 12 12 0 0 0 
1 12 12 0 0 0 
2 12 12 0 0 0 
3 12 12 0 0 0 
4 12 12 0 0 0 
5 12 12 0 0 0 
6 12 12 0 0 0 
7 12 12 0 0 0 
8 12 12 0 0 0 
9 12 12 0 0 0 
10 12 12 0 0 0 
11 12 12 0 0 0 
12 12 12 0 0 0 
13 12 12 0 0 0 
14 12 12 0 0 0 
15 12 12 0 0 0 
0 13 13 0 0 0 
1 13 13 0 0 0 
2 13 13 0 0 0 
3 13 13 0 0 0 
4 13 13 0 0 0 
5 13 13 0 0 0 
6 13 13 0 0 0 
7 13 13 0 0 0 
8 13 13 0 0 0 
9 13 13 0 0 0 
10 13 13 0 0 0 
11 13 13 0 0 0 
12 13 13 0 0 0 
13 13 13 0 0 0 
14 13 13 0 0 0 
15 13 13 0 0 0 
0 14 14 0 0 0 
1 14 14 0 0 0 
2 14 14 0 0 0 
3 14 14 0 0 0 
4 14 14 0 0 0 
5 14 14 0 0 0 
6 14 14 0 0 0 
7 14 14 0 0 0 
8 14 14 0 0 0 
9 14 14 0 0 0 
10 14 14 0 0 0 
11 14 14 0 0 0 
12 14 14 0 0 0 
13 14 14 0 0 0 
14 14 14 0 0 0 
15 14 14 0 0 0 
0 15 15 0 0 0 
1 15 15 0 0 0 
2 15 15 0 0 0 
3 15 15 0 0 0 
4 15 15 0 0 0 
5 15 15 0 0 0 
6 15 15 0 0 0 
7 15 15 0 0 0 
8 15 15 0 0 0 
9 15 15 0 0 0 
10 15 15 0 0 0 
11 15 15 0 0 0 
12 15 15 0 0 0 
13 15 15 0 0 0 
14 15 15 0 0 0 
15 15 15 0 0 0 
0 0 0 0 0 0 
1 0 0 0 0 0 
2 0 0 0 0 0 
3 0 0 0 0 0 
4 0 0 0 0 0 
5 0 0 0 0 0 
6 0 0 0 0 0 
7 0 0 0 0 0 
8 0 0 0 0 0 
9 0 0 0 0 0 
10 0 0 0 0 0 
11 0 0 0 0 0 
12 0 0 0 0 0 
13 0 0 0 0 0 
14 0 0 0 0 0 
15 0 0 0 0 0 
0 1 1 0 0 0 
1 1 1 0 0 0 
2 1 1 0 0 0 
3 1 1 0 0 0 
4 1 1 0 0 0 
5 1 1 0 0 0 
6 1 1 0 0 0 
7 1 1 0 0 0 
8 1 1 0 0 0 
9 1 1 0 0 0 
10 1 1 0 0 0 
11 1 1 0 0 0 
12 1 1 0 0 0 
13 1 1 0 0 0 
14 1 1 0 0 0 
15 1 1 0 0 0 
0 2 2 0 0 0 
1 2 2 0 0 0 
2 2 2 0 0 0 
3 2 2 0 0 0 
4 2 2 0 0 0 
5 2 2 0 0 0 
6 2 2 0 0 0 
7 2 2 0 0 0 
8 2 2 0 0 0 
9 2 2 0 0 0 
10 2 2 0 0 0 
11 2 2 0 0 0 
12 2 2 0 0 0 
13 2 2 0 0 0 
14 2 2 0 0 0 
15 2 2 0 0 0 
0 3 3 0 0 0 
1 3 3 0 0 0 
2 3 3 0 0 0 
3 3 3 0 0 0 
4 3 3 0 0 0 
5 3 3 0 0 0 
6 3 3 0 0 0 
7 3 3 0 0 0 
8 3 3 0 0 0 
9 3 3 0 0 0 
10 3 3 0 0 0 
11 3 3 0 0 0 
12 3 3 0 0 0 
13 3 3 0 0 0 
14 3 3 0 0 0 
15 3 3 0 0 0 
0 4 4 0 0 0 
1 4 4 0 0 0 
2 4 4 0 0 0 
3 4 4 0 0 0 
4 4 4 0 0 0 
5 4 4 0 0 0 
6 4 4 0 0 0 
7 4 4 0 0 0 
8 4 4 0 0 0 
9 4 4 0 0 0 
10 4 4 0 0 0 
11 4 4 0 0 0 
12 4 4 0 0 0 
13 4 4 0 0 0 
14 4 4 0 0 0 
15 4 4 0 0 0 
0 5 5 0 0 0 
1 5 5 0 0 0 
2 5 5 0 0 0 
3 5 5 0 0 0 
4 5 5 0 0 0 
5 5 5 0 0 0 
6 5 5 0 0 0 
7 5 5 0 0 0 
8 5 5 0 0 0 
9 5 5 0 0 0 
10 5 5 0 0 0 
11 5 5 0 0 0 
12 5 5 0 0 0 
13 5 5 0 0 0 
14 5 5 0 0 0 
15 5 5 0 0 0 
0 6 6 0 0 0 
1 6 6 0 0 0 
2 6 6 0 0 0 
3 6 6 0 0 0 
4 6 6 0 0 0 
5 6 6 0 0 0 
6 6 6 0 0 0 
7 6 6 0 0 0 
8 6 6 0 0 0 
9 6 6 0 0 0 
10 6 6 0 0 0 
11 6 6 0 0 0 
12 6 6 0 0 0 
13 6 6 0 0 0 
14 6 6 0 0 0 
15 6 6 0 0 0 
0 7 7 0 0 0 
1 7 7 0 0 0 
2 7 7 0 0 0 
3 7 7 0 0 0 
4 7 7 0 0 0 
5 7 7 0 0 0 
6 7 7 0 0 0 
7 7 7 0 0 0 
8 7 7 0 0 0 
9 7 7 0 0 0 
10 7 7 0 0 0 
11 7 7 0 0 0 
12 7 7 0 0 0 
13 7 7 0 0 0 
14 7 7 0 0 0 
15 7 7 0 0 0 
0 8 8 0 0 0 
1 8 8 0 0 0 
2 8 8 0 0 0 
3 8 8 0 0 0 
4 8 8 0 0 0 
5 8 8 0 0 0 
6 8 8 0 0 0 
7 8 8 0 0 0 
8 8 8 0 0 0 
9 8 8 0 0 0 
10 8 8 0 0 0 
11 8 8 0 0 0 
12 8 8 0 0 0 
13 8 8 0 0 0 
14 8 8 0 0 0 
15 8 8 0 0 0 
0 9 9 0 0 0 
1 9 9 0 0 0 
2 9 9 0 0 0 
3 9 9 0 0 0 
4 9 9 0 0 0 
5 9 9 0 0 0 
6 9 9 0 0 0 
7 9 9 0 0 0 
8 9 9 0 0 0 
9 9 9 0 0 0 
10 9 9 0 0 0 
11 9 9 0 0 0 
12 9 9 0 0 0 
13 9 9 0 0 0 
14 9 9 0 0 0 
15 9 9 0 0 0 
0 10 10 0 0 0 
1 10 10 0 0 0 
2 10 10 0 0 0 
3 10 10 0 0 0 
4 10 10 0 0 0 
5 10 10 0 0 0 
6 10 10 0 0 0 
7 10 10 0 0 0 
8 10 10 0 0 0 
9 10 10 0 0 0 
10 10 10 0 0 0 
11 10 10 0 0 0 
12 10 10 0 0 0 
13 10 10 0 0 0 
14 10 10 0 0 0 
15 10 10 0 0 0 
0 11 11 0 0 0 
1 11 11 0 0 0 
2 11 11 0 0 0 
3 11 11 0 0 0 
4 11 11 0 0 0 
5 11 11 0 0 0 
6 11 11 0 0 0 
7 11 11 0 0 0 
8 11 11 0 0 0 
9 11 11 0 0 0 
10 11 11 0 0 0 
11 11 11 0 0 0 
12 11 11 0 0 0 
13 11 11 0 0 0 
14 11 11 0 0 0 
15 11 11 0 0 0 
0 12 12 0 0 0 
1 12 12 0 0 0 
2 12 12 0 0 0 
3 12 12 0 0 0 
4 12 12 0 0 0 
5 12 12 0 0 0 
6 12 12 0 0 0 
7 12 12 0 0 0 
8 12 12 0 0 0 
9 12 12 0 0 0 
10 12 12 0 0 0 
11 12 12 0 0 0 
12 12 12 0 0 0 
13 12 12 0 0 0 
14 12 12 0 0 0 
15 12 12 0 0 0 
0 13 13 0 0 0 
1 13 13 0 0 0 
2 13 13 0 0 0 
3 13 13 0 0 0 
4 13 13 0 0 0 
5 13 13 0 0 0 
6 13 13 0 0 0 
7 13 13 0 0 0 
8 13 13 0 0 0 
9 13 13 0 0 0 
10 13 13 0 0 0 
11 13 13 0 0 0 
12 13 13 0 0 0 
13 13 13 0 0 0 
14 13 13 0 0 0 
15 13 13 0 0 0 
0 14 14 0 0 0 
1 14 14 0 0 0 
2 14 14 0 0 0 
3 14 14 0 0 0 
4 14 14 0 0 0 
5 14 14 0 0 0 
6 14 14 0 0 0 
7 14 14 0 0 0 
8 14 14 0 0 0 
9 14 14 0 0 0 
10 14 14 0 0 0 
11 14 14 0 0 0 
12 14 14 0 0 0 
13 14 14 0 0 0 
14 14 14 0 0 0 
15 14 14 0 0 0 
0 15 15 0 0 0 
1 15 15 0 0 0 
2 15 15 0 0 0 
3 15 15 0 0 0 
4 15 15 0 0 0 
5 15 15 0 0 0 
6 15 15 0 0 0 
7 15 15 0 0 0 
8 15 15 0 0 0 
9 15 15 0 0 0 
10 15 15 0 0 0 
11 15 15 0 0 0 
12 15 15 0 0 0 
13 15 15 0 0 0 
14 15 15 0 0 0 
15 15 15 0 0 0 
0 0 0 0 0 0 
1 0 0 0 0 0 
2 0 0 0 0 0 
3 0 0 0 0 0 
4 0 0 0 0 0 
5 0 0 0 0 0 
6 0 0 0 0 0 
7 0 0 0 0 0 
8 0 0 0 0 0 
9 0 0 0 0 0 
10 0 0 0 0 0 
11 0 0 0 0 0 
12 0 0 0 0 0 
13 0 0 0 0 0 
14 0 0 0 0 0 
15 0 0 0 0 0 
0 1 1 0 0 0 
1 1 1 0 0 0 
2 1 1 0 0 0 
3 1 1 0 0 0 
4 1 1 0 0 0 
5 1 1 0 0 0 
6 1 1 0 0 0 
7 1 1 0 0 0 
8 1 1 0 0 0 
9 1 1 0 0 0 
10 1 1 0 0 0 
11 1 1 0 0 0 
12 1 1 0 0 0 
13 1 1 0 0 0 
14 1 1 0 0 0 
15 1 1 0 0 0 
0 2 2 0 0 0 
1 2 2 0 0 0 
2 2 2 0 0 0 
3 2 2 0 0 0 
4 2 2 0 0 0 
5 2 2 0 0 0 
6 2 2 0 0 0 
7 2 2 0 0 0 
8 2 2 0 0 0 
9 2 2 0 0 0 
10 2 2 0 0 0 
11 2 2 0 0 0 
12 2 2 0 0 0 
13 2 2 0 0 0 
14 2 2 0 0 0 
15 2 2 0 0 0 
0 3 3 0 0 0 
1 3 3 0 0 0 
2 3 3 0 0 0 
3 3 3 0 0 0 
4 3 3 0 0 0 
5 3 3 0 0 0 
6 3 3 0 0 0 
7 3 3 0 0 0 
8 3 3 0 0 0 
9 3 3 0 0 0 
10 3 3 0 0 0 
11 3 3 0 0 0 
12 3 3 0 0 0 
13 3 3 0 0 0 
14 3 3 0 0 0 
15 3 3 0 0 0 
0 4 4 0 0 0 
1 4 4 0 0 0 
2 4 4 0 0 0 
3 4 4 0 0 0 
4 4 4 0 0 0 
5 4 4 0 0 0 
6 4 4 0 0 0 
7 4 4 0 0 0 
8 4 4 0 0 0 
9 4 4 0 0 0 
10 4 4 0 0 0 
11 4 4 0 0 0 
12 4 4 0 0 0 
13 4 4 0 0 0 
14 4 4 0 0 0 
15 4 4 0 0 0 
0 5 5 0 0 0 
1 5 5 0 0 0 
2 5 5 0 0 0 
3 5 5 0 0 0 
4 5 5 0 0 0 
5 5 5 0 0 0 
6 5 5 0 0 0 
7 5 5 0 0 0 
8 5 5 0 0 0 
9 5 5 0 0 0 
10 5 5 0 0 0 
11 5 5 0 0 0 
12 5 5 0 0 0 
13 5 5 0 0 0 
14 5 5 0 0 0 
15 5 5 0 0 0 
0 6 6 0 0 0 
1 6 6 0 0 0 
2 6 6 0 0 0 
3 6 6 0 0 0 
4 6 6 0 0 0 
5 6 6 0 0 0 
6 6 6 0 0 0 
7 6 6 0 0 0 
8 6 6 0 0 0 
9 6 6 0 0 0 
10 6 6 0 0 0 
11 6 6 0 0 0 
12 6 6 0 0 0 
13 6 6 0 0 0 
14 6 6 0 0 0 
15 6 6 0 0 0 
0 7 7 0 0 0 
1 7 7 0 0 0 
2 7 7 0 0 0 
3 7 7 0 0 0 
4 7 7 0 0 0 
5 7 7 0 0 0 
6 7 7 0 0 0 
7 7 7 0 0 0 
8 7 7 0 0 0 
9 7 7 0 0 0 
10 7 7 0 0 0 
11 7 7 0 0 0 
12 7 7 0 0 0 
13 7 7 0 0 0 
14 7 7 0 0 0 
15 7 7 0 0 0 
0 8 8 0 0 0 
1 8 8 0 0 0 
2 8 8 0 0 0 
3 8 8 0 0 0 
4 8 8 0 0 0 
5 8 8 0 0 0 
6 8 8 0 0 0 
7 8 8 0 0 0 
8 8 8 0 0 0 
9 8 8 0 0 0 
10 8 8 0 0 0 
11 8 8 0 0 0 
12 8 8 0 0 0 
13 8 8 0 0 0 
14 8 8 0 0 0 
15 8 8 0 0 0 
0 9 9 0 0 0 
1 9 9 0 0 0 
2 9 9 0 0 0 
3 9 9 0 0 0 
4 9 9 0 0 0 
5 9 9 0 0 0 
6 9 9 0 0 0 
7 9 9 0 0 0 
8 9 9 0 0 0 
9 9 9 0 0 0 
10 9 9 0 0 0 
11 9 9 0 0 0 
12 9 9 0 0 0 
13 9 9 0 0 0 
14 9 9 0 0 0 
15 9 9 0 0 0 
0 10 10 0 0 0 
1 10 10 0 0 0 
2 10 10 0 0 0 
3 10 10 0 0 0 
4 10 10 0 0 0 
5 10 10 0 0 0 
6 10 10 0 0 0 
7 10 10 0 0 0 
8 10 10 0 0 0 
9 10 10 0 0 0 
10 10 10 0 0 0 
11 10 10 0 0 0 
12 10 10 0 0 0 
13 10 10 0 0 0 
14 10 10 0 0 0 
15 10 10 0 0 0 
0 11 11 0 0 0 
1 11 11 0 0 0 
2 11 11 0 0 0 
3 11 11 0 0 0 
4 11 11 0 0 0 
5 11 11 0 0 0 
6 11 11 0 0 0 
7 11 11 0 0 0 
8 11 11 0 0 0 
9 11 11 0 0 0 
10 11 11 0 0 0 
11 11 11 0 0 0 
12 11 11 0 0 0 
13 11 11 0 0 0 
14 11 11 0 0 0 
15 11 11 0 0 0 
0 12 12 0 0 0 
1 12 12 0 0 0 
2 12 12 0 0 0 
3 12 12 0 0 0 
4 12 12 0 0 0 
5 12 12 0 0 0 
6 12 12 0 0 0 
7 12 12 0 0 0 
8 12 12 0 0 0 
9 12 12 0 0 0 
10 12 12 0 0 0 
11 12 12 0 0 0 
12 12 12 0 0 0 
13 12 12 0 0 0 
14 12 12 0 0 0 
15 12 12 0 0 0 
0 13 13 0 0 0 
1 13 13 0 0 0 
2 13 13 0 0 0 
3 13 13 0 0 0 
4 13 13 0 0 0 
5 13 13 0 0 0 
6 13 13 0 0 0 
7 13 13 0 0 0 
8 13 13 0 0 0 
9 13 13 0 0 0 
10 13 13 0 0 0 
11 13 13 0 0 0 
12 13 13 0 0 0 
13 13 13 0 0 0 
14 13 13 0 0 0 
15 13 13 0 0 0 
0 14 14 0 0 0 
1 14 14 0 0 0 
2 14 14 0 0 0 
3 14 14 0 0 0 
4 14 14 0 0 0 
5 14 14 0 0 0 
6 14 14 0 0 0 
7 14 14 0 0 0 
8 14 14 0 0 0 
9 14 14 0 0 0 
10 14 14 0 0 0 
11 14 14 0 0 0 
12 14 14 0 0 0 
13 14 14 0 0 0 
14 14 14 0 0 0 
15 14 14 0 0 0 
0 15 15 0 0 0 
1 15 15 0 0 0 
2 15 15 0 0 0 
3 15 15 0 0 0 
4 15 15 0 0 0 
5 15 15 0 0 0 
6 15 15 0 0 0 
7 15 15 0 0 0 
8 15 15 0 0 0 
9 15 15 0 0 0 
10 15 15 0 0 0 
11 15 15 0 0 0 
12 15 15 0 0 0 
13 15 15 0 0 0 
14 15 15 0 0 0 
15 15 15 0 0 0 
0 0 0 0 0 0 
1 0 0 0 0 0 
2 0 0 0 0 0 
3 0 0 0 0 0 
4 0 0 0 0 0 
5 0 0 0 0 0 
6 0 0 0 0 0 
7 0 0 0 0 0 
8 0 0 0 0 0 
9 0 0 0 0 0 
10 0 0 0 0 0 
11 0 0 0 0 0 
12 0 0 0 0 0 
13 0 0 0 0 0 
14 0 0 0 0 0 
15 0 0 0 0 0 
0 1 1 0 0 0 
1 1 1 0 0 0 
2 1 1 0 0 0 
3 1 1 0 0 0 
4 1 1 0 0 0 
5 1 1 0 0 0 
6 1 1 0 0 0 
7 1 1 0 0 0 
8 1 1 0 0 0 
9 1 1 0 0 0 
10 1 1 0 0 0 
11 1 1 0 0 0 
12 1 1 0 0 0 
13 1 1 0 0 0 
14 1 1 0 0 0 
15 1 1 0 0 0 
0 2 2 0 0 0 
1 2 2 0 0 0 
2 2 2 0 0 0 
3 2 2 0 0 0 
4 2 2 0 0 0 
5 2 2 0 0 0 
6 2 2 0 0 0 
7 2 2 0 0 0 
8 2 2 0 0 0 
9 2 2 0 0 0 
10 2 2 0 0 0 
11 2 2 0 0 0 
12 2 2 0 0 0 
13 2 2 0 0 0 
14 2 2 0 0 0 
15 2 2 0 0 0 
0 3 3 0 0 0 
1 3 3 0 0 0 
2 3 3 0 0 0 
3 3 3 0 0 0 
4 3 3 0 0 0 
5 3 3 0 0 0 
6 3 3 0 0 0 
7 3 3 0 0 0 
8 3 3 0 0 0 
9 3 3 0 0 0 
10 3 3 0 0 0 
11 3 3 0 0 0 
12 3 3 0 0 0 
13 3 3 0 0 0 
14 3 3 0 0 0 
15 3 3 0 0 0 
0 4 4 0 0 0 
1 4 4 0 0 0 
2 4 4 0 0 0 
3 4 4 0 0 0 
4 4 4 0 0 0 
5 4 4 0 0 0 
6 4 4 0 0 0 
7 4 4 0 0 0 
8 4 4 0 0 0 
9 4 4 0 0 0 
10 4 4 0 0 0 
11 4 4 0 0 0 
12 4 4 0 0 0 
13 4 4 0 0 0 
14 4 4 0 0 0 
15 4 4 0 0 0 
0 5 5 0 0 0 
1 5 5 0 0 0 
2 5 5 0 0 0 
3 5 5 0 0 0 
4 5 5 0 0 0 
5 5 5 0 0 0 
6 5 5 0 0 0 
7 5 5 0 0 0 
8 5 5 0 0 0 
9 5 5 0 0 0 
10 5 5 0 0 0 
11 5 5 0 0 0 
12 5 5 0 0 0 
13 5 5 0 0 0 
14 5 5 0 0 0 
15 5 5 0 0 0 
0 6 6 0.199821 -0.000509542 0.000186561 
1 6 6 0.200208 -0.000514095 7.47951e-05 
2 6 6 0.201239 -0.000465252 -5.40367e-05 
3 6 6 0.202768 -0.000372077 -0.000166069 
4 6 6 0.204535 -0.000259289 -0.000236617 
5 6 6 0.206246 -0.000149853 -0.000251968 
6 6 6 0.207607 -5.39707e-05 -0.000210153 
7 6 6 0.208288 5.98828e-05 -0.000103226 
8 6 6 0.207027 0.000773333 0.000507228 
9 6 6 0.206037 0.00257481 0.0028212 
10 6 6 0.202473 -0.00289194 -0.00234335 
11 6 6 0.206028 -0.000836484 -0.000693647 
12 6 6 0.20794 -0.000182037 -1.19536e-05 
13 6 6 0.207819 -0.000127564 9.58044e-05 
14 6 6 0.20727 -7.00623e-05 0.000229361 
15 6 6 0.212182 -0.00214321 -0.00454031 
0 7 7 0.348726 -0.00086795 6.90174e-05 
1 7 7 0.349841 -0.000835538 -0.00019393 
2 7 7 0.351895 -0.00073779 -0.000427011 
3 7 7 0.354627 -0.00055202 -0.000595954 
4 7 7 0.357632 -0.000324021 -0.000667767 
5 7 7 0.360453 -0.000103312 -0.000630323 
6 7 7 0.362689 9.91386e-05 -0.000502069 
7 7 7 0.364083 0.000375793 -0.000335118 
8 7 7 0.364714 0.00109084 -0.000166515 
9 7 7 0.36555 0.00122746 0.000321212 
10 7 7 0.364215 -0.00206707 0.000282269 
11 7 7 0.362689 -0.00137209 0.000175681 
12 7 7 0.362554 -0.000409738 0.000128837 
13 7 7 0.362266 -0.000182342 0.000140041 
14 7 7 0.361597 -0.000171506 0.000423416 
15 7 7 0.380704 -0.00128328 -0.00583002 
0 8 8 0.359456 -0.000929096 -0.000191714 
1 8 8 0.360676 -0.000824828 -0.000467626 
2 8 8 0.362879 -0.000687264 -0.000677963 
3 8 8 0.36575 -0.000485861 -0.000793478 
4 8 8 0.368883 -0.00025117 -0.000797365 
5 8 8 0.371831 -2.84925e-05 -0.000692969 
6 8 8 0.374213 0.000163003 -0.000507263 
7 8 8 0.375845 0.000351648 -0.000287576 
8 8 8 0.376885 0.000521432 -0.000100873 
9 8 8 0.377493 0.000167822 2.73254e-05 
10 8 8 0.376773 -0.000765127 0.000122461 
11 8 8 0.375257 -0.000877278 0.000123872 
12 8 8 0.374304 -0.000493169 0.000112467 
13 8 8 0.373772 -0.000270452 0.000110751 
14 8 8 0.373104 -0.000270629 0.000389992 
15 8 8 0.393919 0.000369884 -0.00583507 
0 9 9 0.23648 -0.000625817 -0.000236704 
1 9 9 0.237192 -0.000516341 -0.000360499 
2 9 9 0.238616 -0.000387206 -0.000445151 
3 9 9 0.240529 -0.000236884 -0.000475442 
4 9 9 0.242655 -8.20607e-05 -0.000446966 
5 9 9 0.244699 5.12775e-05 -0.000366721 
6 9 9 0.2464 0.000147575 -0.000251781 
7 9 9 0.247615 0.000201942 -0.000127725 
8 9 9 0.248346 0.000180395 -3.06747e-05 
9 9 9 0.248591 -9.72041e-06 -4.03166e-08 
10 9 9 0.248244 -0.00029727 -2.28305e-05 
11 9 9 0.247531 -0.000398758 -2.96928e-05 
12 9 9 0.246892 -0.000317752 -9.5747e-06 
13 9 9 0.246448 -0.000225222 6.81163e-06 
14 9 9 0.245987 -0.000228016 0.000131765 
15 9 9 0.254697 0.00182102 -0.00527827 
0 10 10 0.0733426 -0.000168483 -8.05543e-05 
1 10 10 0.0734898 -0.000131444 -9.65455e-05 
2 10 10 0.0738961 -8.82671e-05 -0.000104108 
3 10 10 0.0744894 -4.34258e-05 -0.000101814 
4 10 10 0.0751953 -1.77299e-06 -9.01407e-05 
5 10 10 0.075901 3.01482e-05 -6.9988e-05 
6 10 10 0.0765152 4.81923e-05 -4.58564e-05 
7 10 10 0.0769743 4.97861e-05 -2.3278e-05 
8 10 10 0.0772521 3.0326e-05 -9.68554e-06 
9 10 10 0.0773438 -1.2912e-05 -1.01742e-05 
10 10 10 0.0772674 -6.11426e-05 -1.91528e-05 
11 10 10 0.0770904 -8.44544e-05 -2.37778e-05 
12 10 10 0.076899 -7.93391e-05 -2.10337e-05 
13 10 10 0.0767386 -6.579e-05 -1.62005e-05 
14 10 10 0.0765636 -7.1037e-05 1.03238e-05 
15 10 10 0.0749262 0.00148799 -0.00232712 
0 11 11 0 0 0 
1 11 11 0 0 0 
2 11 11 0 0 0 
3 11 11 0 0 0 
4 11 11 0 0 0 
5 11 11 0 0 0 
6 11 11 0 0 0 
7 11 11 0 0 0 
8 11 11 0 0 0 
9 11 11 0 0 0 
10 11 11 0 0 0 
11 11 11 0 0 0 
12 11 11 0 0 0 
13 11 11 0 0 0 
14 11 11 0 0 0 
15 11 11 0 0 0 
0 12 12 0 0 0 
1 12 12 0 0 0 
2 12 12 0 0 0 
3 12 12 0 0 0 
4 12 12 0 0 0 
5 12 12 0 0 0 
6 12 12 0 0 0 
7 12 12 0 0 0 
8 12 12 0 0 0 
9 12 12 0 0 0 
10 12 12 0 0 0 
11 12 12 0 0 0 
12 12 12 0 0 0 
13 12 12 0 0 0 
14 12 12 0 0 0 
15 12 12 0 0 0 
0 13 13 0 0 0 
1 13 13 0 0 0 
2 13 13 0 0 0 
3 13 13 0 0 0 
4 13 13 0 0 0 
5 13 13 0 0 0 
6 13 13 0 0 0 
7 13 13 0 0 0 
8 13 13 0 0 0 
9 13 13 0 0 0 
10 13 13 0 0 0 
11 13 13 0 0 0 
12 13 13 0 0 0 
13 13 13 0 0 0 
14 13 13 0 0 0 
15 13 13 0 0 0 
0 14 14 0 0 0 
1 14 14 0 0 0 
2 14 14 0 0 0 
3 14 14 0 0 0 
4 14 14 0 0 0 
5 14 14 0 0 0 
6 14 14 0 0 0 
7 14 14 0 0 0 
8 14 14 0 0 0 
9 14 14 0 0 0 
10 14 14 0 0 0 
11 14 14 0 0 0 
12 14 14 0 0 0 
13 14 14 0 0 0 
14 14 14 0 0 0 
15 14 14 0 0 0 
0 15 15 0 0 0 
1 15 15 0 0 0 
2 15 15 0 0 0 
3 15 15 0 0 0 
4 15 15 0 0 0 
5 15 15 0 0 0 
6 15 15 0 0 0 
7 15 15 0 0 0 
8 15 15 0 0 0 
9 15 15 0 0 0 
10 15 15 0 0 0 
11 15 15 0 0 0 
12 15 15 0 0 0 
13 15 15 0 0 0 
14 15 15 0 0 0 
15 15 15 0 0 0 
0 0 0 0 0 0 
1 0 0 0 0 0 
2 0 0 0 0 0 
3 0 0 0 0 0 
4 0 0 0 0 0 
5 0 0 0 0 0 
6 0 0 0 0 0 
7 0 0 0 0 0 
8 0 0 0 0 0 
9 0 0 0 0 0 
10 0 0 0 0 0 
11 0 0 0 0 0 
12 0 0 0 0 0 
13 0 0 0 0 0 
14 0 0 0 0 0 
15 0 0 0 0 0 
0 1 1 0 0 0 
1 1 1 0 0 0 
2 1 1 0 0 0 
3 1 1 0 0 0 
4 1 1 0 0 0 
5 1 1 0 0 0 
6 1 1 0 0 0 
7 1 1 0 0 0 
8 1 1 0 0 0 
9 1 1 0 0 0 
10 1 1 0 0 0 
11 1 1 0 0 0 
12 1 1 0 0 0 
13 1 1 0 0 0 
14 1 1 0 0 0 
15 1 1 0 0 0 
0 2 2 0 0 0 
1 2 2 0 0 0 
2 2 2 0 0 0 
3 2 2 0 0 0 
4 2 2 0 0 0 
5 2 2 0 0 0 
6 2 2 0 0 0 
7 2 2 0 0 0 
8 2 2 0 0 0 
9 2 2 0 0 0 
10 2 2 0 0 0 
11 2 2 0 0 0 
12 2 2 0 0 0 
13 2 2 0 0 0 
14 2 2 0 0 0 
15 2 2 0 0 0 
0 3 3 0 0 0 
1 3 3 0 0 0 
2 3 3 0 0 0 
3 3 3 0 0 0 
4 3 3 0 0 0 
5 3 3 0 0 0 
6 3 3 0 0 0 
7 3 3 0 0 0 
8 3 3 0 0 0 
9 3 3 0 0 0 
10 3 3 0 0 0 
11 3 3 0 0 0 
12 3 3 0 0 0 
13 3 3 0 0 0 
14 3 3 0 0 0 
15 3 3 0 0 0 
0 4 4 0.0858776 -0.000155486 0.000187046 
1 4 4 0.0860117 -0.00016512 0.000142032 
2 4 4 0.086433 -0.000153213 8.08629e-05 
3 4 4 0.087081 -0.000134438 2.51404e-05 
4 4 4 0.087855 -0.000113512 -1.40478e-05 
5 4 4 0.0886306 -9.42179e-05 -3.02016e-05 
6 4 4 0.0892901 -8.44315e-05 -1.74123e-05 
7 4 4 0.0897647 -0.000102236 3.45594e-05 
8 4 4 0.090115 -0.000164107 0.000125642 
9 4 4 0.0904453 -6.26799e-05 5.55222e-05 
10 4 4 0.0900933 0.000243964 -0.000198018 
11 4 4 0.0895828 0.000123242 -8.69301e-05 
12 4 4 0.0894253 -2.52716e-05 5.64198e-05 
13 4 4 0.0893099 -6.43e-05 9.64535e-05 
14 4 4 0.0891104 -2.68594e-05 0.000104806 
15 4 4 0.0875458 -0.00205513 -0.00193095 
0 5 5 0.408811 -0.000898018 0.000610815 
1 5 5 0.409944 -0.00106655 0.000310047 
2 5 5 0.412178 -0.00107317 -5.25242e-05 
3 5 5 0.415209 -0.000978589 -0.000359599 
4 5 5 0.418553 -0.000813839 -0.000543607 
5 5 5 0.421675 -0.000614958 -0.00057172 
6 5 5 0.424097 -0.000440735 -0.00043161 
7 5 5 0.425497 -0.00041631 -7.86672e-05 
8 5 5 0.425793 -0.00083107 0.000841 
9 5 5 0.430956 -0.000432113 0.00179157 
10 5 5 0.42629 0.00126239 -0.00147926 
11 5 5 0.42315 0.000697775 -0.000827519 
12 5 5 0.423289 -7.83795e-05 0.000131053 
13 5 5 0.422955 -0.000284175 0.000411421 
14 5 5 0.42219 -5.75561e-05 0.000692423 
15 5 5 0.440117 -0.00383842 -0.00454044 
0 6 6 0.68566 -0.00146072 0.000195186 
1 6 6 0.687578 -0.00185118 -0.000491958 
2 6 6 0.691026 -0.00197858 -0.00117988 
3 6 6 0.695593 -0.00184565 -0.00168842 
4 6 6 0.700565 -0.00150131 -0.00189893 
5 6 6 0.705132 -0.0010311 -0.00176896 
6 6 6 0.70857 -0.000537207 -0.00132734 
7 6 6 0.710263 -9.62471e-05 -0.000575955 
8 6 6 0.709039 0.0007137 0.00145126 
9 6 6 0.714186 0.0012206 0.00251558 
10 6 6 0.712586 -0.000275663 -0.000651536 
11 6 6 0.705429 -0.000736537 -0.00140139 
12 6 6 0.70666 -0.000405557 5.35914e-05 
13 6 6 0.706381 -0.000383443 0.000507287 
14 6 6 0.705563 -0.000173249 0.00103721 
15 6 6 0.726028 -0.00308 -0.00510339 
0 7 7 0.888955 -0.00160709 -0.00055551 
1 7 7 0.891337 -0.00189836 -0.0018352 
2 7 7 0.895479 -0.00199358 -0.00286738 
3 7 7 0.90086 -0.00180571 -0.00349147 
4 7 7 0.906705 -0.00136261 -0.00359249 
5 7 7 0.912116 -0.000767156 -0.00315841 
6 7 7 0.916286 -0.000123736 -0.00230373 
7 7 7 0.918676 0.000586313 -0.001214 
8 7 7 0.919234 0.00176337 0.000155252 
9 7 7 0.918246 0.0019885 0.00164832 
10 7 7 0.916892 -0.00111019 0.000492647 
11 7 7 0.915592 -0.00175958 0.000354578 
12 7 7 0.914715 -0.000973025 0.00062221 
13 7 7 0.913904 -0.000590987 0.000671749 
14 7 7 0.913219 -0.000445947 0.000989755 
15 7 7 0.922381 -0.00176198 -0.00566208 
0 8 8 0.903413 -0.00139708 -0.00115295 
1 8 8 0.905984 -0.00132425 -0.0025781 
2 8 8 0.910373 -0.00113215 -0.00361719 
3 8 8 0.915944 -0.000799383 -0.00413622 
4 8 8 0.92192 -0.000357932 -0.00406072 
5 8 8 0.927456 0.000109928 -0.00342664 
6 8 8 0.93182 0.000529585 -0.00239883 
7 8 8 0.934626 0.000889175 -0.00123026 
8 8 8 0.93604 0.0011731 -0.000185558 
9 8 8 0.936516 0.000846234 0.000540858 
10 8 8 0.935489 -0.000469556 0.000854589 
11 8 8 0.93325 -0.00117888 0.000856851 
12 8 8 0.931348 -0.0010612 0.00074342 
13 8 8 0.930099 -0.000808019 0.000589317 
14 8 8 0.92944 -0.000736419 0.000787305 
15 8 8 0.937177 0.0001331 -0.00593962 
0 9 9 0.737957 -0.00107149 -0.00123318 
1 9 9 0.74043 -0.000708027 -0.00216436 
2 9 9 0.744541 -0.000287992 -0.00278517 
3 9 9 0.749671 0.000130146 -0.00301978 
4 9 9 0.755098 0.000492374 -0.00284254 
5 9 9 0.760082 0.000743758 -0.00230604 
6 9 9 0.764021 0.00085344 -0.00154525 
7 9 9 0.766612 0.000824169 -0.000742824 
8 9 9 0.767897 0.000640799 -8.06334e-05 
9 9 9 0.768075 0.000216907 0.000311202 
10 9 9 0.767254 -0.00038854 0.000426892 
11 9 9 0.765769 -0.000812681 0.000388567 
12 9 9 0.764252 -0.000893269 0.000300204 
13 9 9 0.763104 -0.000792798 0.000202271 
14 9 9 0.762382 -0.000860663 0.000508893 
15 9 9 0.779768 0.0018878 -0.00584181 
0 10 10 0.458251 -0.000669891 -0.000748622 
1 10 10 0.459923 -0.000348229 -0.00107049 
2 10 10 0.462798 -1.2577e-05 -0.00125225 
3 10 10 0.466436 0.000282405 -0.00127924 
4 10 10 0.470318 0.000495046 -0.00115366 
5 10 10 0.473915 0.000596998 -0.000904088 
6 10 10 0.476802 0.000581759 -0.000589094 
7 10 10 0.478746 0.000464759 -0.000281619 
8 10 10 0.479728 0.000263132 -5.15948e-05 
9 10 10 0.479863 -7.86769e-06 5.86453e-05 
10 10 10 0.479336 -0.000287763 6.23746e-05 
11 10 10 0.478423 -0.000470988 1.94303e-05 
12 10 10 0.477448 -0.000513701 -2.29426e-05 
13 10 10 0.476636 -0.000473393 -4.79008e-05 
14 10 10 0.475855 -0.000652485 0.000264277 
15 10 10 0.496591 0.00311423 -0.00507755 
0 11 11 0.14562 -0.000214829 -0.000205229 
1 11 11 0.145982 -0.000134276 -0.000236586 
2 11 11 0.146842 -4.732e-05 -0.000244185 
3 11 11 0.148063 3.16871e-05 -0.000230145 
4 11 11 0.149465 9.13415e-05 -0.000196878 
5 11 11 0.150848 0.000123997 -0.000149359 
6 11 11 0.152029 0.000125858 -9.69348e-05 
7 11 11 0.152886 9.9556e-05 -5.13664e-05 
8 11 11 0.153374 5.04351e-05 -2.44466e-05 
9 11 11 0.153515 -1.33284e-05 -2.13875e-05 
10 11 11 0.153379 -7.37489e-05 -3.42761e-05 
11 11 11 0.153081 -0.000110771 -4.71272e-05 
12 11 11 0.152736 -0.000118193 -5.15957e-05 
13 11 11 0.15242 -0.00010916 -4.81712e-05 
14 11 11 0.15204 -0.000150445 1.9297e-05 
15 11 11 0.154823 0.00291722 -0.00312684 
0 12 12 0 0 0 
1 12 12 0 0 0 
2 12 12 0 0 0 
3 12 12 0 0 0 
4 12 12 0 0 0 
5 12 12 0 0 0 
6 12 12 0 0 0 
7 12 12 0 0 0 
8 12 12 0 0 0 
9 12 12 0 0 0 
10 12 12 0 0 0 
11 12 12 0 0 0 
12 12 12 0 0 0 
13 12 12 0 0 0 
14 12 12 0 0 0 
15 12 12 0 0 0 
0 13 13 0 0 0 
1 13 13 0 0 0 
2 13 13 0 0 0 
3 13 13 0 0 0 
4 13 13 0 0 0 
5 13 13 0 0 0 
6 13 13 0 0 0 
7 13 13 0 0 0 
8 13 13 0 0 0 
9 13 13 0 0 0 
10 13 13 0 0 0 
11 13 13 0 0 0 
12 13 13 0 0 0 
13 13 13 0 0 0 
14 13 13 0 0 0 
15 13 13 0 0 0 
0 14 14 0 0 0 
1 14 14 0 0 0 
2 14 14 0 0 0 
3 14 14 0 0 0 
4 14 14 0 0 0 
5 14 14 0 0 0 
6 14 14 0 0 0 
7 14 14 0 0 0 
8 14 14 0 0 0 
9 14 14 0 0 0 
10 14 14 0 0 0 
11 14 14 0 0 0 
12 14 14 0 0 0 
13 14 14 0 0 0 
14 14 14 0 0 0 
15 14 14 0 0 0 
0 15 15 0 0 0 
1 15 15 0 0 0 
2 15 15 0 0 0 
3 15 15 0 0 0 
4 15 15 0 0 0 
5 15 15 0 0 0 
6 15 15 0 0 0 
7 15 15 0 0 0 
8 15 15 0 0 0 
9 15 15 0 0 0 
10 15 15 0 0 0 
11 15 15 0 0 0 
12 15 15 0 0 0 
13 15 15 0 0 0 
14 15 15 0 0 0 
15 15 15 0 0 0 
0 0 0 0 0 0 
1 0 0 0 0 0 
2 0 0 0 0 0 
3 0 0 0 0 0 
4 0 0 0 0 0 
5 0 0 0 0 0 
6 0 0 0 0 0 
7 0 0 0 0 0 
8 0 0 0 0 0 
9 0 0 0 0 0 
10 0 0 0 0 0 
11 0 0 0 0 0 
12 0 0 0 0 0 
13 0 0 0 0 0 
14 0 0 0 0 0 
15 0 0 0 0 0 
0 1 1 0 0 0 
1 1 1 0 0 0 
2 1 1 0 0 0 
3 1 1 0 0 0 
4 1 1 0 0 0 
5 1 1 0 0 0 
6 1 1 0 0 0 
7 1 1 0 0 0 
8 1 1 0 0 0 
9 1 1 0 0 0 
10 1 1 0 0 0 
11 1 1 0 0 0 
12 1 1 0 0 0 
13 1 1 0 0 0 
14 1 1 0 0 0 
15 1 1 0 0 0 
0 2 2 0 0 0 
1 2 2 0 0 0 
2 2 2 0 0 0 
3 2 2 0 0 0 
4 2 2 0 0 0 
5 2 2 0 0 0 
6 2 2 0 0 0 
7 2 2 0 0 0 
8 2 2 0 0 0 
9 2 2 0 0 0 
10 2 2 0 0 0 
11 2 2 0 0 0 
12 2 2 0 0 0 
13 2 2 0 0 0 
14 2 2 0 0 0 
15 2 2 0 0 0 
0 3 3 0 0 0 
1 3 3 0 0 0 
2 3 3 0 0 0 
3 3 3 0 0 0 
4 3 3 0 0 0 
5 3 3 0 0 0 
6 3 3 0 0 0 
7 3 3 0 0 0 
8 3 3 0 0 0 
9 3 3 0 0 0 
10 3 3 0 0 0 
11 3 3 0 0 0 
12 3 3 0 0 0 
13 3 3 0 0 0 
14 3 3 0 0 0 
15 3 3 0 0 0 
0 4 4 0.406169 -0.000375025 0.000641204 
1 4 4 0.407218 -0.000705096 0.000440171 
2 4 4 0.409447 -0.00087651 0.000145653 
3 4 4 0.412461 -0.000924153 -0.000128868 
4 4 4 0.415782 -0.000869354 -0.000306879 
5 4 4 0.418902 -0.000735912 -0.00035146 
6 4 4 0.421393 -0.000566729 -0.000253865 
7 4 4 0.423043 -0.000423243 -2.95976e-05 
8 4 4 0.423947 -0.00032377 0.000230353 
9 4 4 0.424235 -5.47319e-05 0.000206498 
10 4 4 0.423411 0.00042304 -0.00015414 
11 4 4 0.421861 0.000478956 -0.000149575 
12 4 4 0.420652 0.000228051 0.00015076 
13 4 4 0.419862 3.70518e-05 0.000360054 
14 4 4 0.419053 0.000260465 0.000593598 
15 4 4 0.439363 -0.00501479 -0.00319599 
0 5 5 0.835413 -0.000868369 0.000606281 
1 5 5 0.837225 -0.00203736 -8.22456e-05 
2 5 5 0.840943 -0.00272633 -0.000855465 
3 5 5 0.845943 -0.0029555 -0.00149044 
4 5 5 0.851426 -0.00276267 -0.00181623 
5 5 5 0.856512 -0.00223158 -0.00175511 
6 5 5 0.860434 -0.00152344 -0.00131711 
7 5 5 0.862768 -0.000878677 -0.000553267 
8 5 5 0.863709 -0.000531125 0.000478848 
9 5 5 0.863941 5.83958e-05 0.00102349 
10 5 5 0.862417 0.0012776 5.54715e-05 
11 5 5 0.859716 0.00139192 -0.000147567 
12 5 5 0.857802 0.000797405 0.000394506 
13 5 5 0.856516 0.00029201 0.000783066 
14 5 5 0.855658 0.000329391 0.00116758 
15 5 5 0.864472 -0.00448816 -0.00351937 
0 6 6 1.37713 -0.000580058 -0.00050371 
1 6 6 1.37802 -0.00280679 -0.00243224 
2 6 6 1.38091 -0.00433428 -0.00417648 
3 6 6 1.38543 -0.00503649 -0.00539684 
4 6 6 1.39089 -0.00487574 -0.00580904 
5 6 6 1.39635 -0.00394783 -0.00529451 
6 6 6 1.40083 -0.00251669 -0.00395329 
7 6 6 1.40352 -0.000981756 -0.00201096 
8 6 6 1.4042 0.000274501 0.000538498 
9 6 6 1.40406 0.00142079 0.00263224 
10 6 6 1.4024 0.00198877 0.000726705 
11 6 6 1.39996 0.00176458 0.000312639 
12 6 6 1.39835 0.00123938 0.000996405 
13 6 6 1.39702 0.000657442 0.0013484 
14 6 6 1.39612 0.000203774 0.00139613 
15 6 6 1.39051 -0.00345128 -0.00407283 
0 7 7 1.70263 0.00097825 -0.0016491 
1 7 7 1.70196 -0.00097922 -0.00524676 
2 7 7 1.70244 -0.00248193 -0.00818703 
3 7 7 1.70412 -0.00332916 -0.0100615 
4 7 7 1.70684 -0.00340275 -0.0105187 
5 7 7 1.71017 -0.0027266 -0.00942593 
6 7 7 1.71341 -0.00148359 -0.00701188 
7 7 7 1.71582 5.05311e-05 -0.00383438 
8 7 7 1.71706 0.00165296 -0.000501009 
9 7 7 1.7178 0.00266376 0.00207093 
10 7 7 1.71742 0.00182369 0.00239988 
11 7 7 1.71565 0.00104017 0.00224013 
12 7 7 1.71429 0.000790851 0.00225223 
13 7 7 1.71329 0.000529208 0.0019869 
14 7 7 1.71264 0.000151073 0.00136628 
15 7 7 1.70835 -0.00136681 -0.00397038 
0 8 8 1.72579 0.00177819 -0.00209045 
1 8 8 1.7256 0.00137959 -0.00626717 
2 8 8 1.72636 0.00112007 -0.00953835 
3 8 8 1.72809 0.00100596 -0.0114858 
4 8 8 1.73071 0.00104225 -0.0117855 
5 8 8 1.73391 0.00120172 -0.0103663 
6 8 8 1.73714 0.00143509 -0.00755814 
7 8 8 1.73982 0.00169967 -0.00407718 
8 8 8 1.74164 0.00192597 -0.000786699 
9 8 8 1.74267 0.00180759 0.00157731 
10 8 8 1.74274 0.00105288 0.00269431 
11 8 8 1.74185 0.000240472 0.0029115 
12 8 8 1.74073 -0.000172867 0.00261546 
13 8 8 1.73986 -0.000304022 0.00198031 
14 8 8 1.73946 -0.000318172 0.00104442 
15 8 8 1.73549 0.000472633 -0.00440313 
0 9 9 1.45248 0.00120677 -0.00232236 
1 9 9 1.45449 0.00210347 -0.00528436 
2 9 9 1.45809 0.00292219 -0.00743862 
3 9 9 1.46294 0.00350108 -0.0085205 
4 9 9 1.46849 0.00372247 -0.00837257 
5 9 9 1.47405 0.0035412 -0.00704791 
6 9 9 1.47885 0.00301199 -0.004881 
7 9 9 1.48234 0.00227688 -0.00242835 
8 9 9 1.48433 0.0014761 -0.000277934 
9 9 9 1.48498 0.000652829 0.00116606 
10 9 9 1.48458 -0.000152196 0.00181031 
11 9 9 1.48347 -0.000757228 0.00183691 
12 9 9 1.48215 -0.00102848 0.00149857 
13 9 9 1.48106 -0.00101315 0.00098045 
14 9 9 1.48061 -0.000847091 0.000420515 
15 9 9 1.47598 0.00229679 -0.00521252 
0 10 10 0.914411 0.000280153 -0.00165371 
1 10 10 0.917315 0.00115917 -0.00278503 
2 10 10 0.921928 0.00192402 -0.00349524 
3 10 10 0.927666 0.00243964 -0.00371622 
4 10 10 0.933773 0.00261615 -0.00343639 
5 10 10 0.93944 0.00243625 -0.00273258 
6 10 10 0.943982 0.00196474 -0.00178088 
7 10 10 0.94701 0.00132778 -0.000812848 
8 10 10 0.948501 0.000655853 -3.94967e-05 
9 10 10 0.948705 3.93701e-05 0.00041872 
10 10 10 0.947995 -0.000455839 0.000562913 
11 10 10 0.946781 -0.000765231 0.00048716 
12 10 10 0.945462 -0.000864415 0.000303848 
13 10 10 0.944345 -0.000809606 0.000104349 
14 10 10 0.943732 -0.000933169 0.000198397 
15 10 10 0.945285 0.00379318 -0.00467285 
0 11 11 0.46647 -0.000147367 -0.000750322 
1 11 11 0.468259 0.000233621 -0.000990957 
2 11 11 0.471236 0.00057371 -0.00109935 
3 11 11 0.474979 0.000816271 -0.00107749 
4 11 11 0.478963 0.00092325 -0.000938637 
5 11 11 0.482651 0.000885089 -0.000713062 
6 11 11 0.485605 0.000722564 -0.000451126 
7 11 11 0.487582 0.000482035 -0.000210975 
8 11 11 0.488562 0.000216755 -4.17392e-05 
9 11 11 0.488692 -2.97317e-05 3.37022e-05 
10 11 11 0.488214 -0.000222764 2.81245e-05 
11 11 11 0.487406 -0.00033678 -1.97153e-05 
12 11 11 0.486523 -0.000367288 -7.37504e-05 
13 11 11 0.485744 -0.00034533 -0.000107957 
14 11 11 0.484975 -0.000620165 0.000122315 
15 11 11 0.505767 0.00466642 -0.003771 
0 12 12 0.0674717 -5.4617e-05 -7.65827e-05 
1 12 12 0.0676138 -2.00966e-05 -7.84754e-05 
2 12 12 0.0679955 1.47139e-05 -7.26107e-05 
3 12 12 0.0685587 4.39766e-05 -6.16019e-05 
4 12 12 0.0692207 6.30184e-05 -4.74742e-05 
5 12 12 0.0698862 6.93287e-05 -3.24209e-05 
6 12 12 0.0704637 6.25416e-05 -1.88339e-05 
7 12 12 0.0708892 4.54902e-05 -9.37849e-06 
8 12 12 0.0711371 2.28582e-05 -6.04469e-06 
9 12 12 0.0712194 -5.44353e-07 -9.0819e-06 
10 12 12 0.0711733 -1.98499e-05 -1.56688e-05 
11 12 12 0.0710502 -3.19764e-05 -2.16479e-05 
12 12 12 0.0708991 -3.56417e-05 -2.48215e-05 
13 12 12 0.0707523 -3.44352e-05 -2.45952e-05 
14 12 12 0.0705739 -6.19465e-05 -1.39515e-05 
15 12 12 0.0690574 0.0021109 -0.00145313 
0 13 13 0 0 0 
1 13 13 0 0 0 
2 13 13 0 0 0 
3 13 13 0 0 0 
4 13 13 0 0 0 
5 13 13 0 0 0 
6 13 13 0 0 0 
7 13 13 0 0 0 
8 13 13 0 0 0 
9 13 13 0 0 0 
10 13 13 0 0 0 
11 13 13 0 0 0 
12 13 13 0 0 0 
13 13 13 0 0 0 
14 13 13 0 0 0 
15 13 13 0 0 0 
0 14 14 0 0 0 
1 14 14 0 0 0 
2 14 14 0 0 0 
3 14 14 0 0 0 
4 14 14 0 0 0 
5 14 14 0 0 0 
6 14 14 0 0 0 
7 14 14 0 0 0 
8 14 14 0 0 0 
9 14 14 0 0 0 
10 14 14 0 0 0 
11 14 14 0 0 0 
12 14 14 0 0 0 
13 14 14 0 0 0 
14 14 14 0 0 0 
15 14 14 0 0 0 
0 15 15 0 0 0 
1 15 15 0 0 0 
2 15 15 0 0 0 
3 15 15 0 0 0 
4 15 15 0 0 0 
5 15 15 0 0 0 
6 15 15 0 0 0 
7 15 15 0 0 0 
8 15 15 0 0 0 
9 15 15 0 0 0 
10 15 15 0 0 0 
11 15 15 0 0 0 
12 15 15 0 0 0 
13 15 15 0 0 0 
14 15 15 0 0 0 
15 15 15 0 0 0 
0 0 0 0 0 0 
1 0 0 0 0 0 
2 0 0 0 0 0 
3 0 0 0 0 0 
4 0 0 0 0 0 
5 0 0 0 0 0 
6 0 0 0 0 0 
7 0 0 0 0 0 
8 0 0 0 0 0 
9 0 0 0 0 0 
10 0 0 0 0 0 
11 0 0 0 0 0 
12 0 0 0 0 0 
13 0 0 0 0 0 
14 0 0 0 0 0 
15 0 0 0 0 0 
0 1 1 0 0 0 
1 1 1 0 0 0 
2 1 1 0 0 0 
3 1 1 0 0 0 
4 1 1 0 0 0 
5 1 1 0 0 0 
6 1 1 0 0 0 
7 1 1 0 0 0 
8 1 1 0 0 0 
9 1 1 0 0 0 
10 1 1 0 0 0 
11 1 1 0 0 0 
12 1 1 0 0 0 
13 1 1 0 0 0 
14 1 1 0 0 0 
15 1 1 0 0 0 
0 2 2 0 0 0 
1 2 2 0 0 0 
2 2 2 0 0 0 
3 2 2 0 0 0 
4 2 2 0 0 0 
5 2 2 0 0 0 
6 2 2 0 0 0 
7 2 2 0 0 0 
8 2 2 0 0 0 
9 2 2 0 0 0 
10 2 2 0 0 0 
11 2 2 0 0 0 
12 2 2 0 0 0 
13 2 2 0 0 0 
14 2 2 0 0 0 
15 2 2 0 0 0 
0 3 3 0.190527 -5.47151e-06 0.000215684 
1 3 3 0.190809 -0.00012274 0.000183638 
2 3 3 0.191764 -0.000208262 0.000114527 
3 3 3 0.193199 -0.000259455 3.96729e-05 
4 3 3 0.194875 -0.00027498 -1.48736e-05 
5 3 3 0.196534 -0.000256473 -3.52379e-05 
6 3 3 0.19794 -0.000211003 -1.98634e-05 
7 3 3 0.198947 -0.000150115 1.86935e-05 
8 3 3 0.199503 -7.91071e-05 4.45171e-05 
9 3 3 0.199604 4.92107e-06 1.60457e-05 
10 3 3 0.199295 7.92647e-05 -4.17789e-05 
11 3 3 0.19873 0.000105991 -4.01882e-05 
12 3 3 0.198149 8.49942e-05 2.22278e-05 
13 3 3 0.197675 5.64205e-05 7.9896e-05 
14 3 3 0.197166 0.000139233 0.000140028 
15 3 3 0.201205 -0.00465254 -0.00170444 
0 4 4 0.6607 -0.000164934 0.00056602 
1 4 4 0.662202 -0.00107315 0.000318358 
2 4 4 0.665487 -0.00172153 -2.0543e-05 
3 4 4 0.669905 -0.00205412 -0.000345965 
4 4 4 0.674707 -0.00205772 -0.000554939 
5 4 4 0.679137 -0.00176891 -0.000589468 
6 4 4 0.68258 -0.00128245 -0.000445196 
7 4 4 0.68472 -0.000730829 -0.000173016 
8 4 4 0.685585 -0.000217147 0.000104424 
9 4 4 0.68536 0.000248155 0.000202683 
10 4 4 0.684157 0.000634351 0.000100757 
11 4 4 0.682334 0.000787614 6.7772e-05 
12 4 4 0.680539 0.000689841 0.000208449 
13 4 4 0.679154 0.000502318 0.000379213 
14 4 4 0.678146 0.000776553 0.000652608 
15 4 4 0.697227 -0.00549024 -0.00192241 
0 5 5 1.35324 0.000172525 0.000195155 
1 5 5 1.35369 -0.00277762 -0.000796186 
2 5 5 1.35652 -0.0050155 -0.0017855 
3 5 5 1.3611 -0.0062842 -0.00257792 
4 5 5 1.3666 -0.00645318 -0.00296303 
5 5 5 1.37208 -0.00557102 -0.00281777 
6 5 5 1.37657 -0.00391891 -0.00216002 
7 5 5 1.3794 -0.00197157 -0.00114644 
8 5 5 1.38049 -0.000201587 -5.71573e-05 
9 5 5 1.38013 0.00120725 0.000647692 
10 5 5 1.37841 0.00225293 0.000696455 
11 5 5 1.37566 0.00266363 0.000636203 
12 5 5 1.3729 0.00240646 0.000797674 
13 5 5 1.37075 0.00180143 0.00099425 
14 5 5 1.36955 0.00122215 0.00109518 
15 5 5 1.36374 -0.00469628 -0.00214985 
0 6 6 1.97408 0.00310301 -0.000996078 
1 6 6 1.96996 -0.00153702 -0.00364322 
2 6 6 1.96593 -0.00545462 -0.00593803 
3 6 6 1.96245 -0.00815575 -0.0075878 
4 6 6 1.95997 -0.00925472 -0.00825645 
5 6 6 1.95872 -0.00858483 -0.00771669 
6 6 6 1.95859 -0.00635737 -0.00601414 
7 6 6 1.9591 -0.00321957 -0.00353128 
8 6 6 1.95974 -5.04668e-05 -0.000889674 
9 6 6 1.9603 0.00245699 0.00108835 
10 6 6 1.96028 0.00403235 0.00180005 
11 6 6 1.95942 0.00463831 0.00188961 
12 6 6 1.95832 0.00439028 0.001915 
13 6 6 1.95731 0.00354672 0.00181658 
14 6 6 1.95648 0.0022862 0.00140286 
15 6 6 1.95186 -0.00149611 -0.00163124 
0 7 7 2.31147 0.00609989 -0.000594025 
1 7 7 2.30632 0.0029704 -0.00507928 
2 7 7 2.29783 3.17005e-07 -0.00896999 
3 7 7 2.28713 -0.00242891 -0.0118407 
4 7 7 2.27575 -0.00395075 -0.0132061 
5 7 7 2.26537 -0.00428981 -0.0126741 
6 7 7 2.25742 -0.0033923 -0.0102163 
7 7 7 2.25265 -0.00153865 -0.00638652 
8 7 7 2.25101 0.00069006 -0.00223681 
9 7 7 2.25184 0.0026039 0.00104699 
10 7 7 2.25394 0.00373853 0.00278462 
11 7 7 2.25627 0.00415476 0.00335865 
12 7 7 2.25846 0.00405442 0.00329737 
13 7 7 2.26025 0.00355031 0.00277926 
14 7 7 2.2613 0.00272003 0.00179468 
15 7 7 2.25701 0.0010432 -0.00132826 
0 8 8 2.33153 0.00612068 7.78025e-05 
1 8 8 2.32772 0.00633391 -0.00509956 
2 8 8 2.32001 0.0062581 -0.00958877 
3 8 8 2.30953 0.00593172 -0.0128828 
4 8 8 2.2979 0.00537736 -0.0144446 
5 8 8 2.28695 0.00463012 -0.0138642 
6 8 8 2.27837 0.00377765 -0.0111455 
7 8 8 2.27319 0.00297403 -0.00694462 
8 8 8 2.27151 0.00237038 -0.00245273 
9 8 8 2.27265 0.00198137 0.00113936 
10 8 8 2.27546 0.00171634 0.00323688 
11 8 8 2.27888 0.00156029 0.00398941 
12 8 8 2.28226 0.00149852 0.00382041 
13 8 8 2.28514 0.00147754 0.00304284 
14 8 8 2.28715 0.00150589 0.00175581 
15 8 8 2.28351 0.00208706 -0.00157427 
0 9 9 2.03677 0.00495182 -0.000952511 
1 9 9 2.03518 0.00747183 -0.00510501 
2 9 9 2.03228 0.00942829 -0.00847421 
3 9 9 2.02878 0.0105686 -0.0106507 
4 9 9 2.02551 0.0106548 -0.0112835 
5 9 9 2.02322 0.00958803 -0.0102178 
6 9 9 2.0223 0.00754615 -0.00767645 
7 9 9 2.02268 0.00501671 -0.00432447 
8 9 9 2.02399 0.00261561 -0.00106419 
9 9 9 2.02577 0.000781449 0.00136609 
10 9 9 2.02767 -0.000356335 0.00267993 
11 9 9 2.02944 -0.000866943 0.00301089 
12 9 9 2.03097 -0.000899089 0.00266418 
13 9 9 2.03221 -0.000596017 0.00190471 
14 9 9 2.03314 4.10792e-05 0.000806594 
15 9 9 2.02955 0.00292669 -0.0025746 
0 10 10 1.47476 0.00294229 -0.00174686 
1 10 10 1.47729 0.0052428 -0.00370283 
2 10 10 1.48116 0.00700712 -0.00506975 
3 10 10 1.48613 0.00797187 -0.00569407 
4 10 10 1.49173 0.00795472 -0.00550083 
5 10 10 1.49735 0.00695634 -0.00455102 
6 10 10 1.50225 0.00522119 -0.003084 
7 10 10 1.50588 0.00318744 -0.00147506 
8 10 10 1.50804 0.00131357 -0.000103364 
9 10 10 1.5089 -0.000102925 0.000791164 
10 10 10 1.50882 -0.000974564 0.00116623 
11 10 10 1.50822 -0.0013501 0.00112992 
12 10 10 1.50743 -0.00133581 0.000841631 
13 10 10 1.50675 -0.00105606 0.00044211 
14 10 10 1.50655 -0.000635132 2.68493e-05 
15 10 10 1.50225 0.00471957 -0.0033841 
0 11 11 0.75311 0.000753157 -0.000921597 
1 11 11 0.755948 0.00165123 -0.00135031 
2 11 11 0.760317 0.00233962 -0.00157871 
3 11 11 0.765673 0.00271508 -0.00159719 
4 11 11 0.771313 0.00272006 -0.00141951 
5 11 11 0.776501 0.00237215 -0.00109008 
6 11 11 0.780624 0.00176964 -0.000687022 
7 11 11 0.783352 0.00106383 -0.000303299 
8 11 11 0.784679 0.000404536 -1.64308e-05 
9 11 11 0.784851 -0.000108884 0.000135431 
10 11 11 0.784238 -0.000437049 0.00016134 
11 11 11 0.783222 -0.000584469 0.000103411 
12 11 11 0.782121 -0.000584704 1.05092e-05 
13 11 11 0.781163 -0.000501835 -7.38009e-05 
14 11 11 0.780491 -0.000799235 5.47674e-05 
15 11 11 0.798051 0.00543838 -0.00282048 
0 12 12 0.260482 -5.38812e-06 -0.000223118 
1 12 12 0.261362 0.000166899 -0.000252943 
2 12 12 0.263018 0.000312429 -0.000253248 
3 12 12 0.265212 0.000409818 -0.000230348 
4 12 12 0.267631 0.000444657 -0.000190154 
5 12 12 0.269942 0.00041442 -0.000139478 
6 12 12 0.271853 0.000330071 -8.77842e-05 
7 12 12 0.273183 0.000214754 -4.56026e-05 
8 12 12 0.273888 9.57155e-05 -2.11328e-05 
9 12 12 0.274048 -6.09639e-06 -1.73337e-05 
10 12 12 0.273809 -7.77129e-05 -2.88538e-05 
11 12 12 0.273353 -0.00011368 -4.51465e-05 
12 12 12 0.272833 -0.000121136 -5.78609e-05 
13 12 12 0.272346 -0.000112128 -6.07876e-05 
14 12 12 0.271753 -0.000263716 2.94819e-06 
15 12 12 0.286051 0.00526884 -0.00225762 
0 13 13 0 0 0 
1 13 13 0 0 0 
2 13 13 0 0 0 
3 13 13 0 0 0 
4 13 13 0 0 0 
5 13 13 0 0 0 
6 13 13 0 0 0 
7 13 13 0 0 0 
8 13 13 0 0 0 
9 13 13 0 0 0 
10 13 13 0 0 0 
11 13 13 0 0 0 
12 13 13 0 0 0 
13 13 13 0 0 0 
14 13 13 0 0 0 
15 13 13 0 0 0 
0 14 14 0 0 0 
1 14 14 0 0 0 
2 14 14 0 0 0 
3 14 14 0 0 0 
4 14 14 0 0 0 
5 14 14 0 0 0 
6 14 14 0 0 0 
7 14 14 0 0 0 
8 14 14 0 0 0 
9 14 14 0 0 0 
10 14 14 0 0 0 
11 14 14 0 0 0 
12 14 14 0 0 0 
13 14 14 0 0 0 
14 14 14 0 0 0 
15 14 14 0 0 0 
0 15 15 0 0 0 
1 15 15 0 0 0 
2 15 15 0 0 0 
3 15 15 0 0 0 
4 15 15 0 0 0 
5 15 15 0 0 0 
6 15 15 0 0 0 
7 15 15 0 0 0 
8 15 15 0 0 0 
9 15 15 0 0 0 
10 15 15 0 0 0 
11 15 15 0 0 0 
12 15 15 0 0 0 
13 15 15 0 0 0 
14 15 15 0 0 0 
15 15 15 0 0 0 
0 0 0 0 0 0 
1 0 0 0 0 0 
2 0 0 0 0 0 
3 0 0 0 0 0 
4 0 0 0 0 0 
5 0 0 0 0 0 
6 0 0 0 0 0 
7 0 0 0 0 0 
8 0 0 0 0 0 
9 0 0 0 0 0 
10 0 0 0 0 0 
11 0 0 0 0 0 
12 0 0 0 0 0 
13 0 0 0 0 0 
14 0 0 0 0 0 
15 0 0 0 0 0 
0 1 1 0 0 0 
1 1 1 0 0 0 
2 1 1 0 0 0 
3 1 1 0 0 0 
4 1 1 0 0 0 
5 1 1 0 0 0 
6 1 1 0 0 0 
7 1 1 0 0 0 
8 1 1 0 0 0 
9 1 1 0 0 0 
10 1 1 0 0 0 
11 1 1 0 0 0 
12 1 1 0 0 0 
13 1 1 0 0 0 
14 1 1 0 0 0 
15 1 1 0 0 0 
0 2 2 0 0 0 
1 2 2 0 0 0 
2 2 2 0 0 0 
3 2 2 0 0 0 
4 2 2 0 0 0 
5 2 2 0 0 0 
6 2 2 0 0 0 
7 2 2 0 0 0 
8 2 2 0 0 0 
9 2 2 0 0 0 
10 2 2 0 0 0 
11 2 2 0 0 0 
12 2 2 0 0 0 
13 2 2 0 0 0 
14 2 2 0 0 0 
15 2 2 0 0 0 
0 3 3 0.248652 9.35435e-05 0.000101373 
1 3 3 0.249076 -0.000111811 9.52027e-05 
2 3 3 0.250345 -0.000283351 6.33559e-05 
3 3 3 0.2522 -0.000399805 2.31151e-05 
4 3 3 0.254323 -0.000447175 -6.7633e-06 
5 3 3 0.25638 -0.000422826 -1.46424e-05 
6 3 3 0.258082 -0.000338586 1.25683e-07 
7 3 3 0.259249 -0.000218683 2.53705e-05 
8 3 3 0.259823 -9.02839e-05 3.63601e-05 
9 3 3 0.25985 2.50567e-05 1.28403e-05 
10 3 3 0.259443 0.000109286 -2.95903e-05 
11 3 3 0.258781 0.000150905 -4.30757e-05 
12 3 3 0.258073 0.000152561 -1.54434e-05 
13 3 3 0.257451 0.000138623 2.22291e-05 
14 3 3 0.256746 0.000348227 4.12072e-05 
15 3 3 0.272436 -0.0054386 -0.000369413 
0 4 4 0.804875 0.000124236 0.000201914 
1 4 4 0.806285 -0.00123481 0.000116654 
2 4 4 0.809742 -0.00229876 -1.61402e-05 
3 4 4 0.814546 -0.00292595 -0.000161106 
4 4 4 0.819845 -0.00303982 -0.000263809 
5 4 4 0.824761 -0.00266067 -0.000283075 
6 4 4 0.828568 -0.00191793 -0.000209373 
7 4 4 0.830864 -0.00101774 -7.3745e-05 
8 4 4 0.831622 -0.000164242 5.40243e-05 
9 4 4 0.831092 0.00051084 9.62641e-05 
10 4 4 0.829636 0.000946603 5.06414e-05 
11 4 4 0.827691 0.00112579 1.17071e-05 
12 4 4 0.825729 0.00108162 4.59862e-05 
13 4 4 0.824098 0.000917246 0.000122867 
14 4 4 0.823015 0.00114711 0.000238211 
15 4 4 0.833026 -0.00571116 -0.000624456 
0 5 5 1.65141 0.00136649 -0.00014783 
1 5 5 1.64963 -0.00290851 -0.000587681 
2 5 5 1.64981 -0.00643877 -0.00100019 
3 5 5 1.65169 -0.0087458 -0.00133603 
4 5 5 1.6548 -0.00947813 -0.00150845 
5 5 5 1.65846 -0.00854631 -0.00144298 
6 5 5 1.66184 -0.0062448 -0.00112685 
7 5 5 1.66418 -0.00323343 -0.000636148 
8 5 5 1.66507 -0.000294634 -0.000127017 
9 5 5 1.66455 0.00199896 0.000218146 
10 5 5 1.66291 0.0034172 0.000327103 
11 5 5 1.66059 0.00397778 0.000319611 
12 5 5 1.65812 0.00383643 0.000332133 
13 5 5 1.65597 0.00321012 0.000380716 
14 5 5 1.65457 0.00224583 0.000398561 
15 5 5 1.64987 -0.00371209 -0.000578975 
0 6 6 2.28895 0.0055816 -0.00055846 
1 6 6 2.28248 -9.20711e-05 -0.00176282 
2 6 6 2.27334 -0.00528182 -0.00278923 
3 6 6 2.26262 -0.00934399 -0.00354663 
4 6 6 2.25169 -0.0116343 -0.0039058 
5 6 6 2.242 -0.011672 -0.00374166 
6 6 6 2.23473 -0.00942007 -0.0030237 
7 6 6 2.23038 -0.00550756 -0.00189997 
8 6 6 2.22872 -0.00109636 -0.00069341 
9 6 6 2.22896 0.00266953 0.00022848 
10 6 6 2.23013 0.00516392 0.000690164 
11 6 6 2.23145 0.0063225 0.000820235 
12 6 6 2.23253 0.00638511 0.000808426 
13 6 6 2.23321 0.00563493 0.000723398 
14 6 6 2.23332 0.00419946 0.00053003 
15 6 6 2.22847 0.000434905 -0.000401977 
0 7 7 2.64922 0.00776892 0.000166738 
1 7 7 2.64614 0.00479657 -0.00182511 
2 7 7 2.63542 0.00168105 -0.00361084 
3 7 7 2.6183 -0.00120829 -0.00503867 
4 7 7 2.59678 -0.00343382 -0.00590196 
5 7 7 2.57374 -0.00454822 -0.00597095 
6 7 7 2.55263 -0.00425241 -0.00511685 
7 7 7 2.53664 -0.00262653 -0.00348401 
8 7 7 2.52764 -0.000230203 -0.00155163 
9 7 7 2.52545 0.00216174 7.64782e-05 
10 7 7 2.52824 0.00398198 0.00105136 
11 7 7 2.53368 0.00504758 0.00143153 
12 7 7 2.53985 0.00541887 0.00143621 
13 7 7 2.54544 0.00521244 0.00121131 
14 7 7 2.54951 0.00451811 0.000800728 
15 7 7 2.54664 0.00293696 -0.00023408 
0 8 8 2.66731 0.00603844 0.000774128 
1 8 8 2.66639 0.00754832 -0.00149853 
2 8 8 2.65726 0.00854422 -0.00357738 
3 8 8 2.64101 0.00899396 -0.00526625 
4 8 8 2.61958 0.00884452 -0.00631905 
5 8 8 2.59594 0.00804319 -0.00647609 
6 8 8 2.57378 0.00663545 -0.00559553 
7 8 8 2.55672 0.00487173 -0.00383765 
8 8 8 2.547 0.00318564 -0.00172425 
9 8 8 2.5447 0.00197801 0.000104783 
10 8 8 2.54806 0.00140031 0.00126577 
11 8 8 2.55463 0.00135401 0.00175374 
12 8 8 2.56229 0.00162235 0.00175516 
13 8 8 2.56947 0.00200559 0.001443 
14 8 8 2.57507 0.00240748 0.000904014 
15 8 8 2.5734 0.00317677 -0.000244903 
0 9 9 2.34878 0.00532266 0.000138119 
1 9 9 2.34644 0.00967481 -0.00177219 
2 9 9 2.33965 0.0131894 -0.00341641 
3 9 9 2.32953 0.0155024 -0.00460866 
4 9 9 2.31774 0.0162174 -0.00516127 
5 9 9 2.30632 0.015054 -0.00493618 
6 9 9 2.29716 0.0121105 -0.00394578 
7 9 9 2.29154 0.0080574 -0.00243579 
8 9 9 2.28973 0.00397638 -0.000839028 
9 9 9 2.2911 0.000824894 0.000429971 
10 9 9 2.29457 -0.000999224 0.00117142 
11 9 9 2.29905 -0.00162718 0.0014171 
12 9 9 2.30365 -0.00142024 0.00130805 
13 9 9 2.30774 -0.000702401 0.00097705 
14 9 9 2.31079 0.000417459 0.00047857 
15 9 9 2.30787 0.00338919 -0.000675118 
0 10 10 1.76301 0.0047071 -0.000640084 
1 10 10 1.76411 0.00848059 -0.00163496 
2 10 10 1.76548 0.0113463 -0.00236882 
3 10 10 1.76732 0.0129249 -0.00275823 
4 10 10 1.76977 0.012927 -0.00275106 
5 10 10 1.77277 0.0113153 -0.00235305 
6 10 10 1.77596 0.0084461 -0.00165963 
7 10 10 1.77887 0.00504216 -0.000850594 
8 10 10 1.78115 0.0019225 -0.000128315 
9 10 10 1.78269 -0.000348834 0.000365643 
10 10 10 1.78366 -0.00161612 0.000593757 
11 10 10 1.78423 -0.00202265 0.000602566 
12 10 10 1.7846 -0.0018193 0.000471006 
13 10 10 1.78487 -0.00122898 0.000268913 
14 10 10 1.78525 -0.000302984 1.63205e-05 
15 10 10 1.78174 0.00489982 -0.0011186 
0 11 11 0.952157 0.0017166 -0.000423727 
1 11 11 0.955435 0.00314223 -0.000650667 
2 11 11 0.960353 0.00417406 -0.000779287 
3 11 11 0.966366 0.00466814 -0.000803831 
4 11 11 0.972739 0.00455069 -0.000728822 
5 11 11 0.97866 0.00386731 -0.00057201 
6 11 11 0.983423 0.00279716 -0.000370078 
7 11 11 0.986621 0.0016046 -0.000170706 
8 11 11 0.988225 0.000543328 -1.59717e-05 
9 11 11 0.988522 -0.000229277 7.1047e-05 
10 11 11 0.987943 -0.000671355 9.10501e-05 
11 11 11 0.98692 -0.000822584 6.45393e-05 
12 11 11 0.985802 -0.000760399 1.74973e-05 
13 11 11 0.984839 -0.000582275 -2.67416e-05 
14 11 11 0.984303 -0.000682183 -7.32326e-06 
15 11 11 0.989122 0.0060308 -0.00109564 
0 12 12 0.398484 0.00021827 -0.000122292 
1 12 12 0.400046 0.000532209 -0.000146133 
2 12 12 0.402662 0.000771879 -0.000151864 
3 12 12 0.405972 0.00090505 -0.000143959 
4 12 12 0.40952 0.000914168 -0.000124764 
5 12 12 0.412828 0.000804705 -9.64134e-05 
6 12 12 0.415499 0.000607604 -6.42935e-05 
7 12 12 0.417302 0.000372213 -3.54929e-05 
8 12 12 0.41821 0.000150183 -1.62024e-05 
9 12 12 0.41836 -2.29412e-05 -9.71635e-06 
10 12 12 0.417979 -0.000131798 -1.5137e-05 
11 12 12 0.417319 -0.000177492 -2.60577e-05 
12 12 12 0.416588 -0.000176252 -3.3394e-05 
13 12 12 0.415926 -0.000152687 -3.32114e-05 
14 12 12 0.415188 -0.00039679 2.87093e-05 
15 12 12 0.436689 0.00604868 -0.000915472 
0 13 13 0 0 0 
1 13 13 0 0 0 
2 13 13 0 0 0 
3 13 13 0 0 0 
4 13 13 0 0 0 
5 13 13 0 0 0 
6 13 13 0 0 0 
7 13 13 0 0 0 
8 13 13 0 0 0 
9 13 13 0 0 0 
10 13 13 0 0 0 
11 13 13 0 0 0 
12 13 13 0 0 0 
13 13 13 0 0 0 
14 13 13 0 0 0 
15 13 13 0 0 0 
0 14 14 0 0 0 
1 14 14 0 0 0 
2 14 14 0 0 0 
3 14 14 0 0 0 
4 14 14 0 0 0 
5 14 14 0 0 0 
6 14 14 0 0 0 
7 14 14 0 0 0 
8 14 14 0 0 0 
9 14 14 0 0 0 
10 14 14 0 0 0 
11 14 14 0 0 0 
12 14 14 0 0 0 
13 14 14 0 0 0 
14 14 14 0 0 0 
15 14 14 0 0 0 
0 15 15 0 0 0 
1 15 15 0 0 0 
2 15 15 0 0 0 
3 15 15 0 0 0 
4 15 15 0 0 0 
5 15 15 0 0 0 
6 15 15 0 0 0 
7 15 15 0 0 0 
8 15 15 0 0 0 
9 15 15 0 0 0 
10 15 15 0 0 0 
11 15 15 0 0 0 
12 15 15 0 0 0 
13 15 15 0 0 0 
14 15 15 0 0 0 
15 15 15 0 0 0 
0 0 0 0 0 0 
1 0 0 0 0 0 
2 0 0 0 0 0 
3 0 0 0 0 0 
4 0 0 0 0 0 
5 0 0 0 0 0 
6 0 0 0 0 0 
7 0 0 0 0 0 
8 0 0 0 0 0 
9 0 0 0 0 0 
10 0 0 0 0 0 
11 0 0 0 0 0 
12 0 0 0 0 0 
13 0 0 0 0 0 
14 0 0 0 0 0 
15 0 0 0 0 0 
0 1 1 0 0 0 
1 1 1 0 0 0 
2 1 1 0 0 0 
3 1 1 0 0 0 
4 1 1 0 0 0 
5 1 1 0 0 0 
6 1 1 0 0 0 
7 1 1 0 0 0 
8 1 1 0 0 0 
9 1 1 0 0 0 
10 1 1 0 0 0 
11 1 1 0 0 0 
12 1 1 0 0 0 
13 1 1 0 0 0 
14 1 1 0 0 0 
15 1 1 0 0 0 
0 2 2 0 0 0 
1 2 2 0 0 0 
2 2 2 0 0 0 
3 2 2 0 0 0 
4 2 2 0 0 0 
5 2 2 0 0 0 
6 2 2 0 0 0 
7 2 2 0 0 0 
8 2 2 0 0 0 
9 2 2 0 0 0 
10 2 2 0 0 0 
11 2 2 0 0 0 
12 2 2 0 0 0 
13 2 2 0 0 0 
14 2 2 0 0 0 
15 2 2 0 0 0 
0 3 3 0.248598 9.71933e-05 -8.10026e-05 
1 3 3 0.249009 -0.000103049 -3.41322e-05 
2 3 3 0.250267 -0.000273791 3.99261e-06 
3 3 3 0.252119 -0.000392912 3.33556e-05 
4 3 3 0.254246 -0.000442559 5.05522e-05 
5 3 3 0.256306 -0.000418109 5.88546e-05 
6 3 3 0.258005 -0.000331704 6.00146e-05 
7 3 3 0.25916 -0.000209217 5.10043e-05 
8 3 3 0.259712 -8.19064e-05 2.62901e-05 
9 3 3 0.259721 2.48751e-05 -1.503e-05 
10 3 3 0.259324 9.76256e-05 -5.98498e-05 
11 3 3 0.258695 0.000134251 -8.60445e-05 
12 3 3 0.258011 0.000141043 -8.3958e-05 
13 3 3 0.257386 0.000135428 -6.413e-05 
14 3 3 0.256664 0.000349654 -4.91053e-05 
15 3 3 0.27233 -0.00543493 0.000356419 
0 4 4 0.804702 0.000129987 -0.000229 
1 4 4 0.806093 -0.00120834 -1.71301e-05 
2 4 4 0.809526 -0.00226627 0.000173638 
3 4 4 0.814321 -0.00290151 0.000310137 
4 4 4 0.819626 -0.00302592 0.000376658 
5 4 4 0.824552 -0.00265101 0.000374285 
6 4 4 0.828359 -0.00190389 0.000318621 
7 4 4 0.83063 -0.000992809 0.000225639 
8 4 4 0.831332 -0.000133398 0.000104968 
9 4 4 0.830737 0.000525783 -3.76206e-05 
10 4 4 0.829272 0.000926367 -0.000179695 
11 4 4 0.827389 0.00108118 -0.000279637 
12 4 4 0.825495 0.00104363 -0.00030873 
13 4 4 0.823884 0.000903698 -0.000279087 
14 4 4 0.822772 0.00115347 -0.000293159 
15 4 4 0.832745 -0.00569714 0.000604967 
0 5 5 1.65093 0.00135549 -0.000181751 
1 5 5 1.64915 -0.00287423 0.00049502 
2 5 5 1.64931 -0.00637881 0.00110289 
3 5 5 1.65118 -0.00868754 0.00153714 
4 5 5 1.65431 -0.00943768 0.00171697 
5 5 5 1.658 -0.00852343 0.00161493 
6 5 5 1.66139 -0.00622823 0.00127538 
7 5 5 1.66371 -0.00320821 0.000800358 
8 5 5 1.66453 -0.00025615 0.000302414 
9 5 5 1.66389 0.00202868 -0.000142657 
10 5 5 1.66217 0.00340395 -0.000492323 
11 5 5 1.65988 0.00392241 -0.000713471 
12 5 5 1.65749 0.00377688 -0.000788571 
13 5 5 1.65539 0.00318201 -0.000733242 
14 5 5 1.65398 0.00225721 -0.000580316 
15 5 5 1.64925 -0.0036809 0.000518925 
0 6 6 2.28818 0.00555835 -0.000123617 
1 6 6 2.28167 -8.28577e-05 0.00128864 
2 6 6 2.27252 -0.00524325 0.00255869 
3 6 6 2.26181 -0.00929107 0.00352936 
4 6 6 2.25092 -0.0115837 0.0040286 
5 6 6 2.24128 -0.0116341 0.0039267 
6 6 6 2.23405 -0.00939686 0.00322122 
7 6 6 2.22973 -0.00549546 0.00209421 
8 6 6 2.22803 -0.00109048 0.000858127 
9 6 6 2.22816 0.00266902 -0.000200575 
10 6 6 2.22922 0.00515098 -0.000933529 
11 6 6 2.23051 0.00629693 -0.00131962 
12 6 6 2.2316 0.00635709 -0.00140765 
13 6 6 2.23227 0.00561988 -0.00126548 
14 6 6 2.23237 0.0042085 -0.000918762 
15 6 6 2.22749 0.000462502 0.000174179 
0 7 7 2.64854 0.00779372 -0.000832623 
1 7 7 2.64539 0.00481614 0.0012678 
2 7 7 2.63463 0.0016971 0.00321757 
3 7 7 2.61749 -0.0011938 0.0048264 
4 7 7 2.596 -0.00342008 0.00585295 
5 7 7 2.57301 -0.0045358 0.00604595 
6 7 7 2.55196 -0.00424486 0.00527014 
7 7 7 2.53602 -0.00262995 0.00367398 
8 7 7 2.52701 -0.000246829 0.00172117 
9 7 7 2.52475 0.0021436 -4.04017e-05 
10 7 7 2.52747 0.00398188 -0.00126637 
11 7 7 2.53287 0.00506838 -0.00189104 
12 7 7 2.53901 0.00544623 -0.00201949 
13 7 7 2.54455 0.00523597 -0.00179089 
14 7 7 2.54857 0.00453549 -0.001291 
15 7 7 2.54567 0.00294877 -0.000138671 
0 8 8 2.66694 0.00611937 -0.00132078 
1 8 8 2.66596 0.00760001 0.00102056 
2 8 8 2.65678 0.00856427 0.00322153 
3 8 8 2.6405 0.00898737 0.00505865 
4 8 8 2.61907 0.00882194 0.00625759 
5 8 8 2.59545 0.00801566 0.00653475 
6 8 8 2.57333 0.00660937 0.00573053 
7 8 8 2.5563 0.00484747 0.00399803 
8 8 8 2.54659 0.00316401 0.00184768 
9 8 8 2.54426 0.00197214 -0.000102248 
10 8 8 2.54758 0.00142776 -0.00145215 
11 8 8 2.55412 0.0014118 -0.00212162 
12 8 8 2.56174 0.00168832 -0.00222943 
13 8 8 2.56889 0.00205898 -0.00193475 
14 8 8 2.57444 0.00243749 -0.00134481 
15 8 8 2.57272 0.00318374 -0.00011523 
0 9 9 2.34863 0.00539953 -0.000600045 
1 9 9 2.34626 0.0097146 0.00140917 
2 9 9 2.33944 0.0131906 0.00319373 
3 9 9 2.32929 0.0154731 0.00453769 
4 9 9 2.31749 0.0161723 0.00522031 
5 9 9 2.30607 0.0150092 0.00507783 
6 9 9 2.29693 0.0120765 0.00410977 
7 9 9 2.29133 0.00803799 0.00256461 
8 9 9 2.28952 0.00397246 0.000884046 
9 9 9 2.29087 0.000841032 -0.000506517 
10 9 9 2.29431 -0.000958272 -0.00138255 
11 9 9 2.29876 -0.00156809 -0.0017371 
12 9 9 2.30334 -0.00136012 -0.00168138 
13 9 9 2.3074 -0.000657938 -0.00134013 
14 9 9 2.31043 0.000436679 -0.00078188 
15 9 9 2.30748 0.00338547 0.000447764 
0 10 10 1.76294 0.00473209 0.000417797 
1 10 10 1.76403 0.00847785 0.00152856 
2 10 10 1.76537 0.0113201 0.00238153 
3 10 10 1.7672 0.0128858 0.00286521 
4 10 10 1.76965 0.0128879 0.00290455 
5 10 10 1.77264 0.0112865 0.00250063 
6 10 10 1.77584 0.00843186 0.00175983 
7 10 10 1.77876 0.00504105 0.000880681 
8 10 10 1.78103 0.00193153 8.3e-05 
9 10 10 1.78256 -0.000330646 -0.000480803 
10 10 10 1.78349 -0.0015892 -0.000764848 
11 10 10 1.78406 -0.00199116 -0.000805306 
12 10 10 1.78441 -0.00179145 -0.000673451 
13 10 10 1.78467 -0.00121272 -0.000438033 
14 10 10 1.78505 -0.000301921 -0.000131796 
15 10 10 1.78153 0.00488997 0.00105226 
0 11 11 0.952097 0.0017132 0.000418649 
1 11 11 0.955369 0.00312841 0.000704286 
2 11 11 0.960279 0.00415451 0.000875836 
3 11 11 0.966286 0.00464853 0.000915195 
4 11 11 0.972657 0.00453531 0.000824802 
5 11 11 0.978579 0.00385845 0.000634141 
6 11 11 0.983343 0.00279433 0.000393719 
7 11 11 0.986536 0.00160584 0.000161025 
8 11 11 0.988131 0.00054714 -1.8013e-05 
9 11 11 0.988416 -0.000222744 -0.000123018 
10 11 11 0.98783 -0.000662084 -0.000157619 
11 11 11 0.986805 -0.00081246 -0.000138198 
12 11 11 0.98569 -0.000751867 -8.51999e-05 
13 11 11 0.984729 -0.000577927 -2.31708e-05 
14 11 11 0.984192 -0.000682694 -2.21043e-05 
15 11 11 0.989005 0.00602778 0.00108167 
0 12 12 0.398445 0.000214716 0.000147933 
1 12 12 0.400003 0.000525494 0.000191437 
2 12 12 0.402615 0.000764727 0.000208665 
3 12 12 0.405925 0.000898806 0.000198177 
4 12 12 0.409472 0.000909431 0.000165591 
5 12 12 0.412779 0.000801835 0.000121104 
6 12 12 0.415448 0.000606313 7.45354e-05 
7 12 12 0.417248 0.000371973 3.49176e-05 
8 12 12 0.418151 0.000150827 7.77937e-06 
9 12 12 0.418298 -2.08797e-05 -6.49715e-06 
10 12 12 0.41792 -0.000128086 -1.02044e-05 
11 12 12 0.417261 -0.000174169 -5.60491e-06 
12 12 12 0.416532 -0.000173096 4.41313e-06 
13 12 12 0.415872 -0.000150707 1.17829e-05 
14 12 12 0.415131 -0.000396426 -4.3048e-05 
15 12 12 0.436628 0.00604877 0.000905953 
0 13 13 0 0 0 
1 13 13 0 0 0 
2 13 13 0 0 0 
3 13 13 0 0 0 
4 13 13 0 0 0 
5 13 13 0 0 0 
6 13 13 0 0 0 
7 13 13 0 0 0 
8 13 13 0 0 0 
9 13 13 0 0 0 
10 13 13 0 0 0 
11 13 13 0 0 0 
12 13 13 0 0 0 
13 13 13 0 0 0 
14 13 13 0 0 0 
15 13 13 0 0 0 
0 14 14 0 0 0 
1 14 14 0 0 0 
2 14 14 0 0 0 
3 14 14 0 0 0 
4 14 14 0 0 0 
5 14 14 0 0 0 
6 14 14 0 0 0 
7 14 14 0 0 0 
8 14 14 0 0 0 
9 14 14 0 0 0 
10 14 14 0 0 0 
11 14 14 0 0 0 
12 14 14 0 0 0 
13 14 14 0 0 0 
14 14 14 0 0 0 
15 14 14 0 0 0 
0 15 15 0 0 0 
1 15 15 0 0 0 
2 15 15 0 0 0 
3 15 15 0 0 0 
4 15 15 0 0 0 
5 15 15 0 0 0 
6 15 15 0 0 0 
7 15 15 0 0 0 
8 15 15 0 0 0 
9 15 15 0 0 0 
10 15 15 0 0 0 
11 15 15 0 0 0 
12 15 15 0 0 0 
13 15 15 0 0 0 
14 15 15 0 0 0 
15 15 15 0 0 0 
0 0 0 0 0 0 
1 0 0 0 0 0 
2 0 0 0 0 0 
3 0 0 0 0 0 
4 0 0 0 0 0 
5 0 0 0 0 0 
6 0 0 0 0 0 
7 0 0 0 0 0 
8 0 0 0 0 0 
9 0 0 0 0 0 
10 0 0 0 0 0 
11 0 0 0 0 0 
12 0 0 0 0 0 
13 0 0 0 0 0 
14 0 0 0 0 0 
15 0 0 0 0 0 
0 1 1 0 0 0 
1 1 1 0 0 0 
2 1 1 0 0 0 
3 1 1 0 0 0 
4 1 1 0 0 0 
5 1 1 0 0 0 
6 1 1 0 0 0 
7 1 1 0 0 0 
8 1 1 0 0 0 
9 1 1 0 0 0 
10 1 1 0 0 0 
11 1 1 0 0 0 
12 1 1 0 0 0 
13 1 1 0 0 0 
14 1 1 0 0 0 
15 1 1 0 0 0 
0 2 2 0 0 0 
1 2 2 0 0 0 
2 2 2 0 0 0 
3 2 2 0 0 0 
4 2 2 0 0 0 
5 2 2 0 0 0 
6 2 2 0 0 0 
7 2 2 0 0 0 
8 2 2 0 0 0 
9 2 2 0 0 0 
10 2 2 0 0 0 
11 2 2 0 0 0 
12 2 2 0 0 0 
13 2 2 0 0 0 
14 2 2 0 0 0 
15 2 2 0 0 0 
0 3 3 0.190323 5.62555e-06 -0.000192075 
1 3 3 0.190571 -0.000101242 -0.000131166 
2 3 3 0.191496 -0.000187006 -6.44178e-05 
3 3 3 0.19292 -0.000246814 -1.47228e-06 
4 3 3 0.194613 -0.00026597 4.55155e-05 
5 3 3 0.196277 -0.000245103 7.10239e-05 
6 3 3 0.197678 -0.000192027 7.41997e-05 
7 3 3 0.198656 -0.000121491 5.60907e-05 
8 3 3 0.19915 -5.14955e-05 2.16647e-05 
9 3 3 0.199204 4.19863e-06 -2.14041e-05 
10 3 3 0.198928 3.93972e-05 -6.25641e-05 
11 3 3 0.198462 5.54993e-05 -9.0656e-05 
12 3 3 0.197937 5.76266e-05 -0.000100166 
13 3 3 0.197444 5.42679e-05 -9.61639e-05 
14 3 3 0.196888 0.000146436 -0.000132309 
15 3 3 0.20087 -0.00463845 0.00169887 
0 4 4 0.660212 -0.000144494 -0.000576157 
1 4 4 0.661638 -0.000999836 -0.000212 
2 4 4 0.664857 -0.00164554 0.000152768 
3 4 4 0.669257 -0.00200394 0.000451069 
4 4 4 0.674077 -0.00203084 0.000630134 
5 4 4 0.678528 -0.00174428 0.000665102 
6 4 4 0.681971 -0.00123581 0.000566426 
7 4 4 0.684053 -0.000640971 0.000372314 
8 4 4 0.684751 -9.62955e-05 0.000133146 
9 4 4 0.684308 0.000306372 -0.000104859 
10 4 4 0.683107 0.000536034 -0.000304376 
11 4 4 0.681543 0.000609842 -0.000438399 
12 4 4 0.679957 0.000569718 -0.000495172 
13 4 4 0.67858 0.000478921 -0.000492405 
14 4 4 0.677467 0.000806167 -0.000660011 
15 4 4 0.696437 -0.00545328 0.0019274 
0 5 5 1.35183 0.000159356 -0.000464135 
1 5 5 1.3522 -0.00266218 0.000770689 
2 5 5 1.35496 -0.00486423 0.00189325 
3 5 5 1.35954 -0.00616532 0.00271514 
4 5 5 1.36509 -0.00638347 0.00308066 
5 5 5 1.37062 -0.00552957 0.00292258 
6 5 5 1.37514 -0.00386464 0.0023061 
7 5 5 1.37794 -0.00185099 0.00141596 
8 5 5 1.37881 1.30128e-05 0.000479149 
9 5 5 1.37801 0.00138269 -0.000327129 
10 5 5 1.3761 0.00214221 -0.000912821 
11 5 5 1.37367 0.00235433 -0.00125779 
12 5 5 1.37123 0.00216404 -0.00138039 
13 5 5 1.36914 0.00173405 -0.00132651 
14 5 5 1.36783 0.00128051 -0.00120527 
15 5 5 1.36192 -0.00460613 0.00213996 
0 6 6 1.97141 0.00306679 0.000337533 
1 6 6 1.96722 -0.00146688 0.00324365 
2 6 6 1.96318 -0.00532794 0.00576653 
3 6 6 1.95976 -0.00802709 0.00756641 
4 6 6 1.95739 -0.00915505 0.00831198 
5 6 6 1.95626 -0.00852023 0.00780818 
6 6 6 1.95622 -0.00631859 0.00615067 
7 6 6 1.95677 -0.00318658 0.00378328 
8 6 6 1.9573 -1.00421e-06 0.00134258 
9 6 6 1.95743 0.00250414 -0.000641962 
10 6 6 1.95705 0.00399423 -0.00193836 
11 6 6 1.95629 0.00450614 -0.00257317 
12 6 6 1.95532 0.00426335 -0.00268627 
13 6 6 1.9543 0.00350851 -0.00241018 
14 6 6 1.95341 0.00234098 -0.00174808 
15 6 6 1.94874 -0.00140574 0.00148009 
0 7 7 2.30901 0.0061983 -6.09611e-05 
1 7 7 2.30372 0.00303418 0.00456221 
2 7 7 2.2952 3.73981e-05 0.00862377 
3 7 7 2.28456 -0.00240326 0.0116555 
4 7 7 2.2733 -0.00392498 0.0131487 
5 7 7 2.26307 -0.00426437 0.0127083 
6 7 7 2.25524 -0.00338532 0.0103248 
7 7 7 2.25055 -0.00158527 0.00658697 
8 7 7 2.24884 0.000559532 0.00254889 
9 7 7 2.24936 0.002449 -0.000786367 
10 7 7 2.25117 0.00371216 -0.00292032 
11 7 7 2.25345 0.00426107 -0.00387653 
12 7 7 2.25561 0.0041907 -0.00393234 
13 7 7 2.25731 0.00365899 -0.00335764 
14 7 7 2.25827 0.00278435 -0.00223638 
15 7 7 2.25393 0.00106667 0.00103629 
0 8 8 2.33021 0.00631147 -0.000561281 
1 8 8 2.32629 0.00642019 0.00469724 
2 8 8 2.3185 0.00624721 0.00930637 
3 8 8 2.30801 0.00586357 0.0127299 
4 8 8 2.2964 0.00529861 0.014406 
5 8 8 2.28554 0.00456779 0.0139109 
6 8 8 2.27706 0.00372699 0.0112491 
7 8 8 2.27194 0.00290366 0.00708618 
8 8 8 2.2702 0.0022586 0.00260248 
9 8 8 2.27115 0.0018859 -0.00107555 
10 8 8 2.27377 0.0017487 -0.00338065 
11 8 8 2.27711 0.00172475 -0.00433444 
12 8 8 2.28044 0.0017011 -0.00425582 
13 8 8 2.28327 0.00163418 -0.00347077 
14 8 8 2.2852 0.00157322 -0.00211688 
15 8 8 2.28149 0.00207454 0.0013006 
0 9 9 2.03626 0.00509077 0.000621834 
1 9 9 2.03461 0.00750554 0.00486773 
2 9 9 2.03164 0.00936739 0.00835283 
3 9 9 2.02809 0.0104541 0.0106384 
4 9 9 2.02481 0.0105357 0.0113498 
5 9 9 2.02254 0.00949697 0.0103233 
6 9 9 2.02167 0.00748763 0.00778628 
7 9 9 2.02207 0.00497416 0.0044138 
8 9 9 2.02333 0.00257898 0.0011087 
9 9 9 2.025 0.000776098 -0.00140236 
10 9 9 2.02678 -0.000289228 -0.00282684 
11 9 9 2.02848 -0.000732141 -0.00325542 
12 9 9 2.02998 -0.000750533 -0.00295408 
13 9 9 2.0312 -0.000491036 -0.00218108 
14 9 9 2.0321 7.16189e-05 -0.00102763 
15 9 9 2.02845 0.00289681 0.00241735 
0 10 10 1.4745 0.00297094 0.00162817 
1 10 10 1.477 0.00520673 0.00367169 
2 10 10 1.48083 0.00692399 0.00511809 
3 10 10 1.48576 0.00787379 0.00579291 
4 10 10 1.49135 0.00787175 0.0056126 
5 10 10 1.49697 0.00690312 0.00464587 
6 10 10 1.50189 0.00519486 0.00314677 
7 10 10 1.50552 0.00317608 0.00150216 
8 10 10 1.50763 0.00131123 9.31689e-05 
9 10 10 1.50841 -8.71313e-05 -0.0008457 
10 10 10 1.50827 -0.000927755 -0.00127038 
11 10 10 1.50764 -0.00127792 -0.00127155 
12 10 10 1.50687 -0.00126506 -0.00099184 
13 10 10 1.50619 -0.00101428 -0.000568362 
14 10 10 1.50598 -0.000632765 -0.000111848 
15 10 10 1.50165 0.00469728 0.00333457 
0 11 11 0.752869 0.000741686 0.000929487 
1 11 11 0.755693 0.00161709 0.0014005 
2 11 11 0.760043 0.00229427 0.00165548 
3 11 11 0.765384 0.00267203 0.00167793 
4 11 11 0.771018 0.00268827 0.00148519 
5 11 11 0.776205 0.00235357 0.00113286 
6 11 11 0.780326 0.00176059 0.000708794 
7 11 11 0.783039 0.00105968 0.000309182 
8 11 11 0.784336 0.00040443 8.67052e-06 
9 11 11 0.784478 -0.000100608 -0.000160691 
10 11 11 0.78385 -0.000416814 -0.000207366 
11 11 11 0.782838 -0.00055676 -0.00016353 
12 11 11 0.781753 -0.000559348 -6.97815e-05 
13 11 11 0.780808 -0.000487645 2.9278e-05 
14 11 11 0.780132 -0.000797604 -8.20261e-05 
15 11 11 0.79768 0.0054336 0.00280438 
0 12 12 0.26027 -1.20777e-05 0.000239689 
1 12 12 0.261143 0.000154263 0.0002827 
2 12 12 0.26279 0.000298598 0.000288966 
3 12 12 0.26498 0.00039736 0.000263768 
4 12 12 0.267395 0.000435143 0.000215966 
5 12 12 0.269702 0.000408076 0.000156587 
6 12 12 0.271608 0.000326094 9.77321e-05 
7 12 12 0.27293 0.000212555 4.98696e-05 
8 12 12 0.273625 9.57443e-05 1.954e-05 
9 12 12 0.273778 -2.23945e-06 7.03714e-06 
10 12 12 0.273544 -6.94067e-05 9.14764e-06 
11 12 12 0.273095 -0.000104551 2.07413e-05 
12 12 12 0.27258 -0.000112995 3.52092e-05 
13 12 12 0.272099 -0.000107157 4.49814e-05 
14 12 12 0.271502 -0.000262129 -1.25527e-05 
15 12 12 0.285785 0.005268 0.0022506 
0 13 13 0 0 0 
1 13 13 0 0 0 
2 13 13 0 0 0 
3 13 13 0 0 0 
4 13 13 0 0 0 
5 13 13 0 0 0 
6 13 13 0 0 0 
7 13 13 0 0 0 
8 13 13 0 0 0 
9 13 13 0 0 0 
10 13 13 0 0 0 
11 13 13 0 0 0 
12 13 13 0 0 0 
13 13 13 0 0 0 
14 13 13 0 0 0 
15 13 13 0 0 0 
0 14 14 0 0 0 
1 14 14 0 0 0 
2 14 14 0 0 0 
3 14 14 0 0 0 
4 14 14 0 0 0 
5 14 14 0 0 0 
6 14 14 0 0 0 
7 14 14 0 0 0 
8 14 14 0 0 0 
9 14 14 0 0 0 
10 14 14 0 0 0 
11 14 14 0 0 0 
12 14 14 0 0 0 
13 14 14 0 0 0 
14 14 14 0 0 0 
15 14 14 0 0 0 
0 15 15 0 0 0 
1 15 15 0 0 0 
2 15 15 0 0 0 
3 15 15 0 0 0 
4 15 15 0 0 0 
5 15 15 0 0 0 
6 15 15 0 0 0 
7 15 15 0 0 0 
8 15 15 0 0 0 
9 15 15 0 0 0 
10 15 15 0 0 0 
11 15 15 0 0 0 
12 15 15 0 0 0 
13 15 15 0 0 0 
14 15 15 0 0 0 
15 15 15 0 0 0 
0 0 0 0 0 0 
1 0 0 0 0 0 
2 0 0 0 0 0 
3 0 0 0 0 0 
4 0 0 0 0 0 
5 0 0 0 0 0 
6 0 0 0 0 0 
7 0 0 0 0 0 
8 0 0 0 0 0 
9 0 0 0 0 0 
10 0 0 0 0 0 
11 0 0 0 0 0 
12 0 0 0 0 0 
13 0 0 0 0 0 
14 0 0 0 0 0 
15 0 0 0 0 0 
0 1 1 0 0 0 
1 1 1 0 0 0 
2 1 1 0 0 0 
3 1 1 0 0 0 
4 1 1 0 0 0 
5 1 1 0 0 0 
6 1 1 0 0 0 
7 1 1 0 0 0 
8 1 1 0 0 0 
9 1 1 0 0 0 
10 1 1 0 0 0 
11 1 1 0 0 0 
12 1 1 0 0 0 
13 1 1 0 0 0 
14 1 1 0 0 0 
15 1 1 0 0 0 
0 2 2 0 0 0 
1 2 2 0 0 0 
2 2 2 0 0 0 
3 2 2 0 0 0 
4 2 2 0 0 0 
5 2 2 0 0 0 
6 2 2 0 0 0 
7 2 2 0 0 0 
8 2 2 0 0 0 
9 2 2 0 0 0 
10 2 2 0 0 0 
11 2 2 0 0 0 
12 2 2 0 0 0 
13 2 2 0 0 0 
14 2 2 0 0 0 
15 2 2 0 0 0 
0 3 3 0 0 0 
1 3 3 0 0 0 
2 3 3 0 0 0 
3 3 3 0 0 0 
4 3 3 0 0 0 
5 3 3 0 0 0 
6 3 3 0 0 0 
7 3 3 0 0 0 
8 3 3 0 0 0 
9 3 3 0 0 0 
10 3 3 0 0 0 
11 3 3 0 0 0 
12 3 3 0 0 0 
13 3 3 0 0 0 
14 3 3 0 0 0 
15 3 3 0 0 0 
0 4 4 0.405498 -0.000313118 -0.000595548 
1 4 4 0.406414 -0.000610123 -0.000339014 
2 4 4 0.408576 -0.000806315 -6.34671e-05 
3 4 4 0.411583 -0.000886685 0.000177754 
4 4 4 0.414922 -0.000847328 0.000342893 
5 4 4 0.418064 -0.000704811 0.000404885 
6 4 4 0.42057 -0.000496474 0.000363754 
7 4 4 0.42218 -0.000271622 0.00024451 
8 4 4 0.422851 -7.77682e-05 8.47268e-05 
9 4 4 0.422722 5.5132e-05 -7.81613e-05 
10 4 4 0.42204 0.000120395 -0.000214982 
11 4 4 0.421073 0.000129751 -0.000308552 
12 4 4 0.420049 0.000103668 -0.000352498 
13 4 4 0.41912 7.04676e-05 -0.000359639 
14 4 4 0.418134 0.000321801 -0.000545683 
15 4 4 0.438317 -0.0049743 0.00321102 
0 5 5 0.832594 -0.000788406 -0.000728995 
1 5 5 0.834208 -0.00186568 0.000123525 
2 5 5 0.837843 -0.00258532 0.000923879 
3 5 5 0.842842 -0.00287653 0.00153328 
4 5 5 0.848354 -0.00272573 0.00184008 
5 5 5 0.853482 -0.0021984 0.00179575 
6 5 5 0.857464 -0.00143923 0.00144057 
7 5 5 0.859862 -0.000637908 0.000890874 
8 5 5 0.86064 3.27663e-05 0.000290629 
9 5 5 0.860092 0.000472178 -0.000241668 
10 5 5 0.858684 0.000665045 -0.000638157 
11 5 5 0.856884 0.000656732 -0.000877862 
12 5 5 0.855073 0.000518535 -0.000969582 
13 5 5 0.85351 0.000334843 -0.000954081 
14 5 5 0.852398 0.000461614 -0.00116548 
15 5 5 0.861021 -0.00437061 0.00354327 
0 6 6 1.36885 -0.000465032 -2.14978e-05 
1 6 6 1.36952 -0.00264467 0.00217108 
2 6 6 1.37239 -0.00418553 0.00404742 
3 6 6 1.37696 -0.00492445 0.0053208 
4 6 6 1.38247 -0.00480027 0.00575778 
5 6 6 1.38798 -0.00389934 0.00527729 
6 6 6 1.39255 -0.00247905 0.00402942 
7 6 6 1.39549 -0.000917574 0.00236781 
8 6 6 1.39656 0.000413833 0.000710417 
9 6 6 1.39602 0.00128314 -0.000629451 
10 6 6 1.3944 0.00164282 -0.00151844 
11 6 6 1.39228 0.0015808 -0.001967 
12 6 6 1.39012 0.00124182 -0.00205396 
13 6 6 1.38826 0.000774465 -0.00188048 
14 6 6 1.38711 0.000340689 -0.00161095 
15 6 6 1.3813 -0.00334309 0.00403299 
0 7 7 1.69715 0.00120378 0.00105175 
1 7 7 1.69632 -0.000909189 0.00481983 
2 7 7 1.6968 -0.0024635 0.00791152 
3 7 7 1.69856 -0.00329955 0.00989968 
4 7 7 1.70139 -0.00335217 0.0104359 
5 7 7 1.70481 -0.00268445 0.00940389 
6 7 7 1.70815 -0.00151344 0.00706527 
7 7 7 1.7107 -0.000174823 0.00405215 
8 7 7 1.71203 0.000981986 0.00113125 
9 7 7 1.71213 0.0017197 -0.00112381 
10 7 7 1.71131 0.00197193 -0.00249846 
11 7 7 1.71001 0.00181021 -0.00306425 
12 7 7 1.70858 0.00137328 -0.0030152 
13 7 7 1.70729 0.000808105 -0.00254404 
14 7 7 1.70646 0.000219502 -0.00172057 
15 7 7 1.70211 -0.00139994 0.00378927 
0 8 8 1.72372 0.0019928 0.00175058 
1 8 8 1.72343 0.0013769 0.00600108 
2 8 8 1.72412 0.00101145 0.00936356 
3 8 8 1.72585 0.000900779 0.0113939 
4 8 8 1.72852 0.000986731 0.0117572 
5 8 8 1.7318 0.0011753 0.0103865 
6 8 8 1.73511 0.001367 0.00762493 
7 8 8 1.73778 0.00148317 0.00420684 
8 8 8 1.73941 0.00147938 0.000990665 
9 8 8 1.73996 0.00134184 -0.00140166 
10 8 8 1.73968 0.00108052 -0.00275975 
11 8 8 1.73894 0.000727809 -0.0031967 
12 8 8 1.73804 0.000337543 -0.0029614 
13 8 8 1.73721 -2.38084e-05 -0.00229473 
14 8 8 1.73673 -0.000277243 -0.00128687 
15 8 8 1.73266 0.000395586 0.0042386 
0 9 9 1.45173 0.00128854 0.0021657 
1 9 9 1.45367 0.00204177 0.0051953 
2 9 9 1.45718 0.00278268 0.00741129 
3 9 9 1.46198 0.00336328 0.0085347 
4 9 9 1.46754 0.00362829 0.00840873 
5 9 9 1.47313 0.00348235 0.00709782 
6 9 9 1.47796 0.0029444 0.0049463 
7 9 9 1.48141 0.00214991 0.00251257 
8 9 9 1.48323 0.00128838 0.000366248 
9 9 9 1.48364 0.000515354 -0.0011269 
10 9 9 1.48307 -9.14444e-05 -0.00187982 
11 9 9 1.482 -0.000516043 -0.00200615 
12 9 9 1.48082 -0.00076881 -0.00169971 
13 9 9 1.47979 -0.00086656 -0.00115293 
14 9 9 1.47931 -0.000834277 -0.000542419 
15 9 9 1.4746 0.00224464 0.00513009 
0 10 10 0.913917 0.000278591 0.00162275 
1 10 10 0.916783 0.00109492 0.0028018 
2 10 10 0.921343 0.00183041 0.0035428 
3 10 10 0.927044 0.00235397 0.00377209 
4 10 10 0.933143 0.00255678 0.00348572 
5 10 10 0.938818 0.00239719 0.00277449 
6 10 10 0.943358 0.00192641 0.00182183 
7 10 10 0.946344 0.00127443 0.000856614 
8 10 10 0.947744 0.000596862 7.61334e-05 
9 10 10 0.947845 1.56539e-05 -0.000414865 
10 10 10 0.947087 -0.000406932 -0.00061307 
11 10 10 0.945908 -0.000659803 -0.000580772 
12 10 10 0.944659 -0.000761571 -0.000404739 
13 10 10 0.94358 -0.00075532 -0.000180683 
14 10 10 0.942946 -0.000930156 -0.000244596 
15 10 10 0.944462 0.00377528 0.00464304 
0 11 11 0.466051 -0.000161295 0.000761611 
1 11 11 0.467821 0.000198075 0.00102698 
2 11 11 0.470773 0.000530458 0.00114616 
3 11 11 0.474497 0.000778676 0.00112108 
4 11 11 0.478472 0.00089663 0.000972363 
5 11 11 0.482156 0.000865913 0.000739285 
6 11 11 0.4851 0.00070454 0.000474882 
7 11 11 0.487051 0.000462231 0.000233818 
8 11 11 0.487988 0.000200983 5.70913e-05 
9 11 11 0.488083 -2.81636e-05 -3.91479e-05 
10 11 11 0.487601 -0.00019572 -6.18668e-05 
11 11 11 0.486821 -0.000293904 -3.20711e-05 
12 11 11 0.485975 -0.000329445 2.39962e-05 
13 11 11 0.485214 -0.000325574 7.46774e-05 
14 11 11 0.484434 -0.000616579 -0.0001407 
15 11 11 0.505195 0.00466377 0.00375703 
0 12 12 0.0672736 -5.74462e-05 8.06127e-05 
1 12 12 0.067413 -2.54476e-05 8.6113e-05 
2 12 12 0.0677906 8.47932e-06 8.15575e-05 
3 12 12 0.0683497 3.82793e-05 6.98562e-05 
4 12 12 0.0690081 5.85562e-05 5.41033e-05 
5 12 12 0.0696701 6.58587e-05 3.74518e-05 
6 12 12 0.0702444 5.97323e-05 2.2796e-05 
7 12 12 0.0706653 4.33842e-05 1.22621e-05 
8 12 12 0.0709079 2.22576e-05 6.87803e-06 
9 12 12 0.0709874 1.54047e-06 6.118e-06 
10 12 12 0.0709433 -1.49629e-05 8.8089e-06 
11 12 12 0.0708256 -2.57299e-05 1.32494e-05 
12 12 12 0.0706792 -3.09009e-05 1.75022e-05 
13 12 12 0.070535 -3.18276e-05 2.02114e-05 
14 12 12 0.0703552 -6.10053e-05 1.17741e-05 
15 12 12 0.0688368 0.00210786 0.00144875 
0 13 13 0 0 0 
1 13 13 0 0 0 
2 13 13 0 0 0 
3 13 13 0 0 0 
4 13 13 0 0 0 
5 13 13 0 0 0 
6 13 13 0 0 0 
7 13 13 0 0 0 
8 13 13 0 0 0 
9 13 13 0 0 0 
10 13 13 0 0 0 
11 13 13 0 0 0 
12 13 13 0 0 0 
13 13 13 0 0 0 
14 13 13 0 0 0 
15 13 13 0 0 0 
0 14 14 0 0 0 
1 14 14 0 0 0 
2 14 14 0 0 0 
3 14 14 0 0 0 
4 14 14 0 0 0 
5 14 14 0 0 0 
6 14 14 0 0 0 
7 14 14 0 0 0 
8 14 14 0 0 0 
9 14 14 0 0 0 
10 14 14 0 0 0 
11 14 14 0 0 0 
12 14 14 0 0 0 
13 14 14 0 0 0 
14 14 14 0 0 0 
15 14 14 0 0 0 
0 15 15 0 0 0 
1 15 15 0 0 0 
2 15 15 0 0 0 
3 15 15 0 0 0 
4 15 15 0 0 0 
5 15 15 0 0 0 
6 15 15 0 0 0 
7 15 15 0 0 0 
8 15 15 0 0 0 
9 15 15 0 0 0 
10 15 15 0 0 0 
11 15 15 0 0 0 
12 15 15 0 0 0 
13 15 15 0 0 0 
14 15 15 0 0 0 
15 15 15 0 0 0 
0 0 0 0 0 0 
1 0 0 0 0 0 
2 0 0 0 0 0 
3 0 0 0 0 0 
4 0 0 0 0 0 
5 0 0 0 0 0 
6 0 0 0 0 0 
7 0 0 0 0 0 
8 0 0 0 0 0 
9 0 0 0 0 0 
10 0 0 0 0 0 
11 0 0 0 0 0 
12 0 0 0 0 0 
13 0 0 0 0 0 
14 0 0 0 0 0 
15 0 0 0 0 0 
0 1 1 0 0 0 
1 1 1 0 0 0 
2 1 1 0 0 0 
3 1 1 0 0 0 
4 1 1 0 0 0 
5 1 1 0 0 0 
6 1 1 0 0 0 
7 1 1 0 0 0 
8 1 1 0 0 0 
9 1 1 0 0 0 
10 1 1 0 0 0 
11 1 1 0 0 0 
12 1 1 0 0 0 
13 1 1 0 0 0 
14 1 1 0 0 0 
15 1 1 0 0 0 
0 2 2 0 0 0 
1 2 2 0 0 0 
2 2 2 0 0 0 
3 2 2 0 0 0 
4 2 2 0 0 0 
5 2 2 0 0 0 
6 2 2 0 0 0 
7 2 2 0 0 0 
8 2 2 0 0 0 
9 2 2 0 0 0 
10 2 2 0 0 0 
11 2 2 0 0 0 
12 2 2 0 0 0 
13 2 2 0 0 0 
14 2 2 0 0 0 
15 2 2 0 0 0 
0 3 3 0 0 0 
1 3 3 0 0 0 
2 3 3 0 0 0 
3 3 3 0 0 0 
4 3 3 0 0 0 
5 3 3 0 0 0 
6 3 3 0 0 0 
7 3 3 0 0 0 
8 3 3 0 0 0 
9 3 3 0 0 0 
10 3 3 0 0 0 
11 3 3 0 0 0 
12 3 3 0 0 0 
13 3 3 0 0 0 
14 3 3 0 0 0 
15 3 3 0 0 0 
0 4 4 0.0855835 -0.000114881 -0.000152916 
1 4 4 0.0856718 -0.000132733 -0.00011321 
2 4 4 0.0860795 -0.000135534 -6.4751e-05 
3 4 4 0.0867288 -0.000125775 -1.71324e-05 
4 4 4 0.0875088 -0.000107051 2.10075e-05 
5 4 4 0.0882941 -8.31004e-05 4.27245e-05 
6 4 4 0.0889686 -5.78507e-05 4.63686e-05 
7 4 4 0.0894497 -3.54806e-05 3.45e-05 
8 4 4 0.0897065 -1.99027e-05 1.26508e-05 
9 4 4 0.0897545 -1.23748e-05 -1.27089e-05 
10 4 4 0.0896474 -1.19835e-05 -3.56424e-05 
11 4 4 0.0894485 -1.60933e-05 -5.26028e-05 
12 4 4 0.0892169 -2.14507e-05 -6.17174e-05 
13 4 4 0.0889908 -2.48345e-05 -6.41722e-05 
14 4 4 0.0887317 -1.77982e-06 -8.39575e-05 
15 4 4 0.0871496 -0.00204095 0.00192737 
0 5 5 0.413162 -0.000749627 -0.000584407 
1 5 5 0.414153 -0.000959057 -0.000253288 
2 5 5 0.416388 -0.00103289 8.37507e-05 
3 5 5 0.419466 -0.000979634 0.000367808 
4 5 5 0.422873 -0.00082741 0.000546254 
5 5 5 0.426077 -0.000614835 0.000589395 
6 5 5 0.428633 -0.000385557 0.00050489 
7 5 5 0.430278 -0.000184088 0.000329928 
8 5 5 0.430972 -4.35127e-05 0.000117039 
9 5 5 0.430862 2.39193e-05 -8.60037e-05 
10 5 5 0.430199 2.69139e-05 -0.000246034 
11 5 5 0.429252 -1.31962e-05 -0.000349213 
12 5 5 0.428249 -7.08457e-05 -0.000394546 
13 5 5 0.427337 -0.000117105 -0.000398942 
14 5 5 0.426365 6.69878e-05 -0.000647783 
15 5 5 0.446591 -0.00381258 0.00461693 
0 6 6 0.688284 -0.00135711 -0.000438081 
1 6 6 0.690021 -0.00179986 0.000397829 
2 6 6 0.693485 -0.00194838 0.00113717 
3 6 6 0.698095 -0.00182542 0.00166445 
4 6 6 0.703105 -0.00148811 0.00188683 
5 6 6 0.70773 -0.00102545 0.00177217 
6 6 6 0.711328 -0.000545296 0.00137857 
7 6 6 0.713538 -0.000145812 0.000825584 
8 6 6 0.714346 0.000108175 0.000251929 
9 6 6 0.714008 0.000200229 -0.00023359 
10 6 6 0.712921 0.000157032 -0.000574072 
11 6 6 0.711483 2.87154e-05 -0.000760363 
12 6 6 0.710018 -0.000130294 -0.000811676 
13 6 6 0.708741 -0.000266312 -0.000776365 
14 6 6 0.707706 -0.000143015 -0.00109745 
15 6 6 0.727787 -0.00308976 0.00514424 
0 7 7 0.879402 -0.0015115 0.000250708 
1 7 7 0.881534 -0.00193063 0.00162829 
2 7 7 0.885589 -0.00199446 0.00273333 
3 7 7 0.890937 -0.00175432 0.00340505 
4 7 7 0.896761 -0.00129803 0.00353713 
5 7 7 0.902169 -0.000743648 0.00312813 
6 7 7 0.906407 -0.00022362 0.00230751 
7 7 7 0.909037 0.000156461 0.00129883 
8 7 7 0.910029 0.000340917 0.000337484 
9 7 7 0.909684 0.000332161 -0.000411321 
10 7 7 0.908472 0.000177686 -0.000882062 
11 7 7 0.906859 -5.45188e-05 -0.0010891 
12 7 7 0.905221 -0.000297442 -0.00108784 
13 7 7 0.90381 -0.000494755 -0.000965022 
14 7 7 0.902855 -0.000524114 -0.00115424 
15 7 7 0.911518 -0.00184486 0.00552911 
0 8 8 0.901715 -0.00134465 0.00101641 
1 8 8 0.904109 -0.00143269 0.00248141 
2 8 8 0.908388 -0.00123584 0.00355863 
3 8 8 0.913933 -0.000840827 0.00410566 
4 8 8 0.919933 -0.000362353 0.00405155 
5 8 8 0.925509 8.071e-05 0.00343978 
6 8 8 0.929904 0.000390448 0.0024401 
7 8 8 0.932681 0.000515838 0.00130796 
8 8 8 0.933808 0.000459574 0.000293169 
9 8 8 0.933587 0.000265065 -0.000444413 
10 8 8 0.932488 -5.25353e-06 -0.000858528 
11 8 8 0.930976 -0.00028807 -0.000987449 
12 8 8 0.929425 -0.000530406 -0.000909093 
13 8 8 0.92809 -0.000695804 -0.000727267 
14 8 8 0.927219 -0.000815021 -0.000883081 
15 8 8 0.934789 3.70204e-05 0.00587059 
0 9 9 0.737353 -0.0010628 0.00118968 
1 9 9 0.739734 -0.000802921 0.00215538 
2 9 9 0.743754 -0.000393834 0.0027915 
3 9 9 0.748847 6.25916e-05 0.00302938 
4 9 9 0.754281 0.000456271 0.00285534 
5 9 9 0.759286 0.000699485 0.00233166 
6 9 9 0.763222 0.000750953 0.00159468 
7 9 9 0.765733 0.000624279 0.000820723 
8 9 9 0.76681 0.000374998 0.000167792 
9 9 9 0.766718 7.31511e-05 -0.000272676 
10 9 9 0.765857 -0.000220405 -0.000486618 
11 9 9 0.764625 -0.000462461 -0.00051316 
12 9 9 0.763346 -0.000627026 -0.000414777 
13 9 9 0.762237 -0.000709914 -0.000271623 
14 9 9 0.761413 -0.000891672 -0.000545466 
15 9 9 0.778661 0.00184148 0.00581161 
0 10 10 0.457741 -0.0006838 0.000746503 
1 10 10 0.45937 -0.000405205 0.00109197 
2 10 10 0.462196 -7.57739e-05 0.00128018 
3 10 10 0.465807 0.00023574 0.00130263 
4 10 10 0.469684 0.000463454 0.00117226 
5 10 10 0.473282 0.00056368 0.000926656 
6 10 10 0.476155 0.000528041 0.000623269 
7 10 10 0.478045 0.000384339 0.000327665 
8 10 10 0.47893 0.000181939 9.39612e-05 
9 10 10 0.478978 -2.85299e-05 -4.97234e-05 
10 10 10 0.478457 -0.0002096 -0.000105093 
11 10 10 0.477641 -0.000339863 -9.27523e-05 
12 10 10 0.476763 -0.000412417 -4.06975e-05 
13 10 10 0.475973 -0.000437637 1.42837e-05 
14 10 10 0.47515 -0.000659432 -0.000277454 
15 10 10 0.495831 0.00310414 0.00506316 
0 11 11 0.145142 -0.000221845 0.00021043 
1 11 11 0.14549 -0.000150567 0.0002497 
2 11 11 0.146333 -6.52602e-05 0.000259131 
3 11 11 0.147542 1.70384e-05 0.00024274 
4 11 11 0.148936 8.00009e-05 0.000206994 
5 11 11 0.150313 0.000112519 0.000159854 
6 11 11 0.151484 0.000111481 0.000109746 
7 11 11 0.152322 8.28584e-05 6.55235e-05 
8 11 11 0.152785 3.85595e-05 3.40223e-05 
9 11 11 0.15291 -9.49382e-06 1.7763e-05 
10 11 11 0.152786 -5.09618e-05 1.51238e-05 
11 11 11 0.152517 -8.06668e-05 2.17138e-05 
12 11 11 0.152196 -9.69496e-05 3.17846e-05 
13 11 11 0.151886 -0.000101409 3.8974e-05 
14 11 11 0.151494 -0.000150829 -2.22347e-05 
15 11 11 0.154242 0.00291169 0.00311837 
0 12 12 0 0 0 
1 12 12 0 0 0 
2 12 12 0 0 0 
3 12 12 0 0 0 
4 12 12 0 0 0 
5 12 12 0 0 0 
6 12 12 0 0 0 
7 12 12 0 0 0 
8 12 12 0 0 0 
9 12 12 0 0 0 
10 12 12 0 0 0 
11 12 12 0 0 0 
12 12 12 0 0 0 
13 12 12 0 0 0 
14 12 12 0 0 0 
15 12 12 0 0 0 
0 13 13 0 0 0 
1 13 13 0 0 0 
2 13 13 0 0 0 
3 13 13 0 0 0 
4 13 13 0 0 0 
5 13 13 0 0 0 
6 13 13 0 0 0 
7 13 13 0 0 0 
8 13 13 0 0 0 
9 13 13 0 0 0 
10 13 13 0 0 0 
11 13 13 0 0 0 
12 13 13 0 0 0 
13 13 13 0 0 0 
14 13 13 0 0 0 
15 13 13 0 0 0 
0 14 14 0 0 0 
1 14 14 0 0 0 
2 14 14 0 0 0 
3 14 14 0 0 0 
4 14 14 0 0 0 
5 14 14 0 0 0 
6 14 14 0 0 0 
7 14 14 0 0 0 
8 14 14 0 0 0 
9 14 14 0 0 0 
10 14 14 0 0 0 
11 14 14 0 0 0 
12 14 14 0 0 0 
13 14 14 0 0 0 
14 14 14 0 0 0 
15 14 14 0 0 0 
0 15 15 0 0 0 
1 15 15 0 0 0 
2 15 15 0 0 0 
3 15 15 0 0 0 
4 15 15 0 0 0 
5 15 15 0 0 0 
6 15 15 0 0 0 
7 15 15 0 0 0 
8 15 15 0 0 0 
9 15 15 0 0 0 
10 15 15 0 0 0 
11 15 15 0 0 0 
12 15 15 0 0 0 
13 15 15 0 0 0 
14 15 15 0 0 0 
15 15 15 0 0 0 
0 0 0 0 0 0 
1 0 0 0 0 0 
2 0 0 0 0 0 
3 0 0 0 0 0 
4 0 0 0 0 0 
5 0 0 0 0 0 
6 0 0 0 0 0 
7 0 0 0 0 0 
8 0 0 0 0 0 
9 0 0 0 0 0 
10 0 0 0 0 0 
11 0 0 0 0 0 
12 0 0 0 0 0 
13 0 0 0 0 0 
14 0 0 0 0 0 
15 0 0 0 0 0 
0 1 1 0 0 0 
1 1 1 0 0 0 
2 1 1 0 0 0 
3 1 1 0 0 0 
4 1 1 0 0 0 
5 1 1 0 0 0 
6 1 1 0 0 0 
7 1 1 0 0 0 
8 1 1 0 0 0 
9 1 1 0 0 0 
10 1 1 0 0 0 
11 1 1 0 0 0 
12 1 1 0 0 0 
13 1 1 0 0 0 
14 1 1 0 0 0 
15 1 1 0 0 0 
0 2 2 0 0 0 
1 2 2 0 0 0 
2 2 2 0 0 0 
3 2 2 0 0 0 
4 2 2 0 0 0 
5 2 2 0 0 0 
6 2 2 0 0 0 
7 2 2 0 0 0 
8 2 2 0 0 0 
9 2 2 0 0 0 
10 2 2 0 0 0 
11 2 2 0 0 0 
12 2 2 0 0 0 
13 2 2 0 0 0 
14 2 2 0 0 0 
15 2 2 0 0 0 
0 3 3 0 0 0 
1 3 3 0 0 0 
2 3 3 0 0 0 
3 3 3 0 0 0 
4 3 3 0 0 0 
5 3 3 0 0 0 
6 3 3 0 0 0 
7 3 3 0 0 0 
8 3 3 0 0 0 
9 3 3 0 0 0 
10 3 3 0 0 0 
11 3 3 0 0 0 
12 3 3 0 0 0 
13 3 3 0 0 0 
14 3 3 0 0 0 
15 3 3 0 0 0 
0 4 4 0 0 0 
1 4 4 0 0 0 
2 4 4 0 0 0 
3 4 4 0 0 0 
4 4 4 0 0 0 
5 4 4 0 0 0 
6 4 4 0 0 0 
7 4 4 0 0 0 
8 4 4 0 0 0 
9 4 4 0 0 0 
10 4 4 0 0 0 
11 4 4 0 0 0 
12 4 4 0 0 0 
13 4 4 0 0 0 
14 4 4 0 0 0 
15 4 4 0 0 0 
0 5 5 0 0 0 
1 5 5 0 0 0 
2 5 5 0 0 0 
3 5 5 0 0 0 
4 5 5 0 0 0 
5 5 5 0 0 0 
6 5 5 0 0 0 
7 5 5 0 0 0 
8 5 5 0 0 0 
9 5 5 0 0 0 
10 5 5 0 0 0 
11 5 5 0 0 0 
12 5 5 0 0 0 
13 5 5 0 0 0 
14 5 5 0 0 0 
15 5 5 0 0 0 
0 6 6 0.193496 -0.000519437 -0.00022936 
1 6 6 0.193876 -0.000507993 -9.68686e-05 
2 6 6 0.194891 -0.000438891 3.49564e-05 
3 6 6 0.196362 -0.000337981 0.000149678 
4 6 6 0.198091 -0.00022671 0.000221688 
5 6 6 0.199761 -0.000126174 0.000238651 
6 6 6 0.201149 -5.44212e-05 0.000206156 
7 6 6 0.202105 -1.73181e-05 0.000137657 
8 6 6 0.202583 -1.39118e-05 5.43475e-05 
9 6 6 0.202639 -3.65647e-05 -2.50815e-05 
10 6 6 0.202389 -7.33606e-05 -8.6547e-05 
11 6 6 0.201968 -0.000112657 -0.000125268 
12 6 6 0.201495 -0.000144387 -0.000141604 
13 6 6 0.201048 -0.000161096 -0.000142642 
14 6 6 0.200542 -0.000119615 -0.000223467 
15 6 6 0.203212 -0.00212288 0.00445911 
0 7 7 0.345021 -0.000972316 -0.00016213 
1 7 7 0.345973 -0.000907473 0.000135775 
2 7 7 0.347968 -0.000739496 0.000395944 
3 7 7 0.350677 -0.000521452 0.00057953 
4 7 7 0.353677 -0.00029869 0.000658075 
5 7 7 0.356518 -0.000113818 0.00062355 
6 7 7 0.358818 5.70598e-07 0.00049294 
7 7 7 0.360348 3.8728e-05 0.000306472 
8 7 7 0.361063 1.13069e-05 0.000111852 
9 7 7 0.361081 -6.02846e-05 -5.35048e-05 
10 7 7 0.360611 -0.000150808 -0.000168263 
11 7 7 0.359881 -0.000237103 -0.0002292 
12 7 7 0.359086 -0.000301726 -0.000244271 
13 7 7 0.358348 -0.000333767 -0.000235417 
14 7 7 0.357494 -0.000285253 -0.000473671 
15 7 7 0.376211 -0.00135243 0.00576493 
0 8 8 0.358475 -0.00100922 0.000166588 
1 8 8 0.359532 -0.000924798 0.000453599 
2 8 8 0.361661 -0.000736267 0.000670306 
3 8 8 0.364519 -0.000496031 0.000789788 
4 8 8 0.367663 -0.000258246 0.000798306 
5 8 8 0.370633 -6.89033e-05 0.000702184 
6 8 8 0.373036 4.21855e-05 0.000527661 
7 8 8 0.374635 6.98454e-05 0.000318842 
8 8 8 0.37539 2.86156e-05 0.000122368 
9 8 8 0.375423 -5.64401e-05 -2.92566e-05 
10 8 8 0.374953 -0.000158096 -0.000122133 
11 8 8 0.374215 -0.000251801 -0.000159895 
12 8 8 0.373409 -0.000319601 -0.00015664 
13 8 8 0.372664 -0.000349629 -0.000138965 
14 8 8 0.371793 -0.000366204 -0.000406659 
15 8 8 0.392462 0.000324006 0.00581016 
0 9 9 0.236114 -0.000656354 0.000238527 
1 9 9 0.236751 -0.000572853 0.000370501 
2 9 9 0.238128 -0.00042774 0.000452826 
3 9 9 0.240028 -0.000256645 0.000479816 
4 9 9 0.242159 -9.75484e-05 0.000452176 
5 9 9 0.244209 1.91479e-05 0.000379017 
6 9 9 0.245903 7.70725e-05 0.000276465 
7 9 9 0.247067 7.67144e-05 0.000166964 
8 9 9 0.247656 3.18639e-05 7.2373e-05 
9 9 9 0.247745 -3.70311e-05 6.02052e-06 
10 9 9 0.247476 -0.000111808 -2.80976e-05 
11 9 9 0.24701 -0.000176188 -3.52215e-05 
12 9 9 0.246485 -0.000219422 -2.51884e-05 
13 9 9 0.245995 -0.00023586 -1.22187e-05 
14 9 9 0.245443 -0.000265397 -0.00012952 
15 9 9 0.25407 0.00180129 0.00526803 
0 10 10 0.0732691 -0.000174902 8.26781e-05 
1 10 10 0.0734012 -0.000145084 0.000102247 
2 10 10 0.0737955 -0.000100691 0.000109579 
3 10 10 0.0743884 -5.18148e-05 0.000105895 
4 10 10 0.0750893 -8.7589e-06 9.32785e-05 
5 10 10 0.0757939 2.06343e-05 7.49606e-05 
6 10 10 0.0764035 3.25077e-05 5.38068e-05 
7 10 10 0.0768468 2.80577e-05 3.37325e-05 
8 10 10 0.0770949 1.18857e-05 1.79543e-05 
9 10 10 0.0771646 -9.48403e-06 9.15647e-06 
10 10 10 0.0771109 -3.11971e-05 5.95099e-06 
11 10 10 0.0769729 -4.87498e-05 7.33017e-06 
12 10 10 0.0768044 -5.97529e-05 1.07606e-05 
13 10 10 0.0766408 -6.41481e-05 1.39634e-05 
14 10 10 0.0764479 -7.61165e-05 -9.57058e-06 
15 10 10 0.0747939 0.00148514 0.00232281 
0 11 11 0 0 0 
1 11 11 0 0 0 
2 11 11 0 0 0 
3 11 11 0 0 0 
4 11 11 0 0 0 
5 11 11 0 0 0 
6 11 11 0 0 0 
7 11 11 0 0 0 
8 11 11 0 0 0 
9 11 11 0 0 0 
10 11 11 0 0 0 
11 11 11 0 0 0 
12 11 11 0 0 0 
13 11 11 0 0 0 
14 11 11 0 0 0 
15 11 11 0 0 0 
0 12 12 0 0 0 
1 12 12 0 0 0 
2 12 12 0 0 0 
3 12 12 0 0 0 
4 12 12 0 0 0 
5 12 12 0 0 0 
6 12 12 0 0 0 
7 12 12 0 0 0 
8 12 12 0 0 0 
9 12 12 0 0 0 
10 12 12 0 0 0 
11 12 12 0 0 0 
12 12 12 0 0 0 
13 12 12 0 0 0 
14 12 12 0 0 0 
15 12 12 0 0 0 
0 13 13 0 0 0 
1 13 13 0 0 0 
2 13 13 0 0 0 
3 13 13 0 0 0 
4 13 13 0 0 0 
5 13 13 0 0 0 
6 13 13 0 0 0 
7 13 13 0 0 0 
8 13 13 0 0 0 
9 13 13 0 0 0 
10 13 13 0 0 0 
11 13 13 0 0 0 
12 13 13 0 0 0 
13 13 13 0 0 0 
14 13 13 0 0 0 
15 13 13 0 0 0 
0 14 14 0 0 0 
1 14 14 0 0 0 
2 14 14 0 0 0 
3 14 14 0 0 0 
4 14 14 0 0 0 
5 14 14 0 0 0 
6 14 14 0 0 0 
7 14 14 0 0 0 
8 14 14 0 0 0 
9 14 14 0 0 0 
10 14 14 0 0 0 
11 14 14 0 0 0 
12 14 14 0 0 0 
13 14 14 0 0 0 
14 14 14 0 0 0 
15 14 14 0 0 0 
0 15 15 0 0 0 
1 15 15 0 0 0 
2 15 15 0 0 0 
3 15 15 0 0 0 
4 15 15 0 0 0 
5 15 15 0 0 0 
6 15 15 0 0 0 
7 15 15 0 0 0 
8 15 15 0 0 0 
9 15 15 0 0 0 
10 15 15 0 0 0 
11 15 15 0 0 0 
12 15 15 0 0 0 
13 15 15 0 0 0 
14 15 15 0 0 0 
15 15 15 0 0 0 
0 0 0 0 0 0 
1 0 0 0 0 0 
2 0 0 0 0 0 
3 0 0 0 0 0 
4 0 0 0 0 0 
5 0 0 0 0 0 
6 0 0 0 0 0 
7 0 0 0 0 0 
8 0 0 0 0 0 
9 0 0 0 0 0 
10 0 0 0 0 0 
11 0 0 0 0 0 
12 0 0 0 0 0 
13 0 0 0 0 0 
14 0 0 0 0 0 
15 0 0 0 0 0 
0 1 1 0 0 0 
1 1 1 0 0 0 
2 1 1 0 0 0 
3 1 1 0 0 0 
4 1 1 0 0 0 
5 1 1 0 0 0 
6 1 1 0 0 0 
7 1 1 0 0 0 
8 1 1 0 0 0 
9 1 1 0 0 0 
10 1 1 0 0 0 
11 1 1 0 0 0 
12 1 1 0 0 0 
13 1 1 0 0 0 
14 1 1 0 0 0 
15 1 1 0 0 0 
0 2 2 0 0 0 
1 2 2 0 0 0 
2 2 2 0 0 0 
3 2 2 0 0 0 
4 2 2 0 0 0 
5 2 2 0 0 0 
6 2 2 0 0 0 
7 2 2 0 0 0 
8 2 2 0 0 0 
9 2 2 0 0 0 
10 2 2 0 0 0 
11 2 2 0 0 0 
12 2 2 0 0 0 
13 2 2 0 0 0 
14 2 2 0 0 0 
15 2 2 0 0 0 
0 3 3 0 0 0 
1 3 3 0 0 0 
2 3 3 0 0 0 
3 3 3 0 0 0 
4 3 3 0 0 0 
5 3 3 0 0 0 
6 3 3 0 0 0 
7 3 3 0 0 0 
8 3 3 0 0 0 
9 3 3 0 0 0 
10 3 3 0 0 0 
11 3 3 0 0 0 
12 3 3 0 0 0 
13 3 3 0 0 0 
14 3 3 0 0 0 
15 3 3 0 0 0 
0 4 4 0 0 0 
1 4 4 0 0 0 
2 4 4 0 0 0 
3 4 4 0 0 0 
4 4 4 0 0 0 
5 4 4 0 0 0 
6 4 4 0 0 0 
7 4 4 0 0 0 
8 4 4 0 0 0 
9 4 4 0 0 0 
10 4 4 0 0 0 
11 4 4 0 0 0 
12 4 4 0 0 0 
13 4 4 0 0 0 
14 4 4 0 0 0 
15 4 4 0 0 0 
0 5 5 0 0 0 
1 5 5 0 0 0 
2 5 5 0 0 0 
3 5 5 0 0 0 
4 5 5 0 0 0 
5 5 5 0 0 0 
6 5 5 0 0 0 
7 5 5 0 0 0 
8 5 5 0 0 0 
9 5 5 0 0 0 
10 5 5 0 0 0 
11 5 5 0 0 0 
12 5 5 0 0 0 
13 5 5 0 0 0 
14 5 5 0 0 0 
15 5 5 0 0 0 
0 6 6 0 0 0 
1 6 6 0 0 0 
2 6 6 0 0 0 
3 6 6 0 0 0 
4 6 6 0 0 0 
5 6 6 0 0 0 
6 6 6 0 0 0 
7 6 6 0 0 0 
8 6 6 0 0 0 
9 6 6 0 0 0 
10 6 6 0 0 0 
11 6 6 0 0 0 
12 6 6 0 0 0 
13 6 6 0 0 0 
14 6 6 0 0 0 
15 6 6 0 0 0 
0 7 7 0 0 0 
1 7 7 0 0 0 
2 7 7 0 0 0 
3 7 7 0 0 0 
4 7 7 0 0 0 
5 7 7 0 0 0 
6 7 7 0 0 0 
7 7 7 0 0 0 
8 7 7 0 0 0 
9 7 7 0 0 0 
10 7 7 0 0 0 
11 7 7 0 0 0 
12 7 7 0 0 0 
13 7 7 0 0 0 
14 7 7 0 0 0 
15 7 7 0 0 0 
0 8 8 0 0 0 
1 8 8 0 0 0 
2 8 8 0 0 0 
3 8 8 0 0 0 
4 8 8 0 0 0 
5 8 8 0 0 0 
6 8 8 0 0 0 
7 8 8 0 0 0 
8 8 8 0 0 0 
9 8 8 0 0 0 
10 8 8 0 0 0 
11 8 8 0 0 0 
12 8 8 0 0 0 
13 8 8 0 0 0 
14 8 8 0 0 0 
15 8 8 0 0 0 
0 9 9 0 0 0 
1 9 9 0 0 0 
2 9 9 0 0 0 
3 9 9 0 0 0 
4 9 9 0 0 0 
5 9 9 0 0 0 
6 9 9 0 0 0 
7 9 9 0 0 0 
8 9 9 0 0 0 
9 9 9 0 0 0 
10 9 9 0 0 0 
11 9 9 0 0 0 
12 9 9 0 0 0 
13 9 9 0 0 0 
14 9 9 0 0 0 
15 9 9 0 0 0 
0 10 10 0 0 0 
1 10 10 0 0 0 
2 10 10 0 0 0 
3 10 10 0 0 0 
4 10 10 0 0 0 
5 10 10 0 0 0 
6 10 10 0 0 0 
7 10 10 0 0 0 
8 10 10 0 0 0 
9 10 10 0 0 0 
10 10 10 0 0 0 
11 10 10 0 0 0 
12 10 10 0 0 0 
13 10 10 0 0 0 
14 10 10 0 0 0 
15 10 10 0 0 0 
0 11 11 0 0 0 
1 11 11 0 0 0 
2 11 11 0 0 0 
3 11 11 0 0 0 
4 11 11 0 0 0 
5 11 11 0 0 0 
6 11 11 0 0 0 
7 11 11 0 0 0 
8 11 11 0 0 0 
9 11 11 0 0 0 
10 11 11 0 0 0 
11 11 11 0 0 0 
12 11 11 0 0 0 
13 11 11 0 0 0 
14 11 11 0 0 0 
15 11 11 0 0 0 
0 12 12 0 0 0 
1 12 12 0 0 0 
2 12 12 0 0 0 
3 12 12 0 0 0 
4 12 12 0 0 0 
5 12 12 0 0 0 
6 12 12 0 0 0 
7 12 12 0 0 0 
8 12 12 0 0 0 
9 12 12 0 0 0 
10 12 12 0 0 0 
11 12 12 0 0 0 
12 12 12 0 0 0 
13 12 12 0 0 0 
14 12 12 0 0 0 
15 12 12 0 0 0 
0 13 13 0 0 0 
1 13 13 0 0 0 
2 13 13 0 0 0 
3 13 13 0 0 0 
4 13 13 0 0 0 
5 13 13 0 0 0 
6 13 13 0 0 0 
7 13 13 0 0 0 
8 13 13 0 0 0 
9 13 13 0 0 0 
10 13 13 0 0 0 
11 13 13 0 0 0 
12 13 13 0 0 0 
13 13 13 0 0 0 
14 13 13 0 0 0 
15 13 13 0 0 0 
0 14 14 0 0 0 
1 14 14 0 0 0 
2 14 14 0 0 0 
3 14 14 0 0 0 
4 14 14 0 0 0 
5 14 14 0 0 0 
6 14 14 0 0 0 
7 14 14 0 0 0 
8 14 14 0 0 0 
9 14 14 0 0 0 
10 14 14 0 0 0 
11 14 14 0 0 0 
12 14 14 0 0 0 
13 14 14 0 0 0 
14 14 14 0 0 0 
15 14 14 0 0 0 
0 15 15 0 0 0 
1 15 15 0 0 0 
2 15 15 0 0 0 
3 15 15 0 0 0 
4 15 15 0 0 0 
5 15 15 0 0 0 
6 15 15 0 0 0 
7 15 15 0 0 0 
8 15 15 0 0 0 
9 15 15 0 0 0 
10 15 15 0 0 0 
11 15 15 0 0 0 
12 15 15 0 0 0 
13 15 15 0 0 0 
14 15 15 0 0 0 
15 15 15 0 0 0 
0 0 0 0 0 0 
1 0 0 0 0 0 
2 0 0 0 0 0 
3 0 0 0 0 0 
4 0 0 0 0 0 
5 0 0 0 0 0 
6 0 0 0 0 0 
7 0 0 0 0 0 
8 0 0 0 0 0 
9 0 0 0 0 0 
10 0 0 0 0 0 
11 0 0 0 0 0 
12 0 0 0 0 0 
13 0 0 0 0 0 
14 0 0 0 0 0 
15 0 0 0 0 0 
0 1 1 0 0 0 
1 1 1 0 0 0 
2 1 1 0 0 0 
3 1 1 0 0 0 
4 1 1 0 0 0 
5 1 1 0 0 0 
6 1 1 0 0 0 
7 1 1 0 0 0 
8 1 1 0 0 0 
9 1 1 0 0 0 
10 1 1 0 0 0 
11 1 1 0 0 0 
12 1 1 0 0 0 
13 1 1 0 0 0 
14 1 1 0 0 0 
15 1 1 0 0 0 
0 2 2 0 0 0 
1 2 2 0 0 0 
2 2 2 0 0 0 
3 2 2 0 0 0 
4 2 2 0 0 0 
5 2 2 0 0 0 
6 2 2 0 0 0 
7 2 2 0 0 0 
8 2 2 0 0 0 
9 2 2 0 0 0 
10 2 2 0 0 0 
11 2 2 0 0 0 
12 2 2 0 0 0 
13 2 2 0 0 0 
14 2 2 0 0 0 
15 2 2 0 0 0 
0 3 3 0 0 0 
1 3 3 0 0 0 
2 3 3 0 0 0 
3 3 3 0 0 0 
4 3 3 0 0 0 
5 3 3 0 0 0 
6 3 3 0 0 0 
7 3 3 0 0 0 
8 3 3 0 0 0 
9 3 3 0 0 0 
10 3 3 0 0 0 
11 3 3 0 0 0 
12 3 3 0 0 0 
13 3 3 0 0 0 
14 3 3 0 0 0 
15 3 3 0 0 0 
0 4 4 0 0 0 
1 4 4 0 0 0 
2 4 4 0 0 0 
3 4 4 0 0 0 
4 4 4 0 0 0 
5 4 4 0 0 0 
6 4 4 0 0 0 
7 4 4 0 0 0 
8 4 4 0 0 0 
9 4 4 0 0 0 
10 4 4 0 0 0 
11 4 4 0 0 0 
12 4 4 0 0 0 
13 4 4 0 0 0 
14 4 4 0 0 0 
15 4 4 0 0 0 
0 5 5 0 0 0 
1 5 5 0 0 0 
2 5 5 0 0 0 
3 5 5 0 0 0 
4 5 5 0 0 0 
5 5 5 0 0 0 
6 5 5 0 0 0 
7 5 5 0 0 0 
8 5 5 0 0 0 
9 5 5 0 0 0 
10 5 5 0 0 0 
11 5 5 0 0 0 
12 5 5 0 0 0 
13 5 5 0 0 0 
14 5 5 0 0 0 
15 5 5 0 0 0 
0 6 6 0 0 0 
1 6 6 0 0 0 
2 6 6 0 0 0 
3 6 6 0 0 0 
4 6 6 0 0 0 
5 6 6 0 0 0 
6 6 6 0 0 0 
7 6 6 0 0 0 
8 6 6 0 0 0 
9 6 6 0 0 0 
10 6 6 0 0 0 
11 6 6 0 0 0 
12 6 6 0 0 0 
13 6 6 0 0 0 
14 6 6 0 0 0 
15 6 6 0 0 0 
0 7 7 0 0 0 
1 7 7 0 0 0 
2 7 7 0 0 0 
3 7 7 0 0 0 
4 7 7 0 0 0 
5 7 7 0 0 0 
6 7 7 0 0 0 
7 7 7 0 0 0 
8 7 7 0 0 0 
9 7 7 0 0 0 
10 7 7 0 0 0 
11 7 7 0 0 0 
12 7 7 0 0 0 
13 7 7 0 0 0 
14 7 7 0 0 0 
15 7 7 0 0 0 
0 8 8 0 0 0 
1 8 8 0 0 0 
2 8 8 0 0 0 
3 8 8 0 0 0 
4 8 8 0 0 0 
5 8 8 0 0 0 
6 8 8 0 0 0 
7 8 8 0 0 0 
8 8 8 0 0 0 
9 8 8 0 0 0 
10 8 8 0 0 0 
11 8 8 0 0 0 
12 8 8 0 0 0 
13 8 8 0 0 0 
14 8 8 0 0 0 
15 8 8 0 0 0 
0 9 9 0 0 0 
1 9 9 0 0 0 
2 9 9 0 0 0 
3 9 9 0 0 0 
4 9 9 0 0 0 
5 9 9 0 0 0 
6 9 9 0 0 0 
7 9 9 0 0 0 
8 9 9 0 0 0 
9 9 9 0 0 0 
10 9 9 0 0 0 
11 9 9 0 0 0 
12 9 9 0 0 0 
13 9 9 0 0 0 
14 9 9 0 0 0 
15 9 9 0 0 0 
0 10 10 0 0 0 
1 10 10 0 0 0 
2 10 10 0 0 0 
3 10 10 0 0 0 
4 10 10 0 0 0 
5 10 10 0 0 0 
6 10 10 0 0 0 
7 10 10 0 0 0 
8 10 10 0 0 0 
9 10 10 0 0 0 
10 10 10 0 0 0 
11 10 10 0 0 0 
12 10 10 0 0 0 
13 10 10 0 0 0 
14 10 10 0 0 0 
15 10 10 0 0 0 
0 11 11 0 0 0 
1 11 11 0 0 0 
2 11 11 0 0 0 
3 11 11 0 0 0 
4 11 11 0 0 0 
5 11 11 0 0 0 
6 11 11 0 0 0 
7 11 11 0 0 0 
8 11 11 0 0 0 
9 11 11 0 0 0 
10 11 11 0 0 0 
11 11 11 0 0 0 
12 11 11 0 0 0 
13 11 11 0 0 0 
14 11 11 0 0 0 
15 11 11 0 0 0 
0 12 12 0 0 0 
1 12 12 0 0 0 
2 12 12 0 0 0 
3 12 12 0 0 0 
4 12 12 0 0 0 
5 12 12 0 0 0 
6 12 12 0 0 0 
7 12 12 0 0 0 
8 12 12 0 0 0 
9 12 12 0 0 0 
10 12 12 0 0 0 
11 12 12 0 0 0 
12 12 12 0 0 0 
13 12 12 0 0 0 
14 12 12 0 0 0 
15 12 12 0 0 0 
0 13 13 0 0 0 
1 13 13 0 0 0 
2 13 13 0 0 0 
3 13 13 0 0 0 
4 13 13 0 0 0 
5 13 13 0 0 0 
6 13 13 0 0 0 
7 13 13 0 0 0 
8 13 13 0 0 0 
9 13 13 0 0 0 
10 13 13 0 0 0 
11 13 13 0 0 0 
12 13 13 0 0 0 
13 13 13 0 0 0 
14 13 13 0 0 0 
15 13 13 0 0 0 
0 14 14 0 0 0 
1 14 14 0 0 0 
2 14 14 0 0 0 
3 14 14 0 0 0 
4 14 14 0 0 0 
5 14 14 0 0 0 
6 14 14 0 0 0 
7 14 14 0 0 0 
8 14 14 0 0 0 
9 14 14 0 0 0 
10 14 14 0 0 0 
11 14 14 0 0 0 
12 14 14 0 0 0 
13 14 14 0 0 0 
14 14 14 0 0 0 
15 14 14 0 0 0 
0 15 15 0 0 0 
1 15 15 0 0 0 
2 15 15 0 0 0 
3 15 15 0 0 0 
4 15 15 0 0 0 
5 15 15 0 0 0 
6 15 15 0 0 0 
7 15 15 0 0 0 
8 15 15 0 0 0 
9 15 15 0 0 0 
10 15 15 0 0 0 
11 15 15 0 0 0 
12 15 15 0 0 0 
13 15 15 0 0 0 
14 15 15 0 0 0 
15 15 15 0 0 0 
0 0 0 0 0 0 
1 0 0 0 0 0 
2 0 0 0 0 0 
3 0 0 0 0 0 
4 0 0 0 0 0 
5 0 0 0 0 0 
6 0 0 0 0 0 
7 0 0 0 0 0 
8 0 0 0 0 0 
9 0 0 0 0 0 
10 0 0 0 0 0 
11 0 0 0 0 0 
12 0 0 0 0 0 
13 0 0 0 0 0 
14 0 0 0 0 0 
15 0 0 0 0 0 
0 1 1 0 0 0 
1 1 1 0 0 0 
2 1 1 0 0 0 
3 1 1 0 0 0 
4 1 1 0 0 0 
5 1 1 0 0 0 
6 1 1 0 0 0 
7 1 1 0 0 0 
8 1 1 0 0 0 
9 1 1 0 0 0 
10 1 1 0 0 0 
11 1 1 0 0 0 
12 1 1 0 0 0 
13 1 1 0 0 0 
14 1 1 0 0 0 
15 1 1 0 0 0 
0 2 2 0 0 0 
1 2 2 0 0 0 
2 2 2 0 0 0 
3 2 2 0 0 0 
4 2 2 0 0 0 
5 2 2 0 0 0 
6 2 2 0 0 0 
7 2 2 0 0 0 
8 2 2 0 0 0 
9 2 2 0 0 0 
10 2 2 0 0 0 
11 2 2 0 0 0 
12 2 2 0 0 0 
13 2 2 0 0 0 
14 2 2 0 0 0 
15 2 2 0 0 0 
0 3 3 0 0 0 
1 3 3 0 0 0 
2 3 3 0 0 0 
3 3 3 0 0 0 
4 3 3 0 0 0 
5 3 3 0 0 0 
6 3 3 0 0 0 
7 3 3 0 0 0 
8 3 3 0 0 0 
9 3 3 0 0 0 
10 3 3 0 0 0 
11 3 3 0 0 0 
12 3 3 0 0 0 
13 3 3 0 0 0 
14 3 3 0 0 0 
15 3 3 0 0 0 
0 4 4 0 0 0 
1 4 4 0 0 0 
2 4 4 0 0 0 
3 4 4 0 0 0 
4 4 4 0 0 0 
5 4 4 0 0 0 
6 4 4 0 0 0 
7 4 4 0 0 0 
8 4 4 0 0 0 
9 4 4 0 0 0 
10 4 4 0 0 0 
11 4 4 0 0 0 
12 4 4 0 0 0 
13 4 4 0 0 0 
14 4 4 0 0 0 
15 4 4 0 0 0 
0 5 5 0 0 0 
1 5 5 0 0 0 
2 5 5 0 0 0 
3 5 5 0 0 0 
4 5 5 0 0 0 
5 5 5 0 0 0 
6 5 5 0 0 0 
7 5 5 0 0 0 
8 5 5 0 0 0 
9 5 5 0 0 0 
10 5 5 0 0 0 
11 5 5 0 0 0 
12 5 5 0 0 0 
13 5 5 0 0 0 
14 5 5 0 0 0 
15 5 5 0 0 0 
0 6 6 0 0 0 
1 6 6 0 0 0 
2 6 6 0 0 0 
3 6 6 0 0 0 
4 6 6 0 0 0 
5 6 6 0 0 0 
6 6 6 0 0 0 
7 6 6 0 0 0 
8 6 6 0 0 0 
9 6 6 0 0 0 
10 6 6 0 0 0 
11 6 6 0 0 0 
12 6 6 0 0 0 
13 6 6 0 0 0 
14 6 6 0 0 0 
15 6 6 0 0 0 
0 7 7 0 0 0 
1 7 7 0 0 0 
2 7 7 0 0 0 
3 7 7 0 0 0 
4 7 7 0 0 0 
5 7 7 0 0 0 
6 7 7 0 0 0 
7 7 7 0 0 0 
8 7 7 0 0 0 
9 7 7 0 0 0 
10 7 7 0 0 0 
11 7 7 0 0 0 
12 7 7 0 0 0 
13 7 7 0 0 0 
14 7 7 0 0 0 
15 7 7 0 0 0 
0 8 8 0 0 0 
1 8 8 0 0 0 
2 8 8 0 0 0 
3 8 8 0 0 0 
4 8 8 0 0 0 
5 8 8 0 0 0 
6 8 8 0 0 0 
7 8 8 0 0 0 
8 8 8 0 0 0 
9 8 8 0 0 0 
10 8 8 0 0 0 
11 8 8 0 0 0 
12 8 8 0 0 0 
13 8 8 0 0 0 
14 8 8 0 0 0 
15 8 8 0 0 0 
0 9 9 0 0 0 
1 9 9 0 0 0 
2 9 9 0 0 0 
3 9 9 0 0 0 
4 9 9 0 0 0 
5 9 9 0 0 0 
6 9 9 0 0 0 
7 9 9 0 0 0 
8 9 9 0 0 0 
9 9 9 0 0 0 
10 9 9 0 0 0 
11 9 9 0 0 0 
12 9 9 0 0 0 
13 9 9 0 0 0 
14 9 9 0 0 0 
15 9 9 0 0 0 
0 10 10 0 0 0 
1 10 10 0 0 0 
2 10 10 0 0 0 
3 10 10 0 0 0 
4 10 10 0 0 0 
5 10 10 0 0 0 
6 10 10 0 0 0 
7 10 10 0 0 0 
8 10 10 0 0 0 
9 10 10 0 0 0 
10 10 10 0 0 0 
11 10 10 0 0 0 
12 10 10 0 0 0 
13 10 10 0 0 0 
14 10 10 0 0 0 
15 10 10 0 0 0 
0 11 11 0 0 0 
1 11 11 0 0 0 
2 11 11 0 0 0 
3 11 11 0 0 0 
4 11 11 0 0 0 
5 11 11 0 0 0 
6 11 11 0 0 0 
7 11 11 0 0 0 
8 11 11 0 0 0 
9 11 11 0 0 0 
10 11 11 0 0 0 
11 11 11 0 0 0 
12 11 11 0 0 0 
13 11 11 0 0 0 
14 11 11 0 0 0 
15 11 11 0 0 0 
0 12 12 0 0 0 
1 12 12 0 0 0 
2 12 12 0 0 0 
3 12 12 0 0 0 
4 12 12 0 0 0 
5 12 12 0 0 0 
6 12 12 0 0 0 
7 12 12 0 0 0 
8 12 12 0 0 0 
9 12 12 0 0 0 
10 12 12 0 0 0 
11 12 12 0 0 0 
12 12 12 0 0 0 
13 12 12 0 0 0 
14 12 12 0 0 0 
15 12 12 0 0 0 
0 13 13 0 0 0 
1 13 13 0 0 0 
2 13 13 0 0 0 
3 13 13 0 0 0 
4 13 13 0 0 0 
5 13 13 0 0 0 
6 13 13 0 0 0 
7 13 13 0 0 0 
8 13 13 0 0 0 
9 13 13 0 0 0 
10 13 13 0 0 0 
11 13 13 0 0 0 
12 13 13 0 0 0 
13 13 13 0 0 0 
14 13 13 0 0 0 
15 13 13 0 0 0 
0 14 14 0 0 0 
1 14 14 0 0 0 
2 14 14 0 0 0 
3 14 14 0 0 0 
4 14 14 0 0 0 
5 14 14 0 0 0 
6 14 14 0 0 0 
7 14 14 0 0 0 
8 14 14 0 0 0 
9 14 14 0 0 0 
10 14 14 0 0 0 
11 14 14 0 0 0 
12 14 14 0 0 0 
13 14 14 0 0 0 
14 14 14 0 0 0 
15 14 14 0 0 0 
0 15 15 0 0 0 
1 15 15 0 0 0 
2 15 15 0 0 0 
3 15 15 0 0 0 
4 15 15 0 0 0 
5 15 15 0 0 0 
6 15 15 0 0 0 
7 15 15 0 0 0 
8 15 15 0 0 0 
9 15 15 0 0 0 
10 15 15 0 0 0 
11 15 15 0 0 0 
12 15 15 0 0 0 
13 15 15 0 0 0 
14 15 15 0 0 0 
15 15 15 0 0 0 
