0 0 0 0 0 0 
1 0 0 0 0 0 
2 0 0 0 0 0 
3 0 0 0 0 0 
4 0 0 0 0 0 
5 0 0 0 0 0 
6 0 0 0 0 0 
7 0 0 0 0 0 
8 0 0 0 0 0 
9 0 0 0 0 0 
10 0 0 0 0 0 
11 0 0 0 0 0 
12 0 0 0 0 0 
13 0 0 0 0 0 
14 0 0 0 0 0 
15 0 0 0 0 0 
0 1 1 0 0 0 
1 1 1 0 0 0 
2 1 1 0 0 0 
3 1 1 0 0 0 
4 1 1 0 0 0 
5 1 1 0 0 0 
6 1 1 0 0 0 
7 1 1 0 0 0 
8 1 1 0 0 0 
9 1 1 0 0 0 
10 1 1 0 0 0 
11 1 1 0 0 0 
12 1 1 0 0 0 
13 1 1 0 0 0 
14 1 1 0 0 0 
15 1 1 0 0 0 
0 2 2 0 0 0 
1 2 2 0 0 0 
2 2 2 0 0 0 
3 2 2 0 0 0 
4 2 2 0 0 0 
5 2 2 0 0 0 
6 2 2 0 0 0 
7 2 2 0 0 0 
8 2 2 0 0 0 
9 2 2 0 0 0 
10 2 2 0 0 0 
11 2 2 0 0 0 
12 2 2 0 0 0 
13 2 2 0 0 0 
14 2 2 0 0 0 
15 2 2 0 0 0 
0 3 3 0 0 0 
1 3 3 0 0 0 
2 3 3 0 0 0 
3 3 3 0 0 0 
4 3 3 0 0 0 
5 3 3 0 0 0 
6 3 3 0 0 0 
7 3 3 0 0 0 
8 3 3 0 0 0 
9 3 3 0 0 0 
10 3 3 0 0 0 
11 3 3 0 0 0 
12 3 3 0 0 0 
13 3 3 0 0 0 
14 3 3 0 0 0 
15 3 3 0 0 0 
0 4 4 0 0 0 
1 4 4 0 0 0 
2 4 4 0 0 0 
3 4 4 0 0 0 
4 4 4 0 0 0 
5 4 4 0 0 0 
6 4 4 0 0 0 
7 4 4 0 0 0 
8 4 4 0 0 0 
9 4 4 0 0 0 
10 4 4 0 0 0 
11 4 4 0 0 0 
12 4 4 0 0 0 
13 4 4 0 0 0 
14 4 4 0 0 0 
15 4 4 0 0 0 
0 5 5 0 0 0 
1 5 5 0 0 0 
2 5 5 0 0 0 
3 5 5 0 0 0 
4 5 5 0 0 0 
5 5 5 0 0 0 
6 5 5 0 0 0 
7 5 5 0 0 0 
8 5 5 0 0 0 
9 5 5 0 0 0 
10 5 5 0 0 0 
11 5 5 0 0 0 
12 5 5 0 0 0 
13 5 5 0 0 0 
14 5 5 0 0 0 
15 5 5 0 0 0 
0 6 6 0 0 0 
1 6 6 0 0 0 
2 6 6 0 0 0 
3 6 6 0 0 0 
4 6 6 0 0 0 
5 6 6 0 0 0 
6 6 6 0 0 0 
7 6 6 0 0 0 
8 6 6 0 0 0 
9 6 6 0 0 0 
10 6 6 0 0 0 
11 6 6 0 0 0 
12 6 6 0 0 0 
13 6 6 0 0 0 
14 6 6 0 0 0 
15 6 6 0 0 0 
0 7 7 0 0 0 
1 7 7 0 0 0 
2 7 7 0 0 0 
3 7 7 0 0 0 
4 7 7 0 0 0 
5 7 7 0 0 0 
6 7 7 0 0 0 
7 7 7 0 0 0 
8 7 7 0 0 0 
9 7 7 0 0 0 
10 7 7 0 0 0 
11 7 7 0 0 0 
12 7 7 0 0 0 
13 7 7 0 0 0 
14 7 7 0 0 0 
15 7 7 0 0 0 
0 8 8 0 0 0 
1 8 8 0 0 0 
2 8 8 0 0 0 
3 8 8 0 0 0 
4 8 8 0 0 0 
5 8 8 0 0 0 
6 8 8 0 0 0 
7 8 8 0 0 0 
8 8 8 0 0 0 
9 8 8 0 0 0 
10 8 8 0 0 0 
11 8 8 0 0 0 
12 8 8 0 0 0 
13 8 8 0 0 0 
14 8 8 0 0 0 
15 8 8 0 0 0 
0 9 9 0 0 0 
1 9 9 0 0 0 
2 9 9 0 0 0 
3 9 9 0 0 0 
4 9 9 0 0 0 
5 9 9 0 0 0 
6 9 9 0 0 0 
7 9 9 0 0 0 
8 9 9 0 0 0 
9 9 9 0 0 0 
10 9 9 0 0 0 
11 9 9 0 0 0 
12 9 9 0 0 0 
13 9 9 0 0 0 
14 9 9 0 0 0 
15 9 9 0 0 0 
0 10 10 0 0 0 
1 10 10 0 0 0 
2 10 10 0 0 0 
3 10 10 0 0 0 
4 10 10 0 0 0 
5 10 10 0 0 0 
6 10 10 0 0 0 
7 10 10 0 0 0 
8 10 10 0 0 0 
9 10 10 0 0 0 
10 10 10 0 0 0 
11 10 10 0 0 0 
12 10 10 0 0 0 
13 10 10 0 0 0 
14 10 10 0 0 0 
15 10 10 0 0 0 
0 11 11 0 0 0 
1 11 11 0 0 0 
2 11 11 0 0 0 
3 11 11 0 0 0 
4 11 11 0 0 0 
5 11 11 0 0 0 
6 11 11 0 0 0 
7 11 11 0 0 0 
8 11 11 0 0 0 
9 11 11 0 0 0 
10 11 11 0 0 0 
11 11 11 0 0 0 
12 11 11 0 0 0 
13 11 11 0 0 0 
14 11 11 0 0 0 
15 11 11 0 0 0 
0 12 12 0 0 0 
1 12 12 0 0 0 
2 12 12 0 0 0 
3 12 12 0 0 0 
4 12 12 0 0 0 
5 12 12 0 0 0 
6 12 12 0 0 0 
7 12 12 0 0 0 
8 12 12 0 0 0 
9 12 12 0 0 0 
10 12 12 0 0 0 
11 12 12 0 0 0 
12 12 12 0 0 0 
13 12 12 0 0 0 
14 12 12 0 0 0 
15 12 12 0 0 0 
0 13 13 0 0 0 
1 13 13 0 0 0 
2 13 13 0 0 0 
3 13 13 0 0 0 
4 13 13 0 0 0 
5 13 13 0 0 0 
6 13 13 0 0 0 
7 13 13 0 0 0 
8 13 13 0 0 0 
9 13 13 0 0 0 
10 13 13 0 0 0 
11 13 13 0 0 0 
12 13 13 0 0 0 
13 13 13 0 0 0 
14 13 13 0 0 0 
15 13 13 0 0 0 
0 14 14 0 0 0 
1 14 14 0 0 0 
2 14 14 0 0 0 
3 14 14 0 0 0 
4 14 14 0 0 0 
5 14 14 0 0 0 
6 14 14 0 0 0 
7 14 14 0 0 0 
8 14 14 0 0 0 
9 14 14 0 0 0 
10 14 14 0 0 0 
11 14 14 0 0 0 
12 14 14 0 0 0 
13 14 14 0 0 0 
14 14 14 0 0 0 
15 14 14 0 0 0 
0 15 15 0 0 0 
1 15 15 0 0 0 
2 15 15 0 0 0 
3 15 15 0 0 0 
4 15 15 0 0 0 
5 15 15 0 0 0 
6 15 15 0 0 0 
7 15 15 0 0 0 
8 15 15 0 0 0 
9 15 15 0 0 0 
10 15 15 0 0 0 
11 15 15 0 0 0 
12 15 15 0 0 0 
13 15 15 0 0 0 
14 15 15 0 0 0 
15 15 15 0 0 0 
0 0 0 0 0 0 
1 0 0 0 0 0 
2 0 0 0 0 0 
3 0 0 0 0 0 
4 0 0 0 0 0 
5 0 0 0 0 0 
6 0 0 0 0 0 
7 0 0 0 0 0 
8 0 0 0 0 0 
9 0 0 0 0 0 
10 0 0 0 0 0 
11 0 0 0 0 0 
12 0 0 0 0 0 
13 0 0 0 0 0 
14 0 0 0 0 0 
15 0 0 0 0 0 
0 1 1 0 0 0 
1 1 1 0 0 0 
2 1 1 0 0 0 
3 1 1 0 0 0 
4 1 1 0 0 0 
5 1 1 0 0 0 
6 1 1 0 0 0 
7 1 1 0 0 0 
8 1 1 0 0 0 
9 1 1 0 0 0 
10 1 1 0 0 0 
11 1 1 0 0 0 
12 1 1 0 0 0 
13 1 1 0 0 0 
14 1 1 0 0 0 
15 1 1 0 0 0 
0 2 2 0 0 0 
1 2 2 0 0 0 
2 2 2 0 0 0 
3 2 2 0 0 0 
4 2 2 0 0 0 
5 2 2 0 0 0 
6 2 2 0 0 0 
7 2 2 0 0 0 
8 2 2 0 0 0 
9 2 2 0 0 0 
10 2 2 0 0 0 
11 2 2 0 0 0 
12 2 2 0 0 0 
13 2 2 0 0 0 
14 2 2 0 0 0 
15 2 2 0 0 0 
0 3 3 0 0 0 
1 3 3 0 0 0 
2 3 3 0 0 0 
3 3 3 0 0 0 
4 3 3 0 0 0 
5 3 3 0 0 0 
6 3 3 0 0 0 
7 3 3 0 0 0 
8 3 3 0 0 0 
9 3 3 0 0 0 
10 3 3 0 0 0 
11 3 3 0 0 0 
12 3 3 0 0 0 
13 3 3 0 0 0 
14 3 3 0 0 0 
15 3 3 0 0 0 
0 4 4 0 0 0 
1 4 4 0 0 0 
2 4 4 0 0 0 
3 4 4 0 0 0 
4 4 4 0 0 0 
5 4 4 0 0 0 
6 4 4 0 0 0 
7 4 4 0 0 0 
8 4 4 0 0 0 
9 4 4 0 0 0 
10 4 4 0 0 0 
11 4 4 0 0 0 
12 4 4 0 0 0 
13 4 4 0 0 0 
14 4 4 0 0 0 
15 4 4 0 0 0 
0 5 5 0 0 0 
1 5 5 0 0 0 
2 5 5 0 0 0 
3 5 5 0 0 0 
4 5 5 0 0 0 
5 5 5 0 0 0 
6 5 5 0 0 0 
7 5 5 0 0 0 
8 5 5 0 0 0 
9 5 5 0 0 0 
10 5 5 0 0 0 
11 5 5 0 0 0 
12 5 5 0 0 0 
13 5 5 0 0 0 
14 5 5 0 0 0 
15 5 5 0 0 0 
0 6 6 0 0 0 
1 6 6 0 0 0 
2 6 6 0 0 0 
3 6 6 0 0 0 
4 6 6 0 0 0 
5 6 6 0 0 0 
6 6 6 0 0 0 
7 6 6 0 0 0 
8 6 6 0 0 0 
9 6 6 0 0 0 
10 6 6 0 0 0 
11 6 6 0 0 0 
12 6 6 0 0 0 
13 6 6 0 0 0 
14 6 6 0 0 0 
15 6 6 0 0 0 
0 7 7 0 0 0 
1 7 7 0 0 0 
2 7 7 0 0 0 
3 7 7 0 0 0 
4 7 7 0 0 0 
5 7 7 0 0 0 
6 7 7 0 0 0 
7 7 7 0 0 0 
8 7 7 0 0 0 
9 7 7 0 0 0 
10 7 7 0 0 0 
11 7 7 0 0 0 
12 7 7 0 0 0 
13 7 7 0 0 0 
14 7 7 0 0 0 
15 7 7 0 0 0 
0 8 8 0 0 0 
1 8 8 0 0 0 
2 8 8 0 0 0 
3 8 8 0 0 0 
4 8 8 0 0 0 
5 8 8 0 0 0 
6 8 8 0 0 0 
7 8 8 0 0 0 
8 8 8 0 0 0 
9 8 8 0 0 0 
10 8 8 0 0 0 
11 8 8 0 0 0 
12 8 8 0 0 0 
13 8 8 0 0 0 
14 8 8 0 0 0 
15 8 8 0 0 0 
0 9 9 0 0 0 
1 9 9 0 0 0 
2 9 9 0 0 0 
3 9 9 0 0 0 
4 9 9 0 0 0 
5 9 9 0 0 0 
6 9 9 0 0 0 
7 9 9 0 0 0 
8 9 9 0 0 0 
9 9 9 0 0 0 
10 9 9 0 0 0 
11 9 9 0 0 0 
12 9 9 0 0 0 
13 9 9 0 0 0 
14 9 9 0 0 0 
15 9 9 0 0 0 
0 10 10 0 0 0 
1 10 10 0 0 0 
2 10 10 0 0 0 
3 10 10 0 0 0 
4 10 10 0 0 0 
5 10 10 0 0 0 
6 10 10 0 0 0 
7 10 10 0 0 0 
8 10 10 0 0 0 
9 10 10 0 0 0 
10 10 10 0 0 0 
11 10 10 0 0 0 
12 10 10 0 0 0 
13 10 10 0 0 0 
14 10 10 0 0 0 
15 10 10 0 0 0 
0 11 11 0 0 0 
1 11 11 0 0 0 
2 11 11 0 0 0 
3 11 11 0 0 0 
4 11 11 0 0 0 
5 11 11 0 0 0 
6 11 11 0 0 0 
7 11 11 0 0 0 
8 11 11 0 0 0 
9 11 11 0 0 0 
10 11 11 0 0 0 
11 11 11 0 0 0 
12 11 11 0 0 0 
13 11 11 0 0 0 
14 11 11 0 0 0 
15 11 11 0 0 0 
0 12 12 0 0 0 
1 12 12 0 0 0 
2 12 12 0 0 0 
3 12 12 0 0 0 
4 12 12 0 0 0 
5 12 12 0 0 0 
6 12 12 0 0 0 
7 12 12 0 0 0 
8 12 12 0 0 0 
9 12 12 0 0 0 
10 12 12 0 0 0 
11 12 12 0 0 0 
12 12 12 0 0 0 
13 12 12 0 0 0 
14 12 12 0 0 0 
15 12 12 0 0 0 
0 13 13 0 0 0 
1 13 13 0 0 0 
2 13 13 0 0 0 
3 13 13 0 0 0 
4 13 13 0 0 0 
5 13 13 0 0 0 
6 13 13 0 0 0 
7 13 13 0 0 0 
8 13 13 0 0 0 
9 13 13 0 0 0 
10 13 13 0 0 0 
11 13 13 0 0 0 
12 13 13 0 0 0 
13 13 13 0 0 0 
14 13 13 0 0 0 
15 13 13 0 0 0 
0 14 14 0 0 0 
1 14 14 0 0 0 
2 14 14 0 0 0 
3 14 14 0 0 0 
4 14 14 0 0 0 
5 14 14 0 0 0 
6 14 14 0 0 0 
7 14 14 0 0 0 
8 14 14 0 0 0 
9 14 14 0 0 0 
10 14 14 0 0 0 
11 14 14 0 0 0 
12 14 14 0 0 0 
13 14 14 0 0 0 
14 14 14 0 0 0 
15 14 14 0 0 0 
0 15 15 0 0 0 
1 15 15 0 0 0 
2 15 15 0 0 0 
3 15 15 0 0 0 
4 15 15 0 0 0 
5 15 15 0 0 0 
6 15 15 0 0 0 
7 15 15 0 0 0 
8 15 15 0 0 0 
9 15 15 0 0 0 
10 15 15 0 0 0 
11 15 15 0 0 0 
12 15 15 0 0 0 
13 15 15 0 0 0 
14 15 15 0 0 0 
15 15 15 0 0 0 
0 0 0 0 0 0 
1 0 0 0 0 0 
2 0 0 0 0 0 
3 0 0 0 0 0 
4 0 0 0 0 0 
5 0 0 0 0 0 
6 0 0 0 0 0 
7 0 0 0 0 0 
8 0 0 0 0 0 
9 0 0 0 0 0 
10 0 0 0 0 0 
11 0 0 0 0 0 
12 0 0 0 0 0 
13 0 0 0 0 0 
14 0 0 0 0 0 
15 0 0 0 0 0 
0 1 1 0 0 0 
1 1 1 0 0 0 
2 1 1 0 0 0 
3 1 1 0 0 0 
4 1 1 0 0 0 
5 1 1 0 0 0 
6 1 1 0 0 0 
7 1 1 0 0 0 
8 1 1 0 0 0 
9 1 1 0 0 0 
10 1 1 0 0 0 
11 1 1 0 0 0 
12 1 1 0 0 0 
13 1 1 0 0 0 
14 1 1 0 0 0 
15 1 1 0 0 0 
0 2 2 0 0 0 
1 2 2 0 0 0 
2 2 2 0 0 0 
3 2 2 0 0 0 
4 2 2 0 0 0 
5 2 2 0 0 0 
6 2 2 0 0 0 
7 2 2 0 0 0 
8 2 2 0 0 0 
9 2 2 0 0 0 
10 2 2 0 0 0 
11 2 2 0 0 0 
12 2 2 0 0 0 
13 2 2 0 0 0 
14 2 2 0 0 0 
15 2 2 0 0 0 
0 3 3 0 0 0 
1 3 3 0 0 0 
2 3 3 0 0 0 
3 3 3 0 0 0 
4 3 3 0 0 0 
5 3 3 0 0 0 
6 3 3 0 0 0 
7 3 3 0 0 0 
8 3 3 0 0 0 
9 3 3 0 0 0 
10 3 3 0 0 0 
11 3 3 0 0 0 
12 3 3 0 0 0 
13 3 3 0 0 0 
14 3 3 0 0 0 
15 3 3 0 0 0 
0 4 4 0 0 0 
1 4 4 0 0 0 
2 4 4 0 0 0 
3 4 4 0 0 0 
4 4 4 0 0 0 
5 4 4 0 0 0 
6 4 4 0 0 0 
7 4 4 0 0 0 
8 4 4 0 0 0 
9 4 4 0 0 0 
10 4 4 0 0 0 
11 4 4 0 0 0 
12 4 4 0 0 0 
13 4 4 0 0 0 
14 4 4 0 0 0 
15 4 4 0 0 0 
0 5 5 0 0 0 
1 5 5 0 0 0 
2 5 5 0 0 0 
3 5 5 0 0 0 
4 5 5 0 0 0 
5 5 5 0 0 0 
6 5 5 0 0 0 
7 5 5 0 0 0 
8 5 5 0 0 0 
9 5 5 0 0 0 
10 5 5 0 0 0 
11 5 5 0 0 0 
12 5 5 0 0 0 
13 5 5 0 0 0 
14 5 5 0 0 0 
15 5 5 0 0 0 
0 6 6 0 0 0 
1 6 6 0 0 0 
2 6 6 0 0 0 
3 6 6 0 0 0 
4 6 6 0 0 0 
5 6 6 0 0 0 
6 6 6 0 0 0 
7 6 6 0 0 0 
8 6 6 0 0 0 
9 6 6 0 0 0 
10 6 6 0 0 0 
11 6 6 0 0 0 
12 6 6 0 0 0 
13 6 6 0 0 0 
14 6 6 0 0 0 
15 6 6 0 0 0 
0 7 7 0 0 0 
1 7 7 0 0 0 
2 7 7 0 0 0 
3 7 7 0 0 0 
4 7 7 0 0 0 
5 7 7 0 0 0 
6 7 7 0 0 0 
7 7 7 0 0 0 
8 7 7 0 0 0 
9 7 7 0 0 0 
10 7 7 0 0 0 
11 7 7 0 0 0 
12 7 7 0 0 0 
13 7 7 0 0 0 
14 7 7 0 0 0 
15 7 7 0 0 0 
0 8 8 0 0 0 
1 8 8 0 0 0 
2 8 8 0 0 0 
3 8 8 0 0 0 
4 8 8 0 0 0 
5 8 8 0 0 0 
6 8 8 0 0 0 
7 8 8 0 0 0 
8 8 8 0 0 0 
9 8 8 0 0 0 
10 8 8 0 0 0 
11 8 8 0 0 0 
12 8 8 0 0 0 
13 8 8 0 0 0 
14 8 8 0 0 0 
15 8 8 0 0 0 
0 9 9 0 0 0 
1 9 9 0 0 0 
2 9 9 0 0 0 
3 9 9 0 0 0 
4 9 9 0 0 0 
5 9 9 0 0 0 
6 9 9 0 0 0 
7 9 9 0 0 0 
8 9 9 0 0 0 
9 9 9 0 0 0 
10 9 9 0 0 0 
11 9 9 0 0 0 
12 9 9 0 0 0 
13 9 9 0 0 0 
14 9 9 0 0 0 
15 9 9 0 0 0 
0 10 10 0 0 0 
1 10 10 0 0 0 
2 10 10 0 0 0 
3 10 10 0 0 0 
4 10 10 0 0 0 
5 10 10 0 0 0 
6 10 10 0 0 0 
7 10 10 0 0 0 
8 10 10 0 0 0 
9 10 10 0 0 0 
10 10 10 0 0 0 
11 10 10 0 0 0 
12 10 10 0 0 0 
13 10 10 0 0 0 
14 10 10 0 0 0 
15 10 10 0 0 0 
0 11 11 0 0 0 
1 11 11 0 0 0 
2 11 11 0 0 0 
3 11 11 0 0 0 
4 11 11 0 0 0 
5 11 11 0 0 0 
6 11 11 0 0 0 
7 11 11 0 0 0 
8 11 11 0 0 0 
9 11 11 0 0 0 
10 11 11 0 0 0 
11 11 11 0 0 0 
12 11 11 0 0 0 
13 11 11 0 0 0 
14 11 11 0 0 0 
15 11 11 0 0 0 
0 12 12 0 0 0 
1 12 12 0 0 0 
2 12 12 0 0 0 
3 12 12 0 0 0 
4 12 12 0 0 0 
5 12 12 0 0 0 
6 12 12 0 0 0 
7 12 12 0 0 0 
8 12 12 0 0 0 
9 12 12 0 0 0 
10 12 12 0 0 0 
11 12 12 0 0 0 
12 12 12 0 0 0 
13 12 12 0 0 0 
14 12 12 0 0 0 
15 12 12 0 0 0 
0 13 13 0 0 0 
1 13 13 0 0 0 
2 13 13 0 0 0 
3 13 13 0 0 0 
4 13 13 0 0 0 
5 13 13 0 0 0 
6 13 13 0 0 0 
7 13 13 0 0 0 
8 13 13 0 0 0 
9 13 13 0 0 0 
10 13 13 0 0 0 
11 13 13 0 0 0 
12 13 13 0 0 0 
13 13 13 0 0 0 
14 13 13 0 0 0 
15 13 13 0 0 0 
0 14 14 0 0 0 
1 14 14 0 0 0 
2 14 14 0 0 0 
3 14 14 0 0 0 
4 14 14 0 0 0 
5 14 14 0 0 0 
6 14 14 0 0 0 
7 14 14 0 0 0 
8 14 14 0 0 0 
9 14 14 0 0 0 
10 14 14 0 0 0 
11 14 14 0 0 0 
12 14 14 0 0 0 
13 14 14 0 0 0 
14 14 14 0 0 0 
15 14 14 0 0 0 
0 15 15 0 0 0 
1 15 15 0 0 0 
2 15 15 0 0 0 
3 15 15 0 0 0 
4 15 15 0 0 0 
5 15 15 0 0 0 
6 15 15 0 0 0 
7 15 15 0 0 0 
8 15 15 0 0 0 
9 15 15 0 0 0 
10 15 15 0 0 0 
11 15 15 0 0 0 
12 15 15 0 0 0 
13 15 15 0 0 0 
14 15 15 0 0 0 
15 15 15 0 0 0 
0 0 0 0 0 0 
1 0 0 0 0 0 
2 0 0 0 0 0 
3 0 0 0 0 0 
4 0 0 0 0 0 
5 0 0 0 0 0 
6 0 0 0 0 0 
7 0 0 0 0 0 
8 0 0 0 0 0 
9 0 0 0 0 0 
10 0 0 0 0 0 
11 0 0 0 0 0 
12 0 0 0 0 0 
13 0 0 0 0 0 
14 0 0 0 0 0 
15 0 0 0 0 0 
0 1 1 0 0 0 
1 1 1 0 0 0 
2 1 1 0 0 0 
3 1 1 0 0 0 
4 1 1 0 0 0 
5 1 1 0 0 0 
6 1 1 0 0 0 
7 1 1 0 0 0 
8 1 1 0 0 0 
9 1 1 0 0 0 
10 1 1 0 0 0 
11 1 1 0 0 0 
12 1 1 0 0 0 
13 1 1 0 0 0 
14 1 1 0 0 0 
15 1 1 0 0 0 
0 2 2 0 0 0 
1 2 2 0 0 0 
2 2 2 0 0 0 
3 2 2 0 0 0 
4 2 2 0 0 0 
5 2 2 0 0 0 
6 2 2 0 0 0 
7 2 2 0 0 0 
8 2 2 0 0 0 
9 2 2 0 0 0 
10 2 2 0 0 0 
11 2 2 0 0 0 
12 2 2 0 0 0 
13 2 2 0 0 0 
14 2 2 0 0 0 
15 2 2 0 0 0 
0 3 3 0 0 0 
1 3 3 0 0 0 
2 3 3 0 0 0 
3 3 3 0 0 0 
4 3 3 0 0 0 
5 3 3 0 0 0 
6 3 3 0 0 0 
7 3 3 0 0 0 
8 3 3 0 0 0 
9 3 3 0 0 0 
10 3 3 0 0 0 
11 3 3 0 0 0 
12 3 3 0 0 0 
13 3 3 0 0 0 
14 3 3 0 0 0 
15 3 3 0 0 0 
0 4 4 0 0 0 
1 4 4 0 0 0 
2 4 4 0 0 0 
3 4 4 0 0 0 
4 4 4 0 0 0 
5 4 4 0 0 0 
6 4 4 0 0 0 
7 4 4 0 0 0 
8 4 4 0 0 0 
9 4 4 0 0 0 
10 4 4 0 0 0 
11 4 4 0 0 0 
12 4 4 0 0 0 
13 4 4 0 0 0 
14 4 4 0 0 0 
15 4 4 0 0 0 
0 5 5 0 0 0 
1 5 5 0 0 0 
2 5 5 0 0 0 
3 5 5 0 0 0 
4 5 5 0 0 0 
5 5 5 0 0 0 
6 5 5 0 0 0 
7 5 5 0 0 0 
8 5 5 0 0 0 
9 5 5 0 0 0 
10 5 5 0 0 0 
11 5 5 0 0 0 
12 5 5 0 0 0 
13 5 5 0 0 0 
14 5 5 0 0 0 
15 5 5 0 0 0 
0 6 6 0.0509207 -7.12569e-05 0.000266458 
1 6 6 0.049508 -0.000161131 0.000324666 
2 6 6 0.0481419 -0.000256003 0.000334638 
3 6 6 0.0470434 -0.000327673 0.000303765 
4 6 6 0.0463473 -0.00036071 0.000238987 
5 6 6 0.0461092 -0.00035057 0.000150318 
6 6 6 0.0463192 -0.000302677 5.12031e-05 
7 6 6 0.0468887 -0.000224252 -4.22611e-05 
8 6 6 0.0475654 -9.15002e-05 -9.81321e-05 
9 6 6 0.0504216 6.18958e-05 -5.15069e-05 
10 6 6 0.0500093 -0.000166396 -0.000127373 
11 6 6 0.0500038 -0.000183629 -0.000236762 
12 6 6 0.051332 -8.87341e-05 -0.000144009 
13 6 6 0.0519648 -5.74431e-05 -4.73167e-05 
14 6 6 0.0517083 6.18081e-05 0.000278371 
15 6 6 0.0497793 -0.00158353 -0.00321071 
0 7 7 0.11146 -0.000230986 0.000606726 
1 7 7 0.109134 -0.000367205 0.00063051 
2 7 7 0.107044 -0.000520857 0.000571058 
3 7 7 0.105471 -0.000639798 0.000449284 
4 7 7 0.10459 -0.000686939 0.000282634 
5 7 7 0.10447 -0.000644043 9.05042e-05 
6 7 7 0.10508 -0.000513418 -0.000104701 
7 7 7 0.106303 -0.000297296 -0.000283024 
8 7 7 0.107959 2.65099e-05 -0.000425859 
9 7 7 0.109784 0.000194658 -0.000417031 
10 7 7 0.111301 -0.000297626 -0.000302094 
11 7 7 0.112604 -0.000411955 -0.000264786 
12 7 7 0.113766 -0.000223996 -0.000200143 
13 7 7 0.114418 -0.000113163 -5.90455e-05 
14 7 7 0.113846 -3.62274e-05 0.000668341 
15 7 7 0.119015 -0.000861535 -0.00457888 
0 8 8 0.114627 -0.000302939 0.000564491 
1 8 8 0.112192 -0.000434418 0.000538324 
2 8 8 0.110072 -0.000568376 0.000425891 
3 8 8 0.108514 -0.000666843 0.000262748 
4 8 8 0.10767 -0.00069707 7.68378e-05 
5 8 8 0.107601 -0.000639239 -0.000108061 
6 8 8 0.108284 -0.000494845 -0.000271037 
7 8 8 0.109622 -0.000277964 -0.000395674 
8 8 8 0.11148 -2.57194e-05 -0.000474443 
9 8 8 0.113626 8.22162e-05 -0.000491784 
10 8 8 0.115484 -0.000112778 -0.000432015 
11 8 8 0.116743 -0.000254943 -0.000343147 
12 8 8 0.117611 -0.000205812 -0.000229636 
13 8 8 0.118052 -0.000126658 -6.59782e-05 
14 8 8 0.117316 -0.000131516 0.000720894 
15 8 8 0.123589 0.000341204 -0.00464479 
0 9 9 0.066041 -0.000253149 0.000230729 
1 9 9 0.0643725 -0.000347208 0.000200892 
2 9 9 0.062896 -0.000421587 0.00012757 
3 9 9 0.0617886 -0.000462678 3.42841e-05 
4 9 9 0.0611546 -0.0004584 -6.0917e-05 
5 9 9 0.0610406 -0.000400986 -0.000144289 
6 9 9 0.0614419 -0.000295676 -0.000206397 
7 9 9 0.0623033 -0.000159472 -0.000242691 
8 9 9 0.0635224 -2.67821e-05 -0.00025522 
9 9 9 0.064926 4.031e-05 -0.000254068 
10 9 9 0.0662404 5.19188e-06 -0.000243814 
11 9 9 0.067247 -5.51239e-05 -0.000210581 
12 9 9 0.0679149 -7.46565e-05 -0.000148735 
13 9 9 0.0682403 -7.15245e-05 -6.0603e-05 
14 9 9 0.0678556 -0.000152204 0.000298015 
15 9 9 0.0669257 0.00131048 -0.00372214 
0 10 10 0.0136871 -8.10871e-05 2.2635e-05 
1 10 10 0.0131286 -0.000107333 1.3485e-05 
2 10 10 0.012606 -0.000124242 -2.61333e-06 
3 10 10 0.0121886 -0.000129762 -2.03668e-05 
4 10 10 0.0119217 -0.000122828 -3.61709e-05 
5 10 10 0.0118249 -0.000102775 -4.73791e-05 
6 10 10 0.0119035 -7.24906e-05 -5.30637e-05 
7 10 10 0.0121449 -3.72962e-05 -5.37695e-05 
8 10 10 0.0125161 -5.76734e-06 -5.15322e-05 
9 10 10 0.0129618 1.24595e-05 -4.92312e-05 
10 10 10 0.0134085 1.31493e-05 -4.74851e-05 
11 10 10 0.0137893 3.82515e-06 -4.34031e-05 
12 10 10 0.0140648 -6.13036e-06 -3.47406e-05 
13 10 10 0.014214 -1.64679e-05 -2.10257e-05 
14 10 10 0.014113 -5.70494e-05 4.2035e-05 
15 10 10 0.0115094 0.000879217 -0.00137093 
0 11 11 0 0 0 
1 11 11 0 0 0 
2 11 11 0 0 0 
3 11 11 0 0 0 
4 11 11 0 0 0 
5 11 11 0 0 0 
6 11 11 0 0 0 
7 11 11 0 0 0 
8 11 11 0 0 0 
9 11 11 0 0 0 
10 11 11 0 0 0 
11 11 11 0 0 0 
12 11 11 0 0 0 
13 11 11 0 0 0 
14 11 11 0 0 0 
15 11 11 0 0 0 
0 12 12 0 0 0 
1 12 12 0 0 0 
2 12 12 0 0 0 
3 12 12 0 0 0 
4 12 12 0 0 0 
5 12 12 0 0 0 
6 12 12 0 0 0 
7 12 12 0 0 0 
8 12 12 0 0 0 
9 12 12 0 0 0 
10 12 12 0 0 0 
11 12 12 0 0 0 
12 12 12 0 0 0 
13 12 12 0 0 0 
14 12 12 0 0 0 
15 12 12 0 0 0 
0 13 13 0 0 0 
1 13 13 0 0 0 
2 13 13 0 0 0 
3 13 13 0 0 0 
4 13 13 0 0 0 
5 13 13 0 0 0 
6 13 13 0 0 0 
7 13 13 0 0 0 
8 13 13 0 0 0 
9 13 13 0 0 0 
10 13 13 0 0 0 
11 13 13 0 0 0 
12 13 13 0 0 0 
13 13 13 0 0 0 
14 13 13 0 0 0 
15 13 13 0 0 0 
0 14 14 0 0 0 
1 14 14 0 0 0 
2 14 14 0 0 0 
3 14 14 0 0 0 
4 14 14 0 0 0 
5 14 14 0 0 0 
6 14 14 0 0 0 
7 14 14 0 0 0 
8 14 14 0 0 0 
9 14 14 0 0 0 
10 14 14 0 0 0 
11 14 14 0 0 0 
12 14 14 0 0 0 
13 14 14 0 0 0 
14 14 14 0 0 0 
15 14 14 0 0 0 
0 15 15 0 0 0 
1 15 15 0 0 0 
2 15 15 0 0 0 
3 15 15 0 0 0 
4 15 15 0 0 0 
5 15 15 0 0 0 
6 15 15 0 0 0 
7 15 15 0 0 0 
8 15 15 0 0 0 
9 15 15 0 0 0 
10 15 15 0 0 0 
11 15 15 0 0 0 
12 15 15 0 0 0 
13 15 15 0 0 0 
14 15 15 0 0 0 
15 15 15 0 0 0 
0 0 0 0 0 0 
1 0 0 0 0 0 
2 0 0 0 0 0 
3 0 0 0 0 0 
4 0 0 0 0 0 
5 0 0 0 0 0 
6 0 0 0 0 0 
7 0 0 0 0 0 
8 0 0 0 0 0 
9 0 0 0 0 0 
10 0 0 0 0 0 
11 0 0 0 0 0 
12 0 0 0 0 0 
13 0 0 0 0 0 
14 0 0 0 0 0 
15 0 0 0 0 0 
0 1 1 0 0 0 
1 1 1 0 0 0 
2 1 1 0 0 0 
3 1 1 0 0 0 
4 1 1 0 0 0 
5 1 1 0 0 0 
6 1 1 0 0 0 
7 1 1 0 0 0 
8 1 1 0 0 0 
9 1 1 0 0 0 
10 1 1 0 0 0 
11 1 1 0 0 0 
12 1 1 0 0 0 
13 1 1 0 0 0 
14 1 1 0 0 0 
15 1 1 0 0 0 
0 2 2 0 0 0 
1 2 2 0 0 0 
2 2 2 0 0 0 
3 2 2 0 0 0 
4 2 2 0 0 0 
5 2 2 0 0 0 
6 2 2 0 0 0 
7 2 2 0 0 0 
8 2 2 0 0 0 
9 2 2 0 0 0 
10 2 2 0 0 0 
11 2 2 0 0 0 
12 2 2 0 0 0 
13 2 2 0 0 0 
14 2 2 0 0 0 
15 2 2 0 0 0 
0 3 3 0 0 0 
1 3 3 0 0 0 
2 3 3 0 0 0 
3 3 3 0 0 0 
4 3 3 0 0 0 
5 3 3 0 0 0 
6 3 3 0 0 0 
7 3 3 0 0 0 
8 3 3 0 0 0 
9 3 3 0 0 0 
10 3 3 0 0 0 
11 3 3 0 0 0 
12 3 3 0 0 0 
13 3 3 0 0 0 
14 3 3 0 0 0 
15 3 3 0 0 0 
0 4 4 0.0176879 2.43522e-05 8.43409e-05 
1 4 4 0.0170096 -1.34191e-05 0.000131844 
2 4 4 0.0163634 -4.65441e-05 0.000156748 
3 4 4 0.0158335 -6.96934e-05 0.000158929 
4 4 4 0.0154759 -8.31867e-05 0.000142402 
5 4 4 0.0153207 -8.92444e-05 0.000113756 
6 4 4 0.0153745 -9.19343e-05 8.10008e-05 
7 4 4 0.0156221 -9.7065e-05 5.37344e-05 
8 4 4 0.0160404 -0.000110124 3.91656e-05 
9 4 4 0.016583 -8.733e-05 3.05815e-06 
10 4 4 0.0170357 1.27191e-05 -8.44257e-05 
11 4 4 0.0173629 4.04288e-05 -0.00010232 
12 4 4 0.0176598 1.25623e-05 -5.92214e-05 
13 4 4 0.017846 -8.87066e-06 -9.00691e-06 
14 4 4 0.0177273 3.34001e-05 7.69024e-05 
15 4 4 0.014941 -0.00125877 -0.00113704 
0 5 5 0.150253 0.000412983 0.000667358 
1 5 5 0.14747 0.000158123 0.000860845 
2 5 5 0.144977 -0.000105747 0.000918206 
3 5 5 0.143102 -0.000329845 0.000850586 
4 5 5 0.142041 -0.0004929 0.000681333 
5 5 5 0.141867 -0.000592692 0.00044686 
6 5 5 0.142535 -0.000640793 0.000193661 
7 5 5 0.143887 -0.000669119 -1.87291e-05 
8 5 5 0.145669 -0.000733126 -0.000103434 
9 5 5 0.149845 -0.000603847 -0.000132177 
10 5 5 0.150193 -4.29015e-05 -0.000508883 
11 5 5 0.150619 0.000119925 -0.000658112 
12 5 5 0.152002 3.27533e-05 -0.000416435 
13 5 5 0.152738 -1.11124e-05 -0.000111581 
14 5 5 0.152165 0.000411902 0.000724399 
15 5 5 0.158534 -0.0031038 -0.00383229 
0 6 6 0.332761 0.000971449 0.00169563 
1 6 6 0.328794 0.000536329 0.00182652 
2 6 6 0.325321 2.29007e-06 0.00170246 
3 6 6 0.322803 -0.000506625 0.00137569 
4 6 6 0.321506 -0.000908852 0.000897207 
5 6 6 0.321513 -0.00116122 0.000331775 
6 6 6 0.322728 -0.00125295 -0.000239133 
7 6 6 0.324855 -0.00119763 -0.000715472 
8 6 6 0.327274 -0.000984421 -0.000913876 
9 6 6 0.333616 -0.000606152 -0.000812649 
10 6 6 0.335876 -0.000408699 -0.00104485 
11 6 6 0.334312 -0.000315898 -0.00119885 
12 6 6 0.336636 -0.000156771 -0.000813411 
13 6 6 0.337824 -1.6463e-05 -0.000253574 
14 6 6 0.337596 0.000545511 0.00126917 
15 6 6 0.352175 -0.00260509 -0.00501681 
0 7 7 0.483891 0.000915197 0.00298819 
1 7 7 0.479318 0.000462409 0.00284285 
2 7 7 0.47546 -0.000127767 0.00233302 
3 7 7 0.472748 -0.000708807 0.00158411 
4 7 7 0.471431 -0.00116524 0.000695594 
5 7 7 0.471584 -0.001419 -0.000234688 
6 7 7 0.473113 -0.00143259 -0.0011004 
7 7 7 0.475739 -0.00118853 -0.00179086 
8 7 7 0.479009 -0.000651614 -0.00216555 
9 7 7 0.482304 -0.000153537 -0.0020682 
10 7 7 0.485445 -0.000313057 -0.00183964 
11 7 7 0.488208 -0.000510203 -0.00151363 
12 7 7 0.490223 -0.000312456 -0.000953109 
13 7 7 0.491258 -8.86267e-05 -0.000234564 
14 7 7 0.491324 0.000208891 0.00147759 
15 7 7 0.500483 -0.00121979 -0.00577314 
0 8 8 0.494631 0.000142648 0.00319274 
1 8 8 0.49009 -0.000255593 0.00285173 
2 8 8 0.486385 -0.000668734 0.00212578 
3 8 8 0.483888 -0.00101512 0.00118811 
4 8 8 0.482785 -0.00122124 0.0001712 
5 8 8 0.483121 -0.00123544 -0.000810743 
6 8 8 0.484807 -0.00104071 -0.00165147 
7 8 8 0.487625 -0.000653064 -0.00225626 
8 8 8 0.491257 -0.000130103 -0.00255344 
9 8 8 0.495269 0.000285931 -0.00249176 
10 8 8 0.498891 0.000247172 -0.00210461 
11 8 8 0.50149 3.32141e-05 -0.00154285 
12 8 8 0.503077 -4.30151e-05 -0.000894103 
13 8 8 0.503747 -6.0914e-05 -0.000162425 
14 8 8 0.50365 -0.000237111 0.00152729 
15 8 8 0.512123 0.00064545 -0.00583293 
0 9 9 0.3695 -0.00061382 0.00204269 
1 9 9 0.365579 -0.000907486 0.00172071 
2 9 9 0.362393 -0.00109346 0.00114507 
3 9 9 0.360291 -0.00115354 0.000453188 
4 9 9 0.359438 -0.00107334 -0.000251875 
5 9 9 0.359867 -0.000850617 -0.000887276 
6 9 9 0.36149 -0.000507068 -0.0013853 
7 9 9 0.364107 -9.30386e-05 -0.00169551 
8 9 9 0.367407 0.000306933 -0.00179312 
9 9 9 0.370958 0.000564337 -0.00168909 
10 9 9 0.374201 0.000572814 -0.00142422 
11 9 9 0.376649 0.000396858 -0.00104912 
12 9 9 0.378135 0.000182013 -0.000616849 
13 9 9 0.378714 -3.44429e-05 -0.000132701 
14 9 9 0.378324 -0.000651754 0.00129258 
15 9 9 0.391446 0.00217373 -0.00536944 
0 10 10 0.177159 -0.000642448 0.000662741 
1 10 10 0.174373 -0.000793523 0.000504589 
2 10 10 0.172031 -0.000841809 0.000256684 
3 10 10 0.17042 -0.000793515 -1.92988e-05 
4 10 10 0.16969 -0.000657871 -0.00028042 
5 10 10 0.169884 -0.000448776 -0.000495357 
6 10 10 0.170949 -0.000193208 -0.000643912 
7 10 10 0.17274 6.87578e-05 -0.000716799 
8 10 10 0.175026 0.000285754 -0.000717003 
9 10 10 0.177491 0.000404492 -0.000658871 
10 10 10 0.179776 0.000396364 -0.000560603 
11 10 10 0.181582 0.000288637 -0.000433987 
12 10 10 0.182755 0.000137556 -0.000287553 
13 10 10 0.18325 -4.06267e-05 -0.000110246 
14 10 10 0.182556 -0.000701054 0.000739761 
15 10 10 0.191916 0.00291419 -0.00425369 
0 11 11 0.0296469 -0.00016657 4.13532e-05 
1 11 11 0.0285754 -0.000206046 1.30229e-05 
2 11 11 0.0275888 -0.000220152 -2.71408e-05 
3 11 11 0.0268224 -0.000210255 -6.70393e-05 
4 11 11 0.0263562 -0.000179242 -9.94625e-05 
5 11 11 0.0262287 -0.00013003 -0.000120334 
6 11 11 0.0264409 -7.0023e-05 -0.000128843 
7 11 11 0.0269585 -8.85674e-06 -0.000127053 
8 11 11 0.0277091 4.1699e-05 -0.000118891 
9 11 11 0.0285843 7.15351e-05 -0.000108627 
10 11 11 0.0294547 7.49061e-05 -9.8226e-05 
11 11 11 0.0302001 5.66551e-05 -8.59649e-05 
12 11 11 0.0307372 2.69101e-05 -6.93999e-05 
13 11 11 0.0310131 -1.1298e-05 -4.47586e-05 
14 11 11 0.0307326 -0.000165267 0.000107399 
15 11 11 0.0278252 0.00194857 -0.00210036 
0 12 12 0 0 0 
1 12 12 0 0 0 
2 12 12 0 0 0 
3 12 12 0 0 0 
4 12 12 0 0 0 
5 12 12 0 0 0 
6 12 12 0 0 0 
7 12 12 0 0 0 
8 12 12 0 0 0 
9 12 12 0 0 0 
10 12 12 0 0 0 
11 12 12 0 0 0 
12 12 12 0 0 0 
13 12 12 0 0 0 
14 12 12 0 0 0 
15 12 12 0 0 0 
0 13 13 0 0 0 
1 13 13 0 0 0 
2 13 13 0 0 0 
3 13 13 0 0 0 
4 13 13 0 0 0 
5 13 13 0 0 0 
6 13 13 0 0 0 
7 13 13 0 0 0 
8 13 13 0 0 0 
9 13 13 0 0 0 
10 13 13 0 0 0 
11 13 13 0 0 0 
12 13 13 0 0 0 
13 13 13 0 0 0 
14 13 13 0 0 0 
15 13 13 0 0 0 
0 14 14 0 0 0 
1 14 14 0 0 0 
2 14 14 0 0 0 
3 14 14 0 0 0 
4 14 14 0 0 0 
5 14 14 0 0 0 
6 14 14 0 0 0 
7 14 14 0 0 0 
8 14 14 0 0 0 
9 14 14 0 0 0 
10 14 14 0 0 0 
11 14 14 0 0 0 
12 14 14 0 0 0 
13 14 14 0 0 0 
14 14 14 0 0 0 
15 14 14 0 0 0 
0 15 15 0 0 0 
1 15 15 0 0 0 
2 15 15 0 0 0 
3 15 15 0 0 0 
4 15 15 0 0 0 
5 15 15 0 0 0 
6 15 15 0 0 0 
7 15 15 0 0 0 
8 15 15 0 0 0 
9 15 15 0 0 0 
10 15 15 0 0 0 
11 15 15 0 0 0 
12 15 15 0 0 0 
13 15 15 0 0 0 
14 15 15 0 0 0 
15 15 15 0 0 0 
0 0 0 0 0 0 
1 0 0 0 0 0 
2 0 0 0 0 0 
3 0 0 0 0 0 
4 0 0 0 0 0 
5 0 0 0 0 0 
6 0 0 0 0 0 
7 0 0 0 0 0 
8 0 0 0 0 0 
9 0 0 0 0 0 
10 0 0 0 0 0 
11 0 0 0 0 0 
12 0 0 0 0 0 
13 0 0 0 0 0 
14 0 0 0 0 0 
15 0 0 0 0 0 
0 1 1 0 0 0 
1 1 1 0 0 0 
2 1 1 0 0 0 
3 1 1 0 0 0 
4 1 1 0 0 0 
5 1 1 0 0 0 
6 1 1 0 0 0 
7 1 1 0 0 0 
8 1 1 0 0 0 
9 1 1 0 0 0 
10 1 1 0 0 0 
11 1 1 0 0 0 
12 1 1 0 0 0 
13 1 1 0 0 0 
14 1 1 0 0 0 
15 1 1 0 0 0 
0 2 2 0 0 0 
1 2 2 0 0 0 
2 2 2 0 0 0 
3 2 2 0 0 0 
4 2 2 0 0 0 
5 2 2 0 0 0 
6 2 2 0 0 0 
7 2 2 0 0 0 
8 2 2 0 0 0 
9 2 2 0 0 0 
10 2 2 0 0 0 
11 2 2 0 0 0 
12 2 2 0 0 0 
13 2 2 0 0 0 
14 2 2 0 0 0 
15 2 2 0 0 0 
0 3 3 0 0 0 
1 3 3 0 0 0 
2 3 3 0 0 0 
3 3 3 0 0 0 
4 3 3 0 0 0 
5 3 3 0 0 0 
6 3 3 0 0 0 
7 3 3 0 0 0 
8 3 3 0 0 0 
9 3 3 0 0 0 
10 3 3 0 0 0 
11 3 3 0 0 0 
12 3 3 0 0 0 
13 3 3 0 0 0 
14 3 3 0 0 0 
15 3 3 0 0 0 
0 4 4 0.146794 0.000688856 0.000475685 
1 4 4 0.143784 0.000526026 0.000690544 
2 4 4 0.141185 0.000305742 0.000797354 
3 4 4 0.139269 7.99885e-05 0.000785486 
4 4 4 0.138189 -0.000125753 0.00067078 
5 4 4 0.138003 -0.000301691 0.000488286 
6 4 4 0.138674 -0.000445284 0.000283379 
7 4 4 0.140081 -0.000557088 0.00010201 
8 4 4 0.142039 -0.000629145 -2.96892e-05 
9 4 4 0.144272 -0.000584152 -0.000168651 
10 4 4 0.14625 -0.000349454 -0.000376598 
11 4 4 0.147615 -0.000125686 -0.000470428 
12 4 4 0.148456 -2.62495e-05 -0.000351003 
13 4 4 0.148784 4.25364e-05 -0.0001099 
14 4 4 0.147958 0.0006895 0.000555886 
15 4 4 0.155007 -0.00409281 -0.00267737 
0 5 5 0.447699 0.00270466 0.00167613 
1 5 5 0.442584 0.00217862 0.00194565 
2 5 5 0.438291 0.00140492 0.00196133 
3 5 5 0.435236 0.000557942 0.00172971 
4 5 5 0.433639 -0.000246086 0.0012849 
5 5 5 0.433556 -0.000935228 0.00069881 
6 5 5 0.434883 -0.00146752 7.50332e-05 
7 5 5 0.437361 -0.00182831 -0.000461392 
8 5 5 0.440629 -0.00201993 -0.000784671 
9 5 5 0.44422 -0.00186416 -0.000936585 
10 5 5 0.447382 -0.00118603 -0.00120506 
11 5 5 0.44963 -0.000494973 -0.0013049 
12 5 5 0.451022 -6.51324e-05 -0.000966817 
13 5 5 0.451543 0.00026226 -0.000359725 
14 5 5 0.451156 0.00128754 0.00102425 
15 5 5 0.460677 -0.00406609 -0.00384272 
0 6 6 0.906085 0.00557242 0.00471777 
1 6 6 0.900576 0.00480368 0.00464021 
2 6 6 0.895735 0.00343554 0.00401582 
3 6 6 0.892044 0.0017961 0.00299248 
4 6 6 0.889784 0.000146747 0.00168053 
5 6 6 0.889071 -0.00131486 0.000210797 
6 6 6 0.88986 -0.00244782 -0.00124187 
7 6 6 0.891928 -0.00316434 -0.00245402 
8 6 6 0.894854 -0.00341923 -0.00313309 
9 6 6 0.89815 -0.00306706 -0.00318146 
10 6 6 0.901465 -0.00218582 -0.00321681 
11 6 6 0.904442 -0.0012055 -0.00295622 
12 6 6 0.906645 -0.000302864 -0.00204393 
13 6 6 0.907814 0.000460267 -0.000808882 
14 6 6 0.908469 0.00126467 0.000818056 
15 6 6 0.905472 -0.00297936 -0.00534256 
0 7 7 1.22369 0.00544117 0.00852977 
1 7 7 1.22053 0.00500245 0.00789124 
2 7 7 1.21754 0.0039112 0.00628371 
3 7 7 1.21499 0.00244385 0.00411197 
4 7 7 1.21307 0.000874167 0.00164471 
5 7 7 1.21189 -0.000557528 -0.000888542 
6 7 7 1.21155 -0.00166089 -0.00324348 
7 7 7 1.21203 -0.00229414 -0.00514357 
8 7 7 1.21327 -0.00235048 -0.00627869 
9 7 7 1.21516 -0.00189456 -0.00641667 
10 7 7 1.21747 -0.00140179 -0.00581978 
11 7 7 1.2197 -0.000848993 -0.00464356 
12 7 7 1.22156 -0.000110182 -0.00293214 
13 7 7 1.22285 0.000586995 -0.00106025 
14 7 7 1.224 0.00105484 0.000591719 
15 7 7 1.22085 -0.000517953 -0.00541917 
0 8 8 1.24603 0.00187989 0.0096722 
1 8 8 1.24382 0.00175749 0.00877431 
2 8 8 1.24176 0.00143158 0.00672485 
3 8 8 1.24009 0.000968519 0.00404993 
4 8 8 1.23888 0.000494372 0.00112032 
5 8 8 1.2382 0.000135116 -0.00176375 
6 8 8 1.23812 -1.83053e-05 -0.00432229 
7 8 8 1.23872 7.69165e-05 -0.00627997 
8 8 8 1.24003 0.00040638 -0.00738298 
9 8 8 1.24204 0.000834288 -0.0074652 
10 8 8 1.24446 0.00107628 -0.00655989 
11 8 8 1.24674 0.00106964 -0.00490445 
12 8 8 1.24854 0.000984365 -0.00286064 
13 8 8 1.24978 0.000869505 -0.000835806 
14 8 8 1.251 0.000705497 0.000788049 
15 8 8 1.24797 0.00170485 -0.00526381 
0 9 9 0.974776 -0.00139597 0.0067761 
1 9 9 0.971206 -0.00143046 0.00590778 
2 9 9 0.968263 -0.00124511 0.00423355 
3 9 9 0.966274 -0.000902992 0.00216008 
4 9 9 0.965378 -0.000417726 -1.28918e-05 
5 9 9 0.965618 0.000196513 -0.00204647 
6 9 9 0.966973 0.0008954 -0.00373576 
7 9 9 0.969353 0.00159675 -0.00490363 
8 9 9 0.972572 0.00218242 -0.00541642 
9 9 9 0.976305 0.00250706 -0.00522294 
10 9 9 0.980062 0.00244974 -0.00439612 
11 9 9 0.983284 0.00202647 -0.00313388 
12 9 9 0.985582 0.00139239 -0.00170776 
13 9 9 0.986908 0.00068798 -0.00034491 
14 9 9 0.987969 -0.00014319 0.00106149 
15 9 9 0.98523 0.00350788 -0.00539033 
0 10 10 0.507506 -0.0017122 0.00252321 
1 10 10 0.503613 -0.00175432 0.00202969 
2 10 10 0.500479 -0.00153972 0.00124159 
3 10 10 0.498474 -0.00113715 0.00034296 
4 10 10 0.497777 -0.000598743 -0.000534367 
5 10 10 0.498427 2.10995e-05 -0.00129287 
6 10 10 0.500334 0.00065202 -0.0018595 
7 10 10 0.503289 0.00120825 -0.00218378 
8 10 10 0.50695 0.00159895 -0.0022424 
9 10 10 0.510863 0.00174659 -0.00204932 
10 10 10 0.514509 0.00161773 -0.00165994 
11 10 10 0.517433 0.00125567 -0.00116015 
12 10 10 0.51937 0.000762969 -0.000640026 
13 10 10 0.520282 0.000197688 -0.000125437 
14 10 10 0.520442 -0.00102882 0.00103171 
15 10 10 0.525992 0.00413514 -0.00439934 
0 11 11 0.181807 -0.000767735 0.000482691 
1 11 11 0.179097 -0.000820977 0.000319279 
2 11 11 0.176818 -0.000752382 9.43222e-05 
3 11 11 0.175267 -0.000592782 -0.000137253 
4 11 11 0.174599 -0.000369444 -0.000340673 
5 11 11 0.174859 -0.000108981 -0.000494537 
6 11 11 0.175992 0.000155898 -0.000588144 
7 11 11 0.177847 0.000387538 -0.000620327 
8 11 11 0.180181 0.000549497 -0.000597165 
9 11 11 0.182681 0.00061419 -0.000531196 
10 11 11 0.185011 0.000571754 -0.00043814 
11 11 11 0.18689 0.000439764 -0.000332773 
12 11 11 0.188145 0.000255091 -0.000225336 
13 11 11 0.188706 2.7559e-05 -0.000102811 
14 11 11 0.188076 -0.000868971 0.000518977 
15 11 11 0.197528 0.0040721 -0.00328985 
0 12 12 0.0117294 -6.76899e-05 -4.79642e-06 
1 12 12 0.011227 -7.98914e-05 -1.59497e-05 
2 12 12 0.0107525 -8.0351e-05 -2.80494e-05 
3 12 12 0.0103741 -7.12821e-05 -3.76854e-05 
4 12 12 0.0101333 -5.51057e-05 -4.32428e-05 
5 12 12 0.0100515 -3.35278e-05 -4.42905e-05 
6 12 12 0.0101313 -9.64944e-06 -4.14251e-05 
7 12 12 0.0103593 1.30496e-05 -3.62381e-05 
8 12 12 0.0107031 3.09952e-05 -3.04294e-05 
9 12 12 0.011114 4.16377e-05 -2.55242e-05 
10 12 12 0.0115333 4.29549e-05 -2.21611e-05 
11 12 12 0.0119031 3.55278e-05 -2.01202e-05 
12 12 12 0.012179 2.2047e-05 -1.8604e-05 
13 12 12 0.0123303 3.01142e-06 -1.6549e-05 
14 12 12 0.012232 -7.73696e-05 2.66691e-06 
15 12 12 0.00982625 0.00132005 -0.000820641 
0 13 13 0 0 0 
1 13 13 0 0 0 
2 13 13 0 0 0 
3 13 13 0 0 0 
4 13 13 0 0 0 
5 13 13 0 0 0 
6 13 13 0 0 0 
7 13 13 0 0 0 
8 13 13 0 0 0 
9 13 13 0 0 0 
10 13 13 0 0 0 
11 13 13 0 0 0 
12 13 13 0 0 0 
13 13 13 0 0 0 
14 13 13 0 0 0 
15 13 13 0 0 0 
0 14 14 0 0 0 
1 14 14 0 0 0 
2 14 14 0 0 0 
3 14 14 0 0 0 
4 14 14 0 0 0 
5 14 14 0 0 0 
6 14 14 0 0 0 
7 14 14 0 0 0 
8 14 14 0 0 0 
9 14 14 0 0 0 
10 14 14 0 0 0 
11 14 14 0 0 0 
12 14 14 0 0 0 
13 14 14 0 0 0 
14 14 14 0 0 0 
15 14 14 0 0 0 
0 15 15 0 0 0 
1 15 15 0 0 0 
2 15 15 0 0 0 
3 15 15 0 0 0 
4 15 15 0 0 0 
5 15 15 0 0 0 
6 15 15 0 0 0 
7 15 15 0 0 0 
8 15 15 0 0 0 
9 15 15 0 0 0 
10 15 15 0 0 0 
11 15 15 0 0 0 
12 15 15 0 0 0 
13 15 15 0 0 0 
14 15 15 0 0 0 
15 15 15 0 0 0 
0 0 0 0 0 0 
1 0 0 0 0 0 
2 0 0 0 0 0 
3 0 0 0 0 0 
4 0 0 0 0 0 
5 0 0 0 0 0 
6 0 0 0 0 0 
7 0 0 0 0 0 
8 0 0 0 0 0 
9 0 0 0 0 0 
10 0 0 0 0 0 
11 0 0 0 0 0 
12 0 0 0 0 0 
13 0 0 0 0 0 
14 0 0 0 0 0 
15 0 0 0 0 0 
0 1 1 0 0 0 
1 1 1 0 0 0 
2 1 1 0 0 0 
3 1 1 0 0 0 
4 1 1 0 0 0 
5 1 1 0 0 0 
6 1 1 0 0 0 
7 1 1 0 0 0 
8 1 1 0 0 0 
9 1 1 0 0 0 
10 1 1 0 0 0 
11 1 1 0 0 0 
12 1 1 0 0 0 
13 1 1 0 0 0 
14 1 1 0 0 0 
15 1 1 0 0 0 
0 2 2 0 0 0 
1 2 2 0 0 0 
2 2 2 0 0 0 
3 2 2 0 0 0 
4 2 2 0 0 0 
5 2 2 0 0 0 
6 2 2 0 0 0 
7 2 2 0 0 0 
8 2 2 0 0 0 
9 2 2 0 0 0 
10 2 2 0 0 0 
11 2 2 0 0 0 
12 2 2 0 0 0 
13 2 2 0 0 0 
14 2 2 0 0 0 
15 2 2 0 0 0 
0 3 3 0.0460787 0.000224183 9.29109e-05 
1 3 3 0.0445166 0.000213015 0.000164742 
2 3 3 0.04309 0.000171075 0.000212403 
3 3 3 0.0419662 0.000113528 0.000227054 
4 3 3 0.0412422 4.93212e-05 0.000210264 
5 3 3 0.0409688 -1.54758e-05 0.000170471 
6 3 3 0.041149 -7.64867e-05 0.000120548 
7 3 3 0.0417394 -0.000128544 7.07527e-05 
8 3 3 0.0426459 -0.000163549 2.49338e-05 
9 3 3 0.0437183 -0.000169667 -2.61921e-05 
10 3 3 0.0447652 -0.000143147 -8.22936e-05 
11 3 3 0.0456139 -9.90436e-05 -0.000112436 
12 3 3 0.0461853 -5.55678e-05 -9.44255e-05 
13 3 3 0.0464416 -8.97518e-06 -3.74909e-05 
14 3 3 0.046024 0.000246157 0.000118581 
15 3 3 0.0434139 -0.00316709 -0.00112064 
0 4 4 0.313584 0.00204115 0.000623427 
1 4 4 0.308927 0.00184173 0.000845945 
2 4 4 0.305043 0.00141365 0.000964284 
3 4 4 0.302307 0.000867357 0.000950571 
4 4 4 0.300894 0.000283484 0.000807417 
5 4 4 0.300833 -0.000276749 0.000567457 
6 4 4 0.302022 -0.000762267 0.000285307 
7 4 4 0.304236 -0.00112756 1.96422e-05 
8 4 4 0.307139 -0.00132817 -0.000190581 
9 4 4 0.310281 -0.00131364 -0.000357582 
10 4 4 0.313107 -0.00106587 -0.000504776 
11 4 4 0.315148 -0.000679432 -0.000563936 
12 4 4 0.316259 -0.000285066 -0.000457758 
13 4 4 0.316489 0.00010729 -0.000193577 
14 4 4 0.31561 0.00143016 0.000575374 
15 4 4 0.328545 -0.00500201 -0.00194767 
0 5 5 0.884238 0.00715065 0.00243737 
1 5 5 0.877648 0.00653257 0.00256573 
2 5 5 0.871974 0.00514051 0.00243757 
3 5 5 0.867728 0.00331733 0.00206546 
4 5 5 0.865161 0.00133174 0.00146438 
5 5 5 0.864336 -0.000594201 0.000689966 
6 5 5 0.865163 -0.00226875 -0.000151576 
7 5 5 0.867412 -0.00352569 -0.000917585 
8 5 5 0.870724 -0.00422618 -0.00146738 
9 5 5 0.874608 -0.00424003 -0.00175473 
10 5 5 0.878337 -0.00350008 -0.00186164 
11 5 5 0.881141 -0.00224945 -0.00174861 
12 5 5 0.882705 -0.00088903 -0.00131546 
13 5 5 0.883105 0.000366709 -0.000616775 
14 5 5 0.883072 0.00181851 0.000439074 
15 5 5 0.879668 -0.00483915 -0.00313574 
0 6 6 1.49315 0.0118747 0.00649936 
1 6 6 1.4923 0.0115102 0.00608636 
2 6 6 1.49081 0.0097738 0.00500236 
3 6 6 1.48885 0.00715725 0.00353881 
4 6 6 1.48655 0.00407576 0.00183592 
5 6 6 1.48408 0.000902604 2.30073e-06 
6 6 6 1.48161 -0.00201853 -0.00181639 
7 6 6 1.47936 -0.00437354 -0.00341297 
8 6 6 1.47759 -0.00588788 -0.00453509 
9 6 6 1.47652 -0.00634163 -0.00499496 
10 6 6 1.47622 -0.00562985 -0.00483882 
11 6 6 1.4764 -0.00395181 -0.00412692 
12 6 6 1.47678 -0.00179223 -0.00289644 
13 6 6 1.47717 0.000304023 -0.00143198 
14 6 6 1.47774 0.00172883 -0.00025441 
15 6 6 1.47374 -0.00169721 -0.00335238 
0 7 7 1.79934 0.00881837 0.0107289 
1 7 7 1.80741 0.00931719 0.0102161 
2 7 7 1.81379 0.0087872 0.00833153 
3 7 7 1.81783 0.00742318 0.00573161 
4 7 7 1.81924 0.00547357 0.002785 
5 7 7 1.81799 0.00322477 -0.000265164 
6 7 7 1.81431 0.000974155 -0.00319334 
7 7 7 1.80867 -0.000991756 -0.0057358 
8 7 7 1.8018 -0.00241557 -0.00758023 
9 7 7 1.79468 -0.00310875 -0.00843708 
10 7 7 1.78829 -0.00301135 -0.00817862 
11 7 7 1.78336 -0.00218729 -0.0068384 
12 7 7 1.78031 -0.000844009 -0.00467425 
13 7 7 1.77914 0.00063167 -0.00228547 
14 7 7 1.7794 0.0017253 -0.000588042 
15 7 7 1.77542 0.00101656 -0.0028147 
0 8 8 1.81422 0.000960679 0.0120944 
1 8 8 1.8241 0.00178314 0.0116942 
2 8 8 1.83242 0.00263931 0.00962081 
3 8 8 1.83834 0.00324191 0.00661511 
4 8 8 1.84141 0.00353486 0.0031539 
5 8 8 1.84146 0.00358544 -0.00041676 
6 8 8 1.83862 0.00349782 -0.00379152 
7 8 8 1.83335 0.00336143 -0.00665819 
8 8 8 1.82643 0.00322379 -0.0086862 
9 8 8 1.81892 0.00307315 -0.00957042 
10 8 8 1.81196 0.00285382 -0.00913516 
11 8 8 1.80652 0.00254544 -0.00744257 
12 8 8 1.80316 0.00220491 -0.00488535 
13 8 8 1.80199 0.00192188 -0.00218008 
14 8 8 1.80254 0.00182421 -0.000313656 
15 8 8 1.79899 0.00263879 -0.00245477 
0 9 9 1.54798 -0.00475104 0.00959248 
1 9 9 1.55178 -0.00389726 0.00892353 
2 9 9 1.55488 -0.00235634 0.00699416 
3 9 9 1.55702 -0.000581706 0.00437041 
4 9 9 1.55801 0.00121413 0.00146058 
5 9 9 1.55781 0.00292592 -0.00141597 
6 9 9 1.55654 0.00446351 -0.00398257 
7 9 9 1.55454 0.00570789 -0.00598291 
8 9 9 1.55228 0.00650628 -0.00718308 
9 9 9 1.5503 0.00670029 -0.00741125 
10 9 9 1.54901 0.00619561 -0.00663216 
11 9 9 1.54862 0.00505887 -0.00501932 
12 9 9 1.54907 0.00355336 -0.00296266 
13 9 9 1.55017 0.00205732 -0.000976688 
14 9 9 1.55189 0.00107995 0.000301617 
15 9 9 1.549 0.00404933 -0.00280662 
0 10 10 0.994891 -0.00468252 0.00446747 
1 10 10 0.992174 -0.00412487 0.00380446 
2 10 10 0.990022 -0.00295213 0.00260623 
3 10 10 0.988698 -0.00145949 0.00116644 
4 10 10 0.988312 0.000166217 -0.000298892 
5 10 10 0.988902 0.00177902 -0.00162594 
6 10 10 0.990462 0.0032297 -0.00268562 
7 10 10 0.992927 0.00435508 -0.00337696 
8 10 10 0.996139 0.00499747 -0.00363051 
9 10 10 0.999808 0.00504472 -0.00342816 
10 10 10 1.00352 0.00448307 -0.00282764 
11 10 10 1.00682 0.00343855 -0.00196975 
12 10 10 1.00935 0.00215275 -0.00104372 
13 10 10 1.01099 0.000848568 -0.000202496 
14 10 10 1.0124 -0.000543244 0.000591269 
15 10 10 1.00993 0.00564242 -0.00342578 
0 11 11 0.380014 -0.00183629 0.000928409 
1 11 11 0.37656 -0.00171016 0.000679774 
2 11 11 0.373769 -0.00132354 0.000326027 
3 11 11 0.371992 -0.000781641 -5.03273e-05 
4 11 11 0.371409 -0.000163369 -0.000394424 
5 11 11 0.372063 0.000463246 -0.000670463 
6 11 11 0.37387 0.00102896 -0.000856636 
7 11 11 0.376625 0.00146274 -0.00094322 
8 11 11 0.379997 0.00170442 -0.000930092 
9 11 11 0.383561 0.00171932 -0.000829129 
10 11 11 0.386864 0.00151267 -0.000665152 
11 11 11 0.389523 0.00113701 -0.000472672 
12 11 11 0.391308 0.000673999 -0.000283722 
13 11 11 0.392151 0.000147922 -9.86262e-05 
14 11 11 0.391985 -0.0013341 0.000479533 
15 11 11 0.405638 0.00523168 -0.00268017 
0 12 12 0.0726888 -0.000338853 3.94265e-05 
1 12 12 0.0709765 -0.000349981 2.46191e-06 
2 12 12 0.0694564 -0.000304863 -4.20163e-05 
3 12 12 0.0683382 -0.000222627 -8.20274e-05 
4 12 12 0.0677416 -0.000118625 -0.000111691 
5 12 12 0.0677164 -5.25484e-06 -0.000128672 
6 12 12 0.0682457 0.000104427 -0.000133721 
7 12 12 0.0692533 0.000196105 -0.000129969 
8 12 12 0.0706022 0.000257314 -0.000120643 
9 12 12 0.072108 0.000280017 -0.000108434 
10 12 12 0.0735657 0.000261132 -9.53716e-05 
11 12 12 0.0747937 0.000206997 -8.25297e-05 
12 12 12 0.0756626 0.000129324 -6.96467e-05 
13 12 12 0.0760897 2.87904e-05 -5.35367e-05 
14 12 12 0.0756048 -0.000424202 7.03818e-05 
15 12 12 0.0768596 0.00385094 -0.00178944 
0 13 13 0 0 0 
1 13 13 0 0 0 
2 13 13 0 0 0 
3 13 13 0 0 0 
4 13 13 0 0 0 
5 13 13 0 0 0 
6 13 13 0 0 0 
7 13 13 0 0 0 
8 13 13 0 0 0 
9 13 13 0 0 0 
10 13 13 0 0 0 
11 13 13 0 0 0 
12 13 13 0 0 0 
13 13 13 0 0 0 
14 13 13 0 0 0 
15 13 13 0 0 0 
0 14 14 0 0 0 
1 14 14 0 0 0 
2 14 14 0 0 0 
3 14 14 0 0 0 
4 14 14 0 0 0 
5 14 14 0 0 0 
6 14 14 0 0 0 
7 14 14 0 0 0 
8 14 14 0 0 0 
9 14 14 0 0 0 
10 14 14 0 0 0 
11 14 14 0 0 0 
12 14 14 0 0 0 
13 14 14 0 0 0 
14 14 14 0 0 0 
15 14 14 0 0 0 
0 15 15 0 0 0 
1 15 15 0 0 0 
2 15 15 0 0 0 
3 15 15 0 0 0 
4 15 15 0 0 0 
5 15 15 0 0 0 
6 15 15 0 0 0 
7 15 15 0 0 0 
8 15 15 0 0 0 
9 15 15 0 0 0 
10 15 15 0 0 0 
11 15 15 0 0 0 
12 15 15 0 0 0 
13 15 15 0 0 0 
14 15 15 0 0 0 
15 15 15 0 0 0 
0 0 0 0 0 0 
1 0 0 0 0 0 
2 0 0 0 0 0 
3 0 0 0 0 0 
4 0 0 0 0 0 
5 0 0 0 0 0 
6 0 0 0 0 0 
7 0 0 0 0 0 
8 0 0 0 0 0 
9 0 0 0 0 0 
10 0 0 0 0 0 
11 0 0 0 0 0 
12 0 0 0 0 0 
13 0 0 0 0 0 
14 0 0 0 0 0 
15 0 0 0 0 0 
0 1 1 0 0 0 
1 1 1 0 0 0 
2 1 1 0 0 0 
3 1 1 0 0 0 
4 1 1 0 0 0 
5 1 1 0 0 0 
6 1 1 0 0 0 
7 1 1 0 0 0 
8 1 1 0 0 0 
9 1 1 0 0 0 
10 1 1 0 0 0 
11 1 1 0 0 0 
12 1 1 0 0 0 
13 1 1 0 0 0 
14 1 1 0 0 0 
15 1 1 0 0 0 
0 2 2 0 0 0 
1 2 2 0 0 0 
2 2 2 0 0 0 
3 2 2 0 0 0 
4 2 2 0 0 0 
5 2 2 0 0 0 
6 2 2 0 0 0 
7 2 2 0 0 0 
8 2 2 0 0 0 
9 2 2 0 0 0 
10 2 2 0 0 0 
11 2 2 0 0 0 
12 2 2 0 0 0 
13 2 2 0 0 0 
14 2 2 0 0 0 
15 2 2 0 0 0 
0 3 3 0.0725532 0.000414361 3.76023e-05 
1 3 3 0.0705582 0.00042642 8.51545e-05 
2 3 3 0.0687711 0.000377333 0.000122069 
3 3 3 0.0673989 0.000287486 0.000138999 
4 3 3 0.0665569 0.000172884 0.00013455 
5 3 3 0.0662959 4.80842e-05 0.000111767 
6 3 3 0.0666034 -7.31775e-05 7.96322e-05 
7 3 3 0.0674059 -0.000177422 4.56874e-05 
8 3 3 0.068569 -0.000250427 1.34447e-05 
9 3 3 0.0699025 -0.000280367 -2.2534e-05 
10 3 3 0.0711883 -0.00026322 -6.11477e-05 
11 3 3 0.0722331 -0.000206489 -8.6e-05 
12 3 3 0.0729218 -0.000125756 -8.23542e-05 
13 3 3 0.0731985 -2.15228e-05 -4.99969e-05 
14 3 3 0.0726342 0.000489968 3.8532e-05 
15 3 3 0.0752496 -0.00429476 -0.00025235 
0 4 4 0.426827 0.00316128 0.000230022 
1 4 4 0.421397 0.0029828 0.00034251 
2 4 4 0.416853 0.00244177 0.000426317 
3 4 4 0.413636 0.00167458 0.000455801 
4 4 4 0.411949 0.00079353 0.000419549 
5 4 4 0.411818 -9.88455e-05 0.00032293 
6 4 4 0.413115 -0.000903359 0.000189083 
7 4 4 0.415564 -0.00152615 4.83339e-05 
8 4 4 0.418761 -0.00188651 -7.55157e-05 
9 4 4 0.422192 -0.00193294 -0.000180642 
10 4 4 0.425299 -0.0016691 -0.000270356 
11 4 4 0.42761 -0.00117345 -0.000320381 
12 4 4 0.428886 -0.00057101 -0.0002967 
13 4 4 0.429128 8.71809e-05 -0.000186022 
14 4 4 0.42848 0.00171103 0.000143948 
15 4 4 0.437809 -0.00564979 -0.000729509 
0 5 5 1.17433 0.0106781 0.00109772 
1 5 5 1.16858 0.0101332 0.0010919 
2 5 5 1.16325 0.0084305 0.0010086 
3 5 5 1.15885 0.00599915 0.000856174 
4 5 5 1.15569 0.00317828 0.000624693 
5 5 5 1.15387 0.000277701 0.000314445 
6 5 5 1.15341 -0.00239553 -4.78136e-05 
7 5 5 1.15417 -0.00453849 -0.000408645 
8 5 5 1.15596 -0.00587683 -0.000703579 
9 5 5 1.15843 -0.00621248 -0.000891074 
10 5 5 1.16107 -0.00550227 -0.000966627 
11 5 5 1.16332 -0.00394055 -0.000925563 
12 5 5 1.1647 -0.00193586 -0.000756379 
13 5 5 1.16511 7.63199e-05 -0.000473594 
14 5 5 1.16523 0.00182425 -0.00010951 
15 5 5 1.16132 -0.00468796 -0.0012099 
0 6 6 1.78236 0.0150458 0.00297809 
1 6 6 1.78839 0.0151236 0.00274213 
2 6 6 1.79263 0.0134742 0.00218426 
3 6 6 1.79467 0.010668 0.00149138 
4 6 6 1.79442 0.00712113 0.000740527 
5 6 6 1.79199 0.00320949 -3.48871e-05 
6 6 6 1.78766 -0.00067657 -0.000801296 
7 6 6 1.78189 -0.00412202 -0.00150062 
8 6 6 1.77532 -0.00670193 -0.00204826 
9 6 6 1.76875 -0.00802816 -0.0023587 
10 6 6 1.76295 -0.00785176 -0.00238109 
11 6 6 1.75853 -0.00621512 -0.002103 
12 6 6 1.75572 -0.00355562 -0.00157236 
13 6 6 1.75443 -0.000648902 -0.000935172 
14 6 6 1.75425 0.00145002 -0.000454511 
15 6 6 1.74968 -0.00087459 -0.00122582 
0 7 7 2.07664 0.00926965 0.00474488 
1 7 7 2.0956 0.0100943 0.00468445 
2 7 7 2.11269 0.00998143 0.00390641 
3 7 7 2.12583 0.00907711 0.00277728 
4 7 7 2.13398 0.00750604 0.00149418 
5 7 7 2.13672 0.005435 0.000165918 
6 7 7 2.13406 0.00308914 -0.00112706 
7 7 7 2.12642 0.000740436 -0.00229733 
8 7 7 2.1147 -0.00131054 -0.00323457 
9 7 7 2.10027 -0.00276188 -0.00381161 
10 7 7 2.085 -0.00335684 -0.00391474 
11 7 7 2.07102 -0.00296727 -0.00348379 
12 7 7 2.06024 -0.00171057 -0.00259143 
13 7 7 2.05372 -9.68287e-06 -0.00150804 
14 7 7 2.05112 0.00148563 -0.000658325 
15 7 7 2.04627 0.00143843 -0.00100395 
0 8 8 2.08794 -0.00135815 0.00526979 
1 8 8 2.10866 -0.000654073 0.0053725 
2 8 8 2.12793 0.000759596 0.00462304 
3 8 8 2.14345 0.00229033 0.00339795 
4 8 8 2.15395 0.00362158 0.00192833 
5 8 8 2.15876 0.00463351 0.000366786 
6 8 8 2.1577 0.00531589 -0.0011637 
7 8 8 2.15108 0.00569822 -0.00254151 
8 8 8 2.13969 0.0058027 -0.00363106 
9 8 8 2.12498 0.00562045 -0.00428408 
10 8 8 2.10896 0.00513119 -0.00436815 
11 8 8 2.09401 0.00436269 -0.0038269 
12 8 8 2.08236 0.00344957 -0.00276979 
13 8 8 2.07534 0.00263133 -0.00151863 
14 8 8 2.07273 0.00218976 -0.000542779 
15 8 8 2.06831 0.00274622 -0.000814619 
0 9 9 1.82645 -0.0086297 0.00440026 
1 9 9 1.83802 -0.00763439 0.00427913 
2 9 9 1.84821 -0.00518961 0.00352074 
3 9 9 1.85602 -0.00215792 0.00239953 
4 9 9 1.86079 0.000979993 0.00110595 
5 9 9 1.86222 0.00395848 -0.000216566 
6 9 9 1.86032 0.00659486 -0.0014467 
7 9 9 1.85553 0.00870748 -0.00247148 
8 9 9 1.84865 0.0100829 -0.00318022 
9 9 9 1.8408 0.0104962 -0.0034732 
10 9 9 1.83329 0.00980019 -0.00329127 
11 9 9 1.82729 0.00806493 -0.00266286 
12 9 9 1.82361 0.00567675 -0.00173968 
13 9 9 1.82242 0.00329138 -0.000783583 
14 9 9 1.82327 0.00177122 -0.000141459 
15 9 9 1.82021 0.00392746 -0.000851805 
0 10 10 1.28084 -0.00788751 0.00228172 
1 10 10 1.28097 -0.00681618 0.00200257 
2 10 10 1.28115 -0.00470294 0.00144381 
3 10 10 1.28142 -0.00210547 0.000751328 
4 10 10 1.28173 0.000627698 3.0282e-05 
5 10 10 1.28209 0.00324877 -0.000640302 
6 10 10 1.28258 0.00553553 -0.00119801 
7 10 10 1.28333 0.00725981 -0.00159265 
8 10 10 1.2845 0.00820245 -0.00178442 
9 10 10 1.28616 0.00820686 -0.00175171 
10 10 10 1.28823 0.00725954 -0.00150604 
11 10 10 1.2905 0.00555876 -0.00110467 
12 10 10 1.29265 0.00349586 -0.000641569 
13 10 10 1.29452 0.00150833 -0.000215605 
14 10 10 1.29647 1.38375e-05 7.62941e-05 
15 10 10 1.29401 0.00581344 -0.0012079 
0 11 11 0.534434 -0.00296049 0.000495346 
1 11 11 0.53082 -0.00260253 0.000377849 
2 11 11 0.527942 -0.00185061 0.000208525 
3 11 11 0.526161 -0.000892733 2.58393e-05 
4 11 11 0.525654 0.000136832 -0.000145644 
5 11 11 0.526468 0.00113015 -0.000289515 
6 11 11 0.528527 0.00198505 -0.00039556 
7 11 11 0.531627 0.00260237 -0.000458144 
8 11 11 0.535428 0.00290148 -0.00047387 
9 11 11 0.539478 0.00284283 -0.000443187 
10 11 11 0.543278 0.00244961 -0.00037445 
11 11 11 0.546388 0.00181514 -0.000283624 
12 11 11 0.548532 0.0010734 -0.000187355 
13 11 11 0.549641 0.000286144 -8.86355e-05 
14 11 11 0.549937 -0.00134843 0.000129442 
15 11 11 0.556951 0.0059503 -0.00111879 
0 12 12 0.138651 -0.000627312 3.56413e-05 
1 12 12 0.136267 -0.000598286 1.88437e-05 
2 12 12 0.134227 -0.000471851 -2.39645e-06 
3 12 12 0.132807 -0.00028869 -2.28524e-05 
4 12 12 0.132159 -7.93911e-05 -4.07166e-05 
5 12 12 0.132334 0.00013213 -5.48471e-05 
6 12 12 0.133291 0.000322922 -6.57143e-05 
7 12 12 0.1349 0.000470147 -7.42031e-05 
8 12 12 0.136949 0.000555367 -8.01669e-05 
9 12 12 0.139164 0.000568465 -8.23181e-05 
10 12 12 0.141255 0.000509935 -8.07586e-05 
11 12 12 0.142976 0.000394726 -7.58402e-05 
12 12 12 0.14416 0.000245558 -6.6187e-05 
13 12 12 0.144714 6.2063e-05 -4.76328e-05 
14 12 12 0.144038 -0.000731303 6.78548e-05 
15 12 12 0.151575 0.00479757 -0.000861424 
0 13 13 0 0 0 
1 13 13 0 0 0 
2 13 13 0 0 0 
3 13 13 0 0 0 
4 13 13 0 0 0 
5 13 13 0 0 0 
6 13 13 0 0 0 
7 13 13 0 0 0 
8 13 13 0 0 0 
9 13 13 0 0 0 
10 13 13 0 0 0 
11 13 13 0 0 0 
12 13 13 0 0 0 
13 13 13 0 0 0 
14 13 13 0 0 0 
15 13 13 0 0 0 
0 14 14 0 0 0 
1 14 14 0 0 0 
2 14 14 0 0 0 
3 14 14 0 0 0 
4 14 14 0 0 0 
5 14 14 0 0 0 
6 14 14 0 0 0 
7 14 14 0 0 0 
8 14 14 0 0 0 
9 14 14 0 0 0 
10 14 14 0 0 0 
11 14 14 0 0 0 
12 14 14 0 0 0 
13 14 14 0 0 0 
14 14 14 0 0 0 
15 14 14 0 0 0 
0 15 15 0 0 0 
1 15 15 0 0 0 
2 15 15 0 0 0 
3 15 15 0 0 0 
4 15 15 0 0 0 
5 15 15 0 0 0 
6 15 15 0 0 0 
7 15 15 0 0 0 
8 15 15 0 0 0 
9 15 15 0 0 0 
10 15 15 0 0 0 
11 15 15 0 0 0 
12 15 15 0 0 0 
13 15 15 0 0 0 
14 15 15 0 0 0 
15 15 15 0 0 0 
0 0 0 0 0 0 
1 0 0 0 0 0 
2 0 0 0 0 0 
3 0 0 0 0 0 
4 0 0 0 0 0 
5 0 0 0 0 0 
6 0 0 0 0 0 
7 0 0 0 0 0 
8 0 0 0 0 0 
9 0 0 0 0 0 
10 0 0 0 0 0 
11 0 0 0 0 0 
12 0 0 0 0 0 
13 0 0 0 0 0 
14 0 0 0 0 0 
15 0 0 0 0 0 
0 1 1 0 0 0 
1 1 1 0 0 0 
2 1 1 0 0 0 
3 1 1 0 0 0 
4 1 1 0 0 0 
5 1 1 0 0 0 
6 1 1 0 0 0 
7 1 1 0 0 0 
8 1 1 0 0 0 
9 1 1 0 0 0 
10 1 1 0 0 0 
11 1 1 0 0 0 
12 1 1 0 0 0 
13 1 1 0 0 0 
14 1 1 0 0 0 
15 1 1 0 0 0 
0 2 2 0 0 0 
1 2 2 0 0 0 
2 2 2 0 0 0 
3 2 2 0 0 0 
4 2 2 0 0 0 
5 2 2 0 0 0 
6 2 2 0 0 0 
7 2 2 0 0 0 
8 2 2 0 0 0 
9 2 2 0 0 0 
10 2 2 0 0 0 
11 2 2 0 0 0 
12 2 2 0 0 0 
13 2 2 0 0 0 
14 2 2 0 0 0 
15 2 2 0 0 0 
0 3 3 0.0725162 0.00040723 -9.90296e-05 
1 3 3 0.0705226 0.000425353 -9.66485e-05 
2 3 3 0.0687303 0.000382334 -8.27646e-05 
3 3 3 0.0673507 0.000296703 -6.21662e-05 
4 3 3 0.0665041 0.000183965 -3.84008e-05 
5 3 3 0.0662416 5.89765e-05 -1.56505e-05 
6 3 3 0.0665486 -6.36545e-05 4.82059e-06 
7 3 3 0.0673479 -0.000169718 2.09299e-05 
8 3 3 0.0685021 -0.000244864 3.00958e-05 
9 3 3 0.0698236 -0.00027919 2.57486e-05 
10 3 3 0.0711049 -0.000269013 7.51484e-06 
11 3 3 0.0721599 -0.00021865 -1.66714e-05 
12 3 3 0.0728653 -0.00013977 -3.71802e-05 
13 3 3 0.073152 -3.27242e-05 -5.05919e-05 
14 3 3 0.0725872 0.000483622 -0.000102391 
15 3 3 0.0751895 -0.00429488 0.000224247 
0 4 4 0.42666 0.00312645 -0.000481558 
1 4 4 0.421236 0.00296554 -0.000493907 
2 4 4 0.416682 0.00244643 -0.000441698 
3 4 4 0.413446 0.00169794 -0.000342548 
4 4 4 0.411743 0.000828375 -0.000212823 
5 4 4 0.411606 -6.03061e-05 -7.20361e-05 
6 4 4 0.412903 -0.000866879 6.16589e-05 
7 4 4 0.41535 -0.00149384 0.000171646 
8 4 4 0.41853 -0.00185947 0.000241892 
9 4 4 0.421929 -0.00191728 0.000254927 
10 4 4 0.42501 -0.00167609 0.000203418 
11 4 4 0.427329 -0.00120614 0.000104021 
12 4 4 0.428639 -0.000617139 -1.20717e-05 
13 4 4 0.428911 4.42342e-05 -0.000127105 
14 4 4 0.428271 0.00168223 -0.000394082 
15 4 4 0.437586 -0.00566195 0.000558904 
0 5 5 1.17389 0.0106026 -0.00161822 
1 5 5 1.16813 0.0100708 -0.00158824 
2 5 5 1.16277 0.00839904 -0.00137344 
3 5 5 1.15834 0.00600523 -0.00102915 
4 5 5 1.15514 0.00321759 -0.000593781 
5 5 5 1.15331 0.00033878 -0.000111063 
6 5 5 1.15285 -0.00232592 0.000364028 
7 5 5 1.15363 -0.00446937 0.000769997 
8 5 5 1.15543 -0.00581264 0.00104713 
9 5 5 1.15787 -0.00616203 0.00114508 
10 5 5 1.16047 -0.00548419 0.0010391 
11 5 5 1.1627 -0.00396755 0.000755168 
12 5 5 1.16409 -0.00199792 0.000368607 
13 5 5 1.16452 2.65018e-06 -3.46384e-05 
14 5 5 1.16464 0.00176081 -0.000409269 
15 5 5 1.16073 -0.00472976 0.000762297 
0 6 6 1.78182 0.0150009 -0.00346549 
1 6 6 1.78778 0.0150687 -0.00333424 
2 6 6 1.79194 0.0134251 -0.00278678 
3 6 6 1.79391 0.0106381 -0.00201333 
4 6 6 1.79359 0.00711796 -0.00111071 
5 6 6 1.79112 0.00323291 -0.000143214 
6 6 6 1.78678 -0.000633249 0.000817518 
7 6 6 1.78103 -0.00406788 0.00167851 
8 6 6 1.7745 -0.00664566 0.00232789 
9 6 6 1.76796 -0.00797896 0.00265187 
10 6 6 1.76217 -0.00782006 0.00256942 
11 6 6 1.75773 -0.00620821 0.00208458 
12 6 6 1.75491 -0.00357254 0.00131933 
13 6 6 1.7536 -0.000681951 0.000491583 
14 6 6 1.75339 0.00141145 -9.98405e-05 
15 6 6 1.74879 -0.000909515 0.000656654 
0 7 7 2.07624 0.00929075 -0.00506984 
1 7 7 2.09512 0.010111 -0.00511095 
2 7 7 2.11213 0.00999263 -0.00439411 
3 7 7 2.12517 0.00908366 -0.00327143 
4 7 7 2.13324 0.00750984 -0.00193644 
5 7 7 2.13591 0.00543769 -0.000504324 
6 7 7 2.1332 0.00309157 0.000928259 
7 7 7 2.12556 0.000742393 0.00224974 
8 7 7 2.11386 -0.00131008 0.00331872 
9 7 7 2.09946 -0.0027624 0.00396953 
10 7 7 2.08422 -0.00335408 0.00404927 
11 7 7 2.07027 -0.00295665 0.00349695 
12 7 7 2.0595 -0.00169269 0.00243374 
13 7 7 2.05298 1.1237e-05 0.0011856 
14 7 7 2.05035 0.00150554 0.000212699 
15 7 7 2.04545 0.00145404 0.000505473 
0 8 8 2.08772 -0.00129646 -0.00550362 
1 8 8 2.10842 -0.000579627 -0.00569663 
2 8 8 2.12763 0.000834038 -0.00501343 
3 8 8 2.14309 0.00235321 -0.00381291 
4 8 8 2.15352 0.0036643 -0.00231841 
5 8 8 2.15826 0.00465115 -0.000684468 
6 8 8 2.15716 0.00530785 0.000954495 
7 8 8 2.1505 0.00566832 0.0024568 
8 8 8 2.13911 0.00575907 0.00365992 
9 8 8 2.12441 0.00557564 0.00438398 
10 8 8 2.10841 0.00510114 0.00446759 
11 8 8 2.09348 0.00436025 0.00384932 
12 8 8 2.08185 0.00347611 0.00266548 
13 8 8 2.07484 0.00267867 0.00127775 
14 8 8 2.07221 0.00224655 0.000188025 
15 8 8 2.06777 0.00280139 0.000399123 
0 9 9 1.82636 -0.00855094 -0.00464939 
1 9 9 1.83793 -0.00754152 -0.00462615 
2 9 9 1.8481 -0.00510054 -0.00391988 
3 9 9 1.85587 -0.00208833 -0.00279174 
4 9 9 1.86061 0.00101945 -0.00143462 
5 9 9 1.86198 0.00396324 -4.89058e-06 
6 9 9 1.86005 0.00656706 0.00135496 
7 9 9 1.85523 0.00865569 0.00250451 
8 9 9 1.84833 0.0100208 0.0033046 
9 9 9 1.84048 0.0104405 0.00363153 
10 9 9 1.83297 0.00976763 0.00341428 
11 9 9 1.82699 0.00806601 0.00268831 
12 9 9 1.82332 0.00571103 0.00163284 
13 9 9 1.82214 0.00334898 0.000546316 
14 9 9 1.82298 0.00183838 -0.00019386 
15 9 9 1.8199 0.00399155 0.000474582 
0 10 10 1.28079 -0.00782375 -0.00255799 
1 10 10 1.28092 -0.00675311 -0.00231363 
2 10 10 1.2811 -0.00465465 -0.00172752 
3 10 10 1.28134 -0.00208138 -0.00095573 
4 10 10 1.28163 0.000624211 -0.00012468 
5 10 10 1.28196 0.00322024 0.000663024 
6 10 10 1.28243 0.00548931 0.00132099 
7 10 10 1.28316 0.00720684 0.00177599 
8 10 10 1.28432 0.00815493 0.00197398 
9 10 10 1.28598 0.00817595 0.00189228 
10 10 10 1.28806 0.00725281 0.00155422 
11 10 10 1.29033 0.00557792 0.00103764 
12 10 10 1.29249 0.00353602 0.000464017 
13 10 10 1.29435 0.00155945 -4.18334e-05 
14 10 10 1.29631 6.44685e-05 -0.000368051 
15 10 10 1.29383 0.00585601 0.000926949 
0 11 11 0.534392 -0.00293597 -0.000642035 
1 11 11 0.53078 -0.0025845 -0.000495969 
2 11 11 0.527899 -0.00184388 -0.000266328 
3 11 11 0.526109 -0.000898987 -1.04667e-05 
4 11 11 0.525592 0.000119184 0.000228177 
5 11 11 0.526394 0.00110517 0.000420129 
6 11 11 0.528443 0.00195787 0.000545369 
7 11 11 0.531535 0.00257867 0.000592972 
8 11 11 0.535332 0.00288608 0.00056303 
9 11 11 0.539379 0.00283871 0.000467854 
10 11 11 0.543178 0.00245739 0.000329389 
11 11 11 0.54629 0.00183296 0.000176314 
12 11 11 0.548438 0.00109735 3.85974e-05 
13 11 11 0.54955 0.000310899 -7.26672e-05 
14 11 11 0.549848 -0.00132794 -0.000275227 
15 11 11 0.556859 0.0059647 0.00100291 
0 12 12 0.138629 -0.00062117 -8.3585e-05 
1 12 12 0.136246 -0.000595516 -4.20765e-05 
2 12 12 0.134205 -0.000473176 1.25978e-05 
3 12 12 0.132783 -0.000294149 6.52774e-05 
4 12 12 0.132131 -8.78559e-05 0.000105758 
5 12 12 0.132302 0.000122612 0.000129919 
6 12 12 0.133254 0.000313955 0.000135696 
7 12 12 0.13486 0.000463605 0.000124732 
8 12 12 0.136906 0.000552497 0.000101243 
9 12 12 0.13912 0.00056969 7.1682e-05 
10 12 12 0.141212 0.000514955 4.11203e-05 
11 12 12 0.142934 0.000402243 1.4119e-05 
12 12 12 0.14412 0.000254303 -4.96683e-06 
13 12 12 0.144677 7.01617e-05 -1.91472e-05 
14 12 12 0.144002 -0.000725418 -0.000119501 
15 12 12 0.151536 0.00480067 0.000828921 
0 13 13 0 0 0 
1 13 13 0 0 0 
2 13 13 0 0 0 
3 13 13 0 0 0 
4 13 13 0 0 0 
5 13 13 0 0 0 
6 13 13 0 0 0 
7 13 13 0 0 0 
8 13 13 0 0 0 
9 13 13 0 0 0 
10 13 13 0 0 0 
11 13 13 0 0 0 
12 13 13 0 0 0 
13 13 13 0 0 0 
14 13 13 0 0 0 
15 13 13 0 0 0 
0 14 14 0 0 0 
1 14 14 0 0 0 
2 14 14 0 0 0 
3 14 14 0 0 0 
4 14 14 0 0 0 
5 14 14 0 0 0 
6 14 14 0 0 0 
7 14 14 0 0 0 
8 14 14 0 0 0 
9 14 14 0 0 0 
10 14 14 0 0 0 
11 14 14 0 0 0 
12 14 14 0 0 0 
13 14 14 0 0 0 
14 14 14 0 0 0 
15 14 14 0 0 0 
0 15 15 0 0 0 
1 15 15 0 0 0 
2 15 15 0 0 0 
3 15 15 0 0 0 
4 15 15 0 0 0 
5 15 15 0 0 0 
6 15 15 0 0 0 
7 15 15 0 0 0 
8 15 15 0 0 0 
9 15 15 0 0 0 
10 15 15 0 0 0 
11 15 15 0 0 0 
12 15 15 0 0 0 
13 15 15 0 0 0 
14 15 15 0 0 0 
15 15 15 0 0 0 
0 0 0 0 0 0 
1 0 0 0 0 0 
2 0 0 0 0 0 
3 0 0 0 0 0 
4 0 0 0 0 0 
5 0 0 0 0 0 
6 0 0 0 0 0 
7 0 0 0 0 0 
8 0 0 0 0 0 
9 0 0 0 0 0 
10 0 0 0 0 0 
11 0 0 0 0 0 
12 0 0 0 0 0 
13 0 0 0 0 0 
14 0 0 0 0 0 
15 0 0 0 0 0 
0 1 1 0 0 0 
1 1 1 0 0 0 
2 1 1 0 0 0 
3 1 1 0 0 0 
4 1 1 0 0 0 
5 1 1 0 0 0 
6 1 1 0 0 0 
7 1 1 0 0 0 
8 1 1 0 0 0 
9 1 1 0 0 0 
10 1 1 0 0 0 
11 1 1 0 0 0 
12 1 1 0 0 0 
13 1 1 0 0 0 
14 1 1 0 0 0 
15 1 1 0 0 0 
0 2 2 0 0 0 
1 2 2 0 0 0 
2 2 2 0 0 0 
3 2 2 0 0 0 
4 2 2 0 0 0 
5 2 2 0 0 0 
6 2 2 0 0 0 
7 2 2 0 0 0 
8 2 2 0 0 0 
9 2 2 0 0 0 
10 2 2 0 0 0 
11 2 2 0 0 0 
12 2 2 0 0 0 
13 2 2 0 0 0 
14 2 2 0 0 0 
15 2 2 0 0 0 
0 3 3 0.045977 0.000208365 -0.000136826 
1 3 3 0.0444157 0.000213006 -0.000166585 
2 3 3 0.0429757 0.000184841 -0.000176918 
3 3 3 0.0418355 0.000134835 -0.000168434 
4 3 3 0.0411043 7.32528e-05 -0.000142437 
5 3 3 0.0408283 7.36855e-06 -0.000104896 
6 3 3 0.0410074 -5.60372e-05 -6.1776e-05 
7 3 3 0.041589 -0.000109974 -1.96946e-05 
8 3 3 0.0424719 -0.000147869 1.45719e-05 
9 3 3 0.0435127 -0.000165032 3.35721e-05 
10 3 3 0.0445493 -0.000159649 3.47572e-05 
11 3 3 0.0454298 -0.000133268 2.08149e-05 
12 3 3 0.046044 -9.12935e-05 -3.05889e-06 
13 3 3 0.0463205 -3.40065e-05 -3.47949e-05 
14 3 3 0.0458975 0.0002345 -0.000157049 
15 3 3 0.0432603 -0.00316099 0.00111112 
0 4 4 0.313125 0.00195284 -0.000833471 
1 4 4 0.308469 0.00181083 -0.00094157 
2 4 4 0.304545 0.00144058 -0.000935853 
3 4 4 0.301759 0.000935264 -0.000826147 
4 4 4 0.300311 0.00037031 -0.000627907 
5 4 4 0.300241 -0.000188205 -0.000370492 
6 4 4 0.301437 -0.000679943 -9.36026e-05 
7 4 4 0.303646 -0.00104857 0.000160439 
8 4 4 0.306496 -0.00124947 0.000351592 
9 4 4 0.309532 -0.00126081 0.000446576 
10 4 4 0.312291 -0.00109422 0.000431486 
11 4 4 0.314396 -0.000794779 0.000319744 
12 4 4 0.31563 -0.000427254 0.000143548 
13 4 4 0.31593 -6.21576e-06 -8.3244e-05 
14 4 4 0.315046 0.00136725 -0.000764112 
15 4 4 0.327916 -0.00501498 0.00184307 
0 5 5 0.882821 0.00693967 -0.00289501 
1 5 5 0.876168 0.00640174 -0.00293006 
2 5 5 0.870389 0.00511286 -0.00264226 
3 5 5 0.866038 0.0033826 -0.00210119 
4 5 5 0.863402 0.00145964 -0.00135823 
5 5 5 0.862562 -0.000437758 -0.000485708 
6 5 5 0.863424 -0.0021072 0.000412191 
7 5 5 0.865722 -0.0033607 0.00121121 
8 5 5 0.869034 -0.0040442 0.00178663 
9 5 5 0.872804 -0.00407375 0.00203941 
10 5 5 0.876402 -0.00347703 0.00192799 
11 5 5 0.879239 -0.00241341 0.00149399 
12 5 5 0.880919 -0.00113733 0.000850674 
13 5 5 0.881372 0.000139138 0.000106884 
14 5 5 0.881296 0.00166568 -0.000887511 
15 5 5 0.877809 -0.004906 0.00280164 
0 6 6 1.49082 0.0117109 -0.00698627 
1 6 6 1.48974 0.0113639 -0.00661734 
2 6 6 1.48801 0.00968083 -0.00548451 
3 6 6 1.48584 0.00713449 -0.00390717 
4 6 6 1.48341 0.00411983 -0.00205756 
5 6 6 1.4809 0.000995878 -7.29337e-05 
6 6 6 1.47848 -0.00189752 0.0018801 
7 6 6 1.47635 -0.00423872 0.00359088 
8 6 6 1.47472 -0.00574254 0.00482274 
9 6 6 1.47372 -0.00620319 0.00536134 
10 6 6 1.47337 -0.00556584 0.00508849 
11 6 6 1.47353 -0.00400154 0.00406193 
12 6 6 1.47389 -0.0019148 0.00254106 
13 6 6 1.47421 0.000165201 0.000910821 
14 6 6 1.47462 0.00161577 -0.000322595 
15 6 6 1.47048 -0.00176468 0.00282647 
0 7 7 1.79752 0.00887681 -0.0110428 
1 7 7 1.80534 0.00936931 -0.0106169 
2 7 7 1.81144 0.00882402 -0.00876862 
3 7 7 1.81522 0.00744284 -0.00615134 
4 7 7 1.81644 0.00547876 -0.00313924 
5 7 7 1.81509 0.0032207 1.2752e-05 
6 7 7 1.81139 0.000965748 0.00306215 
7 7 7 1.80583 -0.0010047 0.00573068 
8 7 7 1.7991 -0.0024429 0.00769884 
9 7 7 1.79209 -0.00315624 0.00864677 
10 7 7 1.78574 -0.00304834 0.00835373 
11 7 7 1.78082 -0.00217626 0.00684039 
12 7 7 1.77775 -0.000788843 0.00447376 
13 7 7 1.7765 0.000707507 0.00192692 
14 7 7 1.77662 0.00180414 0.000130651 
15 7 7 1.77249 0.00108102 0.0023426 
0 8 8 1.81335 0.00115426 -0.0123204 
1 8 8 1.8231 0.00199486 -0.0119954 
2 8 8 1.83126 0.00282384 -0.00996383 
3 8 8 1.83701 0.00336601 -0.00695838 
4 8 8 1.83991 0.00358177 -0.00345589 
5 8 8 1.83983 0.00355667 0.000191265 
6 8 8 1.83692 0.00340947 0.00366416 
7 8 8 1.83164 0.00323454 0.00663323 
8 8 8 1.82475 0.0030766 0.00875036 
9 8 8 1.81729 0.00293054 0.00968629 
10 8 8 1.81035 0.00276388 0.00923083 
11 8 8 1.80492 0.00255203 0.00744197 
12 8 8 1.80157 0.00230677 0.00475411 
13 8 8 1.80038 0.00208421 0.00192782 
14 8 8 1.80086 0.0020062 -2.70842e-05 
15 8 8 1.79723 0.00280232 0.00208127 
0 9 9 1.54762 -0.0045301 -0.00982768 
1 9 9 1.5514 -0.00366807 -0.00921585 
2 9 9 1.55444 -0.00216916 -0.00729622 
3 9 9 1.55649 -0.000471875 -0.00463502 
4 9 9 1.55737 0.00123121 -0.00165123 
5 9 9 1.55707 0.00285549 0.0013205 
6 9 9 1.55572 0.00432814 0.00398477 
7 9 9 1.55368 0.00553921 0.00606482 
8 9 9 1.5514 0.00633774 0.00731036 
9 9 9 1.54941 0.0065667 0.0075383 
10 9 9 1.54812 0.00613385 0.00670762 
11 9 9 1.54774 0.00509236 0.00499916 
12 9 9 1.54819 0.003674 0.00282935 
13 9 9 1.5493 0.00223086 0.000744397 
14 9 9 1.55099 0.00126462 -0.000597503 
15 9 9 1.54807 0.00421174 0.00249571 
0 10 10 0.994687 -0.0045342 -0.00468149 
1 10 10 0.991975 -0.00399657 -0.00401596 
2 10 10 0.9898 -0.00287502 -0.00276852 
3 10 10 0.988428 -0.0014488 -0.00124948 
4 10 10 0.987979 0.000112072 0.000303793 
5 10 10 0.988506 0.00167509 0.00170986 
6 10 10 0.990013 0.00309959 0.00282486 
7 10 10 0.992443 0.00422558 0.00353556 
8 10 10 0.995632 0.00489338 0.00376862 
9 10 10 0.999287 0.00498673 0.00351059 
10 10 10 1.00299 0.00448573 0.00282921 
11 10 10 1.0063 0.0035041 0.00188029 
12 10 10 1.00883 0.0022656 0.000874688 
13 10 10 1.01048 0.000980292 -1.50067e-05 
14 10 10 1.0119 -0.000422531 -0.000818582 
15 10 10 1.00942 0.00573596 0.00322133 
0 11 11 0.379875 -0.00178474 -0.00102984 
1 11 11 0.376429 -0.00167716 -0.000750097 
2 11 11 0.37363 -0.00131871 -0.000344487 
3 11 11 0.371833 -0.000806318 8.79852e-05 
4 11 11 0.371224 -0.000211453 0.000478038 
5 11 11 0.37185 0.000402418 0.000781869 
6 11 11 0.373634 0.000967171 0.000973208 
7 11 11 0.376371 0.00141188 0.00104051 
8 11 11 0.379729 0.0016736 0.000988113 
9 11 11 0.383283 0.00171396 0.000836559 
10 11 11 0.386582 0.00153419 0.000619918 
11 11 11 0.389246 0.00118143 0.000381623 
12 11 11 0.391043 0.000731485 0.000164261 
13 11 11 0.391901 0.000205268 -2.52606e-05 
14 11 11 0.391741 -0.00128848 -0.000586012 
15 11 11 0.405388 0.00526151 0.00259918 
0 12 12 0.0726183 -0.000327825 -6.75115e-05 
1 12 12 0.0709106 -0.000345638 -1.35236e-05 
2 12 12 0.0693897 -0.000308551 5.21168e-05 
3 12 12 0.068267 -0.000233994 0.000111782 
4 12 12 0.067664 -0.000135101 0.0001542 
5 12 12 0.0676296 -2.3338e-05 0.000175987 
6 12 12 0.0681511 8.7795e-05 0.000176636 
7 12 12 0.0691517 0.000184216 0.000160128 
8 12 12 0.0704943 0.000252323 0.000132319 
9 12 12 0.0719954 0.000282586 0.000100322 
10 12 12 0.073453 0.000270889 6.90455e-05 
11 12 12 0.074684 0.000221874 4.25965e-05 
12 12 12 0.0755584 0.000146386 2.40103e-05 
13 12 12 0.0759916 4.43042e-05 1.16665e-05 
14 12 12 0.07551 -0.000412953 -0.000101347 
15 12 12 0.0767609 0.00385509 0.00177126 
0 13 13 0 0 0 
1 13 13 0 0 0 
2 13 13 0 0 0 
3 13 13 0 0 0 
4 13 13 0 0 0 
5 13 13 0 0 0 
6 13 13 0 0 0 
7 13 13 0 0 0 
8 13 13 0 0 0 
9 13 13 0 0 0 
10 13 13 0 0 0 
11 13 13 0 0 0 
12 13 13 0 0 0 
13 13 13 0 0 0 
14 13 13 0 0 0 
15 13 13 0 0 0 
0 14 14 0 0 0 
1 14 14 0 0 0 
2 14 14 0 0 0 
3 14 14 0 0 0 
4 14 14 0 0 0 
5 14 14 0 0 0 
6 14 14 0 0 0 
7 14 14 0 0 0 
8 14 14 0 0 0 
9 14 14 0 0 0 
10 14 14 0 0 0 
11 14 14 0 0 0 
12 14 14 0 0 0 
13 14 14 0 0 0 
14 14 14 0 0 0 
15 14 14 0 0 0 
0 15 15 0 0 0 
1 15 15 0 0 0 
2 15 15 0 0 0 
3 15 15 0 0 0 
4 15 15 0 0 0 
5 15 15 0 0 0 
6 15 15 0 0 0 
7 15 15 0 0 0 
8 15 15 0 0 0 
9 15 15 0 0 0 
10 15 15 0 0 0 
11 15 15 0 0 0 
12 15 15 0 0 0 
13 15 15 0 0 0 
14 15 15 0 0 0 
15 15 15 0 0 0 
0 0 0 0 0 0 
1 0 0 0 0 0 
2 0 0 0 0 0 
3 0 0 0 0 0 
4 0 0 0 0 0 
5 0 0 0 0 0 
6 0 0 0 0 0 
7 0 0 0 0 0 
8 0 0 0 0 0 
9 0 0 0 0 0 
10 0 0 0 0 0 
11 0 0 0 0 0 
12 0 0 0 0 0 
13 0 0 0 0 0 
14 0 0 0 0 0 
15 0 0 0 0 0 
0 1 1 0 0 0 
1 1 1 0 0 0 
2 1 1 0 0 0 
3 1 1 0 0 0 
4 1 1 0 0 0 
5 1 1 0 0 0 
6 1 1 0 0 0 
7 1 1 0 0 0 
8 1 1 0 0 0 
9 1 1 0 0 0 
10 1 1 0 0 0 
11 1 1 0 0 0 
12 1 1 0 0 0 
13 1 1 0 0 0 
14 1 1 0 0 0 
15 1 1 0 0 0 
0 2 2 0 0 0 
1 2 2 0 0 0 
2 2 2 0 0 0 
3 2 2 0 0 0 
4 2 2 0 0 0 
5 2 2 0 0 0 
6 2 2 0 0 0 
7 2 2 0 0 0 
8 2 2 0 0 0 
9 2 2 0 0 0 
10 2 2 0 0 0 
11 2 2 0 0 0 
12 2 2 0 0 0 
13 2 2 0 0 0 
14 2 2 0 0 0 
15 2 2 0 0 0 
0 3 3 0 0 0 
1 3 3 0 0 0 
2 3 3 0 0 0 
3 3 3 0 0 0 
4 3 3 0 0 0 
5 3 3 0 0 0 
6 3 3 0 0 0 
7 3 3 0 0 0 
8 3 3 0 0 0 
9 3 3 0 0 0 
10 3 3 0 0 0 
11 3 3 0 0 0 
12 3 3 0 0 0 
13 3 3 0 0 0 
14 3 3 0 0 0 
15 3 3 0 0 0 
0 4 4 0.146169 0.000615867 -0.000585238 
1 4 4 0.14311 0.000528101 -0.000702761 
2 4 4 0.140447 0.000361168 -0.000735385 
3 4 4 0.13848 0.000160274 -0.000685748 
4 4 4 0.137377 -4.25618e-05 -0.000561051 
5 4 4 0.137191 -0.000225427 -0.000382484 
6 4 4 0.137876 -0.000372982 -0.000179849 
7 4 4 0.13928 -0.000472731 1.43336e-05 
8 4 4 0.141168 -0.000516315 0.000169916 
9 4 4 0.143241 -0.000501367 0.000260754 
10 4 4 0.14519 -0.000434337 0.000274432 
11 4 4 0.146747 -0.000329238 0.000216982 
12 4 4 0.147741 -0.000204822 0.000107225 
13 4 4 0.148079 -5.75043e-05 -4.71188e-05 
14 4 4 0.147176 0.000656812 -0.000631469 
15 4 4 0.154093 -0.00406697 0.00265753 
0 5 5 0.444912 0.00252774 -0.00193928 
1 5 5 0.439611 0.00213359 -0.00208004 
2 5 5 0.435158 0.0014652 -0.00197613 
3 5 5 0.432001 0.000680879 -0.00166149 
4 5 5 0.430367 -0.000101416 -0.00117316 
5 5 5 0.4303 -0.000793856 -0.000570229 
6 5 5 0.431679 -0.00133084 6.43391e-05 
7 5 5 0.434223 -0.00166365 0.000636268 
8 5 5 0.43751 -0.0017642 0.00105569 
9 5 5 0.441022 -0.00163371 0.00125458 
10 5 5 0.444225 -0.00131223 0.00120651 
11 5 5 0.446676 -0.000874725 0.000940752 
12 5 5 0.448113 -0.000409608 0.000528484 
13 5 5 0.448479 5.53049e-05 1.03906e-05 
14 5 5 0.447849 0.00120752 -0.00126528 
15 5 5 0.457115 -0.00405727 0.00367864 
0 6 6 0.899311 0.00543661 -0.00507244 
1 6 6 0.893364 0.00473638 -0.00493165 
2 6 6 0.888203 0.0034368 -0.00422076 
3 6 6 0.884333 0.00185353 -0.00311189 
4 6 6 0.882019 0.000241366 -0.00172891 
5 6 6 0.881345 -0.00120096 -0.000205533 
6 6 6 0.882246 -0.00232515 0.00129068 
7 6 6 0.884501 -0.00302603 0.00256668 
8 6 6 0.887738 -0.00324515 0.00343188 
9 6 6 0.891446 -0.00298343 0.00374335 
10 6 6 0.895034 -0.00232046 0.00345512 
11 6 6 0.897935 -0.00141533 0.00265527 
12 6 6 0.899754 -0.000470311 0.00154477 
13 6 6 0.900406 0.000364641 0.000315399 
14 6 6 0.900553 0.00123861 -0.00124425 
15 6 6 0.897212 -0.00295024 0.00496451 
0 7 7 1.21855 0.0056116 -0.00878099 
1 7 7 1.21497 0.00511058 -0.00818398 
2 7 7 1.21161 0.00395075 -0.0065768 
3 7 7 1.20882 0.00243097 -0.00437361 
4 7 7 1.20678 0.000835987 -0.00185316 
5 7 7 1.20561 -0.000595979 0.000745396 
6 7 7 1.20536 -0.00169288 0.00316785 
7 7 7 1.20603 -0.00234781 0.00513968 
8 7 7 1.20753 -0.00251764 0.00639191 
9 7 7 1.20965 -0.00222423 0.00672223 
10 7 7 1.21205 -0.00156281 0.0060754 
11 7 7 1.21429 -0.000698607 0.0046102 
12 7 7 1.21598 0.000164693 0.00268472 
13 7 7 1.21692 0.00084913 0.000708926 
14 7 7 1.21767 0.0012599 -0.000987757 
15 7 7 1.21421 -0.000382302 0.00504523 
0 8 8 1.24414 0.00221312 -0.00983497 
1 8 8 1.24177 0.00201916 -0.0089769 
2 8 8 1.23953 0.00156637 -0.00693477 
3 8 8 1.23767 0.000970403 -0.00424078 
4 8 8 1.23631 0.000393599 -0.00127266 
5 8 8 1.23556 -2.21548e-05 0.00166351 
6 8 8 1.23548 -0.000196589 0.00427907 
7 8 8 1.23613 -0.000120345 0.00629086 
8 8 8 1.2375 0.000155616 0.0074429 
9 8 8 1.23947 0.00053864 0.00756281 
10 8 8 1.24178 0.00091845 0.00664135 
11 8 8 1.24405 0.00119559 0.00489402 
12 8 8 1.24589 0.00130795 0.00273681 
13 8 8 1.24713 0.00123978 0.000626486 
14 8 8 1.24826 0.00102305 -0.00104851 
15 8 8 1.24511 0.00191296 0.00500033 
0 9 9 0.9741 -0.0011277 -0.00693278 
1 9 9 0.970523 -0.00122563 -0.00606264 
2 9 9 0.967518 -0.00115329 -0.00435609 
3 9 9 0.965425 -0.000933367 -0.00223465 
4 9 9 0.964416 -0.000547091 -1.15458e-05 
5 9 9 0.964564 7.85171e-06 0.00206763 
6 9 9 0.965863 0.000685666 0.00379358 
7 9 9 0.968215 0.001389 0.00498454 
8 9 9 0.971404 0.00198934 0.0055029 
9 9 9 0.975073 0.0023602 0.00529099 
10 9 9 0.978756 0.00241702 0.00441241 
11 9 9 0.981958 0.00215155 0.00307165 
12 9 9 0.984301 0.00163595 0.00157013 
13 9 9 0.985682 0.000964979 0.000161209 
14 9 9 0.986757 9.36345e-05 -0.00125809 
15 9 9 0.983988 0.00366944 0.0052093 
0 10 10 0.507163 -0.00158433 -0.00262996 
1 10 10 0.503288 -0.00167375 -0.00210821 
2 10 10 0.500131 -0.00152757 -0.00127178 
3 10 10 0.498075 -0.00119237 -0.000321947 
4 10 10 0.497316 -0.000703678 0.00059598 
5 10 10 0.497906 -0.000109069 0.00137974 
6 10 10 0.499768 0.000520043 0.0019554 
7 10 10 0.502688 0.00109239 0.00227183 
8 10 10 0.506315 0.00151333 0.00230654 
9 10 10 0.510189 0.00170821 0.00207448 
10 10 10 0.513808 0.00164591 0.00163296 
11 10 10 0.516739 0.00135342 0.00107793 
12 10 10 0.518714 0.000904072 0.000518042 
13 10 10 0.519668 0.000341339 -8.55449e-06 
14 10 10 0.519846 -0.000916518 -0.00115232 
15 10 10 0.52539 0.00420672 0.00430304 
0 11 11 0.181598 -0.000725334 -0.000532273 
1 11 11 0.178901 -0.000802472 -0.000341369 
2 11 11 0.176615 -0.000763503 -8.15408e-05 
3 11 11 0.175042 -0.000630317 0.000181354 
4 11 11 0.174345 -0.000423791 0.000404528 
5 11 11 0.174577 -0.000169044 0.000565677 
6 11 11 0.175686 0.000100018 0.000654662 
7 11 11 0.177521 0.000344207 0.000671174 
8 11 11 0.179834 0.000524984 0.000623654 
9 11 11 0.182316 0.000613525 0.000527603 
10 11 11 0.184639 0.000598334 0.000402078 
11 11 11 0.186528 0.000490209 0.000268757 
12 11 11 0.187809 0.00031664 0.00014727 
13 11 11 0.188394 8.43678e-05 2.86841e-05 
14 11 11 0.187774 -0.000828293 -0.000575652 
15 11 11 0.197212 0.00409297 0.00325255 
0 12 12 0.0116844 -6.31051e-05 -1.77619e-06 
1 12 12 0.0111853 -7.83294e-05 1.39616e-05 
2 12 12 0.0107114 -8.23259e-05 3.12758e-05 
3 12 12 0.0103315 -7.63769e-05 4.54871e-05 
4 12 12 0.0100882 -6.19984e-05 5.36248e-05 
5 12 12 0.0100026 -4.10064e-05 5.54974e-05 
6 12 12 0.010079 -1.64172e-05 5.13793e-05 
7 12 12 0.0103034 8.23034e-06 4.31778e-05 
8 12 12 0.0106436 2.89947e-05 3.30872e-05 
9 12 12 0.0110515 4.27442e-05 2.34783e-05 
10 12 12 0.0114696 4.71965e-05 1.55111e-05 
11 12 12 0.0118408 4.2274e-05 9.99432e-06 
12 12 12 0.0121195 2.95705e-05 7.16037e-06 
13 12 12 0.0122737 9.67216e-06 6.41953e-06 
14 12 12 0.0121775 -7.26165e-05 -9.76227e-06 
15 12 12 0.00977632 0.00131971 0.000815998 
0 13 13 0 0 0 
1 13 13 0 0 0 
2 13 13 0 0 0 
3 13 13 0 0 0 
4 13 13 0 0 0 
5 13 13 0 0 0 
6 13 13 0 0 0 
7 13 13 0 0 0 
8 13 13 0 0 0 
9 13 13 0 0 0 
10 13 13 0 0 0 
11 13 13 0 0 0 
12 13 13 0 0 0 
13 13 13 0 0 0 
14 13 13 0 0 0 
15 13 13 0 0 0 
0 14 14 0 0 0 
1 14 14 0 0 0 
2 14 14 0 0 0 
3 14 14 0 0 0 
4 14 14 0 0 0 
5 14 14 0 0 0 
6 14 14 0 0 0 
7 14 14 0 0 0 
8 14 14 0 0 0 
9 14 14 0 0 0 
10 14 14 0 0 0 
11 14 14 0 0 0 
12 14 14 0 0 0 
13 14 14 0 0 0 
14 14 14 0 0 0 
15 14 14 0 0 0 
0 15 15 0 0 0 
1 15 15 0 0 0 
2 15 15 0 0 0 
3 15 15 0 0 0 
4 15 15 0 0 0 
5 15 15 0 0 0 
6 15 15 0 0 0 
7 15 15 0 0 0 
8 15 15 0 0 0 
9 15 15 0 0 0 
10 15 15 0 0 0 
11 15 15 0 0 0 
12 15 15 0 0 0 
13 15 15 0 0 0 
14 15 15 0 0 0 
15 15 15 0 0 0 
0 0 0 0 0 0 
1 0 0 0 0 0 
2 0 0 0 0 0 
3 0 0 0 0 0 
4 0 0 0 0 0 
5 0 0 0 0 0 
6 0 0 0 0 0 
7 0 0 0 0 0 
8 0 0 0 0 0 
9 0 0 0 0 0 
10 0 0 0 0 0 
11 0 0 0 0 0 
12 0 0 0 0 0 
13 0 0 0 0 0 
14 0 0 0 0 0 
15 0 0 0 0 0 
0 1 1 0 0 0 
1 1 1 0 0 0 
2 1 1 0 0 0 
3 1 1 0 0 0 
4 1 1 0 0 0 
5 1 1 0 0 0 
6 1 1 0 0 0 
7 1 1 0 0 0 
8 1 1 0 0 0 
9 1 1 0 0 0 
10 1 1 0 0 0 
11 1 1 0 0 0 
12 1 1 0 0 0 
13 1 1 0 0 0 
14 1 1 0 0 0 
15 1 1 0 0 0 
0 2 2 0 0 0 
1 2 2 0 0 0 
2 2 2 0 0 0 
3 2 2 0 0 0 
4 2 2 0 0 0 
5 2 2 0 0 0 
6 2 2 0 0 0 
7 2 2 0 0 0 
8 2 2 0 0 0 
9 2 2 0 0 0 
10 2 2 0 0 0 
11 2 2 0 0 0 
12 2 2 0 0 0 
13 2 2 0 0 0 
14 2 2 0 0 0 
15 2 2 0 0 0 
0 3 3 0 0 0 
1 3 3 0 0 0 
2 3 3 0 0 0 
3 3 3 0 0 0 
4 3 3 0 0 0 
5 3 3 0 0 0 
6 3 3 0 0 0 
7 3 3 0 0 0 
8 3 3 0 0 0 
9 3 3 0 0 0 
10 3 3 0 0 0 
11 3 3 0 0 0 
12 3 3 0 0 0 
13 3 3 0 0 0 
14 3 3 0 0 0 
15 3 3 0 0 0 
0 4 4 0.0174018 1.70791e-05 -9.35681e-05 
1 4 4 0.0166945 -1.42344e-06 -0.000122059 
2 4 4 0.0160276 -2.51223e-05 -0.000137016 
3 4 4 0.0154868 -4.68442e-05 -0.000137262 
4 4 4 0.0151255 -6.2712e-05 -0.000122439 
5 4 4 0.0149718 -7.14944e-05 -9.60203e-05 
6 4 4 0.0150301 -7.39717e-05 -6.27468e-05 
7 4 4 0.0152799 -7.15444e-05 -2.84878e-05 
8 4 4 0.015677 -6.56714e-05 1.83129e-06 
9 4 4 0.0161586 -5.78135e-05 2.27461e-05 
10 4 4 0.01665 -4.9155e-05 3.12737e-05 
11 4 4 0.0170784 -4.02667e-05 2.75136e-05 
12 4 4 0.0173872 -3.16247e-05 1.38339e-05 
13 4 4 0.0175358 -2.1506e-05 -7.55834e-06 
14 4 4 0.0173701 3.61329e-05 -7.92811e-05 
15 4 4 0.0145591 -0.00124156 0.00113349 
0 5 5 0.151255 0.000401085 -0.000737668 
1 5 5 0.148227 0.000215476 -0.00085979 
2 5 5 0.14559 -1.71087e-05 -0.000875373 
3 5 5 0.143648 -0.000239228 -0.000792092 
4 5 5 0.142568 -0.000416648 -0.000623252 
5 5 5 0.142409 -0.000533315 -0.000394264 
6 5 5 0.143123 -0.000586702 -0.00013999 
7 5 5 0.144562 -0.000582392 9.99649e-05 
8 5 5 0.146488 -0.000530859 0.000288214 
9 5 5 0.148602 -0.000445498 0.000395508 
10 5 5 0.150591 -0.000343341 0.0004069 
11 5 5 0.152187 -0.00024038 0.000329948 
12 5 5 0.153215 -0.00014897 0.000188568 
13 5 5 0.153582 -5.66219e-05 -6.09925e-06 
14 5 5 0.152701 0.000453126 -0.000775402 
15 5 5 0.159857 -0.0031462 0.00378653 
0 6 6 0.335448 0.00100699 -0.00186449 
1 6 6 0.331066 0.000564311 -0.00193941 
2 6 6 0.327385 2.82942e-05 -0.00177123 
3 6 6 0.3248 -0.000480059 -0.00141146 
4 6 6 0.323514 -0.000880505 -0.000909959 
5 6 6 0.323572 -0.0011318 -0.00032881 
6 6 6 0.324877 -0.00122633 0.00025602 
7 6 6 0.327188 -0.00117768 0.000761952 
8 6 6 0.33014 -0.00101562 0.00111257 
9 6 6 0.333287 -0.000780328 0.0012554 
10 6 6 0.336168 -0.00052046 0.00117549 
11 6 6 0.338403 -0.000283345 0.000906062 
12 6 6 0.339768 -0.000103278 0.000514536 
13 6 6 0.340197 2.8936e-05 2.98817e-05 
14 6 6 0.339469 0.000567524 -0.00139118 
15 6 6 0.353234 -0.00256557 0.00489639 
0 7 7 0.477818 0.00107935 -0.003086 
1 7 7 0.472945 0.000491839 -0.00295342 
2 7 7 0.468897 -0.000179221 -0.00244001 
3 7 7 0.466099 -0.000786441 -0.00167718 
4 7 7 0.464769 -0.00122784 -0.000769955 
5 7 7 0.464952 -0.00145223 0.00017957 
6 7 7 0.46654 -0.00145936 0.00106019 
7 7 7 0.469271 -0.00128272 0.00175973 
8 7 7 0.472742 -0.000979547 0.00218021 
9 7 7 0.476445 -0.000619518 0.00226292 
10 7 7 0.47985 -0.000275876 0.00200938 
11 7 7 0.482509 -1.1084e-05 0.00149135 
12 7 7 0.484153 0.000138157 0.000826809 
13 7 7 0.484718 0.000176004 6.99559e-05 
14 7 7 0.484352 0.000325439 -0.00164206 
15 7 7 0.493201 -0.00112952 0.00554033 
0 8 8 0.492859 0.000386875 -0.00325522 
1 8 8 0.488215 -0.00016818 -0.00291952 
2 8 8 0.484373 -0.000715193 -0.00218578 
3 8 8 0.481756 -0.00113989 -0.00123597 
4 8 8 0.48058 -0.00136671 -0.000206221 
5 8 8 0.480893 -0.00136756 0.000790378 
6 8 8 0.482597 -0.00116502 0.00164663 
7 8 8 0.485438 -0.000819033 0.00226439 
8 8 8 0.489021 -0.000410673 0.00256685 
9 8 8 0.492843 -2.58445e-05 0.0025194 
10 8 8 0.496372 0.000261046 0.00214794 
11 8 8 0.499156 0.000404294 0.0015433 
12 8 8 0.500922 0.000397745 0.000833185 
13 8 8 0.501602 0.00026701 6.75289e-05 
14 8 8 0.501384 -5.46987e-05 -0.00163637 
15 8 8 0.509683 0.000701022 0.00572057 
0 9 9 0.368948 -0.000445886 -0.00210454 
1 9 9 0.365037 -0.000841953 -0.0017575 
2 9 9 0.361799 -0.00113229 -0.00115209 
3 9 9 0.359617 -0.00126549 -0.000437486 
4 9 9 0.358691 -0.00121652 0.000279416 
5 9 9 0.359071 -0.00099369 0.000920355 
6 9 9 0.36067 -0.000640781 0.00142292 
7 9 9 0.363264 -0.000228308 0.00173784 
8 9 9 0.366496 0.000162803 0.0018353 
9 9 9 0.369924 0.000458124 0.00171414 
10 9 9 0.373083 0.000606552 0.00140803 
11 9 9 0.375588 0.000593993 0.000984291 
12 9 9 0.377209 0.000444906 0.000523807 
13 9 9 0.377883 0.000189072 4.0522e-05 
14 9 9 0.377504 -0.000515802 -0.00136822 
15 9 9 0.390554 0.00222358 0.00530879 
0 10 10 0.176878 -0.000572298 -0.000702409 
1 10 10 0.174109 -0.000773223 -0.000518075 
2 10 10 0.171749 -0.000873362 -0.000241505 
3 10 10 0.1701 -0.00086287 5.56561e-05 
4 10 10 0.169328 -0.000744389 0.000326059 
5 10 10 0.169486 -0.000535993 0.000542086 
6 10 10 0.170523 -0.000272448 0.000687534 
7 10 10 0.172288 8.04138e-08 0.0007544 
8 10 10 0.174533 0.000233083 0.000743522 
9 10 10 0.176949 0.00038642 0.000664693 
10 10 10 0.179211 0.000437226 0.000534552 
11 10 10 0.181046 0.000386823 0.00037685 
12 10 10 0.182279 0.000257288 0.000216552 
13 10 10 0.182824 6.06975e-05 4.63447e-05 
14 10 10 0.182144 -0.000639023 -0.000784312 
15 10 10 0.191472 0.00293731 0.00422434 
0 11 11 0.0294993 -0.000152526 -5.31298e-05 
1 11 11 0.0284368 -0.000203846 -1.42111e-05 
2 11 11 0.0274488 -0.000229931 3.6468e-05 
3 11 11 0.026674 -0.000228828 8.40815e-05 
4 11 11 0.0261968 -0.000201698 0.000119534 
5 11 11 0.0260575 -0.000152597 0.000140402 
6 11 11 0.0262582 -8.99968e-05 0.000146424 
7 11 11 0.0267639 -2.436e-05 0.000140251 
8 11 11 0.0275007 3.29579e-05 0.000125475 
9 11 11 0.0283631 7.26478e-05 0.000106198 
10 11 11 0.0292297 8.89248e-05 8.47347e-05 
11 11 11 0.0299843 8.14072e-05 6.35152e-05 
12 11 11 0.0305375 5.44095e-05 4.4367e-05 
13 11 11 0.0308267 1.11496e-05 2.39491e-05 
14 11 11 0.0305512 -0.000151793 -0.000120331 
15 11 11 0.0276403 0.00194949 0.00209162 
0 12 12 0 0 0 
1 12 12 0 0 0 
2 12 12 0 0 0 
3 12 12 0 0 0 
4 12 12 0 0 0 
5 12 12 0 0 0 
6 12 12 0 0 0 
7 12 12 0 0 0 
8 12 12 0 0 0 
9 12 12 0 0 0 
10 12 12 0 0 0 
11 12 12 0 0 0 
12 12 12 0 0 0 
13 12 12 0 0 0 
14 12 12 0 0 0 
15 12 12 0 0 0 
0 13 13 0 0 0 
1 13 13 0 0 0 
2 13 13 0 0 0 
3 13 13 0 0 0 
4 13 13 0 0 0 
5 13 13 0 0 0 
6 13 13 0 0 0 
7 13 13 0 0 0 
8 13 13 0 0 0 
9 13 13 0 0 0 
10 13 13 0 0 0 
11 13 13 0 0 0 
12 13 13 0 0 0 
13 13 13 0 0 0 
14 13 13 0 0 0 
15 13 13 0 0 0 
0 14 14 0 0 0 
1 14 14 0 0 0 
2 14 14 0 0 0 
3 14 14 0 0 0 
4 14 14 0 0 0 
5 14 14 0 0 0 
6 14 14 0 0 0 
7 14 14 0 0 0 
8 14 14 0 0 0 
9 14 14 0 0 0 
10 14 14 0 0 0 
11 14 14 0 0 0 
12 14 14 0 0 0 
13 14 14 0 0 0 
14 14 14 0 0 0 
15 14 14 0 0 0 
0 15 15 0 0 0 
1 15 15 0 0 0 
2 15 15 0 0 0 
3 15 15 0 0 0 
4 15 15 0 0 0 
5 15 15 0 0 0 
6 15 15 0 0 0 
7 15 15 0 0 0 
8 15 15 0 0 0 
9 15 15 0 0 0 
10 15 15 0 0 0 
11 15 15 0 0 0 
12 15 15 0 0 0 
13 15 15 0 0 0 
14 15 15 0 0 0 
15 15 15 0 0 0 
0 0 0 0 0 0 
1 0 0 0 0 0 
2 0 0 0 0 0 
3 0 0 0 0 0 
4 0 0 0 0 0 
5 0 0 0 0 0 
6 0 0 0 0 0 
7 0 0 0 0 0 
8 0 0 0 0 0 
9 0 0 0 0 0 
10 0 0 0 0 0 
11 0 0 0 0 0 
12 0 0 0 0 0 
13 0 0 0 0 0 
14 0 0 0 0 0 
15 0 0 0 0 0 
0 1 1 0 0 0 
1 1 1 0 0 0 
2 1 1 0 0 0 
3 1 1 0 0 0 
4 1 1 0 0 0 
5 1 1 0 0 0 
6 1 1 0 0 0 
7 1 1 0 0 0 
8 1 1 0 0 0 
9 1 1 0 0 0 
10 1 1 0 0 0 
11 1 1 0 0 0 
12 1 1 0 0 0 
13 1 1 0 0 0 
14 1 1 0 0 0 
15 1 1 0 0 0 
0 2 2 0 0 0 
1 2 2 0 0 0 
2 2 2 0 0 0 
3 2 2 0 0 0 
4 2 2 0 0 0 
5 2 2 0 0 0 
6 2 2 0 0 0 
7 2 2 0 0 0 
8 2 2 0 0 0 
9 2 2 0 0 0 
10 2 2 0 0 0 
11 2 2 0 0 0 
12 2 2 0 0 0 
13 2 2 0 0 0 
14 2 2 0 0 0 
15 2 2 0 0 0 
0 3 3 0 0 0 
1 3 3 0 0 0 
2 3 3 0 0 0 
3 3 3 0 0 0 
4 3 3 0 0 0 
5 3 3 0 0 0 
6 3 3 0 0 0 
7 3 3 0 0 0 
8 3 3 0 0 0 
9 3 3 0 0 0 
10 3 3 0 0 0 
11 3 3 0 0 0 
12 3 3 0 0 0 
13 3 3 0 0 0 
14 3 3 0 0 0 
15 3 3 0 0 0 
0 4 4 0 0 0 
1 4 4 0 0 0 
2 4 4 0 0 0 
3 4 4 0 0 0 
4 4 4 0 0 0 
5 4 4 0 0 0 
6 4 4 0 0 0 
7 4 4 0 0 0 
8 4 4 0 0 0 
9 4 4 0 0 0 
10 4 4 0 0 0 
11 4 4 0 0 0 
12 4 4 0 0 0 
13 4 4 0 0 0 
14 4 4 0 0 0 
15 4 4 0 0 0 
0 5 5 0 0 0 
1 5 5 0 0 0 
2 5 5 0 0 0 
3 5 5 0 0 0 
4 5 5 0 0 0 
5 5 5 0 0 0 
6 5 5 0 0 0 
7 5 5 0 0 0 
8 5 5 0 0 0 
9 5 5 0 0 0 
10 5 5 0 0 0 
11 5 5 0 0 0 
12 5 5 0 0 0 
13 5 5 0 0 0 
14 5 5 0 0 0 
15 5 5 0 0 0 
0 6 6 0.0520702 -7.45951e-05 -0.00028628 
1 6 6 0.0505992 -0.000178553 -0.000334449 
2 6 6 0.0492555 -0.000273187 -0.000339513 
3 6 6 0.0482082 -0.00033783 -0.000305152 
4 6 6 0.0475681 -0.000361224 -0.000239131 
5 6 6 0.0473696 -0.000343015 -0.000150809 
6 6 6 0.047612 -0.000293449 -5.309e-05 
7 6 6 0.0482404 -0.000225774 3.96e-05 
8 6 6 0.0491528 -0.000154925 0.000112832 
9 6 6 0.050209 -9.31738e-05 0.000156437 
10 6 6 0.0512529 -5.02886e-05 0.000163594 
11 6 6 0.0521385 -2.95543e-05 0.000136469 
12 6 6 0.0527586 -2.93959e-05 8.33062e-05 
13 6 6 0.0530464 -4.33299e-05 7.93948e-06 
14 6 6 0.0526913 1.2962e-05 -0.000265648 
15 6 6 0.050043 -0.00141725 0.00304798 
0 7 7 0.108835 -0.000206065 -0.00063138 
1 7 7 0.106372 -0.000416739 -0.000664694 
2 7 7 0.104205 -0.000592841 -0.000605083 
3 7 7 0.1026 -0.000699727 -0.000477632 
4 7 7 0.101712 -0.000720078 -0.000304102 
5 7 7 0.101595 -0.000656343 -0.000105804 
6 7 7 0.102218 -0.000531676 9.05836e-05 
7 7 7 0.103465 -0.00037529 0.000259563 
8 7 7 0.105143 -0.000219433 0.000377302 
9 7 7 0.107002 -9.12739e-05 0.000428292 
10 7 7 0.108778 -9.96648e-06 0.000406854 
11 7 7 0.110235 1.83979e-05 0.000322184 
12 7 7 0.111213 -9.28137e-08 0.00019396 
13 7 7 0.111608 -5.30088e-05 2.26229e-05 
14 7 7 0.110812 -6.02093e-05 -0.00071037 
15 7 7 0.115575 -0.000863945 0.0045058 
0 8 8 0.113802 -0.00023629 -0.000577387 
1 8 8 0.111298 -0.0004635 -0.000546688 
2 8 8 0.109102 -0.00064784 -0.000429606 
3 8 8 0.107489 -0.000754115 -0.000264124 
4 8 8 0.106617 -0.0007674 -7.79212e-05 
5 8 8 0.10654 -0.000691082 0.000108364 
6 8 8 0.107228 -0.000549015 0.000274075 
7 8 8 0.108559 -0.000373787 0.000401339 
8 8 8 0.110329 -0.000200739 0.000475181 
9 8 8 0.11228 -6.0367e-05 0.000487507 
10 8 8 0.114138 2.66986e-05 0.000438582 
11 8 8 0.115661 5.4295e-05 0.000339743 
12 8 8 0.116685 3.1598e-05 0.000209465 
13 8 8 0.117102 -1.99254e-05 4.23135e-05 
14 8 8 0.11626 -0.000113178 -0.000742896 
15 8 8 0.122373 0.00029564 0.00461081 
0 9 9 0.0658197 -0.000207851 -0.000243598 
1 9 9 0.0641476 -0.000354633 -0.000199347 
2 9 9 0.0626409 -0.000465761 -0.000115904 
3 9 9 0.0614992 -0.000521313 -1.88095e-05 
4 9 9 0.0608396 -0.000514163 7.51451e-05 
5 9 9 0.0607108 -0.00044834 0.000156571 
6 9 9 0.0611032 -0.000340266 0.000218831 
7 9 9 0.0619469 -0.000212944 0.000258023 
8 9 9 0.063115 -9.11527e-05 0.000271889 
9 9 9 0.0644373 4.26208e-06 0.000260677 
10 9 9 0.0657277 5.90146e-05 0.000226439 
11 9 9 0.0668157 7.02723e-05 0.00017476 
12 9 9 0.0675788 4.6041e-05 0.000113014 
13 9 9 0.0679428 1.562e-06 3.68502e-05 
14 9 9 0.067544 -0.000127479 -0.00030934 
15 9 9 0.0665601 0.00129191 0.00371273 
0 10 10 0.0136424 -7.11541e-05 -2.73104e-05 
1 10 10 0.0130872 -0.000108013 -1.30727e-05 
2 10 10 0.01256 -0.000133913 7.35419e-06 
3 10 10 0.0121354 -0.000144481 2.75365e-05 
4 10 10 0.0118594 -0.000138307 4.36879e-05 
5 10 10 0.0117562 -0.000117296 5.41845e-05 
6 10 10 0.0118291 -8.54442e-05 5.9221e-05 
7 10 10 0.0120635 -4.91953e-05 5.9384e-05 
8 10 10 0.0124232 -1.53055e-05 5.57054e-05 
9 10 10 0.0128557 1.07389e-05 4.973e-05 
10 10 10 0.0133009 2.48685e-05 4.17039e-05 
11 10 10 0.0136942 2.64777e-05 3.26235e-05 
12 10 10 0.0139874 1.75317e-05 2.3201e-05 
13 10 10 0.0141479 3.38722e-07 1.2518e-05 
14 10 10 0.014048 -4.92093e-05 -4.64804e-05 
15 10 10 0.0114373 0.000877679 0.00136766 
0 11 11 0 0 0 
1 11 11 0 0 0 
2 11 11 0 0 0 
3 11 11 0 0 0 
4 11 11 0 0 0 
5 11 11 0 0 0 
6 11 11 0 0 0 
7 11 11 0 0 0 
8 11 11 0 0 0 
9 11 11 0 0 0 
10 11 11 0 0 0 
11 11 11 0 0 0 
12 11 11 0 0 0 
13 11 11 0 0 0 
14 11 11 0 0 0 
15 11 11 0 0 0 
0 12 12 0 0 0 
1 12 12 0 0 0 
2 12 12 0 0 0 
3 12 12 0 0 0 
4 12 12 0 0 0 
5 12 12 0 0 0 
6 12 12 0 0 0 
7 12 12 0 0 0 
8 12 12 0 0 0 
9 12 12 0 0 0 
10 12 12 0 0 0 
11 12 12 0 0 0 
12 12 12 0 0 0 
13 12 12 0 0 0 
14 12 12 0 0 0 
15 12 12 0 0 0 
0 13 13 0 0 0 
1 13 13 0 0 0 
2 13 13 0 0 0 
3 13 13 0 0 0 
4 13 13 0 0 0 
5 13 13 0 0 0 
6 13 13 0 0 0 
7 13 13 0 0 0 
8 13 13 0 0 0 
9 13 13 0 0 0 
10 13 13 0 0 0 
11 13 13 0 0 0 
12 13 13 0 0 0 
13 13 13 0 0 0 
14 13 13 0 0 0 
15 13 13 0 0 0 
0 14 14 0 0 0 
1 14 14 0 0 0 
2 14 14 0 0 0 
3 14 14 0 0 0 
4 14 14 0 0 0 
5 14 14 0 0 0 
6 14 14 0 0 0 
7 14 14 0 0 0 
8 14 14 0 0 0 
9 14 14 0 0 0 
10 14 14 0 0 0 
11 14 14 0 0 0 
12 14 14 0 0 0 
13 14 14 0 0 0 
14 14 14 0 0 0 
15 14 14 0 0 0 
0 15 15 0 0 0 
1 15 15 0 0 0 
2 15 15 0 0 0 
3 15 15 0 0 0 
4 15 15 0 0 0 
5 15 15 0 0 0 
6 15 15 0 0 0 
7 15 15 0 0 0 
8 15 15 0 0 0 
9 15 15 0 0 0 
10 15 15 0 0 0 
11 15 15 0 0 0 
12 15 15 0 0 0 
13 15 15 0 0 0 
14 15 15 0 0 0 
15 15 15 0 0 0 
0 0 0 0 0 0 
1 0 0 0 0 0 
2 0 0 0 0 0 
3 0 0 0 0 0 
4 0 0 0 0 0 
5 0 0 0 0 0 
6 0 0 0 0 0 
7 0 0 0 0 0 
8 0 0 0 0 0 
9 0 0 0 0 0 
10 0 0 0 0 0 
11 0 0 0 0 0 
12 0 0 0 0 0 
13 0 0 0 0 0 
14 0 0 0 0 0 
15 0 0 0 0 0 
0 1 1 0 0 0 
1 1 1 0 0 0 
2 1 1 0 0 0 
3 1 1 0 0 0 
4 1 1 0 0 0 
5 1 1 0 0 0 
6 1 1 0 0 0 
7 1 1 0 0 0 
8 1 1 0 0 0 
9 1 1 0 0 0 
10 1 1 0 0 0 
11 1 1 0 0 0 
12 1 1 0 0 0 
13 1 1 0 0 0 
14 1 1 0 0 0 
15 1 1 0 0 0 
0 2 2 0 0 0 
1 2 2 0 0 0 
2 2 2 0 0 0 
3 2 2 0 0 0 
4 2 2 0 0 0 
5 2 2 0 0 0 
6 2 2 0 0 0 
7 2 2 0 0 0 
8 2 2 0 0 0 
9 2 2 0 0 0 
10 2 2 0 0 0 
11 2 2 0 0 0 
12 2 2 0 0 0 
13 2 2 0 0 0 
14 2 2 0 0 0 
15 2 2 0 0 0 
0 3 3 0 0 0 
1 3 3 0 0 0 
2 3 3 0 0 0 
3 3 3 0 0 0 
4 3 3 0 0 0 
5 3 3 0 0 0 
6 3 3 0 0 0 
7 3 3 0 0 0 
8 3 3 0 0 0 
9 3 3 0 0 0 
10 3 3 0 0 0 
11 3 3 0 0 0 
12 3 3 0 0 0 
13 3 3 0 0 0 
14 3 3 0 0 0 
15 3 3 0 0 0 
0 4 4 0 0 0 
1 4 4 0 0 0 
2 4 4 0 0 0 
3 4 4 0 0 0 
4 4 4 0 0 0 
5 4 4 0 0 0 
6 4 4 0 0 0 
7 4 4 0 0 0 
8 4 4 0 0 0 
9 4 4 0 0 0 
10 4 4 0 0 0 
11 4 4 0 0 0 
12 4 4 0 0 0 
13 4 4 0 0 0 
14 4 4 0 0 0 
15 4 4 0 0 0 
0 5 5 0 0 0 
1 5 5 0 0 0 
2 5 5 0 0 0 
3 5 5 0 0 0 
4 5 5 0 0 0 
5 5 5 0 0 0 
6 5 5 0 0 0 
7 5 5 0 0 0 
8 5 5 0 0 0 
9 5 5 0 0 0 
10 5 5 0 0 0 
11 5 5 0 0 0 
12 5 5 0 0 0 
13 5 5 0 0 0 
14 5 5 0 0 0 
15 5 5 0 0 0 
0 6 6 0 0 0 
1 6 6 0 0 0 
2 6 6 0 0 0 
3 6 6 0 0 0 
4 6 6 0 0 0 
5 6 6 0 0 0 
6 6 6 0 0 0 
7 6 6 0 0 0 
8 6 6 0 0 0 
9 6 6 0 0 0 
10 6 6 0 0 0 
11 6 6 0 0 0 
12 6 6 0 0 0 
13 6 6 0 0 0 
14 6 6 0 0 0 
15 6 6 0 0 0 
0 7 7 0 0 0 
1 7 7 0 0 0 
2 7 7 0 0 0 
3 7 7 0 0 0 
4 7 7 0 0 0 
5 7 7 0 0 0 
6 7 7 0 0 0 
7 7 7 0 0 0 
8 7 7 0 0 0 
9 7 7 0 0 0 
10 7 7 0 0 0 
11 7 7 0 0 0 
12 7 7 0 0 0 
13 7 7 0 0 0 
14 7 7 0 0 0 
15 7 7 0 0 0 
0 8 8 0 0 0 
1 8 8 0 0 0 
2 8 8 0 0 0 
3 8 8 0 0 0 
4 8 8 0 0 0 
5 8 8 0 0 0 
6 8 8 0 0 0 
7 8 8 0 0 0 
8 8 8 0 0 0 
9 8 8 0 0 0 
10 8 8 0 0 0 
11 8 8 0 0 0 
12 8 8 0 0 0 
13 8 8 0 0 0 
14 8 8 0 0 0 
15 8 8 0 0 0 
0 9 9 0 0 0 
1 9 9 0 0 0 
2 9 9 0 0 0 
3 9 9 0 0 0 
4 9 9 0 0 0 
5 9 9 0 0 0 
6 9 9 0 0 0 
7 9 9 0 0 0 
8 9 9 0 0 0 
9 9 9 0 0 0 
10 9 9 0 0 0 
11 9 9 0 0 0 
12 9 9 0 0 0 
13 9 9 0 0 0 
14 9 9 0 0 0 
15 9 9 0 0 0 
0 10 10 0 0 0 
1 10 10 0 0 0 
2 10 10 0 0 0 
3 10 10 0 0 0 
4 10 10 0 0 0 
5 10 10 0 0 0 
6 10 10 0 0 0 
7 10 10 0 0 0 
8 10 10 0 0 0 
9 10 10 0 0 0 
10 10 10 0 0 0 
11 10 10 0 0 0 
12 10 10 0 0 0 
13 10 10 0 0 0 
14 10 10 0 0 0 
15 10 10 0 0 0 
0 11 11 0 0 0 
1 11 11 0 0 0 
2 11 11 0 0 0 
3 11 11 0 0 0 
4 11 11 0 0 0 
5 11 11 0 0 0 
6 11 11 0 0 0 
7 11 11 0 0 0 
8 11 11 0 0 0 
9 11 11 0 0 0 
10 11 11 0 0 0 
11 11 11 0 0 0 
12 11 11 0 0 0 
13 11 11 0 0 0 
14 11 11 0 0 0 
15 11 11 0 0 0 
0 12 12 0 0 0 
1 12 12 0 0 0 
2 12 12 0 0 0 
3 12 12 0 0 0 
4 12 12 0 0 0 
5 12 12 0 0 0 
6 12 12 0 0 0 
7 12 12 0 0 0 
8 12 12 0 0 0 
9 12 12 0 0 0 
10 12 12 0 0 0 
11 12 12 0 0 0 
12 12 12 0 0 0 
13 12 12 0 0 0 
14 12 12 0 0 0 
15 12 12 0 0 0 
0 13 13 0 0 0 
1 13 13 0 0 0 
2 13 13 0 0 0 
3 13 13 0 0 0 
4 13 13 0 0 0 
5 13 13 0 0 0 
6 13 13 0 0 0 
7 13 13 0 0 0 
8 13 13 0 0 0 
9 13 13 0 0 0 
10 13 13 0 0 0 
11 13 13 0 0 0 
12 13 13 0 0 0 
13 13 13 0 0 0 
14 13 13 0 0 0 
15 13 13 0 0 0 
0 14 14 0 0 0 
1 14 14 0 0 0 
2 14 14 0 0 0 
3 14 14 0 0 0 
4 14 14 0 0 0 
5 14 14 0 0 0 
6 14 14 0 0 0 
7 14 14 0 0 0 
8 14 14 0 0 0 
9 14 14 0 0 0 
10 14 14 0 0 0 
11 14 14 0 0 0 
12 14 14 0 0 0 
13 14 14 0 0 0 
14 14 14 0 0 0 
15 14 14 0 0 0 
0 15 15 0 0 0 
1 15 15 0 0 0 
2 15 15 0 0 0 
3 15 15 0 0 0 
4 15 15 0 0 0 
5 15 15 0 0 0 
6 15 15 0 0 0 
7 15 15 0 0 0 
8 15 15 0 0 0 
9 15 15 0 0 0 
10 15 15 0 0 0 
11 15 15 0 0 0 
12 15 15 0 0 0 
13 15 15 0 0 0 
14 15 15 0 0 0 
15 15 15 0 0 0 
0 0 0 0 0 0 
1 0 0 0 0 0 
2 0 0 0 0 0 
3 0 0 0 0 0 
4 0 0 0 0 0 
5 0 0 0 0 0 
6 0 0 0 0 0 
7 0 0 0 0 0 
8 0 0 0 0 0 
9 0 0 0 0 0 
10 0 0 0 0 0 
11 0 0 0 0 0 
12 0 0 0 0 0 
13 0 0 0 0 0 
14 0 0 0 0 0 
15 0 0 0 0 0 
0 1 1 0 0 0 
1 1 1 0 0 0 
2 1 1 0 0 0 
3 1 1 0 0 0 
4 1 1 0 0 0 
5 1 1 0 0 0 
6 1 1 0 0 0 
7 1 1 0 0 0 
8 1 1 0 0 0 
9 1 1 0 0 0 
10 1 1 0 0 0 
11 1 1 0 0 0 
12 1 1 0 0 0 
13 1 1 0 0 0 
14 1 1 0 0 0 
15 1 1 0 0 0 
0 2 2 0 0 0 
1 2 2 0 0 0 
2 2 2 0 0 0 
3 2 2 0 0 0 
4 2 2 0 0 0 
5 2 2 0 0 0 
6 2 2 0 0 0 
7 2 2 0 0 0 
8 2 2 0 0 0 
9 2 2 0 0 0 
10 2 2 0 0 0 
11 2 2 0 0 0 
12 2 2 0 0 0 
13 2 2 0 0 0 
14 2 2 0 0 0 
15 2 2 0 0 0 
0 3 3 0 0 0 
1 3 3 0 0 0 
2 3 3 0 0 0 
3 3 3 0 0 0 
4 3 3 0 0 0 
5 3 3 0 0 0 
6 3 3 0 0 0 
7 3 3 0 0 0 
8 3 3 0 0 0 
9 3 3 0 0 0 
10 3 3 0 0 0 
11 3 3 0 0 0 
12 3 3 0 0 0 
13 3 3 0 0 0 
14 3 3 0 0 0 
15 3 3 0 0 0 
0 4 4 0 0 0 
1 4 4 0 0 0 
2 4 4 0 0 0 
3 4 4 0 0 0 
4 4 4 0 0 0 
5 4 4 0 0 0 
6 4 4 0 0 0 
7 4 4 0 0 0 
8 4 4 0 0 0 
9 4 4 0 0 0 
10 4 4 0 0 0 
11 4 4 0 0 0 
12 4 4 0 0 0 
13 4 4 0 0 0 
14 4 4 0 0 0 
15 4 4 0 0 0 
0 5 5 0 0 0 
1 5 5 0 0 0 
2 5 5 0 0 0 
3 5 5 0 0 0 
4 5 5 0 0 0 
5 5 5 0 0 0 
6 5 5 0 0 0 
7 5 5 0 0 0 
8 5 5 0 0 0 
9 5 5 0 0 0 
10 5 5 0 0 0 
11 5 5 0 0 0 
12 5 5 0 0 0 
13 5 5 0 0 0 
14 5 5 0 0 0 
15 5 5 0 0 0 
0 6 6 0 0 0 
1 6 6 0 0 0 
2 6 6 0 0 0 
3 6 6 0 0 0 
4 6 6 0 0 0 
5 6 6 0 0 0 
6 6 6 0 0 0 
7 6 6 0 0 0 
8 6 6 0 0 0 
9 6 6 0 0 0 
10 6 6 0 0 0 
11 6 6 0 0 0 
12 6 6 0 0 0 
13 6 6 0 0 0 
14 6 6 0 0 0 
15 6 6 0 0 0 
0 7 7 0 0 0 
1 7 7 0 0 0 
2 7 7 0 0 0 
3 7 7 0 0 0 
4 7 7 0 0 0 
5 7 7 0 0 0 
6 7 7 0 0 0 
7 7 7 0 0 0 
8 7 7 0 0 0 
9 7 7 0 0 0 
10 7 7 0 0 0 
11 7 7 0 0 0 
12 7 7 0 0 0 
13 7 7 0 0 0 
14 7 7 0 0 0 
15 7 7 0 0 0 
0 8 8 0 0 0 
1 8 8 0 0 0 
2 8 8 0 0 0 
3 8 8 0 0 0 
4 8 8 0 0 0 
5 8 8 0 0 0 
6 8 8 0 0 0 
7 8 8 0 0 0 
8 8 8 0 0 0 
9 8 8 0 0 0 
10 8 8 0 0 0 
11 8 8 0 0 0 
12 8 8 0 0 0 
13 8 8 0 0 0 
14 8 8 0 0 0 
15 8 8 0 0 0 
0 9 9 0 0 0 
1 9 9 0 0 0 
2 9 9 0 0 0 
3 9 9 0 0 0 
4 9 9 0 0 0 
5 9 9 0 0 0 
6 9 9 0 0 0 
7 9 9 0 0 0 
8 9 9 0 0 0 
9 9 9 0 0 0 
10 9 9 0 0 0 
11 9 9 0 0 0 
12 9 9 0 0 0 
13 9 9 0 0 0 
14 9 9 0 0 0 
15 9 9 0 0 0 
0 10 10 0 0 0 
1 10 10 0 0 0 
2 10 10 0 0 0 
3 10 10 0 0 0 
4 10 10 0 0 0 
5 10 10 0 0 0 
6 10 10 0 0 0 
7 10 10 0 0 0 
8 10 10 0 0 0 
9 10 10 0 0 0 
10 10 10 0 0 0 
11 10 10 0 0 0 
12 10 10 0 0 0 
13 10 10 0 0 0 
14 10 10 0 0 0 
15 10 10 0 0 0 
0 11 11 0 0 0 
1 11 11 0 0 0 
2 11 11 0 0 0 
3 11 11 0 0 0 
4 11 11 0 0 0 
5 11 11 0 0 0 
6 11 11 0 0 0 
7 11 11 0 0 0 
8 11 11 0 0 0 
9 11 11 0 0 0 
10 11 11 0 0 0 
11 11 11 0 0 0 
12 11 11 0 0 0 
13 11 11 0 0 0 
14 11 11 0 0 0 
15 11 11 0 0 0 
0 12 12 0 0 0 
1 12 12 0 0 0 
2 12 12 0 0 0 
3 12 12 0 0 0 
4 12 12 0 0 0 
5 12 12 0 0 0 
6 12 12 0 0 0 
7 12 12 0 0 0 
8 12 12 0 0 0 
9 12 12 0 0 0 
10 12 12 0 0 0 
11 12 12 0 0 0 
12 12 12 0 0 0 
13 12 12 0 0 0 
14 12 12 0 0 0 
15 12 12 0 0 0 
0 13 13 0 0 0 
1 13 13 0 0 0 
2 13 13 0 0 0 
3 13 13 0 0 0 
4 13 13 0 0 0 
5 13 13 0 0 0 
6 13 13 0 0 0 
7 13 13 0 0 0 
8 13 13 0 0 0 
9 13 13 0 0 0 
10 13 13 0 0 0 
11 13 13 0 0 0 
12 13 13 0 0 0 
13 13 13 0 0 0 
14 13 13 0 0 0 
15 13 13 0 0 0 
0 14 14 0 0 0 
1 14 14 0 0 0 
2 14 14 0 0 0 
3 14 14 0 0 0 
4 14 14 0 0 0 
5 14 14 0 0 0 
6 14 14 0 0 0 
7 14 14 0 0 0 
8 14 14 0 0 0 
9 14 14 0 0 0 
10 14 14 0 0 0 
11 14 14 0 0 0 
12 14 14 0 0 0 
13 14 14 0 0 0 
14 14 14 0 0 0 
15 14 14 0 0 0 
0 15 15 0 0 0 
1 15 15 0 0 0 
2 15 15 0 0 0 
3 15 15 0 0 0 
4 15 15 0 0 0 
5 15 15 0 0 0 
6 15 15 0 0 0 
7 15 15 0 0 0 
8 15 15 0 0 0 
9 15 15 0 0 0 
10 15 15 0 0 0 
11 15 15 0 0 0 
12 15 15 0 0 0 
13 15 15 0 0 0 
14 15 15 0 0 0 
15 15 15 0 0 0 
0 0 0 0 0 0 
1 0 0 0 0 0 
2 0 0 0 0 0 
3 0 0 0 0 0 
4 0 0 0 0 0 
5 0 0 0 0 0 
6 0 0 0 0 0 
7 0 0 0 0 0 
8 0 0 0 0 0 
9 0 0 0 0 0 
10 0 0 0 0 0 
11 0 0 0 0 0 
12 0 0 0 0 0 
13 0 0 0 0 0 
14 0 0 0 0 0 
15 0 0 0 0 0 
0 1 1 0 0 0 
1 1 1 0 0 0 
2 1 1 0 0 0 
3 1 1 0 0 0 
4 1 1 0 0 0 
5 1 1 0 0 0 
6 1 1 0 0 0 
7 1 1 0 0 0 
8 1 1 0 0 0 
9 1 1 0 0 0 
10 1 1 0 0 0 
11 1 1 0 0 0 
12 1 1 0 0 0 
13 1 1 0 0 0 
14 1 1 0 0 0 
15 1 1 0 0 0 
0 2 2 0 0 0 
1 2 2 0 0 0 
2 2 2 0 0 0 
3 2 2 0 0 0 
4 2 2 0 0 0 
5 2 2 0 0 0 
6 2 2 0 0 0 
7 2 2 0 0 0 
8 2 2 0 0 0 
9 2 2 0 0 0 
10 2 2 0 0 0 
11 2 2 0 0 0 
12 2 2 0 0 0 
13 2 2 0 0 0 
14 2 2 0 0 0 
15 2 2 0 0 0 
0 3 3 0 0 0 
1 3 3 0 0 0 
2 3 3 0 0 0 
3 3 3 0 0 0 
4 3 3 0 0 0 
5 3 3 0 0 0 
6 3 3 0 0 0 
7 3 3 0 0 0 
8 3 3 0 0 0 
9 3 3 0 0 0 
10 3 3 0 0 0 
11 3 3 0 0 0 
12 3 3 0 0 0 
13 3 3 0 0 0 
14 3 3 0 0 0 
15 3 3 0 0 0 
0 4 4 0 0 0 
1 4 4 0 0 0 
2 4 4 0 0 0 
3 4 4 0 0 0 
4 4 4 0 0 0 
5 4 4 0 0 0 
6 4 4 0 0 0 
7 4 4 0 0 0 
8 4 4 0 0 0 
9 4 4 0 0 0 
10 4 4 0 0 0 
11 4 4 0 0 0 
12 4 4 0 0 0 
13 4 4 0 0 0 
14 4 4 0 0 0 
15 4 4 0 0 0 
0 5 5 0 0 0 
1 5 5 0 0 0 
2 5 5 0 0 0 
3 5 5 0 0 0 
4 5 5 0 0 0 
5 5 5 0 0 0 
6 5 5 0 0 0 
7 5 5 0 0 0 
8 5 5 0 0 0 
9 5 5 0 0 0 
10 5 5 0 0 0 
11 5 5 0 0 0 
12 5 5 0 0 0 
13 5 5 0 0 0 
14 5 5 0 0 0 
15 5 5 0 0 0 
0 6 6 0 0 0 
1 6 6 0 0 0 
2 6 6 0 0 0 
3 6 6 0 0 0 
4 6 6 0 0 0 
5 6 6 0 0 0 
6 6 6 0 0 0 
7 6 6 0 0 0 
8 6 6 0 0 0 
9 6 6 0 0 0 
10 6 6 0 0 0 
11 6 6 0 0 0 
12 6 6 0 0 0 
13 6 6 0 0 0 
14 6 6 0 0 0 
15 6 6 0 0 0 
0 7 7 0 0 0 
1 7 7 0 0 0 
2 7 7 0 0 0 
3 7 7 0 0 0 
4 7 7 0 0 0 
5 7 7 0 0 0 
6 7 7 0 0 0 
7 7 7 0 0 0 
8 7 7 0 0 0 
9 7 7 0 0 0 
10 7 7 0 0 0 
11 7 7 0 0 0 
12 7 7 0 0 0 
13 7 7 0 0 0 
14 7 7 0 0 0 
15 7 7 0 0 0 
0 8 8 0 0 0 
1 8 8 0 0 0 
2 8 8 0 0 0 
3 8 8 0 0 0 
4 8 8 0 0 0 
5 8 8 0 0 0 
6 8 8 0 0 0 
7 8 8 0 0 0 
8 8 8 0 0 0 
9 8 8 0 0 0 
10 8 8 0 0 0 
11 8 8 0 0 0 
12 8 8 0 0 0 
13 8 8 0 0 0 
14 8 8 0 0 0 
15 8 8 0 0 0 
0 9 9 0 0 0 
1 9 9 0 0 0 
2 9 9 0 0 0 
3 9 9 0 0 0 
4 9 9 0 0 0 
5 9 9 0 0 0 
6 9 9 0 0 0 
7 9 9 0 0 0 
8 9 9 0 0 0 
9 9 9 0 0 0 
10 9 9 0 0 0 
11 9 9 0 0 0 
12 9 9 0 0 0 
13 9 9 0 0 0 
14 9 9 0 0 0 
15 9 9 0 0 0 
0 10 10 0 0 0 
1 10 10 0 0 0 
2 10 10 0 0 0 
3 10 10 0 0 0 
4 10 10 0 0 0 
5 10 10 0 0 0 
6 10 10 0 0 0 
7 10 10 0 0 0 
8 10 10 0 0 0 
9 10 10 0 0 0 
10 10 10 0 0 0 
11 10 10 0 0 0 
12 10 10 0 0 0 
13 10 10 0 0 0 
14 10 10 0 0 0 
15 10 10 0 0 0 
0 11 11 0 0 0 
1 11 11 0 0 0 
2 11 11 0 0 0 
3 11 11 0 0 0 
4 11 11 0 0 0 
5 11 11 0 0 0 
6 11 11 0 0 0 
7 11 11 0 0 0 
8 11 11 0 0 0 
9 11 11 0 0 0 
10 11 11 0 0 0 
11 11 11 0 0 0 
12 11 11 0 0 0 
13 11 11 0 0 0 
14 11 11 0 0 0 
15 11 11 0 0 0 
0 12 12 0 0 0 
1 12 12 0 0 0 
2 12 12 0 0 0 
3 12 12 0 0 0 
4 12 12 0 0 0 
5 12 12 0 0 0 
6 12 12 0 0 0 
7 12 12 0 0 0 
8 12 12 0 0 0 
9 12 12 0 0 0 
10 12 12 0 0 0 
11 12 12 0 0 0 
12 12 12 0 0 0 
13 12 12 0 0 0 
14 12 12 0 0 0 
15 12 12 0 0 0 
0 13 13 0 0 0 
1 13 13 0 0 0 
2 13 13 0 0 0 
3 13 13 0 0 0 
4 13 13 0 0 0 
5 13 13 0 0 0 
6 13 13 0 0 0 
7 13 13 0 0 0 
8 13 13 0 0 0 
9 13 13 0 0 0 
10 13 13 0 0 0 
11 13 13 0 0 0 
12 13 13 0 0 0 
13 13 13 0 0 0 
14 13 13 0 0 0 
15 13 13 0 0 0 
0 14 14 0 0 0 
1 14 14 0 0 0 
2 14 14 0 0 0 
3 14 14 0 0 0 
4 14 14 0 0 0 
5 14 14 0 0 0 
6 14 14 0 0 0 
7 14 14 0 0 0 
8 14 14 0 0 0 
9 14 14 0 0 0 
10 14 14 0 0 0 
11 14 14 0 0 0 
12 14 14 0 0 0 
13 14 14 0 0 0 
14 14 14 0 0 0 
15 14 14 0 0 0 
0 15 15 0 0 0 
1 15 15 0 0 0 
2 15 15 0 0 0 
3 15 15 0 0 0 
4 15 15 0 0 0 
5 15 15 0 0 0 
6 15 15 0 0 0 
7 15 15 0 0 0 
8 15 15 0 0 0 
9 15 15 0 0 0 
10 15 15 0 0 0 
11 15 15 0 0 0 
12 15 15 0 0 0 
13 15 15 0 0 0 
14 15 15 0 0 0 
15 15 15 0 0 0 
