0 0 0 0 0 0 
1 0 0 0 0 0 
2 0 0 0 0 0 
3 0 0 0 0 0 
4 0 0 0 0 0 
5 0 0 0 0 0 
6 0 0 0 0 0 
7 0 0 0 0 0 
8 0 0 0 0 0 
9 0 0 0 0 0 
10 0 0 0 0 0 
11 0 0 0 0 0 
12 0 0 0 0 0 
13 0 0 0 0 0 
14 0 0 0 0 0 
15 0 0 0 0 0 
0 1 1 0 0 0 
1 1 1 0 0 0 
2 1 1 0 0 0 
3 1 1 0 0 0 
4 1 1 0 0 0 
5 1 1 0 0 0 
6 1 1 0 0 0 
7 1 1 0 0 0 
8 1 1 0 0 0 
9 1 1 0 0 0 
10 1 1 0 0 0 
11 1 1 0 0 0 
12 1 1 0 0 0 
13 1 1 0 0 0 
14 1 1 0 0 0 
15 1 1 0 0 0 
0 2 2 0 0 0 
1 2 2 0 0 0 
2 2 2 0 0 0 
3 2 2 0 0 0 
4 2 2 0 0 0 
5 2 2 0 0 0 
6 2 2 0 0 0 
7 2 2 0 0 0 
8 2 2 0 0 0 
9 2 2 0 0 0 
10 2 2 0 0 0 
11 2 2 0 0 0 
12 2 2 0 0 0 
13 2 2 0 0 0 
14 2 2 0 0 0 
15 2 2 0 0 0 
0 3 3 0 0 0 
1 3 3 0 0 0 
2 3 3 0 0 0 
3 3 3 0 0 0 
4 3 3 0 0 0 
5 3 3 0 0 0 
6 3 3 0 0 0 
7 3 3 0 0 0 
8 3 3 0 0 0 
9 3 3 0 0 0 
10 3 3 0 0 0 
11 3 3 0 0 0 
12 3 3 0 0 0 
13 3 3 0 0 0 
14 3 3 0 0 0 
15 3 3 0 0 0 
0 4 4 0 0 0 
1 4 4 0 0 0 
2 4 4 0 0 0 
3 4 4 0 0 0 
4 4 4 0 0 0 
5 4 4 0 0 0 
6 4 4 0 0 0 
7 4 4 0 0 0 
8 4 4 0 0 0 
9 4 4 0 0 0 
10 4 4 0 0 0 
11 4 4 0 0 0 
12 4 4 0 0 0 
13 4 4 0 0 0 
14 4 4 0 0 0 
15 4 4 0 0 0 
0 5 5 0 0 0 
1 5 5 0 0 0 
2 5 5 0 0 0 
3 5 5 0 0 0 
4 5 5 0 0 0 
5 5 5 0 0 0 
6 5 5 0 0 0 
7 5 5 0 0 0 
8 5 5 0 0 0 
9 5 5 0 0 0 
10 5 5 0 0 0 
11 5 5 0 0 0 
12 5 5 0 0 0 
13 5 5 0 0 0 
14 5 5 0 0 0 
15 5 5 0 0 0 
0 6 6 0 0 0 
1 6 6 0 0 0 
2 6 6 0 0 0 
3 6 6 0 0 0 
4 6 6 0 0 0 
5 6 6 0 0 0 
6 6 6 0 0 0 
7 6 6 0 0 0 
8 6 6 0 0 0 
9 6 6 0 0 0 
10 6 6 0 0 0 
11 6 6 0 0 0 
12 6 6 0 0 0 
13 6 6 0 0 0 
14 6 6 0 0 0 
15 6 6 0 0 0 
0 7 7 0 0 0 
1 7 7 0 0 0 
2 7 7 0 0 0 
3 7 7 0 0 0 
4 7 7 0 0 0 
5 7 7 0 0 0 
6 7 7 0 0 0 
7 7 7 0 0 0 
8 7 7 0 0 0 
9 7 7 0 0 0 
10 7 7 0 0 0 
11 7 7 0 0 0 
12 7 7 0 0 0 
13 7 7 0 0 0 
14 7 7 0 0 0 
15 7 7 0 0 0 
0 8 8 0 0 0 
1 8 8 0 0 0 
2 8 8 0 0 0 
3 8 8 0 0 0 
4 8 8 0 0 0 
5 8 8 0 0 0 
6 8 8 0 0 0 
7 8 8 0 0 0 
8 8 8 0 0 0 
9 8 8 0 0 0 
10 8 8 0 0 0 
11 8 8 0 0 0 
12 8 8 0 0 0 
13 8 8 0 0 0 
14 8 8 0 0 0 
15 8 8 0 0 0 
0 9 9 0 0 0 
1 9 9 0 0 0 
2 9 9 0 0 0 
3 9 9 0 0 0 
4 9 9 0 0 0 
5 9 9 0 0 0 
6 9 9 0 0 0 
7 9 9 0 0 0 
8 9 9 0 0 0 
9 9 9 0 0 0 
10 9 9 0 0 0 
11 9 9 0 0 0 
12 9 9 0 0 0 
13 9 9 0 0 0 
14 9 9 0 0 0 
15 9 9 0 0 0 
0 10 10 0 0 0 
1 10 10 0 0 0 
2 10 10 0 0 0 
3 10 10 0 0 0 
4 10 10 0 0 0 
5 10 10 0 0 0 
6 10 10 0 0 0 
7 10 10 0 0 0 
8 10 10 0 0 0 
9 10 10 0 0 0 
10 10 10 0 0 0 
11 10 10 0 0 0 
12 10 10 0 0 0 
13 10 10 0 0 0 
14 10 10 0 0 0 
15 10 10 0 0 0 
0 11 11 0 0 0 
1 11 11 0 0 0 
2 11 11 0 0 0 
3 11 11 0 0 0 
4 11 11 0 0 0 
5 11 11 0 0 0 
6 11 11 0 0 0 
7 11 11 0 0 0 
8 11 11 0 0 0 
9 11 11 0 0 0 
10 11 11 0 0 0 
11 11 11 0 0 0 
12 11 11 0 0 0 
13 11 11 0 0 0 
14 11 11 0 0 0 
15 11 11 0 0 0 
0 12 12 0 0 0 
1 12 12 0 0 0 
2 12 12 0 0 0 
3 12 12 0 0 0 
4 12 12 0 0 0 
5 12 12 0 0 0 
6 12 12 0 0 0 
7 12 12 0 0 0 
8 12 12 0 0 0 
9 12 12 0 0 0 
10 12 12 0 0 0 
11 12 12 0 0 0 
12 12 12 0 0 0 
13 12 12 0 0 0 
14 12 12 0 0 0 
15 12 12 0 0 0 
0 13 13 0 0 0 
1 13 13 0 0 0 
2 13 13 0 0 0 
3 13 13 0 0 0 
4 13 13 0 0 0 
5 13 13 0 0 0 
6 13 13 0 0 0 
7 13 13 0 0 0 
8 13 13 0 0 0 
9 13 13 0 0 0 
10 13 13 0 0 0 
11 13 13 0 0 0 
12 13 13 0 0 0 
13 13 13 0 0 0 
14 13 13 0 0 0 
15 13 13 0 0 0 
0 14 14 0 0 0 
1 14 14 0 0 0 
2 14 14 0 0 0 
3 14 14 0 0 0 
4 14 14 0 0 0 
5 14 14 0 0 0 
6 14 14 0 0 0 
7 14 14 0 0 0 
8 14 14 0 0 0 
9 14 14 0 0 0 
10 14 14 0 0 0 
11 14 14 0 0 0 
12 14 14 0 0 0 
13 14 14 0 0 0 
14 14 14 0 0 0 
15 14 14 0 0 0 
0 15 15 0 0 0 
1 15 15 0 0 0 
2 15 15 0 0 0 
3 15 15 0 0 0 
4 15 15 0 0 0 
5 15 15 0 0 0 
6 15 15 0 0 0 
7 15 15 0 0 0 
8 15 15 0 0 0 
9 15 15 0 0 0 
10 15 15 0 0 0 
11 15 15 0 0 0 
12 15 15 0 0 0 
13 15 15 0 0 0 
14 15 15 0 0 0 
15 15 15 0 0 0 
0 0 0 0 0 0 
1 0 0 0 0 0 
2 0 0 0 0 0 
3 0 0 0 0 0 
4 0 0 0 0 0 
5 0 0 0 0 0 
6 0 0 0 0 0 
7 0 0 0 0 0 
8 0 0 0 0 0 
9 0 0 0 0 0 
10 0 0 0 0 0 
11 0 0 0 0 0 
12 0 0 0 0 0 
13 0 0 0 0 0 
14 0 0 0 0 0 
15 0 0 0 0 0 
0 1 1 0 0 0 
1 1 1 0 0 0 
2 1 1 0 0 0 
3 1 1 0 0 0 
4 1 1 0 0 0 
5 1 1 0 0 0 
6 1 1 0 0 0 
7 1 1 0 0 0 
8 1 1 0 0 0 
9 1 1 0 0 0 
10 1 1 0 0 0 
11 1 1 0 0 0 
12 1 1 0 0 0 
13 1 1 0 0 0 
14 1 1 0 0 0 
15 1 1 0 0 0 
0 2 2 0 0 0 
1 2 2 0 0 0 
2 2 2 0 0 0 
3 2 2 0 0 0 
4 2 2 0 0 0 
5 2 2 0 0 0 
6 2 2 0 0 0 
7 2 2 0 0 0 
8 2 2 0 0 0 
9 2 2 0 0 0 
10 2 2 0 0 0 
11 2 2 0 0 0 
12 2 2 0 0 0 
13 2 2 0 0 0 
14 2 2 0 0 0 
15 2 2 0 0 0 
0 3 3 0 0 0 
1 3 3 0 0 0 
2 3 3 0 0 0 
3 3 3 0 0 0 
4 3 3 0 0 0 
5 3 3 0 0 0 
6 3 3 0 0 0 
7 3 3 0 0 0 
8 3 3 0 0 0 
9 3 3 0 0 0 
10 3 3 0 0 0 
11 3 3 0 0 0 
12 3 3 0 0 0 
13 3 3 0 0 0 
14 3 3 0 0 0 
15 3 3 0 0 0 
0 4 4 0 0 0 
1 4 4 0 0 0 
2 4 4 0 0 0 
3 4 4 0 0 0 
4 4 4 0 0 0 
5 4 4 0 0 0 
6 4 4 0 0 0 
7 4 4 0 0 0 
8 4 4 0 0 0 
9 4 4 0 0 0 
10 4 4 0 0 0 
11 4 4 0 0 0 
12 4 4 0 0 0 
13 4 4 0 0 0 
14 4 4 0 0 0 
15 4 4 0 0 0 
0 5 5 0 0 0 
1 5 5 0 0 0 
2 5 5 0 0 0 
3 5 5 0 0 0 
4 5 5 0 0 0 
5 5 5 0 0 0 
6 5 5 0 0 0 
7 5 5 0 0 0 
8 5 5 0 0 0 
9 5 5 0 0 0 
10 5 5 0 0 0 
11 5 5 0 0 0 
12 5 5 0 0 0 
13 5 5 0 0 0 
14 5 5 0 0 0 
15 5 5 0 0 0 
0 6 6 0 0 0 
1 6 6 0 0 0 
2 6 6 0 0 0 
3 6 6 0 0 0 
4 6 6 0 0 0 
5 6 6 0 0 0 
6 6 6 0 0 0 
7 6 6 0 0 0 
8 6 6 0 0 0 
9 6 6 0 0 0 
10 6 6 0 0 0 
11 6 6 0 0 0 
12 6 6 0 0 0 
13 6 6 0 0 0 
14 6 6 0 0 0 
15 6 6 0 0 0 
0 7 7 0 0 0 
1 7 7 0 0 0 
2 7 7 0 0 0 
3 7 7 0 0 0 
4 7 7 0 0 0 
5 7 7 0 0 0 
6 7 7 0 0 0 
7 7 7 0 0 0 
8 7 7 0 0 0 
9 7 7 0 0 0 
10 7 7 0 0 0 
11 7 7 0 0 0 
12 7 7 0 0 0 
13 7 7 0 0 0 
14 7 7 0 0 0 
15 7 7 0 0 0 
0 8 8 0 0 0 
1 8 8 0 0 0 
2 8 8 0 0 0 
3 8 8 0 0 0 
4 8 8 0 0 0 
5 8 8 0 0 0 
6 8 8 0 0 0 
7 8 8 0 0 0 
8 8 8 0 0 0 
9 8 8 0 0 0 
10 8 8 0 0 0 
11 8 8 0 0 0 
12 8 8 0 0 0 
13 8 8 0 0 0 
14 8 8 0 0 0 
15 8 8 0 0 0 
0 9 9 0 0 0 
1 9 9 0 0 0 
2 9 9 0 0 0 
3 9 9 0 0 0 
4 9 9 0 0 0 
5 9 9 0 0 0 
6 9 9 0 0 0 
7 9 9 0 0 0 
8 9 9 0 0 0 
9 9 9 0 0 0 
10 9 9 0 0 0 
11 9 9 0 0 0 
12 9 9 0 0 0 
13 9 9 0 0 0 
14 9 9 0 0 0 
15 9 9 0 0 0 
0 10 10 0 0 0 
1 10 10 0 0 0 
2 10 10 0 0 0 
3 10 10 0 0 0 
4 10 10 0 0 0 
5 10 10 0 0 0 
6 10 10 0 0 0 
7 10 10 0 0 0 
8 10 10 0 0 0 
9 10 10 0 0 0 
10 10 10 0 0 0 
11 10 10 0 0 0 
12 10 10 0 0 0 
13 10 10 0 0 0 
14 10 10 0 0 0 
15 10 10 0 0 0 
0 11 11 0 0 0 
1 11 11 0 0 0 
2 11 11 0 0 0 
3 11 11 0 0 0 
4 11 11 0 0 0 
5 11 11 0 0 0 
6 11 11 0 0 0 
7 11 11 0 0 0 
8 11 11 0 0 0 
9 11 11 0 0 0 
10 11 11 0 0 0 
11 11 11 0 0 0 
12 11 11 0 0 0 
13 11 11 0 0 0 
14 11 11 0 0 0 
15 11 11 0 0 0 
0 12 12 0 0 0 
1 12 12 0 0 0 
2 12 12 0 0 0 
3 12 12 0 0 0 
4 12 12 0 0 0 
5 12 12 0 0 0 
6 12 12 0 0 0 
7 12 12 0 0 0 
8 12 12 0 0 0 
9 12 12 0 0 0 
10 12 12 0 0 0 
11 12 12 0 0 0 
12 12 12 0 0 0 
13 12 12 0 0 0 
14 12 12 0 0 0 
15 12 12 0 0 0 
0 13 13 0 0 0 
1 13 13 0 0 0 
2 13 13 0 0 0 
3 13 13 0 0 0 
4 13 13 0 0 0 
5 13 13 0 0 0 
6 13 13 0 0 0 
7 13 13 0 0 0 
8 13 13 0 0 0 
9 13 13 0 0 0 
10 13 13 0 0 0 
11 13 13 0 0 0 
12 13 13 0 0 0 
13 13 13 0 0 0 
14 13 13 0 0 0 
15 13 13 0 0 0 
0 14 14 0 0 0 
1 14 14 0 0 0 
2 14 14 0 0 0 
3 14 14 0 0 0 
4 14 14 0 0 0 
5 14 14 0 0 0 
6 14 14 0 0 0 
7 14 14 0 0 0 
8 14 14 0 0 0 
9 14 14 0 0 0 
10 14 14 0 0 0 
11 14 14 0 0 0 
12 14 14 0 0 0 
13 14 14 0 0 0 
14 14 14 0 0 0 
15 14 14 0 0 0 
0 15 15 0 0 0 
1 15 15 0 0 0 
2 15 15 0 0 0 
3 15 15 0 0 0 
4 15 15 0 0 0 
5 15 15 0 0 0 
6 15 15 0 0 0 
7 15 15 0 0 0 
8 15 15 0 0 0 
9 15 15 0 0 0 
10 15 15 0 0 0 
11 15 15 0 0 0 
12 15 15 0 0 0 
13 15 15 0 0 0 
14 15 15 0 0 0 
15 15 15 0 0 0 
0 0 0 0 0 0 
1 0 0 0 0 0 
2 0 0 0 0 0 
3 0 0 0 0 0 
4 0 0 0 0 0 
5 0 0 0 0 0 
6 0 0 0 0 0 
7 0 0 0 0 0 
8 0 0 0 0 0 
9 0 0 0 0 0 
10 0 0 0 0 0 
11 0 0 0 0 0 
12 0 0 0 0 0 
13 0 0 0 0 0 
14 0 0 0 0 0 
15 0 0 0 0 0 
0 1 1 0 0 0 
1 1 1 0 0 0 
2 1 1 0 0 0 
3 1 1 0 0 0 
4 1 1 0 0 0 
5 1 1 0 0 0 
6 1 1 0 0 0 
7 1 1 0 0 0 
8 1 1 0 0 0 
9 1 1 0 0 0 
10 1 1 0 0 0 
11 1 1 0 0 0 
12 1 1 0 0 0 
13 1 1 0 0 0 
14 1 1 0 0 0 
15 1 1 0 0 0 
0 2 2 0 0 0 
1 2 2 0 0 0 
2 2 2 0 0 0 
3 2 2 0 0 0 
4 2 2 0 0 0 
5 2 2 0 0 0 
6 2 2 0 0 0 
7 2 2 0 0 0 
8 2 2 0 0 0 
9 2 2 0 0 0 
10 2 2 0 0 0 
11 2 2 0 0 0 
12 2 2 0 0 0 
13 2 2 0 0 0 
14 2 2 0 0 0 
15 2 2 0 0 0 
0 3 3 0 0 0 
1 3 3 0 0 0 
2 3 3 0 0 0 
3 3 3 0 0 0 
4 3 3 0 0 0 
5 3 3 0 0 0 
6 3 3 0 0 0 
7 3 3 0 0 0 
8 3 3 0 0 0 
9 3 3 0 0 0 
10 3 3 0 0 0 
11 3 3 0 0 0 
12 3 3 0 0 0 
13 3 3 0 0 0 
14 3 3 0 0 0 
15 3 3 0 0 0 
0 4 4 0 0 0 
1 4 4 0 0 0 
2 4 4 0 0 0 
3 4 4 0 0 0 
4 4 4 0 0 0 
5 4 4 0 0 0 
6 4 4 0 0 0 
7 4 4 0 0 0 
8 4 4 0 0 0 
9 4 4 0 0 0 
10 4 4 0 0 0 
11 4 4 0 0 0 
12 4 4 0 0 0 
13 4 4 0 0 0 
14 4 4 0 0 0 
15 4 4 0 0 0 
0 5 5 0 0 0 
1 5 5 0 0 0 
2 5 5 0 0 0 
3 5 5 0 0 0 
4 5 5 0 0 0 
5 5 5 0 0 0 
6 5 5 0 0 0 
7 5 5 0 0 0 
8 5 5 0 0 0 
9 5 5 0 0 0 
10 5 5 0 0 0 
11 5 5 0 0 0 
12 5 5 0 0 0 
13 5 5 0 0 0 
14 5 5 0 0 0 
15 5 5 0 0 0 
0 6 6 0 0 0 
1 6 6 0 0 0 
2 6 6 0 0 0 
3 6 6 0 0 0 
4 6 6 0 0 0 
5 6 6 0 0 0 
6 6 6 0 0 0 
7 6 6 0 0 0 
8 6 6 0 0 0 
9 6 6 0 0 0 
10 6 6 0 0 0 
11 6 6 0 0 0 
12 6 6 0 0 0 
13 6 6 0 0 0 
14 6 6 0 0 0 
15 6 6 0 0 0 
0 7 7 0 0 0 
1 7 7 0 0 0 
2 7 7 0 0 0 
3 7 7 0 0 0 
4 7 7 0 0 0 
5 7 7 0 0 0 
6 7 7 0 0 0 
7 7 7 0 0 0 
8 7 7 0 0 0 
9 7 7 0 0 0 
10 7 7 0 0 0 
11 7 7 0 0 0 
12 7 7 0 0 0 
13 7 7 0 0 0 
14 7 7 0 0 0 
15 7 7 0 0 0 
0 8 8 0 0 0 
1 8 8 0 0 0 
2 8 8 0 0 0 
3 8 8 0 0 0 
4 8 8 0 0 0 
5 8 8 0 0 0 
6 8 8 0 0 0 
7 8 8 0 0 0 
8 8 8 0 0 0 
9 8 8 0 0 0 
10 8 8 0 0 0 
11 8 8 0 0 0 
12 8 8 0 0 0 
13 8 8 0 0 0 
14 8 8 0 0 0 
15 8 8 0 0 0 
0 9 9 0 0 0 
1 9 9 0 0 0 
2 9 9 0 0 0 
3 9 9 0 0 0 
4 9 9 0 0 0 
5 9 9 0 0 0 
6 9 9 0 0 0 
7 9 9 0 0 0 
8 9 9 0 0 0 
9 9 9 0 0 0 
10 9 9 0 0 0 
11 9 9 0 0 0 
12 9 9 0 0 0 
13 9 9 0 0 0 
14 9 9 0 0 0 
15 9 9 0 0 0 
0 10 10 0 0 0 
1 10 10 0 0 0 
2 10 10 0 0 0 
3 10 10 0 0 0 
4 10 10 0 0 0 
5 10 10 0 0 0 
6 10 10 0 0 0 
7 10 10 0 0 0 
8 10 10 0 0 0 
9 10 10 0 0 0 
10 10 10 0 0 0 
11 10 10 0 0 0 
12 10 10 0 0 0 
13 10 10 0 0 0 
14 10 10 0 0 0 
15 10 10 0 0 0 
0 11 11 0 0 0 
1 11 11 0 0 0 
2 11 11 0 0 0 
3 11 11 0 0 0 
4 11 11 0 0 0 
5 11 11 0 0 0 
6 11 11 0 0 0 
7 11 11 0 0 0 
8 11 11 0 0 0 
9 11 11 0 0 0 
10 11 11 0 0 0 
11 11 11 0 0 0 
12 11 11 0 0 0 
13 11 11 0 0 0 
14 11 11 0 0 0 
15 11 11 0 0 0 
0 12 12 0 0 0 
1 12 12 0 0 0 
2 12 12 0 0 0 
3 12 12 0 0 0 
4 12 12 0 0 0 
5 12 12 0 0 0 
6 12 12 0 0 0 
7 12 12 0 0 0 
8 12 12 0 0 0 
9 12 12 0 0 0 
10 12 12 0 0 0 
11 12 12 0 0 0 
12 12 12 0 0 0 
13 12 12 0 0 0 
14 12 12 0 0 0 
15 12 12 0 0 0 
0 13 13 0 0 0 
1 13 13 0 0 0 
2 13 13 0 0 0 
3 13 13 0 0 0 
4 13 13 0 0 0 
5 13 13 0 0 0 
6 13 13 0 0 0 
7 13 13 0 0 0 
8 13 13 0 0 0 
9 13 13 0 0 0 
10 13 13 0 0 0 
11 13 13 0 0 0 
12 13 13 0 0 0 
13 13 13 0 0 0 
14 13 13 0 0 0 
15 13 13 0 0 0 
0 14 14 0 0 0 
1 14 14 0 0 0 
2 14 14 0 0 0 
3 14 14 0 0 0 
4 14 14 0 0 0 
5 14 14 0 0 0 
6 14 14 0 0 0 
7 14 14 0 0 0 
8 14 14 0 0 0 
9 14 14 0 0 0 
10 14 14 0 0 0 
11 14 14 0 0 0 
12 14 14 0 0 0 
13 14 14 0 0 0 
14 14 14 0 0 0 
15 14 14 0 0 0 
0 15 15 0 0 0 
1 15 15 0 0 0 
2 15 15 0 0 0 
3 15 15 0 0 0 
4 15 15 0 0 0 
5 15 15 0 0 0 
6 15 15 0 0 0 
7 15 15 0 0 0 
8 15 15 0 0 0 
9 15 15 0 0 0 
10 15 15 0 0 0 
11 15 15 0 0 0 
12 15 15 0 0 0 
13 15 15 0 0 0 
14 15 15 0 0 0 
15 15 15 0 0 0 
0 0 0 0 0 0 
1 0 0 0 0 0 
2 0 0 0 0 0 
3 0 0 0 0 0 
4 0 0 0 0 0 
5 0 0 0 0 0 
6 0 0 0 0 0 
7 0 0 0 0 0 
8 0 0 0 0 0 
9 0 0 0 0 0 
10 0 0 0 0 0 
11 0 0 0 0 0 
12 0 0 0 0 0 
13 0 0 0 0 0 
14 0 0 0 0 0 
15 0 0 0 0 0 
0 1 1 0 0 0 
1 1 1 0 0 0 
2 1 1 0 0 0 
3 1 1 0 0 0 
4 1 1 0 0 0 
5 1 1 0 0 0 
6 1 1 0 0 0 
7 1 1 0 0 0 
8 1 1 0 0 0 
9 1 1 0 0 0 
10 1 1 0 0 0 
11 1 1 0 0 0 
12 1 1 0 0 0 
13 1 1 0 0 0 
14 1 1 0 0 0 
15 1 1 0 0 0 
0 2 2 0 0 0 
1 2 2 0 0 0 
2 2 2 0 0 0 
3 2 2 0 0 0 
4 2 2 0 0 0 
5 2 2 0 0 0 
6 2 2 0 0 0 
7 2 2 0 0 0 
8 2 2 0 0 0 
9 2 2 0 0 0 
10 2 2 0 0 0 
11 2 2 0 0 0 
12 2 2 0 0 0 
13 2 2 0 0 0 
14 2 2 0 0 0 
15 2 2 0 0 0 
0 3 3 0 0 0 
1 3 3 0 0 0 
2 3 3 0 0 0 
3 3 3 0 0 0 
4 3 3 0 0 0 
5 3 3 0 0 0 
6 3 3 0 0 0 
7 3 3 0 0 0 
8 3 3 0 0 0 
9 3 3 0 0 0 
10 3 3 0 0 0 
11 3 3 0 0 0 
12 3 3 0 0 0 
13 3 3 0 0 0 
14 3 3 0 0 0 
15 3 3 0 0 0 
0 4 4 0 0 0 
1 4 4 0 0 0 
2 4 4 0 0 0 
3 4 4 0 0 0 
4 4 4 0 0 0 
5 4 4 0 0 0 
6 4 4 0 0 0 
7 4 4 0 0 0 
8 4 4 0 0 0 
9 4 4 0 0 0 
10 4 4 0 0 0 
11 4 4 0 0 0 
12 4 4 0 0 0 
13 4 4 0 0 0 
14 4 4 0 0 0 
15 4 4 0 0 0 
0 5 5 0 0 0 
1 5 5 0 0 0 
2 5 5 0 0 0 
3 5 5 0 0 0 
4 5 5 0 0 0 
5 5 5 0 0 0 
6 5 5 0 0 0 
7 5 5 0 0 0 
8 5 5 0 0 0 
9 5 5 0 0 0 
10 5 5 0 0 0 
11 5 5 0 0 0 
12 5 5 0 0 0 
13 5 5 0 0 0 
14 5 5 0 0 0 
15 5 5 0 0 0 
0 6 6 0.179155 -0.000335323 -0.000386591 
1 6 6 0.181458 -0.000178416 -0.000321577 
2 6 6 0.182963 -6.43776e-05 -0.000209169 
3 6 6 0.183633 -6.06403e-06 -8.13956e-05 
4 6 6 0.183596 9.42777e-07 3.36793e-05 
5 6 6 0.18308 -2.94119e-05 0.000120528 
6 6 6 0.182282 -7.20366e-05 0.000178209 
7 6 6 0.18126 -7.63404e-05 0.000231431 
8 6 6 0.179028 0.00056761 0.000810738 
9 6 6 0.176229 0.00224996 0.00297253 
10 6 6 0.174781 -0.00308781 -0.00271157 
11 6 6 0.178445 -0.000646747 -0.000423197 
12 6 6 0.179548 -0.000225305 3.34168e-05 
13 6 6 0.1798 -0.000184974 3.78324e-05 
14 6 6 0.179767 -4.64999e-05 0.000203379 
15 6 6 0.183445 -0.00108258 -0.00246878 
0 7 7 0.292279 -0.000409289 -0.000976368 
1 7 7 0.295838 -0.000161858 -0.000732904 
2 7 7 0.298054 2.05493e-06 -0.000427937 
3 7 7 0.298937 6.33284e-05 -0.000131512 
4 7 7 0.298737 3.69949e-05 0.000104148 
5 7 7 0.29783 -4.27884e-05 0.000257435 
6 7 7 0.296567 -0.000119028 0.000330651 
7 7 7 0.295214 -7.96173e-05 0.000333083 
8 7 7 0.294056 0.00040107 0.000317809 
9 7 7 0.294032 0.000485088 0.000527978 
10 7 7 0.292889 -0.00193181 7.22609e-05 
11 7 7 0.292179 -0.00093623 -2.10141e-06 
12 7 7 0.292603 -0.000474707 1.09075e-06 
13 7 7 0.293014 -0.000401513 -4.86902e-07 
14 7 7 0.292945 -0.000263664 0.00042907 
15 7 7 0.306334 -0.000704809 -0.00308851 
0 8 8 0.300434 -0.000314115 -0.00114212 
1 8 8 0.304085 -9.14569e-05 -0.000813366 
2 8 8 0.30636 4.50906e-05 -0.000447916 
3 8 8 0.307278 8.46514e-05 -0.000123599 
4 8 8 0.307103 4.42688e-05 0.000110774 
5 8 8 0.306217 -4.26148e-05 0.000243644 
6 8 8 0.304994 -0.000126416 0.000290556 
7 8 8 0.303757 -0.000146265 0.00027657 
8 8 8 0.302839 -0.000103262 0.000215139 
9 8 8 0.302346 -0.000359055 0.000131763 
10 8 8 0.301604 -0.00081755 3.94193e-05 
11 8 8 0.301069 -0.000688516 -7.00714e-05 
12 8 8 0.301195 -0.000502389 -0.000121999 
13 8 8 0.301534 -0.00041854 -0.000117438 
14 8 8 0.301377 -0.00035714 0.000379865 
15 8 8 0.315786 7.18258e-05 -0.00305817 
0 9 9 0.207635 -9.24398e-05 -0.000650823 
1 9 9 0.210231 1.96837e-05 -0.000452955 
2 9 9 0.211899 7.05453e-05 -0.000245439 
3 9 9 0.212635 6.4727e-05 -7.05432e-05 
4 9 9 0.212608 1.8833e-05 4.72584e-05 
5 9 9 0.212078 -4.78896e-05 0.000105748 
6 9 9 0.211304 -0.000110352 0.000117434 
7 9 9 0.210505 -0.000152714 9.93018e-05 
8 9 9 0.209842 -0.000193286 5.9011e-05 
9 9 9 0.209351 -0.000297456 -7.04365e-06 
10 9 9 0.208931 -0.000401936 -7.75841e-05 
11 9 9 0.208688 -0.000377091 -0.000117639 
12 9 9 0.208724 -0.000309451 -0.000133135 
13 9 9 0.208914 -0.000256064 -0.00012401 
14 9 9 0.208854 -0.000261874 0.000112295 
15 9 9 0.215394 0.000875396 -0.00289202 
0 10 10 0.0709359 3.22634e-06 -0.000138035 
1 10 10 0.0718826 2.56762e-05 -9.54602e-05 
2 10 10 0.0725271 2.97265e-05 -5.30099e-05 
3 10 10 0.0728456 1.94995e-05 -1.86163e-05 
4 10 10 0.072898 1.84599e-06 2.74155e-06 
5 10 10 0.0727582 -1.89951e-05 1.20431e-05 
6 10 10 0.0725187 -3.72997e-05 1.1455e-05 
7 10 10 0.0722538 -5.20525e-05 4.5714e-06 
8 10 10 0.0720118 -6.648e-05 -7.14823e-06 
9 10 10 0.0718137 -8.43318e-05 -2.22764e-05 
10 10 10 0.0716638 -9.59123e-05 -3.58071e-05 
11 10 10 0.071579 -9.03052e-05 -4.22557e-05 
12 10 10 0.0715711 -7.56734e-05 -4.3014e-05 
13 10 10 0.0716173 -6.33186e-05 -3.96609e-05 
14 10 10 0.0715862 -7.84532e-05 3.60157e-06 
15 10 10 0.0702833 0.00085724 -0.00129878 
0 11 11 0 0 0 
1 11 11 0 0 0 
2 11 11 0 0 0 
3 11 11 0 0 0 
4 11 11 0 0 0 
5 11 11 0 0 0 
6 11 11 0 0 0 
7 11 11 0 0 0 
8 11 11 0 0 0 
9 11 11 0 0 0 
10 11 11 0 0 0 
11 11 11 0 0 0 
12 11 11 0 0 0 
13 11 11 0 0 0 
14 11 11 0 0 0 
15 11 11 0 0 0 
0 12 12 0 0 0 
1 12 12 0 0 0 
2 12 12 0 0 0 
3 12 12 0 0 0 
4 12 12 0 0 0 
5 12 12 0 0 0 
6 12 12 0 0 0 
7 12 12 0 0 0 
8 12 12 0 0 0 
9 12 12 0 0 0 
10 12 12 0 0 0 
11 12 12 0 0 0 
12 12 12 0 0 0 
13 12 12 0 0 0 
14 12 12 0 0 0 
15 12 12 0 0 0 
0 13 13 0 0 0 
1 13 13 0 0 0 
2 13 13 0 0 0 
3 13 13 0 0 0 
4 13 13 0 0 0 
5 13 13 0 0 0 
6 13 13 0 0 0 
7 13 13 0 0 0 
8 13 13 0 0 0 
9 13 13 0 0 0 
10 13 13 0 0 0 
11 13 13 0 0 0 
12 13 13 0 0 0 
13 13 13 0 0 0 
14 13 13 0 0 0 
15 13 13 0 0 0 
0 14 14 0 0 0 
1 14 14 0 0 0 
2 14 14 0 0 0 
3 14 14 0 0 0 
4 14 14 0 0 0 
5 14 14 0 0 0 
6 14 14 0 0 0 
7 14 14 0 0 0 
8 14 14 0 0 0 
9 14 14 0 0 0 
10 14 14 0 0 0 
11 14 14 0 0 0 
12 14 14 0 0 0 
13 14 14 0 0 0 
14 14 14 0 0 0 
15 14 14 0 0 0 
0 15 15 0 0 0 
1 15 15 0 0 0 
2 15 15 0 0 0 
3 15 15 0 0 0 
4 15 15 0 0 0 
5 15 15 0 0 0 
6 15 15 0 0 0 
7 15 15 0 0 0 
8 15 15 0 0 0 
9 15 15 0 0 0 
10 15 15 0 0 0 
11 15 15 0 0 0 
12 15 15 0 0 0 
13 15 15 0 0 0 
14 15 15 0 0 0 
15 15 15 0 0 0 
0 0 0 0 0 0 
1 0 0 0 0 0 
2 0 0 0 0 0 
3 0 0 0 0 0 
4 0 0 0 0 0 
5 0 0 0 0 0 
6 0 0 0 0 0 
7 0 0 0 0 0 
8 0 0 0 0 0 
9 0 0 0 0 0 
10 0 0 0 0 0 
11 0 0 0 0 0 
12 0 0 0 0 0 
13 0 0 0 0 0 
14 0 0 0 0 0 
15 0 0 0 0 0 
0 1 1 0 0 0 
1 1 1 0 0 0 
2 1 1 0 0 0 
3 1 1 0 0 0 
4 1 1 0 0 0 
5 1 1 0 0 0 
6 1 1 0 0 0 
7 1 1 0 0 0 
8 1 1 0 0 0 
9 1 1 0 0 0 
10 1 1 0 0 0 
11 1 1 0 0 0 
12 1 1 0 0 0 
13 1 1 0 0 0 
14 1 1 0 0 0 
15 1 1 0 0 0 
0 2 2 0 0 0 
1 2 2 0 0 0 
2 2 2 0 0 0 
3 2 2 0 0 0 
4 2 2 0 0 0 
5 2 2 0 0 0 
6 2 2 0 0 0 
7 2 2 0 0 0 
8 2 2 0 0 0 
9 2 2 0 0 0 
10 2 2 0 0 0 
11 2 2 0 0 0 
12 2 2 0 0 0 
13 2 2 0 0 0 
14 2 2 0 0 0 
15 2 2 0 0 0 
0 3 3 0 0 0 
1 3 3 0 0 0 
2 3 3 0 0 0 
3 3 3 0 0 0 
4 3 3 0 0 0 
5 3 3 0 0 0 
6 3 3 0 0 0 
7 3 3 0 0 0 
8 3 3 0 0 0 
9 3 3 0 0 0 
10 3 3 0 0 0 
11 3 3 0 0 0 
12 3 3 0 0 0 
13 3 3 0 0 0 
14 3 3 0 0 0 
15 3 3 0 0 0 
0 4 4 0.0805726 -0.000142748 -5.95932e-05 
1 4 4 0.0816209 -9.11855e-05 -6.82436e-05 
2 4 4 0.0823245 -4.88266e-05 -5.14099e-05 
3 4 4 0.0826544 -2.05072e-05 -1.96577e-05 
4 4 4 0.0826624 -7.35298e-06 1.69782e-05 
5 4 4 0.0824458 -9.66787e-06 5.20756e-05 
6 4 4 0.0821064 -2.66458e-05 8.58182e-05 
7 4 4 0.0817362 -6.47701e-05 0.000127593 
8 4 4 0.0814621 -0.000130566 0.000183903 
9 4 4 0.0813701 -6.88493e-05 0.000113748 
10 4 4 0.0809997 9.20355e-05 -5.16886e-05 
11 4 4 0.0807642 -3.96722e-06 1.15067e-05 
12 4 4 0.0807954 -3.73425e-05 3.42806e-05 
13 4 4 0.0808612 -2.79347e-05 2.30915e-05 
14 4 4 0.0808184 2.02374e-05 5.10509e-05 
15 4 4 0.079512 -0.00113066 -0.00107838 
0 5 5 0.33597 -0.000990694 -0.000906192 
1 5 5 0.339827 -0.000579993 -0.000753631 
2 5 5 0.342153 -0.000229817 -0.000476516 
3 5 5 0.342966 9.39025e-06 -0.000157302 
4 5 5 0.342567 0.00012144 0.000134109 
5 5 5 0.341388 0.000118467 0.000362837 
6 5 5 0.339822 2.18742e-05 0.000534459 
7 5 5 0.338146 -0.000194315 0.000724164 
8 5 5 0.336537 -0.000693939 0.00134277 
9 5 5 0.339528 -0.000457545 0.00191474 
10 5 5 0.336185 0.000440387 -0.00129596 
11 5 5 0.334433 -8.0989e-05 -0.000327322 
12 5 5 0.335028 -0.000310953 0.000109896 
13 5 5 0.335512 -0.000247387 8.58932e-05 
14 5 5 0.335504 0.000162856 0.000496737 
15 5 5 0.347939 -0.00186421 -0.00232239 
0 6 6 0.537907 -0.00175383 -0.00270707 
1 6 6 0.543262 -0.000942823 -0.00198232 
2 6 6 0.546312 -0.000229221 -0.0011002 
3 6 6 0.547153 0.000256478 -0.000255658 
4 6 6 0.546291 0.000472615 0.000412367 
5 6 6 0.544386 0.000455272 0.000855927 
6 6 6 0.542002 0.000285733 0.0011059 
7 6 6 0.539408 7.09681e-05 0.00130945 
8 6 6 0.53597 0.000394852 0.00264518 
9 6 6 0.538982 0.000310462 0.00253138 
10 6 6 0.538408 -0.0013442 -0.00107308 
11 6 6 0.533968 -0.00132672 -0.00120985 
12 6 6 0.535474 -0.000800809 -5.53172e-05 
13 6 6 0.536379 -0.000658241 2.28018e-06 
14 6 6 0.53694 -8.71632e-05 0.000833676 
15 6 6 0.552215 -0.00162387 -0.00279904 
0 7 7 0.688883 -0.00146332 -0.00480535 
1 7 7 0.695056 -0.00065489 -0.00329935 
2 7 7 0.698542 5.95338e-05 -0.0016518 
3 7 7 0.699473 0.000525904 -0.000208899 
4 7 7 0.698463 0.000692994 0.00082502 
5 7 7 0.696296 0.000607176 0.00141342 
6 7 7 0.693654 0.000387331 0.00163235 
7 7 7 0.690991 0.000245104 0.00162205 
8 7 7 0.688679 0.000660644 0.0017725 
9 7 7 0.68696 0.000363803 0.00193512 
10 7 7 0.686251 -0.00220753 -0.000238461 
11 7 7 0.686172 -0.00190317 -0.000455881 
12 7 7 0.686873 -0.00118156 -0.000318647 
13 7 7 0.687858 -0.00101042 -0.000315948 
14 7 7 0.68882 -0.00066048 0.000688359 
15 7 7 0.697457 -0.00121973 -0.00337643 
0 8 8 0.699706 -0.000150559 -0.00528987 
1 8 8 0.70594 0.000224893 -0.00351553 
2 8 8 0.709477 0.000487039 -0.00165097 
3 8 8 0.710492 0.000582139 -8.89599e-05 
4 8 8 0.709617 0.000505734 0.000963089 
5 8 8 0.707639 0.000301689 0.00149167 
6 8 8 0.705248 5.33391e-05 0.00160252 
7 8 8 0.702978 -0.000131461 0.0014364 
8 8 8 0.701289 -0.000211345 0.00110946 
9 8 8 0.700417 -0.000597457 0.000673544 
10 8 8 0.69962 -0.00134956 0.000117546 
11 8 8 0.6991 -0.00134416 -0.000357827 
12 8 8 0.699497 -0.0010766 -0.000621896 
13 8 8 0.700353 -0.000941291 -0.000657369 
14 8 8 0.701216 -0.00091527 0.000424555 
15 8 8 0.70879 -0.000240557 -0.00360231 
0 9 9 0.576133 0.000855273 -0.00368824 
1 9 9 0.581785 0.000835389 -0.0024002 
2 9 9 0.585032 0.000677517 -0.00109215 
3 9 9 0.586064 0.000433419 -3.07689e-05 
4 9 9 0.585446 0.000155024 0.000651796 
5 9 9 0.583861 -0.000115103 0.000958178 
6 9 9 0.581915 -0.000339382 0.000971831 
7 9 9 0.580062 -0.000494883 0.000796754 
8 9 9 0.578607 -0.000608765 0.000511514 
9 9 9 0.577645 -0.000766222 0.000160629 
10 9 9 0.577065 -0.000911612 -0.000197733 
11 9 9 0.576916 -0.000867488 -0.000481326 
12 9 9 0.577294 -0.000718492 -0.000652738 
13 9 9 0.577995 -0.000612625 -0.000653098 
14 9 9 0.578496 -0.000898219 0.000328727 
15 9 9 0.591601 0.000761766 -0.00330879 
0 10 10 0.371202 0.000747651 -0.00155487 
1 10 10 0.375475 0.000654259 -0.0010134 
2 10 10 0.378063 0.000455659 -0.000480059 
3 10 10 0.379056 0.000214555 -5.76425e-05 
4 10 10 0.378819 -1.48573e-05 0.000204255 
5 10 10 0.377822 -0.000202925 0.000309914 
6 10 10 0.376501 -0.000335608 0.000295521 
7 10 10 0.375185 -0.000415327 0.000205199 
8 10 10 0.374081 -0.000461419 7.22516e-05 
9 10 10 0.373284 -0.000495473 -8.01815e-05 
10 10 10 0.372811 -0.00049815 -0.000222056 
11 10 10 0.372682 -0.000439784 -0.000323889 
12 10 10 0.372893 -0.000348712 -0.000377296 
13 10 10 0.373311 -0.000289268 -0.000358463 
14 10 10 0.373266 -0.000658658 0.00025027 
15 10 10 0.387412 0.00140999 -0.00260505 
0 11 11 0.135319 0.00014537 -0.000295106 
1 11 11 0.137133 0.000139539 -0.000198637 
2 11 11 0.138348 0.000102337 -0.000106567 
3 11 11 0.138939 4.92637e-05 -3.52905e-05 
4 11 11 0.139008 -4.00507e-06 7.28003e-06 
5 11 11 0.138725 -4.93724e-05 2.24252e-05 
6 11 11 0.138261 -8.22569e-05 1.63828e-05 
7 11 11 0.137751 -0.000103566 -2.99422e-06 
8 11 11 0.137285 -0.000116815 -3.00681e-05 
9 11 11 0.136912 -0.00012599 -5.9818e-05 
10 11 11 0.136657 -0.000125446 -8.45662e-05 
11 11 11 0.136533 -0.000110936 -9.78923e-05 
12 11 11 0.136541 -8.8932e-05 -0.000100222 
13 11 11 0.136637 -7.10907e-05 -9.00635e-05 
14 11 11 0.136524 -0.000146598 2.5216e-05 
15 11 11 0.1389 0.00151245 -0.00164176 
0 12 12 0 0 0 
1 12 12 0 0 0 
2 12 12 0 0 0 
3 12 12 0 0 0 
4 12 12 0 0 0 
5 12 12 0 0 0 
6 12 12 0 0 0 
7 12 12 0 0 0 
8 12 12 0 0 0 
9 12 12 0 0 0 
10 12 12 0 0 0 
11 12 12 0 0 0 
12 12 12 0 0 0 
13 12 12 0 0 0 
14 12 12 0 0 0 
15 12 12 0 0 0 
0 13 13 0 0 0 
1 13 13 0 0 0 
2 13 13 0 0 0 
3 13 13 0 0 0 
4 13 13 0 0 0 
5 13 13 0 0 0 
6 13 13 0 0 0 
7 13 13 0 0 0 
8 13 13 0 0 0 
9 13 13 0 0 0 
10 13 13 0 0 0 
11 13 13 0 0 0 
12 13 13 0 0 0 
13 13 13 0 0 0 
14 13 13 0 0 0 
15 13 13 0 0 0 
0 14 14 0 0 0 
1 14 14 0 0 0 
2 14 14 0 0 0 
3 14 14 0 0 0 
4 14 14 0 0 0 
5 14 14 0 0 0 
6 14 14 0 0 0 
7 14 14 0 0 0 
8 14 14 0 0 0 
9 14 14 0 0 0 
10 14 14 0 0 0 
11 14 14 0 0 0 
12 14 14 0 0 0 
13 14 14 0 0 0 
14 14 14 0 0 0 
15 14 14 0 0 0 
0 15 15 0 0 0 
1 15 15 0 0 0 
2 15 15 0 0 0 
3 15 15 0 0 0 
4 15 15 0 0 0 
5 15 15 0 0 0 
6 15 15 0 0 0 
7 15 15 0 0 0 
8 15 15 0 0 0 
9 15 15 0 0 0 
10 15 15 0 0 0 
11 15 15 0 0 0 
12 15 15 0 0 0 
13 15 15 0 0 0 
14 15 15 0 0 0 
15 15 15 0 0 0 
0 0 0 0 0 0 
1 0 0 0 0 0 
2 0 0 0 0 0 
3 0 0 0 0 0 
4 0 0 0 0 0 
5 0 0 0 0 0 
6 0 0 0 0 0 
7 0 0 0 0 0 
8 0 0 0 0 0 
9 0 0 0 0 0 
10 0 0 0 0 0 
11 0 0 0 0 0 
12 0 0 0 0 0 
13 0 0 0 0 0 
14 0 0 0 0 0 
15 0 0 0 0 0 
0 1 1 0 0 0 
1 1 1 0 0 0 
2 1 1 0 0 0 
3 1 1 0 0 0 
4 1 1 0 0 0 
5 1 1 0 0 0 
6 1 1 0 0 0 
7 1 1 0 0 0 
8 1 1 0 0 0 
9 1 1 0 0 0 
10 1 1 0 0 0 
11 1 1 0 0 0 
12 1 1 0 0 0 
13 1 1 0 0 0 
14 1 1 0 0 0 
15 1 1 0 0 0 
0 2 2 0 0 0 
1 2 2 0 0 0 
2 2 2 0 0 0 
3 2 2 0 0 0 
4 2 2 0 0 0 
5 2 2 0 0 0 
6 2 2 0 0 0 
7 2 2 0 0 0 
8 2 2 0 0 0 
9 2 2 0 0 0 
10 2 2 0 0 0 
11 2 2 0 0 0 
12 2 2 0 0 0 
13 2 2 0 0 0 
14 2 2 0 0 0 
15 2 2 0 0 0 
0 3 3 0 0 0 
1 3 3 0 0 0 
2 3 3 0 0 0 
3 3 3 0 0 0 
4 3 3 0 0 0 
5 3 3 0 0 0 
6 3 3 0 0 0 
7 3 3 0 0 0 
8 3 3 0 0 0 
9 3 3 0 0 0 
10 3 3 0 0 0 
11 3 3 0 0 0 
12 3 3 0 0 0 
13 3 3 0 0 0 
14 3 3 0 0 0 
15 3 3 0 0 0 
0 4 4 0.334595 -0.00111877 -0.00060492 
1 4 4 0.338347 -0.000733765 -0.000544157 
2 4 4 0.340588 -0.000350343 -0.000362274 
3 4 4 0.341336 -4.31687e-05 -0.000122398 
4 4 4 0.340898 0.000149762 0.000114928 
5 4 4 0.339703 0.000224779 0.000316194 
6 4 4 0.338168 0.000199281 0.000476112 
7 4 4 0.336647 9.35613e-05 0.000606376 
8 4 4 0.335455 -4.50264e-05 0.000681401 
9 4 4 0.334677 -2.90878e-05 0.000518367 
10 4 4 0.333887 9.57146e-05 0.000190268 
11 4 4 0.333377 -2.08378e-05 0.000128532 
12 4 4 0.333453 -0.000124154 0.000116147 
13 4 4 0.333773 -0.000112992 6.87878e-05 
14 4 4 0.333622 0.000378685 0.000378052 
15 4 4 0.347665 -0.00247862 -0.00160322 
0 5 5 0.649742 -0.00335251 -0.00271551 
1 5 5 0.655432 -0.00204651 -0.00206368 
2 5 5 0.65853 -0.00073625 -0.00119345 
3 5 5 0.659144 0.000298919 -0.000312556 
4 5 5 0.657868 0.000926379 0.000422734 
5 5 5 0.65547 0.00115062 0.000951493 
6 5 5 0.652644 0.00105007 0.00129563 
7 5 5 0.649924 0.000696767 0.00154289 
8 5 5 0.647837 0.000153111 0.00181172 
9 5 5 0.646854 -1.50612e-05 0.00156931 
10 5 5 0.645728 0.000240853 0.000303753 
11 5 5 0.644837 -0.000189354 8.53103e-05 
12 5 5 0.645155 -0.000531978 0.000154013 
13 5 5 0.645936 -0.000513802 6.41735e-05 
14 5 5 0.64663 0.000332135 0.000698173 
15 5 5 0.654365 -0.00244108 -0.00208882 
0 6 6 1.07464 -0.00575308 -0.00799944 
1 6 6 1.08101 -0.00351525 -0.00561804 
2 6 6 1.08477 -0.00106808 -0.0028953 
3 6 6 1.0857 0.00097179 -0.000454708 
4 6 6 1.08437 0.00225817 0.00132598 
5 6 6 1.08164 0.00275272 0.00238645 
6 6 6 1.07834 0.00261277 0.00287395 
7 6 6 1.07503 0.00204889 0.00306074 
8 6 6 1.07217 0.00128972 0.0034713 
9 6 6 1.07096 0.000742307 0.00330902 
10 6 6 1.06974 -0.000114257 8.43584e-05 
11 6 6 1.06863 -0.000839955 -0.000415804 
12 6 6 1.0689 -0.00119491 -0.000220239 
13 6 6 1.06981 -0.00124085 -0.000351993 
14 6 6 1.07134 -0.000653838 0.000222148 
15 6 6 1.07114 -0.00274298 -0.00340692 
0 7 7 1.34975 -0.00364648 -0.0140708 
1 7 7 1.35423 -0.00220547 -0.00974219 
2 7 7 1.35751 -0.000342918 -0.00479659 
3 7 7 1.35897 0.00138299 -0.000457236 
4 7 7 1.35873 0.00257024 0.00254479 
5 7 7 1.35734 0.00308496 0.00412281 
6 7 7 1.35538 0.00301842 0.00458575 
7 7 7 1.3533 0.0025996 0.00436482 
8 7 7 1.35151 0.00212669 0.0039043 
9 7 7 1.35081 0.0013049 0.0029914 
10 7 7 1.34997 -0.000438342 0.000791556 
11 7 7 1.34872 -0.0011218 -0.000489683 
12 7 7 1.34848 -0.00124518 -0.0010068 
13 7 7 1.3489 -0.00136158 -0.00134401 
14 7 7 1.35016 -0.00121777 -0.000971552 
15 7 7 1.34968 -0.00197436 -0.00474286 
0 8 8 1.36994 0.002173 -0.0153537 
1 8 8 1.37439 0.00176409 -0.0105067 
2 8 8 1.37776 0.00154401 -0.00498448 
3 8 8 1.37951 0.001487 -0.000186276 
4 8 8 1.37976 0.00149259 0.00306193 
5 8 8 1.37905 0.00144818 0.00466284 
6 8 8 1.37789 0.00130002 0.00496408 
7 8 8 1.3767 0.00107392 0.00442291 
8 8 8 1.37575 0.000799467 0.00340739 
9 8 8 1.37522 0.000309114 0.00207816 
10 8 8 1.37471 -0.000399105 0.000551027 
11 8 8 1.3742 -0.000707567 -0.000763391 
12 8 8 1.37415 -0.00069761 -0.00166565 
13 8 8 1.37456 -0.000710445 -0.00210238 
14 8 8 1.37569 -0.000786432 -0.00168227 
15 8 8 1.37497 -5.58043e-05 -0.00534584 
0 9 9 1.13487 0.00532828 -0.0105647 
1 9 9 1.14154 0.00388452 -0.00694653 
2 9 9 1.14577 0.00236915 -0.00304769 
3 9 9 1.14747 0.00109909 0.000204304 
4 9 9 1.14723 0.000213432 0.00231509 
5 9 9 1.14587 -0.000316735 0.00326367 
6 9 9 1.14413 -0.000585097 0.00330521 
7 9 9 1.14248 -0.000680379 0.0027597 
8 9 9 1.14121 -0.000686248 0.00188836 
9 9 9 1.14041 -0.000689882 0.000864941 
10 9 9 1.14001 -0.000672328 -0.000164283 
11 9 9 1.14001 -0.000518241 -0.00104091 
12 9 9 1.14048 -0.000282817 -0.00165313 
13 9 9 1.14135 -0.000160945 -0.00187064 
14 9 9 1.14279 -0.000511165 -0.00113182 
15 9 9 1.14267 0.00158987 -0.00457444 
0 10 10 0.708037 0.00357399 -0.00431005 
1 10 10 0.714445 0.00258014 -0.0027232 
2 10 10 0.718184 0.00147761 -0.00113589 
3 10 10 0.719466 0.00050226 0.000120536 
4 10 10 0.718946 -0.000214211 0.000891585 
5 10 10 0.7174 -0.000653024 0.00119231 
6 10 10 0.715493 -0.000858253 0.00113412 
7 10 10 0.713685 -0.000893725 0.000850376 
8 10 10 0.712245 -0.000825019 0.000449922 
9 10 10 0.711297 -0.000703934 1.09109e-05 
10 10 10 0.710864 -0.000542036 -0.000400938 
11 10 10 0.71094 -0.000335166 -0.000728156 
12 10 10 0.711484 -0.000126922 -0.000932895 
13 10 10 0.712336 -3.99911e-05 -0.00093793 
14 10 10 0.713202 -0.000743263 -7.48897e-05 
15 10 10 0.716215 0.00209298 -0.00285892 
0 11 11 0.376768 0.00130305 -0.00125294 
1 11 11 0.38114 0.000980712 -0.000796447 
2 11 11 0.383801 0.000582414 -0.000363134 
3 11 11 0.38485 0.000202696 -3.22618e-05 
4 11 11 0.384657 -9.39055e-05 0.000161904 
5 11 11 0.383701 -0.000287262 0.000226743 
6 11 11 0.382418 -0.000385924 0.000194608 
7 11 11 0.38113 -0.000411213 0.000103704 
8 11 11 0.380041 -0.00038881 -1.58961e-05 
9 11 11 0.379261 -0.000339245 -0.000141362 
10 11 11 0.378834 -0.000268612 -0.000251324 
11 11 11 0.378764 -0.000179927 -0.000328157 
12 11 11 0.379017 -9.14152e-05 -0.000364242 
13 11 11 0.379465 -5.15535e-05 -0.000334805 
14 11 11 0.379458 -0.000585361 0.000157684 
15 11 11 0.393789 0.00228682 -0.00188941 
0 12 12 0.0658909 0.000100037 -7.35463e-05 
1 12 12 0.0667855 8.46405e-05 -4.72136e-05 
2 12 12 0.067399 5.73063e-05 -2.44814e-05 
3 12 12 0.0677124 2.63642e-05 -8.59098e-06 
4 12 12 0.0677704 -4.68319e-07 -5.66279e-07 
5 12 12 0.0676517 -2.05498e-05 3.88022e-07 
6 12 12 0.0674392 -3.28717e-05 -3.82606e-06 
7 12 12 0.0671979 -3.87199e-05 -1.09823e-05 
8 12 12 0.0669723 -3.98759e-05 -1.95737e-05 
9 12 12 0.0667896 -3.85975e-05 -2.78973e-05 
10 12 12 0.0666653 -3.4273e-05 -3.41296e-05 
11 12 12 0.0666042 -2.69986e-05 -3.6644e-05 
12 12 12 0.0666048 -1.86059e-05 -3.5469e-05 
13 12 12 0.0666497 -1.23927e-05 -3.02095e-05 
14 12 12 0.0666134 -5.33268e-05 -5.54331e-06 
15 12 12 0.0654383 0.00113347 -0.000841376 
0 13 13 0 0 0 
1 13 13 0 0 0 
2 13 13 0 0 0 
3 13 13 0 0 0 
4 13 13 0 0 0 
5 13 13 0 0 0 
6 13 13 0 0 0 
7 13 13 0 0 0 
8 13 13 0 0 0 
9 13 13 0 0 0 
10 13 13 0 0 0 
11 13 13 0 0 0 
12 13 13 0 0 0 
13 13 13 0 0 0 
14 13 13 0 0 0 
15 13 13 0 0 0 
0 14 14 0 0 0 
1 14 14 0 0 0 
2 14 14 0 0 0 
3 14 14 0 0 0 
4 14 14 0 0 0 
5 14 14 0 0 0 
6 14 14 0 0 0 
7 14 14 0 0 0 
8 14 14 0 0 0 
9 14 14 0 0 0 
10 14 14 0 0 0 
11 14 14 0 0 0 
12 14 14 0 0 0 
13 14 14 0 0 0 
14 14 14 0 0 0 
15 14 14 0 0 0 
0 15 15 0 0 0 
1 15 15 0 0 0 
2 15 15 0 0 0 
3 15 15 0 0 0 
4 15 15 0 0 0 
5 15 15 0 0 0 
6 15 15 0 0 0 
7 15 15 0 0 0 
8 15 15 0 0 0 
9 15 15 0 0 0 
10 15 15 0 0 0 
11 15 15 0 0 0 
12 15 15 0 0 0 
13 15 15 0 0 0 
14 15 15 0 0 0 
15 15 15 0 0 0 
0 0 0 0 0 0 
1 0 0 0 0 0 
2 0 0 0 0 0 
3 0 0 0 0 0 
4 0 0 0 0 0 
5 0 0 0 0 0 
6 0 0 0 0 0 
7 0 0 0 0 0 
8 0 0 0 0 0 
9 0 0 0 0 0 
10 0 0 0 0 0 
11 0 0 0 0 0 
12 0 0 0 0 0 
13 0 0 0 0 0 
14 0 0 0 0 0 
15 0 0 0 0 0 
0 1 1 0 0 0 
1 1 1 0 0 0 
2 1 1 0 0 0 
3 1 1 0 0 0 
4 1 1 0 0 0 
5 1 1 0 0 0 
6 1 1 0 0 0 
7 1 1 0 0 0 
8 1 1 0 0 0 
9 1 1 0 0 0 
10 1 1 0 0 0 
11 1 1 0 0 0 
12 1 1 0 0 0 
13 1 1 0 0 0 
14 1 1 0 0 0 
15 1 1 0 0 0 
0 2 2 0 0 0 
1 2 2 0 0 0 
2 2 2 0 0 0 
3 2 2 0 0 0 
4 2 2 0 0 0 
5 2 2 0 0 0 
6 2 2 0 0 0 
7 2 2 0 0 0 
8 2 2 0 0 0 
9 2 2 0 0 0 
10 2 2 0 0 0 
11 2 2 0 0 0 
12 2 2 0 0 0 
13 2 2 0 0 0 
14 2 2 0 0 0 
15 2 2 0 0 0 
0 3 3 0.172349 -0.00039315 -9.43572e-05 
1 3 3 0.174487 -0.00029093 -0.00010658 
2 3 3 0.175876 -0.000169095 -8.053e-05 
3 3 3 0.176475 -5.70311e-05 -2.94897e-05 
4 3 3 0.176415 2.60749e-05 2.95032e-05 
5 3 3 0.175907 7.24727e-05 8.58832e-05 
6 3 3 0.175173 8.62637e-05 0.000133641 
7 3 3 0.174397 7.7541e-05 0.000165498 
8 3 3 0.173713 6.13739e-05 0.000168118 
9 3 3 0.173158 5.29585e-05 0.00012648 
10 3 3 0.172744 4.29084e-05 6.9412e-05 
11 3 3 0.172503 1.84675e-05 4.26787e-05 
12 3 3 0.172467 -7.14296e-06 2.81004e-05 
13 3 3 0.172563 -1.29352e-05 1.25051e-05 
14 3 3 0.172434 0.000150541 6.94576e-05 
15 3 3 0.175378 -0.00251887 -0.000918153 
0 4 4 0.519685 -0.00266559 -0.000972502 
1 4 4 0.524629 -0.00176822 -0.000822189 
2 4 4 0.527316 -0.000794465 -0.000531195 
3 4 4 0.527859 3.53482e-05 -0.000178389 
4 4 4 0.526778 0.000599946 0.000157951 
5 4 4 0.524734 0.000880376 0.000433927 
6 4 4 0.522333 0.000923186 0.000637081 
7 4 4 0.52005 0.000799975 0.000763985 
8 4 4 0.518211 0.000595936 0.000786366 
9 4 4 0.516915 0.000406875 0.000643096 
10 4 4 0.516057 0.000237648 0.000399895 
11 4 4 0.51569 2.21928e-05 0.000238372 
12 4 4 0.515886 -0.000162267 0.000134249 
13 4 4 0.516414 -0.000192326 5.46207e-05 
14 4 4 0.516647 0.000702234 0.000400315 
15 4 4 0.53048 -0.00287344 -0.00104462 
0 5 5 1.05539 -0.00810854 -0.00432677 
1 5 5 1.06149 -0.00527452 -0.00317642 
2 5 5 1.06486 -0.0020682 -0.00177123 
3 5 5 1.06534 0.000695892 -0.000433839 
4 5 5 1.06353 0.00255702 0.000619162 
5 5 5 1.06036 0.00344939 0.00133001 
6 5 5 1.05672 0.00354687 0.00174768 
7 5 5 1.05327 0.0030916 0.00195071 
8 5 5 1.05051 0.00232711 0.00195844 
9 5 5 1.04862 0.00153666 0.00161165 
10 5 5 1.0473 0.000824696 0.000940234 
11 5 5 1.04654 3.57642e-05 0.00047436 
12 5 5 1.04666 -0.000615956 0.000201042 
13 5 5 1.04741 -0.00085116 -9.17062e-06 
14 5 5 1.04872 -7.75361e-05 0.000292627 
15 5 5 1.04823 -0.00366406 -0.0018469 
0 6 6 1.59778 -0.011943 -0.0117031 
1 6 6 1.5972 -0.00840742 -0.00845187 
2 6 6 1.59786 -0.00361356 -0.00449896 
3 6 6 1.59869 0.000999011 -0.000887063 
4 6 6 1.59903 0.00438465 0.0016903 
5 6 6 1.59873 0.00621195 0.00311917 
6 6 6 1.59792 0.00667342 0.00366037 
7 6 6 1.5968 0.00614938 0.00365689 
8 6 6 1.59564 0.0050142 0.0033377 
9 6 6 1.59466 0.00359888 0.00257342 
10 6 6 1.5935 0.00211612 0.00129179 
11 6 6 1.59209 0.000655227 0.000312561 
12 6 6 1.59102 -0.000542388 -0.000264687 
13 6 6 1.5904 -0.00125358 -0.000692908 
14 6 6 1.59056 -0.00133632 -0.000798676 
15 6 6 1.58813 -0.00385204 -0.00328917 
0 7 7 1.91277 -0.00513138 -0.018827 
1 7 7 1.90131 -0.00412139 -0.0142772 
2 7 7 1.89528 -0.0017792 -0.00802382 
3 7 7 1.89407 0.00104743 -0.00191207 
4 7 7 1.89612 0.00351745 0.00258495 
5 7 7 1.89981 0.00516344 0.00503616 
6 7 7 1.90386 0.00590683 0.00581464 
7 7 7 1.90749 0.00588492 0.00552753 
8 7 7 1.9103 0.00529137 0.00464055 
9 7 7 1.91215 0.00425599 0.00328942 
10 7 7 1.91272 0.00293354 0.00158232 
11 7 7 1.91199 0.00167706 7.66861e-05 
12 7 7 1.91046 0.000654017 -0.00102282 
13 7 7 1.90854 -0.000122176 -0.00180468 
14 7 7 1.9067 -0.000616149 -0.00227155 
15 7 7 1.90116 -0.00177819 -0.00486357 
0 8 8 1.93179 0.00782783 -0.020129 
1 8 8 1.91978 0.00569168 -0.0153784 
2 8 8 1.91337 0.00364676 -0.00863751 
3 8 8 1.91217 0.00217419 -0.00194098 
4 8 8 1.91474 0.00149496 0.00304817 
5 8 8 1.9194 0.00146868 0.00578287 
6 8 8 1.92476 0.00176967 0.00660503 
7 8 8 1.92986 0.00210874 0.00614507 
8 8 8 1.93413 0.00230915 0.00493321 
9 8 8 1.93722 0.0022741 0.00329001 
10 8 8 1.93887 0.00204128 0.00146365 
11 8 8 1.93907 0.00180027 -0.000233271 
12 8 8 1.93814 0.00161462 -0.0015955 
13 8 8 1.93648 0.00141067 -0.00253555 
14 8 8 1.93463 0.00118526 -0.00304679 
15 8 8 1.92886 0.00168084 -0.00558016 
0 9 9 1.6556 0.0146353 -0.0147764 
1 9 9 1.65446 0.0104909 -0.0105616 
2 9 9 1.6552 0.00588163 -0.0052861 
3 9 9 1.65704 0.00198891 -0.000437824 
4 9 9 1.65932 -0.000501942 0.00296226 
5 9 9 1.66172 -0.00160015 0.00467629 
6 9 9 1.66407 -0.00171233 0.00500446 
7 9 9 1.66624 -0.0012827 0.00440518 
8 9 9 1.66806 -0.000636216 0.00327281 
9 9 9 1.66941 3.23108e-05 0.00188473 
10 9 9 1.67018 0.000653026 0.000450979 
11 9 9 1.67039 0.00122994 -0.000840474 
12 9 9 1.6702 0.00171358 -0.00184337 
13 9 9 1.66984 0.00196148 -0.00243362 
14 9 9 1.66985 0.00183944 -0.00249654 
15 9 9 1.66679 0.00398168 -0.00480985 
0 10 10 1.15218 0.0104483 -0.00682455 
1 10 10 1.15902 0.00714412 -0.00442565 
2 10 10 1.16347 0.00367234 -0.00186422 
3 10 10 1.1655 0.000811897 0.000247909 
4 10 10 1.16568 -0.00105264 0.00158939 
5 10 10 1.16481 -0.00194949 0.00215122 
6 10 10 1.16359 -0.00212098 0.00210716 
7 10 10 1.16245 -0.00183676 0.00167573 
8 10 10 1.16158 -0.00131235 0.00104032 
9 10 10 1.16109 -0.000693693 0.000333434 
10 10 10 1.16098 -6.17861e-05 -0.000345206 
11 10 10 1.16125 0.000533035 -0.000913729 
12 10 10 1.16188 0.00101248 -0.00130795 
13 10 10 1.16282 0.00120197 -0.00143495 
14 10 10 1.16431 0.000531208 -0.000954194 
15 10 10 1.1643 0.00393659 -0.00298542 
0 11 11 0.586525 0.00360978 -0.00179993 
1 11 11 0.592434 0.00249069 -0.00111943 
2 11 11 0.595919 0.00130654 -0.000463837 
3 11 11 0.597187 0.000302643 3.93694e-05 
4 11 11 0.596818 -0.000389669 0.000335718 
5 11 11 0.595497 -0.000760556 0.000436433 
6 11 11 0.593815 -0.000871807 0.000390304 
7 11 11 0.592187 -0.000803983 0.000255112 
8 11 11 0.590867 -0.000631262 7.68937e-05 
9 11 11 0.589987 -0.000409138 -0.000110715 
10 11 11 0.589597 -0.000170598 -0.000280252 
11 11 11 0.58969 6.0896e-05 -0.000409464 
12 11 11 0.590203 0.000248253 -0.000482697 
13 11 11 0.59098 0.000294676 -0.000462145 
14 11 11 0.591559 -0.000641127 3.40224e-05 
15 11 11 0.605045 0.00299075 -0.00156992 
0 12 12 0.227048 0.000645303 -0.000281878 
1 12 12 0.229965 0.000482942 -0.00018428 
2 12 12 0.231849 0.0002865 -9.42209e-05 
3 12 12 0.232705 0.000102396 -2.6739e-05 
4 12 12 0.232733 -3.71116e-05 1.20471e-05 
5 12 12 0.232219 -0.000123005 2.36725e-05 
6 12 12 0.231444 -0.0001614 1.4615e-05 
7 12 12 0.23062 -0.000163901 -6.79419e-06 
8 12 12 0.229889 -0.000143595 -3.45068e-05 
9 12 12 0.229333 -0.00011205 -6.3585e-05 
10 12 12 0.228994 -7.36604e-05 -8.79803e-05 
11 12 12 0.228886 -3.12785e-05 -0.000103103 
12 12 12 0.228986 5.41232e-06 -0.000106923 
13 12 12 0.229221 1.97672e-05 -9.39915e-05 
14 12 12 0.22912 -0.000247511 2.98148e-05 
15 12 12 0.239839 0.00279955 -0.0011526 
0 13 13 0 0 0 
1 13 13 0 0 0 
2 13 13 0 0 0 
3 13 13 0 0 0 
4 13 13 0 0 0 
5 13 13 0 0 0 
6 13 13 0 0 0 
7 13 13 0 0 0 
8 13 13 0 0 0 
9 13 13 0 0 0 
10 13 13 0 0 0 
11 13 13 0 0 0 
12 13 13 0 0 0 
13 13 13 0 0 0 
14 13 13 0 0 0 
15 13 13 0 0 0 
0 14 14 0 0 0 
1 14 14 0 0 0 
2 14 14 0 0 0 
3 14 14 0 0 0 
4 14 14 0 0 0 
5 14 14 0 0 0 
6 14 14 0 0 0 
7 14 14 0 0 0 
8 14 14 0 0 0 
9 14 14 0 0 0 
10 14 14 0 0 0 
11 14 14 0 0 0 
12 14 14 0 0 0 
13 14 14 0 0 0 
14 14 14 0 0 0 
15 14 14 0 0 0 
0 15 15 0 0 0 
1 15 15 0 0 0 
2 15 15 0 0 0 
3 15 15 0 0 0 
4 15 15 0 0 0 
5 15 15 0 0 0 
6 15 15 0 0 0 
7 15 15 0 0 0 
8 15 15 0 0 0 
9 15 15 0 0 0 
10 15 15 0 0 0 
11 15 15 0 0 0 
12 15 15 0 0 0 
13 15 15 0 0 0 
14 15 15 0 0 0 
15 15 15 0 0 0 
0 0 0 0 0 0 
1 0 0 0 0 0 
2 0 0 0 0 0 
3 0 0 0 0 0 
4 0 0 0 0 0 
5 0 0 0 0 0 
6 0 0 0 0 0 
7 0 0 0 0 0 
8 0 0 0 0 0 
9 0 0 0 0 0 
10 0 0 0 0 0 
11 0 0 0 0 0 
12 0 0 0 0 0 
13 0 0 0 0 0 
14 0 0 0 0 0 
15 0 0 0 0 0 
0 1 1 0 0 0 
1 1 1 0 0 0 
2 1 1 0 0 0 
3 1 1 0 0 0 
4 1 1 0 0 0 
5 1 1 0 0 0 
6 1 1 0 0 0 
7 1 1 0 0 0 
8 1 1 0 0 0 
9 1 1 0 0 0 
10 1 1 0 0 0 
11 1 1 0 0 0 
12 1 1 0 0 0 
13 1 1 0 0 0 
14 1 1 0 0 0 
15 1 1 0 0 0 
0 2 2 0 0 0 
1 2 2 0 0 0 
2 2 2 0 0 0 
3 2 2 0 0 0 
4 2 2 0 0 0 
5 2 2 0 0 0 
6 2 2 0 0 0 
7 2 2 0 0 0 
8 2 2 0 0 0 
9 2 2 0 0 0 
10 2 2 0 0 0 
11 2 2 0 0 0 
12 2 2 0 0 0 
13 2 2 0 0 0 
14 2 2 0 0 0 
15 2 2 0 0 0 
0 3 3 0.217863 -0.000658205 -7.2452e-05 
1 3 3 0.220431 -0.000497733 -7.72757e-05 
2 3 3 0.222043 -0.000290403 -5.72323e-05 
3 3 3 0.222671 -8.9368e-05 -1.92699e-05 
4 3 3 0.222496 6.73789e-05 2.36313e-05 
5 3 3 0.221793 0.000164227 6.53704e-05 
6 3 3 0.220835 0.000205987 9.98973e-05 
7 3 3 0.219841 0.00020615 0.000118828 
8 3 3 0.218965 0.000181475 0.00011385 
9 3 3 0.218276 0.000144367 8.18916e-05 
10 3 3 0.217801 9.92734e-05 3.9576e-05 
11 3 3 0.21756 4.91259e-05 1.20466e-05 
12 3 3 0.21755 3.79506e-06 -4.70574e-06 
13 3 3 0.21769 -1.07008e-05 -1.95304e-05 
14 3 3 0.217495 0.000332113 -1.21762e-05 
15 3 3 0.229155 -0.00278536 -0.000220222 
0 4 4 0.628455 -0.00397962 -0.000514505 
1 4 4 0.63382 -0.00268333 -0.000447024 
2 4 4 0.636637 -0.00121412 -0.000307121 
3 4 4 0.63702 7.82906e-05 -0.000125384 
4 4 4 0.635577 0.000990358 5.83297e-05 
5 4 4 0.633085 0.00148095 0.000219343 
6 4 4 0.63024 0.00161445 0.000345042 
7 4 4 0.62756 0.00149339 0.000421012 
8 4 4 0.62537 0.00122003 0.000427028 
9 4 4 0.623808 0.000876681 0.000349999 
10 4 4 0.622881 0.000510482 0.000224141 
11 4 4 0.622576 0.000151012 0.000117208 
12 4 4 0.622841 -0.000143277 3.742e-05 
13 4 4 0.623473 -0.000238003 -2.45534e-05 
14 4 4 0.624053 0.000792455 7.76889e-05 
15 4 4 0.632676 -0.0032128 -0.000442314 
0 5 5 1.30639 -0.0123321 -0.00229415 
1 5 5 1.31072 -0.00839069 -0.00169896 
2 5 5 1.31343 -0.0036032 -0.000983485 
3 5 5 1.31392 0.000726837 -0.000306193 
4 5 5 1.31241 0.00378057 0.000226407 
5 5 5 1.30961 0.00538631 0.000591675 
6 5 5 1.30628 0.00578499 0.00081794 
7 5 5 1.30302 0.00533914 0.000932551 
8 5 5 1.30022 0.00438052 0.000928738 
9 5 5 1.29806 0.00316962 0.000776286 
10 5 5 1.29653 0.00188311 0.000514248 
11 5 5 1.29564 0.000640509 0.000273825 
12 5 5 1.2954 -0.000393469 9.49582e-05 
13 5 5 1.29575 -0.000963012 -4.4989e-05 
14 5 5 1.29691 -0.000541305 -4.11228e-05 
15 5 5 1.2965 -0.00442834 -0.000821837 
0 6 6 1.8919 -0.0163324 -0.00581666 
1 6 6 1.88102 -0.0124768 -0.00438409 
2 6 6 1.87529 -0.00637381 -0.00250001 
3 6 6 1.87389 1.34995e-05 -0.000697536 
4 6 6 1.87525 0.0050103 0.000614637 
5 6 6 1.87783 0.00796334 0.00134021 
6 6 6 1.88051 0.00906606 0.00161107 
7 6 6 1.88268 0.008819 0.00160351 
8 6 6 1.88406 0.00769606 0.00141976 
9 6 6 1.88456 0.00606031 0.00107057 
10 6 6 1.88411 0.00418356 0.00060514 
11 6 6 1.88284 0.00228452 0.000183713 
12 6 6 1.88101 0.000587292 -0.000124485 
13 6 6 1.87897 -0.000676561 -0.000355347 
14 6 6 1.87719 -0.00140307 -0.000524561 
15 6 6 1.87185 -0.00427932 -0.00143594 
0 7 7 2.23393 -0.00575781 -0.0089266 
1 7 7 2.20379 -0.00523925 -0.00731738 
2 7 7 2.18247 -0.00292899 -0.00459433 
3 7 7 2.17228 0.000275442 -0.00161331 
4 7 7 2.17211 0.00328723 0.00075058 
5 7 7 2.17861 0.00546225 0.00212276 
6 7 7 2.18816 0.00668015 0.00262382 
7 7 7 2.19804 0.00707379 0.0025535 
8 7 7 2.2066 0.00681602 0.00215233 
9 7 7 2.21297 0.00605927 0.00153992 
10 7 7 2.21675 0.00496359 0.000819029 
11 7 7 2.21791 0.00371195 0.000143786 
12 7 7 2.21674 0.00247273 -0.000401092 
13 7 7 2.21372 0.00137739 -0.000819945 
14 7 7 2.20943 0.00048311 -0.00115278 
15 7 7 2.20029 -0.000961914 -0.00208412 
0 8 8 2.25244 0.0123326 -0.00937346 
1 8 8 2.22132 0.00972273 -0.00781232 
2 8 8 2.19891 0.00643446 -0.00496864 
3 8 8 2.18802 0.00337715 -0.0017544 
4 8 8 2.18784 0.00134911 0.000863483 
5 8 8 2.19507 0.00056924 0.00243135 
6 8 8 2.20596 0.000732802 0.00302716 
7 8 8 2.21759 0.00137156 0.00294535 
8 8 8 2.22808 0.00210426 0.00245442 
9 8 8 2.23638 0.0027066 0.00172974 
10 8 8 2.24192 0.00310242 0.000904905 
11 8 8 2.24454 0.00331479 0.000111194 
12 8 8 2.24444 0.00337565 -0.000562077 
13 8 8 2.24207 0.00329659 -0.00107967 
14 8 8 2.23801 0.00312862 -0.00146373 
15 8 8 2.22874 0.00351152 -0.0023914 
0 9 9 1.94839 0.0224409 -0.00710043 
1 9 9 1.93587 0.0169559 -0.00545152 
2 9 9 1.92907 0.0099499 -0.00306413 
3 9 9 1.92786 0.0034331 -0.000668997 
4 9 9 1.93089 -0.00107236 0.00112873 
5 9 9 1.93646 -0.00321787 0.0021176 
6 9 9 1.94306 -0.00352746 0.0024049 
7 9 9 1.9496 -0.00274805 0.00220909 
8 9 9 1.95529 -0.00147556 0.00172629 
9 9 9 1.95967 -8.01166e-05 0.00109549 
10 9 9 1.96246 0.00124595 0.00042099 
11 9 9 1.96364 0.00240697 -0.000207251 
12 9 9 1.96337 0.00331802 -0.000720801 
13 9 9 1.96204 0.00387173 -0.00107393 
14 9 9 1.96025 0.00405713 -0.00126531 
15 9 9 1.95432 0.00621099 -0.00210909 
0 10 10 1.40309 0.0169043 -0.00349107 
1 10 10 1.40764 0.0116471 -0.00235528 
2 10 10 1.41138 0.00591966 -0.00106979 
3 10 10 1.41386 0.00112438 3.3947e-05 
4 10 10 1.41523 -0.00197646 0.000763056 
5 10 10 1.41591 -0.00338318 0.00109561 
6 10 10 1.41633 -0.00352339 0.00111411 
7 10 10 1.4167 -0.00288813 0.000928379 
8 10 10 1.41708 -0.00186332 0.000630142 
9 10 10 1.41747 -0.00070338 0.000284243 
10 10 10 1.41786 0.000437217 -6.08233e-05 
11 10 10 1.41824 0.00145382 -0.000363027 
12 10 10 1.41867 0.00223539 -0.000588103 
13 10 10 1.41923 0.00259491 -0.000698109 
14 10 10 1.42036 0.00214919 -0.000615506 
15 10 10 1.4194 0.00565168 -0.00134966 
0 11 11 0.736567 0.00589815 -0.000937807 
1 11 11 0.743305 0.00395317 -0.000597274 
2 11 11 0.747303 0.00195792 -0.000260315 
3 11 11 0.748793 0.000323009 5.80836e-06 
4 11 11 0.748449 -0.000750796 0.000171235 
5 11 11 0.747063 -0.00127124 0.000238862 
6 11 11 0.7453 -0.0013618 0.000230977 
7 11 11 0.743614 -0.00116987 0.000174886 
8 11 11 0.742273 -0.000821706 9.14586e-05 
9 11 11 0.741414 -0.000409116 -4.5377e-06 
10 11 11 0.741092 8.74247e-06 -9.97225e-05 
11 11 11 0.741292 0.00038782 -0.000179885 
12 11 11 0.74195 0.000674462 -0.000233519 
13 11 11 0.742917 0.000739336 -0.000240048 
14 11 11 0.743944 -0.000293581 -5.62931e-05 
15 11 11 0.749502 0.0037664 -0.000682588 
0 12 12 0.328778 0.00127473 -0.000195716 
1 12 12 0.332795 0.000906783 -0.000135686 
2 12 12 0.335297 0.000502096 -7.52452e-05 
3 12 12 0.336349 0.000147048 -2.53659e-05 
4 12 12 0.336266 -0.000105642 8.97715e-06 
5 12 12 0.335469 -0.0002467 2.62511e-05 
6 12 12 0.334348 -0.000294117 2.90114e-05 
7 12 12 0.333197 -0.000274845 2.136e-05 
8 12 12 0.332207 -0.000215522 5.95654e-06 
9 12 12 0.331489 -0.000137587 -1.47591e-05 
10 12 12 0.331093 -5.3336e-05 -3.6929e-05 
11 12 12 0.331027 2.85909e-05 -5.55514e-05 
12 12 12 0.331254 9.31945e-05 -6.5761e-05 
13 12 12 0.331665 0.000107086 -6.24545e-05 
14 12 12 0.331641 -0.000381116 3.93147e-05 
15 12 12 0.346498 0.00323215 -0.000462934 
0 13 13 0 0 0 
1 13 13 0 0 0 
2 13 13 0 0 0 
3 13 13 0 0 0 
4 13 13 0 0 0 
5 13 13 0 0 0 
6 13 13 0 0 0 
7 13 13 0 0 0 
8 13 13 0 0 0 
9 13 13 0 0 0 
10 13 13 0 0 0 
11 13 13 0 0 0 
12 13 13 0 0 0 
13 13 13 0 0 0 
14 13 13 0 0 0 
15 13 13 0 0 0 
0 14 14 0 0 0 
1 14 14 0 0 0 
2 14 14 0 0 0 
3 14 14 0 0 0 
4 14 14 0 0 0 
5 14 14 0 0 0 
6 14 14 0 0 0 
7 14 14 0 0 0 
8 14 14 0 0 0 
9 14 14 0 0 0 
10 14 14 0 0 0 
11 14 14 0 0 0 
12 14 14 0 0 0 
13 14 14 0 0 0 
14 14 14 0 0 0 
15 14 14 0 0 0 
0 15 15 0 0 0 
1 15 15 0 0 0 
2 15 15 0 0 0 
3 15 15 0 0 0 
4 15 15 0 0 0 
5 15 15 0 0 0 
6 15 15 0 0 0 
7 15 15 0 0 0 
8 15 15 0 0 0 
9 15 15 0 0 0 
10 15 15 0 0 0 
11 15 15 0 0 0 
12 15 15 0 0 0 
13 15 15 0 0 0 
14 15 15 0 0 0 
15 15 15 0 0 0 
0 0 0 0 0 0 
1 0 0 0 0 0 
2 0 0 0 0 0 
3 0 0 0 0 0 
4 0 0 0 0 0 
5 0 0 0 0 0 
6 0 0 0 0 0 
7 0 0 0 0 0 
8 0 0 0 0 0 
9 0 0 0 0 0 
10 0 0 0 0 0 
11 0 0 0 0 0 
12 0 0 0 0 0 
13 0 0 0 0 0 
14 0 0 0 0 0 
15 0 0 0 0 0 
0 1 1 0 0 0 
1 1 1 0 0 0 
2 1 1 0 0 0 
3 1 1 0 0 0 
4 1 1 0 0 0 
5 1 1 0 0 0 
6 1 1 0 0 0 
7 1 1 0 0 0 
8 1 1 0 0 0 
9 1 1 0 0 0 
10 1 1 0 0 0 
11 1 1 0 0 0 
12 1 1 0 0 0 
13 1 1 0 0 0 
14 1 1 0 0 0 
15 1 1 0 0 0 
0 2 2 0 0 0 
1 2 2 0 0 0 
2 2 2 0 0 0 
3 2 2 0 0 0 
4 2 2 0 0 0 
5 2 2 0 0 0 
6 2 2 0 0 0 
7 2 2 0 0 0 
8 2 2 0 0 0 
9 2 2 0 0 0 
10 2 2 0 0 0 
11 2 2 0 0 0 
12 2 2 0 0 0 
13 2 2 0 0 0 
14 2 2 0 0 0 
15 2 2 0 0 0 
0 3 3 0.217799 -0.000661634 3.46045e-05 
1 3 3 0.22037 -0.000503163 2.40525e-05 
2 3 3 0.221983 -0.000294998 8.81709e-06 
3 3 3 0.222611 -9.17824e-05 -1.47766e-06 
4 3 3 0.222435 6.89388e-05 -1.05438e-05 
5 3 3 0.221729 0.000170326 -1.33235e-05 
6 3 3 0.220767 0.000216309 -1.16637e-05 
7 3 3 0.219766 0.000218596 -1.22803e-05 
8 3 3 0.218877 0.000192657 -2.04757e-05 
9 3 3 0.21818 0.000149405 -3.54279e-05 
10 3 3 0.21771 9.72903e-05 -5.06385e-05 
11 3 3 0.217481 4.37254e-05 -5.70587e-05 
12 3 3 0.217477 -2.60854e-06 -5.59247e-05 
13 3 3 0.217618 -1.84866e-05 -5.42132e-05 
14 3 3 0.217427 0.000323509 -6.75632e-05 
15 3 3 0.229083 -0.0027909 0.000143796 
0 4 4 0.62826 -0.00398324 0.000453018 
1 4 4 0.633631 -0.0027001 0.000312279 
2 4 4 0.636453 -0.00123509 0.000143891 
3 4 4 0.636835 6.15281e-05 -4.45803e-06 
4 4 4 0.635386 0.000985256 -0.000110782 
5 4 4 0.632882 0.00149134 -0.000168555 
6 4 4 0.630023 0.00164068 -0.000183891 
7 4 4 0.627321 0.00153195 -0.000176975 
8 4 4 0.625097 0.00126125 -0.000169823 
9 4 4 0.623505 0.00090401 -0.000170502 
10 4 4 0.622585 0.000516318 -0.000172918 
11 4 4 0.622309 0.00014562 -0.000161674 
12 4 4 0.62259 -0.000154175 -0.00014094 
13 4 4 0.62323 -0.000258793 -0.000137947 
14 4 4 0.62382 0.000763407 -0.000290924 
15 4 4 0.632446 -0.00323932 0.000214596 
0 5 5 1.30594 -0.0123044 0.00229474 
1 5 5 1.31027 -0.00839552 0.00159327 
2 5 5 1.31299 -0.00363323 0.000763601 
3 5 5 1.31348 0.000687813 2.87731e-05 
4 5 5 1.31195 0.00374938 -0.000482375 
5 5 5 1.30911 0.0053751 -0.00075221 
6 5 5 1.30575 0.00580046 -0.000827949 
7 5 5 1.30244 0.00538214 -0.000777445 
8 5 5 1.29958 0.00444179 -0.000666338 
9 5 5 1.29735 0.00322336 -0.000538425 
10 5 5 1.29582 0.00191189 -0.000406618 
11 5 5 1.29498 0.000659294 -0.000263135 
12 5 5 1.29478 -0.000378805 -0.000124646 
13 5 5 1.29513 -0.00096948 -5.31791e-05 
14 5 5 1.2963 -0.000574567 -0.000169631 
15 5 5 1.29591 -0.00447182 0.000531472 
0 6 6 1.89124 -0.0162765 0.00574331 
1 6 6 1.88039 -0.0124402 0.00432932 
2 6 6 1.87467 -0.00636331 0.00238058 
3 6 6 1.87327 1.49227e-06 0.00048469 
4 6 6 1.87461 0.00498522 -0.000896841 
5 6 6 1.87713 0.00793605 -0.00163546 
6 6 6 1.87976 0.00904597 -0.00185243 
7 6 6 1.88186 0.00881244 -0.00173572 
8 6 6 1.88316 0.00770515 -0.00144313 
9 6 6 1.88356 0.00607886 -0.00108044 
10 6 6 1.88308 0.00420691 -0.000696437 
11 6 6 1.88185 0.00231764 -0.00030465 
12 6 6 1.88006 0.000626799 6.15736e-05 
13 6 6 1.87804 -0.000647835 0.000329905 
14 6 6 1.87627 -0.00139598 0.000453243 
15 6 6 1.87094 -0.00428905 0.00128835 
0 7 7 2.2333 -0.00572711 0.00870801 
1 7 7 2.2032 -0.00520976 0.00718329 
2 7 7 2.18192 -0.00290139 0.00448165 
3 7 7 2.17175 0.000298581 0.00147558 
4 7 7 2.17157 0.00330315 -0.000930842 
5 7 7 2.17804 0.00546895 -0.00233385 
6 7 7 2.18754 0.006676 -0.00283708 
7 7 7 2.19734 0.00705832 -0.00273782 
8 7 7 2.2058 0.00679333 -0.00230376 
9 7 7 2.21207 0.00604365 -0.00171546 
10 7 7 2.21579 0.00496906 -0.0010702 
11 7 7 2.21694 0.00373175 -0.000415326 
12 7 7 2.21579 0.00249225 0.000196447 
13 7 7 2.21278 0.00139177 0.00069367 
14 7 7 2.2085 0.000495062 0.00105479 
15 7 7 2.19937 -0.000951116 0.00197641 
0 8 8 2.25204 0.0123325 0.00918315 
1 8 8 2.22094 0.00972117 0.00770519 
2 8 8 2.19857 0.00644341 0.00489532 
3 8 8 2.1877 0.00340115 0.00167013 
4 8 8 2.18753 0.0013851 -0.000984538 
5 8 8 2.19475 0.000608588 -0.00259033 
6 8 8 2.2056 0.000764444 -0.00320931 
7 8 8 2.21718 0.00138689 -0.00313221 
8 8 8 2.2276 0.00210251 -0.00264104 
9 8 8 2.23581 0.00270106 -0.00193822 
10 8 8 2.24128 0.00310614 -0.00115064 
11 8 8 2.24388 0.00332038 -0.000358645 
12 8 8 2.24377 0.00337083 0.000365575 
13 8 8 2.24139 0.00328376 0.000947517 
14 8 8 2.23733 0.00311996 0.0013682 
15 8 8 2.22807 0.00351296 0.00230316 
0 9 9 1.94821 0.0224171 0.00705332 
1 9 9 1.93569 0.0169383 0.00545684 
2 9 9 1.9289 0.00995311 0.00306129 
3 9 9 1.92771 0.00346135 0.000610968 
4 9 9 1.93075 -0.00102523 -0.00125907 
5 9 9 1.93631 -0.00316488 -0.00230711 
6 9 9 1.9429 -0.00348307 -0.00262294 
7 9 9 1.9494 -0.00272249 -0.00242257 
8 9 9 1.95504 -0.00147075 -0.00191372 
9 9 9 1.95935 -8.76547e-05 -0.00125474 
10 9 9 1.9621 0.00123427 -0.000555881 
11 9 9 1.96325 0.00239068 0.000105979 
12 9 9 1.96297 0.00329468 0.000664935 
13 9 9 1.96164 0.00384736 0.00105426 
14 9 9 1.95984 0.00404367 0.00125009 
15 9 9 1.95392 0.006213 0.00207231 
0 10 10 1.40299 0.0168824 0.00355141 
1 10 10 1.40754 0.0116421 0.00238156 
2 10 10 1.41129 0.00593652 0.00102579 
3 10 10 1.41379 0.00115861 -0.000152675 
4 10 10 1.41517 -0.00193578 -0.000930556 
5 10 10 1.41585 -0.00334832 -0.0012722 
6 10 10 1.41625 -0.00350383 -0.00126174 
7 10 10 1.41658 -0.00288804 -0.00101979 
8 10 10 1.41693 -0.00188044 -0.000657922 
9 10 10 1.41729 -0.000729789 -0.000262056 
10 10 10 1.41765 0.000409813 0.000109558 
11 10 10 1.41802 0.00142899 0.000419903 
12 10 10 1.41845 0.00221566 0.00063887 
13 10 10 1.41901 0.00258459 0.000723023 
14 10 10 1.42015 0.00215291 0.000594322 
15 10 10 1.4192 0.00566775 0.00128359 
0 11 11 0.736504 0.00589316 0.000964039 
1 11 11 0.743248 0.00395812 0.000570487 
2 11 11 0.747253 0.0019715 0.000188002 
3 11 11 0.748749 0.000340014 -9.85028e-05 
4 11 11 0.748407 -0.000737027 -0.000252669 
5 11 11 0.747017 -0.00126523 -0.000284912 
6 11 11 0.745244 -0.00136533 -0.000229507 
7 11 11 0.743543 -0.00118235 -0.000125691 
8 11 11 0.742185 -0.000839789 -8.43882e-06 
9 11 11 0.741314 -0.000427451 9.68393e-05 
10 11 11 0.740986 -5.87274e-06 0.000177069 
11 11 11 0.741185 0.000378364 0.000228189 
12 11 11 0.741846 0.000671555 0.000246995 
13 11 11 0.742817 0.000743203 0.000214622 
14 11 11 0.743851 -0.000283544 -4.55876e-06 
15 11 11 0.749415 0.00378027 0.000601766 
0 12 12 0.328742 0.00127451 0.000196747 
1 12 12 0.332761 0.000909223 0.000112312 
2 12 12 0.335265 0.000506868 4.04559e-05 
3 12 12 0.33632 0.000151617 -6.69725e-06 
4 12 12 0.336238 -0.000103383 -2.46446e-05 
5 12 12 0.335439 -0.000247944 -1.93256e-05 
6 12 12 0.334314 -0.000298308 8.90982e-07 
7 12 12 0.333158 -0.000281388 2.62699e-05 
8 12 12 0.332162 -0.000222889 4.86689e-05 
9 12 12 0.331441 -0.000143632 6.23754e-05 
10 12 12 0.331046 -5.68823e-05 6.68729e-05 
11 12 12 0.33098 2.67501e-05 6.42024e-05 
12 12 12 0.331208 9.43127e-05 5.59959e-05 
13 12 12 0.331621 0.000110347 3.54701e-05 
14 12 12 0.331598 -0.000376648 -7.75281e-05 
15 12 12 0.346457 0.00323772 0.000420613 
0 13 13 0 0 0 
1 13 13 0 0 0 
2 13 13 0 0 0 
3 13 13 0 0 0 
4 13 13 0 0 0 
5 13 13 0 0 0 
6 13 13 0 0 0 
7 13 13 0 0 0 
8 13 13 0 0 0 
9 13 13 0 0 0 
10 13 13 0 0 0 
11 13 13 0 0 0 
12 13 13 0 0 0 
13 13 13 0 0 0 
14 13 13 0 0 0 
15 13 13 0 0 0 
0 14 14 0 0 0 
1 14 14 0 0 0 
2 14 14 0 0 0 
3 14 14 0 0 0 
4 14 14 0 0 0 
5 14 14 0 0 0 
6 14 14 0 0 0 
7 14 14 0 0 0 
8 14 14 0 0 0 
9 14 14 0 0 0 
10 14 14 0 0 0 
11 14 14 0 0 0 
12 14 14 0 0 0 
13 14 14 0 0 0 
14 14 14 0 0 0 
15 14 14 0 0 0 
0 15 15 0 0 0 
1 15 15 0 0 0 
2 15 15 0 0 0 
3 15 15 0 0 0 
4 15 15 0 0 0 
5 15 15 0 0 0 
6 15 15 0 0 0 
7 15 15 0 0 0 
8 15 15 0 0 0 
9 15 15 0 0 0 
10 15 15 0 0 0 
11 15 15 0 0 0 
12 15 15 0 0 0 
13 15 15 0 0 0 
14 15 15 0 0 0 
15 15 15 0 0 0 
0 0 0 0 0 0 
1 0 0 0 0 0 
2 0 0 0 0 0 
3 0 0 0 0 0 
4 0 0 0 0 0 
5 0 0 0 0 0 
6 0 0 0 0 0 
7 0 0 0 0 0 
8 0 0 0 0 0 
9 0 0 0 0 0 
10 0 0 0 0 0 
11 0 0 0 0 0 
12 0 0 0 0 0 
13 0 0 0 0 0 
14 0 0 0 0 0 
15 0 0 0 0 0 
0 1 1 0 0 0 
1 1 1 0 0 0 
2 1 1 0 0 0 
3 1 1 0 0 0 
4 1 1 0 0 0 
5 1 1 0 0 0 
6 1 1 0 0 0 
7 1 1 0 0 0 
8 1 1 0 0 0 
9 1 1 0 0 0 
10 1 1 0 0 0 
11 1 1 0 0 0 
12 1 1 0 0 0 
13 1 1 0 0 0 
14 1 1 0 0 0 
15 1 1 0 0 0 
0 2 2 0 0 0 
1 2 2 0 0 0 
2 2 2 0 0 0 
3 2 2 0 0 0 
4 2 2 0 0 0 
5 2 2 0 0 0 
6 2 2 0 0 0 
7 2 2 0 0 0 
8 2 2 0 0 0 
9 2 2 0 0 0 
10 2 2 0 0 0 
11 2 2 0 0 0 
12 2 2 0 0 0 
13 2 2 0 0 0 
14 2 2 0 0 0 
15 2 2 0 0 0 
0 3 3 0.172135 -0.000402509 6.29858e-05 
1 3 3 0.174274 -0.000303616 6.75501e-05 
2 3 3 0.17566 -0.000177885 4.81986e-05 
3 3 3 0.176254 -6.16576e-05 1.8965e-05 
4 3 3 0.176201 3.07625e-05 -1.54248e-05 
5 3 3 0.175689 8.70483e-05 -4.41073e-05 
6 3 3 0.174948 0.00011064 -6.45751e-05 
7 3 3 0.174154 0.000108623 -7.81496e-05 
8 3 3 0.173435 9.0627e-05 -8.98835e-05 
9 3 3 0.172859 6.30322e-05 -9.6745e-05 
10 3 3 0.172463 3.1525e-05 -9.75793e-05 
11 3 3 0.17226 1.17839e-06 -9.08357e-05 
12 3 3 0.172235 -2.36785e-05 -7.86072e-05 
13 3 3 0.172332 -3.18319e-05 -6.87503e-05 
14 3 3 0.172207 0.000130976 -0.000126689 
15 3 3 0.175137 -0.00252525 0.000867648 
0 4 4 0.519125 -0.00268941 0.000889195 
1 4 4 0.524077 -0.00181742 0.000693452 
2 4 4 0.526766 -0.000844538 0.000400252 
3 4 4 0.527299 3.64747e-06 9.23751e-05 
4 4 4 0.526197 0.000598997 -0.000172024 
5 4 4 0.52413 0.000916096 -0.000361944 
6 4 4 0.521706 0.000997072 -0.000472741 
7 4 4 0.519379 0.000909659 -0.0005186 
8 4 4 0.517439 0.000718466 -0.00051952 
9 4 4 0.516038 0.000474728 -0.000487482 
10 4 4 0.515225 0.000217692 -0.000427571 
11 4 4 0.51498 -2.00961e-05 -0.000346834 
12 4 4 0.51522 -0.000204974 -0.00026133 
13 4 4 0.515758 -0.000256064 -0.000216951 
14 4 4 0.516004 0.000624506 -0.00059104 
15 4 4 0.529821 -0.00293887 0.000853363 
0 5 5 1.05399 -0.0080937 0.00424028 
1 5 5 1.06009 -0.0053315 0.00301148 
2 5 5 1.06344 -0.00216004 0.00155055 
3 5 5 1.06386 0.000611167 0.000218279 
4 5 5 1.06198 0.00251092 -0.00077127 
5 5 5 1.05874 0.00346013 -0.00137362 
6 5 5 1.05504 0.00362636 -0.00164469 
7 5 5 1.05152 0.00325062 -0.00167065 
8 5 5 1.0486 0.00255136 -0.00153297 
9 5 5 1.04646 0.00169609 -0.00129025 
10 5 5 1.04518 0.000812563 -0.000981287 
11 5 5 1.0447 3.68541e-06 -0.000643395 
12 5 5 1.04493 -0.000630696 -0.000330254 
13 5 5 1.04568 -0.000919605 -0.00015631 
14 5 5 1.04699 -0.000198559 -0.000543129 
15 5 5 1.04649 -0.00378344 0.00155629 
0 6 6 1.59547 -0.0118417 0.0115675 
1 6 6 1.59493 -0.00837278 0.00831715 
2 6 6 1.59556 -0.0036346 0.00431214 
3 6 6 1.5963 0.000946333 0.000654629 
4 6 6 1.5965 0.00432518 -0.00193078 
5 6 6 1.59605 0.00616615 -0.00331841 
6 6 6 1.59511 0.00665703 -0.00375863 
7 6 6 1.59389 0.00617393 -0.00357734 
8 6 6 1.59257 0.00508085 -0.00303099 
9 6 6 1.59125 0.00366505 -0.00228764 
10 6 6 1.59003 0.00215085 -0.00145405 
11 6 6 1.58895 0.000719423 -0.000615728 
12 6 6 1.58807 -0.000468439 0.000126253 
13 6 6 1.58749 -0.00123393 0.000617969 
14 6 6 1.58762 -0.00137298 0.000658179 
15 6 6 1.58516 -0.00390749 0.00307852 
0 7 7 1.91065 -0.005064 0.0185982 
1 7 7 1.89927 -0.00405684 0.0141244 
2 7 7 1.89327 -0.0017137 0.00788337 
3 7 7 1.892 0.00110492 0.00175284 
4 7 7 1.89394 0.00355545 -0.0027654 
5 7 7 1.89748 0.00517232 -0.00521878 
6 7 7 1.90137 0.00587767 -0.00596209 
7 7 7 1.90484 0.00580614 -0.00558398 
8 7 7 1.90745 0.00516145 -0.00457183 
9 7 7 1.90899 0.00415016 -0.0032464 
10 7 7 1.90945 0.00296352 -0.00180953 
11 7 7 1.90889 0.00176891 -0.000407151 
12 7 7 1.90752 0.000709237 0.000819027 
13 7 7 1.90565 -9.57386e-05 0.00170555 
14 7 7 1.90382 -0.000585227 0.00217837 
15 7 7 1.89827 -0.00173792 0.00474018 
0 8 8 1.93057 0.00780493 0.0199586 
1 8 8 1.91861 0.00569877 0.0152733 
2 8 8 1.91224 0.0037078 0.00854952 
3 8 8 1.91106 0.00227884 0.00183772 
4 8 8 1.9136 0.00161315 -0.00317705 
5 8 8 1.91817 0.00156411 -0.00592845 
6 8 8 1.92341 0.00180936 -0.00674422 
7 8 8 1.92836 0.00206908 -0.00624933 
8 8 8 1.93243 0.00219696 -0.0049958 
9 8 8 1.93528 0.00216657 -0.00337154 
10 8 8 1.93681 0.00201867 -0.0016359 
11 8 8 1.93704 0.00181285 2.24907e-05 
12 8 8 1.93615 0.00159484 0.00143763 
13 8 8 1.93451 0.00138254 0.00243925 
14 8 8 1.93267 0.0011984 0.00296634 
15 8 8 1.92691 0.00173851 0.00548645 
0 9 9 1.65504 0.0145743 0.0147407 
1 9 9 1.65391 0.0104794 0.0105403 
2 9 9 1.65469 0.00594015 0.00523819 
3 9 9 1.65656 0.00210319 0.00034423 
4 9 9 1.65885 -0.000368216 -0.00309437 
5 9 9 1.66122 -0.00148856 -0.00482419 
6 9 9 1.66349 -0.00165722 -0.00514006 
7 9 9 1.66554 -0.00130129 -0.00450438 
8 9 9 1.66721 -0.000716781 -0.00333109 
9 9 9 1.66841 -6.28602e-05 -0.00192596 
10 9 9 1.66909 0.000584042 -0.000502367 
11 9 9 1.66928 0.00117821 0.000785148 
12 9 9 1.66909 0.00166101 0.00180425 
13 9 9 1.66874 0.00192724 0.0024047 
14 9 9 1.66875 0.00185499 0.00244985 
15 9 9 1.66573 0.00404447 0.00473265 
0 10 10 1.15187 0.0104152 0.00684686 
1 10 10 1.15873 0.00716036 0.00440473 
2 10 10 1.16322 0.00373644 0.00178964 
3 10 10 1.16528 0.000901821 -0.000360634 
4 10 10 1.16546 -0.000968209 -0.00170795 
5 10 10 1.16458 -0.00189782 -0.00224481 
6 10 10 1.1633 -0.00211852 -0.00215458 
7 10 10 1.16208 -0.00188521 -0.00166786 
8 10 10 1.16112 -0.00139606 -0.000987377 
9 10 10 1.16055 -0.000782839 -0.000263017 
10 10 10 1.16039 -0.000132311 0.000405484 
11 10 10 1.16065 0.000485386 0.000951929 
12 10 10 1.16129 0.000987458 0.00132031 
13 10 10 1.16225 0.00120689 0.00141258 
14 10 10 1.16376 0.000572655 0.000889352 
15 10 10 1.16378 0.00400343 0.00288987 
0 11 11 0.586304 0.00360598 0.00180295 
1 11 11 0.592227 0.00250847 0.00108401 
2 11 11 0.595729 0.0013397 0.000401457 
3 11 11 0.59701 0.000337956 -0.000105465 
4 11 11 0.596643 -0.000366318 -0.000380831 
5 11 11 0.59531 -0.000757872 -0.000446139 
6 11 11 0.593602 -0.0008916 -0.000360857 
7 11 11 0.591939 -0.000842772 -0.000191606 
8 11 11 0.590582 -0.000678948 4.31011e-06 
9 11 11 0.589673 -0.000452004 0.000186443 
10 11 11 0.589271 -0.000199292 0.000332406 
11 11 11 0.589366 4.75487e-05 0.000431436 
12 11 11 0.58989 0.000250595 0.000474044 
13 11 11 0.590679 0.000312109 0.000423537 
14 11 11 0.591275 -0.000611095 -9.66043e-05 
15 11 11 0.604777 0.0030274 0.0014956 
0 12 12 0.226866 0.000645818 0.000279218 
1 12 12 0.229785 0.000488177 0.000168212 
2 12 12 0.231671 0.000294993 7.27224e-05 
3 12 12 0.232532 0.000109559 9.32683e-06 
4 12 12 0.23256 -3.47499e-05 -1.68362e-05 
5 12 12 0.232044 -0.000127182 -1.36445e-05 
6 12 12 0.231261 -0.000171032 9.59224e-06 
7 12 12 0.230427 -0.000177485 4.07521e-05 
8 12 12 0.229685 -0.00015788 7.03501e-05 
9 12 12 0.229123 -0.000122798 9.13753e-05 
10 12 12 0.228786 -7.88505e-05 0.000102463 
11 12 12 0.228679 -3.24284e-05 0.000104008 
12 12 12 0.228782 9.25492e-06 9.64068e-05 
13 12 12 0.229021 2.71025e-05 7.38808e-05 
14 12 12 0.228924 -0.000238151 -5.54163e-05 
15 12 12 0.239643 0.00280905 0.0011255 
0 13 13 0 0 0 
1 13 13 0 0 0 
2 13 13 0 0 0 
3 13 13 0 0 0 
4 13 13 0 0 0 
5 13 13 0 0 0 
6 13 13 0 0 0 
7 13 13 0 0 0 
8 13 13 0 0 0 
9 13 13 0 0 0 
10 13 13 0 0 0 
11 13 13 0 0 0 
12 13 13 0 0 0 
13 13 13 0 0 0 
14 13 13 0 0 0 
15 13 13 0 0 0 
0 14 14 0 0 0 
1 14 14 0 0 0 
2 14 14 0 0 0 
3 14 14 0 0 0 
4 14 14 0 0 0 
5 14 14 0 0 0 
6 14 14 0 0 0 
7 14 14 0 0 0 
8 14 14 0 0 0 
9 14 14 0 0 0 
10 14 14 0 0 0 
11 14 14 0 0 0 
12 14 14 0 0 0 
13 14 14 0 0 0 
14 14 14 0 0 0 
15 14 14 0 0 0 
0 15 15 0 0 0 
1 15 15 0 0 0 
2 15 15 0 0 0 
3 15 15 0 0 0 
4 15 15 0 0 0 
5 15 15 0 0 0 
6 15 15 0 0 0 
7 15 15 0 0 0 
8 15 15 0 0 0 
9 15 15 0 0 0 
10 15 15 0 0 0 
11 15 15 0 0 0 
12 15 15 0 0 0 
13 15 15 0 0 0 
14 15 15 0 0 0 
15 15 15 0 0 0 
0 0 0 0 0 0 
1 0 0 0 0 0 
2 0 0 0 0 0 
3 0 0 0 0 0 
4 0 0 0 0 0 
5 0 0 0 0 0 
6 0 0 0 0 0 
7 0 0 0 0 0 
8 0 0 0 0 0 
9 0 0 0 0 0 
10 0 0 0 0 0 
11 0 0 0 0 0 
12 0 0 0 0 0 
13 0 0 0 0 0 
14 0 0 0 0 0 
15 0 0 0 0 0 
0 1 1 0 0 0 
1 1 1 0 0 0 
2 1 1 0 0 0 
3 1 1 0 0 0 
4 1 1 0 0 0 
5 1 1 0 0 0 
6 1 1 0 0 0 
7 1 1 0 0 0 
8 1 1 0 0 0 
9 1 1 0 0 0 
10 1 1 0 0 0 
11 1 1 0 0 0 
12 1 1 0 0 0 
13 1 1 0 0 0 
14 1 1 0 0 0 
15 1 1 0 0 0 
0 2 2 0 0 0 
1 2 2 0 0 0 
2 2 2 0 0 0 
3 2 2 0 0 0 
4 2 2 0 0 0 
5 2 2 0 0 0 
6 2 2 0 0 0 
7 2 2 0 0 0 
8 2 2 0 0 0 
9 2 2 0 0 0 
10 2 2 0 0 0 
11 2 2 0 0 0 
12 2 2 0 0 0 
13 2 2 0 0 0 
14 2 2 0 0 0 
15 2 2 0 0 0 
0 3 3 0 0 0 
1 3 3 0 0 0 
2 3 3 0 0 0 
3 3 3 0 0 0 
4 3 3 0 0 0 
5 3 3 0 0 0 
6 3 3 0 0 0 
7 3 3 0 0 0 
8 3 3 0 0 0 
9 3 3 0 0 0 
10 3 3 0 0 0 
11 3 3 0 0 0 
12 3 3 0 0 0 
13 3 3 0 0 0 
14 3 3 0 0 0 
15 3 3 0 0 0 
0 4 4 0.333864 -0.00115842 0.000532386 
1 4 4 0.337605 -0.000785712 0.000460936 
2 4 4 0.33983 -0.000390441 0.000296231 
3 4 4 0.340557 -5.82023e-05 9.3802e-05 
4 4 4 0.340098 0.000164939 -9.84561e-05 
5 4 4 0.338893 0.000272182 -0.000250235 
6 4 4 0.337357 0.00028555 -0.000351023 
7 4 4 0.335812 0.000236014 -0.000403106 
8 4 4 0.334475 0.000150603 -0.000416463 
9 4 4 0.333468 5.13861e-05 -0.000399934 
10 4 4 0.332843 -4.50032e-05 -0.000356158 
11 4 4 0.332599 -0.000127044 -0.000293542 
12 4 4 0.332686 -0.00018351 -0.000224525 
13 4 4 0.332977 -0.000184516 -0.000180443 
14 4 4 0.332804 0.000303732 -0.000492238 
15 4 4 0.346788 -0.00253113 0.00149581 
0 5 5 0.647522 -0.00339743 0.00258717 
1 5 5 0.653151 -0.00213493 0.00191616 
2 5 5 0.656173 -0.000821307 0.00105586 
3 5 5 0.656702 0.000248554 0.000219126 
4 5 5 0.655355 0.000924178 -0.000452609 
5 5 5 0.652922 0.00120239 -0.000905675 
6 5 5 0.650109 0.00117057 -0.00114785 
7 5 5 0.647434 0.000938671 -0.00121721 
8 5 5 0.645223 0.000603076 -0.00115808 
9 5 5 0.643647 0.000235485 -0.00100956 
10 5 5 0.64276 -0.000111447 -0.00079999 
11 5 5 0.642532 -0.000400252 -0.000560526 
12 5 5 0.642858 -0.000596199 -0.000333006 
13 5 5 0.643535 -0.000617663 -0.000211917 
14 5 5 0.644119 0.000206381 -0.000873043 
15 5 5 0.651696 -0.0025366 0.00190011 
0 6 6 1.06913 -0.00570038 0.0077788 
1 6 6 1.07537 -0.00352421 0.00542767 
2 6 6 1.07895 -0.00110704 0.00271604 
3 6 6 1.07969 0.000927039 0.000305744 
4 6 6 1.07819 0.00222333 -0.00142595 
5 6 6 1.07536 0.0027388 -0.00242073 
6 6 6 1.07207 0.00263083 -0.0028016 
7 6 6 1.06893 0.00211662 -0.00274213 
8 6 6 1.0663 0.00139441 -0.00239234 
9 6 6 1.06439 0.000614011 -0.00186695 
10 6 6 1.06326 -0.000116286 -0.00125014 
11 6 6 1.06287 -0.000719929 -0.00061897 
12 6 6 1.06314 -0.0011358 -6.61972e-05 
13 6 6 1.06391 -0.00126592 0.000234004 
14 6 6 1.06523 -0.000710732 -0.000362733 
15 6 6 1.0647 -0.00278928 0.00324589 
0 7 7 1.3457 -0.0035298 0.0138539 
1 7 7 1.35013 -0.00208463 0.00959815 
2 7 7 1.35327 -0.000233921 0.00466954 
3 7 7 1.35455 0.00145278 0.000334752 
4 7 7 1.3541 0.00258582 -0.00265722 
5 7 7 1.35254 0.00304041 -0.00421282 
6 7 7 1.35049 0.00290125 -0.00462052 
7 7 7 1.34843 0.00234827 -0.00425701 
8 7 7 1.34662 0.00157341 -0.00343465 
9 7 7 1.34522 0.000737929 -0.00237641 
10 7 7 1.34428 -3.6324e-05 -0.00123887 
11 7 7 1.34381 -0.000664838 -0.000149694 
12 7 7 1.34379 -0.00109292 0.000755105 
13 7 7 1.34418 -0.0012731 0.00125956 
14 7 7 1.34531 -0.00110251 0.000884472 
15 7 7 1.34468 -0.0018529 0.00462059 
0 8 8 1.36799 0.00221265 0.0152211 
1 8 8 1.37246 0.00188341 0.0104175 
2 8 8 1.3758 0.00171418 0.00490337 
3 8 8 1.37749 0.00164857 0.000101918 
4 8 8 1.37764 0.00159409 -0.0031445 
5 8 8 1.37679 0.00145515 -0.00473303 
6 8 8 1.3755 0.00118698 -0.00500362 
7 8 8 1.37417 0.000808755 -0.00440284 
8 8 8 1.373 0.000381519 -0.00330983 
9 8 8 1.37211 -2.25304e-05 -0.0019985 
10 8 8 1.37155 -0.000343812 -0.000659094 
11 8 8 1.37132 -0.00054692 0.000563389 
12 8 8 1.37141 -0.000627533 0.00152824 
13 8 8 1.37185 -0.000618855 0.00202344 
14 8 8 1.37298 -0.000610059 0.00160145 
15 8 8 1.37226 0.000154608 0.00523984 
0 9 9 1.13404 0.00533409 0.0105115 
1 9 9 1.14075 0.00397313 0.00688676 
2 9 9 1.14501 0.00251454 0.00297436 
3 9 9 1.14673 0.001247 -0.000281982 
4 9 9 1.14647 0.000311431 -0.00237952 
5 9 9 1.14504 -0.000303795 -0.00330016 
6 9 9 1.14319 -0.000675524 -0.00330415 
7 9 9 1.1414 -0.000873118 -0.00271637 
8 9 9 1.13995 -0.000936872 -0.00181758 
9 9 9 1.13897 -0.000885706 -0.000813363 
10 9 9 1.13852 -0.00073491 0.000155258 
11 9 9 1.13858 -0.000508611 0.000987488 
12 9 9 1.1391 -0.000254684 0.00159052 
13 9 9 1.14 -8.38408e-05 0.00180118 
14 9 9 1.14148 -0.000364534 0.00104217 
15 9 9 1.14142 0.0017672 0.00446802 
0 10 10 0.707554 0.00358423 0.00428836 
1 10 10 0.713989 0.00263559 0.00267519 
2 10 10 0.717763 0.00155875 0.00107172 
3 10 10 0.719068 0.000577766 -0.000180342 
4 10 10 0.718545 -0.000173279 -0.000926246 
5 10 10 0.716968 -0.000663572 -0.00119046 
6 10 10 0.715001 -0.000924573 -0.00109449 
7 10 10 0.713108 -0.00100584 -0.00077936 
8 10 10 0.711573 -0.000953111 -0.000367103 
9 10 10 0.710547 -0.000803412 5.43233e-05 
10 10 10 0.71009 -0.000587728 0.00042885 
11 10 10 0.710186 -0.000338884 0.000721265 
12 10 10 0.710757 -0.00010194 0.000900051 
13 10 10 0.711636 1.66262e-05 0.000880817 
14 10 10 0.712541 -0.00065675 -2.88066e-06 
15 10 10 0.715591 0.00219053 0.00277285 
0 11 11 0.376419 0.00131135 0.00123869 
1 11 11 0.380805 0.00100558 0.000764287 
2 11 11 0.383482 0.000613933 0.000324806 
3 11 11 0.384541 0.000227909 3.09088e-06 
4 11 11 0.384348 -8.62351e-05 -0.000168911 
5 11 11 0.383379 -0.000302092 -0.000207629 
6 11 11 0.382069 -0.000422029 -0.000151983 
7 11 11 0.380743 -0.00046219 -4.51633e-05 
8 11 11 0.379615 -0.000441347 7.56742e-05 
9 11 11 0.378806 -0.000377133 0.000184683 
10 11 11 0.378373 -0.000283986 0.000268679 
11 11 11 0.378315 -0.000176685 0.000321918 
12 11 11 0.378584 -7.40354e-05 0.000339333 
13 11 11 0.379046 -2.20654e-05 0.00029447 
14 11 11 0.379059 -0.000547508 -0.000206991 
15 11 11 0.393404 0.00232621 0.00183807 
0 12 12 0.065711 0.000100751 7.19058e-05 
1 12 12 0.0666055 8.71528e-05 4.29801e-05 
2 12 12 0.0672195 6.04007e-05 1.96398e-05 
3 12 12 0.0675335 2.85275e-05 5.4378e-06 
4 12 12 0.0675912 -7.27702e-07 1.19397e-06 
5 12 12 0.067472 -2.34351e-05 3.86111e-06 
6 12 12 0.0672564 -3.80173e-05 1.14285e-05 
7 12 12 0.0670109 -4.52055e-05 2.04672e-05 
8 12 12 0.066781 -4.60809e-05 2.8605e-05 
9 12 12 0.0665958 -4.25311e-05 3.37306e-05 
10 12 12 0.0664716 -3.53623e-05 3.58674e-05 
11 12 12 0.0664129 -2.60597e-05 3.50499e-05 
12 12 12 0.0664158 -1.60377e-05 3.16138e-05 
13 12 12 0.0664621 -8.76964e-06 2.45276e-05 
14 12 12 0.0664278 -4.89845e-05 -9.86047e-07 
15 12 12 0.065257 0.00113523 0.000833543 
0 13 13 0 0 0 
1 13 13 0 0 0 
2 13 13 0 0 0 
3 13 13 0 0 0 
4 13 13 0 0 0 
5 13 13 0 0 0 
6 13 13 0 0 0 
7 13 13 0 0 0 
8 13 13 0 0 0 
9 13 13 0 0 0 
10 13 13 0 0 0 
11 13 13 0 0 0 
12 13 13 0 0 0 
13 13 13 0 0 0 
14 13 13 0 0 0 
15 13 13 0 0 0 
0 14 14 0 0 0 
1 14 14 0 0 0 
2 14 14 0 0 0 
3 14 14 0 0 0 
4 14 14 0 0 0 
5 14 14 0 0 0 
6 14 14 0 0 0 
7 14 14 0 0 0 
8 14 14 0 0 0 
9 14 14 0 0 0 
10 14 14 0 0 0 
11 14 14 0 0 0 
12 14 14 0 0 0 
13 14 14 0 0 0 
14 14 14 0 0 0 
15 14 14 0 0 0 
0 15 15 0 0 0 
1 15 15 0 0 0 
2 15 15 0 0 0 
3 15 15 0 0 0 
4 15 15 0 0 0 
5 15 15 0 0 0 
6 15 15 0 0 0 
7 15 15 0 0 0 
8 15 15 0 0 0 
9 15 15 0 0 0 
10 15 15 0 0 0 
11 15 15 0 0 0 
12 15 15 0 0 0 
13 15 15 0 0 0 
14 15 15 0 0 0 
15 15 15 0 0 0 
0 0 0 0 0 0 
1 0 0 0 0 0 
2 0 0 0 0 0 
3 0 0 0 0 0 
4 0 0 0 0 0 
5 0 0 0 0 0 
6 0 0 0 0 0 
7 0 0 0 0 0 
8 0 0 0 0 0 
9 0 0 0 0 0 
10 0 0 0 0 0 
11 0 0 0 0 0 
12 0 0 0 0 0 
13 0 0 0 0 0 
14 0 0 0 0 0 
15 0 0 0 0 0 
0 1 1 0 0 0 
1 1 1 0 0 0 
2 1 1 0 0 0 
3 1 1 0 0 0 
4 1 1 0 0 0 
5 1 1 0 0 0 
6 1 1 0 0 0 
7 1 1 0 0 0 
8 1 1 0 0 0 
9 1 1 0 0 0 
10 1 1 0 0 0 
11 1 1 0 0 0 
12 1 1 0 0 0 
13 1 1 0 0 0 
14 1 1 0 0 0 
15 1 1 0 0 0 
0 2 2 0 0 0 
1 2 2 0 0 0 
2 2 2 0 0 0 
3 2 2 0 0 0 
4 2 2 0 0 0 
5 2 2 0 0 0 
6 2 2 0 0 0 
7 2 2 0 0 0 
8 2 2 0 0 0 
9 2 2 0 0 0 
10 2 2 0 0 0 
11 2 2 0 0 0 
12 2 2 0 0 0 
13 2 2 0 0 0 
14 2 2 0 0 0 
15 2 2 0 0 0 
0 3 3 0 0 0 
1 3 3 0 0 0 
2 3 3 0 0 0 
3 3 3 0 0 0 
4 3 3 0 0 0 
5 3 3 0 0 0 
6 3 3 0 0 0 
7 3 3 0 0 0 
8 3 3 0 0 0 
9 3 3 0 0 0 
10 3 3 0 0 0 
11 3 3 0 0 0 
12 3 3 0 0 0 
13 3 3 0 0 0 
14 3 3 0 0 0 
15 3 3 0 0 0 
0 4 4 0.0803182 -0.000154023 4.55705e-05 
1 4 4 0.0813568 -0.000103447 5.4143e-05 
2 4 4 0.0820523 -5.63014e-05 4.22527e-05 
3 4 4 0.0823761 -2.08218e-05 1.82437e-05 
4 4 4 0.082382 -5.3163e-07 -1.063e-05 
5 4 4 0.0821687 5.1209e-06 -3.68764e-05 
6 4 4 0.0818387 4.81229e-07 -5.72371e-05 
7 4 4 0.0814753 -9.85841e-06 -7.0325e-05 
8 4 4 0.0811388 -2.21873e-05 -7.70559e-05 
9 4 4 0.080867 -3.41069e-05 -7.81808e-05 
10 4 4 0.0806773 -4.31255e-05 -7.3365e-05 
11 4 4 0.0805766 -4.84268e-05 -6.39658e-05 
12 4 4 0.0805576 -4.94035e-05 -5.17662e-05 
13 4 4 0.0805955 -4.37325e-05 -4.08669e-05 
14 4 4 0.0805337 5.14766e-06 -6.7962e-05 
15 4 4 0.0792116 -0.00113591 0.00105791 
0 5 5 0.34007 -0.00106857 0.000837325 
1 5 5 0.343898 -0.000654926 0.000687379 
2 5 5 0.346185 -0.000276973 0.000427274 
3 5 5 0.346955 -1.36455e-06 0.000136396 
4 5 5 0.346526 0.000143408 -0.000125582 
5 5 5 0.345342 0.00017042 -0.000323167 
6 5 5 0.343822 0.000116349 -0.000445698 
7 5 5 0.342289 1.84565e-05 -0.000500778 
8 5 5 0.340961 -9.2287e-05 -0.000500799 
9 5 5 0.339966 -0.000195566 -0.000460542 
10 5 5 0.339353 -0.000276761 -0.000388907 
11 5 5 0.339124 -0.000328887 -0.000298429 
12 5 5 0.339228 -0.000346552 -0.000205408 
13 5 5 0.33954 -0.000307682 -0.00014628 
14 5 5 0.339395 0.000119916 -0.000552604 
15 5 5 0.353429 -0.00191365 0.00230665 
0 6 6 0.541018 -0.00173839 0.00262284 
1 6 6 0.546224 -0.000939845 0.00191184 
2 6 6 0.549118 -0.000229295 0.00103492 
3 6 6 0.549827 0.000255934 0.000206998 
4 6 6 0.548886 0.000473445 -0.000438687 
5 6 6 0.546969 0.000458261 -0.000858259 
6 6 6 0.544681 0.000287984 -0.00106103 
7 6 6 0.542473 4.25755e-05 -0.00109301 
8 6 6 0.540631 -0.000213683 -0.00100174 
9 6 6 0.539316 -0.000438949 -0.000829694 
10 6 6 0.538581 -0.000607586 -0.000609478 
11 6 6 0.538408 -0.000707537 -0.000372554 
12 6 6 0.538713 -0.000734074 -0.00015859 
13 6 6 0.53932 -0.000662625 -5.73229e-05 
14 6 6 0.53967 -0.000117099 -0.00085104 
15 6 6 0.554444 -0.00165698 0.00279002 
0 7 7 0.682188 -0.001298 0.00468914 
1 7 7 0.688188 -0.000510104 0.00322453 
2 7 7 0.691507 0.000150754 0.00159185 
3 7 7 0.692297 0.00054843 0.000162465 
4 7 7 0.6912 0.000653393 -0.000856805 
5 7 7 0.689014 0.00051541 -0.00143144 
6 7 7 0.68644 0.000224972 -0.00162638 
7 7 7 0.683989 -0.000123664 -0.00154686 
8 7 7 0.681975 -0.000455974 -0.00129061 
9 7 7 0.680567 -0.000724236 -0.000936042 
10 7 7 0.679824 -0.000902575 -0.000541411 
11 7 7 0.679718 -0.000982695 -0.000156389 
12 7 7 0.68015 -0.000970018 0.00016065 
13 7 7 0.68093 -0.000868812 0.000276277 
14 7 7 0.681693 -0.000523201 -0.000718434 
15 7 7 0.689742 -0.00111045 0.00329285 
0 8 8 0.698032 -2.45311e-05 0.0052268 
1 8 8 0.704243 0.000377269 0.00347223 
2 8 8 0.707743 0.000613075 0.00161555 
3 8 8 0.708696 0.000641871 6.13011e-05 
4 8 8 0.70775 0.000485415 -0.000978818 
5 8 8 0.705711 0.000199622 -0.00149353 
6 8 8 0.70328 -0.000143492 -0.00158565 
7 8 8 0.700959 -0.000476554 -0.00139096 
8 8 8 0.699059 -0.000749378 -0.00103093 
9 8 8 0.697746 -0.000931854 -0.00059825 
10 8 8 0.697081 -0.00101284 -0.000158193 
11 8 8 0.697039 -0.000996528 0.000238942 
12 8 8 0.697524 -0.000900966 0.000538232 
13 8 8 0.698348 -0.000759183 0.00060761 
14 8 8 0.699178 -0.000704556 -0.000474754 
15 8 8 0.706689 -4.997e-05 0.00353353 
0 9 9 0.575427 0.000930567 0.00364205 
1 9 9 0.581103 0.000944725 0.00235507 
2 9 9 0.584373 0.000780444 0.00105382 
3 9 9 0.585405 0.00049184 8.08291e-06 
4 9 9 0.58476 0.000148182 -0.000652142 
5 9 9 0.58313 -0.000192987 -0.000934496 
6 9 9 0.581122 -0.000489865 -0.000925228 
7 9 9 0.579177 -0.000714519 -0.000729069 
8 9 9 0.577571 -0.000852314 -0.000438557 
9 9 9 0.576459 -0.000899456 -0.000121606 
10 9 9 0.5759 -0.000862643 0.000176457 
11 9 9 0.575879 -0.00075779 0.000424581 
12 9 9 0.576317 -0.000610977 0.000591558 
13 9 9 0.577046 -0.000478 0.000591117 
14 9 9 0.577586 -0.000739038 -0.00039345 
15 9 9 0.590692 0.000911537 0.00324089 
0 10 10 0.370726 0.000781397 0.00152877 
1 10 10 0.375018 0.000705915 0.000980542 
2 10 10 0.377627 0.000505357 0.000450474 
3 10 10 0.37863 0.000242534 4.18046e-05 
4 10 10 0.378386 -2.16563e-05 -0.000199187 
5 10 10 0.377367 -0.000247725 -0.000282978 
6 10 10 0.376007 -0.000416081 -0.000250377 
7 10 10 0.374632 -0.000520522 -0.00014834 
8 10 10 0.373457 -0.000563095 -1.87535e-05 
9 10 10 0.372607 -0.000550143 0.000109293 
10 10 10 0.372138 -0.000491569 0.000218 
11 10 10 0.372048 -0.000400481 0.000297735 
12 10 10 0.372288 -0.000296016 0.000340462 
13 10 10 0.372728 -0.000222108 0.000313525 
14 10 10 0.372712 -0.000582451 -0.000298234 
15 10 10 0.386886 0.00148187 0.00255759 
0 11 11 0.134914 0.000152541 0.000287532 
1 11 11 0.13673 0.000150443 0.000187824 
2 11 11 0.137948 0.000112488 9.71234e-05 
3 11 11 0.138542 5.42966e-05 3.10416e-05 
4 11 11 0.138611 -7.38794e-06 -3.24414e-06 
5 11 11 0.138323 -6.19852e-05 -1.04954e-05 
6 11 11 0.137848 -0.00010289 2.02551e-06 
7 11 11 0.137321 -0.000128481 2.4564e-05 
8 11 11 0.136837 -0.000138876 4.89482e-05 
9 11 11 0.136452 -0.000136438 6.89261e-05 
10 11 11 0.1362 -0.000122654 8.24109e-05 
11 11 11 0.136088 -0.000101011 8.86401e-05 
12 11 11 0.136105 -7.56596e-05 8.77021e-05 
13 11 11 0.136207 -5.55664e-05 7.49071e-05 
14 11 11 0.136101 -0.000129949 -4.07797e-05 
15 11 11 0.138475 0.00152389 0.00162499 
0 12 12 0 0 0 
1 12 12 0 0 0 
2 12 12 0 0 0 
3 12 12 0 0 0 
4 12 12 0 0 0 
5 12 12 0 0 0 
6 12 12 0 0 0 
7 12 12 0 0 0 
8 12 12 0 0 0 
9 12 12 0 0 0 
10 12 12 0 0 0 
11 12 12 0 0 0 
12 12 12 0 0 0 
13 12 12 0 0 0 
14 12 12 0 0 0 
15 12 12 0 0 0 
0 13 13 0 0 0 
1 13 13 0 0 0 
2 13 13 0 0 0 
3 13 13 0 0 0 
4 13 13 0 0 0 
5 13 13 0 0 0 
6 13 13 0 0 0 
7 13 13 0 0 0 
8 13 13 0 0 0 
9 13 13 0 0 0 
10 13 13 0 0 0 
11 13 13 0 0 0 
12 13 13 0 0 0 
13 13 13 0 0 0 
14 13 13 0 0 0 
15 13 13 0 0 0 
0 14 14 0 0 0 
1 14 14 0 0 0 
2 14 14 0 0 0 
3 14 14 0 0 0 
4 14 14 0 0 0 
5 14 14 0 0 0 
6 14 14 0 0 0 
7 14 14 0 0 0 
8 14 14 0 0 0 
9 14 14 0 0 0 
10 14 14 0 0 0 
11 14 14 0 0 0 
12 14 14 0 0 0 
13 14 14 0 0 0 
14 14 14 0 0 0 
15 14 14 0 0 0 
0 15 15 0 0 0 
1 15 15 0 0 0 
2 15 15 0 0 0 
3 15 15 0 0 0 
4 15 15 0 0 0 
5 15 15 0 0 0 
6 15 15 0 0 0 
7 15 15 0 0 0 
8 15 15 0 0 0 
9 15 15 0 0 0 
10 15 15 0 0 0 
11 15 15 0 0 0 
12 15 15 0 0 0 
13 15 15 0 0 0 
14 15 15 0 0 0 
15 15 15 0 0 0 
0 0 0 0 0 0 
1 0 0 0 0 0 
2 0 0 0 0 0 
3 0 0 0 0 0 
4 0 0 0 0 0 
5 0 0 0 0 0 
6 0 0 0 0 0 
7 0 0 0 0 0 
8 0 0 0 0 0 
9 0 0 0 0 0 
10 0 0 0 0 0 
11 0 0 0 0 0 
12 0 0 0 0 0 
13 0 0 0 0 0 
14 0 0 0 0 0 
15 0 0 0 0 0 
0 1 1 0 0 0 
1 1 1 0 0 0 
2 1 1 0 0 0 
3 1 1 0 0 0 
4 1 1 0 0 0 
5 1 1 0 0 0 
6 1 1 0 0 0 
7 1 1 0 0 0 
8 1 1 0 0 0 
9 1 1 0 0 0 
10 1 1 0 0 0 
11 1 1 0 0 0 
12 1 1 0 0 0 
13 1 1 0 0 0 
14 1 1 0 0 0 
15 1 1 0 0 0 
0 2 2 0 0 0 
1 2 2 0 0 0 
2 2 2 0 0 0 
3 2 2 0 0 0 
4 2 2 0 0 0 
5 2 2 0 0 0 
6 2 2 0 0 0 
7 2 2 0 0 0 
8 2 2 0 0 0 
9 2 2 0 0 0 
10 2 2 0 0 0 
11 2 2 0 0 0 
12 2 2 0 0 0 
13 2 2 0 0 0 
14 2 2 0 0 0 
15 2 2 0 0 0 
0 3 3 0 0 0 
1 3 3 0 0 0 
2 3 3 0 0 0 
3 3 3 0 0 0 
4 3 3 0 0 0 
5 3 3 0 0 0 
6 3 3 0 0 0 
7 3 3 0 0 0 
8 3 3 0 0 0 
9 3 3 0 0 0 
10 3 3 0 0 0 
11 3 3 0 0 0 
12 3 3 0 0 0 
13 3 3 0 0 0 
14 3 3 0 0 0 
15 3 3 0 0 0 
0 4 4 0 0 0 
1 4 4 0 0 0 
2 4 4 0 0 0 
3 4 4 0 0 0 
4 4 4 0 0 0 
5 4 4 0 0 0 
6 4 4 0 0 0 
7 4 4 0 0 0 
8 4 4 0 0 0 
9 4 4 0 0 0 
10 4 4 0 0 0 
11 4 4 0 0 0 
12 4 4 0 0 0 
13 4 4 0 0 0 
14 4 4 0 0 0 
15 4 4 0 0 0 
0 5 5 0 0 0 
1 5 5 0 0 0 
2 5 5 0 0 0 
3 5 5 0 0 0 
4 5 5 0 0 0 
5 5 5 0 0 0 
6 5 5 0 0 0 
7 5 5 0 0 0 
8 5 5 0 0 0 
9 5 5 0 0 0 
10 5 5 0 0 0 
11 5 5 0 0 0 
12 5 5 0 0 0 
13 5 5 0 0 0 
14 5 5 0 0 0 
15 5 5 0 0 0 
0 6 6 0.172983 -0.00027774 0.00035045 
1 6 6 0.175119 -0.000135426 0.00029221 
2 6 6 0.176489 -3.80555e-05 0.000185473 
3 6 6 0.177071 2.71098e-06 6.93556e-05 
4 6 6 0.177033 -2.00019e-06 -3.74285e-05 
5 6 6 0.176548 -3.98478e-05 -0.000118774 
6 6 6 0.175844 -9.33111e-05 -0.000167784 
7 6 6 0.175095 -0.000147592 -0.000189207 
8 6 6 0.174418 -0.000191361 -0.000187882 
9 6 6 0.173889 -0.000220308 -0.000171111 
10 6 6 0.173541 -0.000231278 -0.00014215 
11 6 6 0.173382 -0.000225217 -0.000106251 
12 6 6 0.173394 -0.00020529 -6.98522e-05 
13 6 6 0.173526 -0.000174114 -4.71859e-05 
14 6 6 0.173463 -7.5258e-05 -0.000185059 
15 6 6 0.17529 -0.00112192 0.00246595 
0 7 7 0.289946 -0.0003151 0.000959235 
1 7 7 0.29343 -9.11167e-05 0.000722541 
2 7 7 0.295587 3.41924e-05 0.000417543 
3 7 7 0.29643 5.51373e-05 0.000121437 
4 7 7 0.29622 -1.92525e-07 -0.000112499 
5 7 7 0.295332 -0.000103259 -0.000265702 
6 7 7 0.294125 -0.000221505 -0.00033929 
7 7 7 0.292882 -0.00032894 -0.000350643 
8 7 7 0.29179 -0.000408417 -0.000317826 
9 7 7 0.290964 -0.000452737 -0.000257807 
10 7 7 0.290456 -0.000460361 -0.000182378 
11 7 7 0.29027 -0.000434934 -0.000102293 
12 7 7 0.290366 -0.000384879 -3.11594e-05 
13 7 7 0.290636 -0.000322334 -3.57586e-06 
14 7 7 0.290462 -0.000205166 -0.000431409 
15 7 7 0.303553 -0.000663813 0.00304481 
0 8 8 0.299463 -0.000237304 0.00112333 
1 8 8 0.303092 -2.364e-05 0.000800368 
2 8 8 0.305345 8.09747e-05 0.000439505 
3 8 8 0.306238 8.09036e-05 0.000120231 
4 8 8 0.306042 4.44384e-06 -0.000107923 
5 8 8 0.305149 -0.000116078 -0.000235644 
6 8 8 0.303929 -0.000246189 -0.000276264 
7 8 8 0.302671 -0.000360132 -0.000255254 
8 8 8 0.301569 -0.000441772 -0.00019688 
9 8 8 0.300739 -0.00048394 -0.000121031 
10 8 8 0.300237 -0.000486369 -4.07326e-05 
11 8 8 0.300064 -0.00045369 3.41509e-05 
12 8 8 0.30018 -0.000394124 9.20059e-05 
13 8 8 0.300471 -0.000317097 9.84743e-05 
14 8 8 0.300281 -0.000262395 -0.000396435 
15 8 8 0.314614 0.000143647 0.00302859 
0 9 9 0.207227 -5.0901e-05 0.000634214 
1 9 9 0.209829 6.15576e-05 0.000438618 
2 9 9 0.211502 9.73751e-05 0.0002368 
3 9 9 0.212235 6.76541e-05 6.97336e-05 
4 9 9 0.212199 -4.45147e-06 -3.92704e-05 
5 9 9 0.211658 -9.62322e-05 -9.01568e-05 
6 9 9 0.210867 -0.000186202 -9.40952e-05 
7 9 9 0.210028 -0.000259755 -6.81475e-05 
8 9 9 0.209278 -0.000308507 -2.74101e-05 
9 9 9 0.2087 -0.000328806 1.60454e-05 
10 9 9 0.208337 -0.000322565 5.60101e-05 
11 9 9 0.208196 -0.000293369 8.80636e-05 
12 9 9 0.208253 -0.000247375 0.000108123 
13 9 9 0.208445 -0.000193536 0.000101237 
14 9 9 0.208395 -0.000201058 -0.000132491 
15 9 9 0.21493 0.000917547 0.00287018 
0 10 10 0.070857 1.12143e-05 0.000133713 
1 10 10 0.0718071 3.47636e-05 9.07192e-05 
2 10 10 0.0724552 3.65005e-05 4.9665e-05 
3 10 10 0.0727796 2.12409e-05 1.80632e-05 
4 10 10 0.0728276 -3.57877e-06 -2.173e-07 
5 10 10 0.0726828 -3.07169e-05 -5.99438e-06 
6 10 10 0.0724356 -5.55284e-05 -2.7e-06 
7 10 10 0.0721568 -7.44333e-05 5.79982e-06 
8 10 10 0.0718948 -8.5898e-05 1.57389e-05 
9 10 10 0.0716813 -8.92409e-05 2.49598e-05 
10 10 10 0.0715443 -8.56043e-05 3.1386e-05 
11 10 10 0.0714753 -7.60128e-05 3.51159e-05 
12 10 10 0.0714745 -6.27216e-05 3.60267e-05 
13 10 10 0.0715228 -4.98517e-05 3.2288e-05 
14 10 10 0.071496 -6.49877e-05 -1.06524e-05 
15 10 10 0.0701987 0.000866021 0.00129148 
0 11 11 0 0 0 
1 11 11 0 0 0 
2 11 11 0 0 0 
3 11 11 0 0 0 
4 11 11 0 0 0 
5 11 11 0 0 0 
6 11 11 0 0 0 
7 11 11 0 0 0 
8 11 11 0 0 0 
9 11 11 0 0 0 
10 11 11 0 0 0 
11 11 11 0 0 0 
12 11 11 0 0 0 
13 11 11 0 0 0 
14 11 11 0 0 0 
15 11 11 0 0 0 
0 12 12 0 0 0 
1 12 12 0 0 0 
2 12 12 0 0 0 
3 12 12 0 0 0 
4 12 12 0 0 0 
5 12 12 0 0 0 
6 12 12 0 0 0 
7 12 12 0 0 0 
8 12 12 0 0 0 
9 12 12 0 0 0 
10 12 12 0 0 0 
11 12 12 0 0 0 
12 12 12 0 0 0 
13 12 12 0 0 0 
14 12 12 0 0 0 
15 12 12 0 0 0 
0 13 13 0 0 0 
1 13 13 0 0 0 
2 13 13 0 0 0 
3 13 13 0 0 0 
4 13 13 0 0 0 
5 13 13 0 0 0 
6 13 13 0 0 0 
7 13 13 0 0 0 
8 13 13 0 0 0 
9 13 13 0 0 0 
10 13 13 0 0 0 
11 13 13 0 0 0 
12 13 13 0 0 0 
13 13 13 0 0 0 
14 13 13 0 0 0 
15 13 13 0 0 0 
0 14 14 0 0 0 
1 14 14 0 0 0 
2 14 14 0 0 0 
3 14 14 0 0 0 
4 14 14 0 0 0 
5 14 14 0 0 0 
6 14 14 0 0 0 
7 14 14 0 0 0 
8 14 14 0 0 0 
9 14 14 0 0 0 
10 14 14 0 0 0 
11 14 14 0 0 0 
12 14 14 0 0 0 
13 14 14 0 0 0 
14 14 14 0 0 0 
15 14 14 0 0 0 
0 15 15 0 0 0 
1 15 15 0 0 0 
2 15 15 0 0 0 
3 15 15 0 0 0 
4 15 15 0 0 0 
5 15 15 0 0 0 
6 15 15 0 0 0 
7 15 15 0 0 0 
8 15 15 0 0 0 
9 15 15 0 0 0 
10 15 15 0 0 0 
11 15 15 0 0 0 
12 15 15 0 0 0 
13 15 15 0 0 0 
14 15 15 0 0 0 
15 15 15 0 0 0 
0 0 0 0 0 0 
1 0 0 0 0 0 
2 0 0 0 0 0 
3 0 0 0 0 0 
4 0 0 0 0 0 
5 0 0 0 0 0 
6 0 0 0 0 0 
7 0 0 0 0 0 
8 0 0 0 0 0 
9 0 0 0 0 0 
10 0 0 0 0 0 
11 0 0 0 0 0 
12 0 0 0 0 0 
13 0 0 0 0 0 
14 0 0 0 0 0 
15 0 0 0 0 0 
0 1 1 0 0 0 
1 1 1 0 0 0 
2 1 1 0 0 0 
3 1 1 0 0 0 
4 1 1 0 0 0 
5 1 1 0 0 0 
6 1 1 0 0 0 
7 1 1 0 0 0 
8 1 1 0 0 0 
9 1 1 0 0 0 
10 1 1 0 0 0 
11 1 1 0 0 0 
12 1 1 0 0 0 
13 1 1 0 0 0 
14 1 1 0 0 0 
15 1 1 0 0 0 
0 2 2 0 0 0 
1 2 2 0 0 0 
2 2 2 0 0 0 
3 2 2 0 0 0 
4 2 2 0 0 0 
5 2 2 0 0 0 
6 2 2 0 0 0 
7 2 2 0 0 0 
8 2 2 0 0 0 
9 2 2 0 0 0 
10 2 2 0 0 0 
11 2 2 0 0 0 
12 2 2 0 0 0 
13 2 2 0 0 0 
14 2 2 0 0 0 
15 2 2 0 0 0 
0 3 3 0 0 0 
1 3 3 0 0 0 
2 3 3 0 0 0 
3 3 3 0 0 0 
4 3 3 0 0 0 
5 3 3 0 0 0 
6 3 3 0 0 0 
7 3 3 0 0 0 
8 3 3 0 0 0 
9 3 3 0 0 0 
10 3 3 0 0 0 
11 3 3 0 0 0 
12 3 3 0 0 0 
13 3 3 0 0 0 
14 3 3 0 0 0 
15 3 3 0 0 0 
0 4 4 0 0 0 
1 4 4 0 0 0 
2 4 4 0 0 0 
3 4 4 0 0 0 
4 4 4 0 0 0 
5 4 4 0 0 0 
6 4 4 0 0 0 
7 4 4 0 0 0 
8 4 4 0 0 0 
9 4 4 0 0 0 
10 4 4 0 0 0 
11 4 4 0 0 0 
12 4 4 0 0 0 
13 4 4 0 0 0 
14 4 4 0 0 0 
15 4 4 0 0 0 
0 5 5 0 0 0 
1 5 5 0 0 0 
2 5 5 0 0 0 
3 5 5 0 0 0 
4 5 5 0 0 0 
5 5 5 0 0 0 
6 5 5 0 0 0 
7 5 5 0 0 0 
8 5 5 0 0 0 
9 5 5 0 0 0 
10 5 5 0 0 0 
11 5 5 0 0 0 
12 5 5 0 0 0 
13 5 5 0 0 0 
14 5 5 0 0 0 
15 5 5 0 0 0 
0 6 6 0 0 0 
1 6 6 0 0 0 
2 6 6 0 0 0 
3 6 6 0 0 0 
4 6 6 0 0 0 
5 6 6 0 0 0 
6 6 6 0 0 0 
7 6 6 0 0 0 
8 6 6 0 0 0 
9 6 6 0 0 0 
10 6 6 0 0 0 
11 6 6 0 0 0 
12 6 6 0 0 0 
13 6 6 0 0 0 
14 6 6 0 0 0 
15 6 6 0 0 0 
0 7 7 0 0 0 
1 7 7 0 0 0 
2 7 7 0 0 0 
3 7 7 0 0 0 
4 7 7 0 0 0 
5 7 7 0 0 0 
6 7 7 0 0 0 
7 7 7 0 0 0 
8 7 7 0 0 0 
9 7 7 0 0 0 
10 7 7 0 0 0 
11 7 7 0 0 0 
12 7 7 0 0 0 
13 7 7 0 0 0 
14 7 7 0 0 0 
15 7 7 0 0 0 
0 8 8 0 0 0 
1 8 8 0 0 0 
2 8 8 0 0 0 
3 8 8 0 0 0 
4 8 8 0 0 0 
5 8 8 0 0 0 
6 8 8 0 0 0 
7 8 8 0 0 0 
8 8 8 0 0 0 
9 8 8 0 0 0 
10 8 8 0 0 0 
11 8 8 0 0 0 
12 8 8 0 0 0 
13 8 8 0 0 0 
14 8 8 0 0 0 
15 8 8 0 0 0 
0 9 9 0 0 0 
1 9 9 0 0 0 
2 9 9 0 0 0 
3 9 9 0 0 0 
4 9 9 0 0 0 
5 9 9 0 0 0 
6 9 9 0 0 0 
7 9 9 0 0 0 
8 9 9 0 0 0 
9 9 9 0 0 0 
10 9 9 0 0 0 
11 9 9 0 0 0 
12 9 9 0 0 0 
13 9 9 0 0 0 
14 9 9 0 0 0 
15 9 9 0 0 0 
0 10 10 0 0 0 
1 10 10 0 0 0 
2 10 10 0 0 0 
3 10 10 0 0 0 
4 10 10 0 0 0 
5 10 10 0 0 0 
6 10 10 0 0 0 
7 10 10 0 0 0 
8 10 10 0 0 0 
9 10 10 0 0 0 
10 10 10 0 0 0 
11 10 10 0 0 0 
12 10 10 0 0 0 
13 10 10 0 0 0 
14 10 10 0 0 0 
15 10 10 0 0 0 
0 11 11 0 0 0 
1 11 11 0 0 0 
2 11 11 0 0 0 
3 11 11 0 0 0 
4 11 11 0 0 0 
5 11 11 0 0 0 
6 11 11 0 0 0 
7 11 11 0 0 0 
8 11 11 0 0 0 
9 11 11 0 0 0 
10 11 11 0 0 0 
11 11 11 0 0 0 
12 11 11 0 0 0 
13 11 11 0 0 0 
14 11 11 0 0 0 
15 11 11 0 0 0 
0 12 12 0 0 0 
1 12 12 0 0 0 
2 12 12 0 0 0 
3 12 12 0 0 0 
4 12 12 0 0 0 
5 12 12 0 0 0 
6 12 12 0 0 0 
7 12 12 0 0 0 
8 12 12 0 0 0 
9 12 12 0 0 0 
10 12 12 0 0 0 
11 12 12 0 0 0 
12 12 12 0 0 0 
13 12 12 0 0 0 
14 12 12 0 0 0 
15 12 12 0 0 0 
0 13 13 0 0 0 
1 13 13 0 0 0 
2 13 13 0 0 0 
3 13 13 0 0 0 
4 13 13 0 0 0 
5 13 13 0 0 0 
6 13 13 0 0 0 
7 13 13 0 0 0 
8 13 13 0 0 0 
9 13 13 0 0 0 
10 13 13 0 0 0 
11 13 13 0 0 0 
12 13 13 0 0 0 
13 13 13 0 0 0 
14 13 13 0 0 0 
15 13 13 0 0 0 
0 14 14 0 0 0 
1 14 14 0 0 0 
2 14 14 0 0 0 
3 14 14 0 0 0 
4 14 14 0 0 0 
5 14 14 0 0 0 
6 14 14 0 0 0 
7 14 14 0 0 0 
8 14 14 0 0 0 
9 14 14 0 0 0 
10 14 14 0 0 0 
11 14 14 0 0 0 
12 14 14 0 0 0 
13 14 14 0 0 0 
14 14 14 0 0 0 
15 14 14 0 0 0 
0 15 15 0 0 0 
1 15 15 0 0 0 
2 15 15 0 0 0 
3 15 15 0 0 0 
4 15 15 0 0 0 
5 15 15 0 0 0 
6 15 15 0 0 0 
7 15 15 0 0 0 
8 15 15 0 0 0 
9 15 15 0 0 0 
10 15 15 0 0 0 
11 15 15 0 0 0 
12 15 15 0 0 0 
13 15 15 0 0 0 
14 15 15 0 0 0 
15 15 15 0 0 0 
0 0 0 0 0 0 
1 0 0 0 0 0 
2 0 0 0 0 0 
3 0 0 0 0 0 
4 0 0 0 0 0 
5 0 0 0 0 0 
6 0 0 0 0 0 
7 0 0 0 0 0 
8 0 0 0 0 0 
9 0 0 0 0 0 
10 0 0 0 0 0 
11 0 0 0 0 0 
12 0 0 0 0 0 
13 0 0 0 0 0 
14 0 0 0 0 0 
15 0 0 0 0 0 
0 1 1 0 0 0 
1 1 1 0 0 0 
2 1 1 0 0 0 
3 1 1 0 0 0 
4 1 1 0 0 0 
5 1 1 0 0 0 
6 1 1 0 0 0 
7 1 1 0 0 0 
8 1 1 0 0 0 
9 1 1 0 0 0 
10 1 1 0 0 0 
11 1 1 0 0 0 
12 1 1 0 0 0 
13 1 1 0 0 0 
14 1 1 0 0 0 
15 1 1 0 0 0 
0 2 2 0 0 0 
1 2 2 0 0 0 
2 2 2 0 0 0 
3 2 2 0 0 0 
4 2 2 0 0 0 
5 2 2 0 0 0 
6 2 2 0 0 0 
7 2 2 0 0 0 
8 2 2 0 0 0 
9 2 2 0 0 0 
10 2 2 0 0 0 
11 2 2 0 0 0 
12 2 2 0 0 0 
13 2 2 0 0 0 
14 2 2 0 0 0 
15 2 2 0 0 0 
0 3 3 0 0 0 
1 3 3 0 0 0 
2 3 3 0 0 0 
3 3 3 0 0 0 
4 3 3 0 0 0 
5 3 3 0 0 0 
6 3 3 0 0 0 
7 3 3 0 0 0 
8 3 3 0 0 0 
9 3 3 0 0 0 
10 3 3 0 0 0 
11 3 3 0 0 0 
12 3 3 0 0 0 
13 3 3 0 0 0 
14 3 3 0 0 0 
15 3 3 0 0 0 
0 4 4 0 0 0 
1 4 4 0 0 0 
2 4 4 0 0 0 
3 4 4 0 0 0 
4 4 4 0 0 0 
5 4 4 0 0 0 
6 4 4 0 0 0 
7 4 4 0 0 0 
8 4 4 0 0 0 
9 4 4 0 0 0 
10 4 4 0 0 0 
11 4 4 0 0 0 
12 4 4 0 0 0 
13 4 4 0 0 0 
14 4 4 0 0 0 
15 4 4 0 0 0 
0 5 5 0 0 0 
1 5 5 0 0 0 
2 5 5 0 0 0 
3 5 5 0 0 0 
4 5 5 0 0 0 
5 5 5 0 0 0 
6 5 5 0 0 0 
7 5 5 0 0 0 
8 5 5 0 0 0 
9 5 5 0 0 0 
10 5 5 0 0 0 
11 5 5 0 0 0 
12 5 5 0 0 0 
13 5 5 0 0 0 
14 5 5 0 0 0 
15 5 5 0 0 0 
0 6 6 0 0 0 
1 6 6 0 0 0 
2 6 6 0 0 0 
3 6 6 0 0 0 
4 6 6 0 0 0 
5 6 6 0 0 0 
6 6 6 0 0 0 
7 6 6 0 0 0 
8 6 6 0 0 0 
9 6 6 0 0 0 
10 6 6 0 0 0 
11 6 6 0 0 0 
12 6 6 0 0 0 
13 6 6 0 0 0 
14 6 6 0 0 0 
15 6 6 0 0 0 
0 7 7 0 0 0 
1 7 7 0 0 0 
2 7 7 0 0 0 
3 7 7 0 0 0 
4 7 7 0 0 0 
5 7 7 0 0 0 
6 7 7 0 0 0 
7 7 7 0 0 0 
8 7 7 0 0 0 
9 7 7 0 0 0 
10 7 7 0 0 0 
11 7 7 0 0 0 
12 7 7 0 0 0 
13 7 7 0 0 0 
14 7 7 0 0 0 
15 7 7 0 0 0 
0 8 8 0 0 0 
1 8 8 0 0 0 
2 8 8 0 0 0 
3 8 8 0 0 0 
4 8 8 0 0 0 
5 8 8 0 0 0 
6 8 8 0 0 0 
7 8 8 0 0 0 
8 8 8 0 0 0 
9 8 8 0 0 0 
10 8 8 0 0 0 
11 8 8 0 0 0 
12 8 8 0 0 0 
13 8 8 0 0 0 
14 8 8 0 0 0 
15 8 8 0 0 0 
0 9 9 0 0 0 
1 9 9 0 0 0 
2 9 9 0 0 0 
3 9 9 0 0 0 
4 9 9 0 0 0 
5 9 9 0 0 0 
6 9 9 0 0 0 
7 9 9 0 0 0 
8 9 9 0 0 0 
9 9 9 0 0 0 
10 9 9 0 0 0 
11 9 9 0 0 0 
12 9 9 0 0 0 
13 9 9 0 0 0 
14 9 9 0 0 0 
15 9 9 0 0 0 
0 10 10 0 0 0 
1 10 10 0 0 0 
2 10 10 0 0 0 
3 10 10 0 0 0 
4 10 10 0 0 0 
5 10 10 0 0 0 
6 10 10 0 0 0 
7 10 10 0 0 0 
8 10 10 0 0 0 
9 10 10 0 0 0 
10 10 10 0 0 0 
11 10 10 0 0 0 
12 10 10 0 0 0 
13 10 10 0 0 0 
14 10 10 0 0 0 
15 10 10 0 0 0 
0 11 11 0 0 0 
1 11 11 0 0 0 
2 11 11 0 0 0 
3 11 11 0 0 0 
4 11 11 0 0 0 
5 11 11 0 0 0 
6 11 11 0 0 0 
7 11 11 0 0 0 
8 11 11 0 0 0 
9 11 11 0 0 0 
10 11 11 0 0 0 
11 11 11 0 0 0 
12 11 11 0 0 0 
13 11 11 0 0 0 
14 11 11 0 0 0 
15 11 11 0 0 0 
0 12 12 0 0 0 
1 12 12 0 0 0 
2 12 12 0 0 0 
3 12 12 0 0 0 
4 12 12 0 0 0 
5 12 12 0 0 0 
6 12 12 0 0 0 
7 12 12 0 0 0 
8 12 12 0 0 0 
9 12 12 0 0 0 
10 12 12 0 0 0 
11 12 12 0 0 0 
12 12 12 0 0 0 
13 12 12 0 0 0 
14 12 12 0 0 0 
15 12 12 0 0 0 
0 13 13 0 0 0 
1 13 13 0 0 0 
2 13 13 0 0 0 
3 13 13 0 0 0 
4 13 13 0 0 0 
5 13 13 0 0 0 
6 13 13 0 0 0 
7 13 13 0 0 0 
8 13 13 0 0 0 
9 13 13 0 0 0 
10 13 13 0 0 0 
11 13 13 0 0 0 
12 13 13 0 0 0 
13 13 13 0 0 0 
14 13 13 0 0 0 
15 13 13 0 0 0 
0 14 14 0 0 0 
1 14 14 0 0 0 
2 14 14 0 0 0 
3 14 14 0 0 0 
4 14 14 0 0 0 
5 14 14 0 0 0 
6 14 14 0 0 0 
7 14 14 0 0 0 
8 14 14 0 0 0 
9 14 14 0 0 0 
10 14 14 0 0 0 
11 14 14 0 0 0 
12 14 14 0 0 0 
13 14 14 0 0 0 
14 14 14 0 0 0 
15 14 14 0 0 0 
0 15 15 0 0 0 
1 15 15 0 0 0 
2 15 15 0 0 0 
3 15 15 0 0 0 
4 15 15 0 0 0 
5 15 15 0 0 0 
6 15 15 0 0 0 
7 15 15 0 0 0 
8 15 15 0 0 0 
9 15 15 0 0 0 
10 15 15 0 0 0 
11 15 15 0 0 0 
12 15 15 0 0 0 
13 15 15 0 0 0 
14 15 15 0 0 0 
15 15 15 0 0 0 
0 0 0 0 0 0 
1 0 0 0 0 0 
2 0 0 0 0 0 
3 0 0 0 0 0 
4 0 0 0 0 0 
5 0 0 0 0 0 
6 0 0 0 0 0 
7 0 0 0 0 0 
8 0 0 0 0 0 
9 0 0 0 0 0 
10 0 0 0 0 0 
11 0 0 0 0 0 
12 0 0 0 0 0 
13 0 0 0 0 0 
14 0 0 0 0 0 
15 0 0 0 0 0 
0 1 1 0 0 0 
1 1 1 0 0 0 
2 1 1 0 0 0 
3 1 1 0 0 0 
4 1 1 0 0 0 
5 1 1 0 0 0 
6 1 1 0 0 0 
7 1 1 0 0 0 
8 1 1 0 0 0 
9 1 1 0 0 0 
10 1 1 0 0 0 
11 1 1 0 0 0 
12 1 1 0 0 0 
13 1 1 0 0 0 
14 1 1 0 0 0 
15 1 1 0 0 0 
0 2 2 0 0 0 
1 2 2 0 0 0 
2 2 2 0 0 0 
3 2 2 0 0 0 
4 2 2 0 0 0 
5 2 2 0 0 0 
6 2 2 0 0 0 
7 2 2 0 0 0 
8 2 2 0 0 0 
9 2 2 0 0 0 
10 2 2 0 0 0 
11 2 2 0 0 0 
12 2 2 0 0 0 
13 2 2 0 0 0 
14 2 2 0 0 0 
15 2 2 0 0 0 
0 3 3 0 0 0 
1 3 3 0 0 0 
2 3 3 0 0 0 
3 3 3 0 0 0 
4 3 3 0 0 0 
5 3 3 0 0 0 
6 3 3 0 0 0 
7 3 3 0 0 0 
8 3 3 0 0 0 
9 3 3 0 0 0 
10 3 3 0 0 0 
11 3 3 0 0 0 
12 3 3 0 0 0 
13 3 3 0 0 0 
14 3 3 0 0 0 
15 3 3 0 0 0 
0 4 4 0 0 0 
1 4 4 0 0 0 
2 4 4 0 0 0 
3 4 4 0 0 0 
4 4 4 0 0 0 
5 4 4 0 0 0 
6 4 4 0 0 0 
7 4 4 0 0 0 
8 4 4 0 0 0 
9 4 4 0 0 0 
10 4 4 0 0 0 
11 4 4 0 0 0 
12 4 4 0 0 0 
13 4 4 0 0 0 
14 4 4 0 0 0 
15 4 4 0 0 0 
0 5 5 0 0 0 
1 5 5 0 0 0 
2 5 5 0 0 0 
3 5 5 0 0 0 
4 5 5 0 0 0 
5 5 5 0 0 0 
6 5 5 0 0 0 
7 5 5 0 0 0 
8 5 5 0 0 0 
9 5 5 0 0 0 
10 5 5 0 0 0 
11 5 5 0 0 0 
12 5 5 0 0 0 
13 5 5 0 0 0 
14 5 5 0 0 0 
15 5 5 0 0 0 
0 6 6 0 0 0 
1 6 6 0 0 0 
2 6 6 0 0 0 
3 6 6 0 0 0 
4 6 6 0 0 0 
5 6 6 0 0 0 
6 6 6 0 0 0 
7 6 6 0 0 0 
8 6 6 0 0 0 
9 6 6 0 0 0 
10 6 6 0 0 0 
11 6 6 0 0 0 
12 6 6 0 0 0 
13 6 6 0 0 0 
14 6 6 0 0 0 
15 6 6 0 0 0 
0 7 7 0 0 0 
1 7 7 0 0 0 
2 7 7 0 0 0 
3 7 7 0 0 0 
4 7 7 0 0 0 
5 7 7 0 0 0 
6 7 7 0 0 0 
7 7 7 0 0 0 
8 7 7 0 0 0 
9 7 7 0 0 0 
10 7 7 0 0 0 
11 7 7 0 0 0 
12 7 7 0 0 0 
13 7 7 0 0 0 
14 7 7 0 0 0 
15 7 7 0 0 0 
0 8 8 0 0 0 
1 8 8 0 0 0 
2 8 8 0 0 0 
3 8 8 0 0 0 
4 8 8 0 0 0 
5 8 8 0 0 0 
6 8 8 0 0 0 
7 8 8 0 0 0 
8 8 8 0 0 0 
9 8 8 0 0 0 
10 8 8 0 0 0 
11 8 8 0 0 0 
12 8 8 0 0 0 
13 8 8 0 0 0 
14 8 8 0 0 0 
15 8 8 0 0 0 
0 9 9 0 0 0 
1 9 9 0 0 0 
2 9 9 0 0 0 
3 9 9 0 0 0 
4 9 9 0 0 0 
5 9 9 0 0 0 
6 9 9 0 0 0 
7 9 9 0 0 0 
8 9 9 0 0 0 
9 9 9 0 0 0 
10 9 9 0 0 0 
11 9 9 0 0 0 
12 9 9 0 0 0 
13 9 9 0 0 0 
14 9 9 0 0 0 
15 9 9 0 0 0 
0 10 10 0 0 0 
1 10 10 0 0 0 
2 10 10 0 0 0 
3 10 10 0 0 0 
4 10 10 0 0 0 
5 10 10 0 0 0 
6 10 10 0 0 0 
7 10 10 0 0 0 
8 10 10 0 0 0 
9 10 10 0 0 0 
10 10 10 0 0 0 
11 10 10 0 0 0 
12 10 10 0 0 0 
13 10 10 0 0 0 
14 10 10 0 0 0 
15 10 10 0 0 0 
0 11 11 0 0 0 
1 11 11 0 0 0 
2 11 11 0 0 0 
3 11 11 0 0 0 
4 11 11 0 0 0 
5 11 11 0 0 0 
6 11 11 0 0 0 
7 11 11 0 0 0 
8 11 11 0 0 0 
9 11 11 0 0 0 
10 11 11 0 0 0 
11 11 11 0 0 0 
12 11 11 0 0 0 
13 11 11 0 0 0 
14 11 11 0 0 0 
15 11 11 0 0 0 
0 12 12 0 0 0 
1 12 12 0 0 0 
2 12 12 0 0 0 
3 12 12 0 0 0 
4 12 12 0 0 0 
5 12 12 0 0 0 
6 12 12 0 0 0 
7 12 12 0 0 0 
8 12 12 0 0 0 
9 12 12 0 0 0 
10 12 12 0 0 0 
11 12 12 0 0 0 
12 12 12 0 0 0 
13 12 12 0 0 0 
14 12 12 0 0 0 
15 12 12 0 0 0 
0 13 13 0 0 0 
1 13 13 0 0 0 
2 13 13 0 0 0 
3 13 13 0 0 0 
4 13 13 0 0 0 
5 13 13 0 0 0 
6 13 13 0 0 0 
7 13 13 0 0 0 
8 13 13 0 0 0 
9 13 13 0 0 0 
10 13 13 0 0 0 
11 13 13 0 0 0 
12 13 13 0 0 0 
13 13 13 0 0 0 
14 13 13 0 0 0 
15 13 13 0 0 0 
0 14 14 0 0 0 
1 14 14 0 0 0 
2 14 14 0 0 0 
3 14 14 0 0 0 
4 14 14 0 0 0 
5 14 14 0 0 0 
6 14 14 0 0 0 
7 14 14 0 0 0 
8 14 14 0 0 0 
9 14 14 0 0 0 
10 14 14 0 0 0 
11 14 14 0 0 0 
12 14 14 0 0 0 
13 14 14 0 0 0 
14 14 14 0 0 0 
15 14 14 0 0 0 
0 15 15 0 0 0 
1 15 15 0 0 0 
2 15 15 0 0 0 
3 15 15 0 0 0 
4 15 15 0 0 0 
5 15 15 0 0 0 
6 15 15 0 0 0 
7 15 15 0 0 0 
8 15 15 0 0 0 
9 15 15 0 0 0 
10 15 15 0 0 0 
11 15 15 0 0 0 
12 15 15 0 0 0 
13 15 15 0 0 0 
14 15 15 0 0 0 
15 15 15 0 0 0 
