0 0 0 0 0 0 
1 0 0 0 0 0 
2 0 0 0 0 0 
3 0 0 0 0 0 
4 0 0 0 0 0 
5 0 0 0 0 0 
6 0 0 0 0 0 
7 0 0 0 0 0 
8 0 0 0 0 0 
9 0 0 0 0 0 
10 0 0 0 0 0 
11 0 0 0 0 0 
12 0 0 0 0 0 
13 0 0 0 0 0 
14 0 0 0 0 0 
15 0 0 0 0 0 
0 1 1 0 0 0 
1 1 1 0 0 0 
2 1 1 0 0 0 
3 1 1 0 0 0 
4 1 1 0 0 0 
5 1 1 0 0 0 
6 1 1 0 0 0 
7 1 1 0 0 0 
8 1 1 0 0 0 
9 1 1 0 0 0 
10 1 1 0 0 0 
11 1 1 0 0 0 
12 1 1 0 0 0 
13 1 1 0 0 0 
14 1 1 0 0 0 
15 1 1 0 0 0 
0 2 2 0 0 0 
1 2 2 0 0 0 
2 2 2 0 0 0 
3 2 2 0 0 0 
4 2 2 0 0 0 
5 2 2 0 0 0 
6 2 2 0 0 0 
7 2 2 0 0 0 
8 2 2 0 0 0 
9 2 2 0 0 0 
10 2 2 0 0 0 
11 2 2 0 0 0 
12 2 2 0 0 0 
13 2 2 0 0 0 
14 2 2 0 0 0 
15 2 2 0 0 0 
0 3 3 0 0 0 
1 3 3 0 0 0 
2 3 3 0 0 0 
3 3 3 0 0 0 
4 3 3 0 0 0 
5 3 3 0 0 0 
6 3 3 0 0 0 
7 3 3 0 0 0 
8 3 3 0 0 0 
9 3 3 0 0 0 
10 3 3 0 0 0 
11 3 3 0 0 0 
12 3 3 0 0 0 
13 3 3 0 0 0 
14 3 3 0 0 0 
15 3 3 0 0 0 
0 4 4 0 0 0 
1 4 4 0 0 0 
2 4 4 0 0 0 
3 4 4 0 0 0 
4 4 4 0 0 0 
5 4 4 0 0 0 
6 4 4 0 0 0 
7 4 4 0 0 0 
8 4 4 0 0 0 
9 4 4 0 0 0 
10 4 4 0 0 0 
11 4 4 0 0 0 
12 4 4 0 0 0 
13 4 4 0 0 0 
14 4 4 0 0 0 
15 4 4 0 0 0 
0 5 5 0 0 0 
1 5 5 0 0 0 
2 5 5 0 0 0 
3 5 5 0 0 0 
4 5 5 0 0 0 
5 5 5 0 0 0 
6 5 5 0 0 0 
7 5 5 0 0 0 
8 5 5 0 0 0 
9 5 5 0 0 0 
10 5 5 0 0 0 
11 5 5 0 0 0 
12 5 5 0 0 0 
13 5 5 0 0 0 
14 5 5 0 0 0 
15 5 5 0 0 0 
0 6 6 0 0 0 
1 6 6 0 0 0 
2 6 6 0 0 0 
3 6 6 0 0 0 
4 6 6 0 0 0 
5 6 6 0 0 0 
6 6 6 0 0 0 
7 6 6 0 0 0 
8 6 6 0 0 0 
9 6 6 0 0 0 
10 6 6 0 0 0 
11 6 6 0 0 0 
12 6 6 0 0 0 
13 6 6 0 0 0 
14 6 6 0 0 0 
15 6 6 0 0 0 
0 7 7 0 0 0 
1 7 7 0 0 0 
2 7 7 0 0 0 
3 7 7 0 0 0 
4 7 7 0 0 0 
5 7 7 0 0 0 
6 7 7 0 0 0 
7 7 7 0 0 0 
8 7 7 0 0 0 
9 7 7 0 0 0 
10 7 7 0 0 0 
11 7 7 0 0 0 
12 7 7 0 0 0 
13 7 7 0 0 0 
14 7 7 0 0 0 
15 7 7 0 0 0 
0 8 8 0 0 0 
1 8 8 0 0 0 
2 8 8 0 0 0 
3 8 8 0 0 0 
4 8 8 0 0 0 
5 8 8 0 0 0 
6 8 8 0 0 0 
7 8 8 0 0 0 
8 8 8 0 0 0 
9 8 8 0 0 0 
10 8 8 0 0 0 
11 8 8 0 0 0 
12 8 8 0 0 0 
13 8 8 0 0 0 
14 8 8 0 0 0 
15 8 8 0 0 0 
0 9 9 0 0 0 
1 9 9 0 0 0 
2 9 9 0 0 0 
3 9 9 0 0 0 
4 9 9 0 0 0 
5 9 9 0 0 0 
6 9 9 0 0 0 
7 9 9 0 0 0 
8 9 9 0 0 0 
9 9 9 0 0 0 
10 9 9 0 0 0 
11 9 9 0 0 0 
12 9 9 0 0 0 
13 9 9 0 0 0 
14 9 9 0 0 0 
15 9 9 0 0 0 
0 10 10 0 0 0 
1 10 10 0 0 0 
2 10 10 0 0 0 
3 10 10 0 0 0 
4 10 10 0 0 0 
5 10 10 0 0 0 
6 10 10 0 0 0 
7 10 10 0 0 0 
8 10 10 0 0 0 
9 10 10 0 0 0 
10 10 10 0 0 0 
11 10 10 0 0 0 
12 10 10 0 0 0 
13 10 10 0 0 0 
14 10 10 0 0 0 
15 10 10 0 0 0 
0 11 11 0 0 0 
1 11 11 0 0 0 
2 11 11 0 0 0 
3 11 11 0 0 0 
4 11 11 0 0 0 
5 11 11 0 0 0 
6 11 11 0 0 0 
7 11 11 0 0 0 
8 11 11 0 0 0 
9 11 11 0 0 0 
10 11 11 0 0 0 
11 11 11 0 0 0 
12 11 11 0 0 0 
13 11 11 0 0 0 
14 11 11 0 0 0 
15 11 11 0 0 0 
0 12 12 0 0 0 
1 12 12 0 0 0 
2 12 12 0 0 0 
3 12 12 0 0 0 
4 12 12 0 0 0 
5 12 12 0 0 0 
6 12 12 0 0 0 
7 12 12 0 0 0 
8 12 12 0 0 0 
9 12 12 0 0 0 
10 12 12 0 0 0 
11 12 12 0 0 0 
12 12 12 0 0 0 
13 12 12 0 0 0 
14 12 12 0 0 0 
15 12 12 0 0 0 
0 13 13 0 0 0 
1 13 13 0 0 0 
2 13 13 0 0 0 
3 13 13 0 0 0 
4 13 13 0 0 0 
5 13 13 0 0 0 
6 13 13 0 0 0 
7 13 13 0 0 0 
8 13 13 0 0 0 
9 13 13 0 0 0 
10 13 13 0 0 0 
11 13 13 0 0 0 
12 13 13 0 0 0 
13 13 13 0 0 0 
14 13 13 0 0 0 
15 13 13 0 0 0 
0 14 14 0 0 0 
1 14 14 0 0 0 
2 14 14 0 0 0 
3 14 14 0 0 0 
4 14 14 0 0 0 
5 14 14 0 0 0 
6 14 14 0 0 0 
7 14 14 0 0 0 
8 14 14 0 0 0 
9 14 14 0 0 0 
10 14 14 0 0 0 
11 14 14 0 0 0 
12 14 14 0 0 0 
13 14 14 0 0 0 
14 14 14 0 0 0 
15 14 14 0 0 0 
0 15 15 0 0 0 
1 15 15 0 0 0 
2 15 15 0 0 0 
3 15 15 0 0 0 
4 15 15 0 0 0 
5 15 15 0 0 0 
6 15 15 0 0 0 
7 15 15 0 0 0 
8 15 15 0 0 0 
9 15 15 0 0 0 
10 15 15 0 0 0 
11 15 15 0 0 0 
12 15 15 0 0 0 
13 15 15 0 0 0 
14 15 15 0 0 0 
15 15 15 0 0 0 
0 0 0 0 0 0 
1 0 0 0 0 0 
2 0 0 0 0 0 
3 0 0 0 0 0 
4 0 0 0 0 0 
5 0 0 0 0 0 
6 0 0 0 0 0 
7 0 0 0 0 0 
8 0 0 0 0 0 
9 0 0 0 0 0 
10 0 0 0 0 0 
11 0 0 0 0 0 
12 0 0 0 0 0 
13 0 0 0 0 0 
14 0 0 0 0 0 
15 0 0 0 0 0 
0 1 1 0 0 0 
1 1 1 0 0 0 
2 1 1 0 0 0 
3 1 1 0 0 0 
4 1 1 0 0 0 
5 1 1 0 0 0 
6 1 1 0 0 0 
7 1 1 0 0 0 
8 1 1 0 0 0 
9 1 1 0 0 0 
10 1 1 0 0 0 
11 1 1 0 0 0 
12 1 1 0 0 0 
13 1 1 0 0 0 
14 1 1 0 0 0 
15 1 1 0 0 0 
0 2 2 0 0 0 
1 2 2 0 0 0 
2 2 2 0 0 0 
3 2 2 0 0 0 
4 2 2 0 0 0 
5 2 2 0 0 0 
6 2 2 0 0 0 
7 2 2 0 0 0 
8 2 2 0 0 0 
9 2 2 0 0 0 
10 2 2 0 0 0 
11 2 2 0 0 0 
12 2 2 0 0 0 
13 2 2 0 0 0 
14 2 2 0 0 0 
15 2 2 0 0 0 
0 3 3 0 0 0 
1 3 3 0 0 0 
2 3 3 0 0 0 
3 3 3 0 0 0 
4 3 3 0 0 0 
5 3 3 0 0 0 
6 3 3 0 0 0 
7 3 3 0 0 0 
8 3 3 0 0 0 
9 3 3 0 0 0 
10 3 3 0 0 0 
11 3 3 0 0 0 
12 3 3 0 0 0 
13 3 3 0 0 0 
14 3 3 0 0 0 
15 3 3 0 0 0 
0 4 4 0 0 0 
1 4 4 0 0 0 
2 4 4 0 0 0 
3 4 4 0 0 0 
4 4 4 0 0 0 
5 4 4 0 0 0 
6 4 4 0 0 0 
7 4 4 0 0 0 
8 4 4 0 0 0 
9 4 4 0 0 0 
10 4 4 0 0 0 
11 4 4 0 0 0 
12 4 4 0 0 0 
13 4 4 0 0 0 
14 4 4 0 0 0 
15 4 4 0 0 0 
0 5 5 0 0 0 
1 5 5 0 0 0 
2 5 5 0 0 0 
3 5 5 0 0 0 
4 5 5 0 0 0 
5 5 5 0 0 0 
6 5 5 0 0 0 
7 5 5 0 0 0 
8 5 5 0 0 0 
9 5 5 0 0 0 
10 5 5 0 0 0 
11 5 5 0 0 0 
12 5 5 0 0 0 
13 5 5 0 0 0 
14 5 5 0 0 0 
15 5 5 0 0 0 
0 6 6 0 0 0 
1 6 6 0 0 0 
2 6 6 0 0 0 
3 6 6 0 0 0 
4 6 6 0 0 0 
5 6 6 0 0 0 
6 6 6 0 0 0 
7 6 6 0 0 0 
8 6 6 0 0 0 
9 6 6 0 0 0 
10 6 6 0 0 0 
11 6 6 0 0 0 
12 6 6 0 0 0 
13 6 6 0 0 0 
14 6 6 0 0 0 
15 6 6 0 0 0 
0 7 7 0 0 0 
1 7 7 0 0 0 
2 7 7 0 0 0 
3 7 7 0 0 0 
4 7 7 0 0 0 
5 7 7 0 0 0 
6 7 7 0 0 0 
7 7 7 0 0 0 
8 7 7 0 0 0 
9 7 7 0 0 0 
10 7 7 0 0 0 
11 7 7 0 0 0 
12 7 7 0 0 0 
13 7 7 0 0 0 
14 7 7 0 0 0 
15 7 7 0 0 0 
0 8 8 0 0 0 
1 8 8 0 0 0 
2 8 8 0 0 0 
3 8 8 0 0 0 
4 8 8 0 0 0 
5 8 8 0 0 0 
6 8 8 0 0 0 
7 8 8 0 0 0 
8 8 8 0 0 0 
9 8 8 0 0 0 
10 8 8 0 0 0 
11 8 8 0 0 0 
12 8 8 0 0 0 
13 8 8 0 0 0 
14 8 8 0 0 0 
15 8 8 0 0 0 
0 9 9 0 0 0 
1 9 9 0 0 0 
2 9 9 0 0 0 
3 9 9 0 0 0 
4 9 9 0 0 0 
5 9 9 0 0 0 
6 9 9 0 0 0 
7 9 9 0 0 0 
8 9 9 0 0 0 
9 9 9 0 0 0 
10 9 9 0 0 0 
11 9 9 0 0 0 
12 9 9 0 0 0 
13 9 9 0 0 0 
14 9 9 0 0 0 
15 9 9 0 0 0 
0 10 10 0 0 0 
1 10 10 0 0 0 
2 10 10 0 0 0 
3 10 10 0 0 0 
4 10 10 0 0 0 
5 10 10 0 0 0 
6 10 10 0 0 0 
7 10 10 0 0 0 
8 10 10 0 0 0 
9 10 10 0 0 0 
10 10 10 0 0 0 
11 10 10 0 0 0 
12 10 10 0 0 0 
13 10 10 0 0 0 
14 10 10 0 0 0 
15 10 10 0 0 0 
0 11 11 0 0 0 
1 11 11 0 0 0 
2 11 11 0 0 0 
3 11 11 0 0 0 
4 11 11 0 0 0 
5 11 11 0 0 0 
6 11 11 0 0 0 
7 11 11 0 0 0 
8 11 11 0 0 0 
9 11 11 0 0 0 
10 11 11 0 0 0 
11 11 11 0 0 0 
12 11 11 0 0 0 
13 11 11 0 0 0 
14 11 11 0 0 0 
15 11 11 0 0 0 
0 12 12 0 0 0 
1 12 12 0 0 0 
2 12 12 0 0 0 
3 12 12 0 0 0 
4 12 12 0 0 0 
5 12 12 0 0 0 
6 12 12 0 0 0 
7 12 12 0 0 0 
8 12 12 0 0 0 
9 12 12 0 0 0 
10 12 12 0 0 0 
11 12 12 0 0 0 
12 12 12 0 0 0 
13 12 12 0 0 0 
14 12 12 0 0 0 
15 12 12 0 0 0 
0 13 13 0 0 0 
1 13 13 0 0 0 
2 13 13 0 0 0 
3 13 13 0 0 0 
4 13 13 0 0 0 
5 13 13 0 0 0 
6 13 13 0 0 0 
7 13 13 0 0 0 
8 13 13 0 0 0 
9 13 13 0 0 0 
10 13 13 0 0 0 
11 13 13 0 0 0 
12 13 13 0 0 0 
13 13 13 0 0 0 
14 13 13 0 0 0 
15 13 13 0 0 0 
0 14 14 0 0 0 
1 14 14 0 0 0 
2 14 14 0 0 0 
3 14 14 0 0 0 
4 14 14 0 0 0 
5 14 14 0 0 0 
6 14 14 0 0 0 
7 14 14 0 0 0 
8 14 14 0 0 0 
9 14 14 0 0 0 
10 14 14 0 0 0 
11 14 14 0 0 0 
12 14 14 0 0 0 
13 14 14 0 0 0 
14 14 14 0 0 0 
15 14 14 0 0 0 
0 15 15 0 0 0 
1 15 15 0 0 0 
2 15 15 0 0 0 
3 15 15 0 0 0 
4 15 15 0 0 0 
5 15 15 0 0 0 
6 15 15 0 0 0 
7 15 15 0 0 0 
8 15 15 0 0 0 
9 15 15 0 0 0 
10 15 15 0 0 0 
11 15 15 0 0 0 
12 15 15 0 0 0 
13 15 15 0 0 0 
14 15 15 0 0 0 
15 15 15 0 0 0 
0 0 0 0 0 0 
1 0 0 0 0 0 
2 0 0 0 0 0 
3 0 0 0 0 0 
4 0 0 0 0 0 
5 0 0 0 0 0 
6 0 0 0 0 0 
7 0 0 0 0 0 
8 0 0 0 0 0 
9 0 0 0 0 0 
10 0 0 0 0 0 
11 0 0 0 0 0 
12 0 0 0 0 0 
13 0 0 0 0 0 
14 0 0 0 0 0 
15 0 0 0 0 0 
0 1 1 0 0 0 
1 1 1 0 0 0 
2 1 1 0 0 0 
3 1 1 0 0 0 
4 1 1 0 0 0 
5 1 1 0 0 0 
6 1 1 0 0 0 
7 1 1 0 0 0 
8 1 1 0 0 0 
9 1 1 0 0 0 
10 1 1 0 0 0 
11 1 1 0 0 0 
12 1 1 0 0 0 
13 1 1 0 0 0 
14 1 1 0 0 0 
15 1 1 0 0 0 
0 2 2 0 0 0 
1 2 2 0 0 0 
2 2 2 0 0 0 
3 2 2 0 0 0 
4 2 2 0 0 0 
5 2 2 0 0 0 
6 2 2 0 0 0 
7 2 2 0 0 0 
8 2 2 0 0 0 
9 2 2 0 0 0 
10 2 2 0 0 0 
11 2 2 0 0 0 
12 2 2 0 0 0 
13 2 2 0 0 0 
14 2 2 0 0 0 
15 2 2 0 0 0 
0 3 3 0 0 0 
1 3 3 0 0 0 
2 3 3 0 0 0 
3 3 3 0 0 0 
4 3 3 0 0 0 
5 3 3 0 0 0 
6 3 3 0 0 0 
7 3 3 0 0 0 
8 3 3 0 0 0 
9 3 3 0 0 0 
10 3 3 0 0 0 
11 3 3 0 0 0 
12 3 3 0 0 0 
13 3 3 0 0 0 
14 3 3 0 0 0 
15 3 3 0 0 0 
0 4 4 0 0 0 
1 4 4 0 0 0 
2 4 4 0 0 0 
3 4 4 0 0 0 
4 4 4 0 0 0 
5 4 4 0 0 0 
6 4 4 0 0 0 
7 4 4 0 0 0 
8 4 4 0 0 0 
9 4 4 0 0 0 
10 4 4 0 0 0 
11 4 4 0 0 0 
12 4 4 0 0 0 
13 4 4 0 0 0 
14 4 4 0 0 0 
15 4 4 0 0 0 
0 5 5 0 0 0 
1 5 5 0 0 0 
2 5 5 0 0 0 
3 5 5 0 0 0 
4 5 5 0 0 0 
5 5 5 0 0 0 
6 5 5 0 0 0 
7 5 5 0 0 0 
8 5 5 0 0 0 
9 5 5 0 0 0 
10 5 5 0 0 0 
11 5 5 0 0 0 
12 5 5 0 0 0 
13 5 5 0 0 0 
14 5 5 0 0 0 
15 5 5 0 0 0 
0 6 6 0 0 0 
1 6 6 0 0 0 
2 6 6 0 0 0 
3 6 6 0 0 0 
4 6 6 0 0 0 
5 6 6 0 0 0 
6 6 6 0 0 0 
7 6 6 0 0 0 
8 6 6 0 0 0 
9 6 6 0 0 0 
10 6 6 0 0 0 
11 6 6 0 0 0 
12 6 6 0 0 0 
13 6 6 0 0 0 
14 6 6 0 0 0 
15 6 6 0 0 0 
0 7 7 0 0 0 
1 7 7 0 0 0 
2 7 7 0 0 0 
3 7 7 0 0 0 
4 7 7 0 0 0 
5 7 7 0 0 0 
6 7 7 0 0 0 
7 7 7 0 0 0 
8 7 7 0 0 0 
9 7 7 0 0 0 
10 7 7 0 0 0 
11 7 7 0 0 0 
12 7 7 0 0 0 
13 7 7 0 0 0 
14 7 7 0 0 0 
15 7 7 0 0 0 
0 8 8 0 0 0 
1 8 8 0 0 0 
2 8 8 0 0 0 
3 8 8 0 0 0 
4 8 8 0 0 0 
5 8 8 0 0 0 
6 8 8 0 0 0 
7 8 8 0 0 0 
8 8 8 0 0 0 
9 8 8 0 0 0 
10 8 8 0 0 0 
11 8 8 0 0 0 
12 8 8 0 0 0 
13 8 8 0 0 0 
14 8 8 0 0 0 
15 8 8 0 0 0 
0 9 9 0 0 0 
1 9 9 0 0 0 
2 9 9 0 0 0 
3 9 9 0 0 0 
4 9 9 0 0 0 
5 9 9 0 0 0 
6 9 9 0 0 0 
7 9 9 0 0 0 
8 9 9 0 0 0 
9 9 9 0 0 0 
10 9 9 0 0 0 
11 9 9 0 0 0 
12 9 9 0 0 0 
13 9 9 0 0 0 
14 9 9 0 0 0 
15 9 9 0 0 0 
0 10 10 0 0 0 
1 10 10 0 0 0 
2 10 10 0 0 0 
3 10 10 0 0 0 
4 10 10 0 0 0 
5 10 10 0 0 0 
6 10 10 0 0 0 
7 10 10 0 0 0 
8 10 10 0 0 0 
9 10 10 0 0 0 
10 10 10 0 0 0 
11 10 10 0 0 0 
12 10 10 0 0 0 
13 10 10 0 0 0 
14 10 10 0 0 0 
15 10 10 0 0 0 
0 11 11 0 0 0 
1 11 11 0 0 0 
2 11 11 0 0 0 
3 11 11 0 0 0 
4 11 11 0 0 0 
5 11 11 0 0 0 
6 11 11 0 0 0 
7 11 11 0 0 0 
8 11 11 0 0 0 
9 11 11 0 0 0 
10 11 11 0 0 0 
11 11 11 0 0 0 
12 11 11 0 0 0 
13 11 11 0 0 0 
14 11 11 0 0 0 
15 11 11 0 0 0 
0 12 12 0 0 0 
1 12 12 0 0 0 
2 12 12 0 0 0 
3 12 12 0 0 0 
4 12 12 0 0 0 
5 12 12 0 0 0 
6 12 12 0 0 0 
7 12 12 0 0 0 
8 12 12 0 0 0 
9 12 12 0 0 0 
10 12 12 0 0 0 
11 12 12 0 0 0 
12 12 12 0 0 0 
13 12 12 0 0 0 
14 12 12 0 0 0 
15 12 12 0 0 0 
0 13 13 0 0 0 
1 13 13 0 0 0 
2 13 13 0 0 0 
3 13 13 0 0 0 
4 13 13 0 0 0 
5 13 13 0 0 0 
6 13 13 0 0 0 
7 13 13 0 0 0 
8 13 13 0 0 0 
9 13 13 0 0 0 
10 13 13 0 0 0 
11 13 13 0 0 0 
12 13 13 0 0 0 
13 13 13 0 0 0 
14 13 13 0 0 0 
15 13 13 0 0 0 
0 14 14 0 0 0 
1 14 14 0 0 0 
2 14 14 0 0 0 
3 14 14 0 0 0 
4 14 14 0 0 0 
5 14 14 0 0 0 
6 14 14 0 0 0 
7 14 14 0 0 0 
8 14 14 0 0 0 
9 14 14 0 0 0 
10 14 14 0 0 0 
11 14 14 0 0 0 
12 14 14 0 0 0 
13 14 14 0 0 0 
14 14 14 0 0 0 
15 14 14 0 0 0 
0 15 15 0 0 0 
1 15 15 0 0 0 
2 15 15 0 0 0 
3 15 15 0 0 0 
4 15 15 0 0 0 
5 15 15 0 0 0 
6 15 15 0 0 0 
7 15 15 0 0 0 
8 15 15 0 0 0 
9 15 15 0 0 0 
10 15 15 0 0 0 
11 15 15 0 0 0 
12 15 15 0 0 0 
13 15 15 0 0 0 
14 15 15 0 0 0 
15 15 15 0 0 0 
0 0 0 0 0 0 
1 0 0 0 0 0 
2 0 0 0 0 0 
3 0 0 0 0 0 
4 0 0 0 0 0 
5 0 0 0 0 0 
6 0 0 0 0 0 
7 0 0 0 0 0 
8 0 0 0 0 0 
9 0 0 0 0 0 
10 0 0 0 0 0 
11 0 0 0 0 0 
12 0 0 0 0 0 
13 0 0 0 0 0 
14 0 0 0 0 0 
15 0 0 0 0 0 
0 1 1 0 0 0 
1 1 1 0 0 0 
2 1 1 0 0 0 
3 1 1 0 0 0 
4 1 1 0 0 0 
5 1 1 0 0 0 
6 1 1 0 0 0 
7 1 1 0 0 0 
8 1 1 0 0 0 
9 1 1 0 0 0 
10 1 1 0 0 0 
11 1 1 0 0 0 
12 1 1 0 0 0 
13 1 1 0 0 0 
14 1 1 0 0 0 
15 1 1 0 0 0 
0 2 2 0 0 0 
1 2 2 0 0 0 
2 2 2 0 0 0 
3 2 2 0 0 0 
4 2 2 0 0 0 
5 2 2 0 0 0 
6 2 2 0 0 0 
7 2 2 0 0 0 
8 2 2 0 0 0 
9 2 2 0 0 0 
10 2 2 0 0 0 
11 2 2 0 0 0 
12 2 2 0 0 0 
13 2 2 0 0 0 
14 2 2 0 0 0 
15 2 2 0 0 0 
0 3 3 0 0 0 
1 3 3 0 0 0 
2 3 3 0 0 0 
3 3 3 0 0 0 
4 3 3 0 0 0 
5 3 3 0 0 0 
6 3 3 0 0 0 
7 3 3 0 0 0 
8 3 3 0 0 0 
9 3 3 0 0 0 
10 3 3 0 0 0 
11 3 3 0 0 0 
12 3 3 0 0 0 
13 3 3 0 0 0 
14 3 3 0 0 0 
15 3 3 0 0 0 
0 4 4 0 0 0 
1 4 4 0 0 0 
2 4 4 0 0 0 
3 4 4 0 0 0 
4 4 4 0 0 0 
5 4 4 0 0 0 
6 4 4 0 0 0 
7 4 4 0 0 0 
8 4 4 0 0 0 
9 4 4 0 0 0 
10 4 4 0 0 0 
11 4 4 0 0 0 
12 4 4 0 0 0 
13 4 4 0 0 0 
14 4 4 0 0 0 
15 4 4 0 0 0 
0 5 5 0 0 0 
1 5 5 0 0 0 
2 5 5 0 0 0 
3 5 5 0 0 0 
4 5 5 0 0 0 
5 5 5 0 0 0 
6 5 5 0 0 0 
7 5 5 0 0 0 
8 5 5 0 0 0 
9 5 5 0 0 0 
10 5 5 0 0 0 
11 5 5 0 0 0 
12 5 5 0 0 0 
13 5 5 0 0 0 
14 5 5 0 0 0 
15 5 5 0 0 0 
0 6 6 0.122071 -0.000184173 -0.000304803 
1 6 6 0.123374 -8.21488e-05 -0.000154086 
2 6 6 0.123739 -4.79788e-05 -4.63198e-06 
3 6 6 0.123395 -6.88084e-05 0.000116997 
4 6 6 0.122618 -0.000120986 0.000199337 
5 6 6 0.121664 -0.000179395 0.00024141 
6 6 6 0.120711 -0.000219863 0.000248789 
7 6 6 0.119819 -0.000210303 0.000240357 
8 6 6 0.118368 0.000244114 0.000577592 
9 6 6 0.117121 0.00131202 0.00183279 
10 6 6 0.116702 -0.00194393 -0.00178799 
11 6 6 0.11886 -0.000363249 -0.000290551 
12 6 6 0.12004 -0.000115658 -9.5925e-05 
13 6 6 0.120821 -6.61941e-05 -9.72085e-05 
14 6 6 0.121078 8.68312e-05 0.00016747 
15 6 6 0.122238 -0.00078621 -0.00198625 
0 7 7 0.201187 -0.000191767 -0.000665771 
1 7 7 0.202972 -6.05536e-05 -0.000296653 
2 7 7 0.203308 -4.74374e-05 2.49353e-05 
3 7 7 0.202587 -0.000124951 0.000255948 
4 7 7 0.201258 -0.00024787 0.000387693 
5 7 7 0.199722 -0.000368067 0.000431161 
6 7 7 0.198275 -0.000434531 0.000403256 
7 7 7 0.197109 -0.000375478 0.000318169 
8 7 7 0.196398 3.75758e-06 0.000218575 
9 7 7 0.196732 0.000177472 0.000232509 
10 7 7 0.196663 -0.00112916 -0.00013806 
11 7 7 0.197015 -0.000538148 -0.000188107 
12 7 7 0.198158 -0.000258155 -0.000225286 
13 7 7 0.199319 -0.000144216 -0.000215597 
14 7 7 0.199604 -1.10936e-05 0.00043846 
15 7 7 0.20776 -0.000383032 -0.00263628 
0 8 8 0.206414 -0.00012065 -0.000749302 
1 8 8 0.208211 -2.96879e-05 -0.000328421 
2 8 8 0.208542 -4.29865e-05 6.96756e-06 
3 8 8 0.207811 -0.000134954 0.000221589 
4 8 8 0.206473 -0.000263723 0.000320344 
5 8 8 0.204933 -0.000384757 0.000328902 
6 8 8 0.203502 -0.000451763 0.000277161 
7 8 8 0.202405 -0.00042296 0.000189942 
8 8 8 0.201851 -0.000303158 7.99648e-05 
9 8 8 0.201903 -0.000317635 -3.8287e-05 
10 8 8 0.20215 -0.000467483 -0.000155399 
11 8 8 0.202719 -0.000373462 -0.000256396 
12 8 8 0.203715 -0.000242185 -0.000299107 
13 8 8 0.2048 -0.000132948 -0.000258139 
14 8 8 0.204967 -8.57342e-05 0.000476412 
15 8 8 0.213926 0.000210618 -0.00259093 
0 9 9 0.142228 2.8961e-06 -0.000430777 
1 9 9 0.143597 1.35001e-05 -0.000199528 
2 9 9 0.143937 -3.0517e-05 -2.50103e-05 
3 9 9 0.14352 -0.000109367 7.66384e-05 
4 9 9 0.14266 -0.000198011 0.000112846 
5 9 9 0.141637 -0.000274394 0.000103274 
6 9 9 0.14067 -0.00031481 6.86108e-05 
7 9 9 0.139915 -0.000307714 2.4695e-05 
8 9 9 0.139479 -0.000267264 -2.24533e-05 
9 9 9 0.139391 -0.000243497 -7.73735e-05 
10 9 9 0.139574 -0.000228628 -0.000133428 
11 9 9 0.140011 -0.000175241 -0.000170821 
12 9 9 0.140666 -0.000111694 -0.000181891 
13 9 9 0.141394 -5.50493e-05 -0.000153181 
14 9 9 0.141626 -9.7894e-05 0.00019064 
15 9 9 0.144637 0.000763901 -0.00227611 
0 10 10 0.0480697 2.18163e-05 -9.51394e-05 
1 10 10 0.0486319 1.3204e-05 -4.95501e-05 
2 10 10 0.0488274 -7.57651e-06 -1.67668e-05 
3 10 10 0.0487387 -3.37491e-05 5.494e-07 
4 10 10 0.0484802 -5.83802e-05 4.402e-06 
5 10 10 0.0481443 -7.81502e-05 2.96221e-07 
6 10 10 0.0478115 -8.78062e-05 -7.40974e-06 
7 10 10 0.0475363 -8.682e-05 -1.53223e-05 
8 10 10 0.0473531 -7.82278e-05 -2.26672e-05 
9 10 10 0.0472765 -6.75142e-05 -2.9593e-05 
10 10 10 0.0473049 -5.42477e-05 -3.57111e-05 
11 10 10 0.0474305 -3.70258e-05 -3.90988e-05 
12 10 10 0.0476348 -2.01726e-05 -3.87385e-05 
13 10 10 0.0478746 -9.91225e-06 -3.3641e-05 
14 10 10 0.0479636 -4.19028e-05 2.53364e-05 
15 10 10 0.0463753 0.000650296 -0.000933528 
0 11 11 0 0 0 
1 11 11 0 0 0 
2 11 11 0 0 0 
3 11 11 0 0 0 
4 11 11 0 0 0 
5 11 11 0 0 0 
6 11 11 0 0 0 
7 11 11 0 0 0 
8 11 11 0 0 0 
9 11 11 0 0 0 
10 11 11 0 0 0 
11 11 11 0 0 0 
12 11 11 0 0 0 
13 11 11 0 0 0 
14 11 11 0 0 0 
15 11 11 0 0 0 
0 12 12 0 0 0 
1 12 12 0 0 0 
2 12 12 0 0 0 
3 12 12 0 0 0 
4 12 12 0 0 0 
5 12 12 0 0 0 
6 12 12 0 0 0 
7 12 12 0 0 0 
8 12 12 0 0 0 
9 12 12 0 0 0 
10 12 12 0 0 0 
11 12 12 0 0 0 
12 12 12 0 0 0 
13 12 12 0 0 0 
14 12 12 0 0 0 
15 12 12 0 0 0 
0 13 13 0 0 0 
1 13 13 0 0 0 
2 13 13 0 0 0 
3 13 13 0 0 0 
4 13 13 0 0 0 
5 13 13 0 0 0 
6 13 13 0 0 0 
7 13 13 0 0 0 
8 13 13 0 0 0 
9 13 13 0 0 0 
10 13 13 0 0 0 
11 13 13 0 0 0 
12 13 13 0 0 0 
13 13 13 0 0 0 
14 13 13 0 0 0 
15 13 13 0 0 0 
0 14 14 0 0 0 
1 14 14 0 0 0 
2 14 14 0 0 0 
3 14 14 0 0 0 
4 14 14 0 0 0 
5 14 14 0 0 0 
6 14 14 0 0 0 
7 14 14 0 0 0 
8 14 14 0 0 0 
9 14 14 0 0 0 
10 14 14 0 0 0 
11 14 14 0 0 0 
12 14 14 0 0 0 
13 14 14 0 0 0 
14 14 14 0 0 0 
15 14 14 0 0 0 
0 15 15 0 0 0 
1 15 15 0 0 0 
2 15 15 0 0 0 
3 15 15 0 0 0 
4 15 15 0 0 0 
5 15 15 0 0 0 
6 15 15 0 0 0 
7 15 15 0 0 0 
8 15 15 0 0 0 
9 15 15 0 0 0 
10 15 15 0 0 0 
11 15 15 0 0 0 
12 15 15 0 0 0 
13 15 15 0 0 0 
14 15 15 0 0 0 
15 15 15 0 0 0 
0 0 0 0 0 0 
1 0 0 0 0 0 
2 0 0 0 0 0 
3 0 0 0 0 0 
4 0 0 0 0 0 
5 0 0 0 0 0 
6 0 0 0 0 0 
7 0 0 0 0 0 
8 0 0 0 0 0 
9 0 0 0 0 0 
10 0 0 0 0 0 
11 0 0 0 0 0 
12 0 0 0 0 0 
13 0 0 0 0 0 
14 0 0 0 0 0 
15 0 0 0 0 0 
0 1 1 0 0 0 
1 1 1 0 0 0 
2 1 1 0 0 0 
3 1 1 0 0 0 
4 1 1 0 0 0 
5 1 1 0 0 0 
6 1 1 0 0 0 
7 1 1 0 0 0 
8 1 1 0 0 0 
9 1 1 0 0 0 
10 1 1 0 0 0 
11 1 1 0 0 0 
12 1 1 0 0 0 
13 1 1 0 0 0 
14 1 1 0 0 0 
15 1 1 0 0 0 
0 2 2 0 0 0 
1 2 2 0 0 0 
2 2 2 0 0 0 
3 2 2 0 0 0 
4 2 2 0 0 0 
5 2 2 0 0 0 
6 2 2 0 0 0 
7 2 2 0 0 0 
8 2 2 0 0 0 
9 2 2 0 0 0 
10 2 2 0 0 0 
11 2 2 0 0 0 
12 2 2 0 0 0 
13 2 2 0 0 0 
14 2 2 0 0 0 
15 2 2 0 0 0 
0 3 3 0 0 0 
1 3 3 0 0 0 
2 3 3 0 0 0 
3 3 3 0 0 0 
4 3 3 0 0 0 
5 3 3 0 0 0 
6 3 3 0 0 0 
7 3 3 0 0 0 
8 3 3 0 0 0 
9 3 3 0 0 0 
10 3 3 0 0 0 
11 3 3 0 0 0 
12 3 3 0 0 0 
13 3 3 0 0 0 
14 3 3 0 0 0 
15 3 3 0 0 0 
0 4 4 0.0544215 -8.34248e-05 -7.09161e-05 
1 4 4 0.0550307 -4.24722e-05 -3.81656e-05 
2 4 4 0.055222 -2.00681e-05 5.85471e-06 
3 4 4 0.0550876 -1.47219e-05 4.925e-05 
4 4 4 0.0547479 -2.09316e-05 8.44087e-05 
5 4 4 0.0543168 -3.37227e-05 0.000108399 
6 4 4 0.0538842 -5.01939e-05 0.000122763 
7 4 4 0.0535175 -7.44884e-05 0.00013509 
8 4 4 0.0532972 -0.00011218 0.000152667 
9 4 4 0.0532782 -7.77811e-05 9.73548e-05 
10 4 4 0.0532039 2.43793e-05 -2.48946e-05 
11 4 4 0.0532567 3.39942e-06 -3.23582e-05 
12 4 4 0.0534927 -5.38116e-06 -3.69326e-05 
13 4 4 0.0537716 -4.8704e-06 -3.80306e-05 
14 4 4 0.0538636 5.01947e-05 2.15013e-05 
15 4 4 0.0521775 -0.000820706 -0.00079596 
0 5 5 0.236657 -0.000486194 -0.000712091 
1 5 5 0.23847 -0.000142967 -0.000337687 
2 5 5 0.238658 5.03946e-05 3.97648e-05 
3 5 5 0.237676 0.000100893 0.000353552 
4 5 5 0.236041 4.80253e-05 0.000571368 
5 5 5 0.234202 -6.1279e-05 0.00068898 
6 5 5 0.232488 -0.000193262 0.000722977 
7 5 5 0.231094 -0.000359034 0.000729899 
8 5 5 0.230126 -0.000661514 0.00098478 
9 5 5 0.232743 -0.000524379 0.00117252 
10 5 5 0.231257 2.72967e-05 -0.000912033 
11 5 5 0.230836 -0.000115036 -0.000432964 
12 5 5 0.232206 -0.000166852 -0.000315731 
13 5 5 0.233544 -0.000111256 -0.000308147 
14 5 5 0.233948 0.000405328 0.000368463 
15 5 5 0.242016 -0.00147922 -0.00212211 
0 6 6 0.402284 -0.000750214 -0.00175019 
1 6 6 0.404494 -4.76884e-05 -0.000691945 
2 6 6 0.404378 0.000345455 0.000215998 
3 6 6 0.40267 0.000429953 0.000868848 
4 6 6 0.400146 0.000284884 0.00124729 
5 6 6 0.397452 1.75547e-05 0.00138148 
6 6 6 0.395031 -0.000271901 0.00132501 
7 6 6 0.393069 -0.000498397 0.00118735 
8 6 6 0.39117 -0.000292237 0.00173593 
9 6 6 0.394628 -0.000355685 0.00123141 
10 6 6 0.395378 -0.00121965 -0.00116958 
11 6 6 0.393105 -0.000978198 -0.00128707 
12 6 6 0.395564 -0.000565918 -0.000819666 
13 6 6 0.397724 -0.000353619 -0.000749023 
14 6 6 0.398965 0.0004225 0.000624262 
15 6 6 0.412143 -0.00115214 -0.00290292 
0 7 7 0.533218 -0.000477673 -0.00280681 
1 7 7 0.535647 0.000187479 -0.000925807 
2 7 7 0.535415 0.000530677 0.000544151 
3 7 7 0.533404 0.000535001 0.00147737 
4 7 7 0.530521 0.000283461 0.00190604 
5 7 7 0.527504 -9.4863e-05 0.00193324 
6 7 7 0.524857 -0.000458409 0.00167319 
7 7 7 0.522871 -0.000643437 0.00124182 
8 7 7 0.521757 -0.000353072 0.000903938 
9 7 7 0.5216 -0.000394119 0.000530269 
10 7 7 0.522516 -0.00166559 -0.00111531 
11 7 7 0.524114 -0.00125982 -0.00135539 
12 7 7 0.52641 -0.000754379 -0.00139145 
13 7 7 0.528817 -0.000464538 -0.00124247 
14 7 7 0.530669 5.74679e-05 0.000519238 
15 7 7 0.539579 -0.00053693 -0.00359267 
0 8 8 0.542601 0.000288223 -0.00296727 
1 8 8 0.54504 0.000428523 -0.000891436 
2 8 8 0.544853 0.000390601 0.000654447 
3 8 8 0.542946 0.000178806 0.00155353 
4 8 8 0.540214 -0.000148643 0.00187503 
5 8 8 0.537375 -0.000503125 0.00176631 
6 8 8 0.53493 -0.000782511 0.00137863 
7 8 8 0.533211 -0.000891502 0.00083595 
8 8 8 0.532486 -0.000800337 0.000228179 
9 8 8 0.532854 -0.00077071 -0.000398071 
10 8 8 0.533809 -0.000889741 -0.00100995 
11 8 8 0.535313 -0.000672171 -0.00143393 
12 8 8 0.537434 -0.000390375 -0.00159026 
13 8 8 0.53967 -0.000175068 -0.00136395 
14 8 8 0.5414 -0.000169376 0.000506377 
15 8 8 0.549612 0.000459738 -0.00361091 
0 9 9 0.434512 0.000788905 -0.00204428 
1 9 9 0.436809 0.000479972 -0.000618762 
2 9 9 0.43678 0.000120224 0.000407553 
3 9 9 0.435225 -0.000242277 0.000964094 
4 9 9 0.432928 -0.00056515 0.00111301 
5 9 9 0.430519 -0.000809665 0.000972558 
6 9 9 0.428448 -0.000935878 0.000662071 
7 9 9 0.427008 -0.000921005 0.000275048 
8 9 9 0.426381 -0.000786489 -0.000129169 
9 9 9 0.426605 -0.000607492 -0.000518861 
10 9 9 0.42755 -0.000410197 -0.00085477 
11 9 9 0.429078 -0.000174273 -0.00107729 
12 9 9 0.431002 3.30712e-05 -0.00114057 
13 9 9 0.432961 0.000129499 -0.000942231 
14 9 9 0.434165 -0.000377357 0.000616193 
15 9 9 0.445939 0.00122976 -0.00302065 
0 10 10 0.263235 0.000600177 -0.000904535 
1 10 10 0.265211 0.00029877 -0.000334819 
2 10 10 0.26547 -1.11781e-05 6.47091e-05 
3 10 10 0.264546 -0.00027966 0.000268859 
4 10 10 0.262993 -0.000478135 0.000308337 
5 10 10 0.261281 -0.000596404 0.000237547 
6 10 10 0.259756 -0.00062764 0.000110123 
7 10 10 0.258644 -0.000576814 -3.4671e-05 
8 10 10 0.258075 -0.000463859 -0.000174354 
9 10 10 0.258094 -0.000319674 -0.000298982 
10 10 10 0.258664 -0.000162469 -0.000398013 
11 10 10 0.259691 -8.76065e-06 -0.000457965 
12 10 10 0.26102 0.000107984 -0.000466152 
13 10 10 0.262378 0.00013178 -0.00038087 
14 10 10 0.262762 -0.000458616 0.000483219 
15 10 10 0.272672 0.00148975 -0.00218042 
0 11 11 0.0908572 0.000131925 -0.000194804 
1 11 11 0.0918993 6.85843e-05 -9.91326e-05 
2 11 11 0.0922356 -2.26041e-06 -3.37228e-05 
3 11 11 0.0920404 -6.60597e-05 -2.37948e-06 
4 11 11 0.0915229 -0.00011337 1.35441e-06 
5 11 11 0.0908746 -0.000142522 -1.12962e-05 
6 11 11 0.0902453 -0.000151267 -3.03902e-05 
7 11 11 0.0897337 -0.000141901 -4.90865e-05 
8 11 11 0.0894008 -0.000118594 -6.45863e-05 
9 11 11 0.0892776 -8.83934e-05 -7.63028e-05 
10 11 11 0.0893675 -5.35279e-05 -8.38854e-05 
11 11 11 0.0896493 -1.81054e-05 -8.63038e-05 
12 11 11 0.0900759 1.003e-05 -8.31166e-05 
13 11 11 0.090551 2.07007e-05 -6.89537e-05 
14 11 11 0.0906377 -0.000107452 8.3782e-05 
15 11 11 0.090985 0.00117849 -0.00122766 
0 12 12 0 0 0 
1 12 12 0 0 0 
2 12 12 0 0 0 
3 12 12 0 0 0 
4 12 12 0 0 0 
5 12 12 0 0 0 
6 12 12 0 0 0 
7 12 12 0 0 0 
8 12 12 0 0 0 
9 12 12 0 0 0 
10 12 12 0 0 0 
11 12 12 0 0 0 
12 12 12 0 0 0 
13 12 12 0 0 0 
14 12 12 0 0 0 
15 12 12 0 0 0 
0 13 13 0 0 0 
1 13 13 0 0 0 
2 13 13 0 0 0 
3 13 13 0 0 0 
4 13 13 0 0 0 
5 13 13 0 0 0 
6 13 13 0 0 0 
7 13 13 0 0 0 
8 13 13 0 0 0 
9 13 13 0 0 0 
10 13 13 0 0 0 
11 13 13 0 0 0 
12 13 13 0 0 0 
13 13 13 0 0 0 
14 13 13 0 0 0 
15 13 13 0 0 0 
0 14 14 0 0 0 
1 14 14 0 0 0 
2 14 14 0 0 0 
3 14 14 0 0 0 
4 14 14 0 0 0 
5 14 14 0 0 0 
6 14 14 0 0 0 
7 14 14 0 0 0 
8 14 14 0 0 0 
9 14 14 0 0 0 
10 14 14 0 0 0 
11 14 14 0 0 0 
12 14 14 0 0 0 
13 14 14 0 0 0 
14 14 14 0 0 0 
15 14 14 0 0 0 
0 15 15 0 0 0 
1 15 15 0 0 0 
2 15 15 0 0 0 
3 15 15 0 0 0 
4 15 15 0 0 0 
5 15 15 0 0 0 
6 15 15 0 0 0 
7 15 15 0 0 0 
8 15 15 0 0 0 
9 15 15 0 0 0 
10 15 15 0 0 0 
11 15 15 0 0 0 
12 15 15 0 0 0 
13 15 15 0 0 0 
14 15 15 0 0 0 
15 15 15 0 0 0 
0 0 0 0 0 0 
1 0 0 0 0 0 
2 0 0 0 0 0 
3 0 0 0 0 0 
4 0 0 0 0 0 
5 0 0 0 0 0 
6 0 0 0 0 0 
7 0 0 0 0 0 
8 0 0 0 0 0 
9 0 0 0 0 0 
10 0 0 0 0 0 
11 0 0 0 0 0 
12 0 0 0 0 0 
13 0 0 0 0 0 
14 0 0 0 0 0 
15 0 0 0 0 0 
0 1 1 0 0 0 
1 1 1 0 0 0 
2 1 1 0 0 0 
3 1 1 0 0 0 
4 1 1 0 0 0 
5 1 1 0 0 0 
6 1 1 0 0 0 
7 1 1 0 0 0 
8 1 1 0 0 0 
9 1 1 0 0 0 
10 1 1 0 0 0 
11 1 1 0 0 0 
12 1 1 0 0 0 
13 1 1 0 0 0 
14 1 1 0 0 0 
15 1 1 0 0 0 
0 2 2 0 0 0 
1 2 2 0 0 0 
2 2 2 0 0 0 
3 2 2 0 0 0 
4 2 2 0 0 0 
5 2 2 0 0 0 
6 2 2 0 0 0 
7 2 2 0 0 0 
8 2 2 0 0 0 
9 2 2 0 0 0 
10 2 2 0 0 0 
11 2 2 0 0 0 
12 2 2 0 0 0 
13 2 2 0 0 0 
14 2 2 0 0 0 
15 2 2 0 0 0 
0 3 3 0 0 0 
1 3 3 0 0 0 
2 3 3 0 0 0 
3 3 3 0 0 0 
4 3 3 0 0 0 
5 3 3 0 0 0 
6 3 3 0 0 0 
7 3 3 0 0 0 
8 3 3 0 0 0 
9 3 3 0 0 0 
10 3 3 0 0 0 
11 3 3 0 0 0 
12 3 3 0 0 0 
13 3 3 0 0 0 
14 3 3 0 0 0 
15 3 3 0 0 0 
0 4 4 0.234914 -0.000632633 -0.000527001 
1 4 4 0.23659 -0.000213798 -0.000268762 
2 4 4 0.236682 7.87362e-05 2.53691e-05 
3 4 4 0.235639 0.000230383 0.000290541 
4 4 4 0.23397 0.000263693 0.000488695 
5 4 4 0.232119 0.000214347 0.000608882 
6 4 4 0.230421 0.00011334 0.000657022 
7 4 4 0.22912 -2.15585e-05 0.000651047 
8 4 4 0.228413 -0.000164253 0.000589443 
9 4 4 0.228339 -0.000208518 0.000378444 
10 4 4 0.228618 -0.000162291 5.42165e-05 
11 4 4 0.22928 -0.000187806 -0.000144126 
12 4 4 0.230329 -0.000199685 -0.000257541 
13 4 4 0.231455 -0.000153045 -0.000271993 
14 4 4 0.23166 0.000526456 0.000249837 
15 4 4 0.24073 -0.0020796 -0.00147627 
0 5 5 0.500613 -0.00160005 -0.00184404 
1 5 5 0.502623 -0.000191106 -0.00078158 
2 5 5 0.502062 0.000777026 0.000183228 
3 5 5 0.499781 0.00124533 0.000924695 
4 5 5 0.496668 0.00129176 0.00140227 
5 5 5 0.493455 0.00104722 0.00162931 
6 5 5 0.490655 0.000631667 0.00164683 
7 5 5 0.488605 0.00011838 0.00152556 
8 5 5 0.4876 -0.000446038 0.00136042 
9 5 5 0.48786 -0.00073394 0.000856334 
10 5 5 0.488531 -0.00069602 -0.000212545 
11 5 5 0.489698 -0.000858947 -0.000655988 
12 5 5 0.491665 -0.00087671 -0.000878171 
13 5 5 0.493753 -0.000646942 -0.000900297 
14 5 5 0.495183 0.000683308 0.000286188 
15 5 5 0.50344 -0.00217109 -0.00243263 
0 6 6 0.894188 -0.00264668 -0.00482471 
1 6 6 0.896837 3.18478e-06 -0.00167215 
2 6 6 0.896486 0.00193381 0.000826312 
3 6 6 0.894042 0.0029163 0.00244807 
4 6 6 0.890557 0.00303845 0.00325962 
5 6 6 0.886894 0.00253882 0.00343658 
6 6 6 0.883629 0.00167615 0.00315685 
7 6 6 0.881092 0.000663775 0.00260857 
8 6 6 0.879541 -0.0003144 0.00212836 
9 6 6 0.87962 -0.00102652 0.00122858 
10 6 6 0.880085 -0.00171054 -0.00131368 
11 6 6 0.881027 -0.00200564 -0.00202917 
12 6 6 0.883147 -0.0019363 -0.00231834 
13 6 6 0.885677 -0.00151393 -0.00231812 
14 6 6 0.888508 -0.000225541 -0.000869004 
15 6 6 0.889713 -0.00237199 -0.00452601 
0 7 7 1.16725 -0.00145569 -0.00832112 
1 7 7 1.17003 0.00054547 -0.00265393 
2 7 7 1.17073 0.00218431 0.00170214 
3 7 7 1.16978 0.00311039 0.00430377 
4 7 7 1.16789 0.00326919 0.00534207 
5 7 7 1.16569 0.00280597 0.00524079 
6 7 7 1.16359 0.00195857 0.00439732 
7 7 7 1.1618 0.000993352 0.00312656 
8 7 7 1.16056 0.000171161 0.00171326 
9 7 7 1.1603 -0.000648407 4.94144e-05 
10 7 7 1.16018 -0.00169703 -0.00214737 
11 7 7 1.16021 -0.00192887 -0.00345644 
12 7 7 1.16117 -0.00176293 -0.00406356 
13 7 7 1.16275 -0.00138155 -0.00399367 
14 7 7 1.16524 -0.000616266 -0.00253711 
15 7 7 1.16577 -0.00119079 -0.00628964 
0 8 8 1.18732 0.00194098 -0.0088958 
1 8 8 1.19032 0.00156162 -0.00263535 
2 8 8 1.19141 0.00141213 0.00213336 
3 8 8 1.19105 0.00132594 0.00488787 
4 8 8 1.18988 0.00115163 0.00583792 
5 8 8 1.18846 0.00083472 0.00548009 
6 8 8 1.18711 0.000428666 0.00429669 
7 8 8 1.186 4.91995e-05 0.00265853 
8 8 8 1.18529 -0.000208991 0.000825647 
9 8 8 1.18506 -0.000401242 -0.00105501 
10 8 8 1.18512 -0.000524426 -0.00281293 
11 8 8 1.18548 -0.000359582 -0.00409543 
12 8 8 1.18636 -6.54359e-05 -0.00471084 
13 8 8 1.1877 0.000188773 -0.00446345 
14 8 8 1.18997 0.00029369 -0.00282151 
15 8 8 1.19028 0.00122003 -0.00644187 
0 9 9 0.952279 0.00357176 -0.00574301 
1 9 9 0.95561 0.00174023 -0.00143493 
2 9 9 0.956196 0.000372916 0.00172517 
3 9 9 0.954969 -0.000498396 0.00344768 
4 9 9 0.952899 -0.000982404 0.0039078 
5 9 9 0.950709 -0.00119705 0.00346473 
6 9 9 0.948839 -0.00120293 0.00247366 
7 9 9 0.94754 -0.00102066 0.0012135 
8 9 9 0.946952 -0.000676521 -0.000118677 
9 9 9 0.947124 -0.000229526 -0.00138402 
10 9 9 0.948002 0.000276178 -0.00245085 
11 9 9 0.949509 0.000795701 -0.0031756 
12 9 9 0.951523 0.00119341 -0.00343623 
13 9 9 0.953815 0.00127581 -0.00304513 
14 9 9 0.956583 0.000552609 -0.00124847 
15 9 9 0.957815 0.0028136 -0.00478443 
0 10 10 0.551783 0.00229422 -0.00224815 
1 10 10 0.554494 0.000973989 -0.000547326 
2 10 10 0.554617 -7.64281e-05 0.000635497 
3 10 10 0.553076 -0.000779536 0.00122578 
4 10 10 0.550759 -0.00115758 0.00131542 
5 10 10 0.548353 -0.00127223 0.00106203 
6 10 10 0.546324 -0.00117819 0.00061961 
7 10 10 0.544954 -0.000921988 0.000106758 
8 10 10 0.544397 -0.000553053 -0.000397319 
9 10 10 0.544702 -0.000126943 -0.000840909 
10 10 10 0.545821 0.000304628 -0.00118207 
11 10 10 0.547612 0.000682764 -0.00138215 
12 10 10 0.549841 0.000923682 -0.00140495 
13 10 10 0.552128 0.000877376 -0.00114576 
14 10 10 0.553939 -0.000360179 0.000300138 
15 10 10 0.558858 0.00254385 -0.00259271 
0 11 11 0.26744 0.000894308 -0.000706314 
1 11 11 0.269488 0.000397449 -0.000255602 
2 11 11 0.269797 -2.77296e-05 4.5316e-05 
3 11 11 0.268909 -0.000330848 0.000183744 
4 11 11 0.267388 -0.000503047 0.000191161 
5 11 11 0.265707 -0.000562274 0.000115396 
6 11 11 0.264215 -0.000529583 2.08477e-06 
7 11 11 0.263133 -0.000426876 -0.000116702 
8 11 11 0.262587 -0.000277742 -0.000222905 
9 11 11 0.262629 -0.000106874 -0.000308001 
10 11 11 0.263236 6.4977e-05 -0.000366359 
11 11 11 0.264316 0.000214475 -0.000393071 
12 11 11 0.265704 0.000310322 -0.000382495 
13 11 11 0.267119 0.000293199 -0.000299395 
14 11 11 0.267566 -0.000531889 0.00038206 
15 11 11 0.277681 0.00213002 -0.00160106 
0 12 12 0.0445302 8.31731e-05 -4.73599e-05 
1 12 12 0.04507 4.4442e-05 -2.56899e-05 
2 12 12 0.0452657 7.02009e-06 -1.2983e-05 
3 12 12 0.0451969 -2.2752e-05 -9.05889e-06 
4 12 12 0.0449643 -4.17114e-05 -1.14696e-05 
5 12 12 0.0446599 -5.1413e-05 -1.66854e-05 
6 12 12 0.0443587 -5.25162e-05 -2.22153e-05 
7 12 12 0.0441079 -4.68662e-05 -2.6368e-05 
8 12 12 0.0439384 -3.62968e-05 -2.86562e-05 
9 12 12 0.0438671 -2.33634e-05 -2.90875e-05 
10 12 12 0.0438988 -8.95259e-06 -2.79618e-05 
11 12 12 0.044025 5.17709e-06 -2.55377e-05 
12 12 12 0.0442241 1.5697e-05 -2.21871e-05 
13 12 12 0.044454 1.90187e-05 -1.69634e-05 
14 12 12 0.0445311 -4.59442e-05 1.10248e-05 
15 12 12 0.0430925 0.000841823 -0.00059712 
0 13 13 0 0 0 
1 13 13 0 0 0 
2 13 13 0 0 0 
3 13 13 0 0 0 
4 13 13 0 0 0 
5 13 13 0 0 0 
6 13 13 0 0 0 
7 13 13 0 0 0 
8 13 13 0 0 0 
9 13 13 0 0 0 
10 13 13 0 0 0 
11 13 13 0 0 0 
12 13 13 0 0 0 
13 13 13 0 0 0 
14 13 13 0 0 0 
15 13 13 0 0 0 
0 14 14 0 0 0 
1 14 14 0 0 0 
2 14 14 0 0 0 
3 14 14 0 0 0 
4 14 14 0 0 0 
5 14 14 0 0 0 
6 14 14 0 0 0 
7 14 14 0 0 0 
8 14 14 0 0 0 
9 14 14 0 0 0 
10 14 14 0 0 0 
11 14 14 0 0 0 
12 14 14 0 0 0 
13 14 14 0 0 0 
14 14 14 0 0 0 
15 14 14 0 0 0 
0 15 15 0 0 0 
1 15 15 0 0 0 
2 15 15 0 0 0 
3 15 15 0 0 0 
4 15 15 0 0 0 
5 15 15 0 0 0 
6 15 15 0 0 0 
7 15 15 0 0 0 
8 15 15 0 0 0 
9 15 15 0 0 0 
10 15 15 0 0 0 
11 15 15 0 0 0 
12 15 15 0 0 0 
13 15 15 0 0 0 
14 15 15 0 0 0 
15 15 15 0 0 0 
0 0 0 0 0 0 
1 0 0 0 0 0 
2 0 0 0 0 0 
3 0 0 0 0 0 
4 0 0 0 0 0 
5 0 0 0 0 0 
6 0 0 0 0 0 
7 0 0 0 0 0 
8 0 0 0 0 0 
9 0 0 0 0 0 
10 0 0 0 0 0 
11 0 0 0 0 0 
12 0 0 0 0 0 
13 0 0 0 0 0 
14 0 0 0 0 0 
15 0 0 0 0 0 
0 1 1 0 0 0 
1 1 1 0 0 0 
2 1 1 0 0 0 
3 1 1 0 0 0 
4 1 1 0 0 0 
5 1 1 0 0 0 
6 1 1 0 0 0 
7 1 1 0 0 0 
8 1 1 0 0 0 
9 1 1 0 0 0 
10 1 1 0 0 0 
11 1 1 0 0 0 
12 1 1 0 0 0 
13 1 1 0 0 0 
14 1 1 0 0 0 
15 1 1 0 0 0 
0 2 2 0 0 0 
1 2 2 0 0 0 
2 2 2 0 0 0 
3 2 2 0 0 0 
4 2 2 0 0 0 
5 2 2 0 0 0 
6 2 2 0 0 0 
7 2 2 0 0 0 
8 2 2 0 0 0 
9 2 2 0 0 0 
10 2 2 0 0 0 
11 2 2 0 0 0 
12 2 2 0 0 0 
13 2 2 0 0 0 
14 2 2 0 0 0 
15 2 2 0 0 0 
0 3 3 0.116922 -0.000273795 -0.000107692 
1 3 3 0.118076 -0.000128735 -6.46238e-05 
2 3 3 0.118357 -1.06269e-05 1.17828e-06 
3 3 3 0.117977 6.68562e-05 6.95985e-05 
4 3 3 0.1172 0.000104694 0.000126183 
5 3 3 0.116262 0.000110395 0.000165542 
6 3 3 0.115353 9.36223e-05 0.000185725 
7 3 3 0.114606 6.28203e-05 0.000185503 
8 3 3 0.114114 2.76716e-05 0.000160976 
9 3 3 0.113902 -2.14746e-06 0.000105933 
10 3 3 0.11396 -2.75473e-05 3.49091e-05 
11 3 3 0.114259 -5.12851e-05 -2.40415e-05 
12 3 3 0.114746 -6.81996e-05 -6.29137e-05 
13 3 3 0.115302 -6.37753e-05 -7.26237e-05 
14 3 3 0.11541 0.000175536 3.3314e-05 
15 3 3 0.115949 -0.00195353 -0.000720836 
0 4 4 0.386126 -0.00148066 -0.000759578 
1 4 4 0.387868 -0.000382419 -0.000384635 
2 4 4 0.38738 0.000446876 2.08065e-05 
3 4 4 0.3854 0.000935064 0.000380738 
4 4 4 0.382697 0.00111174 0.000649118 
5 4 4 0.379902 0.00105164 0.000810999 
6 4 4 0.377472 0.000831697 0.000867439 
7 4 4 0.375711 0.000515884 0.000826775 
8 4 4 0.374802 0.000164628 0.000687996 
9 4 4 0.374765 -0.000154336 0.000433779 
10 4 4 0.375453 -0.000410802 0.000109961 
11 4 4 0.376719 -0.000602927 -0.000172431 
12 4 4 0.378366 -0.000683331 -0.000369233 
13 4 4 0.38002 -0.000555371 -0.000414106 
14 4 4 0.38076 0.000839531 0.000202019 
15 4 4 0.392429 -0.00266641 -0.00115966 
0 5 5 0.875449 -0.00419813 -0.00277286 
1 5 5 0.877562 -0.000596776 -0.00111516 
2 5 5 0.876617 0.00213406 0.000281683 
3 5 5 0.873587 0.0037011 0.00128193 
4 5 5 0.869578 0.0042038 0.00188715 
5 5 5 0.865494 0.00390624 0.00215606 
6 5 5 0.861953 0.00307837 0.0021498 
7 5 5 0.859346 0.00194076 0.00192011 
8 5 5 0.857915 0.000681037 0.00149244 
9 5 5 0.857702 -0.000491876 0.000813164 
10 5 5 0.858409 -0.00144825 -4.28261e-05 
11 5 5 0.859863 -0.00215015 -0.000752519 
12 5 5 0.861924 -0.00243244 -0.00124212 
13 5 5 0.864191 -0.00210294 -0.00138252 
14 5 5 0.866631 -0.000312785 -0.000545663 
15 5 5 0.867502 -0.00396694 -0.00266988 
0 6 6 1.41508 -0.00686931 -0.00745622 
1 6 6 1.41609 -0.00128991 -0.00280464 
2 6 6 1.41698 0.00339733 0.000877136 
3 6 6 1.41723 0.00636488 0.00314196 
4 6 6 1.41683 0.0075678 0.00414663 
5 6 6 1.41596 0.00735965 0.00426525 
6 6 6 1.41479 0.00616872 0.00382018 
7 6 6 1.41345 0.00437143 0.00302163 
8 6 6 1.41211 0.00228539 0.00198314 
9 6 6 1.41089 0.000195608 0.000649744 
10 6 6 1.4096 -0.00166482 -0.000908313 
11 6 6 1.40831 -0.00308003 -0.0021551 
12 6 6 1.40741 -0.00381362 -0.00298452 
13 6 6 1.40703 -0.00369743 -0.00328932 
14 6 6 1.40775 -0.00262053 -0.00278146 
15 6 6 1.40595 -0.00472524 -0.00512902 
0 7 7 1.71849 -0.00321299 -0.0129797 
1 7 7 1.71451 -0.000330775 -0.00542852 
2 7 7 1.71546 0.00265327 0.000928466 
3 7 7 1.71932 0.00495054 0.00492139 
4 7 7 1.72427 0.00623634 0.00661192 
5 7 7 1.72905 0.00652346 0.00664754 
6 7 7 1.73288 0.00598205 0.00567304 
7 7 7 1.73531 0.00484038 0.00413243 
8 7 7 1.73618 0.00333755 0.0022814 
9 7 7 1.73547 0.00167232 0.000207711 
10 7 7 1.73315 6.23014e-05 -0.00193109 
11 7 7 1.7295 -0.00119646 -0.00370443 
12 7 7 1.7252 -0.00195988 -0.00489822 
13 7 7 1.72095 -0.00216364 -0.00536762 
14 7 7 1.71765 -0.00182932 -0.00507302 
15 7 7 1.71161 -0.00236706 -0.00720606 
0 8 8 1.73563 0.0056665 -0.0139279 
1 8 8 1.73151 0.00326727 -0.00580629 
2 8 8 1.73279 0.00177631 0.00116382 
3 8 8 1.73745 0.00126786 0.00561479 
4 8 8 1.7436 0.00140951 0.00750869 
5 8 8 1.74985 0.00177332 0.00748773 
6 8 8 1.75521 0.00206838 0.00625133 
7 8 8 1.75909 0.002185 0.00432195 
8 8 8 1.76113 0.0021331 0.00204301 
9 8 8 1.7612 0.00196409 -0.000358554 
10 8 8 1.75934 0.00177409 -0.00264962 
11 8 8 1.75586 0.00167636 -0.00453013 
12 8 8 1.75139 0.00165814 -0.0057493 
13 8 8 1.74674 0.00164099 -0.00610767 
14 8 8 1.74293 0.00161907 -0.00563201 
15 8 8 1.73643 0.00239381 -0.00754523 
0 9 9 1.47067 0.0095913 -0.00912959 
1 9 9 1.47242 0.00423179 -0.00303992 
2 9 9 1.475 0.000293205 0.00184731 
3 9 9 1.47779 -0.00183194 0.00477116 
4 9 9 1.48054 -0.00247605 0.0058211 
5 9 9 1.48307 -0.00220089 0.00547911 
6 9 9 1.48516 -0.00145399 0.00425544 
7 9 9 1.48662 -0.000496178 0.00255277 
8 9 9 1.48731 0.000538331 0.00066069 
9 9 9 1.4872 0.00157013 -0.00120502 
10 9 9 1.48638 0.00254083 -0.00285006 
11 9 9 1.48506 0.0033713 -0.00408078 
12 9 9 1.48361 0.00390798 -0.00472293 
13 9 9 1.48249 0.00393898 -0.00460801 
14 9 9 1.48252 0.00333624 -0.0036655 
15 9 9 1.48003 0.00551266 -0.0056435 
0 10 10 0.968914 0.00621611 -0.00361655 
1 10 10 0.972569 0.00227997 -0.000816171 
2 10 10 0.973569 -0.000584496 0.00120935 
3 10 10 0.972836 -0.00219841 0.00227067 
4 10 10 0.971307 -0.00276561 0.00249005 
5 10 10 0.969656 -0.00260711 0.00211506 
6 10 10 0.968279 -0.00199375 0.0013933 
7 10 10 0.967376 -0.00111403 0.000520086 
8 10 10 0.96705 -0.000101955 -0.000366617 
9 10 10 0.967354 0.000932012 -0.00116875 
10 10 10 0.968296 0.0018843 -0.00180614 
11 10 10 0.969833 0.00263818 -0.00220819 
12 10 10 0.971853 0.00304267 -0.00231185 
13 10 10 0.974174 0.00285315 -0.00200537 
14 10 10 0.977037 0.00130625 -0.000851812 
15 10 10 0.978376 0.00488307 -0.00298284 
0 11 11 0.443198 0.00218124 -0.000935428 
1 11 11 0.445768 0.000822828 -0.000249212 
2 11 11 0.445997 -0.000210737 0.000209806 
3 11 11 0.444694 -0.000842707 0.000420805 
4 11 11 0.442649 -0.00110954 0.00042989 
5 11 11 0.440486 -0.00109903 0.000307091 
6 11 11 0.43864 -0.000897328 0.000119304 
7 11 11 0.437381 -0.00057372 -8.43385e-05 
8 11 11 0.436859 -0.000185956 -0.000273939 
9 11 11 0.43713 0.000215348 -0.000431667 
10 11 11 0.438159 0.000584799 -0.000544213 
11 11 11 0.439819 0.000874164 -0.000600944 
12 11 11 0.441884 0.00102213 -0.000590895 
13 11 11 0.443987 0.000897378 -0.000467334 
14 11 11 0.445338 -0.000630916 0.000269603 
15 11 11 0.457642 0.00299986 -0.00139888 
0 12 12 0.155007 0.000453631 -0.000176698 
1 12 12 0.156568 0.000212742 -8.6962e-05 
2 12 12 0.156986 1.08059e-05 -2.85933e-05 
3 12 12 0.156574 -0.00012772 -3.41458e-06 
4 12 12 0.155685 -0.000200081 -3.59118e-06 
5 12 12 0.154626 -0.000218794 -1.82538e-05 
6 12 12 0.153636 -0.000198072 -3.76612e-05 
7 12 12 0.152867 -0.000150165 -5.62109e-05 
8 12 12 0.152412 -8.60099e-05 -7.13319e-05 
9 12 12 0.152316 -1.61896e-05 -8.25974e-05 
10 12 12 0.152578 5.25408e-05 -8.90096e-05 
11 12 12 0.153158 0.000111977 -9.04938e-05 
12 12 12 0.153961 0.000148723 -8.61017e-05 
13 12 12 0.15482 0.000139549 -6.92479e-05 
14 12 12 0.155025 -0.000268139 8.0814e-05 
15 12 12 0.160906 0.00227075 -0.000941009 
0 13 13 0 0 0 
1 13 13 0 0 0 
2 13 13 0 0 0 
3 13 13 0 0 0 
4 13 13 0 0 0 
5 13 13 0 0 0 
6 13 13 0 0 0 
7 13 13 0 0 0 
8 13 13 0 0 0 
9 13 13 0 0 0 
10 13 13 0 0 0 
11 13 13 0 0 0 
12 13 13 0 0 0 
13 13 13 0 0 0 
14 13 13 0 0 0 
15 13 13 0 0 0 
0 14 14 0 0 0 
1 14 14 0 0 0 
2 14 14 0 0 0 
3 14 14 0 0 0 
4 14 14 0 0 0 
5 14 14 0 0 0 
6 14 14 0 0 0 
7 14 14 0 0 0 
8 14 14 0 0 0 
9 14 14 0 0 0 
10 14 14 0 0 0 
11 14 14 0 0 0 
12 14 14 0 0 0 
13 14 14 0 0 0 
14 14 14 0 0 0 
15 14 14 0 0 0 
0 15 15 0 0 0 
1 15 15 0 0 0 
2 15 15 0 0 0 
3 15 15 0 0 0 
4 15 15 0 0 0 
5 15 15 0 0 0 
6 15 15 0 0 0 
7 15 15 0 0 0 
8 15 15 0 0 0 
9 15 15 0 0 0 
10 15 15 0 0 0 
11 15 15 0 0 0 
12 15 15 0 0 0 
13 15 15 0 0 0 
14 15 15 0 0 0 
15 15 15 0 0 0 
0 0 0 0 0 0 
1 0 0 0 0 0 
2 0 0 0 0 0 
3 0 0 0 0 0 
4 0 0 0 0 0 
5 0 0 0 0 0 
6 0 0 0 0 0 
7 0 0 0 0 0 
8 0 0 0 0 0 
9 0 0 0 0 0 
10 0 0 0 0 0 
11 0 0 0 0 0 
12 0 0 0 0 0 
13 0 0 0 0 0 
14 0 0 0 0 0 
15 0 0 0 0 0 
0 1 1 0 0 0 
1 1 1 0 0 0 
2 1 1 0 0 0 
3 1 1 0 0 0 
4 1 1 0 0 0 
5 1 1 0 0 0 
6 1 1 0 0 0 
7 1 1 0 0 0 
8 1 1 0 0 0 
9 1 1 0 0 0 
10 1 1 0 0 0 
11 1 1 0 0 0 
12 1 1 0 0 0 
13 1 1 0 0 0 
14 1 1 0 0 0 
15 1 1 0 0 0 
0 2 2 0 0 0 
1 2 2 0 0 0 
2 2 2 0 0 0 
3 2 2 0 0 0 
4 2 2 0 0 0 
5 2 2 0 0 0 
6 2 2 0 0 0 
7 2 2 0 0 0 
8 2 2 0 0 0 
9 2 2 0 0 0 
10 2 2 0 0 0 
11 2 2 0 0 0 
12 2 2 0 0 0 
13 2 2 0 0 0 
14 2 2 0 0 0 
15 2 2 0 0 0 
0 3 3 0.150248 -0.000466634 -7.54268e-05 
1 3 3 0.151538 -0.000215609 -4.90147e-05 
2 3 3 0.151756 6.47509e-07 -5.18787e-06 
3 3 3 0.15118 0.000152338 4.29297e-05 
4 3 3 0.150147 0.000235056 8.36099e-05 
5 3 3 0.148952 0.000258522 0.000113363 
6 3 3 0.147823 0.000237892 0.000128873 
7 3 3 0.146916 0.000186633 0.000126981 
8 3 3 0.146332 0.00011808 0.000105583 
9 3 3 0.146107 4.24645e-05 6.5019e-05 
10 3 3 0.146233 -3.19975e-05 1.41314e-05 
11 3 3 0.146665 -9.66392e-05 -3.11835e-05 
12 3 3 0.147317 -0.000139306 -6.30609e-05 
13 3 3 0.148029 -0.000132321 -7.43548e-05 
14 3 3 0.148124 0.000344911 -2.72187e-05 
15 3 3 0.154896 -0.00233159 -0.00019446 
0 4 4 0.482997 -0.00223519 -0.000408915 
1 4 4 0.48472 -0.000563079 -0.000237625 
2 4 4 0.483914 0.000745569 -3.88984e-05 
3 4 4 0.481448 0.00155756 0.000152291 
4 4 4 0.478221 0.00189822 0.000308021 
5 4 4 0.474961 0.00186615 0.000415916 
6 4 4 0.472173 0.00156986 0.000468654 
7 4 4 0.470174 0.00110409 0.000460053 
8 4 4 0.469133 0.00055165 0.000385566 
9 4 4 0.469067 -1.22974e-05 0.000248164 
10 4 4 0.469873 -0.000522136 7.28559e-05 
11 4 4 0.471364 -0.000914212 -9.56592e-05 
12 4 4 0.473263 -0.00111278 -0.000227121 
13 4 4 0.47517 -0.000962792 -0.000280574 
14 4 4 0.476414 0.000772797 -4.79448e-05 
15 4 4 0.485001 -0.00324443 -0.000538721 
0 5 5 1.12402 -0.00685523 -0.0014886 
1 5 5 1.12589 -0.00136243 -0.000649647 
2 5 5 1.12528 0.00299657 3.91275e-05 
3 5 5 1.12277 0.00565819 0.000523715 
4 5 5 1.11925 0.00671363 0.000822085 
5 5 5 1.11553 0.00653249 0.000975358 
6 5 5 1.11219 0.00549716 0.00101177 
7 5 5 1.10956 0.00392194 0.000938312 
8 5 5 1.10783 0.00206629 0.000747668 
9 5 5 1.10704 0.000163026 0.000436881 
10 5 5 1.10709 -0.00157259 5.09366e-05 
11 5 5 1.10786 -0.00292884 -0.000318545 
12 5 5 1.10915 -0.00367176 -0.000613983 
13 5 5 1.11077 -0.00350699 -0.000761985 
14 5 5 1.11304 -0.00178426 -0.000573236 
15 5 5 1.11345 -0.00558494 -0.00133257 
0 6 6 1.69953 -0.0108406 -0.00400264 
1 6 6 1.69557 -0.00339852 -0.00172314 
2 6 6 1.69603 0.00329717 0.000142652 
3 6 6 1.69887 0.00783364 0.00129104 
4 6 6 1.70243 0.0100181 0.00178476 
5 6 6 1.70565 0.0103067 0.00184055 
6 6 6 1.70794 0.00924875 0.00164803 
7 6 6 1.70903 0.00728952 0.00131229 
8 6 6 1.70884 0.00478299 0.000865289 
9 6 6 1.70741 0.00204206 0.000306142 
10 6 6 1.70484 -0.000628295 -0.000315865 
11 6 6 1.70136 -0.00291107 -0.000883185 
12 6 6 1.69743 -0.00447469 -0.00132031 
13 6 6 1.69361 -0.00502169 -0.00156668 
14 6 6 1.69074 -0.00453929 -0.00158031 
15 6 6 1.68503 -0.00663943 -0.00239565 
0 7 7 2.01424 -0.00455208 -0.006959 
1 7 7 1.99605 -0.00140386 -0.00349629 
2 7 7 1.99067 0.00213285 -0.000280409 
3 7 7 1.99524 0.00501174 0.00188406 
4 7 7 2.00535 0.00682983 0.00288315 
5 7 7 2.01717 0.00762511 0.0030181 
6 7 7 2.02807 0.00756044 0.00263837 
7 7 7 2.03655 0.00679522 0.00198372 
8 7 7 2.04182 0.00548764 0.00117769 
9 7 7 2.04355 0.00381581 0.000275683 
10 7 7 2.04169 0.00199684 -0.000649675 
11 7 7 2.03656 0.000278111 -0.00147943 
12 7 7 2.02884 -0.00110251 -0.00211768 
13 7 7 2.01958 -0.00195176 -0.00249488 
14 7 7 2.01 -0.00223536 -0.00261266 
15 7 7 1.99756 -0.00299132 -0.003297 
0 8 8 2.02979 0.00961449 -0.00741406 
1 8 8 2.0107 0.00561663 -0.00378371 
2 8 8 2.00497 0.00237005 -0.00030317 
3 8 8 2.00992 0.00058261 0.00212199 
4 8 8 2.02112 0.000189521 0.00330112 
5 8 8 2.03456 0.000677045 0.00349962 
6 8 8 2.0474 0.00151382 0.00306836 
7 8 8 2.05791 0.00234052 0.0022738 
8 8 8 2.06506 0.00298062 0.00128371 
9 8 8 2.06831 0.003388 0.000205471 
10 8 8 2.06752 0.00359562 -0.000859043 
11 8 8 2.06294 0.00366229 -0.00179222 
12 8 8 2.05525 0.00361428 -0.00248598 
13 8 8 2.04557 0.00344872 -0.00285634 
14 8 8 2.03525 0.00321985 -0.00291533 
15 8 8 2.02207 0.003633 -0.00349987 
0 9 9 1.75033 0.0157844 -0.00491604 
1 9 9 1.74604 0.00742233 -0.00204929 
2 9 9 1.74758 0.000679366 0.000439751 
3 9 9 1.75297 -0.00325846 0.0020432 
4 9 9 1.76027 -0.00458744 0.0027243 
5 9 9 1.76793 -0.00415265 0.00269761 
6 9 9 1.77482 -0.00276662 0.00221384 
7 9 9 1.78014 -0.000976648 0.00147082 
8 9 9 1.7834 0.00090484 0.000606815 
9 9 9 1.78435 0.00270339 -0.000277915 
10 9 9 1.78303 0.0043024 -0.00109363 
11 9 9 1.77976 0.00558181 -0.00175004 
12 9 9 1.77517 0.00637518 -0.00216393 
13 9 9 1.77017 0.00649381 -0.0022665 
14 9 9 1.76589 0.00597868 -0.00207913 
15 9 9 1.75896 0.00780214 -0.00267775 
0 10 10 1.21999 0.0101581 -0.00195886 
1 10 10 1.22366 0.0036662 -0.000526562 
2 10 10 1.22579 -0.00109763 0.000549176 
3 10 10 1.22678 -0.00370822 0.00114216 
4 10 10 1.22719 -0.00449417 0.00130279 
5 10 10 1.2274 -0.00404158 0.00115366 
6 10 10 1.22758 -0.00286435 0.000818798 
7 10 10 1.22774 -0.00131909 0.000394933 
8 10 10 1.22789 0.000358744 -5.12657e-05 
9 10 10 1.22806 0.0019974 -0.000472291 
10 10 10 1.22832 0.00344631 -0.000826503 
11 10 10 1.22876 0.00454513 -0.00107406 
12 10 10 1.2295 0.005101 -0.00117882 
13 10 10 1.23067 0.00484286 -0.00109347 
14 10 10 1.23284 0.00331482 -0.000732312 
15 10 10 1.23298 0.00685442 -0.00145774 
0 11 11 0.576223 0.0033964 -0.000493514 
1 11 11 0.579196 0.00116097 -0.000139483 
2 11 11 0.579524 -0.000470646 0.000104292 
3 11 11 0.578154 -0.00139906 0.000225421 
4 11 11 0.575988 -0.00171802 0.000245932 
5 11 11 0.573717 -0.00159677 0.000198298 
6 11 11 0.571803 -0.00119355 0.000113668 
7 11 11 0.570526 -0.00062984 1.39803e-05 
8 11 11 0.570043 2.24389e-06 -8.7895e-05 
9 11 11 0.570415 0.000627405 -0.000183215 
10 11 11 0.571615 0.00117866 -0.000262396 
11 11 11 0.573514 0.00158677 -0.0003152 
12 11 11 0.575879 0.00176773 -0.000331443 
13 11 11 0.578341 0.00154346 -0.000284237 
14 11 11 0.580385 -0.000287953 1.35314e-05 
15 11 11 0.587188 0.00385564 -0.000651441 
0 12 12 0.229027 0.00082919 -0.000127398 
1 12 12 0.231016 0.000356085 -6.71737e-05 
2 12 12 0.231421 -1.68291e-05 -2.25423e-05 
3 12 12 0.230714 -0.000253746 3.21283e-06 
4 12 12 0.2294 -0.000360525 1.37059e-05 
5 12 12 0.227907 -0.000367157 1.30875e-05 
6 12 12 0.226558 -0.00030504 6.52925e-06 
7 12 12 0.225558 -0.000199963 -4.3331e-06 
8 12 12 0.225028 -7.27033e-05 -1.85321e-05 
9 12 12 0.225022 5.88623e-05 -3.53274e-05 
10 12 12 0.225529 0.000181045 -5.20957e-05 
11 12 12 0.226476 0.000279049 -6.59581e-05 
12 12 12 0.227715 0.000331668 -7.27958e-05 
13 12 12 0.229001 0.000292781 -6.43244e-05 
14 12 12 0.229366 -0.00045478 6.29335e-05 
15 12 12 0.239006 0.00275385 -0.000421461 
0 13 13 0 0 0 
1 13 13 0 0 0 
2 13 13 0 0 0 
3 13 13 0 0 0 
4 13 13 0 0 0 
5 13 13 0 0 0 
6 13 13 0 0 0 
7 13 13 0 0 0 
8 13 13 0 0 0 
9 13 13 0 0 0 
10 13 13 0 0 0 
11 13 13 0 0 0 
12 13 13 0 0 0 
13 13 13 0 0 0 
14 13 13 0 0 0 
15 13 13 0 0 0 
0 14 14 0 0 0 
1 14 14 0 0 0 
2 14 14 0 0 0 
3 14 14 0 0 0 
4 14 14 0 0 0 
5 14 14 0 0 0 
6 14 14 0 0 0 
7 14 14 0 0 0 
8 14 14 0 0 0 
9 14 14 0 0 0 
10 14 14 0 0 0 
11 14 14 0 0 0 
12 14 14 0 0 0 
13 14 14 0 0 0 
14 14 14 0 0 0 
15 14 14 0 0 0 
0 15 15 0 0 0 
1 15 15 0 0 0 
2 15 15 0 0 0 
3 15 15 0 0 0 
4 15 15 0 0 0 
5 15 15 0 0 0 
6 15 15 0 0 0 
7 15 15 0 0 0 
8 15 15 0 0 0 
9 15 15 0 0 0 
10 15 15 0 0 0 
11 15 15 0 0 0 
12 15 15 0 0 0 
13 15 15 0 0 0 
14 15 15 0 0 0 
15 15 15 0 0 0 
0 0 0 0 0 0 
1 0 0 0 0 0 
2 0 0 0 0 0 
3 0 0 0 0 0 
4 0 0 0 0 0 
5 0 0 0 0 0 
6 0 0 0 0 0 
7 0 0 0 0 0 
8 0 0 0 0 0 
9 0 0 0 0 0 
10 0 0 0 0 0 
11 0 0 0 0 0 
12 0 0 0 0 0 
13 0 0 0 0 0 
14 0 0 0 0 0 
15 0 0 0 0 0 
0 1 1 0 0 0 
1 1 1 0 0 0 
2 1 1 0 0 0 
3 1 1 0 0 0 
4 1 1 0 0 0 
5 1 1 0 0 0 
6 1 1 0 0 0 
7 1 1 0 0 0 
8 1 1 0 0 0 
9 1 1 0 0 0 
10 1 1 0 0 0 
11 1 1 0 0 0 
12 1 1 0 0 0 
13 1 1 0 0 0 
14 1 1 0 0 0 
15 1 1 0 0 0 
0 2 2 0 0 0 
1 2 2 0 0 0 
2 2 2 0 0 0 
3 2 2 0 0 0 
4 2 2 0 0 0 
5 2 2 0 0 0 
6 2 2 0 0 0 
7 2 2 0 0 0 
8 2 2 0 0 0 
9 2 2 0 0 0 
10 2 2 0 0 0 
11 2 2 0 0 0 
12 2 2 0 0 0 
13 2 2 0 0 0 
14 2 2 0 0 0 
15 2 2 0 0 0 
0 3 3 0.150194 -0.000473174 1.65647e-05 
1 3 3 0.15149 -0.000222108 -9.22241e-06 
2 3 3 0.151709 -2.80666e-06 -2.88723e-05 
3 3 3 0.151131 0.000152691 -3.82091e-05 
4 3 3 0.150095 0.000239812 -4.27207e-05 
5 3 3 0.148898 0.000267004 -3.98179e-05 
6 3 3 0.147766 0.000248971 -3.22473e-05 
7 3 3 0.146855 0.000198419 -2.38931e-05 
8 3 3 0.146262 0.000128235 -1.9638e-05 
9 3 3 0.14603 4.77902e-05 -1.90865e-05 
10 3 3 0.146154 -3.28845e-05 -2.17784e-05 
11 3 3 0.146591 -0.000103008 -2.45551e-05 
12 3 3 0.147249 -0.000149685 -2.71044e-05 
13 3 3 0.14797 -0.000144442 -3.21745e-05 
14 3 3 0.14807 0.000333997 -7.15484e-05 
15 3 3 0.15484 -0.00233748 0.00011795 
0 4 4 0.482811 -0.00225581 0.000262501 
1 4 4 0.484547 -0.000590217 4.57252e-05 
2 4 4 0.483745 0.000723742 -0.000127452 
3 4 4 0.481271 0.00154803 -0.000238018 
4 4 4 0.478032 0.00190447 -0.000290576 
5 4 4 0.47476 0.00188757 -0.000292501 
6 4 4 0.471963 0.00160322 -0.000255085 
7 4 4 0.469954 0.00114438 -0.00019409 
8 4 4 0.468893 0.000591299 -0.00012668 
9 4 4 0.468807 1.62901e-05 -6.24791e-05 
10 4 4 0.469606 -0.000511566 -8.96494e-06 
11 4 4 0.471105 -0.000922266 3.02044e-05 
12 4 4 0.473019 -0.00113875 4.55568e-05 
13 4 4 0.474945 -0.00100151 1.44431e-05 
14 4 4 0.476206 0.000732557 -0.00024563 
15 4 4 0.484793 -0.00327496 0.000270648 
0 5 5 1.12358 -0.00686453 0.00137386 
1 5 5 1.12546 -0.00140162 0.000389473 
2 5 5 1.12485 0.00294675 -0.000380654 
3 5 5 1.12231 0.00561651 -0.00085426 
4 5 5 1.11876 0.00669343 -0.00106349 
5 5 5 1.115 0.00653982 -0.00107241 
6 5 5 1.11163 0.00553203 -0.000937533 
7 5 5 1.10898 0.0039796 -0.000705397 
8 5 5 1.10722 0.0021366 -0.000420032 
9 5 5 1.1064 0.000228511 -0.000118546 
10 5 5 1.10646 -0.00152537 0.000166826 
11 5 5 1.10724 -0.00290506 0.000403313 
12 5 5 1.10856 -0.00368069 0.000543254 
13 5 5 1.11019 -0.00355074 0.000516661 
14 5 5 1.11248 -0.00184748 0.000184216 
15 5 5 1.1129 -0.00564541 0.000894003 
0 6 6 1.69895 -0.0108058 0.00394287 
1 6 6 1.695 -0.00339311 0.00157064 
2 6 6 1.69543 0.00327724 -0.000417111 
3 6 6 1.69823 0.00779948 -0.00165966 
4 6 6 1.70174 0.00998271 -0.00218791 
5 6 6 1.70489 0.010281 -0.00220831 
6 6 6 1.70712 0.00924004 -0.00191202 
7 6 6 1.70815 0.00730069 -0.00142518 
8 6 6 1.70792 0.0048126 -0.00083159 
9 6 6 1.70645 0.00208363 -0.000194621 
10 6 6 1.70389 -0.000580789 0.000432652 
11 6 6 1.70046 -0.00286472 0.00098972 
12 6 6 1.69656 -0.00444349 0.00138892 
13 6 6 1.69276 -0.00501616 0.00152789 
14 6 6 1.6899 -0.00455649 0.00138758 
15 6 6 1.6842 -0.00666793 0.00208915 
0 7 7 2.01372 -0.00452214 0.00682417 
1 7 7 1.99555 -0.00137607 0.00336115 
2 7 7 1.99018 0.00215603 9.71433e-05 
3 7 7 1.99472 0.00502826 -0.00213233 
4 7 7 2.00479 0.00683904 -0.00318529 
5 7 7 2.01654 0.00762698 -0.00334506 
6 7 7 2.02736 0.0075555 -0.00294706 
7 7 7 2.03576 0.00678448 -0.00222989 
8 7 7 2.04096 0.00547472 -0.00134254 
9 7 7 2.04263 0.00380866 -0.000384556 
10 7 7 2.04076 0.00200176 0.000567894 
11 7 7 2.03566 0.000290633 0.00143434 
12 7 7 2.02798 -0.00108879 0.00210643 
13 7 7 2.01874 -0.00193741 0.00246914 
14 7 7 2.00918 -0.00221883 0.00251827 
15 7 7 1.99676 -0.00297514 0.00313155 
0 8 8 2.02946 0.00961498 0.0073101 
1 8 8 2.0104 0.00563025 0.00369412 
2 8 8 2.00468 0.00240102 0.000181956 
3 8 8 2.00963 0.000627772 -0.0022988 
4 8 8 2.02081 0.000240647 -0.0035328 
5 8 8 2.03421 0.00072356 -0.00376935 
6 8 8 2.047 0.00154588 -0.00334491 
7 8 8 2.05744 0.00235141 -0.00252189 
8 8 8 2.06452 0.0029703 -0.00148113 
9 8 8 2.06771 0.00336539 -0.000355174 
10 8 8 2.06688 0.00357072 0.000748744 
11 8 8 2.0623 0.00363777 0.00172695 
12 8 8 2.05462 0.0035938 0.00246092 
13 8 8 2.04496 0.00344143 0.00283726 
14 8 8 2.03466 0.00323243 0.00285863 
15 8 8 2.0215 0.00366083 0.0033926 
0 9 9 1.75017 0.0157698 0.00491992 
1 9 9 1.74589 0.00743237 0.00202617 
2 9 9 1.74744 0.000717232 -0.000537589 
3 9 9 1.75284 -0.00320007 -0.00222906 
4 9 9 1.76014 -0.00452208 -0.00297817 
5 9 9 1.76777 -0.00409546 -0.00298145 
6 9 9 1.77463 -0.00273021 -0.00248117 
7 9 9 1.77991 -0.000968654 -0.00167986 
8 9 9 1.78311 0.000885187 -0.000734572 
9 9 9 1.78402 0.0026653 0.000228682 
10 9 9 1.78267 0.00425721 0.00110543 
11 9 9 1.77939 0.00553871 0.00180234 
12 9 9 1.7748 0.00634372 0.00222672 
13 9 9 1.76981 0.00648431 0.00229735 
14 9 9 1.76555 0.00599613 0.00203936 
15 9 9 1.75864 0.00783964 0.00256454 
0 10 10 1.21989 0.0101559 0.0019766 
1 10 10 1.22358 0.00368832 0.000459075 
2 10 10 1.22572 -0.00105685 -0.000703657 
3 10 10 1.22672 -0.00366082 -0.00135215 
4 10 10 1.22712 -0.0044535 -0.00151854 
5 10 10 1.22732 -0.00401812 -0.00132808 
6 10 10 1.22747 -0.00286354 -0.00091702 
7 10 10 1.2276 -0.00134125 -0.000401557 
8 10 10 1.22772 0.000319694 0.000126307 
9 10 10 1.22787 0.0019519 0.000596489 
10 10 10 1.22811 0.00340525 0.000959109 
11 10 10 1.22855 0.00451688 0.00117784 
12 10 10 1.2293 0.00509213 0.00122154 
13 10 10 1.23047 0.00485647 0.00105142 
14 10 10 1.23267 0.00334823 0.000601673 
15 10 10 1.23282 0.00689789 0.00126906 
0 11 11 0.576168 0.00340266 0.000460415 
1 11 11 0.57915 0.00117647 5.25457e-05 
2 11 11 0.579485 -0.000451527 -0.000215124 
3 11 11 0.578118 -0.00138306 -0.000324429 
4 11 11 0.575949 -0.00171088 -0.000302135 
5 11 11 0.57367 -0.00160077 -0.000195672 
6 11 11 0.571743 -0.00120801 -5.07685e-05 
7 11 11 0.570452 -0.000651978 9.50591e-05 
8 11 11 0.569956 -2.25406e-05 0.000215779 
9 11 11 0.570319 0.000606031 0.000296495 
10 11 11 0.571515 0.00116512 0.000333265 
11 11 11 0.573416 0.00158341 0.000327824 
12 11 11 0.575786 0.00177575 0.00028182 
13 11 11 0.578255 0.00156107 0.000179633 
14 11 11 0.580308 -0.000264958 -0.000152108 
15 11 11 0.587115 0.00387908 0.000505779 
0 12 12 0.228999 0.000832242 0.000101866 
1 12 12 0.23099 0.000361044 2.46106e-05 
2 12 12 0.231398 -1.16614e-05 -1.76356e-05 
3 12 12 0.230693 -0.000250791 -2.64758e-05 
4 12 12 0.229377 -0.000361221 -1.00326e-05 
5 12 12 0.227883 -0.000371842 1.85268e-05 
6 12 12 0.226529 -0.000312446 4.88403e-05 
7 12 12 0.225523 -0.000208818 7.12137e-05 
8 12 12 0.224989 -8.10228e-05 8.13528e-05 
9 12 12 0.224981 5.31851e-05 7.81566e-05 
10 12 12 0.225488 0.000179038 6.54261e-05 
11 12 12 0.226435 0.00028043 4.739e-05 
12 12 12 0.227677 0.000336992 2.77642e-05 
13 12 12 0.228966 0.000300455 1.45473e-06 
14 12 12 0.229333 -0.000446646 -0.000129717 
15 12 12 0.238974 0.00276134 0.00036095 
0 13 13 0 0 0 
1 13 13 0 0 0 
2 13 13 0 0 0 
3 13 13 0 0 0 
4 13 13 0 0 0 
5 13 13 0 0 0 
6 13 13 0 0 0 
7 13 13 0 0 0 
8 13 13 0 0 0 
9 13 13 0 0 0 
10 13 13 0 0 0 
11 13 13 0 0 0 
12 13 13 0 0 0 
13 13 13 0 0 0 
14 13 13 0 0 0 
15 13 13 0 0 0 
0 14 14 0 0 0 
1 14 14 0 0 0 
2 14 14 0 0 0 
3 14 14 0 0 0 
4 14 14 0 0 0 
5 14 14 0 0 0 
6 14 14 0 0 0 
7 14 14 0 0 0 
8 14 14 0 0 0 
9 14 14 0 0 0 
10 14 14 0 0 0 
11 14 14 0 0 0 
12 14 14 0 0 0 
13 14 14 0 0 0 
14 14 14 0 0 0 
15 14 14 0 0 0 
0 15 15 0 0 0 
1 15 15 0 0 0 
2 15 15 0 0 0 
3 15 15 0 0 0 
4 15 15 0 0 0 
5 15 15 0 0 0 
6 15 15 0 0 0 
7 15 15 0 0 0 
8 15 15 0 0 0 
9 15 15 0 0 0 
10 15 15 0 0 0 
11 15 15 0 0 0 
12 15 15 0 0 0 
13 15 15 0 0 0 
14 15 15 0 0 0 
15 15 15 0 0 0 
0 0 0 0 0 0 
1 0 0 0 0 0 
2 0 0 0 0 0 
3 0 0 0 0 0 
4 0 0 0 0 0 
5 0 0 0 0 0 
6 0 0 0 0 0 
7 0 0 0 0 0 
8 0 0 0 0 0 
9 0 0 0 0 0 
10 0 0 0 0 0 
11 0 0 0 0 0 
12 0 0 0 0 0 
13 0 0 0 0 0 
14 0 0 0 0 0 
15 0 0 0 0 0 
0 1 1 0 0 0 
1 1 1 0 0 0 
2 1 1 0 0 0 
3 1 1 0 0 0 
4 1 1 0 0 0 
5 1 1 0 0 0 
6 1 1 0 0 0 
7 1 1 0 0 0 
8 1 1 0 0 0 
9 1 1 0 0 0 
10 1 1 0 0 0 
11 1 1 0 0 0 
12 1 1 0 0 0 
13 1 1 0 0 0 
14 1 1 0 0 0 
15 1 1 0 0 0 
0 2 2 0 0 0 
1 2 2 0 0 0 
2 2 2 0 0 0 
3 2 2 0 0 0 
4 2 2 0 0 0 
5 2 2 0 0 0 
6 2 2 0 0 0 
7 2 2 0 0 0 
8 2 2 0 0 0 
9 2 2 0 0 0 
10 2 2 0 0 0 
11 2 2 0 0 0 
12 2 2 0 0 0 
13 2 2 0 0 0 
14 2 2 0 0 0 
15 2 2 0 0 0 
0 3 3 0.116755 -0.000290474 6.09512e-05 
1 3 3 0.117917 -0.000143329 2.36746e-05 
2 3 3 0.118197 -1.67332e-05 -2.14749e-05 
3 3 3 0.117809 6.85113e-05 -6.11357e-05 
4 3 3 0.117032 0.000115997 -9.33727e-05 
5 3 3 0.116091 0.00012933 -0.000111218 
6 3 3 0.115178 0.000118124 -0.000115197 
7 3 3 0.114421 9.03501e-05 -0.000106243 
8 3 3 0.113908 5.26848e-05 -9.2501e-05 
9 3 3 0.113676 9.90553e-06 -7.23535e-05 
10 3 3 0.113732 -3.27439e-05 -4.99134e-05 
11 3 3 0.114047 -6.96297e-05 -2.82388e-05 
12 3 3 0.114552 -9.44179e-05 -1.15717e-05 
13 3 3 0.115125 -9.22213e-05 -8.35639e-06 
14 3 3 0.115244 0.00015145 -0.00010336 
15 3 3 0.115772 -0.0019608 0.000672662 
0 4 4 0.385599 -0.00154513 0.000608651 
1 4 4 0.387363 -0.000450617 0.000222421 
2 4 4 0.386871 0.000401321 -0.000138608 
3 4 4 0.384865 0.000924062 -0.00042049 
4 4 4 0.382131 0.00113767 -0.000605152 
5 4 4 0.379314 0.00111021 -0.000688572 
6 4 4 0.376871 0.000915956 -0.000678673 
7 4 4 0.37509 0.000619009 -0.000591307 
8 4 4 0.374126 0.00027098 -0.000450035 
9 4 4 0.374018 -8.33419e-05 -0.000276664 
10 4 4 0.374701 -0.000402498 -9.53031e-05 
11 4 4 0.376017 -0.000645768 6.52637e-05 
12 4 4 0.377715 -0.000767641 0.000172469 
13 4 4 0.379418 -0.000662501 0.000165546 
14 4 4 0.38018 0.000739373 -0.000450048 
15 4 4 0.391826 -0.00273545 0.000947759 
0 5 5 0.874041 -0.00428048 0.00258532 
1 5 5 0.876148 -0.000721917 0.000848723 
2 5 5 0.875149 0.00201845 -0.000554997 
3 5 5 0.872028 0.00363054 -0.00149335 
4 5 5 0.867922 0.00419545 -0.00199541 
5 5 5 0.863764 0.00396212 -0.00213973 
6 5 5 0.860183 0.00319338 -0.00199926 
7 5 5 0.857553 0.00210962 -0.00163505 
8 5 5 0.856057 0.000888284 -0.00111031 
9 5 5 0.855727 -0.000320556 -0.000492444 
10 5 5 0.856462 -0.00137953 0.000141012 
11 5 5 0.858056 -0.00215917 0.000696048 
12 5 5 0.860199 -0.00252739 0.00106339 
13 5 5 0.862505 -0.00226897 0.00107497 
14 5 5 0.864938 -0.000494063 0.000153552 
15 5 5 0.865767 -0.00411154 0.00227834 
0 6 6 1.41284 -0.00685017 0.00731878 
1 6 6 1.41379 -0.00133579 0.00258794 
2 6 6 1.41456 0.00331687 -0.00116535 
3 6 6 1.41464 0.00628075 -0.00345807 
4 6 6 1.41405 0.00750503 -0.00444018 
5 6 6 1.41301 0.00733392 -0.00448918 
6 6 6 1.41172 0.00618735 -0.0039271 
7 6 6 1.41033 0.00443518 -0.00296475 
8 6 6 1.40893 0.00238766 -0.00174434 
9 6 6 1.40759 0.000309983 -0.000390192 
10 6 6 1.40638 -0.00155808 0.000962573 
11 6 6 1.40535 -0.00299602 0.00214632 
12 6 6 1.40457 -0.0037976 0.00295716 
13 6 6 1.40422 -0.00375364 0.00314802 
14 6 6 1.40488 -0.00271104 0.00249372 
15 6 6 1.40299 -0.00481276 0.00476359 
0 7 7 1.71656 -0.00315194 0.0128324 
1 7 7 1.71257 -0.000268 0.00527568 
2 7 7 1.71344 0.00271005 -0.00112299 
3 7 7 1.71713 0.00499157 -0.00516059 
4 7 7 1.72189 0.00625585 -0.0068776 
5 7 7 1.72647 0.00651919 -0.00691029 
6 7 7 1.73013 0.00595367 -0.00589044 
7 7 7 1.73243 0.00478529 -0.00425445 
8 7 7 1.73318 0.00325802 -0.00228197 
9 7 7 1.73236 0.00161239 -0.000177852 
10 7 7 1.73008 7.3813e-05 0.00186767 
11 7 7 1.72662 -0.00116076 0.00363832 
12 7 7 1.72246 -0.00193146 0.00487726 
13 7 7 1.71827 -0.00212573 0.00531626 
14 7 7 1.71496 -0.0017714 0.00492805 
15 7 7 1.70888 -0.00230367 0.00698811 
0 8 8 1.73456 0.00567585 0.0138287 
1 8 8 1.73047 0.00333959 0.00570867 
2 8 8 1.73174 0.00190044 -0.00129602 
3 8 8 1.73634 0.00141215 -0.00579166 
4 8 8 1.74239 0.00153849 -0.00771911 
5 8 8 1.7485 0.00185704 -0.00770989 
6 8 8 1.75371 0.00208643 -0.00645356 
7 8 8 1.75744 0.00212799 -0.00447062 
8 8 8 1.75933 0.00201343 -0.00212491 
9 8 8 1.75928 0.00183282 0.000309152 
10 8 8 1.75739 0.00167885 0.00259299 
11 8 8 1.75397 0.00160764 0.00448635 
12 8 8 1.74957 0.00161965 0.00572997 
13 8 8 1.74497 0.00166496 0.0060742 
14 8 8 1.7412 0.0017147 0.00554 
15 8 8 1.73472 0.00252702 0.00739759 
0 9 9 1.47016 0.00958647 0.00910893 
1 9 9 1.47194 0.00430726 0.00297659 
2 9 9 1.47455 0.000431556 -0.00197303 
3 9 9 1.47735 -0.00167032 -0.00494918 
4 9 9 1.48006 -0.00233463 -0.00602158 
5 9 9 1.48251 -0.00211417 -0.00566805 
6 9 9 1.48449 -0.00144323 -0.00440091 
7 9 9 1.48583 -0.000565706 -0.00263201 
8 9 9 1.4864 0.000407681 -0.000672148 
9 9 9 1.4862 0.00141967 0.00123711 
10 9 9 1.48533 0.00240865 0.00289574 
11 9 9 1.48402 0.00327549 0.00412346 
12 9 9 1.48259 0.00386723 0.00474459 
13 9 9 1.4815 0.00397399 0.00457994 
14 9 9 1.48158 0.00344551 0.00356573 
15 9 9 1.47914 0.00566082 0.00548661 
0 10 10 0.968631 0.00623841 0.00359013 
1 10 10 0.972323 0.00235649 0.00072421 
2 10 10 0.973356 -0.000479474 -0.00134867 
3 10 10 0.972635 -0.00209893 -0.0024211 
4 10 10 0.971088 -0.00270158 -0.0026119 
5 10 10 0.969392 -0.00259576 -0.00218094 
6 10 10 0.967946 -0.00203955 -0.00139004 
7 10 10 0.966965 -0.00120856 -0.00045078 
8 10 10 0.966566 -0.000222957 0.000480087 
9 10 10 0.966815 0.00081502 0.00129026 
10 10 10 0.967731 0.0017975 0.00190082 
11 10 10 0.96927 0.002597 0.00225231 
12 10 10 0.971312 0.00305653 0.00229035 
13 10 10 0.973666 0.00292212 0.00191293 
14 10 10 0.976569 0.00141514 0.000699053 
15 10 10 0.977938 0.0050034 0.00280231 
0 11 11 0.44302 0.00220161 0.000895484 
1 11 11 0.445612 0.00086055 0.000176289 
2 11 11 0.445857 -0.000170269 -0.00028922 
3 11 11 0.44456 -0.000814318 -0.000479713 
4 11 11 0.442508 -0.00110392 -0.000447903 
5 11 11 0.440325 -0.00111906 -0.000277816 
6 11 11 0.43845 -0.000939292 -4.74338e-05 
7 11 11 0.437157 -0.000629767 0.000183634 
8 11 11 0.436605 -0.000243575 0.000377033 
9 11 11 0.436855 0.000169955 0.000512343 
10 11 11 0.437876 0.000561097 0.000583378 
11 11 11 0.43954 0.000875694 0.000590378 
12 11 11 0.441619 0.00104939 0.000531937 
13 11 11 0.443741 0.000944505 0.000370645 
14 11 11 0.445112 -0.000574883 -0.000384165 
15 11 11 0.457429 0.00305377 0.00128477 
0 12 12 0.154881 0.000459697 0.000159084 
1 12 12 0.156447 0.000221948 6.09091e-05 
2 12 12 0.156869 1.95016e-05 5.78538e-06 
3 12 12 0.156461 -0.000123669 -7.4007e-06 
4 12 12 0.15557 -0.000202943 1.0367e-05 
5 12 12 0.154509 -0.00022878 4.22658e-05 
6 12 12 0.15351 -0.000212835 7.54415e-05 
7 12 12 0.152731 -0.000167081 9.93041e-05 
8 12 12 0.152267 -0.000101307 0.000109858 
9 12 12 0.152165 -2.59652e-05 0.000106487 
10 12 12 0.152427 5.01226e-05 9.34297e-05 
11 12 12 0.153009 0.000116302 7.48681e-05 
12 12 12 0.153816 0.000160072 5.4329e-05 
13 12 12 0.154681 0.000154749 2.78156e-05 
14 12 12 0.154892 -0.000252473 -0.000122601 
15 12 12 0.160775 0.00228321 0.000904869 
0 13 13 0 0 0 
1 13 13 0 0 0 
2 13 13 0 0 0 
3 13 13 0 0 0 
4 13 13 0 0 0 
5 13 13 0 0 0 
6 13 13 0 0 0 
7 13 13 0 0 0 
8 13 13 0 0 0 
9 13 13 0 0 0 
10 13 13 0 0 0 
11 13 13 0 0 0 
12 13 13 0 0 0 
13 13 13 0 0 0 
14 13 13 0 0 0 
15 13 13 0 0 0 
0 14 14 0 0 0 
1 14 14 0 0 0 
2 14 14 0 0 0 
3 14 14 0 0 0 
4 14 14 0 0 0 
5 14 14 0 0 0 
6 14 14 0 0 0 
7 14 14 0 0 0 
8 14 14 0 0 0 
9 14 14 0 0 0 
10 14 14 0 0 0 
11 14 14 0 0 0 
12 14 14 0 0 0 
13 14 14 0 0 0 
14 14 14 0 0 0 
15 14 14 0 0 0 
0 15 15 0 0 0 
1 15 15 0 0 0 
2 15 15 0 0 0 
3 15 15 0 0 0 
4 15 15 0 0 0 
5 15 15 0 0 0 
6 15 15 0 0 0 
7 15 15 0 0 0 
8 15 15 0 0 0 
9 15 15 0 0 0 
10 15 15 0 0 0 
11 15 15 0 0 0 
12 15 15 0 0 0 
13 15 15 0 0 0 
14 15 15 0 0 0 
15 15 15 0 0 0 
0 0 0 0 0 0 
1 0 0 0 0 0 
2 0 0 0 0 0 
3 0 0 0 0 0 
4 0 0 0 0 0 
5 0 0 0 0 0 
6 0 0 0 0 0 
7 0 0 0 0 0 
8 0 0 0 0 0 
9 0 0 0 0 0 
10 0 0 0 0 0 
11 0 0 0 0 0 
12 0 0 0 0 0 
13 0 0 0 0 0 
14 0 0 0 0 0 
15 0 0 0 0 0 
0 1 1 0 0 0 
1 1 1 0 0 0 
2 1 1 0 0 0 
3 1 1 0 0 0 
4 1 1 0 0 0 
5 1 1 0 0 0 
6 1 1 0 0 0 
7 1 1 0 0 0 
8 1 1 0 0 0 
9 1 1 0 0 0 
10 1 1 0 0 0 
11 1 1 0 0 0 
12 1 1 0 0 0 
13 1 1 0 0 0 
14 1 1 0 0 0 
15 1 1 0 0 0 
0 2 2 0 0 0 
1 2 2 0 0 0 
2 2 2 0 0 0 
3 2 2 0 0 0 
4 2 2 0 0 0 
5 2 2 0 0 0 
6 2 2 0 0 0 
7 2 2 0 0 0 
8 2 2 0 0 0 
9 2 2 0 0 0 
10 2 2 0 0 0 
11 2 2 0 0 0 
12 2 2 0 0 0 
13 2 2 0 0 0 
14 2 2 0 0 0 
15 2 2 0 0 0 
0 3 3 0 0 0 
1 3 3 0 0 0 
2 3 3 0 0 0 
3 3 3 0 0 0 
4 3 3 0 0 0 
5 3 3 0 0 0 
6 3 3 0 0 0 
7 3 3 0 0 0 
8 3 3 0 0 0 
9 3 3 0 0 0 
10 3 3 0 0 0 
11 3 3 0 0 0 
12 3 3 0 0 0 
13 3 3 0 0 0 
14 3 3 0 0 0 
15 3 3 0 0 0 
0 4 4 0.234222 -0.000708361 0.000417147 
1 4 4 0.235894 -0.000273537 0.000179407 
2 4 4 0.23596 5.14898e-05 -7.09361e-05 
3 4 4 0.234883 0.000238068 -0.000285359 
4 4 4 0.233187 0.000302049 -0.000439625 
5 4 4 0.231326 0.000277215 -0.000522411 
6 4 4 0.229632 0.000198456 -0.000535129 
7 4 4 0.228325 9.37834e-05 -0.00048531 
8 4 4 0.227538 -1.91061e-05 -0.000389073 
9 4 4 0.227323 -0.000126643 -0.000263086 
10 4 4 0.22766 -0.000218362 -0.000125215 
11 4 4 0.228461 -0.000284792 1.74602e-06 
12 4 4 0.229566 -0.000313194 9.33805e-05 
13 4 4 0.230712 -0.00026521 0.000107915 
14 4 4 0.230895 0.000436846 -0.0003906 
15 4 4 0.239889 -0.00212994 0.00136459 
0 5 5 0.498404 -0.00173187 0.00166406 
1 5 5 0.500331 -0.000313017 0.000610953 
2 5 5 0.49966 0.000701495 -0.000306072 
3 5 5 0.497271 0.00122892 -0.000978818 
4 5 5 0.494081 0.00133205 -0.00138683 
5 5 5 0.490837 0.00113597 -0.00154874 
6 5 5 0.488055 0.000766476 -0.00149596 
7 5 5 0.486053 0.000323305 -0.0012664 
8 5 5 0.484999 -0.000121812 -0.000905732 
9 5 5 0.484933 -0.000518275 -0.000468239 
10 5 5 0.485775 -0.000827334 -1.38472e-05 
11 5 5 0.487343 -0.00101795 0.000386572 
12 5 5 0.489346 -0.00105585 0.000654293 
13 5 5 0.491362 -0.000842677 0.000653505 
14 5 5 0.492645 0.000521685 -0.000534432 
15 5 5 0.500703 -0.00228193 0.00219247 
0 6 6 0.889164 -0.00268824 0.00462484 
1 6 6 0.891582 -6.67574e-05 0.00147491 
2 6 6 0.890974 0.0018645 -0.00100454 
3 6 6 0.888298 0.00286693 -0.00258451 
4 6 6 0.884642 0.00302001 -0.00334312 
5 6 6 0.880895 0.00255616 -0.00345986 
6 6 6 0.877645 0.00173046 -0.00309828 
7 6 6 0.875247 0.000757774 -0.00238864 
8 6 6 0.873877 -0.000198212 -0.00144319 
9 6 6 0.873584 -0.00102163 -0.000379009 
10 6 6 0.874298 -0.00163096 0.000675108 
11 6 6 0.875843 -0.00197026 0.00156971 
12 6 6 0.877945 -0.001995 0.00213434 
13 6 6 0.880251 -0.00161157 0.0021122 
14 6 6 0.882751 -0.00031296 0.000617079 
15 6 6 0.883603 -0.00243245 0.00424026 
0 7 7 1.16323 -0.00133023 0.00819172 
1 7 7 1.16583 0.000664054 0.00252656 
2 7 7 1.16627 0.00226622 -0.0018461 
3 7 7 1.16505 0.00314053 -0.00445704 
4 7 7 1.16293 0.0032497 -0.00549077 
5 7 7 1.16057 0.0027468 -0.00536954 
6 7 7 1.15838 0.00186301 -0.00447755 
7 7 7 1.15663 0.000828406 -0.00310057 
8 7 7 1.15544 -0.000163523 -0.00145288 
9 7 7 1.15486 -0.000972288 0.000277896 
10 7 7 1.1549 -0.00150946 0.00190406 
11 7 7 1.15551 -0.00173389 0.00321979 
12 7 7 1.15661 -0.00164129 0.00399325 
13 7 7 1.15808 -0.00123669 0.0039122 
14 7 7 1.16034 -0.000455805 0.00237559 
15 7 7 1.16063 -0.00104003 0.00607054 
0 8 8 1.1854 0.00207426 0.00881761 
1 8 8 1.18838 0.00176366 0.00255243 
2 8 8 1.18939 0.00161292 -0.00223606 
3 8 8 1.1889 0.00146757 -0.00500484 
4 8 8 1.18758 0.00120405 -0.0059554 
5 8 8 1.186 0.000791097 -0.00558485 
6 8 8 1.18452 0.000290525 -0.00437038 
7 8 8 1.18332 -0.000187889 -0.00267791 
8 8 8 1.1825 -0.000536214 -0.000780266 
9 8 8 1.18211 -0.000682709 0.00110226 
10 8 8 1.18219 -0.000606676 0.00277142 
11 8 8 1.18274 -0.000340487 0.00403034 
12 8 8 1.18372 3.63413e-05 0.00466839 
13 8 8 1.18511 0.000401775 0.00440291 
14 8 8 1.18738 0.000575159 0.00270424 
15 8 8 1.18765 0.00148857 0.00628158 
0 9 9 0.951492 0.00367264 0.00568378 
1 9 9 0.954872 0.00191268 0.00135105 
2 9 9 0.955483 0.000553554 -0.00182352 
3 9 9 0.954236 -0.000367628 -0.00354093 
4 9 9 0.952101 -0.000936543 -0.00397697 
5 9 9 0.949812 -0.00124608 -0.0034994 
6 9 9 0.947831 -0.00134284 -0.00246838 
7 9 9 0.946417 -0.00123447 -0.00116764 
8 9 9 0.945712 -0.000924218 0.000191398 
9 9 9 0.945781 -0.000438168 0.00144866 
10 9 9 0.946623 0.000162181 0.00247547 
11 9 9 0.948159 0.000778728 0.00315852 
12 9 9 0.950223 0.00127851 0.00338264 
13 9 9 0.952582 0.00146008 0.00295165 
14 9 9 0.955419 0.000793629 0.00111647 
15 9 9 0.956692 0.00304534 0.00463526 
0 10 10 0.551371 0.00235693 0.0021966 
1 10 10 0.554127 0.001069 0.00047273 
2 10 10 0.554283 1.43668e-05 -0.00071013 
3 10 10 0.552746 -0.000724295 -0.00127774 
4 10 10 0.550406 -0.00115584 -0.00132908 
5 10 10 0.547952 -0.00132608 -0.00103416 
6 10 10 0.545857 -0.00127997 -0.000555551 
7 10 10 0.544414 -0.00105466 -1.8581e-05 
8 10 10 0.543789 -0.000688654 0.000489214 
9 10 10 0.544041 -0.00023121 0.00091092 
10 10 10 0.545136 0.000255174 0.00121048 
11 10 10 0.546937 0.000694179 0.00136271 
12 10 10 0.549197 0.000994438 0.00134027 
13 10 10 0.551531 0.00099469 0.0010457 
14 10 10 0.553391 -0.000223999 -0.000417648 
15 10 10 0.558341 0.00266892 0.00247675 
0 11 11 0.267178 0.000921624 0.000671444 
1 11 11 0.269249 0.000434129 0.000210642 
2 11 11 0.269575 2.98719e-06 -8.26809e-05 
3 11 11 0.268691 -0.000317817 -0.000199923 
4 11 11 0.267163 -0.000513988 -0.000178383 
5 11 11 0.265464 -0.000595959 -7.55698e-05 
6 11 11 0.263943 -0.000580308 5.79104e-05 
7 11 11 0.262827 -0.00048561 0.000184935 
8 11 11 0.26225 -0.000331843 0.000284255 
9 11 11 0.262269 -0.000142898 0.0003469 
10 11 11 0.262867 5.47173e-05 0.000373423 
11 11 11 0.263954 0.00023058 0.000367242 
12 11 11 0.26536 0.000349855 0.000329029 
13 11 11 0.266799 0.000347507 0.000229123 
14 11 11 0.26727 -0.000475284 -0.000453818 
15 11 11 0.277396 0.00217811 0.00153695 
0 12 12 0.0444096 8.56462e-05 4.27427e-05 
1 12 12 0.0449516 4.8089e-05 1.97656e-05 
2 12 12 0.0451487 9.93577e-06 8.35987e-06 
3 12 12 0.0450808 -2.18973e-05 7.62678e-06 
4 12 12 0.0448483 -4.3928e-05 1.44042e-05 
5 12 12 0.0445442 -5.62344e-05 2.36183e-05 
6 12 12 0.0442394 -5.91287e-05 3.20829e-05 
7 12 12 0.0439844 -5.40452e-05 3.6936e-05 
8 12 12 0.0438112 -4.24527e-05 3.74977e-05 
9 12 12 0.0437375 -2.68573e-05 3.38363e-05 
10 12 12 0.0437683 -9.11919e-06 2.76385e-05 
11 12 12 0.0438956 7.91677e-06 2.0322e-05 
12 12 12 0.0440972 2.12809e-05 1.33468e-05 
13 12 12 0.0443294 2.58402e-05 6.29844e-06 
14 12 12 0.0444095 -3.91867e-05 -2.11228e-05 
15 12 12 0.0429764 0.000844837 0.000588352 
0 13 13 0 0 0 
1 13 13 0 0 0 
2 13 13 0 0 0 
3 13 13 0 0 0 
4 13 13 0 0 0 
5 13 13 0 0 0 
6 13 13 0 0 0 
7 13 13 0 0 0 
8 13 13 0 0 0 
9 13 13 0 0 0 
10 13 13 0 0 0 
11 13 13 0 0 0 
12 13 13 0 0 0 
13 13 13 0 0 0 
14 13 13 0 0 0 
15 13 13 0 0 0 
0 14 14 0 0 0 
1 14 14 0 0 0 
2 14 14 0 0 0 
3 14 14 0 0 0 
4 14 14 0 0 0 
5 14 14 0 0 0 
6 14 14 0 0 0 
7 14 14 0 0 0 
8 14 14 0 0 0 
9 14 14 0 0 0 
10 14 14 0 0 0 
11 14 14 0 0 0 
12 14 14 0 0 0 
13 14 14 0 0 0 
14 14 14 0 0 0 
15 14 14 0 0 0 
0 15 15 0 0 0 
1 15 15 0 0 0 
2 15 15 0 0 0 
3 15 15 0 0 0 
4 15 15 0 0 0 
5 15 15 0 0 0 
6 15 15 0 0 0 
7 15 15 0 0 0 
8 15 15 0 0 0 
9 15 15 0 0 0 
10 15 15 0 0 0 
11 15 15 0 0 0 
12 15 15 0 0 0 
13 15 15 0 0 0 
14 15 15 0 0 0 
15 15 15 0 0 0 
0 0 0 0 0 0 
1 0 0 0 0 0 
2 0 0 0 0 0 
3 0 0 0 0 0 
4 0 0 0 0 0 
5 0 0 0 0 0 
6 0 0 0 0 0 
7 0 0 0 0 0 
8 0 0 0 0 0 
9 0 0 0 0 0 
10 0 0 0 0 0 
11 0 0 0 0 0 
12 0 0 0 0 0 
13 0 0 0 0 0 
14 0 0 0 0 0 
15 0 0 0 0 0 
0 1 1 0 0 0 
1 1 1 0 0 0 
2 1 1 0 0 0 
3 1 1 0 0 0 
4 1 1 0 0 0 
5 1 1 0 0 0 
6 1 1 0 0 0 
7 1 1 0 0 0 
8 1 1 0 0 0 
9 1 1 0 0 0 
10 1 1 0 0 0 
11 1 1 0 0 0 
12 1 1 0 0 0 
13 1 1 0 0 0 
14 1 1 0 0 0 
15 1 1 0 0 0 
0 2 2 0 0 0 
1 2 2 0 0 0 
2 2 2 0 0 0 
3 2 2 0 0 0 
4 2 2 0 0 0 
5 2 2 0 0 0 
6 2 2 0 0 0 
7 2 2 0 0 0 
8 2 2 0 0 0 
9 2 2 0 0 0 
10 2 2 0 0 0 
11 2 2 0 0 0 
12 2 2 0 0 0 
13 2 2 0 0 0 
14 2 2 0 0 0 
15 2 2 0 0 0 
0 3 3 0 0 0 
1 3 3 0 0 0 
2 3 3 0 0 0 
3 3 3 0 0 0 
4 3 3 0 0 0 
5 3 3 0 0 0 
6 3 3 0 0 0 
7 3 3 0 0 0 
8 3 3 0 0 0 
9 3 3 0 0 0 
10 3 3 0 0 0 
11 3 3 0 0 0 
12 3 3 0 0 0 
13 3 3 0 0 0 
14 3 3 0 0 0 
15 3 3 0 0 0 
0 4 4 0.054173 -0.000102698 5.03598e-05 
1 4 4 0.0547718 -5.41684e-05 2.53702e-05 
2 4 4 0.0549523 -2.26137e-05 -9.33221e-06 
3 4 4 0.0548084 -9.00439e-06 -4.36847e-05 
4 4 4 0.0544639 -8.79581e-06 -7.24913e-05 
5 4 4 0.054035 -1.63827e-05 -9.0884e-05 
6 4 4 0.0536096 -2.63105e-05 -9.80404e-05 
7 4 4 0.0532491 -3.49429e-05 -9.39194e-05 
8 4 4 0.0529951 -4.06514e-05 -8.11496e-05 
9 4 4 0.0528718 -4.34933e-05 -6.19369e-05 
10 4 4 0.0528834 -4.37744e-05 -3.92604e-05 
11 4 4 0.053019 -4.22963e-05 -1.6995e-05 
12 4 4 0.053248 -3.90692e-05 1.06761e-06 
13 4 4 0.0535135 -3.11189e-05 9.7698e-06 
14 4 4 0.0535823 3.25414e-05 -4.23451e-05 
15 4 4 0.0518779 -0.00082677 0.000774232 
0 5 5 0.23945 -0.000585423 0.000626198 
1 5 5 0.24118 -0.000201475 0.000277568 
2 5 5 0.241281 3.54259e-05 -6.73394e-05 
3 5 5 0.240224 0.000123244 -0.000347885 
4 5 5 0.238539 9.66151e-05 -0.000539978 
5 5 5 0.236684 5.7322e-06 -0.000636433 
6 5 5 0.234994 -0.000105355 -0.000642925 
7 5 5 0.233691 -0.000206861 -0.000572247 
8 5 5 0.232908 -0.00028257 -0.000442313 
9 5 5 0.232703 -0.000327906 -0.000275836 
10 5 5 0.233057 -0.000344036 -9.65115e-05 
11 5 5 0.233883 -0.000335065 6.69402e-05 
12 5 5 0.235023 -0.000301184 0.000184206 
13 5 5 0.236209 -0.000216164 0.00020543 
14 5 5 0.236437 0.000360377 -0.00044368 
15 5 5 0.245554 -0.0015533 0.00206451 
0 6 6 0.405345 -0.000747148 0.00166754 
1 6 6 0.407319 -4.88867e-05 0.000615817 
2 6 6 0.407 0.000343855 -0.000279981 
3 6 6 0.405149 0.000430367 -0.000912082 
4 6 6 0.402551 0.000290123 -0.001269 
5 6 6 0.399851 2.92496e-05 -0.00138296 
6 6 6 0.397503 -0.000257276 -0.0012943 
7 6 6 0.395798 -0.00050359 -0.00104995 
8 6 6 0.394893 -0.000672555 -0.000696892 
9 6 6 0.394839 -0.000753255 -0.000287226 
10 6 6 0.395583 -0.000751335 0.000124118 
11 6 6 0.396974 -0.000682319 0.000475281 
12 6 6 0.398768 -0.000561266 0.000697838 
13 6 6 0.400591 -0.000368441 0.000666749 
14 6 6 0.401539 0.000392215 -0.000667691 
15 6 6 0.414096 -0.00117253 0.00284364 
0 7 7 0.527818 -0.000295996 0.00274421 
1 7 7 0.530045 0.000303929 0.000871309 
2 7 7 0.529632 0.000569517 -0.000597143 
3 7 7 0.527488 0.000508088 -0.00152462 
4 7 7 0.524537 0.000215273 -0.00194501 
5 7 7 0.521515 -0.000183189 -0.00196294 
6 7 7 0.518929 -0.000572435 -0.00168577 
7 7 7 0.517097 -0.000870408 -0.00120943 
8 7 7 0.516185 -0.00103269 -0.000615854 
9 7 7 0.516241 -0.0010512 1.65213e-05 
10 7 7 0.5172 -0.000945003 0.00061016 
11 7 7 0.51889 -0.000750942 0.00108272 
12 7 7 0.521031 -0.000513084 0.00134124 
13 7 7 0.523207 -0.000261665 0.00120187 
14 7 7 0.524771 0.000202577 -0.000577537 
15 7 7 0.533178 -0.000411317 0.00346765 
0 8 8 0.540912 0.000483665 0.00292915 
1 8 8 0.543326 0.000597126 0.000854953 
2 8 8 0.543073 0.000483787 -0.000690236 
3 8 8 0.541076 0.000183733 -0.0015845 
4 8 8 0.53826 -0.00021885 -0.0018975 
5 8 8 0.535359 -0.000627985 -0.00177961 
6 8 8 0.53288 -0.00095677 -0.00137867 
7 8 8 0.53114 -0.00114494 -0.00081531 
8 8 8 0.530306 -0.00116694 -0.000183452 
9 8 8 0.530432 -0.0010318 0.000438684 
10 8 8 0.531458 -0.000777098 0.000981901 
11 8 8 0.533219 -0.000459594 0.00137795 
12 8 8 0.535437 -0.000144962 0.00154895 
13 8 8 0.537696 9.77619e-05 0.00131904 
14 8 8 0.539381 7.92821e-05 -0.000572124 
15 8 8 0.54749 0.000650372 0.0035242 
0 9 9 0.433852 0.000921505 0.00199491 
1 9 9 0.436195 0.000611605 0.000572856 
2 9 9 0.436179 0.00020401 -0.000440052 
3 9 9 0.434601 -0.000228466 -0.000976702 
4 9 9 0.432258 -0.00062031 -0.00110404 
5 9 9 0.429795 -0.00091999 -0.000945741 
6 9 9 0.427667 -0.00108974 -0.000620737 
7 9 9 0.426163 -0.00110962 -0.000221464 
8 9 9 0.425446 -0.000983105 0.000185532 
9 9 9 0.42557 -0.000737085 0.000552949 
10 9 9 0.426493 -0.000417938 0.000845284 
11 9 9 0.428072 -8.52034e-05 0.00103164 
12 9 9 0.430066 0.00019497 0.00107534 
13 9 9 0.432099 0.000332349 0.000867364 
14 9 9 0.433357 -0.000182252 -0.000692704 
15 9 9 0.445121 0.00137939 0.00294597 
0 10 10 0.262862 0.000660481 0.000867754 
1 10 10 0.264871 0.000360592 0.000298662 
2 10 10 0.26515 2.79186e-05 -8.77397e-05 
3 10 10 0.264225 -0.00027646 -0.00027185 
4 10 10 0.262657 -0.00051304 -0.000289334 
5 10 10 0.260917 -0.000662162 -0.000200886 
6 10 10 0.259353 -0.000715777 -6.17085e-05 
7 10 10 0.258195 -0.000675544 8.74899e-05 
8 10 10 0.257577 -0.000553818 0.00022098 
9 10 10 0.257554 -0.000373201 0.000325266 
10 10 10 0.25811 -0.000164308 0.000394502 
11 10 10 0.259152 3.68988e-05 0.000425814 
12 10 10 0.260515 0.000190616 0.000413535 
13 10 10 0.261915 0.000233134 0.000318764 
14 10 10 0.26234 -0.000362463 -0.000541689 
15 10 10 0.272266 0.00156273 0.00212991 
0 11 11 0.0905828 0.000144088 0.000183069 
1 11 11 0.0916334 8.12337e-05 8.72052e-05 
2 11 11 0.0919757 5.23559e-06 2.67738e-05 
3 11 11 0.0917826 -6.68209e-05 2.99057e-06 
4 11 11 0.0912645 -0.000123476 7.8908e-06 
5 11 11 0.0906118 -0.000160058 2.73031e-05 
6 11 11 0.0899712 -0.000173915 5.07253e-05 
7 11 11 0.0894448 -0.000165896 6.99312e-05 
8 11 11 0.0890978 -0.000138842 8.1415e-05 
9 11 11 0.088964 -9.86325e-05 8.42831e-05 
10 11 11 0.0890506 -5.13644e-05 8.07545e-05 
11 11 11 0.0893374 -5.26739e-06 7.31148e-05 
12 11 11 0.0897741 3.10004e-05 6.3173e-05 
13 11 11 0.0902605 4.47639e-05 4.62994e-05 
14 11 11 0.0903584 -8.5489e-05 -0.000103793 
15 11 11 0.0907092 0.00119113 0.00121058 
0 12 12 0 0 0 
1 12 12 0 0 0 
2 12 12 0 0 0 
3 12 12 0 0 0 
4 12 12 0 0 0 
5 12 12 0 0 0 
6 12 12 0 0 0 
7 12 12 0 0 0 
8 12 12 0 0 0 
9 12 12 0 0 0 
10 12 12 0 0 0 
11 12 12 0 0 0 
12 12 12 0 0 0 
13 12 12 0 0 0 
14 12 12 0 0 0 
15 12 12 0 0 0 
0 13 13 0 0 0 
1 13 13 0 0 0 
2 13 13 0 0 0 
3 13 13 0 0 0 
4 13 13 0 0 0 
5 13 13 0 0 0 
6 13 13 0 0 0 
7 13 13 0 0 0 
8 13 13 0 0 0 
9 13 13 0 0 0 
10 13 13 0 0 0 
11 13 13 0 0 0 
12 13 13 0 0 0 
13 13 13 0 0 0 
14 13 13 0 0 0 
15 13 13 0 0 0 
0 14 14 0 0 0 
1 14 14 0 0 0 
2 14 14 0 0 0 
3 14 14 0 0 0 
4 14 14 0 0 0 
5 14 14 0 0 0 
6 14 14 0 0 0 
7 14 14 0 0 0 
8 14 14 0 0 0 
9 14 14 0 0 0 
10 14 14 0 0 0 
11 14 14 0 0 0 
12 14 14 0 0 0 
13 14 14 0 0 0 
14 14 14 0 0 0 
15 14 14 0 0 0 
0 15 15 0 0 0 
1 15 15 0 0 0 
2 15 15 0 0 0 
3 15 15 0 0 0 
4 15 15 0 0 0 
5 15 15 0 0 0 
6 15 15 0 0 0 
7 15 15 0 0 0 
8 15 15 0 0 0 
9 15 15 0 0 0 
10 15 15 0 0 0 
11 15 15 0 0 0 
12 15 15 0 0 0 
13 15 15 0 0 0 
14 15 15 0 0 0 
15 15 15 0 0 0 
0 0 0 0 0 0 
1 0 0 0 0 0 
2 0 0 0 0 0 
3 0 0 0 0 0 
4 0 0 0 0 0 
5 0 0 0 0 0 
6 0 0 0 0 0 
7 0 0 0 0 0 
8 0 0 0 0 0 
9 0 0 0 0 0 
10 0 0 0 0 0 
11 0 0 0 0 0 
12 0 0 0 0 0 
13 0 0 0 0 0 
14 0 0 0 0 0 
15 0 0 0 0 0 
0 1 1 0 0 0 
1 1 1 0 0 0 
2 1 1 0 0 0 
3 1 1 0 0 0 
4 1 1 0 0 0 
5 1 1 0 0 0 
6 1 1 0 0 0 
7 1 1 0 0 0 
8 1 1 0 0 0 
9 1 1 0 0 0 
10 1 1 0 0 0 
11 1 1 0 0 0 
12 1 1 0 0 0 
13 1 1 0 0 0 
14 1 1 0 0 0 
15 1 1 0 0 0 
0 2 2 0 0 0 
1 2 2 0 0 0 
2 2 2 0 0 0 
3 2 2 0 0 0 
4 2 2 0 0 0 
5 2 2 0 0 0 
6 2 2 0 0 0 
7 2 2 0 0 0 
8 2 2 0 0 0 
9 2 2 0 0 0 
10 2 2 0 0 0 
11 2 2 0 0 0 
12 2 2 0 0 0 
13 2 2 0 0 0 
14 2 2 0 0 0 
15 2 2 0 0 0 
0 3 3 0 0 0 
1 3 3 0 0 0 
2 3 3 0 0 0 
3 3 3 0 0 0 
4 3 3 0 0 0 
5 3 3 0 0 0 
6 3 3 0 0 0 
7 3 3 0 0 0 
8 3 3 0 0 0 
9 3 3 0 0 0 
10 3 3 0 0 0 
11 3 3 0 0 0 
12 3 3 0 0 0 
13 3 3 0 0 0 
14 3 3 0 0 0 
15 3 3 0 0 0 
0 4 4 0 0 0 
1 4 4 0 0 0 
2 4 4 0 0 0 
3 4 4 0 0 0 
4 4 4 0 0 0 
5 4 4 0 0 0 
6 4 4 0 0 0 
7 4 4 0 0 0 
8 4 4 0 0 0 
9 4 4 0 0 0 
10 4 4 0 0 0 
11 4 4 0 0 0 
12 4 4 0 0 0 
13 4 4 0 0 0 
14 4 4 0 0 0 
15 4 4 0 0 0 
0 5 5 0 0 0 
1 5 5 0 0 0 
2 5 5 0 0 0 
3 5 5 0 0 0 
4 5 5 0 0 0 
5 5 5 0 0 0 
6 5 5 0 0 0 
7 5 5 0 0 0 
8 5 5 0 0 0 
9 5 5 0 0 0 
10 5 5 0 0 0 
11 5 5 0 0 0 
12 5 5 0 0 0 
13 5 5 0 0 0 
14 5 5 0 0 0 
15 5 5 0 0 0 
0 6 6 0.118722 -0.000135338 0.000273897 
1 6 6 0.119868 -5.73602e-05 0.000131789 
2 6 6 0.12014 -4.13135e-05 -1.03407e-05 
3 6 6 0.11976 -7.4951e-05 -0.000122424 
4 6 6 0.119014 -0.000131675 -0.000199412 
5 6 6 0.118113 -0.000189968 -0.000238034 
6 6 6 0.117247 -0.000233248 -0.000240763 
7 6 6 0.116542 -0.000252329 -0.000214256 
8 6 6 0.116076 -0.000244544 -0.000164976 
9 6 6 0.115891 -0.000214459 -0.000102537 
10 6 6 0.115991 -0.000170431 -3.4826e-05 
11 6 6 0.116346 -0.000122583 2.72244e-05 
12 6 6 0.116885 -7.99714e-05 7.22309e-05 
13 6 6 0.11749 -4.76497e-05 8.12924e-05 
14 6 6 0.117686 5.07366e-05 -0.000147615 
15 6 6 0.117598 -0.000778479 0.00196038 
0 7 7 0.199264 -9.14036e-05 0.000661862 
1 7 7 0.200972 -1.56716e-05 0.000288321 
2 7 7 0.201247 -4.93189e-05 -3.71306e-05 
3 7 7 0.20049 -0.000158953 -0.000269372 
4 7 7 0.199154 -0.000295285 -0.000400154 
5 7 7 0.197634 -0.000418671 -0.000442578 
6 7 7 0.196226 -0.000500091 -0.000413749 
7 7 7 0.195131 -0.000525359 -0.000333343 
8 7 7 0.194468 -0.000493114 -0.000218282 
9 7 7 0.194291 -0.000414386 -8.67485e-05 
10 7 7 0.194595 -0.000307969 4.47798e-05 
11 7 7 0.195311 -0.00019615 0.000157434 
12 7 7 0.196307 -0.000100329 0.00022953 
13 7 7 0.197347 -3.96365e-05 0.000214822 
14 7 7 0.197495 3.63732e-05 -0.000447126 
15 7 7 0.205352 -0.000324595 0.0025931 
0 8 8 0.205522 -1.96857e-05 0.000736418 
1 8 8 0.207304 2.79415e-05 0.000318893 
2 8 8 0.207604 -3.50044e-05 -1.25005e-05 
3 8 8 0.20684 -0.000167701 -0.000223158 
4 8 8 0.205478 -0.000321717 -0.000317992 
5 8 8 0.203928 -0.000456602 -0.000324219 
6 8 8 0.202497 -0.000542582 -0.000269287 
7 8 8 0.201391 -0.000565833 -0.000177792 
8 8 8 0.200734 -0.000526219 -6.77224e-05 
9 8 8 0.200581 -0.000435968 4.55982e-05 
10 8 8 0.200924 -0.000315545 0.000150261 
11 8 8 0.201691 -0.000188982 0.000233403 
12 8 8 0.202744 -7.84047e-05 0.000278443 
13 8 8 0.203835 2.43444e-06 0.000239965 
14 8 8 0.203965 1.17951e-05 -0.000495464 
15 8 8 0.212828 0.000269578 0.00255978 
0 9 9 0.141892 5.98151e-05 0.000412897 
1 9 9 0.143278 5.30493e-05 0.00018764 
2 9 9 0.143619 -1.917e-05 2.15494e-05 
3 9 9 0.143193 -0.000126193 -7.19614e-05 
4 9 9 0.142319 -0.000236692 -0.000101403 
5 9 9 0.141283 -0.000326791 -8.79244e-05 
6 9 9 0.1403 -0.000379533 -4.99258e-05 
7 9 9 0.139519 -0.000387675 -2.50444e-06 
8 9 9 0.13903 -0.000352645 4.52701e-05 
9 9 9 0.138879 -0.000283348 8.72405e-05 
10 9 9 0.139066 -0.000194544 0.000121244 
11 9 9 0.139551 -0.000102794 0.000144508 
12 9 9 0.14025 -2.38442e-05 0.000152412 
13 9 9 0.141013 2.99215e-05 0.000126172 
14 9 9 0.141263 -3.11951e-05 -0.000211969 
15 9 9 0.144266 0.000796478 0.0022562 
0 10 10 0.0480055 3.29451e-05 8.94594e-05 
1 10 10 0.0485747 2.2268e-05 4.49963e-05 
2 10 10 0.0487736 -4.08252e-06 1.5035e-05 
3 10 10 0.0486874 -3.7031e-05 1.10311e-06 
4 10 10 0.0484245 -6.83351e-05 2.54415e-07 
5 10 10 0.0480839 -9.21532e-05 6.59594e-06 
6 10 10 0.0477434 -0.000105048 1.56273e-05 
7 10 10 0.0474577 -0.000105553 2.3896e-05 
8 10 10 0.0472609 -9.44409e-05 2.96316e-05 
9 10 10 0.0471721 -7.4167e-05 3.26274e-05 
10 10 10 0.0472025 -4.89028e-05 3.29303e-05 
11 10 10 0.0473353 -2.30575e-05 3.16661e-05 
12 10 10 0.0475497 -1.49642e-06 2.92372e-05 
13 10 10 0.0477994 9.50891e-06 2.38408e-05 
14 10 10 0.0478963 -2.57666e-05 -3.34181e-05 
15 10 10 0.0463127 0.000657768 0.000926983 
0 11 11 0 0 0 
1 11 11 0 0 0 
2 11 11 0 0 0 
3 11 11 0 0 0 
4 11 11 0 0 0 
5 11 11 0 0 0 
6 11 11 0 0 0 
7 11 11 0 0 0 
8 11 11 0 0 0 
9 11 11 0 0 0 
10 11 11 0 0 0 
11 11 11 0 0 0 
12 11 11 0 0 0 
13 11 11 0 0 0 
14 11 11 0 0 0 
15 11 11 0 0 0 
0 12 12 0 0 0 
1 12 12 0 0 0 
2 12 12 0 0 0 
3 12 12 0 0 0 
4 12 12 0 0 0 
5 12 12 0 0 0 
6 12 12 0 0 0 
7 12 12 0 0 0 
8 12 12 0 0 0 
9 12 12 0 0 0 
10 12 12 0 0 0 
11 12 12 0 0 0 
12 12 12 0 0 0 
13 12 12 0 0 0 
14 12 12 0 0 0 
15 12 12 0 0 0 
0 13 13 0 0 0 
1 13 13 0 0 0 
2 13 13 0 0 0 
3 13 13 0 0 0 
4 13 13 0 0 0 
5 13 13 0 0 0 
6 13 13 0 0 0 
7 13 13 0 0 0 
8 13 13 0 0 0 
9 13 13 0 0 0 
10 13 13 0 0 0 
11 13 13 0 0 0 
12 13 13 0 0 0 
13 13 13 0 0 0 
14 13 13 0 0 0 
15 13 13 0 0 0 
0 14 14 0 0 0 
1 14 14 0 0 0 
2 14 14 0 0 0 
3 14 14 0 0 0 
4 14 14 0 0 0 
5 14 14 0 0 0 
6 14 14 0 0 0 
7 14 14 0 0 0 
8 14 14 0 0 0 
9 14 14 0 0 0 
10 14 14 0 0 0 
11 14 14 0 0 0 
12 14 14 0 0 0 
13 14 14 0 0 0 
14 14 14 0 0 0 
15 14 14 0 0 0 
0 15 15 0 0 0 
1 15 15 0 0 0 
2 15 15 0 0 0 
3 15 15 0 0 0 
4 15 15 0 0 0 
5 15 15 0 0 0 
6 15 15 0 0 0 
7 15 15 0 0 0 
8 15 15 0 0 0 
9 15 15 0 0 0 
10 15 15 0 0 0 
11 15 15 0 0 0 
12 15 15 0 0 0 
13 15 15 0 0 0 
14 15 15 0 0 0 
15 15 15 0 0 0 
0 0 0 0 0 0 
1 0 0 0 0 0 
2 0 0 0 0 0 
3 0 0 0 0 0 
4 0 0 0 0 0 
5 0 0 0 0 0 
6 0 0 0 0 0 
7 0 0 0 0 0 
8 0 0 0 0 0 
9 0 0 0 0 0 
10 0 0 0 0 0 
11 0 0 0 0 0 
12 0 0 0 0 0 
13 0 0 0 0 0 
14 0 0 0 0 0 
15 0 0 0 0 0 
0 1 1 0 0 0 
1 1 1 0 0 0 
2 1 1 0 0 0 
3 1 1 0 0 0 
4 1 1 0 0 0 
5 1 1 0 0 0 
6 1 1 0 0 0 
7 1 1 0 0 0 
8 1 1 0 0 0 
9 1 1 0 0 0 
10 1 1 0 0 0 
11 1 1 0 0 0 
12 1 1 0 0 0 
13 1 1 0 0 0 
14 1 1 0 0 0 
15 1 1 0 0 0 
0 2 2 0 0 0 
1 2 2 0 0 0 
2 2 2 0 0 0 
3 2 2 0 0 0 
4 2 2 0 0 0 
5 2 2 0 0 0 
6 2 2 0 0 0 
7 2 2 0 0 0 
8 2 2 0 0 0 
9 2 2 0 0 0 
10 2 2 0 0 0 
11 2 2 0 0 0 
12 2 2 0 0 0 
13 2 2 0 0 0 
14 2 2 0 0 0 
15 2 2 0 0 0 
0 3 3 0 0 0 
1 3 3 0 0 0 
2 3 3 0 0 0 
3 3 3 0 0 0 
4 3 3 0 0 0 
5 3 3 0 0 0 
6 3 3 0 0 0 
7 3 3 0 0 0 
8 3 3 0 0 0 
9 3 3 0 0 0 
10 3 3 0 0 0 
11 3 3 0 0 0 
12 3 3 0 0 0 
13 3 3 0 0 0 
14 3 3 0 0 0 
15 3 3 0 0 0 
0 4 4 0 0 0 
1 4 4 0 0 0 
2 4 4 0 0 0 
3 4 4 0 0 0 
4 4 4 0 0 0 
5 4 4 0 0 0 
6 4 4 0 0 0 
7 4 4 0 0 0 
8 4 4 0 0 0 
9 4 4 0 0 0 
10 4 4 0 0 0 
11 4 4 0 0 0 
12 4 4 0 0 0 
13 4 4 0 0 0 
14 4 4 0 0 0 
15 4 4 0 0 0 
0 5 5 0 0 0 
1 5 5 0 0 0 
2 5 5 0 0 0 
3 5 5 0 0 0 
4 5 5 0 0 0 
5 5 5 0 0 0 
6 5 5 0 0 0 
7 5 5 0 0 0 
8 5 5 0 0 0 
9 5 5 0 0 0 
10 5 5 0 0 0 
11 5 5 0 0 0 
12 5 5 0 0 0 
13 5 5 0 0 0 
14 5 5 0 0 0 
15 5 5 0 0 0 
0 6 6 0 0 0 
1 6 6 0 0 0 
2 6 6 0 0 0 
3 6 6 0 0 0 
4 6 6 0 0 0 
5 6 6 0 0 0 
6 6 6 0 0 0 
7 6 6 0 0 0 
8 6 6 0 0 0 
9 6 6 0 0 0 
10 6 6 0 0 0 
11 6 6 0 0 0 
12 6 6 0 0 0 
13 6 6 0 0 0 
14 6 6 0 0 0 
15 6 6 0 0 0 
0 7 7 0 0 0 
1 7 7 0 0 0 
2 7 7 0 0 0 
3 7 7 0 0 0 
4 7 7 0 0 0 
5 7 7 0 0 0 
6 7 7 0 0 0 
7 7 7 0 0 0 
8 7 7 0 0 0 
9 7 7 0 0 0 
10 7 7 0 0 0 
11 7 7 0 0 0 
12 7 7 0 0 0 
13 7 7 0 0 0 
14 7 7 0 0 0 
15 7 7 0 0 0 
0 8 8 0 0 0 
1 8 8 0 0 0 
2 8 8 0 0 0 
3 8 8 0 0 0 
4 8 8 0 0 0 
5 8 8 0 0 0 
6 8 8 0 0 0 
7 8 8 0 0 0 
8 8 8 0 0 0 
9 8 8 0 0 0 
10 8 8 0 0 0 
11 8 8 0 0 0 
12 8 8 0 0 0 
13 8 8 0 0 0 
14 8 8 0 0 0 
15 8 8 0 0 0 
0 9 9 0 0 0 
1 9 9 0 0 0 
2 9 9 0 0 0 
3 9 9 0 0 0 
4 9 9 0 0 0 
5 9 9 0 0 0 
6 9 9 0 0 0 
7 9 9 0 0 0 
8 9 9 0 0 0 
9 9 9 0 0 0 
10 9 9 0 0 0 
11 9 9 0 0 0 
12 9 9 0 0 0 
13 9 9 0 0 0 
14 9 9 0 0 0 
15 9 9 0 0 0 
0 10 10 0 0 0 
1 10 10 0 0 0 
2 10 10 0 0 0 
3 10 10 0 0 0 
4 10 10 0 0 0 
5 10 10 0 0 0 
6 10 10 0 0 0 
7 10 10 0 0 0 
8 10 10 0 0 0 
9 10 10 0 0 0 
10 10 10 0 0 0 
11 10 10 0 0 0 
12 10 10 0 0 0 
13 10 10 0 0 0 
14 10 10 0 0 0 
15 10 10 0 0 0 
0 11 11 0 0 0 
1 11 11 0 0 0 
2 11 11 0 0 0 
3 11 11 0 0 0 
4 11 11 0 0 0 
5 11 11 0 0 0 
6 11 11 0 0 0 
7 11 11 0 0 0 
8 11 11 0 0 0 
9 11 11 0 0 0 
10 11 11 0 0 0 
11 11 11 0 0 0 
12 11 11 0 0 0 
13 11 11 0 0 0 
14 11 11 0 0 0 
15 11 11 0 0 0 
0 12 12 0 0 0 
1 12 12 0 0 0 
2 12 12 0 0 0 
3 12 12 0 0 0 
4 12 12 0 0 0 
5 12 12 0 0 0 
6 12 12 0 0 0 
7 12 12 0 0 0 
8 12 12 0 0 0 
9 12 12 0 0 0 
10 12 12 0 0 0 
11 12 12 0 0 0 
12 12 12 0 0 0 
13 12 12 0 0 0 
14 12 12 0 0 0 
15 12 12 0 0 0 
0 13 13 0 0 0 
1 13 13 0 0 0 
2 13 13 0 0 0 
3 13 13 0 0 0 
4 13 13 0 0 0 
5 13 13 0 0 0 
6 13 13 0 0 0 
7 13 13 0 0 0 
8 13 13 0 0 0 
9 13 13 0 0 0 
10 13 13 0 0 0 
11 13 13 0 0 0 
12 13 13 0 0 0 
13 13 13 0 0 0 
14 13 13 0 0 0 
15 13 13 0 0 0 
0 14 14 0 0 0 
1 14 14 0 0 0 
2 14 14 0 0 0 
3 14 14 0 0 0 
4 14 14 0 0 0 
5 14 14 0 0 0 
6 14 14 0 0 0 
7 14 14 0 0 0 
8 14 14 0 0 0 
9 14 14 0 0 0 
10 14 14 0 0 0 
11 14 14 0 0 0 
12 14 14 0 0 0 
13 14 14 0 0 0 
14 14 14 0 0 0 
15 14 14 0 0 0 
0 15 15 0 0 0 
1 15 15 0 0 0 
2 15 15 0 0 0 
3 15 15 0 0 0 
4 15 15 0 0 0 
5 15 15 0 0 0 
6 15 15 0 0 0 
7 15 15 0 0 0 
8 15 15 0 0 0 
9 15 15 0 0 0 
10 15 15 0 0 0 
11 15 15 0 0 0 
12 15 15 0 0 0 
13 15 15 0 0 0 
14 15 15 0 0 0 
15 15 15 0 0 0 
0 0 0 0 0 0 
1 0 0 0 0 0 
2 0 0 0 0 0 
3 0 0 0 0 0 
4 0 0 0 0 0 
5 0 0 0 0 0 
6 0 0 0 0 0 
7 0 0 0 0 0 
8 0 0 0 0 0 
9 0 0 0 0 0 
10 0 0 0 0 0 
11 0 0 0 0 0 
12 0 0 0 0 0 
13 0 0 0 0 0 
14 0 0 0 0 0 
15 0 0 0 0 0 
0 1 1 0 0 0 
1 1 1 0 0 0 
2 1 1 0 0 0 
3 1 1 0 0 0 
4 1 1 0 0 0 
5 1 1 0 0 0 
6 1 1 0 0 0 
7 1 1 0 0 0 
8 1 1 0 0 0 
9 1 1 0 0 0 
10 1 1 0 0 0 
11 1 1 0 0 0 
12 1 1 0 0 0 
13 1 1 0 0 0 
14 1 1 0 0 0 
15 1 1 0 0 0 
0 2 2 0 0 0 
1 2 2 0 0 0 
2 2 2 0 0 0 
3 2 2 0 0 0 
4 2 2 0 0 0 
5 2 2 0 0 0 
6 2 2 0 0 0 
7 2 2 0 0 0 
8 2 2 0 0 0 
9 2 2 0 0 0 
10 2 2 0 0 0 
11 2 2 0 0 0 
12 2 2 0 0 0 
13 2 2 0 0 0 
14 2 2 0 0 0 
15 2 2 0 0 0 
0 3 3 0 0 0 
1 3 3 0 0 0 
2 3 3 0 0 0 
3 3 3 0 0 0 
4 3 3 0 0 0 
5 3 3 0 0 0 
6 3 3 0 0 0 
7 3 3 0 0 0 
8 3 3 0 0 0 
9 3 3 0 0 0 
10 3 3 0 0 0 
11 3 3 0 0 0 
12 3 3 0 0 0 
13 3 3 0 0 0 
14 3 3 0 0 0 
15 3 3 0 0 0 
0 4 4 0 0 0 
1 4 4 0 0 0 
2 4 4 0 0 0 
3 4 4 0 0 0 
4 4 4 0 0 0 
5 4 4 0 0 0 
6 4 4 0 0 0 
7 4 4 0 0 0 
8 4 4 0 0 0 
9 4 4 0 0 0 
10 4 4 0 0 0 
11 4 4 0 0 0 
12 4 4 0 0 0 
13 4 4 0 0 0 
14 4 4 0 0 0 
15 4 4 0 0 0 
0 5 5 0 0 0 
1 5 5 0 0 0 
2 5 5 0 0 0 
3 5 5 0 0 0 
4 5 5 0 0 0 
5 5 5 0 0 0 
6 5 5 0 0 0 
7 5 5 0 0 0 
8 5 5 0 0 0 
9 5 5 0 0 0 
10 5 5 0 0 0 
11 5 5 0 0 0 
12 5 5 0 0 0 
13 5 5 0 0 0 
14 5 5 0 0 0 
15 5 5 0 0 0 
0 6 6 0 0 0 
1 6 6 0 0 0 
2 6 6 0 0 0 
3 6 6 0 0 0 
4 6 6 0 0 0 
5 6 6 0 0 0 
6 6 6 0 0 0 
7 6 6 0 0 0 
8 6 6 0 0 0 
9 6 6 0 0 0 
10 6 6 0 0 0 
11 6 6 0 0 0 
12 6 6 0 0 0 
13 6 6 0 0 0 
14 6 6 0 0 0 
15 6 6 0 0 0 
0 7 7 0 0 0 
1 7 7 0 0 0 
2 7 7 0 0 0 
3 7 7 0 0 0 
4 7 7 0 0 0 
5 7 7 0 0 0 
6 7 7 0 0 0 
7 7 7 0 0 0 
8 7 7 0 0 0 
9 7 7 0 0 0 
10 7 7 0 0 0 
11 7 7 0 0 0 
12 7 7 0 0 0 
13 7 7 0 0 0 
14 7 7 0 0 0 
15 7 7 0 0 0 
0 8 8 0 0 0 
1 8 8 0 0 0 
2 8 8 0 0 0 
3 8 8 0 0 0 
4 8 8 0 0 0 
5 8 8 0 0 0 
6 8 8 0 0 0 
7 8 8 0 0 0 
8 8 8 0 0 0 
9 8 8 0 0 0 
10 8 8 0 0 0 
11 8 8 0 0 0 
12 8 8 0 0 0 
13 8 8 0 0 0 
14 8 8 0 0 0 
15 8 8 0 0 0 
0 9 9 0 0 0 
1 9 9 0 0 0 
2 9 9 0 0 0 
3 9 9 0 0 0 
4 9 9 0 0 0 
5 9 9 0 0 0 
6 9 9 0 0 0 
7 9 9 0 0 0 
8 9 9 0 0 0 
9 9 9 0 0 0 
10 9 9 0 0 0 
11 9 9 0 0 0 
12 9 9 0 0 0 
13 9 9 0 0 0 
14 9 9 0 0 0 
15 9 9 0 0 0 
0 10 10 0 0 0 
1 10 10 0 0 0 
2 10 10 0 0 0 
3 10 10 0 0 0 
4 10 10 0 0 0 
5 10 10 0 0 0 
6 10 10 0 0 0 
7 10 10 0 0 0 
8 10 10 0 0 0 
9 10 10 0 0 0 
10 10 10 0 0 0 
11 10 10 0 0 0 
12 10 10 0 0 0 
13 10 10 0 0 0 
14 10 10 0 0 0 
15 10 10 0 0 0 
0 11 11 0 0 0 
1 11 11 0 0 0 
2 11 11 0 0 0 
3 11 11 0 0 0 
4 11 11 0 0 0 
5 11 11 0 0 0 
6 11 11 0 0 0 
7 11 11 0 0 0 
8 11 11 0 0 0 
9 11 11 0 0 0 
10 11 11 0 0 0 
11 11 11 0 0 0 
12 11 11 0 0 0 
13 11 11 0 0 0 
14 11 11 0 0 0 
15 11 11 0 0 0 
0 12 12 0 0 0 
1 12 12 0 0 0 
2 12 12 0 0 0 
3 12 12 0 0 0 
4 12 12 0 0 0 
5 12 12 0 0 0 
6 12 12 0 0 0 
7 12 12 0 0 0 
8 12 12 0 0 0 
9 12 12 0 0 0 
10 12 12 0 0 0 
11 12 12 0 0 0 
12 12 12 0 0 0 
13 12 12 0 0 0 
14 12 12 0 0 0 
15 12 12 0 0 0 
0 13 13 0 0 0 
1 13 13 0 0 0 
2 13 13 0 0 0 
3 13 13 0 0 0 
4 13 13 0 0 0 
5 13 13 0 0 0 
6 13 13 0 0 0 
7 13 13 0 0 0 
8 13 13 0 0 0 
9 13 13 0 0 0 
10 13 13 0 0 0 
11 13 13 0 0 0 
12 13 13 0 0 0 
13 13 13 0 0 0 
14 13 13 0 0 0 
15 13 13 0 0 0 
0 14 14 0 0 0 
1 14 14 0 0 0 
2 14 14 0 0 0 
3 14 14 0 0 0 
4 14 14 0 0 0 
5 14 14 0 0 0 
6 14 14 0 0 0 
7 14 14 0 0 0 
8 14 14 0 0 0 
9 14 14 0 0 0 
10 14 14 0 0 0 
11 14 14 0 0 0 
12 14 14 0 0 0 
13 14 14 0 0 0 
14 14 14 0 0 0 
15 14 14 0 0 0 
0 15 15 0 0 0 
1 15 15 0 0 0 
2 15 15 0 0 0 
3 15 15 0 0 0 
4 15 15 0 0 0 
5 15 15 0 0 0 
6 15 15 0 0 0 
7 15 15 0 0 0 
8 15 15 0 0 0 
9 15 15 0 0 0 
10 15 15 0 0 0 
11 15 15 0 0 0 
12 15 15 0 0 0 
13 15 15 0 0 0 
14 15 15 0 0 0 
15 15 15 0 0 0 
0 0 0 0 0 0 
1 0 0 0 0 0 
2 0 0 0 0 0 
3 0 0 0 0 0 
4 0 0 0 0 0 
5 0 0 0 0 0 
6 0 0 0 0 0 
7 0 0 0 0 0 
8 0 0 0 0 0 
9 0 0 0 0 0 
10 0 0 0 0 0 
11 0 0 0 0 0 
12 0 0 0 0 0 
13 0 0 0 0 0 
14 0 0 0 0 0 
15 0 0 0 0 0 
0 1 1 0 0 0 
1 1 1 0 0 0 
2 1 1 0 0 0 
3 1 1 0 0 0 
4 1 1 0 0 0 
5 1 1 0 0 0 
6 1 1 0 0 0 
7 1 1 0 0 0 
8 1 1 0 0 0 
9 1 1 0 0 0 
10 1 1 0 0 0 
11 1 1 0 0 0 
12 1 1 0 0 0 
13 1 1 0 0 0 
14 1 1 0 0 0 
15 1 1 0 0 0 
0 2 2 0 0 0 
1 2 2 0 0 0 
2 2 2 0 0 0 
3 2 2 0 0 0 
4 2 2 0 0 0 
5 2 2 0 0 0 
6 2 2 0 0 0 
7 2 2 0 0 0 
8 2 2 0 0 0 
9 2 2 0 0 0 
10 2 2 0 0 0 
11 2 2 0 0 0 
12 2 2 0 0 0 
13 2 2 0 0 0 
14 2 2 0 0 0 
15 2 2 0 0 0 
0 3 3 0 0 0 
1 3 3 0 0 0 
2 3 3 0 0 0 
3 3 3 0 0 0 
4 3 3 0 0 0 
5 3 3 0 0 0 
6 3 3 0 0 0 
7 3 3 0 0 0 
8 3 3 0 0 0 
9 3 3 0 0 0 
10 3 3 0 0 0 
11 3 3 0 0 0 
12 3 3 0 0 0 
13 3 3 0 0 0 
14 3 3 0 0 0 
15 3 3 0 0 0 
0 4 4 0 0 0 
1 4 4 0 0 0 
2 4 4 0 0 0 
3 4 4 0 0 0 
4 4 4 0 0 0 
5 4 4 0 0 0 
6 4 4 0 0 0 
7 4 4 0 0 0 
8 4 4 0 0 0 
9 4 4 0 0 0 
10 4 4 0 0 0 
11 4 4 0 0 0 
12 4 4 0 0 0 
13 4 4 0 0 0 
14 4 4 0 0 0 
15 4 4 0 0 0 
0 5 5 0 0 0 
1 5 5 0 0 0 
2 5 5 0 0 0 
3 5 5 0 0 0 
4 5 5 0 0 0 
5 5 5 0 0 0 
6 5 5 0 0 0 
7 5 5 0 0 0 
8 5 5 0 0 0 
9 5 5 0 0 0 
10 5 5 0 0 0 
11 5 5 0 0 0 
12 5 5 0 0 0 
13 5 5 0 0 0 
14 5 5 0 0 0 
15 5 5 0 0 0 
0 6 6 0 0 0 
1 6 6 0 0 0 
2 6 6 0 0 0 
3 6 6 0 0 0 
4 6 6 0 0 0 
5 6 6 0 0 0 
6 6 6 0 0 0 
7 6 6 0 0 0 
8 6 6 0 0 0 
9 6 6 0 0 0 
10 6 6 0 0 0 
11 6 6 0 0 0 
12 6 6 0 0 0 
13 6 6 0 0 0 
14 6 6 0 0 0 
15 6 6 0 0 0 
0 7 7 0 0 0 
1 7 7 0 0 0 
2 7 7 0 0 0 
3 7 7 0 0 0 
4 7 7 0 0 0 
5 7 7 0 0 0 
6 7 7 0 0 0 
7 7 7 0 0 0 
8 7 7 0 0 0 
9 7 7 0 0 0 
10 7 7 0 0 0 
11 7 7 0 0 0 
12 7 7 0 0 0 
13 7 7 0 0 0 
14 7 7 0 0 0 
15 7 7 0 0 0 
0 8 8 0 0 0 
1 8 8 0 0 0 
2 8 8 0 0 0 
3 8 8 0 0 0 
4 8 8 0 0 0 
5 8 8 0 0 0 
6 8 8 0 0 0 
7 8 8 0 0 0 
8 8 8 0 0 0 
9 8 8 0 0 0 
10 8 8 0 0 0 
11 8 8 0 0 0 
12 8 8 0 0 0 
13 8 8 0 0 0 
14 8 8 0 0 0 
15 8 8 0 0 0 
0 9 9 0 0 0 
1 9 9 0 0 0 
2 9 9 0 0 0 
3 9 9 0 0 0 
4 9 9 0 0 0 
5 9 9 0 0 0 
6 9 9 0 0 0 
7 9 9 0 0 0 
8 9 9 0 0 0 
9 9 9 0 0 0 
10 9 9 0 0 0 
11 9 9 0 0 0 
12 9 9 0 0 0 
13 9 9 0 0 0 
14 9 9 0 0 0 
15 9 9 0 0 0 
0 10 10 0 0 0 
1 10 10 0 0 0 
2 10 10 0 0 0 
3 10 10 0 0 0 
4 10 10 0 0 0 
5 10 10 0 0 0 
6 10 10 0 0 0 
7 10 10 0 0 0 
8 10 10 0 0 0 
9 10 10 0 0 0 
10 10 10 0 0 0 
11 10 10 0 0 0 
12 10 10 0 0 0 
13 10 10 0 0 0 
14 10 10 0 0 0 
15 10 10 0 0 0 
0 11 11 0 0 0 
1 11 11 0 0 0 
2 11 11 0 0 0 
3 11 11 0 0 0 
4 11 11 0 0 0 
5 11 11 0 0 0 
6 11 11 0 0 0 
7 11 11 0 0 0 
8 11 11 0 0 0 
9 11 11 0 0 0 
10 11 11 0 0 0 
11 11 11 0 0 0 
12 11 11 0 0 0 
13 11 11 0 0 0 
14 11 11 0 0 0 
15 11 11 0 0 0 
0 12 12 0 0 0 
1 12 12 0 0 0 
2 12 12 0 0 0 
3 12 12 0 0 0 
4 12 12 0 0 0 
5 12 12 0 0 0 
6 12 12 0 0 0 
7 12 12 0 0 0 
8 12 12 0 0 0 
9 12 12 0 0 0 
10 12 12 0 0 0 
11 12 12 0 0 0 
12 12 12 0 0 0 
13 12 12 0 0 0 
14 12 12 0 0 0 
15 12 12 0 0 0 
0 13 13 0 0 0 
1 13 13 0 0 0 
2 13 13 0 0 0 
3 13 13 0 0 0 
4 13 13 0 0 0 
5 13 13 0 0 0 
6 13 13 0 0 0 
7 13 13 0 0 0 
8 13 13 0 0 0 
9 13 13 0 0 0 
10 13 13 0 0 0 
11 13 13 0 0 0 
12 13 13 0 0 0 
13 13 13 0 0 0 
14 13 13 0 0 0 
15 13 13 0 0 0 
0 14 14 0 0 0 
1 14 14 0 0 0 
2 14 14 0 0 0 
3 14 14 0 0 0 
4 14 14 0 0 0 
5 14 14 0 0 0 
6 14 14 0 0 0 
7 14 14 0 0 0 
8 14 14 0 0 0 
9 14 14 0 0 0 
10 14 14 0 0 0 
11 14 14 0 0 0 
12 14 14 0 0 0 
13 14 14 0 0 0 
14 14 14 0 0 0 
15 14 14 0 0 0 
0 15 15 0 0 0 
1 15 15 0 0 0 
2 15 15 0 0 0 
3 15 15 0 0 0 
4 15 15 0 0 0 
5 15 15 0 0 0 
6 15 15 0 0 0 
7 15 15 0 0 0 
8 15 15 0 0 0 
9 15 15 0 0 0 
10 15 15 0 0 0 
11 15 15 0 0 0 
12 15 15 0 0 0 
13 15 15 0 0 0 
14 15 15 0 0 0 
15 15 15 0 0 0 
