0
65
130
195
260
325
390
455
520
585
650
715
780
845
910
975
1040
1105
1170
1235
1300
1365
1430
1495
1560
1625
1690
1755
1820
1885
1950
2015
2080
2145
2210
2275
2340
2405
2470
2535
2600
2665
2730
2795
2860
2925
2990
3055
3120
3185
3250
3315
3380
3445
3510
3575
3640
3705
3770
3835
3900
3965
4030
4095
4160
4225
4290
4355
4420
4485
4550
4615
4680
4745
4810
4875
4940
5005
5070
5135
5200
5265
5330
5395
5460
5525
5590
5655
5720
5785
5850
5915
5980
6045
6110
6175
6240
6305
6370
6435
6500
6565
6630
6695
6760
6825
6890
6955
7020
7085
7150
7215
7280
7345
7410
7475
7540
7605
7670
7735
7800
7865
7930
7995
8060
8125
8190
8255
8320
8385
8450
8515
8580
8645
8710
8775
8840
8905
8970
9035
9100
9165
9230
9295
9360
9425
9490
9555
9620
9685
9750
9815
9880
9945
10010
10075
10140
10205
10270
10335
10400
10465
10530
10595
10660
10725
10790
10855
10920
10985
11050
11115
11180
11245
11310
11375
11440
11505
11570
11635
11700
11765
11830
11895
11960
12025
12090
12155
12220
12285
12350
12415
12480
12545
12610
12675
12740
12805
12870
12935
13000
13065
13130
13195
13260
13325
13390
13455
13520
13585
13650
13715
13780
13845
13910
13975
14040
14105
14170
14235
14300
14365
14430
14495
14560
14625
14690
14755
14820
14885
14950
15015
15080
15145
15210
15275
15340
15405
15470
15535
15600
15665
15730
15795
15860
15925
15990
16055
16120
16185
16250
16315
16380
16445
16510
16575
16640
16705
16770
16835
16900
16965
17030
17095
17160
17225
17290
17355
17420
17485
17550
17615
17680
17745
17810
17875
17940
18005
18070
18135
18200
18265
18330
18395
18460
18525
18590
18655
18720
18785
18850
18915
18980
19045
19110
19175
19240
19305
19370
19435
19500
19565
19630
19695
19760
19825
19890
19955
20020
20085
20150
20215
20280
20345
20410
20475
20540
20605
20670
20735
20800
20865
20930
20995
21060
21125
21190
21255
21320
21385
21450
21515
21580
21645
21710
21775
21840
21905
21970
22035
22100
22165
22230
22295
22360
22425
22490
22555
22620
22685
22750
22815
22880
22945
23010
23075
23140
23205
23270
23335
23400
23465
23530
23595
23660
23725
23790
23855
23920
23985
24050
24115
24180
24245
24310
24375
24440
24505
24570
24635
24700
24765
24830
24895
24960
25025
25090
25155
25220
25285
25350
25415
25480
25545
25610
25675
25740
25805
25870
25935
26000
26065
26130
26195
26260
26325
26390
26455
26520
26585
26650
26715
26780
26845
26910
26975
27040
27105
27170
27235
27300
27365
27430
27495
27560
27625
27690
27755
27820
27885
27950
28015
28080
28145
28210
28275
28340
28405
28470
28535
28600
28665
28730
28795
28860
28925
28990
29055
29120
29185
29250
29315
29380
29445
29510
29575
29640
29705
29770
29835
29900
29965
30030
30095
30160
30225
30290
30355
30420
30485
30550
30615
30680
30745
30810
30875
30940
31005
31070
31135
31200
31265
31330
31395
31460
31525
31590
31655
31720
31785
31850
31915
31980
32045
32110
32175
32240
32305
32370
32435
32500
32565
32630
32695
32760
32825
32890
32955
33020
33085
33150
33215
33280
33345
33410
33475
33540
33605
33670
33735
33800
33865
33930
33995
34060
34125
34190
34255
34320
34385
34450
34515
34580
34645
34710
34775
34840
34905
34970
35035
35100
35165
35230
35295
35360
35425
35490
35555
35620
35685
35750
35815
35880
35945
36010
36075
36140
36205
36270
36335
36400
36465
36530
36595
36660
36725
36790
36855
36920
36985
37050
37115
37180
37245
37310
37375
37440
37505
37570
37635
37700
37765
37830
37895
37960
38025
38090
38155
38220
38285
38350
38415
38480
38545
38610
38675
38740
38805
38870
38935
39000
39065
39130
39195
39260
39325
39390
39455
39520
39585
39650
39715
39780
39845
39910
39975
40040
40105
40170
40235
40300
40365
40430
40495
40560
40625
40690
40755
40820
40885
40950
41015
41080
41145
41210
41275
41340
41405
41470
41535
41600
41665
41730
41795
41860
41925
41990
42055
42120
42185
42250
42315
42380
42445
42510
42575
42640
42705
42770
42835
42900
42965
43030
43095
43160
43225
43290
43355
43420
43485
43550
43615
43680
43745
43810
43875
43940
44005
44070
44135
44200
44265
44330
44395
44460
44525
44590
44655
44720
44785
44850
44915
44980
45045
45110
45175
45240
45305
45370
45435
45500
45565
45630
45695
45760
45825
45890
45955
46020
46085
46150
46215
46280
46345
46410
46475
46540
46605
46670
46735
46800
46865
46930
46995
47060
47125
47190
47255
47320
47385
47450
47515
47580
47645
47710
47775
47840
47905
47970
48035
48100
48165
48230
48295
48360
48425
48490
48555
48620
48685
48750
48815
48880
48945
49010
49075
49140
49205
49270
49335
49400
49465
49530
49595
49660
49725
49790
49855
49920
49985
50050
50115
50180
50245
50310
50375
50440
50505
50570
50635
50700
50765
50830
50895
50960
51025
51090
51155
51220
51285
51350
51415
51480
51545
51610
51675
51740
51805
51870
51935
52000
52065
52130
52195
52260
52325
52390
52455
52520
52585
52650
52715
52780
52845
52910
52975
53040
53105
53170
53235
53300
53365
53430
53495
53560
53625
53690
53755
53820
53885
53950
54015
54080
54145
54210
54275
54340
54405
54470
54535
54600
54665
54730
54795
54860
54925
54990
55055
55120
55185
55250
55315
55380
55445
55510
55575
55640
55705
55770
55835
55900
55965
56030
56095
56160
56225
56290
56355
56420
56485
56550
56615
56680
56745
56810
56875
56940
57005
57070
57135
57200
57265
57330
57395
57460
57525
57590
57655
57720
57785
57850
57915
57980
58045
58110
58175
58240
58305
58370
58435
58500
58565
58630
58695
58760
58825
58890
58955
59020
59085
59150
59215
59280
59345
59410
59475
59540
59605
59670
59735
59800
59865
59930
59995
60060
60125
60190
60255
60320
60385
60450
60515
60580
60645
60710
60775
60840
60905
60970
61035
61100
61165
61230
61295
61360
61425
61490
61555
61620
61685
61750
61815
61880
61945
62010
62075
62140
62205
62270
62335
62400
62465
62530
62595
62660
62725
62790
62855
62920
62985
63050
63115
63180
63245
63310
63375
63440
63505
63570
63635
63700
63765
63830
63895
63960
64025
64090
64155
64220
64285
64350
64415
64480
64545
64610
64675
64740
64805
64870
64935
65000
65065
65130
65195
65260
65325
65390
65455
65520
65585
65650
65715
65780
65845
65910
65975
66040
66105
66170
66235
66300
66365
66430
66495
66560
66625
66690
66755
66820
66885
66950
67015
67080
67145
67210
67275
67340
67405
67470
67535
67600
67665
67730
67795
67860
67925
67990
68055
68120
68185
68250
68315
68380
68445
68510
68575
68640
68705
68770
68835
68900
68965
69030
69095
69160
69225
69290
69355
69420
69485
69550
69615
69680
69745
69810
69875
69940
70005
70070
70135
70200
70265
70330
70395
70460
70525
70590
70655
70720
70785
70850
70915
70980
71045
71110
71175
71240
71305
71370
71435
71500
71565
71630
71695
71760
71825
71890
71955
72020
72085
72150
72215
72280
72345
72410
72475
72540
72605
72670
72735
72800
72865
72930
72995
73060
73125
73190
73255
73320
73385
73450
73515
73580
73645
73710
73775
73840
73905
73970
74035
74100
74165
74230
74295
74360
74425
74490
74555
74620
74685
74750
74815
74880
74945
75010
75075
75140
75205
75270
75335
75400
75465
75530
75595
75660
75725
75790
75855
75920
75985
76050
76115
76180
76245
76310
76375
76440
76505
76570
76635
76700
76765
76830
76895
76960
77025
77090
77155
77220
77285
77350
77415
77480
77545
77610
77675
77740
77805
77870
77935
78000
78065
78130
78195
78260
78325
78390
78455
78520
78585
78650
78715
78780
78845
78910
78975
79040
79105
79170
79235
79300
79365
79430
79495
79560
79625
79690
79755
79820
79885
79950
80015
80080
80145
80210
80275
80340
80405
80470
80535
80600
80665
80730
80795
80860
80925
80990
81055
81120
81185
81250
81315
81380
81445
81510
81575
81640
81705
81770
81835
81900
81965
82030
82095
82160
82225
82290
82355
82420
82485
82550
82615
82680
82745
82810
82875
82940
83005
83070
83135
83200
83265
83330
83395
83460
83525
83590
83655
83720
83785
83850
83915
83980
84045
84110
84175
84240
84305
84370
84435
84500
84565
84630
84695
84760
84825
84890
84955
85020
85085
85150
85215
85280
85345
85410
85475
85540
85605
85670
85735
85800
85865
85930
85995
86060
86125
86190
86255
86320
86385
86450
86515
86580
86645
86710
86775
86840
86905
86970
87035
87100
87165
87230
87295
87360
87425
87490
87555
87620
87685
87750
87815
87880
87945
88010
88075
88140
88205
88270
88335
88400
88465
88530
88595
88660
88725
88790
88855
88920
88985
89050
89115
89180
89245
89310
89375
89440
89505
89570
89635
89700
89765
89830
89895
89960
90025
90090
90155
90220
90285
90350
90415
90480
90545
90610
90675
90740
90805
90870
90935
91000
91065
91130
91195
91260
91325
91390
91455
91520
91585
91650
91715
91780
91845
91910
91975
92040
92105
92170
92235
92300
92365
92430
92495
92560
92625
92690
92755
92820
92885
92950
93015
93080
93145
93210
93275
93340
93405
93470
93535
93600
93665
93730
93795
93860
93925
93990
94055
94120
94185
94250
94315
94380
94445
94510
94575
94640
94705
94770
94835
94900
94965
95030
95095
95160
95225
95290
95355
95420
95485
95550
95615
95680
95745
95810
95875
95940
96005
96070
96135
96200
96265
96330
96395
96460
96525
96590
96655
96720
96785
96850
96915
96980
97045
97110
97175
97240
97305
97370
97435
97500
97565
97630
97695
97760
97825
97890
97955
98020
98085
98150
98215
98280
98345
98410
98475
98540
98605
98670
98735
98800
98865
98930
98995
99060
99125
99190
99255
99320
99385
99450
99515
99580
99645
99710
99775
99840
99905
99970
100035
100100
100165
100230
100295
100360
100425
100490
100555
100620
100685
100750
100815
100880
100945
101010
101075
101140
101205
101270
101335
101400
101465
101530
101595
101660
101725
101790
101855
101920
101985
102050
102115
102180
102245
102310
102375
102440
102505
102570
102635
102700
102765
102830
102895
102960
103025
103090
103155
103220
103285
103350
103415
103480
103545
103610
103675
103740
103805
103870
103935
104000
104065
104130
104195
104260
104325
104390
104455
104520
104585
104650
104715
104780
104845
104910
104975
105040
105105
105170
105235
105300
105365
105430
105495
105560
105625
105690
105755
105820
105885
105950
106015
106080
106145
106210
106275
106340
106405
106470
106535
106600
106665
106730
106795
106860
106925
106990
107055
107120
107185
107250
107315
107380
107445
107510
107575
107640
107705
107770
107835
107900
107965
108030
108095
108160
108225
108290
108355
108420
108485
108550
108615
108680
108745
108810
108875
108940
109005
109070
109135
109200
109265
109330
109395
109460
109525
109590
109655
109720
109785
109850
109915
109980
110045
110110
110175
110240
110305
110370
110435
110500
110565
110630
110695
110760
110825
110890
110955
111020
111085
111150
111215
111280
111345
111410
111475
111540
111605
111670
111735
111800
111865
111930
111995
112060
112125
112190
112255
112320
112385
112450
112515
112580
112645
112710
112775
112840
112905
112970
113035
113100
113165
113230
113295
113360
113425
113490
113555
113620
113685
113750
113815
113880
113945
114010
114075
114140
114205
114270
114335
114400
114465
114530
114595
114660
114725
114790
114855
114920
114985
115050
115115
115180
115245
115310
115375
115440
115505
115570
115635
115700
115765
115830
115895
115960
116025
116090
116155
116220
116285
116350
116415
116480
116545
116610
116675
116740
116805
116870
116935
117000
117065
117130
117195
117260
117325
117390
117455
117520
117585
117650
117715
117780
117845
117910
117975
118040
118105
118170
118235
118300
118365
118430
118495
118560
118625
118690
118755
118820
118885
118950
119015
119080
119145
119210
119275
119340
119405
119470
119535
119600
119665
119730
119795
119860
119925
119990
120055
120120
120185
120250
120315
120380
120445
120510
120575
120640
120705
120770
120835
120900
120965
121030
121095
121160
121225
121290
121355
121420
121485
121550
121615
121680
121745
121810
121875
121940
122005
122070
122135
122200
122265
122330
122395
122460
122525
122590
122655
122720
122785
122850
122915
122980
123045
123110
123175
123240
123305
123370
123435
123500
123565
123630
123695
123760
123825
123890
123955
124020
124085
124150
124215
124280
124345
124410
124475
124540
124605
124670
124735
124800
124865
124930
124995
125060
125125
125190
125255
125320
125385
125450
125515
125580
125645
125710
125775
125840
125905
125970
126035
126100
126165
126230
126295
126360
126425
126490
126555
126620
126685
126750
126815
126880
126945
127010
127075
127140
127205
127270
127335
127400
127465
127530
127595
127660
127725
127790
127855
127920
127985
128050
128115
128180
128245
128310
128375
128440
128505
128570
128635
128700
128765
128830
128895
128960
129025
129090
129155
129220
129285
129350
129415
129480
129545
129610
129675
129740
129805
129870
129935
130000
130065
130130
130195
130260
130325
130390
130455
130520
130585
130650
130715
130780
130845
130910
130975
131040
131105
131170
131235
131300
131365
131430
131495
131560
131625
131690
131755
131820
131885
131950
132015
132080
132145
132210
132275
132340
132405
132470
132535
132600
132665
132730
132795
132860
132925
132990
133055
133120
133185
133250
133315
133380
133445
133510
133575
133640
133705
133770
133835
133900
133965
134030
134095
134160
134225
134290
134355
134420
134485
134550
134615
134680
134745
134810
134875
134940
135005
135070
135135
135200
135265
135330
135395
135460
135525
135590
135655
135720
135785
135850
135915
135980
136045
136110
136175
136240
136305
136370
136435
136500
136565
136630
136695
136760
136825
136890
136955
137020
137085
137150
137215
137280
137345
137410
137475
137540
137605
137670
137735
137800
137865
137930
137995
138060
138125
138190
138255
138320
138385
138450
138515
138580
138645
138710
138775
138840
138905
138970
139035
139100
139165
139230
139295
139360
139425
139490
139555
139620
139685
139750
139815
139880
139945
140010
140075
140140
140205
140270
140335
140400
140465
140530
140595
140660
140725
140790
140855
140920
140985
141050
141115
141180
141245
141310
141375
141440
141505
141570
141635
141700
141765
141830
141895
141960
142025
142090
142155
142220
142285
142350
142415
142480
142545
142610
142675
142740
142805
142870
142935
143000
143065
143130
143195
143260
143325
143390
143455
143520
143585
143650
143715
143780
143845
143910
143975
144040
144105
144170
144235
144300
144365
144430
144495
144560
144625
144690
144755
144820
144885
144950
145015
145080
145145
145210
145275
145340
145405
145470
145535
145600
145665
145730
145795
145860
145925
145990
146055
146120
146185
146250
146315
146380
146445
146510
146575
146640
146705
146770
146835
146900
146965
147030
147095
147160
147225
147290
147355
147420
147485
147550
147615
147680
147745
147810
147875
147940
148005
148070
148135
148200
148265
148330
148395
148460
148525
148590
148655
148720
148785
148850
148915
148980
149045
149110
149175
149240
149305
149370
149435
149500
149565
149630
149695
149760
149825
149890
149955
150020
150085
150150
150215
150280
150345
150410
150475
150540
150605
150670
150735
150800
150865
150930
150995
151060
151125
151190
151255
151320
151385
151450
151515
151580
151645
151710
151775
151840
151905
151970
152035
152100
152165
152230
152295
152360
152425
152490
152555
152620
152685
152750
152815
152880
152945
153010
153075
153140
153205
153270
153335
153400
153465
153530
153595
153660
153725
153790
153855
153920
153985
154050
154115
154180
154245
154310
154375
154440
154505
154570
154635
154700
154765
154830
154895
154960
155025
155090
155155
155220
155285
155350
155415
155480
155545
155610
155675
155740
155805
155870
155935
156000
156065
156130
156195
156260
156325
156390
156455
156520
156585
156650
156715
156780
156845
156910
156975
157040
157105
157170
157235
157300
157365
157430
157495
157560
157625
157690
157755
157820
157885
157950
158015
158080
158145
158210
158275
158340
158405
158470
158535
158600
158665
158730
158795
158860
158925
158990
159055
159120
159185
159250
159315
159380
159445
159510
159575
159640
159705
159770
159835
159900
159965
160030
160095
160160
160225
160290
160355
160420
160485
160550
160615
160680
160745
160810
160875
160940
161005
161070
161135
161200
161265
161330
161395
161460
161525
161590
161655
161720
161785
161850
161915
161980
162045
162110
162175
162240
162305
162370
162435
162500
162565
162630
162695
162760
162825
162890
162955
163020
163085
163150
163215
163280
163345
163410
163475
163540
163605
163670
163735
163800
163865
163930
163995
164060
164125
164190
164255
164320
164385
164450
164515
164580
164645
164710
164775
164840
164905
164970
165035
165100
165165
165230
165295
165360
165425
165490
165555
165620
165685
165750
165815
165880
165945
166010
166075
166140
166205
166270
166335
166400
166465
166530
166595
166660
166725
166790
166855
166920
166985
167050
167115
167180
167245
167310
167375
167440
167505
167570
167635
167700
167765
167830
167895
167960
168025
168090
168155
168220
168285
168350
168415
168480
168545
168610
168675
168740
168805
168870
168935
169000
169065
169130
169195
169260
169325
169390
169455
169520
169585
169650
169715
169780
169845
169910
169975
170040
170105
170170
170235
170300
170365
170430
170495
170560
170625
170690
170755
170820
170885
170950
171015
171080
171145
171210
171275
171340
171405
171470
171535
171600
171665
171730
171795
171860
171925
171990
172055
172120
172185
172250
172315
172380
172445
172510
172575
172640
172705
172770
172835
172900
172965
173030
173095
173160
173225
173290
173355
173420
173485
173550
173615
173680
173745
173810
173875
173940
174005
174070
174135
174200
174265
174330
174395
174460
174525
174590
174655
174720
174785
174850
174915
174980
175045
175110
175175
175240
175305
175370
175435
175500
175565
175630
175695
175760
175825
175890
175955
176020
176085
176150
176215
176280
176345
176410
176475
176540
176605
176670
176735
176800
176865
176930
176995
177060
177125
177190
177255
177320
177385
177450
177515
177580
177645
177710
177775
177840
177905
177970
178035
178100
178165
178230
178295
178360
178425
178490
178555
178620
178685
178750
178815
178880
178945
179010
179075
179140
179205
179270
179335
179400
179465
179530
179595
179660
179725
179790
179855
179920
179985
180050
180115
180180
180245
180310
180375
180440
180505
180570
180635
180700
180765
180830
180895
180960
181025
181090
181155
181220
181285
181350
181415
181480
181545
181610
181675
181740
181805
181870
181935
182000
182065
182130
182195
182260
182325
182390
182455
182520
182585
182650
182715
182780
182845
182910
182975
183040
183105
183170
183235
183300
183365
183430
183495
183560
183625
183690
183755
183820
183885
183950
184015
184080
184145
184210
184275
184340
184405
184470
184535
184600
184665
184730
184795
184860
184925
184990
185055
185120
185185
185250
185315
185380
185445
185510
185575
185640
185705
185770
185835
185900
185965
186030
186095
186160
186225
186290
186355
186420
186485
186550
186615
186680
186745
186810
186875
186940
187005
187070
187135
187200
187265
187330
187395
187460
187525
187590
187655
187720
187785
187850
187915
187980
188045
188110
188175
188240
188305
188370
188435
188500
188565
188630
188695
188760
188825
188890
188955
189020
189085
189150
189215
189280
189345
189410
189475
189540
189605
189670
189735
189800
189865
189930
189995
190060
190125
190190
190255
190320
190385
190450
190515
190580
190645
190710
190775
190840
190905
190970
191035
191100
191165
191230
191295
191360
191425
191490
191555
191620
191685
191750
191815
191880
191945
192010
192075
192140
192205
192270
192335
192400
192465
192530
192595
192660
192725
192790
192855
192920
192985
193050
193115
193180
193245
193310
193375
193440
193505
193570
193635
193700
193765
193830
193895
193960
194025
194090
194155
194220
194285
194350
194415
194480
194545
194610
194675
194740
194805
194870
194935
195000
195065
195130
195195
195260
195325
195390
195455
195520
195585
195650
195715
195780
195845
195910
195975
196040
196105
196170
196235
196300
196365
196430
196495
196560
196625
196690
196755
196820
196885
196950
197015
197080
197145
197210
197275
197340
197405
197470
197535
197600
197665
197730
197795
197860
197925
197990
198055
198120
198185
198250
198315
198380
198445
198510
198575
198640
198705
198770
198835
198900
198965
199030
199095
199160
199225
199290
199355
199420
199485
199550
199615
199680
199745
199810
199875
199940
200005
200070
200135
200200
200265
200330
200395
200460
200525
200590
200655
200720
200785
200850
200915
200980
201045
201110
201175
201240
201305
201370
201435
201500
201565
201630
201695
201760
201825
201890
201955
202020
202085
202150
202215
202280
202345
202410
202475
202540
202605
202670
202735
202800
202865
202930
202995
203060
203125
203190
203255
203320
203385
203450
203515
203580
203645
203710
203775
203840
203905
203970
204035
204100
204165
204230
204295
204360
204425
204490
204555
204620
204685
204750
204815
204880
204945
205010
205075
205140
205205
205270
205335
205400
205465
205530
205595
205660
205725
205790
205855
205920
205985
206050
206115
206180
206245
206310
206375
206440
206505
206570
206635
206700
206765
206830
206895
206960
207025
207090
207155
207220
207285
207350
207415
207480
207545
207610
207675
207740
207805
207870
207935
208000
208065
208130
208195
208260
208325
208390
208455
208520
208585
208650
208715
208780
208845
208910
208975
209040
209105
209170
209235
209300
209365
209430
209495
209560
209625
209690
209755
209820
209885
209950
210015
210080
210145
210210
210275
210340
210405
210470
210535
210600
210665
210730
210795
210860
210925
210990
211055
211120
211185
211250
211315
211380
211445
211510
211575
211640
211705
211770
211835
211900
211965
212030
212095
212160
212225
212290
212355
212420
212485
212550
212615
212680
212745
212810
212875
212940
213005
213070
213135
213200
213265
213330
213395
213460
213525
213590
213655
213720
213785
213850
213915
213980
214045
214110
214175
214240
214305
214370
214435
214500
214565
214630
214695
214760
214825
214890
214955
215020
215085
215150
215215
215280
215345
215410
215475
215540
215605
215670
215735
215800
215865
215930
215995
216060
216125
216190
216255
216320
216385
216450
216515
216580
216645
216710
216775
216840
216905
216970
217035
217100
217165
217230
217295
217360
217425
217490
217555
217620
217685
217750
217815
217880
217945
218010
218075
218140
218205
218270
218335
218400
218465
218530
218595
218660
218725
218790
218855
218920
218985
219050
219115
219180
219245
219310
219375
219440
219505
219570
219635
219700
219765
219830
219895
219960
220025
220090
220155
220220
220285
220350
220415
220480
220545
220610
220675
220740
220805
220870
220935
221000
221065
221130
221195
221260
221325
221390
221455
221520
221585
221650
221715
221780
221845
221910
221975
222040
222105
222170
222235
222300
222365
222430
222495
222560
222625
222690
222755
222820
222885
222950
223015
223080
223145
223210
223275
223340
223405
223470
223535
223600
223665
223730
223795
223860
223925
223990
224055
224120
224185
224250
224315
224380
224445
224510
224575
224640
224705
224770
224835
224900
224965
225030
225095
225160
225225
225290
225355
225420
225485
225550
225615
225680
225745
225810
225875
225940
226005
226070
226135
226200
226265
226330
226395
226460
226525
226590
226655
226720
226785
226850
226915
226980
227045
227110
227175
227240
227305
227370
227435
227500
227565
227630
227695
227760
227825
227890
227955
228020
228085
228150
228215
228280
228345
228410
228475
228540
228605
228670
228735
228800
228865
228930
228995
229060
229125
229190
229255
229320
229385
229450
229515
229580
229645
229710
229775
229840
229905
229970
230035
230100
230165
230230
230295
230360
230425
230490
230555
230620
230685
230750
230815
230880
230945
231010
231075
231140
231205
231270
231335
231400
231465
231530
231595
231660
231725
231790
231855
231920
231985
232050
232115
232180
232245
232310
232375
232440
232505
232570
232635
232700
232765
232830
232895
232960
233025
233090
233155
233220
233285
233350
233415
233480
233545
233610
233675
233740
233805
233870
233935
234000
234065
234130
234195
234260
234325
234390
234455
234520
234585
234650
234715
234780
234845
234910
234975
235040
235105
235170
235235
235300
235365
235430
235495
235560
235625
235690
235755
235820
235885
235950
236015
236080
236145
236210
236275
236340
236405
236470
236535
236600
236665
236730
236795
236860
236925
236990
237055
237120
237185
237250
237315
237380
237445
237510
237575
237640
237705
237770
237835
237900
237965
238030
238095
238160
238225
238290
238355
238420
238485
238550
238615
238680
238745
238810
238875
238940
239005
239070
239135
239200
239265
239330
239395
239460
239525
239590
239655
239720
239785
239850
239915
239980
240045
240110
240175
240240
240305
240370
240435
240500
240565
240630
240695
240760
240825
240890
240955
241020
241085
241150
241215
241280
241345
241410
241475
241540
241605
241670
241735
241800
241865
241930
241995
242060
242125
242190
242255
242320
242385
242450
242515
242580
242645
242710
242775
242840
242905
242970
243035
243100
243165
243230
243295
243360
243425
243490
243555
243620
243685
243750
243815
243880
243945
244010
244075
244140
244205
244270
244335
244400
244465
244530
244595
244660
244725
244790
244855
244920
244985
245050
245115
245180
245245
245310
245375
245440
245505
245570
245635
245700
245765
245830
245895
245960
246025
246090
246155
246220
246285
246350
246415
246480
246545
246610
246675
246740
246805
246870
246935
247000
247065
247130
247195
247260
247325
247390
247455
247520
247585
247650
247715
247780
247845
247910
247975
248040
248105
248170
248235
248300
248365
248430
248495
248560
248625
248690
248755
248820
248885
248950
249015
249080
249145
249210
249275
249340
249405
249470
249535
249600
249665
249730
249795
249860
249925
249990
250055
250120
250185
250250
250315
250380
250445
250510
250575
250640
250705
250770
250835
250900
250965
251030
251095
251160
251225
251290
251355
251420
251485
251550
251615
251680
251745
251810
251875
251940
252005
252070
252135
252200
252265
252330
252395
252460
252525
252590
252655
252720
252785
252850
252915
252980
253045
253110
253175
253240
253305
253370
253435
253500
253565
253630
253695
253760
253825
253890
253955
254020
254085
254150
254215
254280
254345
254410
254475
254540
254605
254670
254735
254800
254865
254930
254995
255060
255125
255190
255255
255320
255385
255450
255515
255580
255645
255710
255775
255840
255905
255970
256035
256100
256165
256230
256295
256360
256425
256490
256555
256620
256685
256750
256815
256880
256945
257010
257075
257140
257205
257270
257335
257400
257465
257530
257595
257660
257725
257790
257855
257920
257985
258050
258115
258180
258245
258310
258375
258440
258505
258570
258635
258700
258765
258830
258895
258960
259025
259090
259155
259220
259285
259350
259415
259480
259545
259610
259675
259740
259805
259870
259935
260000
260065
260130
260195
260260
260325
260390
260455
260520
260585
260650
260715
260780
260845
260910
260975
261040
261105
261170
261235
261300
261365
261430
261495
261560
261625
261690
261755
261820
261885
261950
262015
262080
262145
262210
262275
262340
262405
262470
262535
262600
262665
262730
262795
262860
262925
262990
263055
263120
263185
263250
263315
263380
263445
263510
263575
263640
263705
263770
263835
263900
263965
264030
264095
264160
264225
264290
264355
264420
264485
264550
264615
264680
264745
264810
264875
264940
265005
265070
265135
265200
265265
265330
265395
265460
265525
265590
265655
265720
265785
265850
265915
265980
266045
266110
266175
266240
266305
266370
266435
266500
266565
266630
266695
266760
266825
266890
266955
267020
267085
267150
267215
267280
267345
267410
267475
267540
267605
267670
267735
267800
267865
267930
267995
268060
268125
268190
268255
268320
268385
268450
268515
268580
268645
268710
268775
268840
268905
268970
269035
269100
269165
269230
269295
269360
269425
269490
269555
269620
269685
269750
269815
269880
269945
270010
270075
270140
270205
270270
270335
270400
270465
270530
270595
270660
270725
270790
270855
270920
270985
271050
271115
271180
271245
271310
271375
271440
271505
271570
271635
271700
271765
271830
271895
271960
272025
272090
272155
272220
272285
272350
272415
272480
272545
272610
272675
272740
272805
272870
272935
273000
273065
273130
273195
273260
273325
273390
273455
273520
273585
273650
273715
273780
273845
273910
273975
274040
274105
274170
274235
274300
274365
274430
274495
274560
