0 89 3026 2937 
89 178 3115 3026 
178 267 3204 3115 
267 356 3293 3204 
356 445 3382 3293 
445 534 3471 3382 
534 623 3560 3471 
623 712 3649 3560 
712 801 3738 3649 
801 890 3827 3738 
890 979 3916 3827 
979 1068 4005 3916 
1068 1157 4094 4005 
1157 1246 4183 4094 
1246 1335 4272 4183 
1335 1424 4361 4272 
1424 1513 4450 4361 
1513 1602 4539 4450 
1602 1691 4628 4539 
1691 1780 4717 4628 
1780 1869 4806 4717 
1869 1958 4895 4806 
1958 2047 4984 4895 
2047 2136 5073 4984 
2136 2225 5162 5073 
2225 2314 5251 5162 
2314 2403 5340 5251 
2403 2492 5429 5340 
2492 2581 5518 5429 
2581 2670 5607 5518 
2670 2759 5696 5607 
2759 2848 5785 5696 
2937 3026 5963 5874 
3026 3115 6052 5963 
3115 3204 6141 6052 
3204 3293 6230 6141 
3293 3382 6319 6230 
3382 3471 6408 6319 
3471 3560 6497 6408 
3560 3649 6586 6497 
3649 3738 6675 6586 
3738 3827 6764 6675 
3827 3916 6853 6764 
3916 4005 6942 6853 
4005 4094 7031 6942 
4094 4183 7120 7031 
4183 4272 7209 7120 
4272 4361 7298 7209 
4361 4450 7387 7298 
4450 4539 7476 7387 
4539 4628 7565 7476 
4628 4717 7654 7565 
4717 4806 7743 7654 
4806 4895 7832 7743 
4895 4984 7921 7832 
4984 5073 8010 7921 
5073 5162 8099 8010 
5162 5251 8188 8099 
5251 5340 8277 8188 
5340 5429 8366 8277 
5429 5518 8455 8366 
5518 5607 8544 8455 
5607 5696 8633 8544 
5696 5785 8722 8633 
5874 5963 8900 8811 
5963 6052 8989 8900 
6052 6141 9078 8989 
6141 6230 9167 9078 
6230 6319 9256 9167 
6319 6408 9345 9256 
6408 6497 9434 9345 
6497 6586 9523 9434 
6586 6675 9612 9523 
6675 6764 9701 9612 
6764 6853 9790 9701 
6853 6942 9879 9790 
6942 7031 9968 9879 
7031 7120 10057 9968 
7120 7209 10146 10057 
7209 7298 10235 10146 
7298 7387 10324 10235 
7387 7476 10413 10324 
7476 7565 10502 10413 
7565 7654 10591 10502 
7654 7743 10680 10591 
7743 7832 10769 10680 
7832 7921 10858 10769 
7921 8010 10947 10858 
8010 8099 11036 10947 
8099 8188 11125 11036 
8188 8277 11214 11125 
8277 8366 11303 11214 
8366 8455 11392 11303 
8455 8544 11481 11392 
8544 8633 11570 11481 
8633 8722 11659 11570 
8811 8900 11837 11748 
8900 8989 11926 11837 
8989 9078 12015 11926 
9078 9167 12104 12015 
9167 9256 12193 12104 
9256 9345 12282 12193 
9345 9434 12371 12282 
9434 9523 12460 12371 
9523 9612 12549 12460 
9612 9701 12638 12549 
9701 9790 12727 12638 
9790 9879 12816 12727 
9879 9968 12905 12816 
9968 10057 12994 12905 
10057 10146 13083 12994 
10146 10235 13172 13083 
10235 10324 13261 13172 
10324 10413 13350 13261 
10413 10502 13439 13350 
10502 10591 13528 13439 
10591 10680 13617 13528 
10680 10769 13706 13617 
10769 10858 13795 13706 
10858 10947 13884 13795 
10947 11036 13973 13884 
11036 11125 14062 13973 
11125 11214 14151 14062 
11214 11303 14240 14151 
11303 11392 14329 14240 
11392 11481 14418 14329 
11481 11570 14507 14418 
11570 11659 14596 14507 
11748 11837 14774 14685 
11837 11926 14863 14774 
11926 12015 14952 14863 
12015 12104 15041 14952 
12104 12193 15130 15041 
12193 12282 15219 15130 
12282 12371 15308 15219 
12371 12460 15397 15308 
12460 12549 15486 15397 
12549 12638 15575 15486 
12638 12727 15664 15575 
12727 12816 15753 15664 
12816 12905 15842 15753 
12905 12994 15931 15842 
12994 13083 16020 15931 
13083 13172 16109 16020 
13172 13261 16198 16109 
13261 13350 16287 16198 
13350 13439 16376 16287 
13439 13528 16465 16376 
13528 13617 16554 16465 
13617 13706 16643 16554 
13706 13795 16732 16643 
13795 13884 16821 16732 
13884 13973 16910 16821 
13973 14062 16999 16910 
14062 14151 17088 16999 
14151 14240 17177 17088 
14240 14329 17266 17177 
14329 14418 17355 17266 
14418 14507 17444 17355 
14507 14596 17533 17444 
14685 14774 17711 17622 
14774 14863 17800 17711 
14863 14952 17889 17800 
14952 15041 17978 17889 
15041 15130 18067 17978 
15130 15219 18156 18067 
15219 15308 18245 18156 
15308 15397 18334 18245 
15397 15486 18423 18334 
15486 15575 18512 18423 
15575 15664 18601 18512 
15664 15753 18690 18601 
15753 15842 18779 18690 
15842 15931 18868 18779 
15931 16020 18957 18868 
16020 16109 19046 18957 
16109 16198 19135 19046 
16198 16287 19224 19135 
16287 16376 19313 19224 
16376 16465 19402 19313 
16465 16554 19491 19402 
16554 16643 19580 19491 
16643 16732 19669 19580 
16732 16821 19758 19669 
16821 16910 19847 19758 
16910 16999 19936 19847 
16999 17088 20025 19936 
17088 17177 20114 20025 
17177 17266 20203 20114 
17266 17355 20292 20203 
17355 17444 20381 20292 
17444 17533 20470 20381 
17622 17711 20648 20559 
17711 17800 20737 20648 
17800 17889 20826 20737 
17889 17978 20915 20826 
17978 18067 21004 20915 
18067 18156 21093 21004 
18156 18245 21182 21093 
18245 18334 21271 21182 
18334 18423 21360 21271 
18423 18512 21449 21360 
18512 18601 21538 21449 
18601 18690 21627 21538 
18690 18779 21716 21627 
18779 18868 21805 21716 
18868 18957 21894 21805 
18957 19046 21983 21894 
19046 19135 22072 21983 
19135 19224 22161 22072 
19224 19313 22250 22161 
19313 19402 22339 22250 
19402 19491 22428 22339 
19491 19580 22517 22428 
19580 19669 22606 22517 
19669 19758 22695 22606 
19758 19847 22784 22695 
19847 19936 22873 22784 
19936 20025 22962 22873 
20025 20114 23051 22962 
20114 20203 23140 23051 
20203 20292 23229 23140 
20292 20381 23318 23229 
20381 20470 23407 23318 
20559 20648 23585 23496 
20648 20737 23674 23585 
20737 20826 23763 23674 
20826 20915 23852 23763 
20915 21004 23941 23852 
21004 21093 24030 23941 
21093 21182 24119 24030 
21182 21271 24208 24119 
21271 21360 24297 24208 
21360 21449 24386 24297 
21449 21538 24475 24386 
21538 21627 24564 24475 
21627 21716 24653 24564 
21716 21805 24742 24653 
21805 21894 24831 24742 
21894 21983 24920 24831 
21983 22072 25009 24920 
22072 22161 25098 25009 
22161 22250 25187 25098 
22250 22339 25276 25187 
22339 22428 25365 25276 
22428 22517 25454 25365 
22517 22606 25543 25454 
22606 22695 25632 25543 
22695 22784 25721 25632 
22784 22873 25810 25721 
22873 22962 25899 25810 
22962 23051 25988 25899 
23051 23140 26077 25988 
23140 23229 26166 26077 
23229 23318 26255 26166 
23318 23407 26344 26255 
23496 23585 26522 26433 
23585 23674 26611 26522 
23674 23763 26700 26611 
23763 23852 26789 26700 
23852 23941 26878 26789 
23941 24030 26967 26878 
24030 24119 27056 26967 
24119 24208 27145 27056 
24208 24297 27234 27145 
24297 24386 27323 27234 
24386 24475 27412 27323 
24475 24564 27501 27412 
24564 24653 27590 27501 
24653 24742 27679 27590 
24742 24831 27768 27679 
24831 24920 27857 27768 
24920 25009 27946 27857 
25009 25098 28035 27946 
25098 25187 28124 28035 
25187 25276 28213 28124 
25276 25365 28302 28213 
25365 25454 28391 28302 
25454 25543 28480 28391 
25543 25632 28569 28480 
25632 25721 28658 28569 
25721 25810 28747 28658 
25810 25899 28836 28747 
25899 25988 28925 28836 
25988 26077 29014 28925 
26077 26166 29103 29014 
26166 26255 29192 29103 
26255 26344 29281 29192 
26433 26522 29459 29370 
26522 26611 29548 29459 
26611 26700 29637 29548 
26700 26789 29726 29637 
26789 26878 29815 29726 
26878 26967 29904 29815 
26967 27056 29993 29904 
27056 27145 30082 29993 
27145 27234 30171 30082 
27234 27323 30260 30171 
27323 27412 30349 30260 
27412 27501 30438 30349 
27501 27590 30527 30438 
27590 27679 30616 30527 
27679 27768 30705 30616 
27768 27857 30794 30705 
27857 27946 30883 30794 
27946 28035 30972 30883 
28035 28124 31061 30972 
28124 28213 31150 31061 
28213 28302 31239 31150 
28302 28391 31328 31239 
28391 28480 31417 31328 
28480 28569 31506 31417 
28569 28658 31595 31506 
28658 28747 31684 31595 
28747 28836 31773 31684 
28836 28925 31862 31773 
28925 29014 31951 31862 
29014 29103 32040 31951 
29103 29192 32129 32040 
29192 29281 32218 32129 
29370 29459 32396 32307 
29459 29548 32485 32396 
29548 29637 32574 32485 
29637 29726 32663 32574 
29726 29815 32752 32663 
29815 29904 32841 32752 
29904 29993 32930 32841 
29993 30082 33019 32930 
30082 30171 33108 33019 
30171 30260 33197 33108 
30260 30349 33286 33197 
30349 30438 33375 33286 
30438 30527 33464 33375 
30527 30616 33553 33464 
30616 30705 33642 33553 
30705 30794 33731 33642 
30794 30883 33820 33731 
30883 30972 33909 33820 
30972 31061 33998 33909 
31061 31150 34087 33998 
31150 31239 34176 34087 
31239 31328 34265 34176 
31328 31417 34354 34265 
31417 31506 34443 34354 
31506 31595 34532 34443 
31595 31684 34621 34532 
31684 31773 34710 34621 
31773 31862 34799 34710 
31862 31951 34888 34799 
31951 32040 34977 34888 
32040 32129 35066 34977 
32129 32218 35155 35066 
32307 32396 35333 35244 
32396 32485 35422 35333 
32485 32574 35511 35422 
32574 32663 35600 35511 
32663 32752 35689 35600 
32752 32841 35778 35689 
32841 32930 35867 35778 
32930 33019 35956 35867 
33019 33108 36045 35956 
33108 33197 36134 36045 
33197 33286 36223 36134 
33286 33375 36312 36223 
33375 33464 36401 36312 
33464 33553 36490 36401 
33553 33642 36579 36490 
33642 33731 36668 36579 
33731 33820 36757 36668 
33820 33909 36846 36757 
33909 33998 36935 36846 
33998 34087 37024 36935 
34087 34176 37113 37024 
34176 34265 37202 37113 
34265 34354 37291 37202 
34354 34443 37380 37291 
34443 34532 37469 37380 
34532 34621 37558 37469 
34621 34710 37647 37558 
34710 34799 37736 37647 
34799 34888 37825 37736 
34888 34977 37914 37825 
34977 35066 38003 37914 
35066 35155 38092 38003 
35244 35333 38270 38181 
35333 35422 38359 38270 
35422 35511 38448 38359 
35511 35600 38537 38448 
35600 35689 38626 38537 
35689 35778 38715 38626 
35778 35867 38804 38715 
35867 35956 38893 38804 
35956 36045 38982 38893 
36045 36134 39071 38982 
36134 36223 39160 39071 
36223 36312 39249 39160 
36312 36401 39338 39249 
36401 36490 39427 39338 
36490 36579 39516 39427 
36579 36668 39605 39516 
36668 36757 39694 39605 
36757 36846 39783 39694 
36846 36935 39872 39783 
36935 37024 39961 39872 
37024 37113 40050 39961 
37113 37202 40139 40050 
37202 37291 40228 40139 
37291 37380 40317 40228 
37380 37469 40406 40317 
37469 37558 40495 40406 
37558 37647 40584 40495 
37647 37736 40673 40584 
37736 37825 40762 40673 
37825 37914 40851 40762 
37914 38003 40940 40851 
38003 38092 41029 40940 
38181 38270 41207 41118 
38270 38359 41296 41207 
38359 38448 41385 41296 
38448 38537 41474 41385 
38537 38626 41563 41474 
38626 38715 41652 41563 
38715 38804 41741 41652 
38804 38893 41830 41741 
38893 38982 41919 41830 
38982 39071 42008 41919 
39071 39160 42097 42008 
39160 39249 42186 42097 
39249 39338 42275 42186 
39338 39427 42364 42275 
39427 39516 42453 42364 
39516 39605 42542 42453 
39605 39694 42631 42542 
39694 39783 42720 42631 
39783 39872 42809 42720 
39872 39961 42898 42809 
39961 40050 42987 42898 
40050 40139 43076 42987 
40139 40228 43165 43076 
40228 40317 43254 43165 
40317 40406 43343 43254 
40406 40495 43432 43343 
40495 40584 43521 43432 
40584 40673 43610 43521 
40673 40762 43699 43610 
40762 40851 43788 43699 
40851 40940 43877 43788 
40940 41029 43966 43877 
41118 41207 44144 44055 
41207 41296 44233 44144 
41296 41385 44322 44233 
41385 41474 44411 44322 
41474 41563 44500 44411 
41563 41652 44589 44500 
41652 41741 44678 44589 
41741 41830 44767 44678 
41830 41919 44856 44767 
41919 42008 44945 44856 
42008 42097 45034 44945 
42097 42186 45123 45034 
42186 42275 45212 45123 
42275 42364 45301 45212 
42364 42453 45390 45301 
42453 42542 45479 45390 
42542 42631 45568 45479 
42631 42720 45657 45568 
42720 42809 45746 45657 
42809 42898 45835 45746 
42898 42987 45924 45835 
42987 43076 46013 45924 
43076 43165 46102 46013 
43165 43254 46191 46102 
43254 43343 46280 46191 
43343 43432 46369 46280 
43432 43521 46458 46369 
43521 43610 46547 46458 
43610 43699 46636 46547 
43699 43788 46725 46636 
43788 43877 46814 46725 
43877 43966 46903 46814 
44055 44144 47081 46992 
44144 44233 47170 47081 
44233 44322 47259 47170 
44322 44411 47348 47259 
44411 44500 47437 47348 
44500 44589 47526 47437 
44589 44678 47615 47526 
44678 44767 47704 47615 
44767 44856 47793 47704 
44856 44945 47882 47793 
44945 45034 47971 47882 
45034 45123 48060 47971 
45123 45212 48149 48060 
45212 45301 48238 48149 
45301 45390 48327 48238 
45390 45479 48416 48327 
45479 45568 48505 48416 
45568 45657 48594 48505 
45657 45746 48683 48594 
45746 45835 48772 48683 
45835 45924 48861 48772 
45924 46013 48950 48861 
46013 46102 49039 48950 
46102 46191 49128 49039 
46191 46280 49217 49128 
46280 46369 49306 49217 
46369 46458 49395 49306 
46458 46547 49484 49395 
46547 46636 49573 49484 
46636 46725 49662 49573 
46725 46814 49751 49662 
46814 46903 49840 49751 
46992 47081 50018 49929 
47081 47170 50107 50018 
47170 47259 50196 50107 
47259 47348 50285 50196 
47348 47437 50374 50285 
47437 47526 50463 50374 
47526 47615 50552 50463 
47615 47704 50641 50552 
47704 47793 50730 50641 
47793 47882 50819 50730 
47882 47971 50908 50819 
47971 48060 50997 50908 
48060 48149 51086 50997 
48149 48238 51175 51086 
48238 48327 51264 51175 
48327 48416 51353 51264 
48416 48505 51442 51353 
48505 48594 51531 51442 
48594 48683 51620 51531 
48683 48772 51709 51620 
48772 48861 51798 51709 
48861 48950 51887 51798 
48950 49039 51976 51887 
49039 49128 52065 51976 
49128 49217 52154 52065 
49217 49306 52243 52154 
49306 49395 52332 52243 
49395 49484 52421 52332 
49484 49573 52510 52421 
49573 49662 52599 52510 
49662 49751 52688 52599 
49751 49840 52777 52688 
49929 50018 52955 52866 
50018 50107 53044 52955 
50107 50196 53133 53044 
50196 50285 53222 53133 
50285 50374 53311 53222 
50374 50463 53400 53311 
50463 50552 53489 53400 
50552 50641 53578 53489 
50641 50730 53667 53578 
50730 50819 53756 53667 
50819 50908 53845 53756 
50908 50997 53934 53845 
50997 51086 54023 53934 
51086 51175 54112 54023 
51175 51264 54201 54112 
51264 51353 54290 54201 
51353 51442 54379 54290 
51442 51531 54468 54379 
51531 51620 54557 54468 
51620 51709 54646 54557 
51709 51798 54735 54646 
51798 51887 54824 54735 
51887 51976 54913 54824 
51976 52065 55002 54913 
52065 52154 55091 55002 
52154 52243 55180 55091 
52243 52332 55269 55180 
52332 52421 55358 55269 
52421 52510 55447 55358 
52510 52599 55536 55447 
52599 52688 55625 55536 
52688 52777 55714 55625 
52866 52955 55892 55803 
52955 53044 55981 55892 
53044 53133 56070 55981 
53133 53222 56159 56070 
53222 53311 56248 56159 
53311 53400 56337 56248 
53400 53489 56426 56337 
53489 53578 56515 56426 
53578 53667 56604 56515 
53667 53756 56693 56604 
53756 53845 56782 56693 
53845 53934 56871 56782 
53934 54023 56960 56871 
54023 54112 57049 56960 
54112 54201 57138 57049 
54201 54290 57227 57138 
54290 54379 57316 57227 
54379 54468 57405 57316 
54468 54557 57494 57405 
54557 54646 57583 57494 
54646 54735 57672 57583 
54735 54824 57761 57672 
54824 54913 57850 57761 
54913 55002 57939 57850 
55002 55091 58028 57939 
55091 55180 58117 58028 
55180 55269 58206 58117 
55269 55358 58295 58206 
55358 55447 58384 58295 
55447 55536 58473 58384 
55536 55625 58562 58473 
55625 55714 58651 58562 
55803 55892 58829 58740 
55892 55981 58918 58829 
55981 56070 59007 58918 
56070 56159 59096 59007 
56159 56248 59185 59096 
56248 56337 59274 59185 
56337 56426 59363 59274 
56426 56515 59452 59363 
56515 56604 59541 59452 
56604 56693 59630 59541 
56693 56782 59719 59630 
56782 56871 59808 59719 
56871 56960 59897 59808 
56960 57049 59986 59897 
57049 57138 60075 59986 
57138 57227 60164 60075 
57227 57316 60253 60164 
57316 57405 60342 60253 
57405 57494 60431 60342 
57494 57583 60520 60431 
57583 57672 60609 60520 
57672 57761 60698 60609 
57761 57850 60787 60698 
57850 57939 60876 60787 
57939 58028 60965 60876 
58028 58117 61054 60965 
58117 58206 61143 61054 
58206 58295 61232 61143 
58295 58384 61321 61232 
58384 58473 61410 61321 
58473 58562 61499 61410 
58562 58651 61588 61499 
58740 58829 61766 61677 
58829 58918 61855 61766 
58918 59007 61944 61855 
59007 59096 62033 61944 
59096 59185 62122 62033 
59185 59274 62211 62122 
59274 59363 62300 62211 
59363 59452 62389 62300 
59452 59541 62478 62389 
59541 59630 62567 62478 
59630 59719 62656 62567 
59719 59808 62745 62656 
59808 59897 62834 62745 
59897 59986 62923 62834 
59986 60075 63012 62923 
60075 60164 63101 63012 
60164 60253 63190 63101 
60253 60342 63279 63190 
60342 60431 63368 63279 
60431 60520 63457 63368 
60520 60609 63546 63457 
60609 60698 63635 63546 
60698 60787 63724 63635 
60787 60876 63813 63724 
60876 60965 63902 63813 
60965 61054 63991 63902 
61054 61143 64080 63991 
61143 61232 64169 64080 
61232 61321 64258 64169 
61321 61410 64347 64258 
61410 61499 64436 64347 
61499 61588 64525 64436 
61677 61766 64703 64614 
61766 61855 64792 64703 
61855 61944 64881 64792 
61944 62033 64970 64881 
62033 62122 65059 64970 
62122 62211 65148 65059 
62211 62300 65237 65148 
62300 62389 65326 65237 
62389 62478 65415 65326 
62478 62567 65504 65415 
62567 62656 65593 65504 
62656 62745 65682 65593 
62745 62834 65771 65682 
62834 62923 65860 65771 
62923 63012 65949 65860 
63012 63101 66038 65949 
63101 63190 66127 66038 
63190 63279 66216 66127 
63279 63368 66305 66216 
63368 63457 66394 66305 
63457 63546 66483 66394 
63546 63635 66572 66483 
63635 63724 66661 66572 
63724 63813 66750 66661 
63813 63902 66839 66750 
63902 63991 66928 66839 
63991 64080 67017 66928 
64080 64169 67106 67017 
64169 64258 67195 67106 
64258 64347 67284 67195 
64347 64436 67373 67284 
64436 64525 67462 67373 
64614 64703 67640 67551 
64703 64792 67729 67640 
64792 64881 67818 67729 
64881 64970 67907 67818 
64970 65059 67996 67907 
65059 65148 68085 67996 
65148 65237 68174 68085 
65237 65326 68263 68174 
65326 65415 68352 68263 
65415 65504 68441 68352 
65504 65593 68530 68441 
65593 65682 68619 68530 
65682 65771 68708 68619 
65771 65860 68797 68708 
65860 65949 68886 68797 
65949 66038 68975 68886 
66038 66127 69064 68975 
66127 66216 69153 69064 
66216 66305 69242 69153 
66305 66394 69331 69242 
66394 66483 69420 69331 
66483 66572 69509 69420 
66572 66661 69598 69509 
66661 66750 69687 69598 
66750 66839 69776 69687 
66839 66928 69865 69776 
66928 67017 69954 69865 
67017 67106 70043 69954 
67106 67195 70132 70043 
67195 67284 70221 70132 
67284 67373 70310 70221 
67373 67462 70399 70310 
67551 67640 70577 70488 
67640 67729 70666 70577 
67729 67818 70755 70666 
67818 67907 70844 70755 
67907 67996 70933 70844 
67996 68085 71022 70933 
68085 68174 71111 71022 
68174 68263 71200 71111 
68263 68352 71289 71200 
68352 68441 71378 71289 
68441 68530 71467 71378 
68530 68619 71556 71467 
68619 68708 71645 71556 
68708 68797 71734 71645 
68797 68886 71823 71734 
68886 68975 71912 71823 
68975 69064 72001 71912 
69064 69153 72090 72001 
69153 69242 72179 72090 
69242 69331 72268 72179 
69331 69420 72357 72268 
69420 69509 72446 72357 
69509 69598 72535 72446 
69598 69687 72624 72535 
69687 69776 72713 72624 
69776 69865 72802 72713 
69865 69954 72891 72802 
69954 70043 72980 72891 
70043 70132 73069 72980 
70132 70221 73158 73069 
70221 70310 73247 73158 
70310 70399 73336 73247 
70488 70577 73514 73425 
70577 70666 73603 73514 
70666 70755 73692 73603 
70755 70844 73781 73692 
70844 70933 73870 73781 
70933 71022 73959 73870 
71022 71111 74048 73959 
71111 71200 74137 74048 
71200 71289 74226 74137 
71289 71378 74315 74226 
71378 71467 74404 74315 
71467 71556 74493 74404 
71556 71645 74582 74493 
71645 71734 74671 74582 
71734 71823 74760 74671 
71823 71912 74849 74760 
71912 72001 74938 74849 
72001 72090 75027 74938 
72090 72179 75116 75027 
72179 72268 75205 75116 
72268 72357 75294 75205 
72357 72446 75383 75294 
72446 72535 75472 75383 
72535 72624 75561 75472 
72624 72713 75650 75561 
72713 72802 75739 75650 
72802 72891 75828 75739 
72891 72980 75917 75828 
72980 73069 76006 75917 
73069 73158 76095 76006 
73158 73247 76184 76095 
73247 73336 76273 76184 
73425 73514 76451 76362 
73514 73603 76540 76451 
73603 73692 76629 76540 
73692 73781 76718 76629 
73781 73870 76807 76718 
73870 73959 76896 76807 
73959 74048 76985 76896 
74048 74137 77074 76985 
74137 74226 77163 77074 
74226 74315 77252 77163 
74315 74404 77341 77252 
74404 74493 77430 77341 
74493 74582 77519 77430 
74582 74671 77608 77519 
74671 74760 77697 77608 
74760 74849 77786 77697 
74849 74938 77875 77786 
74938 75027 77964 77875 
75027 75116 78053 77964 
75116 75205 78142 78053 
75205 75294 78231 78142 
75294 75383 78320 78231 
75383 75472 78409 78320 
75472 75561 78498 78409 
75561 75650 78587 78498 
75650 75739 78676 78587 
75739 75828 78765 78676 
75828 75917 78854 78765 
75917 76006 78943 78854 
76006 76095 79032 78943 
76095 76184 79121 79032 
76184 76273 79210 79121 
76362 76451 79388 79299 
76451 76540 79477 79388 
76540 76629 79566 79477 
76629 76718 79655 79566 
76718 76807 79744 79655 
76807 76896 79833 79744 
76896 76985 79922 79833 
76985 77074 80011 79922 
77074 77163 80100 80011 
77163 77252 80189 80100 
77252 77341 80278 80189 
77341 77430 80367 80278 
77430 77519 80456 80367 
77519 77608 80545 80456 
77608 77697 80634 80545 
77697 77786 80723 80634 
77786 77875 80812 80723 
77875 77964 80901 80812 
77964 78053 80990 80901 
78053 78142 81079 80990 
78142 78231 81168 81079 
78231 78320 81257 81168 
78320 78409 81346 81257 
78409 78498 81435 81346 
78498 78587 81524 81435 
78587 78676 81613 81524 
78676 78765 81702 81613 
78765 78854 81791 81702 
78854 78943 81880 81791 
78943 79032 81969 81880 
79032 79121 82058 81969 
79121 79210 82147 82058 
79299 79388 82325 82236 
79388 79477 82414 82325 
79477 79566 82503 82414 
79566 79655 82592 82503 
79655 79744 82681 82592 
79744 79833 82770 82681 
79833 79922 82859 82770 
79922 80011 82948 82859 
80011 80100 83037 82948 
80100 80189 83126 83037 
80189 80278 83215 83126 
80278 80367 83304 83215 
80367 80456 83393 83304 
80456 80545 83482 83393 
80545 80634 83571 83482 
80634 80723 83660 83571 
80723 80812 83749 83660 
80812 80901 83838 83749 
80901 80990 83927 83838 
80990 81079 84016 83927 
81079 81168 84105 84016 
81168 81257 84194 84105 
81257 81346 84283 84194 
81346 81435 84372 84283 
81435 81524 84461 84372 
81524 81613 84550 84461 
81613 81702 84639 84550 
81702 81791 84728 84639 
81791 81880 84817 84728 
81880 81969 84906 84817 
81969 82058 84995 84906 
82058 82147 85084 84995 
82236 82325 85262 85173 
82325 82414 85351 85262 
82414 82503 85440 85351 
82503 82592 85529 85440 
82592 82681 85618 85529 
82681 82770 85707 85618 
82770 82859 85796 85707 
82859 82948 85885 85796 
82948 83037 85974 85885 
83037 83126 86063 85974 
83126 83215 86152 86063 
83215 83304 86241 86152 
83304 83393 86330 86241 
83393 83482 86419 86330 
83482 83571 86508 86419 
83571 83660 86597 86508 
83660 83749 86686 86597 
83749 83838 86775 86686 
83838 83927 86864 86775 
83927 84016 86953 86864 
84016 84105 87042 86953 
84105 84194 87131 87042 
84194 84283 87220 87131 
84283 84372 87309 87220 
84372 84461 87398 87309 
84461 84550 87487 87398 
84550 84639 87576 87487 
84639 84728 87665 87576 
84728 84817 87754 87665 
84817 84906 87843 87754 
84906 84995 87932 87843 
84995 85084 88021 87932 
85173 85262 88199 88110 
85262 85351 88288 88199 
85351 85440 88377 88288 
85440 85529 88466 88377 
85529 85618 88555 88466 
85618 85707 88644 88555 
85707 85796 88733 88644 
85796 85885 88822 88733 
85885 85974 88911 88822 
85974 86063 89000 88911 
86063 86152 89089 89000 
86152 86241 89178 89089 
86241 86330 89267 89178 
86330 86419 89356 89267 
86419 86508 89445 89356 
86508 86597 89534 89445 
86597 86686 89623 89534 
86686 86775 89712 89623 
86775 86864 89801 89712 
86864 86953 89890 89801 
86953 87042 89979 89890 
87042 87131 90068 89979 
87131 87220 90157 90068 
87220 87309 90246 90157 
87309 87398 90335 90246 
87398 87487 90424 90335 
87487 87576 90513 90424 
87576 87665 90602 90513 
87665 87754 90691 90602 
87754 87843 90780 90691 
87843 87932 90869 90780 
87932 88021 90958 90869 
88110 88199 91136 91047 
88199 88288 91225 91136 
88288 88377 91314 91225 
88377 88466 91403 91314 
88466 88555 91492 91403 
88555 88644 91581 91492 
88644 88733 91670 91581 
88733 88822 91759 91670 
88822 88911 91848 91759 
88911 89000 91937 91848 
89000 89089 92026 91937 
89089 89178 92115 92026 
89178 89267 92204 92115 
89267 89356 92293 92204 
89356 89445 92382 92293 
89445 89534 92471 92382 
89534 89623 92560 92471 
89623 89712 92649 92560 
89712 89801 92738 92649 
89801 89890 92827 92738 
89890 89979 92916 92827 
89979 90068 93005 92916 
90068 90157 93094 93005 
90157 90246 93183 93094 
90246 90335 93272 93183 
90335 90424 93361 93272 
90424 90513 93450 93361 
90513 90602 93539 93450 
90602 90691 93628 93539 
90691 90780 93717 93628 
90780 90869 93806 93717 
90869 90958 93895 93806 
91047 91136 94073 93984 
91136 91225 94162 94073 
91225 91314 94251 94162 
91314 91403 94340 94251 
91403 91492 94429 94340 
91492 91581 94518 94429 
91581 91670 94607 94518 
91670 91759 94696 94607 
91759 91848 94785 94696 
91848 91937 94874 94785 
91937 92026 94963 94874 
92026 92115 95052 94963 
92115 92204 95141 95052 
92204 92293 95230 95141 
92293 92382 95319 95230 
92382 92471 95408 95319 
92471 92560 95497 95408 
92560 92649 95586 95497 
92649 92738 95675 95586 
92738 92827 95764 95675 
92827 92916 95853 95764 
92916 93005 95942 95853 
93005 93094 96031 95942 
93094 93183 96120 96031 
93183 93272 96209 96120 
93272 93361 96298 96209 
93361 93450 96387 96298 
93450 93539 96476 96387 
93539 93628 96565 96476 
93628 93717 96654 96565 
93717 93806 96743 96654 
93806 93895 96832 96743 
