0 0 0 0 0 0 
1 0 0 0 0 0 
2 0 0 0 0 0 
3 0 0 0 0 0 
4 0 0 0 0 0 
5 0 0 0 0 0 
6 0 0 0 0 0 
7 0 0 0 0 0 
0 1 1 0 0 0 
1 1 1 0 0 0 
2 1 1 0 0 0 
3 1 1 0 0 0 
4 1 1 0 0 0 
5 1 1 0 0 0 
6 1 1 0 0 0 
7 1 1 0 0 0 
0 2 2 0 0 0 
1 2 2 0 0 0 
2 2 2 0 0 0 
3 2 2 0 0 0 
4 2 2 0 0 0 
5 2 2 0 0 0 
6 2 2 0 0 0 
7 2 2 0 0 0 
0 3 3 0 0 0 
1 3 3 0 0 0 
2 3 3 0 0 0 
3 3 3 0 0 0 
4 3 3 0 0 0 
5 3 3 0 0 0 
6 3 3 0 0 0 
7 3 3 0 0 0 
0 4 4 0 0 0 
1 4 4 0 0 0 
2 4 4 0 0 0 
3 4 4 0 0 0 
4 4 4 0 0 0 
5 4 4 0 0 0 
6 4 4 0 0 0 
7 4 4 0 0 0 
0 5 5 0 0 0 
1 5 5 0 0 0 
2 5 5 0 0 0 
3 5 5 0 0 0 
4 5 5 0 0 0 
5 5 5 0 0 0 
6 5 5 0 0 0 
7 5 5 0 0 0 
0 6 6 0 0 0 
1 6 6 0 0 0 
2 6 6 0 0 0 
3 6 6 0 0 0 
4 6 6 0 0 0 
5 6 6 0 0 0 
6 6 6 0 0 0 
7 6 6 0 0 0 
0 7 7 0 0 0 
1 7 7 0 0 0 
2 7 7 0 0 0 
3 7 7 0 0 0 
4 7 7 0 0 0 
5 7 7 0 0 0 
6 7 7 0 0 0 
7 7 7 0 0 0 
0 0 0 0 0 0 
1 0 0 0 0 0 
2 0 0 0 0 0 
3 0 0 0 0 0 
4 0 0 0 0 0 
5 0 0 0 0 0 
6 0 0 0 0 0 
7 0 0 0 0 0 
0 1 1 0 0 0 
1 1 1 0 0 0 
2 1 1 0 0 0 
3 1 1 0 0 0 
4 1 1 0 0 0 
5 1 1 0 0 0 
6 1 1 0 0 0 
7 1 1 0 0 0 
0 2 2 0 0 0 
1 2 2 -0.0218598 0.00252443 0.00548791 
2 2 2 -0.0685619 0.000776972 0.00209764 
3 2 2 -0.0864231 0.000751846 0.000615295 
4 2 2 -0.0949608 0.00048356 0.000327563 
5 2 2 -0.0991642 0.000265161 0.000137654 
6 2 2 -0.0939874 -0.000179257 -0.000872148 
7 2 2 -0.0719595 -0.000674944 -0.00208194 
0 3 3 0 0 0 
1 3 3 -0.117273 0.00494922 0.0387409 
2 3 3 -0.212386 0.00217967 0.0166242 
3 3 3 -0.263194 0.00186323 0.00539204 
4 3 3 -0.27952 0.00120076 0.00200487 
5 3 3 -0.276822 0.000481157 -0.00126319 
6 3 3 -0.241028 -0.000708747 -0.00857176 
7 3 3 -0.162059 -0.0017596 -0.0148235 
0 4 4 0 0 0 
1 4 4 -0.117269 -0.00494585 0.0387394 
2 4 4 -0.212382 -0.00213183 0.0166335 
3 4 4 -0.263227 -0.00178347 0.00541285 
4 4 4 -0.279577 -0.00111597 0.00202624 
5 4 4 -0.276888 -0.000412065 -0.00124712 
6 4 4 -0.241097 0.000761067 -0.00855927 
7 4 4 -0.162112 0.00181327 -0.0148149 
0 5 5 0 0 0 
1 5 5 -0.021828 -0.00251344 0.0054839 
2 5 5 -0.068566 -0.000755383 0.00211243 
3 5 5 -0.0864512 -0.000730985 0.000630075 
4 5 5 -0.095003 -0.000465292 0.000340883 
5 5 5 -0.0992119 -0.000251771 0.000146591 
6 5 5 -0.0940279 0.000187658 -0.00086697 
7 5 5 -0.071991 0.000680862 -0.00207824 
0 6 6 0 0 0 
1 6 6 0 0 0 
2 6 6 0 0 0 
3 6 6 0 0 0 
4 6 6 0 0 0 
5 6 6 0 0 0 
6 6 6 0 0 0 
7 6 6 0 0 0 
0 7 7 0 0 0 
1 7 7 0 0 0 
2 7 7 0 0 0 
3 7 7 0 0 0 
4 7 7 0 0 0 
5 7 7 0 0 0 
6 7 7 0 0 0 
7 7 7 0 0 0 
0 0 0 0 0 0 
1 0 0 0 0 0 
2 0 0 0 0 0 
3 0 0 0 0 0 
4 0 0 0 0 0 
5 0 0 0 0 0 
6 0 0 0 0 0 
7 0 0 0 0 0 
0 1 1 0 0 0 
1 1 1 -0.0218258 0.00551491 0.00247324 
2 1 1 -0.0685116 0.00212866 0.000734581 
3 1 1 -0.0864073 0.000623948 0.000739192 
4 1 1 -0.0949501 0.000329472 0.000480681 
5 1 1 -0.0991559 0.000134056 0.000270823 
6 1 1 -0.0939837 -0.000877243 -0.000170688 
7 1 1 -0.0719608 -0.0020854 -0.000669037 
0 2 2 -0.0310884 0.0286086 0.0287607 
1 2 2 -0.0813502 0.042403 0.042358 
2 2 2 -0.128042 0.0194047 0.0191885 
3 2 2 -0.15883 0.00635036 0.00625697 
4 2 2 -0.166382 0.00109428 0.00106162 
5 2 2 -0.153613 -0.00519505 -0.00518027 
6 2 2 -0.103638 -0.018275 -0.0182332 
7 2 2 -0.0052971 -0.0286198 -0.0285886 
0 3 3 0.956683 0.00976625 0.0399692 
1 3 3 0.443713 0.0130122 0.055088 
2 3 3 0.379757 0.00801823 0.0349528 
3 3 3 0.385056 0.00291058 0.00892432 
4 3 3 0.396395 -0.000367164 -0.0045201 
5 3 3 0.416188 -0.00525804 -0.0200871 
6 3 3 0.451451 -0.01527 -0.0505437 
7 3 3 0.511203 -0.0237331 -0.076086 
0 4 4 0.956768 -0.00994322 0.0398579 
1 4 4 0.443799 -0.0131504 0.0550221 
2 4 4 0.379643 -0.00803847 0.0350022 
3 4 4 0.38476 -0.00285551 0.00900575 
4 4 4 0.396016 0.000475891 -0.00443761 
5 4 4 0.415806 0.00537353 -0.0200301 
6 4 4 0.451108 0.0153495 -0.0505167 
7 4 4 0.510907 0.0237886 -0.0760666 
0 5 5 -0.030985 -0.0286656 0.0286094 
1 5 5 -0.0814462 -0.0423712 0.0424592 
2 5 5 -0.128451 -0.0193142 0.0193482 
3 5 5 -0.159356 -0.00630439 0.00636976 
4 5 5 -0.166933 -0.00105817 0.00114962 
5 5 5 -0.154129 0.00522278 -0.0051352 
6 5 5 -0.104073 0.0182895 -0.0182211 
7 5 5 -0.00564354 0.0286237 -0.0285831 
0 6 6 0 0 0 
1 6 6 -0.0218804 -0.00549398 0.00252283 
2 6 6 -0.0686136 -0.00211484 0.00075235 
3 6 6 -0.0864819 -0.000623694 0.000743707 
4 6 6 -0.0950278 -0.000330776 0.000482476 
5 6 6 -0.0992298 -0.000135891 0.000268633 
6 6 6 -0.0940404 0.000874273 -0.000175762 
7 6 6 -0.0719983 0.00208169 -0.000675217 
0 7 7 0 0 0 
1 7 7 0 0 0 
2 7 7 0 0 0 
3 7 7 0 0 0 
4 7 7 0 0 0 
5 7 7 0 0 0 
6 7 7 0 0 0 
7 7 7 0 0 0 
0 0 0 0 0 0 
1 0 0 0 0 0 
2 0 0 0 0 0 
3 0 0 0 0 0 
4 0 0 0 0 0 
5 0 0 0 0 0 
6 0 0 0 0 0 
7 0 0 0 0 0 
0 1 1 0 0 0 
1 1 1 -0.116685 0.0387237 0.00491483 
2 1 1 -0.212067 0.0167086 0.00215306 
3 1 1 -0.263104 0.00540664 0.00182715 
4 1 1 -0.279459 0.00200503 0.00120051 
5 1 1 -0.276781 -0.0012682 0.000510569 
6 1 1 -0.241023 -0.00857388 -0.000670383 
7 1 1 -0.162069 -0.0148276 -0.0017423 
0 2 2 0.956866 0.039673 0.0098141 
1 2 2 0.444413 0.0549342 0.0130147 
2 2 2 0.38009 0.0350664 0.00792362 
3 2 2 0.385266 0.00897167 0.00281409 
4 2 2 0.39654 -0.00449794 -0.00041833 
5 2 2 0.416272 -0.0200776 -0.00524861 
6 2 2 0.45148 -0.0505488 -0.0152024 
7 2 2 0.51121 -0.0761069 -0.0236585 
0 3 3 3.12812 0.0591019 0.059191 
1 3 3 2.83004 0.0147119 0.0148972 
2 3 3 2.92256 0.0112491 0.0112665 
3 3 3 2.96024 0.000173998 0.000136102 
4 3 3 2.95664 -0.00932555 -0.00938262 
5 3 3 2.91854 -0.0220508 -0.0221047 
6 3 3 2.819 -0.0488761 -0.0488787 
7 3 3 2.63337 -0.0748656 -0.0747895 
0 4 4 3.12797 -0.0594626 0.0592262 
1 4 4 2.82954 -0.0151798 0.0151024 
2 4 4 2.92175 -0.0115553 0.0114328 
3 4 4 2.95934 -0.000366161 0.000253441 
4 4 4 2.95581 0.00925879 -0.00930705 
5 4 4 2.91786 0.0220963 -0.0220762 
6 4 4 2.81849 0.0489568 -0.0488809 
7 4 4 2.63297 0.0748956 -0.0747975 
0 5 5 0.95413 -0.0405673 0.0102208 
1 5 5 0.442299 -0.0553125 0.013182 
2 5 5 0.378758 -0.0351785 0.0078656 
3 5 5 0.384128 -0.00907209 0.00278521 
4 5 5 0.395592 0.00444293 -0.00045389 
5 5 5 0.415541 0.0200668 -0.00529841 
6 5 5 0.450945 0.0505569 -0.0152613 
7 5 5 0.51081 0.0761026 -0.0237237 
0 6 6 0 0 0 
1 6 6 -0.117716 -0.0388987 0.00473667 
2 6 6 -0.212521 -0.016705 0.00191326 
3 6 6 -0.263346 -0.00543537 0.00174241 
4 6 6 -0.279683 -0.00202751 0.00113597 
5 6 6 -0.276974 0.00125546 0.000454179 
6 6 6 -0.241155 0.00856713 -0.000728223 
7 6 6 -0.162155 0.0148186 -0.0017916 
0 7 7 0 0 0 
1 7 7 0 0 0 
2 7 7 0 0 0 
3 7 7 0 0 0 
4 7 7 0 0 0 
5 7 7 0 0 0 
6 7 7 0 0 0 
7 7 7 0 0 0 
0 0 0 0 0 0 
1 0 0 0 0 0 
2 0 0 0 0 0 
3 0 0 0 0 0 
4 0 0 0 0 0 
5 0 0 0 0 0 
6 0 0 0 0 0 
7 0 0 0 0 0 
0 1 1 0 0 0 
1 1 1 -0.117331 0.0387933 -0.0048708 
2 1 1 -0.212309 0.0166456 -0.00211527 
3 1 1 -0.263158 0.00541104 -0.00180396 
4 1 1 -0.279527 0.00202897 -0.00110197 
5 1 1 -0.276858 -0.0012388 -0.000378168 
6 1 1 -0.241088 -0.00854774 0.000797129 
7 1 1 -0.162131 -0.014806 0.00183032 
0 2 2 0.956648 0.0399486 -0.00998851 
1 2 2 0.443559 0.0550248 -0.0131935 
2 2 2 0.37956 0.0349753 -0.00809309 
3 2 2 0.384816 0.00897947 -0.00291177 
4 2 2 0.39605 -0.00443387 0.000468363 
5 2 2 0.415771 -0.019995 0.00540817 
6 2 2 0.451021 -0.0504655 0.0154136 
7 2 2 0.510826 -0.0760433 0.023856 
0 3 3 3.12765 0.0592434 -0.0593395 
1 3 3 2.82922 0.0150039 -0.0149613 
2 3 3 2.92152 0.0113493 -0.011561 
3 3 3 2.95911 0.00025136 -0.000417844 
4 3 3 2.95547 -0.0092502 0.00920721 
5 3 3 2.91741 -0.0219852 0.0220574 
6 3 3 2.81802 -0.0488089 0.0489647 
7 3 3 2.63262 -0.0748123 0.074985 
0 4 4 3.12767 -0.0590824 -0.0590933 
1 4 4 2.8295 -0.0146777 -0.0146186 
2 4 4 2.92203 -0.0112469 -0.0113492 
3 4 4 2.95968 -0.000201228 -0.000334158 
4 4 4 2.95598 0.00929758 0.00920199 
5 4 4 2.91788 0.0220534 0.0220129 
6 4 4 2.81847 0.0488903 0.0489356 
7 4 4 2.63302 0.0748504 0.074978 
0 5 5 0.956778 -0.039675 -0.00926824 
1 5 5 0.444696 -0.0548964 -0.0128755 
2 5 5 0.380153 -0.0350542 -0.00828257 
3 5 5 0.3852 -0.00894132 -0.00307939 
4 5 5 0.396369 0.0044874 0.000300122 
5 5 5 0.41607 0.020046 0.0052722 
6 5 5 0.451316 0.0505174 0.0153231 
7 5 5 0.511098 0.0760869 0.0237828 
0 6 6 0 0 0 
1 6 6 -0.116516 -0.0387552 -0.0054493 
2 6 6 -0.211933 -0.0166924 -0.00248348 
3 6 6 -0.263114 -0.00539164 -0.00195376 
4 6 6 -0.279515 -0.00201133 -0.00121026 
5 6 6 -0.276854 0.00125345 -0.000457413 
6 6 6 -0.241086 0.00856374 0.000729165 
7 6 6 -0.162108 0.0148252 0.00177489 
0 7 7 0 0 0 
1 7 7 0 0 0 
2 7 7 0 0 0 
3 7 7 0 0 0 
4 7 7 0 0 0 
5 7 7 0 0 0 
6 7 7 0 0 0 
7 7 7 0 0 0 
0 0 0 0 0 0 
1 0 0 0 0 0 
2 0 0 0 0 0 
3 0 0 0 0 0 
4 0 0 0 0 0 
5 0 0 0 0 0 
6 0 0 0 0 0 
7 0 0 0 0 0 
0 1 1 0 0 0 
1 1 1 -0.0218662 0.0054839 -0.00253221 
2 1 1 -0.0685656 0.0020965 -0.000776718 
3 1 1 -0.0864339 0.000628575 -0.000733948 
4 1 1 -0.0949923 0.00034436 -0.000459361 
5 1 1 -0.0992059 0.000151356 -0.000244548 
6 1 1 -0.0940322 -0.000861824 0.000194132 
7 1 1 -0.0720054 -0.00207443 0.000685724 
0 2 2 -0.0311876 0.0288517 -0.0285533 
1 2 2 -0.0816005 0.0424243 -0.0424671 
2 2 2 -0.128377 0.0191653 -0.0195416 
3 2 2 -0.159321 0.00635715 -0.00633582 
4 2 2 -0.166987 0.00118658 -0.00103408 
5 2 2 -0.154234 -0.00508719 0.00525122 
6 2 2 -0.104201 -0.0181786 0.0183093 
7 2 2 -0.00576672 -0.0285605 0.0286443 
0 3 3 0.955812 0.00998314 -0.0397259 
1 3 3 0.44384 0.0131918 -0.0550519 
2 3 3 0.378923 0.0079719 -0.0353743 
3 3 3 0.383853 0.00289479 -0.00912864 
4 3 3 0.395108 -0.00035545 0.00442517 
5 3 3 0.414999 -0.00523562 0.0200558 
6 3 3 0.450456 -0.0152448 0.0505526 
7 3 3 0.510453 -0.0237388 0.076122 
0 4 4 0.955557 -0.00964816 -0.0398576 
1 4 4 0.443894 -0.012922 -0.0550466 
2 4 4 0.379331 -0.00793762 -0.0352524 
3 4 4 0.384437 -0.00290654 -0.00904886 
4 4 4 0.395672 0.000346602 0.00445816 
5 4 4 0.415488 0.00523042 0.0200661 
6 4 4 0.450877 0.0152221 0.0505666 
7 4 4 0.510806 0.0236834 0.0761468 
0 5 5 -0.031124 -0.0284784 -0.0287777 
1 5 5 -0.0810076 -0.0423208 -0.0423539 
2 5 5 -0.127602 -0.0192628 -0.019385 
3 5 5 -0.1586 -0.00630463 -0.00633932 
4 5 5 -0.166373 -0.00112628 -0.00107083 
5 5 5 -0.153721 0.00512393 0.0052202 
6 5 5 -0.103769 0.0182008 0.0182988 
7 5 5 -0.00541014 0.0285789 0.0286424 
0 6 6 0 0 0 
1 6 6 -0.0215661 -0.00556558 -0.00240175 
2 6 6 -0.0683822 -0.00211052 -0.000781692 
3 6 6 -0.0863553 -0.000610777 -0.000761995 
4 6 6 -0.0949321 -0.000330855 -0.000480694 
5 6 6 -0.0991605 -0.00014283 -0.000259012 
6 6 6 -0.0939982 0.000868592 0.000183933 
7 6 6 -0.0719741 0.00208103 0.000677259 
0 7 7 0 0 0 
1 7 7 0 0 0 
2 7 7 0 0 0 
3 7 7 0 0 0 
4 7 7 0 0 0 
5 7 7 0 0 0 
6 7 7 0 0 0 
7 7 7 0 0 0 
0 0 0 0 0 0 
1 0 0 0 0 0 
2 0 0 0 0 0 
3 0 0 0 0 0 
4 0 0 0 0 0 
5 0 0 0 0 0 
6 0 0 0 0 0 
7 0 0 0 0 0 
0 1 1 0 0 0 
1 1 1 0 0 0 
2 1 1 0 0 0 
3 1 1 0 0 0 
4 1 1 0 0 0 
5 1 1 0 0 0 
6 1 1 0 0 0 
7 1 1 0 0 0 
0 2 2 0 0 0 
1 2 2 -0.0216366 0.00237817 -0.00559806 
2 2 2 -0.0684851 0.000719221 -0.00215319 
3 2 2 -0.0864614 0.000751719 -0.000620935 
4 2 2 -0.0950311 0.000491724 -0.000325332 
5 2 2 -0.0992394 0.000273854 -0.000133612 
6 2 2 -0.0940574 -0.000173631 0.000874644 
7 2 2 -0.0720243 -0.000673196 0.00208279 
0 3 3 0 0 0 
1 3 3 -0.116744 0.00494297 -0.0388882 
2 3 3 -0.212078 0.00212365 -0.0167993 
3 3 3 -0.263387 0.00181576 -0.00544178 
4 3 3 -0.279804 0.00116908 -0.00202712 
5 3 3 -0.277098 0.000455906 0.00125118 
6 3 3 -0.24128 -0.000737696 0.00855973 
7 3 3 -0.162266 -0.0018018 0.0148193 
0 4 4 0 0 0 
1 4 4 -0.116801 -0.0049525 -0.0389053 
2 4 4 -0.212052 -0.00219096 -0.0167746 
3 4 4 -0.263292 -0.00188452 -0.00542023 
4 4 4 -0.279702 -0.00121495 -0.00201431 
5 4 4 -0.277008 -0.000495497 0.00126059 
6 4 4 -0.241197 0.000688049 0.00857232 
7 4 4 -0.1622 0.00174612 0.0148297 
0 5 5 0 0 0 
1 5 5 -0.0216389 -0.00239474 -0.00558865 
2 5 5 -0.068442 -0.000747378 -0.0021307 
3 5 5 -0.0863926 -0.000759332 -0.000613522 
4 5 5 -0.0949639 -0.000494077 -0.000322538 
5 5 5 -0.0991845 -0.000276478 -0.000131669 
6 5 5 -0.0940152 0.000168355 0.000878126 
7 5 5 -0.0719875 0.000667746 0.00208704 
0 6 6 0 0 0 
1 6 6 0 0 0 
2 6 6 0 0 0 
3 6 6 0 0 0 
4 6 6 0 0 0 
5 6 6 0 0 0 
6 6 6 0 0 0 
7 6 6 0 0 0 
0 7 7 0 0 0 
1 7 7 0 0 0 
2 7 7 0 0 0 
3 7 7 0 0 0 
4 7 7 0 0 0 
5 7 7 0 0 0 
6 7 7 0 0 0 
7 7 7 0 0 0 
0 0 0 0 0 0 
1 0 0 0 0 0 
2 0 0 0 0 0 
3 0 0 0 0 0 
4 0 0 0 0 0 
5 0 0 0 0 0 
6 0 0 0 0 0 
7 0 0 0 0 0 
0 1 1 0 0 0 
1 1 1 0 0 0 
2 1 1 0 0 0 
3 1 1 0 0 0 
4 1 1 0 0 0 
5 1 1 0 0 0 
6 1 1 0 0 0 
7 1 1 0 0 0 
0 2 2 0 0 0 
1 2 2 0 0 0 
2 2 2 0 0 0 
3 2 2 0 0 0 
4 2 2 0 0 0 
5 2 2 0 0 0 
6 2 2 0 0 0 
7 2 2 0 0 0 
0 3 3 0 0 0 
1 3 3 0 0 0 
2 3 3 0 0 0 
3 3 3 0 0 0 
4 3 3 0 0 0 
5 3 3 0 0 0 
6 3 3 0 0 0 
7 3 3 0 0 0 
0 4 4 0 0 0 
1 4 4 0 0 0 
2 4 4 0 0 0 
3 4 4 0 0 0 
4 4 4 0 0 0 
5 4 4 0 0 0 
6 4 4 0 0 0 
7 4 4 0 0 0 
0 5 5 0 0 0 
1 5 5 0 0 0 
2 5 5 0 0 0 
3 5 5 0 0 0 
4 5 5 0 0 0 
5 5 5 0 0 0 
6 5 5 0 0 0 
7 5 5 0 0 0 
0 6 6 0 0 0 
1 6 6 0 0 0 
2 6 6 0 0 0 
3 6 6 0 0 0 
4 6 6 0 0 0 
5 6 6 0 0 0 
6 6 6 0 0 0 
7 6 6 0 0 0 
0 7 7 0 0 0 
1 7 7 0 0 0 
2 7 7 0 0 0 
3 7 7 0 0 0 
4 7 7 0 0 0 
5 7 7 0 0 0 
6 7 7 0 0 0 
7 7 7 0 0 0 
