0 0 0 0 0 0 
1 0 0 0 0 0 
2 0 0 0 0 0 
3 0 0 0 0 0 
4 0 0 0 0 0 
5 0 0 0 0 0 
6 0 0 0 0 0 
7 0 0 0 0 0 
0 1 1 0 0 0 
1 1 1 0 0 0 
2 1 1 0 0 0 
3 1 1 0 0 0 
4 1 1 0 0 0 
5 1 1 0 0 0 
6 1 1 0 0 0 
7 1 1 0 0 0 
0 2 2 0 0 0 
1 2 2 0 0 0 
2 2 2 0 0 0 
3 2 2 0 0 0 
4 2 2 0 0 0 
5 2 2 0 0 0 
6 2 2 0 0 0 
7 2 2 0 0 0 
0 3 3 0 0 0 
1 3 3 0 0 0 
2 3 3 0 0 0 
3 3 3 0 0 0 
4 3 3 0 0 0 
5 3 3 0 0 0 
6 3 3 0 0 0 
7 3 3 0 0 0 
0 4 4 0 0 0 
1 4 4 0 0 0 
2 4 4 0 0 0 
3 4 4 0 0 0 
4 4 4 0 0 0 
5 4 4 0 0 0 
6 4 4 0 0 0 
7 4 4 0 0 0 
0 5 5 0 0 0 
1 5 5 0 0 0 
2 5 5 0 0 0 
3 5 5 0 0 0 
4 5 5 0 0 0 
5 5 5 0 0 0 
6 5 5 0 0 0 
7 5 5 0 0 0 
0 6 6 0 0 0 
1 6 6 0 0 0 
2 6 6 0 0 0 
3 6 6 0 0 0 
4 6 6 0 0 0 
5 6 6 0 0 0 
6 6 6 0 0 0 
7 6 6 0 0 0 
0 7 7 0 0 0 
1 7 7 0 0 0 
2 7 7 0 0 0 
3 7 7 0 0 0 
4 7 7 0 0 0 
5 7 7 0 0 0 
6 7 7 0 0 0 
7 7 7 0 0 0 
0 0 0 0 0 0 
1 0 0 0 0 0 
2 0 0 0 0 0 
3 0 0 0 0 0 
4 0 0 0 0 0 
5 0 0 0 0 0 
6 0 0 0 0 0 
7 0 0 0 0 0 
0 1 1 0 0 0 
1 1 1 0 0 0 
2 1 1 0 0 0 
3 1 1 0 0 0 
4 1 1 0 0 0 
5 1 1 0 0 0 
6 1 1 0 0 0 
7 1 1 0 0 0 
0 2 2 0 0 0 
1 2 2 -0.00779606 0.000817346 0.00190719 
2 2 2 -0.0219145 0.000177751 0.000308388 
3 2 2 -0.025414 0.00036656 1.58268e-05 
4 2 2 -0.0289847 0.000295151 0.000118338 
5 2 2 -0.0324364 0.000200855 0.000170402 
6 2 2 -0.0355776 0.000147533 0.000212652 
7 2 2 -0.0379355 9.28061e-05 0.000135017 
0 3 3 0 0 0 
1 3 3 -0.0435703 0.00140035 0.0143597 
2 3 3 -0.0752275 0.000532804 0.00500624 
3 3 3 -0.0910754 0.000967486 0.00184173 
4 3 3 -0.101015 0.000822546 0.00156965 
5 3 3 -0.108798 0.000564871 0.00126916 
6 3 3 -0.114028 0.00038152 0.000904702 
7 3 3 -0.113458 0.000140349 -0.000443164 
0 4 4 0 0 0 
1 4 4 -0.0435572 -0.00142463 0.0143511 
2 4 4 -0.0752231 -0.000511399 0.00501159 
3 4 4 -0.0911105 -0.000895461 0.00186039 
4 4 4 -0.101072 -0.000726443 0.00159274 
5 4 4 -0.108863 -0.000473222 0.00129071 
6 4 4 -0.114099 -0.000317942 0.000920308 
7 4 4 -0.113511 -0.000102805 -0.000438199 
0 5 5 0 0 0 
1 5 5 -0.00777992 -0.000813293 0.00190439 
2 5 5 -0.0219194 -0.000162794 0.000319568 
3 5 5 -0.0254443 -0.0003481 2.87652e-05 
4 5 5 -0.0290248 -0.000275898 0.000131882 
5 5 5 -0.0324801 -0.00018425 0.00018193 
6 5 5 -0.0356209 -0.000136682 0.000220133 
7 5 5 -0.0379718 -8.76639e-05 0.000138132 
0 6 6 0 0 0 
1 6 6 0 0 0 
2 6 6 0 0 0 
3 6 6 0 0 0 
4 6 6 0 0 0 
5 6 6 0 0 0 
6 6 6 0 0 0 
7 6 6 0 0 0 
0 7 7 0 0 0 
1 7 7 0 0 0 
2 7 7 0 0 0 
3 7 7 0 0 0 
4 7 7 0 0 0 
5 7 7 0 0 0 
6 7 7 0 0 0 
7 7 7 0 0 0 
0 0 0 0 0 0 
1 0 0 0 0 0 
2 0 0 0 0 0 
3 0 0 0 0 0 
4 0 0 0 0 0 
5 0 0 0 0 0 
6 0 0 0 0 0 
7 0 0 0 0 0 
0 1 1 0 0 0 
1 1 1 -0.00777447 0.00191948 0.000790759 
2 1 1 -0.0218796 0.000329141 0.000148418 
3 1 1 -0.0254019 2.37559e-05 0.000354638 
4 1 1 -0.0289775 0.000122386 0.000288756 
5 1 1 -0.0324308 0.000171313 0.000199349 
6 1 1 -0.0355734 0.000210406 0.000151211 
7 1 1 -0.037933 0.000131065 9.92887e-05 
0 2 2 0.0197111 0.00240096 0.00250127 
1 2 2 0.023497 0.00837865 0.00837621 
2 2 2 0.0205789 0.00345984 0.00330886 
3 2 2 0.0159532 0.00243812 0.002352 
4 2 2 0.00575497 0.00261514 0.00256789 
5 2 2 -0.00320284 0.001992 0.001974 
6 2 2 -0.00761202 0.000922072 0.000936201 
7 2 2 -0.00288516 -0.00225505 -0.00221632 
0 3 3 0.902437 -0.0104552 -0.022188 
1 3 3 0.463941 -0.00669682 -0.00912114 
2 3 3 0.419828 -0.00137596 0.00302556 
3 3 3 0.427474 0.0013178 0.00434477 
4 3 3 0.42781 0.00213261 0.00465182 
5 3 3 0.427651 0.00155422 0.00260716 
6 3 3 0.430129 0.000363236 -0.000924651 
7 3 3 0.437874 -0.00244747 -0.00942564 
0 4 4 0.902471 0.0102871 -0.022267 
1 4 4 0.463955 0.0065091 -0.00918457 
2 4 4 0.419672 0.001296 0.00306075 
3 4 4 0.427141 -0.00129263 0.00441647 
4 4 4 0.427396 -0.00202968 0.00473224 
5 4 4 0.427238 -0.00140913 0.00268088 
6 4 4 0.42977 -0.000221775 -0.000873665 
7 4 4 0.437591 0.00254692 -0.00940219 
0 5 5 0.0197444 -0.00247466 0.00239015 
1 5 5 0.0233502 -0.00842446 0.00841831 
2 5 5 0.0201651 -0.00342538 0.00342866 
3 5 5 0.0154109 -0.00240526 0.00244775 
4 5 5 0.00519753 -0.00257578 0.00265286 
5 5 5 -0.0037104 -0.00195217 0.00204028 
6 5 5 -0.00803832 -0.000891281 0.000973361 
7 5 5 -0.00322143 0.00227204 -0.0022092 
0 6 6 0 0 0 
1 6 6 -0.00781395 -0.00191263 0.000817816 
2 6 6 -0.0219697 -0.000322853 0.000160497 
3 6 6 -0.025479 -2.41542e-05 0.000357113 
4 6 6 -0.0290482 -0.000123491 0.000289774 
5 6 6 -0.0324943 -0.000172507 0.000199258 
6 6 6 -0.0356301 -0.000211645 0.000150026 
7 6 6 -0.0379778 -0.000132538 9.665e-05 
0 7 7 0 0 0 
1 7 7 0 0 0 
2 7 7 0 0 0 
3 7 7 0 0 0 
4 7 7 0 0 0 
5 7 7 0 0 0 
6 7 7 0 0 0 
7 7 7 0 0 0 
0 0 0 0 0 0 
1 0 0 0 0 0 
2 0 0 0 0 0 
3 0 0 0 0 0 
4 0 0 0 0 0 
5 0 0 0 0 0 
6 0 0 0 0 0 
7 0 0 0 0 0 
0 1 1 0 0 0 
1 1 1 -0.0431929 0.0143154 0.00138144 
2 1 1 -0.0750202 0.00505263 0.000507412 
3 1 1 -0.0910072 0.00185388 0.000928423 
4 1 1 -0.10097 0.00157417 0.000803157 
5 1 1 -0.108767 0.00126878 0.000568804 
6 1 1 -0.114015 0.000901913 0.000405869 
7 1 1 -0.113448 -0.000449146 0.000169582 
0 2 2 0.902556 -0.0223504 -0.0104157 
1 2 2 0.46454 -0.00926916 -0.00668607 
2 2 2 0.420076 0.00307561 -0.00143892 
3 2 2 0.427642 0.00438277 0.00122989 
4 2 2 0.427935 0.00467588 0.00206407 
5 2 2 0.427736 0.00262277 0.00151984 
6 2 2 0.430167 -0.000918449 0.000371611 
7 2 2 0.437871 -0.00942901 -0.00239594 
0 3 3 2.75062 0.0212464 0.0212966 
1 3 3 2.38179 -0.0297268 -0.0295781 
2 3 3 2.35827 -0.00904094 -0.00899177 
3 3 3 2.35963 0.000856045 0.000848597 
4 3 3 2.37082 0.00311643 0.00308077 
5 3 3 2.38017 0.00138646 0.00133711 
6 3 3 2.38126 -0.00232861 -0.00237579 
7 3 3 2.36592 -0.0103492 -0.0103683 
0 4 4 2.75051 -0.0214698 0.0213345 
1 4 4 2.38137 0.0293246 -0.0294148 
2 4 4 2.35752 0.00871525 -0.00883599 
3 4 4 2.35873 -0.00108117 0.00095986 
4 4 4 2.36992 -0.00323854 0.00315647 
5 4 4 2.37937 -0.00140724 0.0013793 
6 4 4 2.38063 0.00239374 -0.00236332 
7 4 4 2.36549 0.0104591 -0.0103785 
0 5 5 0.900419 0.0218062 -0.0101328 
1 5 5 0.462831 0.00891368 -0.00648565 
2 5 5 0.418933 -0.00322134 -0.00144581 
3 5 5 0.426557 -0.0044838 0.00119939 
4 5 5 0.426976 -0.00473766 0.00202088 
5 5 5 0.426961 -0.00265211 0.0014676 
6 5 5 0.429592 0.000914862 0.000320967 
7 5 5 0.437477 0.00944529 -0.00244266 
0 6 6 0 0 0 
1 6 6 -0.043849 -0.0144568 0.00129468 
2 6 6 -0.0753976 -0.005071 0.00033997 
3 6 6 -0.091256 -0.00188033 0.00084565 
4 6 6 -0.101177 -0.00159422 0.00073484 
5 6 6 -0.108934 -0.00128301 0.000514986 
6 6 6 -0.114145 -0.000909985 0.000366707 
7 6 6 -0.113555 0.000443711 0.0001429 
0 7 7 0 0 0 
1 7 7 0 0 0 
2 7 7 0 0 0 
3 7 7 0 0 0 
4 7 7 0 0 0 
5 7 7 0 0 0 
6 7 7 0 0 0 
7 7 7 0 0 0 
0 0 0 0 0 0 
1 0 0 0 0 0 
2 0 0 0 0 0 
3 0 0 0 0 0 
4 0 0 0 0 0 
5 0 0 0 0 0 
6 0 0 0 0 0 
7 0 0 0 0 0 
0 1 1 0 0 0 
1 1 1 -0.0435898 0.0143777 -0.00138714 
2 1 1 -0.0751891 0.00501827 -0.000507176 
3 1 1 -0.0910672 0.00185518 -0.000923957 
4 1 1 -0.10104 0.00159186 -0.000732797 
5 1 1 -0.108844 0.00129387 -0.000458051 
6 1 1 -0.114081 0.000925747 -0.000289479 
7 1 1 -0.113512 -0.000427057 -7.7026e-05 
0 2 2 0.902394 -0.0221974 0.0102689 
1 2 2 0.463786 -0.00915903 0.00650163 
2 2 2 0.419607 0.00303192 0.0012586 
3 2 2 0.427199 0.00437987 -0.00134875 
4 2 2 0.427454 0.00472037 -0.00205898 
5 2 2 0.427242 0.00269097 -0.00140413 
6 2 2 0.429708 -0.000844234 -0.000189661 
7 2 2 0.437479 -0.00936247 0.00259524 
0 3 3 2.75023 0.0213583 -0.021434 
1 3 3 2.38115 -0.029476 0.0295062 
2 3 3 2.35742 -0.00892556 0.00877229 
3 3 3 2.35866 0.000925328 -0.00108343 
4 3 3 2.36976 0.00317721 -0.00326361 
5 3 3 2.37911 0.00143665 -0.00143712 
6 3 3 2.38027 -0.00228695 0.00237077 
7 3 3 2.36508 -0.0103093 0.0104542 
0 4 4 2.75022 -0.0212195 -0.0212665 
1 4 4 2.38141 0.0297273 0.0298113 
2 4 4 2.3579 0.00902738 0.00899598 
3 4 4 2.35918 -0.000892619 -0.000981388 
4 4 4 2.37022 -0.00316373 -0.00325067 
5 4 4 2.37947 -0.0014169 -0.00148139 
6 4 4 2.38057 0.00233391 0.00230257 
7 4 4 2.36536 0.0103825 0.0103966 
0 5 5 0.902484 0.0223468 0.0107571 
1 5 5 0.464855 0.00930658 0.00683558 
2 5 5 0.42008 -0.00304583 0.00119133 
3 5 5 0.427529 -0.00434299 -0.00148332 
4 5 5 0.427712 -0.00466826 -0.00222312 
5 5 5 0.427459 -0.00264311 -0.00156573 
6 5 5 0.429905 0.000884856 -0.000318785 
7 5 5 0.43768 0.00939927 0.00251228 
0 6 6 0 0 0 
1 6 6 -0.0430692 -0.0143054 -0.00166868 
2 6 6 -0.0749649 -0.00503107 -0.00076263 
3 6 6 -0.0910386 -0.00183452 -0.00106378 
4 6 6 -0.101022 -0.00157078 -0.000846402 
5 6 6 -0.108828 -0.00127881 -0.000542068 
6 6 6 -0.114079 -0.000917883 -0.000344226 
7 6 6 -0.113505 0.000437091 -0.000109213 
0 7 7 0 0 0 
1 7 7 0 0 0 
2 7 7 0 0 0 
3 7 7 0 0 0 
4 7 7 0 0 0 
5 7 7 0 0 0 
6 7 7 0 0 0 
7 7 7 0 0 0 
0 0 0 0 0 0 
1 0 0 0 0 0 
2 0 0 0 0 0 
3 0 0 0 0 0 
4 0 0 0 0 0 
5 0 0 0 0 0 
6 0 0 0 0 0 
7 0 0 0 0 0 
0 1 1 0 0 0 
1 1 1 -0.00780552 0.00190537 -0.000825126 
2 1 1 -0.0219297 0.000307667 -0.000179729 
3 1 1 -0.0254378 2.53077e-05 -0.000353442 
4 1 1 -0.0290228 0.000133174 -0.000273856 
5 1 1 -0.0324815 0.000185513 -0.000178433 
6 1 1 -0.0356219 0.000224148 -0.000130158 
7 1 1 -0.0379747 0.000142023 -8.24641e-05 
0 2 2 0.0196154 0.00255466 -0.0024025 
1 2 2 0.0233399 0.00839549 -0.0084431 
2 2 2 0.0202048 0.00329093 -0.00357464 
3 2 2 0.0154349 0.00242063 -0.0024383 
4 2 2 0.00514764 0.00267351 -0.00256226 
5 2 2 -0.00381515 0.00207537 -0.00192415 
6 2 2 -0.00816515 0.00100853 -0.000864329 
7 2 2 -0.00334623 -0.00218125 0.00228801 
0 3 3 0.901683 -0.010257 0.0222634 
1 3 3 0.464139 -0.00653311 0.00917734 
2 3 3 0.419073 -0.00138757 -0.00329533 
3 3 3 0.426387 0.00128491 -0.00451167 
4 3 3 0.426622 0.00211041 -0.00474219 
5 3 3 0.426523 0.00153892 -0.00264968 
6 3 3 0.429148 0.000361458 0.000919614 
7 3 3 0.437084 -0.00243797 0.00944561 
0 4 4 0.901501 0.0105165 0.0221995 
1 4 4 0.464272 0.00677978 0.00920007 
2 4 4 0.419504 0.00143892 -0.00318219 
3 4 4 0.426977 -0.00130659 -0.0044306 
4 4 4 0.427183 -0.00213475 -0.00470674 
5 4 4 0.42699 -0.00154586 -0.00264515 
6 4 4 0.429518 -0.000353341 0.000908036 
7 4 4 0.43738 0.00243716 0.00943806 
0 5 5 0.0196869 -0.00234169 -0.00250261 
1 5 5 0.0239465 -0.00825414 -0.0083172 
2 5 5 0.0209183 -0.00332741 -0.00344249 
3 5 5 0.0161357 -0.00237245 -0.00243621 
4 5 5 0.00574251 -0.00260867 -0.00260443 
5 5 5 -0.00333735 -0.00202109 -0.00197579 
6 5 5 -0.00778864 -0.000973578 -0.000906864 
7 5 5 -0.00304437 0.0021965 0.00226696 
0 6 6 0 0 0 
1 6 6 -0.00764468 -0.00192925 -0.000767721 
2 6 6 -0.0217937 -0.000309594 -0.000188506 
3 6 6 -0.0253632 -9.45646e-06 -0.000378793 
4 6 6 -0.0289638 -0.000118836 -0.000296264 
5 6 6 -0.0324342 -0.000175218 -0.000195226 
6 6 6 -0.0355867 -0.000218141 -0.000140644 
7 6 6 -0.0379498 -0.000138691 -8.82778e-05 
0 7 7 0 0 0 
1 7 7 0 0 0 
2 7 7 0 0 0 
3 7 7 0 0 0 
4 7 7 0 0 0 
5 7 7 0 0 0 
6 7 7 0 0 0 
7 7 7 0 0 0 
0 0 0 0 0 0 
1 0 0 0 0 0 
2 0 0 0 0 0 
3 0 0 0 0 0 
4 0 0 0 0 0 
5 0 0 0 0 0 
6 0 0 0 0 0 
7 0 0 0 0 0 
0 1 1 0 0 0 
1 1 1 0 0 0 
2 1 1 0 0 0 
3 1 1 0 0 0 
4 1 1 0 0 0 
5 1 1 0 0 0 
6 1 1 0 0 0 
7 1 1 0 0 0 
0 2 2 0 0 0 
1 2 2 -0.0076926 0.000751255 -0.00195309 
2 2 2 -0.0218975 0.00013874 -0.000345344 
3 2 2 -0.0254736 0.000363019 -2.18172e-05 
4 2 2 -0.0290616 0.000298212 -0.000118612 
5 2 2 -0.0325133 0.000205873 -0.000168603 
6 2 2 -0.0356464 0.000153624 -0.000209562 
7 2 2 -0.0379934 9.74897e-05 -0.000132446 
0 3 3 0 0 0 
1 3 3 -0.0432309 0.00140116 -0.0143862 
2 3 3 -0.0751495 0.000482954 -0.00511515 
3 3 3 -0.0913291 0.00091391 -0.00187987 
4 3 3 -0.101315 0.000776329 -0.0015897 
5 3 3 -0.109072 0.000530412 -0.00128097 
6 3 3 -0.114265 0.000362156 -0.000911396 
7 3 3 -0.113641 0.000123914 0.000441665 
0 4 4 0 0 0 
1 4 4 -0.04326 -0.00139553 -0.0143974 
2 4 4 -0.0751095 -0.000542374 -0.00509323 
3 4 4 -0.0912296 -0.000987106 -0.00185838 
4 4 4 -0.101213 -0.000825686 -0.00157687 
5 4 4 -0.108984 -0.000554704 -0.00127508 
6 4 4 -0.114186 -0.000375639 -0.00090783 
7 4 4 -0.113586 -0.00014861 0.000443418 
0 5 5 0 0 0 
1 5 5 -0.00769232 -0.000762394 -0.00194644 
2 5 5 -0.0218521 -0.000162103 -0.000326207 
3 5 5 -0.0254043 -0.000371559 -1.44629e-05 
4 5 5 -0.0289968 -0.000300283 -0.00011642 
5 5 5 -0.0324578 -0.000204765 -0.000169091 
6 5 5 -0.0356031 -0.000152546 -0.00021063 
7 5 5 -0.0379604 -9.89676e-05 -0.000132007 
0 6 6 0 0 0 
1 6 6 0 0 0 
2 6 6 0 0 0 
3 6 6 0 0 0 
4 6 6 0 0 0 
5 6 6 0 0 0 
6 6 6 0 0 0 
7 6 6 0 0 0 
0 7 7 0 0 0 
1 7 7 0 0 0 
2 7 7 0 0 0 
3 7 7 0 0 0 
4 7 7 0 0 0 
5 7 7 0 0 0 
6 7 7 0 0 0 
7 7 7 0 0 0 
0 0 0 0 0 0 
1 0 0 0 0 0 
2 0 0 0 0 0 
3 0 0 0 0 0 
4 0 0 0 0 0 
5 0 0 0 0 0 
6 0 0 0 0 0 
7 0 0 0 0 0 
0 1 1 0 0 0 
1 1 1 0 0 0 
2 1 1 0 0 0 
3 1 1 0 0 0 
4 1 1 0 0 0 
5 1 1 0 0 0 
6 1 1 0 0 0 
7 1 1 0 0 0 
0 2 2 0 0 0 
1 2 2 0 0 0 
2 2 2 0 0 0 
3 2 2 0 0 0 
4 2 2 0 0 0 
5 2 2 0 0 0 
6 2 2 0 0 0 
7 2 2 0 0 0 
0 3 3 0 0 0 
1 3 3 0 0 0 
2 3 3 0 0 0 
3 3 3 0 0 0 
4 3 3 0 0 0 
5 3 3 0 0 0 
6 3 3 0 0 0 
7 3 3 0 0 0 
0 4 4 0 0 0 
1 4 4 0 0 0 
2 4 4 0 0 0 
3 4 4 0 0 0 
4 4 4 0 0 0 
5 4 4 0 0 0 
6 4 4 0 0 0 
7 4 4 0 0 0 
0 5 5 0 0 0 
1 5 5 0 0 0 
2 5 5 0 0 0 
3 5 5 0 0 0 
4 5 5 0 0 0 
5 5 5 0 0 0 
6 5 5 0 0 0 
7 5 5 0 0 0 
0 6 6 0 0 0 
1 6 6 0 0 0 
2 6 6 0 0 0 
3 6 6 0 0 0 
4 6 6 0 0 0 
5 6 6 0 0 0 
6 6 6 0 0 0 
7 6 6 0 0 0 
0 7 7 0 0 0 
1 7 7 0 0 0 
2 7 7 0 0 0 
3 7 7 0 0 0 
4 7 7 0 0 0 
5 7 7 0 0 0 
6 7 7 0 0 0 
7 7 7 0 0 0 
