0 0 0 0
81 0 0 0
162 0 0 0
243 0 0 0
324 0 0 0
405 0 0 0
486 0 0 0
567 0 0 0
648 0 0 0
729 0 0 0
810 0 0 0
891 0 0 0
972 0 0 0
1053 0 0 0
1134 0 0 0
1215 0 0 0
1296 0 0 0
1377 0 0 0
1458 0 0 0
1539 0 0 0
1620 0 0 0
1701 0 0 0
1782 0 0 0
1863 0 0 0
1944 0 0 0
2025 0 0 0
2106 0 0 0
2187 0 0 0
2268 0 0 0
2349 0 0 0
2430 0 0 0
2511 0 0 0
2592 0 0 0
2673 0 0 0
2754 0 0 0
2835 0 0 0
2916 0 0 0
2997 0 0 0
3078 0 0 0
3159 0 0 0
3240 0 0 0
3321 0 0 0
3402 0 0 0
3483 0 0 0
3564 0 0 0
3645 0 0 0
3726 0 0 0
3807 0 0 0
3888 0 0 0
3969 0 0 0
4050 0 0 0
4131 0 0 0
4212 0 0 0
4293 0 0 0
4374 0 0 0
4455 0 0 0
4536 0 0 0
4617 0 0 0
4698 0 0 0
4779 0 0 0
4860 0 0 0
4941 0 0 0
5022 0 0 0
5103 0 0 0
5184 0 0 0
5265 0 0 0
5346 0 0 0
5427 0 0 0
5508 0 0 0
5589 0 0 0
5670 0 0 0
5751 0 0 0
5832 0 0 0
5913 0 0 0
5994 0 0 0
6075 0 0 0
6156 0 0 0
6237 0 0 0
6318 0 0 0
6399 0 0 0
6480 0 0 0
6561 0 0 0
6642 0 0 0
6723 0 0 0
6804 0 0 0
6885 0 0 0
6966 0 0 0
7047 0 0 0
7128 0 0 0
7209 0 0 0
7290 0 0 0
7371 0 0 0
7452 0 0 0
7533 0 0 0
7614 0 0 0
7695 0 0 0
7776 0 0 0
7857 0 0 0
7938 0 0 0
8019 0 0 0
8100 0 0 0
8181 0 0 0
8262 0 0 0
8343 0 0 0
8424 0 0 0
8505 0 0 0
8586 0 0 0
8667 0 0 0
8748 0 0 0
8829 0 0 0
8910 0 0 0
8991 0 0 0
9072 0 0 0
9153 0 0 0
9234 0 0 0
9315 0 0 0
9396 0 0 0
9477 0 0 0
9558 0 0 0
9639 0 0 0
9720 0 0 0
9801 0 0 0
9882 0 0 0
9963 0 0 0
10044 0 0 0
10125 0 0 0
10206 0 0 0
10287 0 0 0
10368 0 0 0
10449 0 0 0
10530 0 0 0
10611 0 0 0
10692 0 0 0
10773 0 0 0
10854 0 0 0
10935 0 0 0
11016 0 0 0
11097 0 0 0
11178 0 0 0
11259 0 0 0
11340 0 0 0
11421 0 0 0
11502 0 0 0
11583 0 0 0
11664 0 0 0
11745 0 0 0
11826 0 0 0
11907 0 0 0
11988 0 0 0
12069 0 0 0
12150 0 0 0
12231 0 0 0
12312 0 0 0
12393 0 0 0
12474 0 0 0
12555 0 0 0
12636 0 0 0
12717 0 0 0
12798 0 0 0
12879 0 0 0
12960 0 0 0
13041 0 0 0
13122 0 0 0
13203 0 0 0
13284 0 0 0
13365 0 0 0
13446 0 0 0
13527 0 0 0
13608 0 0 0
13689 0 0 0
13770 0 0 0
13851 0 0 0
13932 0 0 0
14013 0 0 0
14094 0 0 0
14175 0 0 0
14256 0 0 0
14337 0 0 0
14418 0 0 0
14499 0 0 0
14580 0 0 0
14661 0 0 0
14742 0 0 0
14823 0 0 0
14904 0 0 0
14985 0 0 0
15066 0 0 0
15147 0 0 0
15228 0 0 0
15309 0 0 0
15390 0 0 0
15471 0 0 0
15552 0 0 0
15633 0 0 0
15714 0 0 0
15795 0 0 0
15876 0 0 0
15957 0 0 0
16038 0 0 0
16119 0 0 0
16200 0 0 0
16281 0 0 0
16362 0 0 0
16443 0 0 0
16524 0 0 0
16605 0 0 0
16686 0 0 0
16767 0 0 0
16848 0 0 0
16929 0 0 0
17010 0 0 0
17091 0 0 0
17172 0 0 0
17253 0 0 0
17334 0 0 0
17415 0 0 0
17496 0 0 0
17577 0 0 0
17658 0 0 0
17739 0 0 0
17820 0 0 0
17901 0 0 0
17982 0 0 0
18063 0 0 0
18144 0 0 0
18225 0 0 0
18306 0 0 0
18387 0 0 0
18468 0 0 0
18549 0 0 0
18630 0 0 0
18711 0 0 0
18792 0 0 0
18873 0 0 0
18954 0 0 0
19035 0 0 0
19116 0 0 0
19197 0 0 0
19278 0 0 0
19359 0 0 0
19440 0 0 0
19521 0 0 0
19602 0 0 0
19683 0 0 0
19764 0 0 0
19845 0 0 0
19926 0 0 0
20007 0 0 0
20088 0 0 0
20169 0 0 0
20250 0 0 0
20331 0 0 0
20412 0 0 0
20493 0 0 0
20574 0 0 0
20655 0 0 0
20736 0 0 0
20817 0 0 0
20898 0 0 0
20979 0 0 0
21060 0 0 0
21141 0 0 0
21222 0 0 0
21303 0 0 0
21384 0 0 0
21465 0 0 0
21546 0 0 0
21627 0 0 0
21708 0 0 0
21789 0 0 0
21870 0 0 0
21951 0 0 0
22032 0 0 0
22113 0 0 0
22194 0 0 0
22275 0 0 0
22356 0 0 0
22437 0 0 0
22518 0 0 0
22599 0 0 0
22680 0 0 0
22761 0 0 0
22842 0 0 0
22923 0 0 0
23004 0 0 0
23085 0 0 0
23166 0 0 0
23247 0 0 0
23328 0 0 0
23409 0 0 0
23490 0 0 0
23571 0 0 0
23652 0 0 0
23733 0 0 0
23814 0 0 0
23895 0 0 0
23976 0 0 0
24057 0 0 0
24138 0 0 0
24219 0 0 0
24300 0 0 0
24381 0 0 0
24462 0 0 0
24543 0 0 0
24624 0 0 0
24705 0 0 0
24786 0 0 0
24867 0 0 0
24948 0 0 0
25029 0 0 0
25110 0 0 0
25191 0 0 0
25272 0 0 0
25353 0 0 0
25434 0 0 0
25515 0 0 0
25596 0 0 0
25677 0 0 0
25758 0 0 0
25839 0 0 0
25920 0 0 0
26001 0 0 0
26082 0 0 0
26163 0 0 0
26244 0 0 0
26325 0 0 0
26406 0 0 0
26487 0 0 0
26568 0 0 0
26649 0 0 0
26730 0 0 0
26811 0 0 0
26892 0 0 0
26973 0 0 0
27054 0 0 0
27135 0 0 0
27216 0 0 0
27297 0 0 0
27378 0 0 0
27459 0 0 0
27540 0 0 0
27621 0 0 0
27702 0 0 0
27783 0 0 0
27864 0 0 0
27945 0 0 0
28026 0 0 0
28107 0 0 0
28188 0 0 0
28269 0 0 0
28350 0 0 0
28431 0 0 0
28512 0 0 0
28593 0 0 0
28674 0 0 0
28755 0 0 0
28836 0 0 0
28917 0 0 0
28998 0 0 0
29079 0 0 0
29160 0 0 0
29241 0 0 0
29322 0 0 0
29403 0 0 0
29484 0 0 0
29565 0 0 0
29646 0 0 0
29727 0 0 0
29808 0 0 0
29889 0 0 0
29970 0 0 0
30051 0 0 0
30132 0 0 0
30213 0 0 0
30294 0 0 0
30375 0 0 0
30456 0 0 0
30537 0 0 0
30618 0 0 0
30699 0 0 0
30780 0 0 0
30861 0 0 0
30942 0 0 0
31023 0 0 0
31104 0 0 0
31185 0 0 0
31266 0 0 0
31347 0 0 0
31428 0 0 0
31509 0 0 0
31590 0 0 0
31671 0 0 0
31752 0 0 0
31833 0 0 0
31914 0 0 0
31995 0 0 0
32076 0 0 0
32157 0 0 0
32238 0 0 0
32319 0 0 0
32400 0 0 0
32481 0 0 0
32562 0 0 0
32643 0 0 0
32724 0 0 0
32805 0 0 0
32886 0 0 0
32967 0 0 0
33048 0 0 0
33129 0 0 0
33210 0 0 0
33291 0 0 0
33372 0 0 0
33453 0 0 0
33534 0 0 0
33615 0 0 0
33696 0 0 0
33777 0 0 0
33858 0 0 0
33939 0 0 0
34020 0 0 0
34101 0 0 0
34182 0 0 0
34263 0 0 0
34344 0 0 0
34425 0 0 0
34506 0 0 0
34587 0 0 0
34668 0 0 0
34749 0 0 0
34830 0 0 0
34911 0 0 0
34992 0 0 0
35073 0 0 0
35154 0 0 0
35235 0 0 0
35316 0 0 0
35397 0 0 0
35478 0 0 0
35559 0 0 0
35640 0 0 0
35721 0 0 0
35802 0 0 0
35883 0 0 0
35964 0 0 0
36045 0 0 0
36126 0 0 0
36207 0 0 0
36288 0 0 0
36369 0 0 0
36450 0 0 0
36531 0 0 0
36612 0 0 0
36693 0 0 0
36774 0 0 0
36855 0 0 0
36936 0 0 0
37017 0 0 0
37098 0 0 0
37179 0 0 0
37260 0 0 0
37341 0 0 0
37422 0 0 0
37503 0 0 0
37584 0 0 0
37665 0 0 0
37746 0 0 0
37827 0 0 0
37908 0 0 0
37989 0 0 0
38070 0 0 0
38151 0 0 0
38232 0 0 0
38313 0 0 0
38394 0 0 0
38475 0 0 0
38556 0 0 0
38637 0 0 0
38718 0 0 0
38799 0 0 0
38880 0 0 0
38961 0 0 0
39042 0 0 0
39123 0 0 0
39204 0 0 0
39285 0 0 0
39366 0 0 0
39447 0 0 0
39528 0 0 0
39609 0 0 0
39690 0 0 0
39771 0 0 0
39852 0 0 0
39933 0 0 0
40014 0 0 0
40095 0 0 0
40176 0 0 0
40257 0 0 0
40338 0 0 0
40419 0 0 0
40500 0 0 0
40581 0 0 0
40662 0 0 0
40743 0 0 0
40824 0 0 0
40905 0 0 0
40986 0 0 0
41067 0 0 0
41148 0 0 0
41229 0 0 0
41310 0 0 0
41391 0 0 0
41472 0 0 0
41553 0 0 0
41634 0 0 0
41715 0 0 0
41796 0 0 0
41877 0 0 0
41958 0 0 0
42039 0 0 0
42120 0 0 0
42201 0 0 0
42282 0 0 0
42363 0 0 0
42444 0 0 0
42525 0 0 0
42606 0 0 0
42687 0 0 0
42768 0 0 0
42849 0 0 0
42930 0 0 0
43011 0 0 0
43092 0 0 0
43173 0 0 0
43254 0 0 0
43335 0 0 0
43416 0 0 0
43497 0 0 0
43578 0 0 0
43659 0 0 0
43740 0 0 0
43821 0 0 0
43902 0 0 0
43983 0 0 0
44064 0 0 0
44145 0 0 0
44226 0 0 0
44307 0 0 0
44388 0 0 0
44469 0 0 0
44550 0 0 0
44631 0 0 0
44712 0 0 0
44793 0 0 0
44874 0 0 0
44955 0 0 0
45036 0 0 0
45117 0 0 0
45198 0 0 0
45279 0 0 0
45360 0 0 0
45441 0 0 0
45522 0 0 0
45603 0 0 0
45684 0 0 0
45765 0 0 0
45846 0 0 0
45927 0 0 0
46008 0 0 0
46089 0 0 0
46170 0 0 0
46251 0 0 0
46332 0 0 0
46413 0 0 0
46494 0 0 0
46575 0 0 0
46656 0 0 0
46737 0 0 0
46818 0 0 0
46899 0 0 0
46980 0 0 0
47061 0 0 0
47142 0 0 0
47223 0 0 0
47304 0 0 0
47385 0 0 0
47466 0 0 0
47547 0 0 0
47628 0 0 0
47709 0 0 0
47790 0 0 0
47871 0 0 0
47952 0 0 0
48033 0 0 0
48114 0 0 0
48195 0 0 0
48276 0 0 0
48357 0 0 0
48438 0 0 0
48519 0 0 0
48600 0 0 0
48681 0 0 0
48762 0 0 0
48843 0 0 0
48924 0 0 0
49005 0 0 0
49086 0 0 0
49167 0 0 0
49248 0 0 0
49329 0 0 0
49410 0 0 0
49491 0 0 0
49572 0 0 0
49653 0 0 0
49734 0 0 0
49815 0 0 0
49896 0 0 0
49977 0 0 0
50058 0 0 0
50139 0 0 0
50220 0 0 0
50301 0 0 0
50382 0 0 0
50463 0 0 0
50544 0 0 0
50625 0 0 0
50706 0 0 0
50787 0 0 0
50868 0 0 0
50949 0 0 0
51030 0 0 0
51111 0 0 0
51192 0 0 0
51273 0 0 0
51354 0 0 0
51435 0 0 0
51516 0 0 0
51597 0 0 0
51678 0 0 0
51759 0 0 0
51840 0 0 0
51921 0 0 0
52002 0 0 0
52083 0 0 0
52164 0 0 0
52245 0 0 0
52326 0 0 0
52407 0 0 0
52488 0 0 0
52569 0 0 0
52650 0 0 0
52731 0 0 0
52812 0 0 0
52893 0 0 0
52974 0 0 0
53055 0 0 0
53136 0 0 0
53217 0 0 0
53298 0 0 0
53379 0 0 0
53460 0 0 0
53541 0 0 0
53622 0 0 0
53703 0 0 0
53784 0 0 0
53865 0 0 0
53946 0 0 0
54027 0 0 0
54108 0 0 0
54189 0 0 0
54270 0 0 0
54351 0 0 0
54432 0 0 0
54513 0 0 0
54594 0 0 0
54675 0 0 0
54756 0 0 0
54837 0 0 0
54918 0 0 0
54999 0 0 0
55080 0 0 0
55161 0 0 0
55242 0 0 0
55323 0 0 0
55404 0 0 0
55485 0 0 0
55566 0 0 0
55647 0 0 0
55728 0 0 0
55809 0 0 0
55890 0 0 0
55971 0 0 0
56052 0 0 0
56133 0 0 0
56214 0 0 0
56295 0 0 0
56376 0 0 0
56457 0 0 0
56538 0 0 0
56619 0 0 0
56700 0 0 0
56781 0 0 0
56862 0 0 0
56943 0 0 0
57024 0 0 0
57105 0 0 0
57186 0 0 0
57267 0 0 0
57348 0 0 0
57429 0 0 0
57510 0 0 0
57591 0 0 0
57672 0 0 0
57753 0 0 0
57834 0 0 0
57915 0 0 0
57996 0 0 0
58077 0 0 0
58158 0 0 0
58239 0 0 0
58320 0 0 0
58401 0 0 0
58482 0 0 0
58563 0 0 0
58644 0 0 0
58725 0 0 0
58806 0 0 0
58887 0 0 0
58968 0 0 0
59049 0 0 0
59130 0 0 0
59211 0 0 0
59292 0 0 0
59373 0 0 0
59454 0 0 0
59535 0 0 0
59616 0 0 0
59697 0 0 0
59778 0 0 0
59859 0 0 0
59940 0 0 0
60021 0 0 0
60102 0 0 0
60183 0 0 0
60264 0 0 0
60345 0 0 0
60426 0 0 0
60507 0 0 0
60588 0 0 0
60669 0 0 0
60750 0 0 0
60831 0 0 0
60912 0 0 0
60993 0 0 0
61074 0 0 0
61155 0 0 0
61236 0 0 0
61317 0 0 0
61398 0 0 0
61479 0 0 0
61560 0 0 0
61641 0 0 0
61722 0 0 0
61803 0 0 0
61884 0 0 0
61965 0 0 0
62046 0 0 0
62127 0 0 0
62208 0 0 0
62289 0 0 0
62370 0 0 0
62451 0 0 0
62532 0 0 0
62613 0 0 0
62694 0 0 0
62775 0 0 0
62856 0 0 0
62937 0 0 0
63018 0 0 0
63099 0 0 0
63180 0 0 0
63261 0 0 0
63342 0 0 0
63423 0 0 0
63504 0 0 0
63585 0 0 0
63666 0 0 0
63747 0 0 0
63828 0 0 0
63909 0 0 0
63990 0 0 0
64071 0 0 0
64152 0 0 0
64233 0 0 0
64314 0 0 0
64395 0 0 0
64476 0 0 0
64557 0 0 0
64638 0 0 0
64719 0 0 0
64800 0 0 0
64881 0 0 0
64962 0 0 0
65043 0 0 0
65124 0 0 0
65205 0 0 0
65286 0 0 0
65367 0 0 0
65448 0 0 0
65529 0 0 0
65610 0 0 0
65691 0 0 0
65772 0 0 0
65853 0 0 0
65934 0 0 0
66015 0 0 0
66096 0 0 0
66177 0 0 0
66258 0 0 0
66339 0 0 0
66420 0 0 0
66501 0 0 0
66582 0 0 0
66663 0 0 0
66744 0 0 0
66825 0 0 0
66906 0 0 0
66987 0 0 0
67068 0 0 0
67149 0 0 0
67230 0 0 0
67311 0 0 0
67392 0 0 0
67473 0 0 0
67554 0 0 0
67635 0 0 0
67716 0 0 0
67797 0 0 0
67878 0 0 0
67959 0 0 0
68040 0 0 0
68121 0 0 0
68202 0 0 0
68283 0 0 0
68364 0 0 0
68445 0 0 0
68526 0 0 0
68607 0 0 0
68688 0 0 0
68769 0 0 0
68850 0 0 0
68931 0 0 0
69012 0 0 0
69093 0 0 0
69174 0 0 0
69255 0 0 0
69336 0 0 0
69417 0 0 0
69498 0 0 0
69579 0 0 0
69660 0 0 0
69741 0 0 0
69822 0 0 0
69903 0 0 0
69984 0 0 0
70065 0 0 0
70146 0 0 0
70227 0 0 0
70308 0 0 0
70389 0 0 0
70470 0 0 0
70551 0 0 0
70632 0 0 0
70713 0 0 0
70794 0 0 0
70875 0 0 0
70956 0 0 0
71037 0 0 0
71118 0 0 0
71199 0 0 0
71280 0 0 0
71361 0 0 0
71442 0 0 0
71523 0 0 0
71604 0 0 0
71685 0 0 0
71766 0 0 0
71847 0 0 0
71928 0 0 0
72009 0 0 0
72090 0 0 0
72171 0 0 0
72252 0 0 0
72333 0 0 0
72414 0 0 0
72495 0 0 0
72576 0 0 0
72657 0 0 0
72738 0 0 0
72819 0 0 0
72900 0 0 0
72981 0 0 0
73062 0 0 0
73143 0 0 0
73224 0 0 0
73305 0 0 0
73386 0 0 0
73467 0 0 0
73548 0 0 0
73629 0 0 0
73710 0 0 0
73791 0 0 0
73872 0 0 0
73953 0 0 0
74034 0 0 0
74115 0 0 0
74196 0 0 0
74277 0 0 0
74358 0 0 0
74439 0 0 0
74520 0 0 0
74601 0 0 0
74682 0 0 0
74763 0 0 0
74844 0 0 0
74925 0 0 0
75006 0 0 0
75087 0 0 0
75168 0 0 0
75249 0 0 0
75330 0 0 0
75411 0 0 0
75492 0 0 0
75573 0 0 0
75654 0 0 0
75735 0 0 0
75816 0 0 0
75897 0 0 0
75978 0 0 0
76059 0 0 0
76140 0 0 0
76221 0 0 0
76302 0 0 0
76383 0 0 0
76464 0 0 0
76545 0 0 0
76626 0 0 0
76707 0 0 0
76788 0 0 0
76869 0 0 0
76950 0 0 0
77031 0 0 0
77112 0 0 0
77193 0 0 0
77274 0 0 0
77355 0 0 0
77436 0 0 0
77517 0 0 0
77598 0 0 0
77679 0 0 0
77760 0 0 0
77841 0 0 0
77922 0 0 0
78003 0 0 0
78084 0 0 0
78165 0 0 0
78246 0 0 0
78327 0 0 0
78408 0 0 0
78489 0 0 0
78570 0 0 0
78651 0 0 0
78732 0 0 0
78813 0 0 0
78894 0 0 0
78975 0 0 0
79056 0 0 0
79137 0 0 0
79218 0 0 0
79299 0 0 0
79380 0 0 0
79461 0 0 0
79542 0 0 0
79623 0 0 0
79704 0 0 0
79785 0 0 0
79866 0 0 0
79947 0 0 0
80028 0 0 0
80109 0 0 0
80190 0 0 0
80271 0 0 0
80352 0 0 0
80433 0 0 0
80514 0 0 0
80595 0 0 0
80676 0 0 0
80757 0 0 0
80838 0 0 0
80919 0 0 0
81000 0 0 0
81081 0 0 0
81162 0 0 0
81243 0 0 0
81324 0 0 0
81405 0 0 0
81486 0 0 0
81567 0 0 0
81648 0 0 0
81729 0 0 0
81810 0 0 0
81891 0 0 0
81972 0 0 0
82053 0 0 0
82134 0 0 0
82215 0 0 0
82296 0 0 0
82377 0 0 0
82458 0 0 0
82539 0 0 0
82620 0 0 0
82701 0 0 0
82782 0 0 0
82863 0 0 0
82944 0 0 0
83025 0 0 0
83106 0 0 0
83187 0 0 0
83268 0 0 0
83349 0 0 0
83430 0 0 0
83511 0 0 0
83592 0 0 0
83673 0 0 0
83754 0 0 0
83835 0 0 0
83916 0 0 0
83997 0 0 0
84078 0 0 0
84159 0 0 0
84240 0 0 0
84321 0 0 0
84402 0 0 0
84483 0 0 0
84564 0 0 0
84645 0 0 0
84726 0 0 0
84807 0 0 0
84888 0 0 0
84969 0 0 0
85050 0 0 0
85131 0 0 0
85212 0 0 0
85293 0 0 0
85374 0 0 0
85455 0 0 0
85536 0 0 0
85617 0 0 0
85698 0 0 0
85779 0 0 0
85860 0 0 0
85941 0 0 0
86022 0 0 0
86103 0 0 0
86184 0 0 0
86265 0 0 0
86346 0 0 0
86427 0 0 0
86508 0 0 0
86589 0 0 0
86670 0 0 0
86751 0 0 0
86832 0 0 0
86913 0 0 0
86994 0 0 0
87075 0 0 0
87156 0 0 0
87237 0 0 0
87318 0 0 0
87399 0 0 0
87480 0 0 0
87561 0 0 0
87642 0 0 0
87723 0 0 0
87804 0 0 0
87885 0 0 0
87966 0 0 0
88047 0 0 0
88128 0 0 0
88209 0 0 0
88290 0 0 0
88371 0 0 0
88452 0 0 0
88533 0 0 0
88614 0 0 0
88695 0 0 0
88776 0 0 0
88857 0 0 0
88938 0 0 0
89019 0 0 0
89100 0 0 0
89181 0 0 0
89262 0 0 0
89343 0 0 0
89424 0 0 0
89505 0 0 0
89586 0 0 0
89667 0 0 0
89748 0 0 0
89829 0 0 0
89910 0 0 0
89991 0 0 0
90072 0 0 0
90153 0 0 0
90234 0 0 0
90315 0 0 0
90396 0 0 0
90477 0 0 0
90558 0 0 0
90639 0 0 0
90720 0 0 0
90801 0 0 0
90882 0 0 0
90963 0 0 0
91044 0 0 0
91125 0 0 0
91206 0 0 0
91287 0 0 0
91368 0 0 0
91449 0 0 0
91530 0 0 0
91611 0 0 0
91692 0 0 0
91773 0 0 0
91854 0 0 0
91935 0 0 0
92016 0 0 0
92097 0 0 0
92178 0 0 0
92259 0 0 0
92340 0 0 0
92421 0 0 0
92502 0 0 0
92583 0 0 0
92664 0 0 0
92745 0 0 0
92826 0 0 0
92907 0 0 0
92988 0 0 0
93069 0 0 0
93150 0 0 0
93231 0 0 0
93312 0 0 0
93393 0 0 0
93474 0 0 0
93555 0 0 0
93636 0 0 0
93717 0 0 0
93798 0 0 0
93879 0 0 0
93960 0 0 0
94041 0 0 0
94122 0 0 0
94203 0 0 0
94284 0 0 0
94365 0 0 0
94446 0 0 0
94527 0 0 0
94608 0 0 0
94689 0 0 0
94770 0 0 0
94851 0 0 0
94932 0 0 0
95013 0 0 0
95094 0 0 0
95175 0 0 0
95256 0 0 0
95337 0 0 0
95418 0 0 0
95499 0 0 0
95580 0 0 0
95661 0 0 0
95742 0 0 0
95823 0 0 0
95904 0 0 0
95985 0 0 0
96066 0 0 0
96147 0 0 0
96228 0 0 0
96309 0 0 0
96390 0 0 0
96471 0 0 0
96552 0 0 0
96633 0 0 0
96714 0 0 0
96795 0 0 0
96876 0 0 0
96957 0 0 0
97038 0 0 0
97119 0 0 0
97200 0 0 0
97281 0 0 0
97362 0 0 0
97443 0 0 0
97524 0 0 0
97605 0 0 0
97686 0 0 0
97767 0 0 0
97848 0 0 0
97929 0 0 0
98010 0 0 0
98091 0 0 0
98172 0 0 0
98253 0 0 0
98334 0 0 0
98415 0 0 0
98496 0 0 0
98577 0 0 0
98658 0 0 0
98739 0 0 0
98820 0 0 0
98901 0 0 0
98982 0 0 0
99063 0 0 0
99144 0 0 0
99225 0 0 0
99306 0 0 0
99387 0 0 0
99468 0 0 0
99549 0 0 0
99630 0 0 0
99711 0 0 0
99792 0 0 0
99873 0 0 0
99954 0 0 0
100035 0 0 0
100116 0 0 0
100197 0 0 0
100278 0 0 0
100359 0 0 0
100440 0 0 0
100521 0 0 0
100602 0 0 0
100683 0 0 0
100764 0 0 0
100845 0 0 0
100926 0 0 0
101007 0 0 0
101088 0 0 0
101169 0 0 0
101250 0 0 0
101331 0 0 0
101412 0 0 0
101493 0 0 0
101574 0 0 0
101655 0 0 0
101736 0 0 0
101817 0 0 0
101898 0 0 0
101979 0 0 0
102060 0 0 0
102141 0 0 0
102222 0 0 0
102303 0 0 0
102384 0 0 0
102465 0 0 0
102546 0 0 0
102627 0 0 0
102708 0 0 0
102789 0 0 0
102870 0 0 0
102951 0 0 0
103032 0 0 0
103113 0 0 0
103194 0 0 0
103275 0 0 0
103356 0 0 0
103437 0 0 0
103518 0 0 0
103599 0 0 0
103680 0 0 0
103761 0 0 0
103842 0 0 0
103923 0 0 0
104004 0 0 0
104085 0 0 0
104166 0 0 0
104247 0 0 0
104328 0 0 0
104409 0 0 0
104490 0 0 0
104571 0 0 0
104652 0 0 0
104733 0 0 0
104814 0 0 0
104895 0 0 0
104976 0 0 0
105057 0 0 0
105138 0 0 0
105219 0 0 0
105300 0 0 0
105381 0 0 0
105462 0 0 0
105543 0 0 0
105624 0 0 0
105705 0 0 0
105786 0 0 0
105867 0 0 0
105948 0 0 0
106029 0 0 0
106110 0 0 0
106191 0 0 0
106272 0 0 0
106353 0 0 0
106434 0 0 0
106515 0 0 0
106596 0 0 0
106677 0 0 0
106758 0 0 0
106839 0 0 0
106920 0 0 0
107001 0 0 0
107082 0 0 0
107163 0 0 0
107244 0 0 0
107325 0 0 0
107406 0 0 0
107487 0 0 0
107568 0 0 0
107649 0 0 0
107730 0 0 0
107811 0 0 0
107892 0 0 0
107973 0 0 0
108054 0 0 0
108135 0 0 0
108216 0 0 0
108297 0 0 0
108378 0 0 0
108459 0 0 0
108540 0 0 0
108621 0 0 0
108702 0 0 0
108783 0 0 0
108864 0 0 0
108945 0 0 0
109026 0 0 0
109107 0 0 0
109188 0 0 0
109269 0 0 0
109350 0 0 0
109431 0 0 0
109512 0 0 0
109593 0 0 0
109674 0 0 0
109755 0 0 0
109836 0 0 0
109917 0 0 0
109998 0 0 0
110079 0 0 0
110160 0 0 0
110241 0 0 0
110322 0 0 0
110403 0 0 0
110484 0 0 0
110565 0 0 0
110646 0 0 0
110727 0 0 0
110808 0 0 0
110889 0 0 0
110970 0 0 0
111051 0 0 0
111132 0 0 0
111213 0 0 0
111294 0 0 0
111375 0 0 0
111456 0 0 0
111537 0 0 0
111618 0 0 0
111699 0 0 0
111780 0 0 0
111861 0 0 0
111942 0 0 0
112023 0 0 0
112104 0 0 0
112185 0 0 0
112266 0 0 0
112347 0 0 0
112428 0 0 0
112509 0 0 0
112590 0 0 0
112671 0 0 0
112752 0 0 0
112833 0 0 0
112914 0 0 0
112995 0 0 0
113076 0 0 0
113157 0 0 0
113238 0 0 0
113319 0 0 0
113400 0 0 0
113481 0 0 0
113562 0 0 0
113643 0 0 0
113724 0 0 0
113805 0 0 0
113886 0 0 0
113967 0 0 0
114048 0 0 0
114129 0 0 0
114210 0 0 0
114291 0 0 0
114372 0 0 0
114453 0 0 0
114534 0 0 0
114615 0 0 0
114696 0 0 0
114777 0 0 0
114858 0 0 0
114939 0 0 0
115020 0 0 0
115101 0 0 0
115182 0 0 0
115263 0 0 0
115344 0 0 0
115425 0 0 0
115506 0 0 0
115587 0 0 0
115668 0 0 0
115749 0 0 0
115830 0 0 0
115911 0 0 0
115992 0 0 0
116073 0 0 0
116154 0 0 0
116235 0 0 0
116316 0 0 0
116397 0 0 0
116478 0 0 0
116559 0 0 0
116640 0 0 0
116721 0 0 0
116802 0 0 0
116883 0 0 0
116964 0 0 0
117045 0 0 0
117126 0 0 0
117207 0 0 0
117288 0 0 0
117369 0 0 0
117450 0 0 0
117531 0 0 0
117612 0 0 0
117693 0 0 0
117774 0 0 0
117855 0 0 0
117936 0 0 0
118017 0 0 0
118098 0 0 0
118179 0 0 0
118260 0 0 0
118341 0 0 0
118422 0 0 0
118503 0 0 0
118584 0 0 0
118665 0 0 0
118746 0 0 0
118827 0 0 0
118908 0 0 0
118989 0 0 0
119070 0 0 0
119151 0 0 0
119232 0 0 0
119313 0 0 0
119394 0 0 0
119475 0 0 0
119556 0 0 0
119637 0 0 0
119718 0 0 0
119799 0 0 0
119880 0 0 0
119961 0 0 0
120042 0 0 0
120123 0 0 0
120204 0 0 0
120285 0 0 0
120366 0 0 0
120447 0 0 0
120528 0 0 0
120609 0 0 0
120690 0 0 0
120771 0 0 0
120852 0 0 0
120933 0 0 0
121014 0 0 0
121095 0 0 0
121176 0 0 0
121257 0 0 0
121338 0 0 0
121419 0 0 0
121500 0 0 0
121581 0 0 0
121662 0 0 0
121743 0 0 0
121824 0 0 0
121905 0 0 0
121986 0 0 0
122067 0 0 0
122148 0 0 0
122229 0 0 0
122310 0 0 0
122391 0 0 0
122472 0 0 0
122553 0 0 0
122634 0 0 0
122715 0 0 0
122796 0 0 0
122877 0 0 0
122958 0 0 0
123039 0 0 0
123120 0 0 0
123201 0 0 0
123282 0 0 0
123363 0 0 0
123444 0 0 0
123525 0 0 0
123606 0 0 0
123687 0 0 0
123768 0 0 0
123849 0 0 0
123930 0 0 0
124011 0 0 0
124092 0 0 0
124173 0 0 0
124254 0 0 0
124335 0 0 0
124416 0 0 0
124497 0 0 0
124578 0 0 0
124659 0 0 0
124740 0 0 0
124821 0 0 0
124902 0 0 0
124983 0 0 0
125064 0 0 0
125145 0 0 0
125226 0 0 0
125307 0 0 0
125388 0 0 0
125469 0 0 0
125550 0 0 0
125631 0 0 0
125712 0 0 0
125793 0 0 0
125874 0 0 0
125955 0 0 0
126036 0 0 0
126117 0 0 0
126198 0 0 0
126279 0 0 0
126360 0 0 0
126441 0 0 0
126522 0 0 0
126603 0 0 0
126684 0 0 0
126765 0 0 0
126846 0 0 0
126927 0 0 0
127008 0 0 0
127089 0 0 0
127170 0 0 0
127251 0 0 0
127332 0 0 0
127413 0 0 0
127494 0 0 0
127575 0 0 0
127656 0 0 0
127737 0 0 0
127818 0 0 0
127899 0 0 0
127980 0 0 0
128061 0 0 0
128142 0 0 0
128223 0 0 0
128304 0 0 0
128385 0 0 0
128466 0 0 0
128547 0 0 0
128628 0 0 0
128709 0 0 0
128790 0 0 0
128871 0 0 0
128952 0 0 0
129033 0 0 0
129114 0 0 0
129195 0 0 0
129276 0 0 0
129357 0 0 0
129438 0 0 0
129519 0 0 0
129600 0 0 0
129681 0 0 0
129762 0 0 0
129843 0 0 0
129924 0 0 0
130005 0 0 0
130086 0 0 0
130167 0 0 0
130248 0 0 0
130329 0 0 0
130410 0 0 0
130491 0 0 0
130572 0 0 0
130653 0 0 0
130734 0 0 0
130815 0 0 0
130896 0 0 0
130977 0 0 0
131058 0 0 0
131139 0 0 0
131220 0 0 0
131301 0 0 0
131382 0 0 0
131463 0 0 0
131544 0 0 0
131625 0 0 0
131706 0 0 0
131787 0 0 0
131868 0 0 0
131949 0 0 0
132030 0 0 0
132111 0 0 0
132192 0 0 0
132273 0 0 0
132354 0 0 0
132435 0 0 0
132516 0 0 0
132597 0 0 0
132678 0 0 0
132759 0 0 0
132840 0 0 0
132921 0 0 0
133002 0 0 0
133083 0 0 0
133164 0 0 0
133245 0 0 0
133326 0 0 0
133407 0 0 0
133488 0 0 0
133569 0 0 0
133650 0 0 0
133731 0 0 0
133812 0 0 0
133893 0 0 0
133974 0 0 0
134055 0 0 0
134136 0 0 0
134217 0 0 0
134298 0 0 0
134379 0 0 0
134460 0 0 0
134541 0 0 0
134622 0.95493 0 0
134703 1.7507 0 0
134784 2.22817 0 0
134865 2.38732 0 0
134946 2.22817 0 0
135027 1.7507 0 0
135108 0.95493 0 0
135189 0 0 0
135270 0 0 0
135351 0 0 0
135432 0 0 0
135513 0 0 0
135594 0 0 0
135675 0 0 0
135756 0 0 0
135837 0 0 0
135918 0 0 0
135999 0 0 0
136080 0 0 0
136161 0 0 0
136242 0 0 0
136323 0 0 0
136404 0 0 0
136485 0 0 0
136566 0 0 0
136647 0 0 0
136728 0 0 0
136809 0 0 0
136890 0 0 0
136971 0 0 0
137052 0 0 0
137133 0 0 0
137214 0 0 0
137295 0 0 0
137376 0 0 0
137457 0 0 0
137538 0 0 0
137619 0 0 0
137700 0 0 0
137781 0 0 0
137862 0 0 0
137943 0 0 0
138024 0 0 0
138105 0 0 0
138186 0 0 0
138267 0 0 0
138348 0 0 0
138429 0 0 0
138510 0 0 0
138591 0 0 0
138672 0 0 0
138753 0 0 0
138834 0 0 0
138915 0 0 0
138996 0 0 0
139077 0 0 0
139158 0 0 0
139239 0 0 0
139320 0 0 0
139401 0 0 0
139482 0 0 0
139563 0 0 0
139644 0 0 0
139725 0.477465 0 0
139806 1.90986 0 0
139887 3.02394 0 0
139968 3.81972 0 0
140049 4.29718 0 0
140130 4.45634 0 0
140211 4.29718 0 0
140292 3.81972 0 0
140373 3.02394 0 0
140454 1.90986 0 0
140535 0.477465 0 0
140616 0 0 0
140697 0 0 0
140778 0 0 0
140859 0 0 0
140940 0 0 0
141021 0 0 0
141102 0 0 0
141183 0 0 0
141264 0 0 0
141345 0 0 0
141426 0 0 0
141507 0 0 0
141588 0 0 0
141669 0 0 0
141750 0 0 0
141831 0 0 0
141912 0 0 0
141993 0 0 0
142074 0 0 0
142155 0 0 0
142236 0 0 0
142317 0 0 0
142398 0 0 0
142479 0 0 0
142560 0 0 0
142641 0 0 0
142722 0 0 0
142803 0 0 0
142884 0 0 0
142965 0 0 0
143046 0 0 0
143127 0 0 0
143208 0 0 0
143289 0 0 0
143370 0 0 0
143451 0 0 0
143532 0 0 0
143613 0 0 0
143694 0 0 0
143775 0 0 0
143856 0 0 0
143937 0 0 0
144018 0 0 0
144099 0 0 0
144180 0 0 0
144261 0 0 0
144342 0 0 0
144423 0 0 0
144504 0 0 0
144585 0 0 0
144666 0 0 0
144747 0 0 0
144828 0 0 0
144909 0.477465 0 0
144990 2.22817 0 0
145071 3.66056 0 0
145152 4.77465 0 0
145233 5.57042 0 0
145314 6.04789 0 0
145395 6.20704 0 0
145476 6.04789 0 0
145557 5.57042 0 0
145638 4.77465 0 0
145719 3.66056 0 0
145800 2.22817 0 0
145881 0.477465 0 0
145962 0 0 0
146043 0 0 0
146124 0 0 0
146205 0 0 0
146286 0 0 0
146367 0 0 0
146448 0 0 0
146529 0 0 0
146610 0 0 0
146691 0 0 0
146772 0 0 0
146853 0 0 0
146934 0 0 0
147015 0 0 0
147096 0 0 0
147177 0 0 0
147258 0 0 0
147339 0 0 0
147420 0 0 0
147501 0 0 0
147582 0 0 0
147663 0 0 0
147744 0 0 0
147825 0 0 0
147906 0 0 0
147987 0 0 0
148068 0 0 0
148149 0 0 0
148230 0 0 0
148311 0 0 0
148392 0 0 0
148473 0 0 0
148554 0 0 0
148635 0 0 0
148716 0 0 0
148797 0 0 0
148878 0 0 0
148959 0 0 0
149040 0 0 0
149121 0 0 0
149202 0 0 0
149283 0 0 0
149364 0 0 0
149445 0 0 0
149526 0 0 0
149607 0 0 0
149688 0 0 0
149769 0 0 0
149850 0 0 0
149931 0 0 0
150012 0 0 0
150093 0 0 0
150174 1.90986 0 0
150255 3.66056 0 0
150336 5.09296 0 0
150417 6.20704 0 0
150498 7.00282 0 0
150579 7.48028 0 0
150660 7.63944 0 0
150741 7.48028 0 0
150822 7.00282 0 0
150903 6.20704 0 0
150984 5.09296 0 0
151065 3.66056 0 0
151146 1.90986 0 0
151227 0 0 0
151308 0 0 0
151389 0 0 0
151470 0 0 0
151551 0 0 0
151632 0 0 0
151713 0 0 0
151794 0 0 0
151875 0 0 0
151956 0 0 0
152037 0 0 0
152118 0 0 0
152199 0 0 0
152280 0 0 0
152361 0 0 0
152442 0 0 0
152523 0 0 0
152604 0 0 0
152685 0 0 0
152766 0 0 0
152847 0 0 0
152928 0 0 0
153009 0 0 0
153090 0 0 0
153171 0 0 0
153252 0 0 0
153333 0 0 0
153414 0 0 0
153495 0 0 0
153576 0 0 0
153657 0 0 0
153738 0 0 0
153819 0 0 0
153900 0 0 0
153981 0 0 0
154062 0 0 0
154143 0 0 0
154224 0 0 0
154305 0 0 0
154386 0 0 0
154467 0 0 0
154548 0 0 0
154629 0 0 0
154710 0 0 0
154791 0 0 0
154872 0 0 0
154953 0 0 0
155034 0 0 0
155115 0 0 0
155196 0 0 0
155277 0 0 0
155358 0.95493 0 0
155439 3.02394 0 0
155520 4.77465 0 0
155601 6.20704 0 0
155682 7.32113 0 0
155763 8.1169 0 0
155844 8.59437 0 0
155925 8.75352 0 0
156006 8.59437 0 0
156087 8.1169 0 0
156168 7.32113 0 0
156249 6.20704 0 0
156330 4.77465 0 0
156411 3.02394 0 0
156492 0.95493 0 0
156573 0 0 0
156654 0 0 0
156735 0 0 0
156816 0 0 0
156897 0 0 0
156978 0 0 0
157059 0 0 0
157140 0 0 0
157221 0 0 0
157302 0 0 0
157383 0 0 0
157464 0 0 0
157545 0 0 0
157626 0 0 0
157707 0 0 0
157788 0 0 0
157869 0 0 0
157950 0 0 0
158031 0 0 0
158112 0 0 0
158193 0 0 0
158274 0 0 0
158355 0 0 0
158436 0 0 0
158517 0 0 0
158598 0 0 0
158679 0 0 0
158760 0 0 0
158841 0 0 0
158922 0 0 0
159003 0 0 0
159084 0 0 0
159165 0 0 0
159246 0 0 0
159327 0 0 0
159408 0 0 0
159489 0 0 0
159570 0 0 0
159651 0 0 0
159732 0 0 0
159813 0 0 0
159894 0 0 0
159975 0 0 0
160056 0 0 0
160137 0 0 0
160218 0 0 0
160299 0 0 0
160380 0 0 0
160461 0 0 0
160542 0 0 0
160623 1.7507 0 0
160704 3.81972 0 0
160785 5.57042 0 0
160866 7.00282 0 0
160947 8.1169 0 0
161028 8.91268 0 0
161109 9.39014 0 0
161190 9.5493 0 0
161271 9.39014 0 0
161352 8.91268 0 0
161433 8.1169 0 0
161514 7.00282 0 0
161595 5.57042 0 0
161676 3.81972 0 0
161757 1.7507 0 0
161838 0 0 0
161919 0 0 0
162000 0 0 0
162081 0 0 0
162162 0 0 0
162243 0 0 0
162324 0 0 0
162405 0 0 0
162486 0 0 0
162567 0 0 0
162648 0 0 0
162729 0 0 0
162810 0 0 0
162891 0 0 0
162972 0 0 0
163053 0 0 0
163134 0 0 0
163215 0 0 0
163296 0 0 0
163377 0 0 0
163458 0 0 0
163539 0 0 0
163620 0 0 0
163701 0 0 0
163782 0 0 0
163863 0 0 0
163944 0 0 0
164025 0 0 0
164106 0 0 0
164187 0 0 0
164268 0 0 0
164349 0 0 0
164430 0 0 0
164511 0 0 0
164592 0 0 0
164673 0 0 0
164754 0 0 0
164835 0 0 0
164916 0 0 0
164997 0 0 0
165078 0 0 0
165159 0 0 0
165240 0 0 0
165321 0 0 0
165402 0 0 0
165483 0 0 0
165564 0 0 0
165645 0 0 0
165726 0 0 0
165807 0 0 0
165888 2.22817 0 0
165969 4.29718 0 0
166050 6.04789 0 0
166131 7.48028 0 0
166212 8.59437 0 0
166293 9.39014 0 0
166374 9.86761 0 0
166455 10.0268 0 0
166536 9.86761 0 0
166617 9.39014 0 0
166698 8.59437 0 0
166779 7.48028 0 0
166860 6.04789 0 0
166941 4.29718 0 0
167022 2.22817 0 0
167103 0 0 0
167184 0 0 0
167265 0 0 0
167346 0 0 0
167427 0 0 0
167508 0 0 0
167589 0 0 0
167670 0 0 0
167751 0 0 0
167832 0 0 0
167913 0 0 0
167994 0 0 0
168075 0 0 0
168156 0 0 0
168237 0 0 0
168318 0 0 0
168399 0 0 0
168480 0 0 0
168561 0 0 0
168642 0 0 0
168723 0 0 0
168804 0 0 0
168885 0 0 0
168966 0 0 0
169047 0 0 0
169128 0 0 0
169209 0 0 0
169290 0 0 0
169371 0 0 0
169452 0 0 0
169533 0 0 0
169614 0 0 0
169695 0 0 0
169776 0 0 0
169857 0 0 0
169938 0 0 0
170019 0 0 0
170100 0 0 0
170181 0 0 0
170262 0 0 0
170343 0 0 0
170424 0 0 0
170505 0 0 0
170586 0 0 0
170667 0 0 0
170748 0 0 0
170829 0 0 0
170910 0 0 0
170991 0 0 0
171072 0 0 0
171153 2.38732 0 0
171234 4.45634 0 0
171315 6.20704 0 0
171396 7.63944 0 0
171477 8.75352 0 0
171558 9.5493 0 0
171639 10.0268 0 0
171720 10.1859 0 0
171801 10.0268 0 0
171882 9.5493 0 0
171963 8.75352 0 0
172044 7.63944 0 0
172125 6.20704 0 0
172206 4.45634 0 0
172287 2.38732 0 0
172368 0 0 0
172449 0 0 0
172530 0 0 0
172611 0 0 0
172692 0 0 0
172773 0 0 0
172854 0 0 0
172935 0 0 0
173016 0 0 0
173097 0 0 0
173178 0 0 0
173259 0 0 0
173340 0 0 0
173421 0 0 0
173502 0 0 0
173583 0 0 0
173664 0 0 0
173745 0 0 0
173826 0 0 0
173907 0 0 0
173988 0 0 0
174069 0 0 0
174150 0 0 0
174231 0 0 0
174312 0 0 0
174393 0 0 0
174474 0 0 0
174555 0 0 0
174636 0 0 0
174717 0 0 0
174798 0 0 0
174879 0 0 0
174960 0 0 0
175041 0 0 0
175122 0 0 0
175203 0 0 0
175284 0 0 0
175365 0 0 0
175446 0 0 0
175527 0 0 0
175608 0 0 0
175689 0 0 0
175770 0 0 0
175851 0 0 0
175932 0 0 0
176013 0 0 0
176094 0 0 0
176175 0 0 0
176256 0 0 0
176337 0 0 0
176418 2.22817 0 0
176499 4.29718 0 0
176580 6.04789 0 0
176661 7.48028 0 0
176742 8.59437 0 0
176823 9.39014 0 0
176904 9.86761 0 0
176985 10.0268 0 0
177066 9.86761 0 0
177147 9.39014 0 0
177228 8.59437 0 0
177309 7.48028 0 0
177390 6.04789 0 0
177471 4.29718 0 0
177552 2.22817 0 0
177633 0 0 0
177714 0 0 0
177795 0 0 0
177876 0 0 0
177957 0 0 0
178038 0 0 0
178119 0 0 0
178200 0 0 0
178281 0 0 0
178362 0 0 0
178443 0 0 0
178524 0 0 0
178605 0 0 0
178686 0 0 0
178767 0 0 0
178848 0 0 0
178929 0 0 0
179010 0 0 0
179091 0 0 0
179172 0 0 0
179253 0 0 0
179334 0 0 0
179415 0 0 0
179496 0 0 0
179577 0 0 0
179658 0 0 0
179739 0 0 0
179820 0 0 0
179901 0 0 0
179982 0 0 0
180063 0 0 0
180144 0 0 0
180225 0 0 0
180306 0 0 0
180387 0 0 0
180468 0 0 0
180549 0 0 0
180630 0 0 0
180711 0 0 0
180792 0 0 0
180873 0 0 0
180954 0 0 0
181035 0 0 0
181116 0 0 0
181197 0 0 0
181278 0 0 0
181359 0 0 0
181440 0 0 0
181521 0 0 0
181602 0 0 0
181683 1.7507 0 0
181764 3.81972 0 0
181845 5.57042 0 0
181926 7.00282 0 0
182007 8.1169 0 0
182088 8.91268 0 0
182169 9.39014 0 0
182250 9.5493 0 0
182331 9.39014 0 0
182412 8.91268 0 0
182493 8.1169 0 0
182574 7.00282 0 0
182655 5.57042 0 0
182736 3.81972 0 0
182817 1.7507 0 0
182898 0 0 0
182979 0 0 0
183060 0 0 0
183141 0 0 0
183222 0 0 0
183303 0 0 0
183384 0 0 0
183465 0 0 0
183546 0 0 0
183627 0 0 0
183708 0 0 0
183789 0 0 0
183870 0 0 0
183951 0 0 0
184032 0 0 0
184113 0 0 0
184194 0 0 0
184275 0 0 0
184356 0 0 0
184437 0 0 0
184518 0 0 0
184599 0 0 0
184680 0 0 0
184761 0 0 0
184842 0 0 0
184923 0 0 0
185004 0 0 0
185085 0 0 0
185166 0 0 0
185247 0 0 0
185328 0 0 0
185409 0 0 0
185490 0 0 0
185571 0 0 0
185652 0 0 0
185733 0 0 0
185814 0 0 0
185895 0 0 0
185976 0 0 0
186057 0 0 0
186138 0 0 0
186219 0 0 0
186300 0 0 0
186381 0 0 0
186462 0 0 0
186543 0 0 0
186624 0 0 0
186705 0 0 0
186786 0 0 0
186867 0 0 0
186948 0.95493 0 0
187029 3.02394 0 0
187110 4.77465 0 0
187191 6.20704 0 0
187272 7.32113 0 0
187353 8.1169 0 0
187434 8.59437 0 0
187515 8.75352 0 0
187596 8.59437 0 0
187677 8.1169 0 0
187758 7.32113 0 0
187839 6.20704 0 0
187920 4.77465 0 0
188001 3.02394 0 0
188082 0.95493 0 0
188163 0 0 0
188244 0 0 0
188325 0 0 0
188406 0 0 0
188487 0 0 0
188568 0 0 0
188649 0 0 0
188730 0 0 0
188811 0 0 0
188892 0 0 0
188973 0 0 0
189054 0 0 0
189135 0 0 0
189216 0 0 0
189297 0 0 0
189378 0 0 0
189459 0 0 0
189540 0 0 0
189621 0 0 0
189702 0 0 0
189783 0 0 0
189864 0 0 0
189945 0 0 0
190026 0 0 0
190107 0 0 0
190188 0 0 0
190269 0 0 0
190350 0 0 0
190431 0 0 0
190512 0 0 0
190593 0 0 0
190674 0 0 0
190755 0 0 0
190836 0 0 0
190917 0 0 0
190998 0 0 0
191079 0 0 0
191160 0 0 0
191241 0 0 0
191322 0 0 0
191403 0 0 0
191484 0 0 0
191565 0 0 0
191646 0 0 0
191727 0 0 0
191808 0 0 0
191889 0 0 0
191970 0 0 0
192051 0 0 0
192132 0 0 0
192213 0 0 0
192294 1.90986 0 0
192375 3.66056 0 0
192456 5.09296 0 0
192537 6.20704 0 0
192618 7.00282 0 0
192699 7.48028 0 0
192780 7.63944 0 0
192861 7.48028 0 0
192942 7.00282 0 0
193023 6.20704 0 0
193104 5.09296 0 0
193185 3.66056 0 0
193266 1.90986 0 0
193347 0 0 0
193428 0 0 0
193509 0 0 0
193590 0 0 0
193671 0 0 0
193752 0 0 0
193833 0 0 0
193914 0 0 0
193995 0 0 0
194076 0 0 0
194157 0 0 0
194238 0 0 0
194319 0 0 0
194400 0 0 0
194481 0 0 0
194562 0 0 0
194643 0 0 0
194724 0 0 0
194805 0 0 0
194886 0 0 0
194967 0 0 0
195048 0 0 0
195129 0 0 0
195210 0 0 0
195291 0 0 0
195372 0 0 0
195453 0 0 0
195534 0 0 0
195615 0 0 0
195696 0 0 0
195777 0 0 0
195858 0 0 0
195939 0 0 0
196020 0 0 0
196101 0 0 0
196182 0 0 0
196263 0 0 0
196344 0 0 0
196425 0 0 0
196506 0 0 0
196587 0 0 0
196668 0 0 0
196749 0 0 0
196830 0 0 0
196911 0 0 0
196992 0 0 0
197073 0 0 0
197154 0 0 0
197235 0 0 0
197316 0 0 0
197397 0 0 0
197478 0 0 0
197559 0.477465 0 0
197640 2.22817 0 0
197721 3.66056 0 0
197802 4.77465 0 0
197883 5.57042 0 0
197964 6.04789 0 0
198045 6.20704 0 0
198126 6.04789 0 0
198207 5.57042 0 0
198288 4.77465 0 0
198369 3.66056 0 0
198450 2.22817 0 0
198531 0.477465 0 0
198612 0 0 0
198693 0 0 0
198774 0 0 0
198855 0 0 0
198936 0 0 0
199017 0 0 0
199098 0 0 0
199179 0 0 0
199260 0 0 0
199341 0 0 0
199422 0 0 0
199503 0 0 0
199584 0 0 0
199665 0 0 0
199746 0 0 0
199827 0 0 0
199908 0 0 0
199989 0 0 0
200070 0 0 0
200151 0 0 0
200232 0 0 0
200313 0 0 0
200394 0 0 0
200475 0 0 0
200556 0 0 0
200637 0 0 0
200718 0 0 0
200799 0 0 0
200880 0 0 0
200961 0 0 0
201042 0 0 0
201123 0 0 0
201204 0 0 0
201285 0 0 0
201366 0 0 0
201447 0 0 0
201528 0 0 0
201609 0 0 0
201690 0 0 0
201771 0 0 0
201852 0 0 0
201933 0 0 0
202014 0 0 0
202095 0 0 0
202176 0 0 0
202257 0 0 0
202338 0 0 0
202419 0 0 0
202500 0 0 0
202581 0 0 0
202662 0 0 0
202743 0 0 0
202824 0 0 0
202905 0.477465 0 0
202986 1.90986 0 0
203067 3.02394 0 0
203148 3.81972 0 0
203229 4.29718 0 0
203310 4.45634 0 0
203391 4.29718 0 0
203472 3.81972 0 0
203553 3.02394 0 0
203634 1.90986 0 0
203715 0.477465 0 0
203796 0 0 0
203877 0 0 0
203958 0 0 0
204039 0 0 0
204120 0 0 0
204201 0 0 0
204282 0 0 0
204363 0 0 0
204444 0 0 0
204525 0 0 0
204606 0 0 0
204687 0 0 0
204768 0 0 0
204849 0 0 0
204930 0 0 0
205011 0 0 0
205092 0 0 0
205173 0 0 0
205254 0 0 0
205335 0 0 0
205416 0 0 0
205497 0 0 0
205578 0 0 0
205659 0 0 0
205740 0 0 0
205821 0 0 0
205902 0 0 0
205983 0 0 0
206064 0 0 0
206145 0 0 0
206226 0 0 0
206307 0 0 0
206388 0 0 0
206469 0 0 0
206550 0 0 0
206631 0 0 0
206712 0 0 0
206793 0 0 0
206874 0 0 0
206955 0 0 0
207036 0 0 0
207117 0 0 0
207198 0 0 0
207279 0 0 0
207360 0 0 0
207441 0 0 0
207522 0 0 0
207603 0 0 0
207684 0 0 0
207765 0 0 0
207846 0 0 0
207927 0 0 0
208008 0 0 0
208089 0 0 0
208170 0 0 0
208251 0 0 0
208332 0.95493 0 0
208413 1.7507 0 0
208494 2.22817 0 0
208575 2.38732 0 0
208656 2.22817 0 0
208737 1.7507 0 0
208818 0.95493 0 0
208899 0 0 0
208980 0 0 0
209061 0 0 0
209142 0 0 0
209223 0 0 0
209304 0 0 0
209385 0 0 0
209466 0 0 0
209547 0 0 0
209628 0 0 0
209709 0 0 0
209790 0 0 0
209871 0 0 0
209952 0 0 0
210033 0 0 0
210114 0 0 0
210195 0 0 0
210276 0 0 0
210357 0 0 0
210438 0 0 0
210519 0 0 0
210600 0 0 0
210681 0 0 0
210762 0 0 0
210843 0 0 0
210924 0 0 0
211005 0 0 0
211086 0 0 0
211167 0 0 0
211248 0 0 0
211329 0 0 0
211410 0 0 0
211491 0 0 0
211572 0 0 0
211653 0 0 0
211734 0 0 0
211815 0 0 0
211896 0 0 0
211977 0 0 0
212058 0 0 0
212139 0 0 0
212220 0 0 0
212301 0 0 0
212382 0 0 0
212463 0 0 0
212544 0 0 0
212625 0 0 0
212706 0 0 0
212787 0 0 0
212868 0 0 0
212949 0 0 0
213030 0 0 0
213111 0 0 0
213192 0 0 0
213273 0 0 0
213354 0 0 0
213435 0 0 0
213516 0 0 0
213597 0 0 0
213678 0 0 0
213759 0 0 0
213840 0 0 0
213921 0 0 0
214002 0 0 0
214083 0 0 0
214164 0 0 0
214245 0 0 0
214326 0 0 0
214407 0 0 0
214488 0 0 0
214569 0 0 0
214650 0 0 0
214731 0 0 0
214812 0 0 0
214893 0 0 0
214974 0 0 0
215055 0 0 0
215136 0 0 0
215217 0 0 0
215298 0 0 0
215379 0 0 0
215460 0 0 0
215541 0 0 0
215622 0 0 0
215703 0 0 0
215784 0 0 0
215865 0 0 0
215946 0 0 0
216027 0 0 0
216108 0 0 0
216189 0 0 0
216270 0 0 0
216351 0 0 0
216432 0 0 0
216513 0 0 0
216594 0 0 0
216675 0 0 0
216756 0 0 0
216837 0 0 0
216918 0 0 0
216999 0 0 0
217080 0 0 0
217161 0 0 0
217242 0 0 0
217323 0 0 0
217404 0 0 0
217485 0 0 0
217566 0 0 0
217647 0 0 0
217728 0 0 0
217809 0 0 0
217890 0 0 0
217971 0 0 0
218052 0 0 0
218133 0 0 0
218214 0 0 0
218295 0 0 0
218376 0 0 0
218457 0 0 0
218538 0 0 0
218619 0 0 0
218700 0 0 0
218781 0 0 0
218862 0 0 0
218943 0 0 0
219024 0 0 0
219105 0 0 0
219186 0 0 0
219267 0 0 0
219348 0 0 0
219429 0 0 0
219510 0 0 0
219591 0 0 0
219672 0 0 0
219753 0 0 0
219834 0 0 0
219915 0 0 0
219996 0 0 0
220077 0 0 0
220158 0 0 0
220239 0 0 0
220320 0 0 0
220401 0 0 0
220482 0 0 0
220563 0 0 0
220644 0 0 0
220725 0 0 0
220806 0 0 0
220887 0 0 0
220968 0 0 0
221049 0 0 0
221130 0 0 0
221211 0 0 0
221292 0 0 0
221373 0 0 0
221454 0 0 0
221535 0 0 0
221616 0 0 0
221697 0 0 0
221778 0 0 0
221859 0 0 0
221940 0 0 0
222021 0 0 0
222102 0 0 0
222183 0 0 0
222264 0 0 0
222345 0 0 0
222426 0 0 0
222507 0 0 0
222588 0 0 0
222669 0 0 0
222750 0 0 0
222831 0 0 0
222912 0 0 0
222993 0 0 0
223074 0 0 0
223155 0 0 0
223236 0 0 0
223317 0 0 0
223398 0 0 0
223479 0 0 0
223560 0 0 0
223641 0 0 0
223722 0 0 0
223803 0 0 0
223884 0 0 0
223965 0 0 0
224046 0 0 0
224127 0 0 0
224208 0 0 0
224289 0 0 0
224370 0 0 0
224451 0 0 0
224532 0 0 0
224613 0 0 0
224694 0 0 0
224775 0 0 0
224856 0 0 0
224937 0 0 0
225018 0 0 0
225099 0 0 0
225180 0 0 0
225261 0 0 0
225342 0 0 0
225423 0 0 0
225504 0 0 0
225585 0 0 0
225666 0 0 0
225747 0 0 0
225828 0 0 0
225909 0 0 0
225990 0 0 0
226071 0 0 0
226152 0 0 0
226233 0 0 0
226314 0 0 0
226395 0 0 0
226476 0 0 0
226557 0 0 0
226638 0 0 0
226719 0 0 0
226800 0 0 0
226881 0 0 0
226962 0 0 0
227043 0 0 0
227124 0 0 0
227205 0 0 0
227286 0 0 0
227367 0 0 0
227448 0 0 0
227529 0 0 0
227610 0 0 0
227691 0 0 0
227772 0 0 0
227853 0 0 0
227934 0 0 0
228015 0 0 0
228096 0 0 0
228177 0 0 0
228258 0 0 0
228339 0 0 0
228420 0 0 0
228501 0 0 0
228582 0 0 0
228663 0 0 0
228744 0 0 0
228825 0 0 0
228906 0 0 0
228987 0 0 0
229068 0 0 0
229149 0 0 0
229230 0 0 0
229311 0 0 0
229392 0 0 0
229473 0 0 0
229554 0 0 0
229635 0 0 0
229716 0 0 0
229797 0 0 0
229878 0 0 0
229959 0 0 0
230040 0 0 0
230121 0 0 0
230202 0 0 0
230283 0 0 0
230364 0 0 0
230445 0 0 0
230526 0 0 0
230607 0 0 0
230688 0 0 0
230769 0 0 0
230850 0 0 0
230931 0 0 0
231012 0 0 0
231093 0 0 0
231174 0 0 0
231255 0 0 0
231336 0 0 0
231417 0 0 0
231498 0 0 0
231579 0 0 0
231660 0 0 0
231741 0 0 0
231822 0 0 0
231903 0 0 0
231984 0 0 0
232065 0 0 0
232146 0 0 0
232227 0 0 0
232308 0 0 0
232389 0 0 0
232470 0 0 0
232551 0 0 0
232632 0 0 0
232713 0 0 0
232794 0 0 0
232875 0 0 0
232956 0 0 0
233037 0 0 0
233118 0 0 0
233199 0 0 0
233280 0 0 0
233361 0 0 0
233442 0 0 0
233523 0 0 0
233604 0 0 0
233685 0 0 0
233766 0 0 0
233847 0 0 0
233928 0 0 0
234009 0 0 0
234090 0 0 0
234171 0 0 0
234252 0 0 0
234333 0 0 0
234414 0 0 0
234495 0 0 0
234576 0 0 0
234657 0 0 0
234738 0 0 0
234819 0 0 0
234900 0 0 0
234981 0 0 0
235062 0 0 0
235143 0 0 0
235224 0 0 0
235305 0 0 0
235386 0 0 0
235467 0 0 0
235548 0 0 0
235629 0 0 0
235710 0 0 0
235791 0 0 0
235872 0 0 0
235953 0 0 0
236034 0 0 0
236115 0 0 0
236196 0 0 0
236277 0 0 0
236358 0 0 0
236439 0 0 0
236520 0 0 0
236601 0 0 0
236682 0 0 0
236763 0 0 0
236844 0 0 0
236925 0 0 0
237006 0 0 0
237087 0 0 0
237168 0 0 0
237249 0 0 0
237330 0 0 0
237411 0 0 0
237492 0 0 0
237573 0 0 0
237654 0 0 0
237735 0 0 0
237816 0 0 0
237897 0 0 0
237978 0 0 0
238059 0 0 0
238140 0 0 0
238221 0 0 0
238302 0 0 0
238383 0 0 0
238464 0 0 0
238545 0 0 0
238626 0 0 0
238707 0 0 0
238788 0 0 0
238869 0 0 0
238950 0 0 0
239031 0 0 0
239112 0 0 0
239193 0 0 0
239274 0 0 0
239355 0 0 0
239436 0 0 0
239517 0 0 0
239598 0 0 0
239679 0 0 0
239760 0 0 0
239841 0 0 0
239922 0 0 0
240003 0 0 0
240084 0 0 0
240165 0 0 0
240246 0 0 0
240327 0 0 0
240408 0 0 0
240489 0 0 0
240570 0 0 0
240651 0 0 0
240732 0 0 0
240813 0 0 0
240894 0 0 0
240975 0 0 0
241056 0 0 0
241137 0 0 0
241218 0 0 0
241299 0 0 0
241380 0 0 0
241461 0 0 0
241542 0 0 0
241623 0 0 0
241704 0 0 0
241785 0 0 0
241866 0 0 0
241947 0 0 0
242028 0 0 0
242109 0 0 0
242190 0 0 0
242271 0 0 0
242352 0 0 0
242433 0 0 0
242514 0 0 0
242595 0 0 0
242676 0 0 0
242757 0 0 0
242838 0 0 0
242919 0 0 0
243000 0 0 0
243081 0 0 0
243162 0 0 0
243243 0 0 0
243324 0 0 0
243405 0 0 0
243486 0 0 0
243567 0 0 0
243648 0 0 0
243729 0 0 0
243810 0 0 0
243891 0 0 0
243972 0 0 0
244053 0 0 0
244134 0 0 0
244215 0 0 0
244296 0 0 0
244377 0 0 0
244458 0 0 0
244539 0 0 0
244620 0 0 0
244701 0 0 0
244782 0 0 0
244863 0 0 0
244944 0 0 0
245025 0 0 0
245106 0 0 0
245187 0 0 0
245268 0 0 0
245349 0 0 0
245430 0 0 0
245511 0 0 0
245592 0 0 0
245673 0 0 0
245754 0 0 0
245835 0 0 0
245916 0 0 0
245997 0 0 0
246078 0 0 0
246159 0 0 0
246240 0 0 0
246321 0 0 0
246402 0 0 0
246483 0 0 0
246564 0 0 0
246645 0 0 0
246726 0 0 0
246807 0 0 0
246888 0 0 0
246969 0 0 0
247050 0 0 0
247131 0 0 0
247212 0 0 0
247293 0 0 0
247374 0 0 0
247455 0 0 0
247536 0 0 0
247617 0 0 0
247698 0 0 0
247779 0 0 0
247860 0 0 0
247941 0 0 0
248022 0 0 0
248103 0 0 0
248184 0 0 0
248265 0 0 0
248346 0 0 0
248427 0 0 0
248508 0 0 0
248589 0 0 0
248670 0 0 0
248751 0 0 0
248832 0 0 0
248913 0 0 0
248994 0 0 0
249075 0 0 0
249156 0 0 0
249237 0 0 0
249318 0 0 0
249399 0 0 0
249480 0 0 0
249561 0 0 0
249642 0 0 0
249723 0 0 0
249804 0 0 0
249885 0 0 0
249966 0 0 0
250047 0 0 0
250128 0 0 0
250209 0 0 0
250290 0 0 0
250371 0 0 0
250452 0 0 0
250533 0 0 0
250614 0 0 0
250695 0 0 0
250776 0 0 0
250857 0 0 0
250938 0 0 0
251019 0 0 0
251100 0 0 0
251181 0 0 0
251262 0 0 0
251343 0 0 0
251424 0 0 0
251505 0 0 0
251586 0 0 0
251667 0 0 0
251748 0 0 0
251829 0 0 0
251910 0 0 0
251991 0 0 0
252072 0 0 0
252153 0 0 0
252234 0 0 0
252315 0 0 0
252396 0 0 0
252477 0 0 0
252558 0 0 0
252639 0 0 0
252720 0 0 0
252801 0 0 0
252882 0 0 0
252963 0 0 0
253044 0 0 0
253125 0 0 0
253206 0 0 0
253287 0 0 0
253368 0 0 0
253449 0 0 0
253530 0 0 0
253611 0 0 0
253692 0 0 0
253773 0 0 0
253854 0 0 0
253935 0 0 0
254016 0 0 0
254097 0 0 0
254178 0 0 0
254259 0 0 0
254340 0 0 0
254421 0 0 0
254502 0 0 0
254583 0 0 0
254664 0 0 0
254745 0 0 0
254826 0 0 0
254907 0 0 0
254988 0 0 0
255069 0 0 0
255150 0 0 0
255231 0 0 0
255312 0 0 0
255393 0 0 0
255474 0 0 0
255555 0 0 0
255636 0 0 0
255717 0 0 0
255798 0 0 0
255879 0 0 0
255960 0 0 0
256041 0 0 0
256122 0 0 0
256203 0 0 0
256284 0 0 0
256365 0 0 0
256446 0 0 0
256527 0 0 0
256608 0 0 0
256689 0 0 0
256770 0 0 0
256851 0 0 0
256932 0 0 0
257013 0 0 0
257094 0 0 0
257175 0 0 0
257256 0 0 0
257337 0 0 0
257418 0 0 0
257499 0 0 0
257580 0 0 0
257661 0 0 0
257742 0 0 0
257823 0 0 0
257904 0 0 0
257985 0 0 0
258066 0 0 0
258147 0 0 0
258228 0 0 0
258309 0 0 0
258390 0 0 0
258471 0 0 0
258552 0 0 0
258633 0 0 0
258714 0 0 0
258795 0 0 0
258876 0 0 0
258957 0 0 0
259038 0 0 0
259119 0 0 0
259200 0 0 0
259281 0 0 0
259362 0 0 0
259443 0 0 0
259524 0 0 0
259605 0 0 0
259686 0 0 0
259767 0 0 0
259848 0 0 0
259929 0 0 0
260010 0 0 0
260091 0 0 0
260172 0 0 0
260253 0 0 0
260334 0 0 0
260415 0 0 0
260496 0 0 0
260577 0 0 0
260658 0 0 0
260739 0 0 0
260820 0 0 0
260901 0 0 0
260982 0 0 0
261063 0 0 0
261144 0 0 0
261225 0 0 0
261306 0 0 0
261387 0 0 0
261468 0 0 0
261549 0 0 0
261630 0 0 0
261711 0 0 0
261792 0 0 0
261873 0 0 0
261954 0 0 0
262035 0 0 0
262116 0 0 0
262197 0 0 0
262278 0 0 0
262359 0 0 0
262440 0 0 0
262521 0 0 0
262602 0 0 0
262683 0 0 0
262764 0 0 0
262845 0 0 0
262926 0 0 0
263007 0 0 0
263088 0 0 0
263169 0 0 0
263250 0 0 0
263331 0 0 0
263412 0 0 0
263493 0 0 0
263574 0 0 0
263655 0 0 0
263736 0 0 0
263817 0 0 0
263898 0 0 0
263979 0 0 0
264060 0 0 0
264141 0 0 0
264222 0 0 0
264303 0 0 0
264384 0 0 0
264465 0 0 0
264546 0 0 0
264627 0 0 0
264708 0 0 0
264789 0 0 0
264870 0 0 0
264951 0 0 0
265032 0 0 0
265113 0 0 0
265194 0 0 0
265275 0 0 0
265356 0 0 0
265437 0 0 0
265518 0 0 0
265599 0 0 0
265680 0 0 0
265761 0 0 0
265842 0 0 0
265923 0 0 0
266004 0 0 0
266085 0 0 0
266166 0 0 0
266247 0 0 0
266328 0 0 0
266409 0 0 0
266490 0 0 0
266571 0 0 0
266652 0 0 0
266733 0 0 0
266814 0 0 0
266895 0 0 0
266976 0 0 0
267057 0 0 0
267138 0 0 0
267219 0 0 0
267300 0 0 0
267381 0 0 0
267462 0 0 0
267543 0 0 0
267624 0 0 0
267705 0 0 0
267786 0 0 0
267867 0 0 0
267948 0 0 0
268029 0 0 0
268110 0 0 0
268191 0 0 0
268272 0 0 0
268353 0 0 0
268434 0 0 0
268515 0 0 0
268596 0 0 0
268677 0 0 0
268758 0 0 0
268839 0 0 0
268920 0 0 0
269001 0 0 0
269082 0 0 0
269163 0 0 0
269244 0 0 0
269325 0 0 0
269406 0 0 0
269487 0 0 0
269568 0 0 0
269649 0 0 0
269730 0 0 0
269811 0 0 0
269892 0 0 0
269973 0 0 0
270054 0 0 0
270135 0 0 0
270216 0 0 0
270297 0 0 0
270378 0 0 0
270459 0 0 0
270540 0 0 0
270621 0 0 0
270702 0 0 0
270783 0 0 0
270864 0 0 0
270945 0 0 0
271026 0 0 0
271107 0 0 0
271188 0 0 0
271269 0 0 0
271350 0 0 0
271431 0 0 0
271512 0 0 0
271593 0 0 0
271674 0 0 0
271755 0 0 0
271836 0 0 0
271917 0 0 0
271998 0 0 0
272079 0 0 0
272160 0 0 0
272241 0 0 0
272322 0 0 0
272403 0 0 0
272484 0 0 0
272565 0 0 0
272646 0 0 0
272727 0 0 0
272808 0 0 0
272889 0 0 0
272970 0 0 0
273051 0 0 0
273132 0 0 0
273213 0 0 0
273294 0 0 0
273375 0 0 0
273456 0 0 0
273537 0 0 0
273618 0 0 0
273699 0 0 0
273780 0 0 0
273861 0 0 0
273942 0 0 0
274023 0 0 0
274104 0 0 0
274185 0 0 0
274266 0 0 0
274347 0 0 0
274428 0 0 0
274509 0 0 0
274590 0 0 0
274671 0 0 0
274752 0 0 0
274833 0 0 0
274914 0 0 0
274995 0 0 0
275076 0 0 0
275157 0 0 0
275238 0 0 0
275319 0 0 0
275400 0 0 0
275481 0 0 0
275562 0 0 0
275643 0 0 0
275724 0 0 0
275805 0 0 0
275886 0 0 0
275967 0 0 0
276048 0 0 0
276129 0 0 0
276210 0 0 0
276291 0 0 0
276372 0 0 0
276453 0 0 0
276534 0 0 0
276615 0 0 0
276696 0 0 0
276777 0 0 0
276858 0 0 0
276939 0 0 0
277020 0 0 0
277101 0 0 0
277182 0 0 0
277263 0 0 0
277344 0 0 0
277425 0 0 0
277506 0 0 0
277587 0 0 0
277668 0 0 0
277749 0 0 0
277830 0 0 0
277911 0 0 0
277992 0 0 0
278073 0 0 0
278154 0 0 0
278235 0 0 0
278316 0 0 0
278397 0 0 0
278478 0 0 0
278559 0 0 0
278640 0 0 0
278721 0 0 0
278802 0 0 0
278883 0 0 0
278964 0 0 0
279045 0 0 0
279126 0 0 0
279207 0 0 0
279288 0 0 0
279369 0 0 0
279450 0 0 0
279531 0 0 0
279612 0 0 0
279693 0 0 0
279774 0 0 0
279855 0 0 0
279936 0 0 0
280017 0 0 0
280098 0 0 0
280179 0 0 0
280260 0 0 0
280341 0 0 0
280422 0 0 0
280503 0 0 0
280584 0 0 0
280665 0 0 0
280746 0 0 0
280827 0 0 0
280908 0 0 0
280989 0 0 0
281070 0 0 0
281151 0 0 0
281232 0 0 0
281313 0 0 0
281394 0 0 0
281475 0 0 0
281556 0 0 0
281637 0 0 0
281718 0 0 0
281799 0 0 0
281880 0 0 0
281961 0 0 0
282042 0 0 0
282123 0 0 0
282204 0 0 0
282285 0 0 0
282366 0 0 0
282447 0 0 0
282528 0 0 0
282609 0 0 0
282690 0 0 0
282771 0 0 0
282852 0 0 0
282933 0 0 0
283014 0 0 0
283095 0 0 0
283176 0 0 0
283257 0 0 0
283338 0 0 0
283419 0 0 0
283500 0 0 0
283581 0 0 0
283662 0 0 0
283743 0 0 0
283824 0 0 0
283905 0 0 0
283986 0 0 0
284067 0 0 0
284148 0 0 0
284229 0 0 0
284310 0 0 0
284391 0 0 0
284472 0 0 0
284553 0 0 0
284634 0 0 0
284715 0 0 0
284796 0 0 0
284877 0 0 0
284958 0 0 0
285039 0 0 0
285120 0 0 0
285201 0 0 0
285282 0 0 0
285363 0 0 0
285444 0 0 0
285525 0 0 0
285606 0 0 0
285687 0 0 0
285768 0 0 0
285849 0 0 0
285930 0 0 0
286011 0 0 0
286092 0 0 0
286173 0 0 0
286254 0 0 0
286335 0 0 0
286416 0 0 0
286497 0 0 0
286578 0 0 0
286659 0 0 0
286740 0 0 0
286821 0 0 0
286902 0 0 0
286983 0 0 0
287064 0 0 0
287145 0 0 0
287226 0 0 0
287307 0 0 0
287388 0 0 0
287469 0 0 0
287550 0 0 0
287631 0 0 0
287712 0 0 0
287793 0 0 0
287874 0 0 0
287955 0 0 0
288036 0 0 0
288117 0 0 0
288198 0 0 0
288279 0 0 0
288360 0 0 0
288441 0 0 0
288522 0 0 0
288603 0 0 0
288684 0 0 0
288765 0 0 0
288846 0 0 0
288927 0 0 0
289008 0 0 0
289089 0 0 0
289170 0 0 0
289251 0 0 0
289332 0 0 0
289413 0 0 0
289494 0 0 0
289575 0 0 0
289656 0 0 0
289737 0 0 0
289818 0 0 0
289899 0 0 0
289980 0 0 0
290061 0 0 0
290142 0 0 0
290223 0 0 0
290304 0 0 0
290385 0 0 0
290466 0 0 0
290547 0 0 0
290628 0 0 0
290709 0 0 0
290790 0 0 0
290871 0 0 0
290952 0 0 0
291033 0 0 0
291114 0 0 0
291195 0 0 0
291276 0 0 0
291357 0 0 0
291438 0 0 0
291519 0 0 0
291600 0 0 0
291681 0 0 0
291762 0 0 0
291843 0 0 0
291924 0 0 0
292005 0 0 0
292086 0 0 0
292167 0 0 0
292248 0 0 0
292329 0 0 0
292410 0 0 0
292491 0 0 0
292572 0 0 0
292653 0 0 0
292734 0 0 0
292815 0 0 0
292896 0 0 0
292977 0 0 0
293058 0 0 0
293139 0 0 0
293220 0 0 0
293301 0 0 0
293382 0 0 0
293463 0 0 0
293544 0 0 0
293625 0 0 0
293706 0 0 0
293787 0 0 0
293868 0 0 0
293949 0 0 0
294030 0 0 0
294111 0 0 0
294192 0 0 0
294273 0 0 0
294354 0 0 0
294435 0 0 0
294516 0 0 0
294597 0 0 0
294678 0 0 0
294759 0 0 0
294840 0 0 0
294921 0 0 0
295002 0 0 0
295083 0 0 0
295164 0 0 0
295245 0 0 0
295326 0 0 0
295407 0 0 0
295488 0 0 0
295569 0 0 0
295650 0 0 0
295731 0 0 0
295812 0 0 0
295893 0 0 0
295974 0 0 0
296055 0 0 0
296136 0 0 0
296217 0 0 0
296298 0 0 0
296379 0 0 0
296460 0 0 0
296541 0 0 0
296622 0 0 0
296703 0 0 0
296784 0 0 0
296865 0 0 0
296946 0 0 0
297027 0 0 0
297108 0 0 0
297189 0 0 0
297270 0 0 0
297351 0 0 0
297432 0 0 0
297513 0 0 0
297594 0 0 0
297675 0 0 0
297756 0 0 0
297837 0 0 0
297918 0 0 0
297999 0 0 0
298080 0 0 0
298161 0 0 0
298242 0 0 0
298323 0 0 0
298404 0 0 0
298485 0 0 0
298566 0 0 0
298647 0 0 0
298728 0 0 0
298809 0 0 0
298890 0 0 0
298971 0 0 0
299052 0 0 0
299133 0 0 0
299214 0 0 0
299295 0 0 0
299376 0 0 0
299457 0 0 0
299538 0 0 0
299619 0 0 0
299700 0 0 0
299781 0 0 0
299862 0 0 0
299943 0 0 0
300024 0 0 0
300105 0 0 0
300186 0 0 0
300267 0 0 0
300348 0 0 0
300429 0 0 0
300510 0 0 0
300591 0 0 0
300672 0 0 0
300753 0 0 0
300834 0 0 0
300915 0 0 0
300996 0 0 0
301077 0 0 0
301158 0 0 0
301239 0 0 0
301320 0 0 0
301401 0 0 0
301482 0 0 0
301563 0 0 0
301644 0 0 0
301725 0 0 0
301806 0 0 0
301887 0 0 0
301968 0 0 0
302049 0 0 0
302130 0 0 0
302211 0 0 0
302292 0 0 0
302373 0 0 0
302454 0 0 0
302535 0 0 0
302616 0 0 0
302697 0 0 0
302778 0 0 0
302859 0 0 0
302940 0 0 0
303021 0 0 0
303102 0 0 0
303183 0 0 0
303264 0 0 0
303345 0 0 0
303426 0 0 0
303507 0 0 0
303588 0 0 0
303669 0 0 0
303750 0 0 0
303831 0 0 0
303912 0 0 0
303993 0 0 0
304074 0 0 0
304155 0 0 0
304236 0 0 0
304317 0 0 0
304398 0 0 0
304479 0 0 0
304560 0 0 0
304641 0 0 0
304722 0 0 0
304803 0 0 0
304884 0 0 0
304965 0 0 0
305046 0 0 0
305127 0 0 0
305208 0 0 0
305289 0 0 0
305370 0 0 0
305451 0 0 0
305532 0 0 0
305613 0 0 0
305694 0 0 0
305775 0 0 0
305856 0 0 0
305937 0 0 0
306018 0 0 0
306099 0 0 0
306180 0 0 0
306261 0 0 0
306342 0 0 0
306423 0 0 0
306504 0 0 0
306585 0 0 0
306666 0 0 0
306747 0 0 0
306828 0 0 0
306909 0 0 0
306990 0 0 0
307071 0 0 0
307152 0 0 0
307233 0 0 0
307314 0 0 0
307395 0 0 0
307476 0 0 0
307557 0 0 0
307638 0 0 0
307719 0 0 0
307800 0 0 0
307881 0 0 0
307962 0 0 0
308043 0 0 0
308124 0 0 0
308205 0 0 0
308286 0 0 0
308367 0 0 0
308448 0 0 0
308529 0 0 0
308610 0 0 0
308691 0 0 0
308772 0 0 0
308853 0 0 0
308934 0 0 0
309015 0 0 0
309096 0 0 0
309177 0 0 0
309258 0 0 0
309339 0 0 0
309420 0 0 0
309501 0 0 0
309582 0 0 0
309663 0 0 0
309744 0 0 0
309825 0 0 0
309906 0 0 0
309987 0 0 0
310068 0 0 0
310149 0 0 0
310230 0 0 0
310311 0 0 0
310392 0 0 0
310473 0 0 0
310554 0 0 0
310635 0 0 0
310716 0 0 0
310797 0 0 0
310878 0 0 0
310959 0 0 0
311040 0 0 0
311121 0 0 0
311202 0 0 0
311283 0 0 0
311364 0 0 0
311445 0 0 0
311526 0 0 0
311607 0 0 0
311688 0 0 0
311769 0 0 0
311850 0 0 0
311931 0 0 0
312012 0 0 0
312093 0 0 0
312174 0 0 0
312255 0 0 0
312336 0 0 0
312417 0 0 0
312498 0 0 0
312579 0 0 0
312660 0 0 0
312741 0 0 0
312822 0 0 0
312903 0 0 0
312984 0 0 0
313065 0 0 0
313146 0 0 0
313227 0 0 0
313308 0 0 0
313389 0 0 0
313470 0 0 0
313551 0 0 0
313632 0 0 0
313713 0 0 0
313794 0 0 0
313875 0 0 0
313956 0 0 0
314037 0 0 0
314118 0 0 0
314199 0 0 0
314280 0 0 0
314361 0 0 0
314442 0 0 0
314523 0 0 0
314604 0 0 0
314685 0 0 0
314766 0 0 0
314847 0 0 0
314928 0 0 0
315009 0 0 0
315090 0 0 0
315171 0 0 0
315252 0 0 0
315333 0 0 0
315414 0 0 0
315495 0 0 0
315576 0 0 0
315657 0 0 0
315738 0 0 0
315819 0 0 0
315900 0 0 0
315981 0 0 0
316062 0 0 0
316143 0 0 0
316224 0 0 0
316305 0 0 0
316386 0 0 0
316467 0 0 0
316548 0 0 0
316629 0 0 0
316710 0 0 0
316791 0 0 0
316872 0 0 0
316953 0 0 0
317034 0 0 0
317115 0 0 0
317196 0 0 0
317277 0 0 0
317358 0 0 0
317439 0 0 0
317520 0 0 0
317601 0 0 0
317682 0 0 0
317763 0 0 0
317844 0 0 0
317925 0 0 0
318006 0 0 0
318087 0 0 0
318168 0 0 0
318249 0 0 0
318330 0 0 0
318411 0 0 0
318492 0 0 0
318573 0 0 0
318654 0 0 0
318735 0 0 0
318816 0 0 0
318897 0 0 0
318978 0 0 0
319059 0 0 0
319140 0 0 0
319221 0 0 0
319302 0 0 0
319383 0 0 0
319464 0 0 0
319545 0 0 0
319626 0 0 0
319707 0 0 0
319788 0 0 0
319869 0 0 0
319950 0 0 0
320031 0 0 0
320112 0 0 0
320193 0 0 0
320274 0 0 0
320355 0 0 0
320436 0 0 0
320517 0 0 0
320598 0 0 0
320679 0 0 0
320760 0 0 0
320841 0 0 0
320922 0 0 0
321003 0 0 0
321084 0 0 0
321165 0 0 0
321246 0 0 0
321327 0 0 0
321408 0 0 0
321489 0 0 0
321570 0 0 0
321651 0 0 0
321732 0 0 0
321813 0 0 0
321894 0 0 0
321975 0 0 0
322056 0 0 0
322137 0 0 0
322218 0 0 0
322299 0 0 0
322380 0 0 0
322461 0 0 0
322542 0 0 0
322623 0 0 0
322704 0 0 0
322785 0 0 0
322866 0 0 0
322947 0 0 0
323028 0 0 0
323109 0 0 0
323190 0 0 0
323271 0 0 0
323352 0 0 0
323433 0 0 0
323514 0 0 0
323595 0 0 0
323676 0 0 0
323757 0 0 0
323838 0 0 0
323919 0 0 0
324000 0 0 0
324081 0 0 0
324162 0 0 0
324243 0 0 0
324324 0 0 0
324405 0 0 0
324486 0 0 0
324567 0 0 0
324648 0 0 0
324729 0 0 0
324810 0 0 0
324891 0 0 0
324972 0 0 0
325053 0 0 0
325134 0 0 0
325215 0 0 0
325296 0 0 0
325377 0 0 0
325458 0 0 0
325539 0 0 0
325620 0 0 0
325701 0 0 0
325782 0 0 0
325863 0 0 0
325944 0 0 0
326025 0 0 0
326106 0 0 0
326187 0 0 0
326268 0 0 0
326349 0 0 0
326430 0 0 0
326511 0 0 0
326592 0 0 0
326673 0 0 0
326754 0 0 0
326835 0 0 0
326916 0 0 0
326997 0 0 0
327078 0 0 0
327159 0 0 0
327240 0 0 0
327321 0 0 0
327402 0 0 0
327483 0 0 0
327564 0 0 0
327645 0 0 0
327726 0 0 0
327807 0 0 0
327888 0 0 0
327969 0 0 0
328050 0 0 0
328131 0 0 0
328212 0 0 0
328293 0 0 0
328374 0 0 0
328455 0 0 0
328536 0 0 0
328617 0 0 0
328698 0 0 0
328779 0 0 0
328860 0 0 0
328941 0 0 0
329022 0 0 0
329103 0 0 0
329184 0 0 0
329265 0 0 0
329346 0 0 0
329427 0 0 0
329508 0 0 0
329589 0 0 0
329670 0 0 0
329751 0 0 0
329832 0 0 0
329913 0 0 0
329994 0 0 0
330075 0 0 0
330156 0 0 0
330237 0 0 0
330318 0 0 0
330399 0 0 0
330480 0 0 0
330561 0 0 0
330642 0 0 0
330723 0 0 0
330804 0 0 0
330885 0 0 0
330966 0 0 0
331047 0 0 0
331128 0 0 0
331209 0 0 0
331290 0 0 0
331371 0 0 0
331452 0 0 0
331533 0 0 0
331614 0 0 0
331695 0 0 0
331776 0 0 0
331857 0 0 0
331938 0 0 0
332019 0 0 0
332100 0 0 0
332181 0 0 0
332262 0 0 0
332343 0 0 0
332424 0 0 0
332505 0 0 0
332586 0 0 0
332667 0 0 0
332748 0 0 0
332829 0 0 0
332910 0 0 0
332991 0 0 0
333072 0 0 0
333153 0 0 0
333234 0 0 0
333315 0 0 0
333396 0 0 0
333477 0 0 0
333558 0 0 0
333639 0 0 0
333720 0 0 0
333801 0 0 0
333882 0 0 0
333963 0 0 0
334044 0 0 0
334125 0 0 0
334206 0 0 0
334287 0 0 0
334368 0 0 0
334449 0 0 0
334530 0 0 0
334611 0 0 0
334692 0 0 0
334773 0 0 0
334854 0 0 0
334935 0 0 0
335016 0 0 0
335097 0 0 0
335178 0 0 0
335259 0 0 0
335340 0 0 0
335421 0 0 0
335502 0 0 0
335583 0 0 0
335664 0 0 0
335745 0 0 0
335826 0 0 0
335907 0 0 0
335988 0 0 0
336069 0 0 0
336150 0 0 0
336231 0 0 0
336312 0 0 0
336393 0 0 0
336474 0 0 0
336555 0 0 0
336636 0 0 0
336717 0 0 0
336798 0 0 0
336879 0 0 0
336960 0 0 0
337041 0 0 0
337122 0 0 0
337203 0 0 0
337284 0 0 0
337365 0 0 0
337446 0 0 0
337527 0 0 0
337608 0 0 0
337689 0 0 0
337770 0 0 0
337851 0 0 0
337932 0 0 0
338013 0 0 0
338094 0 0 0
338175 0 0 0
338256 0 0 0
338337 0 0 0
338418 0 0 0
338499 0 0 0
338580 0 0 0
338661 0 0 0
338742 0 0 0
338823 0 0 0
338904 0 0 0
338985 0 0 0
339066 0 0 0
339147 0 0 0
339228 0 0 0
339309 0 0 0
339390 0 0 0
339471 0 0 0
339552 0 0 0
339633 0 0 0
339714 0 0 0
339795 0 0 0
339876 0 0 0
339957 0 0 0
340038 0 0 0
340119 0 0 0
340200 0 0 0
340281 0 0 0
340362 0 0 0
340443 0 0 0
340524 0 0 0
340605 0 0 0
340686 0 0 0
340767 0 0 0
340848 0 0 0
340929 0 0 0
341010 0 0 0
341091 0 0 0
341172 0 0 0
341253 0 0 0
341334 0 0 0
341415 0 0 0
341496 0 0 0
341577 0 0 0
341658 0 0 0
341739 0 0 0
341820 0 0 0
341901 0 0 0
341982 0 0 0
342063 0 0 0
342144 0 0 0
