0 0 0 0 0 0 
1 0 0 0 0 0 
2 0 0 0 0 0 
3 0 0 0 0 0 
4 0 0 0 0 0 
5 0 0 0 0 0 
6 0 0 0 0 0 
7 0 0 0 0 0 
8 0 0 0 0 0 
9 0 0 0 0 0 
10 0 0 0 0 0 
11 0 0 0 0 0 
12 0 0 0 0 0 
13 0 0 0 0 0 
14 0 0 0 0 0 
15 0 0 0 0 0 
0 1 1 0 0 0 
1 1 1 0 0 0 
2 1 1 0 0 0 
3 1 1 0 0 0 
4 1 1 0 0 0 
5 1 1 0 0 0 
6 1 1 0 0 0 
7 1 1 0 0 0 
8 1 1 0 0 0 
9 1 1 0 0 0 
10 1 1 0 0 0 
11 1 1 0 0 0 
12 1 1 0 0 0 
13 1 1 0 0 0 
14 1 1 0 0 0 
15 1 1 0 0 0 
0 2 2 0 0 0 
1 2 2 0 0 0 
2 2 2 0 0 0 
3 2 2 0 0 0 
4 2 2 0 0 0 
5 2 2 0 0 0 
6 2 2 0 0 0 
7 2 2 0 0 0 
8 2 2 0 0 0 
9 2 2 0 0 0 
10 2 2 0 0 0 
11 2 2 0 0 0 
12 2 2 0 0 0 
13 2 2 0 0 0 
14 2 2 0 0 0 
15 2 2 0 0 0 
0 3 3 0 0 0 
1 3 3 0 0 0 
2 3 3 0 0 0 
3 3 3 0 0 0 
4 3 3 0 0 0 
5 3 3 0 0 0 
6 3 3 0 0 0 
7 3 3 0 0 0 
8 3 3 0 0 0 
9 3 3 0 0 0 
10 3 3 0 0 0 
11 3 3 0 0 0 
12 3 3 0 0 0 
13 3 3 0 0 0 
14 3 3 0 0 0 
15 3 3 0 0 0 
0 4 4 0 0 0 
1 4 4 0 0 0 
2 4 4 0 0 0 
3 4 4 0 0 0 
4 4 4 0 0 0 
5 4 4 0 0 0 
6 4 4 0 0 0 
7 4 4 0 0 0 
8 4 4 0 0 0 
9 4 4 0 0 0 
10 4 4 0 0 0 
11 4 4 0 0 0 
12 4 4 0 0 0 
13 4 4 0 0 0 
14 4 4 0 0 0 
15 4 4 0 0 0 
0 5 5 0 0 0 
1 5 5 0 0 0 
2 5 5 0 0 0 
3 5 5 0 0 0 
4 5 5 0 0 0 
5 5 5 0 0 0 
6 5 5 0 0 0 
7 5 5 0 0 0 
8 5 5 0 0 0 
9 5 5 0 0 0 
10 5 5 0 0 0 
11 5 5 0 0 0 
12 5 5 0 0 0 
13 5 5 0 0 0 
14 5 5 0 0 0 
15 5 5 0 0 0 
0 6 6 0 0 0 
1 6 6 0 0 0 
2 6 6 0 0 0 
3 6 6 0 0 0 
4 6 6 0 0 0 
5 6 6 0 0 0 
6 6 6 0 0 0 
7 6 6 0 0 0 
8 6 6 0 0 0 
9 6 6 0 0 0 
10 6 6 0 0 0 
11 6 6 0 0 0 
12 6 6 0 0 0 
13 6 6 0 0 0 
14 6 6 0 0 0 
15 6 6 0 0 0 
0 7 7 0 0 0 
1 7 7 0 0 0 
2 7 7 0 0 0 
3 7 7 0 0 0 
4 7 7 0 0 0 
5 7 7 0 0 0 
6 7 7 0 0 0 
7 7 7 0 0 0 
8 7 7 0 0 0 
9 7 7 0 0 0 
10 7 7 0 0 0 
11 7 7 0 0 0 
12 7 7 0 0 0 
13 7 7 0 0 0 
14 7 7 0 0 0 
15 7 7 0 0 0 
0 8 8 0 0 0 
1 8 8 0 0 0 
2 8 8 0 0 0 
3 8 8 0 0 0 
4 8 8 0 0 0 
5 8 8 0 0 0 
6 8 8 0 0 0 
7 8 8 0 0 0 
8 8 8 0 0 0 
9 8 8 0 0 0 
10 8 8 0 0 0 
11 8 8 0 0 0 
12 8 8 0 0 0 
13 8 8 0 0 0 
14 8 8 0 0 0 
15 8 8 0 0 0 
0 9 9 0 0 0 
1 9 9 0 0 0 
2 9 9 0 0 0 
3 9 9 0 0 0 
4 9 9 0 0 0 
5 9 9 0 0 0 
6 9 9 0 0 0 
7 9 9 0 0 0 
8 9 9 0 0 0 
9 9 9 0 0 0 
10 9 9 0 0 0 
11 9 9 0 0 0 
12 9 9 0 0 0 
13 9 9 0 0 0 
14 9 9 0 0 0 
15 9 9 0 0 0 
0 10 10 0 0 0 
1 10 10 0 0 0 
2 10 10 0 0 0 
3 10 10 0 0 0 
4 10 10 0 0 0 
5 10 10 0 0 0 
6 10 10 0 0 0 
7 10 10 0 0 0 
8 10 10 0 0 0 
9 10 10 0 0 0 
10 10 10 0 0 0 
11 10 10 0 0 0 
12 10 10 0 0 0 
13 10 10 0 0 0 
14 10 10 0 0 0 
15 10 10 0 0 0 
0 11 11 0 0 0 
1 11 11 0 0 0 
2 11 11 0 0 0 
3 11 11 0 0 0 
4 11 11 0 0 0 
5 11 11 0 0 0 
6 11 11 0 0 0 
7 11 11 0 0 0 
8 11 11 0 0 0 
9 11 11 0 0 0 
10 11 11 0 0 0 
11 11 11 0 0 0 
12 11 11 0 0 0 
13 11 11 0 0 0 
14 11 11 0 0 0 
15 11 11 0 0 0 
0 12 12 0 0 0 
1 12 12 0 0 0 
2 12 12 0 0 0 
3 12 12 0 0 0 
4 12 12 0 0 0 
5 12 12 0 0 0 
6 12 12 0 0 0 
7 12 12 0 0 0 
8 12 12 0 0 0 
9 12 12 0 0 0 
10 12 12 0 0 0 
11 12 12 0 0 0 
12 12 12 0 0 0 
13 12 12 0 0 0 
14 12 12 0 0 0 
15 12 12 0 0 0 
0 13 13 0 0 0 
1 13 13 0 0 0 
2 13 13 0 0 0 
3 13 13 0 0 0 
4 13 13 0 0 0 
5 13 13 0 0 0 
6 13 13 0 0 0 
7 13 13 0 0 0 
8 13 13 0 0 0 
9 13 13 0 0 0 
10 13 13 0 0 0 
11 13 13 0 0 0 
12 13 13 0 0 0 
13 13 13 0 0 0 
14 13 13 0 0 0 
15 13 13 0 0 0 
0 14 14 0 0 0 
1 14 14 0 0 0 
2 14 14 0 0 0 
3 14 14 0 0 0 
4 14 14 0 0 0 
5 14 14 0 0 0 
6 14 14 0 0 0 
7 14 14 0 0 0 
8 14 14 0 0 0 
9 14 14 0 0 0 
10 14 14 0 0 0 
11 14 14 0 0 0 
12 14 14 0 0 0 
13 14 14 0 0 0 
14 14 14 0 0 0 
15 14 14 0 0 0 
0 15 15 0 0 0 
1 15 15 0 0 0 
2 15 15 0 0 0 
3 15 15 0 0 0 
4 15 15 0 0 0 
5 15 15 0 0 0 
6 15 15 0 0 0 
7 15 15 0 0 0 
8 15 15 0 0 0 
9 15 15 0 0 0 
10 15 15 0 0 0 
11 15 15 0 0 0 
12 15 15 0 0 0 
13 15 15 0 0 0 
14 15 15 0 0 0 
15 15 15 0 0 0 
0 0 0 0 0 0 
1 0 0 0 0 0 
2 0 0 0 0 0 
3 0 0 0 0 0 
4 0 0 0 0 0 
5 0 0 0 0 0 
6 0 0 0 0 0 
7 0 0 0 0 0 
8 0 0 0 0 0 
9 0 0 0 0 0 
10 0 0 0 0 0 
11 0 0 0 0 0 
12 0 0 0 0 0 
13 0 0 0 0 0 
14 0 0 0 0 0 
15 0 0 0 0 0 
0 1 1 0 0 0 
1 1 1 0 0 0 
2 1 1 0 0 0 
3 1 1 0 0 0 
4 1 1 0 0 0 
5 1 1 0 0 0 
6 1 1 0 0 0 
7 1 1 0 0 0 
8 1 1 0 0 0 
9 1 1 0 0 0 
10 1 1 0 0 0 
11 1 1 0 0 0 
12 1 1 0 0 0 
13 1 1 0 0 0 
14 1 1 0 0 0 
15 1 1 0 0 0 
0 2 2 0 0 0 
1 2 2 0 0 0 
2 2 2 0 0 0 
3 2 2 0 0 0 
4 2 2 0 0 0 
5 2 2 0 0 0 
6 2 2 0 0 0 
7 2 2 0 0 0 
8 2 2 0 0 0 
9 2 2 0 0 0 
10 2 2 0 0 0 
11 2 2 0 0 0 
12 2 2 0 0 0 
13 2 2 0 0 0 
14 2 2 0 0 0 
15 2 2 0 0 0 
0 3 3 0 0 0 
1 3 3 0 0 0 
2 3 3 0 0 0 
3 3 3 0 0 0 
4 3 3 0 0 0 
5 3 3 0 0 0 
6 3 3 0 0 0 
7 3 3 0 0 0 
8 3 3 0 0 0 
9 3 3 0 0 0 
10 3 3 0 0 0 
11 3 3 0 0 0 
12 3 3 0 0 0 
13 3 3 0 0 0 
14 3 3 0 0 0 
15 3 3 0 0 0 
0 4 4 0 0 0 
1 4 4 0 0 0 
2 4 4 0 0 0 
3 4 4 0 0 0 
4 4 4 0 0 0 
5 4 4 0 0 0 
6 4 4 0 0 0 
7 4 4 0 0 0 
8 4 4 0 0 0 
9 4 4 0 0 0 
10 4 4 0 0 0 
11 4 4 0 0 0 
12 4 4 0 0 0 
13 4 4 0 0 0 
14 4 4 0 0 0 
15 4 4 0 0 0 
0 5 5 0 0 0 
1 5 5 0 0 0 
2 5 5 0 0 0 
3 5 5 0 0 0 
4 5 5 0 0 0 
5 5 5 0 0 0 
6 5 5 0 0 0 
7 5 5 0 0 0 
8 5 5 0 0 0 
9 5 5 0 0 0 
10 5 5 0 0 0 
11 5 5 0 0 0 
12 5 5 0 0 0 
13 5 5 0 0 0 
14 5 5 0 0 0 
15 5 5 0 0 0 
0 6 6 0 0 0 
1 6 6 0 0 0 
2 6 6 0 0 0 
3 6 6 0 0 0 
4 6 6 0 0 0 
5 6 6 0 0 0 
6 6 6 0 0 0 
7 6 6 0 0 0 
8 6 6 0 0 0 
9 6 6 0 0 0 
10 6 6 0 0 0 
11 6 6 0 0 0 
12 6 6 0 0 0 
13 6 6 0 0 0 
14 6 6 0 0 0 
15 6 6 0 0 0 
0 7 7 0 0 0 
1 7 7 0 0 0 
2 7 7 0 0 0 
3 7 7 0 0 0 
4 7 7 0 0 0 
5 7 7 0 0 0 
6 7 7 0 0 0 
7 7 7 0 0 0 
8 7 7 0 0 0 
9 7 7 0 0 0 
10 7 7 0 0 0 
11 7 7 0 0 0 
12 7 7 0 0 0 
13 7 7 0 0 0 
14 7 7 0 0 0 
15 7 7 0 0 0 
0 8 8 0 0 0 
1 8 8 0 0 0 
2 8 8 0 0 0 
3 8 8 0 0 0 
4 8 8 0 0 0 
5 8 8 0 0 0 
6 8 8 0 0 0 
7 8 8 0 0 0 
8 8 8 0 0 0 
9 8 8 0 0 0 
10 8 8 0 0 0 
11 8 8 0 0 0 
12 8 8 0 0 0 
13 8 8 0 0 0 
14 8 8 0 0 0 
15 8 8 0 0 0 
0 9 9 0 0 0 
1 9 9 0 0 0 
2 9 9 0 0 0 
3 9 9 0 0 0 
4 9 9 0 0 0 
5 9 9 0 0 0 
6 9 9 0 0 0 
7 9 9 0 0 0 
8 9 9 0 0 0 
9 9 9 0 0 0 
10 9 9 0 0 0 
11 9 9 0 0 0 
12 9 9 0 0 0 
13 9 9 0 0 0 
14 9 9 0 0 0 
15 9 9 0 0 0 
0 10 10 0 0 0 
1 10 10 0 0 0 
2 10 10 0 0 0 
3 10 10 0 0 0 
4 10 10 0 0 0 
5 10 10 0 0 0 
6 10 10 0 0 0 
7 10 10 0 0 0 
8 10 10 0 0 0 
9 10 10 0 0 0 
10 10 10 0 0 0 
11 10 10 0 0 0 
12 10 10 0 0 0 
13 10 10 0 0 0 
14 10 10 0 0 0 
15 10 10 0 0 0 
0 11 11 0 0 0 
1 11 11 0 0 0 
2 11 11 0 0 0 
3 11 11 0 0 0 
4 11 11 0 0 0 
5 11 11 0 0 0 
6 11 11 0 0 0 
7 11 11 0 0 0 
8 11 11 0 0 0 
9 11 11 0 0 0 
10 11 11 0 0 0 
11 11 11 0 0 0 
12 11 11 0 0 0 
13 11 11 0 0 0 
14 11 11 0 0 0 
15 11 11 0 0 0 
0 12 12 0 0 0 
1 12 12 0 0 0 
2 12 12 0 0 0 
3 12 12 0 0 0 
4 12 12 0 0 0 
5 12 12 0 0 0 
6 12 12 0 0 0 
7 12 12 0 0 0 
8 12 12 0 0 0 
9 12 12 0 0 0 
10 12 12 0 0 0 
11 12 12 0 0 0 
12 12 12 0 0 0 
13 12 12 0 0 0 
14 12 12 0 0 0 
15 12 12 0 0 0 
0 13 13 0 0 0 
1 13 13 0 0 0 
2 13 13 0 0 0 
3 13 13 0 0 0 
4 13 13 0 0 0 
5 13 13 0 0 0 
6 13 13 0 0 0 
7 13 13 0 0 0 
8 13 13 0 0 0 
9 13 13 0 0 0 
10 13 13 0 0 0 
11 13 13 0 0 0 
12 13 13 0 0 0 
13 13 13 0 0 0 
14 13 13 0 0 0 
15 13 13 0 0 0 
0 14 14 0 0 0 
1 14 14 0 0 0 
2 14 14 0 0 0 
3 14 14 0 0 0 
4 14 14 0 0 0 
5 14 14 0 0 0 
6 14 14 0 0 0 
7 14 14 0 0 0 
8 14 14 0 0 0 
9 14 14 0 0 0 
10 14 14 0 0 0 
11 14 14 0 0 0 
12 14 14 0 0 0 
13 14 14 0 0 0 
14 14 14 0 0 0 
15 14 14 0 0 0 
0 15 15 0 0 0 
1 15 15 0 0 0 
2 15 15 0 0 0 
3 15 15 0 0 0 
4 15 15 0 0 0 
5 15 15 0 0 0 
6 15 15 0 0 0 
7 15 15 0 0 0 
8 15 15 0 0 0 
9 15 15 0 0 0 
10 15 15 0 0 0 
11 15 15 0 0 0 
12 15 15 0 0 0 
13 15 15 0 0 0 
14 15 15 0 0 0 
15 15 15 0 0 0 
0 0 0 0 0 0 
1 0 0 0 0 0 
2 0 0 0 0 0 
3 0 0 0 0 0 
4 0 0 0 0 0 
5 0 0 0 0 0 
6 0 0 0 0 0 
7 0 0 0 0 0 
8 0 0 0 0 0 
9 0 0 0 0 0 
10 0 0 0 0 0 
11 0 0 0 0 0 
12 0 0 0 0 0 
13 0 0 0 0 0 
14 0 0 0 0 0 
15 0 0 0 0 0 
0 1 1 0 0 0 
1 1 1 0 0 0 
2 1 1 0 0 0 
3 1 1 0 0 0 
4 1 1 0 0 0 
5 1 1 0 0 0 
6 1 1 0 0 0 
7 1 1 0 0 0 
8 1 1 0 0 0 
9 1 1 0 0 0 
10 1 1 0 0 0 
11 1 1 0 0 0 
12 1 1 0 0 0 
13 1 1 0 0 0 
14 1 1 0 0 0 
15 1 1 0 0 0 
0 2 2 0 0 0 
1 2 2 0 0 0 
2 2 2 0 0 0 
3 2 2 0 0 0 
4 2 2 0 0 0 
5 2 2 0 0 0 
6 2 2 0 0 0 
7 2 2 0 0 0 
8 2 2 0 0 0 
9 2 2 0 0 0 
10 2 2 0 0 0 
11 2 2 0 0 0 
12 2 2 0 0 0 
13 2 2 0 0 0 
14 2 2 0 0 0 
15 2 2 0 0 0 
0 3 3 0 0 0 
1 3 3 0 0 0 
2 3 3 0 0 0 
3 3 3 0 0 0 
4 3 3 0 0 0 
5 3 3 0 0 0 
6 3 3 0 0 0 
7 3 3 0 0 0 
8 3 3 0 0 0 
9 3 3 0 0 0 
10 3 3 0 0 0 
11 3 3 0 0 0 
12 3 3 0 0 0 
13 3 3 0 0 0 
14 3 3 0 0 0 
15 3 3 0 0 0 
0 4 4 0 0 0 
1 4 4 0 0 0 
2 4 4 0 0 0 
3 4 4 0 0 0 
4 4 4 0 0 0 
5 4 4 0 0 0 
6 4 4 0 0 0 
7 4 4 0 0 0 
8 4 4 0 0 0 
9 4 4 0 0 0 
10 4 4 0 0 0 
11 4 4 0 0 0 
12 4 4 0 0 0 
13 4 4 0 0 0 
14 4 4 0 0 0 
15 4 4 0 0 0 
0 5 5 0 0 0 
1 5 5 0 0 0 
2 5 5 0 0 0 
3 5 5 0 0 0 
4 5 5 0 0 0 
5 5 5 0 0 0 
6 5 5 0 0 0 
7 5 5 0 0 0 
8 5 5 0 0 0 
9 5 5 0 0 0 
10 5 5 0 0 0 
11 5 5 0 0 0 
12 5 5 0 0 0 
13 5 5 0 0 0 
14 5 5 0 0 0 
15 5 5 0 0 0 
0 6 6 0 0 0 
1 6 6 0 0 0 
2 6 6 0 0 0 
3 6 6 0 0 0 
4 6 6 0 0 0 
5 6 6 0 0 0 
6 6 6 0 0 0 
7 6 6 0 0 0 
8 6 6 0 0 0 
9 6 6 0 0 0 
10 6 6 0 0 0 
11 6 6 0 0 0 
12 6 6 0 0 0 
13 6 6 0 0 0 
14 6 6 0 0 0 
15 6 6 0 0 0 
0 7 7 0 0 0 
1 7 7 0 0 0 
2 7 7 0 0 0 
3 7 7 0 0 0 
4 7 7 0 0 0 
5 7 7 0 0 0 
6 7 7 0 0 0 
7 7 7 0 0 0 
8 7 7 0 0 0 
9 7 7 0 0 0 
10 7 7 0 0 0 
11 7 7 0 0 0 
12 7 7 0 0 0 
13 7 7 0 0 0 
14 7 7 0 0 0 
15 7 7 0 0 0 
0 8 8 0 0 0 
1 8 8 0 0 0 
2 8 8 0 0 0 
3 8 8 0 0 0 
4 8 8 0 0 0 
5 8 8 0 0 0 
6 8 8 0 0 0 
7 8 8 0 0 0 
8 8 8 0 0 0 
9 8 8 0 0 0 
10 8 8 0 0 0 
11 8 8 0 0 0 
12 8 8 0 0 0 
13 8 8 0 0 0 
14 8 8 0 0 0 
15 8 8 0 0 0 
0 9 9 0 0 0 
1 9 9 0 0 0 
2 9 9 0 0 0 
3 9 9 0 0 0 
4 9 9 0 0 0 
5 9 9 0 0 0 
6 9 9 0 0 0 
7 9 9 0 0 0 
8 9 9 0 0 0 
9 9 9 0 0 0 
10 9 9 0 0 0 
11 9 9 0 0 0 
12 9 9 0 0 0 
13 9 9 0 0 0 
14 9 9 0 0 0 
15 9 9 0 0 0 
0 10 10 0 0 0 
1 10 10 0 0 0 
2 10 10 0 0 0 
3 10 10 0 0 0 
4 10 10 0 0 0 
5 10 10 0 0 0 
6 10 10 0 0 0 
7 10 10 0 0 0 
8 10 10 0 0 0 
9 10 10 0 0 0 
10 10 10 0 0 0 
11 10 10 0 0 0 
12 10 10 0 0 0 
13 10 10 0 0 0 
14 10 10 0 0 0 
15 10 10 0 0 0 
0 11 11 0 0 0 
1 11 11 0 0 0 
2 11 11 0 0 0 
3 11 11 0 0 0 
4 11 11 0 0 0 
5 11 11 0 0 0 
6 11 11 0 0 0 
7 11 11 0 0 0 
8 11 11 0 0 0 
9 11 11 0 0 0 
10 11 11 0 0 0 
11 11 11 0 0 0 
12 11 11 0 0 0 
13 11 11 0 0 0 
14 11 11 0 0 0 
15 11 11 0 0 0 
0 12 12 0 0 0 
1 12 12 0 0 0 
2 12 12 0 0 0 
3 12 12 0 0 0 
4 12 12 0 0 0 
5 12 12 0 0 0 
6 12 12 0 0 0 
7 12 12 0 0 0 
8 12 12 0 0 0 
9 12 12 0 0 0 
10 12 12 0 0 0 
11 12 12 0 0 0 
12 12 12 0 0 0 
13 12 12 0 0 0 
14 12 12 0 0 0 
15 12 12 0 0 0 
0 13 13 0 0 0 
1 13 13 0 0 0 
2 13 13 0 0 0 
3 13 13 0 0 0 
4 13 13 0 0 0 
5 13 13 0 0 0 
6 13 13 0 0 0 
7 13 13 0 0 0 
8 13 13 0 0 0 
9 13 13 0 0 0 
10 13 13 0 0 0 
11 13 13 0 0 0 
12 13 13 0 0 0 
13 13 13 0 0 0 
14 13 13 0 0 0 
15 13 13 0 0 0 
0 14 14 0 0 0 
1 14 14 0 0 0 
2 14 14 0 0 0 
3 14 14 0 0 0 
4 14 14 0 0 0 
5 14 14 0 0 0 
6 14 14 0 0 0 
7 14 14 0 0 0 
8 14 14 0 0 0 
9 14 14 0 0 0 
10 14 14 0 0 0 
11 14 14 0 0 0 
12 14 14 0 0 0 
13 14 14 0 0 0 
14 14 14 0 0 0 
15 14 14 0 0 0 
0 15 15 0 0 0 
1 15 15 0 0 0 
2 15 15 0 0 0 
3 15 15 0 0 0 
4 15 15 0 0 0 
5 15 15 0 0 0 
6 15 15 0 0 0 
7 15 15 0 0 0 
8 15 15 0 0 0 
9 15 15 0 0 0 
10 15 15 0 0 0 
11 15 15 0 0 0 
12 15 15 0 0 0 
13 15 15 0 0 0 
14 15 15 0 0 0 
15 15 15 0 0 0 
0 0 0 0 0 0 
1 0 0 0 0 0 
2 0 0 0 0 0 
3 0 0 0 0 0 
4 0 0 0 0 0 
5 0 0 0 0 0 
6 0 0 0 0 0 
7 0 0 0 0 0 
8 0 0 0 0 0 
9 0 0 0 0 0 
10 0 0 0 0 0 
11 0 0 0 0 0 
12 0 0 0 0 0 
13 0 0 0 0 0 
14 0 0 0 0 0 
15 0 0 0 0 0 
0 1 1 0 0 0 
1 1 1 0 0 0 
2 1 1 0 0 0 
3 1 1 0 0 0 
4 1 1 0 0 0 
5 1 1 0 0 0 
6 1 1 0 0 0 
7 1 1 0 0 0 
8 1 1 0 0 0 
9 1 1 0 0 0 
10 1 1 0 0 0 
11 1 1 0 0 0 
12 1 1 0 0 0 
13 1 1 0 0 0 
14 1 1 0 0 0 
15 1 1 0 0 0 
0 2 2 0 0 0 
1 2 2 0 0 0 
2 2 2 0 0 0 
3 2 2 0 0 0 
4 2 2 0 0 0 
5 2 2 0 0 0 
6 2 2 0 0 0 
7 2 2 0 0 0 
8 2 2 0 0 0 
9 2 2 0 0 0 
10 2 2 0 0 0 
11 2 2 0 0 0 
12 2 2 0 0 0 
13 2 2 0 0 0 
14 2 2 0 0 0 
15 2 2 0 0 0 
0 3 3 0 0 0 
1 3 3 0 0 0 
2 3 3 0 0 0 
3 3 3 0 0 0 
4 3 3 0 0 0 
5 3 3 0 0 0 
6 3 3 0 0 0 
7 3 3 0 0 0 
8 3 3 0 0 0 
9 3 3 0 0 0 
10 3 3 0 0 0 
11 3 3 0 0 0 
12 3 3 0 0 0 
13 3 3 0 0 0 
14 3 3 0 0 0 
15 3 3 0 0 0 
0 4 4 0 0 0 
1 4 4 0 0 0 
2 4 4 0 0 0 
3 4 4 0 0 0 
4 4 4 0 0 0 
5 4 4 0 0 0 
6 4 4 0 0 0 
7 4 4 0 0 0 
8 4 4 0 0 0 
9 4 4 0 0 0 
10 4 4 0 0 0 
11 4 4 0 0 0 
12 4 4 0 0 0 
13 4 4 0 0 0 
14 4 4 0 0 0 
15 4 4 0 0 0 
0 5 5 0 0 0 
1 5 5 0 0 0 
2 5 5 0 0 0 
3 5 5 0 0 0 
4 5 5 0 0 0 
5 5 5 0 0 0 
6 5 5 0 0 0 
7 5 5 0 0 0 
8 5 5 0 0 0 
9 5 5 0 0 0 
10 5 5 0 0 0 
11 5 5 0 0 0 
12 5 5 0 0 0 
13 5 5 0 0 0 
14 5 5 0 0 0 
15 5 5 0 0 0 
0 6 6 0 0 0 
1 6 6 0 0 0 
2 6 6 0 0 0 
3 6 6 0 0 0 
4 6 6 0 0 0 
5 6 6 0 0 0 
6 6 6 0 0 0 
7 6 6 0 0 0 
8 6 6 0 0 0 
9 6 6 0 0 0 
10 6 6 0 0 0 
11 6 6 0 0 0 
12 6 6 0 0 0 
13 6 6 0 0 0 
14 6 6 0 0 0 
15 6 6 0 0 0 
0 7 7 0.0813536 -6.15779e-05 -0.000172608 
1 7 7 0.0823318 -3.3522e-05 -8.99629e-05 
2 7 7 0.0826635 -4.18804e-05 -1.07379e-05 
3 7 7 0.0824925 -7.48662e-05 5.13157e-05 
4 7 7 0.0820033 -0.000116988 9.11297e-05 
5 7 7 0.0813738 -0.000153303 0.00010957 
6 7 7 0.0807389 -0.000166176 0.00010848 
7 7 7 0.0801959 -0.000129701 8.73135e-05 
8 7 7 0.0798807 1.38155e-06 3.49969e-05 
9 7 7 0.0799686 -4.27198e-05 2.2809e-05 
10 7 7 0.0797885 -0.00032513 6.29315e-05 
11 7 7 0.0798341 -0.000167907 -8.34269e-06 
12 7 7 0.0802386 -8.37448e-05 -3.73478e-05 
13 7 7 0.0806924 -4.41171e-05 -4.35512e-05 
14 7 7 0.080824 -3.4106e-05 0.000100819 
15 7 7 0.0784506 -0.000334195 -0.00165811 
0 8 8 0.0865105 -9.38118e-05 -0.000210708 
1 8 8 0.0875284 -4.63153e-05 -0.000109192 
2 8 8 0.0878634 -4.03015e-05 -2.47124e-05 
3 8 8 0.0876707 -6.5825e-05 3.20055e-05 
4 8 8 0.0871471 -0.000106505 6.06973e-05 
5 8 8 0.0864801 -0.000145716 6.79069e-05 
6 8 8 0.0858176 -0.000164441 6.061e-05 
7 8 8 0.0852725 -0.000144799 4.51387e-05 
8 8 8 0.0849541 -9.13801e-05 2.41732e-05 
9 8 8 0.0848962 -0.000118905 -3.06745e-06 
10 8 8 0.0848857 -0.000206745 -3.32705e-05 
11 8 8 0.0850355 -0.00016385 -5.82049e-05 
12 8 8 0.0854129 -0.000107781 -6.88882e-05 
13 8 8 0.0858638 -6.08861e-05 -6.2126e-05 
14 8 8 0.0859728 -1.97034e-05 0.000102751 
15 8 8 0.0834739 0.000248995 -0.00175346 
0 9 9 0 0 0 
1 9 9 0 0 0 
2 9 9 0 0 0 
3 9 9 0 0 0 
4 9 9 0 0 0 
5 9 9 0 0 0 
6 9 9 0 0 0 
7 9 9 0 0 0 
8 9 9 0 0 0 
9 9 9 0 0 0 
10 9 9 0 0 0 
11 9 9 0 0 0 
12 9 9 0 0 0 
13 9 9 0 0 0 
14 9 9 0 0 0 
15 9 9 0 0 0 
0 10 10 0 0 0 
1 10 10 0 0 0 
2 10 10 0 0 0 
3 10 10 0 0 0 
4 10 10 0 0 0 
5 10 10 0 0 0 
6 10 10 0 0 0 
7 10 10 0 0 0 
8 10 10 0 0 0 
9 10 10 0 0 0 
10 10 10 0 0 0 
11 10 10 0 0 0 
12 10 10 0 0 0 
13 10 10 0 0 0 
14 10 10 0 0 0 
15 10 10 0 0 0 
0 11 11 0 0 0 
1 11 11 0 0 0 
2 11 11 0 0 0 
3 11 11 0 0 0 
4 11 11 0 0 0 
5 11 11 0 0 0 
6 11 11 0 0 0 
7 11 11 0 0 0 
8 11 11 0 0 0 
9 11 11 0 0 0 
10 11 11 0 0 0 
11 11 11 0 0 0 
12 11 11 0 0 0 
13 11 11 0 0 0 
14 11 11 0 0 0 
15 11 11 0 0 0 
0 12 12 0 0 0 
1 12 12 0 0 0 
2 12 12 0 0 0 
3 12 12 0 0 0 
4 12 12 0 0 0 
5 12 12 0 0 0 
6 12 12 0 0 0 
7 12 12 0 0 0 
8 12 12 0 0 0 
9 12 12 0 0 0 
10 12 12 0 0 0 
11 12 12 0 0 0 
12 12 12 0 0 0 
13 12 12 0 0 0 
14 12 12 0 0 0 
15 12 12 0 0 0 
0 13 13 0 0 0 
1 13 13 0 0 0 
2 13 13 0 0 0 
3 13 13 0 0 0 
4 13 13 0 0 0 
5 13 13 0 0 0 
6 13 13 0 0 0 
7 13 13 0 0 0 
8 13 13 0 0 0 
9 13 13 0 0 0 
10 13 13 0 0 0 
11 13 13 0 0 0 
12 13 13 0 0 0 
13 13 13 0 0 0 
14 13 13 0 0 0 
15 13 13 0 0 0 
0 14 14 0 0 0 
1 14 14 0 0 0 
2 14 14 0 0 0 
3 14 14 0 0 0 
4 14 14 0 0 0 
5 14 14 0 0 0 
6 14 14 0 0 0 
7 14 14 0 0 0 
8 14 14 0 0 0 
9 14 14 0 0 0 
10 14 14 0 0 0 
11 14 14 0 0 0 
12 14 14 0 0 0 
13 14 14 0 0 0 
14 14 14 0 0 0 
15 14 14 0 0 0 
0 15 15 0 0 0 
1 15 15 0 0 0 
2 15 15 0 0 0 
3 15 15 0 0 0 
4 15 15 0 0 0 
5 15 15 0 0 0 
6 15 15 0 0 0 
7 15 15 0 0 0 
8 15 15 0 0 0 
9 15 15 0 0 0 
10 15 15 0 0 0 
11 15 15 0 0 0 
12 15 15 0 0 0 
13 15 15 0 0 0 
14 15 15 0 0 0 
15 15 15 0 0 0 
0 0 0 0 0 0 
1 0 0 0 0 0 
2 0 0 0 0 0 
3 0 0 0 0 0 
4 0 0 0 0 0 
5 0 0 0 0 0 
6 0 0 0 0 0 
7 0 0 0 0 0 
8 0 0 0 0 0 
9 0 0 0 0 0 
10 0 0 0 0 0 
11 0 0 0 0 0 
12 0 0 0 0 0 
13 0 0 0 0 0 
14 0 0 0 0 0 
15 0 0 0 0 0 
0 1 1 0 0 0 
1 1 1 0 0 0 
2 1 1 0 0 0 
3 1 1 0 0 0 
4 1 1 0 0 0 
5 1 1 0 0 0 
6 1 1 0 0 0 
7 1 1 0 0 0 
8 1 1 0 0 0 
9 1 1 0 0 0 
10 1 1 0 0 0 
11 1 1 0 0 0 
12 1 1 0 0 0 
13 1 1 0 0 0 
14 1 1 0 0 0 
15 1 1 0 0 0 
0 2 2 0 0 0 
1 2 2 0 0 0 
2 2 2 0 0 0 
3 2 2 0 0 0 
4 2 2 0 0 0 
5 2 2 0 0 0 
6 2 2 0 0 0 
7 2 2 0 0 0 
8 2 2 0 0 0 
9 2 2 0 0 0 
10 2 2 0 0 0 
11 2 2 0 0 0 
12 2 2 0 0 0 
13 2 2 0 0 0 
14 2 2 0 0 0 
15 2 2 0 0 0 
0 3 3 0 0 0 
1 3 3 0 0 0 
2 3 3 0 0 0 
3 3 3 0 0 0 
4 3 3 0 0 0 
5 3 3 0 0 0 
6 3 3 0 0 0 
7 3 3 0 0 0 
8 3 3 0 0 0 
9 3 3 0 0 0 
10 3 3 0 0 0 
11 3 3 0 0 0 
12 3 3 0 0 0 
13 3 3 0 0 0 
14 3 3 0 0 0 
15 3 3 0 0 0 
0 4 4 0 0 0 
1 4 4 0 0 0 
2 4 4 0 0 0 
3 4 4 0 0 0 
4 4 4 0 0 0 
5 4 4 0 0 0 
6 4 4 0 0 0 
7 4 4 0 0 0 
8 4 4 0 0 0 
9 4 4 0 0 0 
10 4 4 0 0 0 
11 4 4 0 0 0 
12 4 4 0 0 0 
13 4 4 0 0 0 
14 4 4 0 0 0 
15 4 4 0 0 0 
0 5 5 0.137827 -0.000242875 -0.000295701 
1 5 5 0.139212 -0.000104988 -0.000151346 
2 5 5 0.139558 -3.49691e-05 8.11292e-06 
3 5 5 0.139118 -2.62618e-05 0.00014926 
4 5 5 0.138206 -5.88025e-05 0.000253742 
5 5 5 0.137104 -0.000111281 0.000316356 
6 5 5 0.136025 -0.000170954 0.000343807 
7 5 5 0.135101 -0.000257234 0.000365601 
8 5 5 0.134491 -0.000507468 0.000508464 
9 5 5 0.134797 -0.000472173 0.000518554 
10 5 5 0.134414 0.000356288 -0.000399491 
11 5 5 0.13454 1.31746e-06 -0.000160362 
12 5 5 0.135325 -4.88748e-05 -0.000121497 
13 5 5 0.136129 -3.61379e-05 -0.00012413 
14 5 5 0.136461 0.000136416 9.74905e-05 
15 5 5 0.133546 -0.00134912 -0.00193686 
0 6 6 0.298138 -0.000516974 -0.00112507 
1 6 6 0.300257 -0.00010383 -0.000490447 
2 6 6 0.300376 9.66969e-05 8.75335e-05 
3 6 6 0.299094 0.000102706 0.000526731 
4 6 6 0.297055 -2.24646e-05 0.000800865 
5 6 6 0.294812 -0.000205041 0.000918937 
6 6 6 0.292746 -0.000379753 0.000910303 
7 6 6 0.29101 -0.000500863 0.000844359 
8 6 6 0.28907 -0.000382735 0.0013268 
9 6 6 0.293053 0.000728711 0.00336874 
10 6 6 0.289926 -0.00178459 -0.00318965 
11 6 6 0.290487 -0.000591164 -0.000808851 
12 6 6 0.292689 -0.000330245 -0.000471738 
13 6 6 0.294537 -0.000206971 -0.000460629 
14 6 6 0.295586 0.000205045 0.000256472 
15 6 6 0.29407 -0.00144371 -0.0033117 
0 7 7 0.490388 -0.000440109 -0.00237911 
1 7 7 0.492844 0.000114682 -0.000832525 
2 7 7 0.492523 0.000336697 0.000406355 
3 7 7 0.490358 0.000248135 0.00121904 
4 7 7 0.48729 -4.68416e-05 0.00161751 
5 7 7 0.484096 -0.00041764 0.00167508 
6 7 7 0.481309 -0.000728107 0.00147972 
7 7 7 0.479233 -0.000820607 0.00111735 
8 7 7 0.478082 -0.000311109 0.000761842 
9 7 7 0.47917 2.83433e-05 0.000515065 
10 7 7 0.479701 -0.00213566 -0.000772627 
11 7 7 0.480641 -0.00121432 -0.001039 
12 7 7 0.483162 -0.00069699 -0.00110337 
13 7 7 0.485745 -0.000421941 -0.00103087 
14 7 7 0.48758 -1.92424e-05 0.000301162 
15 7 7 0.488649 -0.000751049 -0.00468657 
0 8 8 0.515841 0.000174965 -0.00264678 
1 8 8 0.518315 0.000332391 -0.000847235 
2 8 8 0.517968 0.000266871 0.000496398 
3 8 8 0.515783 1.0021e-05 0.0012827 
4 8 8 0.512723 -0.00035378 0.00157043 
5 8 8 0.509567 -0.000722409 0.00148583 
6 8 8 0.506863 -0.00098674 0.00116181 
7 8 8 0.504985 -0.00105291 0.000707029 
8 8 8 0.504233 -0.000901432 0.000195999 
9 8 8 0.504716 -0.000829826 -0.000342443 
10 8 8 0.505842 -0.000927033 -0.000870727 
11 8 8 0.507561 -0.000706601 -0.00123758 
12 8 8 0.509913 -0.000440519 -0.00137483 
13 8 8 0.512351 -0.000215161 -0.00120205 
14 8 8 0.514042 -0.000122861 0.000314351 
15 8 8 0.515235 0.000582925 -0.0047892 
0 9 9 0.343021 0.000492909 -0.00142041 
1 9 9 0.345194 0.000302189 -0.000492539 
2 9 9 0.345262 3.42159e-05 0.000176625 
3 9 9 0.343917 -0.000259133 0.000539796 
4 9 9 0.341855 -0.000527785 0.00063833 
5 9 9 0.339652 -0.000733344 0.000551665 
6 9 9 0.337724 -0.000835144 0.000360704 
7 9 9 0.336352 -0.000816368 0.000126822 
8 9 9 0.335707 -0.000699447 -0.000114264 
9 9 9 0.335833 -0.000555626 -0.00035042 
10 9 9 0.336615 -0.000401047 -0.000559052 
11 9 9 0.337933 -0.000215352 -0.000699057 
12 9 9 0.339615 -5.1063e-05 -0.000740882 
13 9 9 0.34135 4.44649e-05 -0.000628145 
14 9 9 0.342399 -0.000220692 0.000264738 
15 9 9 0.341255 0.0014685 -0.00364404 
0 10 10 0.152729 0.00025082 -0.000414737 
1 10 10 0.154195 0.000129205 -0.000184391 
2 10 10 0.154545 -1.36525e-05 -2.25094e-05 
3 10 10 0.154088 -0.000148417 5.99361e-05 
4 10 10 0.15317 -0.000254173 7.55724e-05 
5 10 10 0.152094 -0.000323372 4.87928e-05 
6 10 10 0.15109 -0.000347151 2.04172e-06 
7 10 10 0.150313 -0.000327821 -4.85418e-05 
8 10 10 0.149853 -0.000275736 -9.54858e-05 
9 10 10 0.14975 -0.000208629 -0.000136932 
10 10 10 0.149991 -0.000132693 -0.000169968 
11 10 10 0.15053 -5.43267e-05 -0.000189244 
12 10 10 0.151284 9.41232e-06 -0.000190662 
13 10 10 0.152098 3.31221e-05 -0.000162411 
14 10 10 0.152407 -0.000185224 0.000119696 
15 10 10 0.149687 0.00143528 -0.00204222 
0 11 11 0 0 0 
1 11 11 0 0 0 
2 11 11 0 0 0 
3 11 11 0 0 0 
4 11 11 0 0 0 
5 11 11 0 0 0 
6 11 11 0 0 0 
7 11 11 0 0 0 
8 11 11 0 0 0 
9 11 11 0 0 0 
10 11 11 0 0 0 
11 11 11 0 0 0 
12 11 11 0 0 0 
13 11 11 0 0 0 
14 11 11 0 0 0 
15 11 11 0 0 0 
0 12 12 0 0 0 
1 12 12 0 0 0 
2 12 12 0 0 0 
3 12 12 0 0 0 
4 12 12 0 0 0 
5 12 12 0 0 0 
6 12 12 0 0 0 
7 12 12 0 0 0 
8 12 12 0 0 0 
9 12 12 0 0 0 
10 12 12 0 0 0 
11 12 12 0 0 0 
12 12 12 0 0 0 
13 12 12 0 0 0 
14 12 12 0 0 0 
15 12 12 0 0 0 
0 13 13 0 0 0 
1 13 13 0 0 0 
2 13 13 0 0 0 
3 13 13 0 0 0 
4 13 13 0 0 0 
5 13 13 0 0 0 
6 13 13 0 0 0 
7 13 13 0 0 0 
8 13 13 0 0 0 
9 13 13 0 0 0 
10 13 13 0 0 0 
11 13 13 0 0 0 
12 13 13 0 0 0 
13 13 13 0 0 0 
14 13 13 0 0 0 
15 13 13 0 0 0 
0 14 14 0 0 0 
1 14 14 0 0 0 
2 14 14 0 0 0 
3 14 14 0 0 0 
4 14 14 0 0 0 
5 14 14 0 0 0 
6 14 14 0 0 0 
7 14 14 0 0 0 
8 14 14 0 0 0 
9 14 14 0 0 0 
10 14 14 0 0 0 
11 14 14 0 0 0 
12 14 14 0 0 0 
13 14 14 0 0 0 
14 14 14 0 0 0 
15 14 14 0 0 0 
0 15 15 0 0 0 
1 15 15 0 0 0 
2 15 15 0 0 0 
3 15 15 0 0 0 
4 15 15 0 0 0 
5 15 15 0 0 0 
6 15 15 0 0 0 
7 15 15 0 0 0 
8 15 15 0 0 0 
9 15 15 0 0 0 
10 15 15 0 0 0 
11 15 15 0 0 0 
12 15 15 0 0 0 
13 15 15 0 0 0 
14 15 15 0 0 0 
15 15 15 0 0 0 
0 0 0 0 0 0 
1 0 0 0 0 0 
2 0 0 0 0 0 
3 0 0 0 0 0 
4 0 0 0 0 0 
5 0 0 0 0 0 
6 0 0 0 0 0 
7 0 0 0 0 0 
8 0 0 0 0 0 
9 0 0 0 0 0 
10 0 0 0 0 0 
11 0 0 0 0 0 
12 0 0 0 0 0 
13 0 0 0 0 0 
14 0 0 0 0 0 
15 0 0 0 0 0 
0 1 1 0 0 0 
1 1 1 0 0 0 
2 1 1 0 0 0 
3 1 1 0 0 0 
4 1 1 0 0 0 
5 1 1 0 0 0 
6 1 1 0 0 0 
7 1 1 0 0 0 
8 1 1 0 0 0 
9 1 1 0 0 0 
10 1 1 0 0 0 
11 1 1 0 0 0 
12 1 1 0 0 0 
13 1 1 0 0 0 
14 1 1 0 0 0 
15 1 1 0 0 0 
0 2 2 0 0 0 
1 2 2 0 0 0 
2 2 2 0 0 0 
3 2 2 0 0 0 
4 2 2 0 0 0 
5 2 2 0 0 0 
6 2 2 0 0 0 
7 2 2 0 0 0 
8 2 2 0 0 0 
9 2 2 0 0 0 
10 2 2 0 0 0 
11 2 2 0 0 0 
12 2 2 0 0 0 
13 2 2 0 0 0 
14 2 2 0 0 0 
15 2 2 0 0 0 
0 3 3 0 0 0 
1 3 3 0 0 0 
2 3 3 0 0 0 
3 3 3 0 0 0 
4 3 3 0 0 0 
5 3 3 0 0 0 
6 3 3 0 0 0 
7 3 3 0 0 0 
8 3 3 0 0 0 
9 3 3 0 0 0 
10 3 3 0 0 0 
11 3 3 0 0 0 
12 3 3 0 0 0 
13 3 3 0 0 0 
14 3 3 0 0 0 
15 3 3 0 0 0 
0 4 4 0.131748 -0.000276296 -0.000218343 
1 4 4 0.133021 -0.0001227 -0.000117542 
2 4 4 0.13332 -1.59614e-05 1.12986e-05 
3 4 4 0.132882 3.90706e-05 0.000134528 
4 4 4 0.132002 5.18449e-05 0.000230947 
5 4 4 0.130945 3.50239e-05 0.000293876 
6 4 4 0.129923 -3.82782e-07 0.00032549 
7 4 4 0.129095 -4.9716e-05 0.000334204 
8 4 4 0.128594 -9.83879e-05 0.000312519 
9 4 4 0.128444 -9.12551e-05 0.000201143 
10 4 4 0.128489 -4.56552e-05 3.40983e-05 
11 4 4 0.128778 -4.73111e-05 -6.0657e-05 
12 4 4 0.129327 -5.40215e-05 -0.00011212 
13 4 4 0.129965 -4.60686e-05 -0.00011959 
14 4 4 0.130161 0.000160681 6.30409e-05 
15 4 4 0.127207 -0.00187737 -0.0012612 
0 5 5 0.449614 -0.00129608 -0.00155111 
1 5 5 0.451742 -0.000215065 -0.000699696 
2 5 5 0.451237 0.000497853 0.00012372 
3 5 5 0.448964 0.000818263 0.000788383 
4 5 5 0.445823 0.000821198 0.00123715 
5 5 5 0.442559 0.000614501 0.00146859 
6 5 5 0.4397 0.000290367 0.00151311 
7 5 5 0.437602 -0.000107795 0.00143769 
8 5 5 0.436594 -0.000574592 0.00133314 
9 5 5 0.436977 -0.000745669 0.000881821 
10 5 5 0.437603 -0.000473449 -0.00015529 
11 5 5 0.438765 -0.000602952 -0.000526129 
12 5 5 0.440808 -0.000601047 -0.000740602 
13 5 5 0.442967 -0.000449278 -0.000780985 
14 5 5 0.444328 0.000461194 6.94134e-05 
15 5 5 0.444315 -0.00294013 -0.0030552 
0 6 6 0.91305 -0.00256955 -0.00482331 
1 6 6 0.915531 0.000218124 -0.00163212 
2 6 6 0.914568 0.00214901 0.000898053 
3 6 6 0.911354 0.00304429 0.00256236 
4 6 6 0.907125 0.00304241 0.00342176 
5 6 6 0.902851 0.00242018 0.00363419 
6 6 6 0.899166 0.00145994 0.00336485 
7 6 6 0.896417 0.000383022 0.00279675 
8 6 6 0.894854 -0.000656235 0.00229474 
9 6 6 0.895459 -0.00139782 0.00144339 
10 6 6 0.896351 -0.00187742 -0.00136192 
11 6 6 0.897378 -0.00216141 -0.00209346 
12 6 6 0.900027 -0.002007 -0.00241426 
13 6 6 0.903094 -0.00152516 -0.00246788 
14 6 6 0.906233 -0.000222811 -0.00104127 
15 6 6 0.912489 -0.00299218 -0.00567168 
0 7 7 1.19727 -0.00157202 -0.00841551 
1 7 7 1.20051 0.000712708 -0.00239023 
2 7 7 1.20107 0.00252682 0.00210994 
3 7 7 1.19965 0.00349432 0.00472605 
4 7 7 1.19721 0.00358378 0.00572197 
5 7 7 1.19448 0.00298198 0.00555158 
6 7 7 1.19192 0.00197038 0.00462149 
7 7 7 1.18981 0.000851327 0.00324771 
8 7 7 1.18837 -8.50458e-05 0.00172004 
9 7 7 1.18807 -0.000949671 -4.54099e-05 
10 7 7 1.18809 -0.00201973 -0.00236043 
11 7 7 1.18828 -0.00220966 -0.00373741 
12 7 7 1.18955 -0.00198557 -0.00436652 
13 7 7 1.19154 -0.0015418 -0.00429549 
14 7 7 1.19441 -0.000691304 -0.00278594 
15 7 7 1.20055 -0.00145288 -0.00770817 
0 8 8 1.21794 0.00188567 -0.00905929 
1 8 8 1.22147 0.00162009 -0.00231531 
2 8 8 1.2225 0.00157626 0.00267431 
3 8 8 1.22175 0.0015311 0.0054607 
4 8 8 1.22011 0.0013214 0.00633754 
5 8 8 1.21823 0.000914027 0.00585139 
6 8 8 1.21648 0.00039542 0.00451292 
7 8 8 1.21507 -8.79482e-05 0.00270994 
8 8 8 1.21415 -0.000418355 0.000717005 
9 8 8 1.21384 -0.000636391 -0.00130622 
10 8 8 1.21395 -0.000732641 -0.0031715 
11 8 8 1.21453 -0.000499533 -0.00451363 
12 8 8 1.21574 -0.000139843 -0.0051319 
13 8 8 1.21746 0.000160715 -0.00483544 
14 8 8 1.22009 0.000309892 -0.00309037 
15 8 8 1.22595 0.00153566 -0.00783667 
0 9 9 0.973251 0.00356621 -0.0056664 
1 9 9 0.976514 0.00174228 -0.00116044 
2 9 9 0.976606 0.0003657 0.00205035 
3 9 9 0.974745 -0.000549177 0.00373079 
4 9 9 0.972066 -0.00109886 0.00410237 
5 9 9 0.969375 -0.00137909 0.00355187 
6 9 9 0.967151 -0.00142854 0.0024538 
7 9 9 0.965665 -0.00125686 0.00109902 
8 9 9 0.965069 -0.000888343 -0.000306351 
9 9 9 0.96541 -0.000388844 -0.00161895 
10 9 9 0.966621 0.000188469 -0.00270263 
11 9 9 0.968593 0.000782779 -0.00341413 
12 9 9 0.971138 0.00123669 -0.00363759 
13 9 9 0.973932 0.00135113 -0.00320032 
14 9 9 0.977002 0.000635353 -0.00135911 
15 9 9 0.983528 0.00353169 -0.00590719 
0 10 10 0.541481 0.00209917 -0.00205867 
1 10 10 0.544289 0.000907865 -0.00053252 
2 10 10 0.544195 -8.17894e-05 0.00050808 
3 10 10 0.542252 -0.000778385 0.00100888 
4 10 10 0.539458 -0.00117865 0.00106371 
5 10 10 0.536592 -0.00132591 0.000820374 
6 10 10 0.534191 -0.00126007 0.000422469 
7 10 10 0.532584 -0.00102443 -2.41696e-05 
8 10 10 0.53195 -0.000668319 -0.000451596 
9 10 10 0.53234 -0.000251107 -0.000819772 
10 10 10 0.533684 0.000175742 -0.00109644 
11 10 10 0.5358 0.000552965 -0.00125243 
12 10 10 0.538396 0.000799515 -0.00126148 
13 10 10 0.541022 0.00079079 -0.00104238 
14 10 10 0.542849 -0.000236869 0.000169087 
15 10 10 0.544607 0.00336296 -0.0034732 
0 11 11 0.162092 0.000396392 -0.000370573 
1 11 11 0.16364 0.000189385 -0.000163566 
2 11 11 0.164008 -3.64455e-07 -2.68803e-05 
3 11 11 0.163529 -0.000145107 3.39235e-05 
4 11 11 0.162571 -0.000234307 3.51138e-05 
5 11 11 0.161455 -0.000274514 2.27355e-07 
6 11 11 0.160422 -0.000270468 -4.84026e-05 
7 11 11 0.15963 -0.000231978 -9.60836e-05 
8 11 11 0.15917 -0.000169022 -0.000135852 
9 11 11 0.159086 -9.43235e-05 -0.000165061 
10 11 11 0.159374 -1.55659e-05 -0.00018302 
11 11 11 0.159984 5.67378e-05 -0.000188328 
12 11 11 0.16082 0.000107012 -0.000179984 
13 11 11 0.16171 0.000114068 -0.000143999 
14 11 11 0.162074 -0.000166422 0.00012768 
15 11 11 0.159376 0.0020714 -0.00155562 
0 12 12 0 0 0 
1 12 12 0 0 0 
2 12 12 0 0 0 
3 12 12 0 0 0 
4 12 12 0 0 0 
5 12 12 0 0 0 
6 12 12 0 0 0 
7 12 12 0 0 0 
8 12 12 0 0 0 
9 12 12 0 0 0 
10 12 12 0 0 0 
11 12 12 0 0 0 
12 12 12 0 0 0 
13 12 12 0 0 0 
14 12 12 0 0 0 
15 12 12 0 0 0 
0 13 13 0 0 0 
1 13 13 0 0 0 
2 13 13 0 0 0 
3 13 13 0 0 0 
4 13 13 0 0 0 
5 13 13 0 0 0 
6 13 13 0 0 0 
7 13 13 0 0 0 
8 13 13 0 0 0 
9 13 13 0 0 0 
10 13 13 0 0 0 
11 13 13 0 0 0 
12 13 13 0 0 0 
13 13 13 0 0 0 
14 13 13 0 0 0 
15 13 13 0 0 0 
0 14 14 0 0 0 
1 14 14 0 0 0 
2 14 14 0 0 0 
3 14 14 0 0 0 
4 14 14 0 0 0 
5 14 14 0 0 0 
6 14 14 0 0 0 
7 14 14 0 0 0 
8 14 14 0 0 0 
9 14 14 0 0 0 
10 14 14 0 0 0 
11 14 14 0 0 0 
12 14 14 0 0 0 
13 14 14 0 0 0 
14 14 14 0 0 0 
15 14 14 0 0 0 
0 15 15 0 0 0 
1 15 15 0 0 0 
2 15 15 0 0 0 
3 15 15 0 0 0 
4 15 15 0 0 0 
5 15 15 0 0 0 
6 15 15 0 0 0 
7 15 15 0 0 0 
8 15 15 0 0 0 
9 15 15 0 0 0 
10 15 15 0 0 0 
11 15 15 0 0 0 
12 15 15 0 0 0 
13 15 15 0 0 0 
14 15 15 0 0 0 
15 15 15 0 0 0 
0 0 0 0 0 0 
1 0 0 0 0 0 
2 0 0 0 0 0 
3 0 0 0 0 0 
4 0 0 0 0 0 
5 0 0 0 0 0 
6 0 0 0 0 0 
7 0 0 0 0 0 
8 0 0 0 0 0 
9 0 0 0 0 0 
10 0 0 0 0 0 
11 0 0 0 0 0 
12 0 0 0 0 0 
13 0 0 0 0 0 
14 0 0 0 0 0 
15 0 0 0 0 0 
0 1 1 0 0 0 
1 1 1 0 0 0 
2 1 1 0 0 0 
3 1 1 0 0 0 
4 1 1 0 0 0 
5 1 1 0 0 0 
6 1 1 0 0 0 
7 1 1 0 0 0 
8 1 1 0 0 0 
9 1 1 0 0 0 
10 1 1 0 0 0 
11 1 1 0 0 0 
12 1 1 0 0 0 
13 1 1 0 0 0 
14 1 1 0 0 0 
15 1 1 0 0 0 
0 2 2 0 0 0 
1 2 2 0 0 0 
2 2 2 0 0 0 
3 2 2 0 0 0 
4 2 2 0 0 0 
5 2 2 0 0 0 
6 2 2 0 0 0 
7 2 2 0 0 0 
8 2 2 0 0 0 
9 2 2 0 0 0 
10 2 2 0 0 0 
11 2 2 0 0 0 
12 2 2 0 0 0 
13 2 2 0 0 0 
14 2 2 0 0 0 
15 2 2 0 0 0 
0 3 3 0 0 0 
1 3 3 0 0 0 
2 3 3 0 0 0 
3 3 3 0 0 0 
4 3 3 0 0 0 
5 3 3 0 0 0 
6 3 3 0 0 0 
7 3 3 0 0 0 
8 3 3 0 0 0 
9 3 3 0 0 0 
10 3 3 0 0 0 
11 3 3 0 0 0 
12 3 3 0 0 0 
13 3 3 0 0 0 
14 3 3 0 0 0 
15 3 3 0 0 0 
0 4 4 0.286757 -0.000959143 -0.000495451 
1 4 4 0.288498 -0.000317757 -0.00026651 
2 4 4 0.288359 0.000170739 9.1455e-06 
3 4 4 0.286918 0.000463438 0.000267495 
4 4 4 0.284803 0.00057691 0.000466312 
5 4 4 0.282538 0.000554026 0.000591662 
6 4 4 0.280514 0.000439029 0.000642086 
7 4 4 0.278997 0.000268481 0.000623145 
8 4 4 0.278163 7.86921e-05 0.000530557 
9 4 4 0.278036 -8.53122e-05 0.000344021 
10 4 4 0.278508 -0.000213856 0.000101018 
11 4 4 0.279475 -0.000315903 -0.000107076 
12 4 4 0.280787 -0.000365386 -0.000249577 
13 4 4 0.282152 -0.000313761 -0.000286556 
14 4 4 0.282792 0.000385687 4.92053e-05 
15 4 4 0.280705 -0.00316902 -0.00135105 
0 5 5 0.893835 -0.0041436 -0.0028025 
1 5 5 0.895652 -0.000414418 -0.00114965 
2 5 5 0.893971 0.00233061 0.000275399 
3 5 5 0.89008 0.00385033 0.0013349 
4 5 5 0.88528 0.00428233 0.00200869 
5 5 5 0.880576 0.00391256 0.00233437 
6 5 5 0.876632 0.00302121 0.00235751 
7 5 5 0.873854 0.00183346 0.00212595 
8 5 5 0.872485 0.000537853 0.00166791 
9 5 5 0.872548 -0.000657454 0.000939677 
10 5 5 0.873702 -0.00162157 2.48953e-05 
11 5 5 0.875706 -0.00230665 -0.000748219 
12 5 5 0.878321 -0.0025427 -0.0013055 
13 5 5 0.881045 -0.00217226 -0.00149998 
14 5 5 0.883663 -0.000380281 -0.000684387 
15 5 5 0.889347 -0.00501885 -0.00334388 
0 6 6 1.45148 -0.00742325 -0.00774975 
1 6 6 1.45366 -0.00118768 -0.00268941 
2 6 6 1.45513 0.00394187 0.00117013 
3 6 6 1.45542 0.00710849 0.00345176 
4 6 6 1.45475 0.00832596 0.00441364 
5 6 6 1.45346 0.00801153 0.00448459 
6 6 6 1.45181 0.00664153 0.00399943 
7 6 6 1.45001 0.0046294 0.00315966 
8 6 6 1.44825 0.00232222 0.00206618 
9 6 6 1.44667 2.67908e-05 0.000661196 
10 6 6 1.44512 -0.0020061 -0.000970105 
11 6 6 1.44371 -0.00354328 -0.00228828 
12 6 6 1.44283 -0.00432012 -0.00318154 
13 6 6 1.4426 -0.00415623 -0.00353959 
14 6 6 1.44358 -0.0029554 -0.00304254 
15 6 6 1.44698 -0.00566886 -0.00612939 
0 7 7 1.75576 -0.00387149 -0.0144498 
1 7 7 1.75255 -0.000655662 -0.00593361 
2 7 7 1.75463 0.00271189 0.00117303 
3 7 7 1.75948 0.00532468 0.00553334 
4 7 7 1.76514 0.00681642 0.0073021 
5 7 7 1.77036 0.00719472 0.00726763 
6 7 7 1.77439 0.00663918 0.00616499 
7 7 7 1.7768 0.00539622 0.00447658 
8 7 7 1.77746 0.00373092 0.00246922 
9 7 7 1.77636 0.0018716 0.000231041 
10 7 7 1.77353 6.65376e-05 -0.00207491 
11 7 7 1.7693 -0.00136487 -0.00401034 
12 7 7 1.7644 -0.00225498 -0.00534214 
13 7 7 1.75964 -0.0025231 -0.00590406 
14 7 7 1.756 -0.00217943 -0.00562855 
15 7 7 1.75395 -0.00282382 -0.00829763 
0 8 8 1.77223 0.0060581 -0.0156314 
1 8 8 1.76875 0.00332192 -0.00650498 
2 8 8 1.7711 0.00166412 0.001334 
3 8 8 1.77678 0.00117389 0.00629295 
4 8 8 1.78372 0.00143256 0.00837977 
5 8 8 1.79053 0.00192135 0.00835276 
6 8 8 1.79625 0.00229951 0.00699656 
7 8 8 1.80027 0.00244416 0.00488068 
8 8 8 1.80226 0.00237429 0.00237534 
9 8 8 1.80208 0.00215971 -0.000273057 
10 8 8 1.79978 0.00191673 -0.00281323 
11 8 8 1.79574 0.00177634 -0.00492443 
12 8 8 1.79065 0.00173618 -0.00632999 
13 8 8 1.78543 0.00171348 -0.00680007 
14 8 8 1.78119 0.00169482 -0.00633183 
15 8 8 1.77849 0.00268073 -0.00870361 
0 9 9 1.50615 0.0100566 -0.00981965 
1 9 9 1.50922 0.00417378 -0.00302957 
2 9 9 1.51264 -1.25665e-05 0.00233086 
3 9 9 1.51583 -0.00216939 0.00547062 
4 9 9 1.5187 -0.00274696 0.00654665 
5 9 9 1.5212 -0.0023849 0.00610933 
6 9 9 1.52316 -0.00155822 0.00471726 
7 9 9 1.5244 -0.000529373 0.00280717 
8 9 9 1.52481 0.00057411 0.000695662 
9 9 9 1.52437 0.00167733 -0.00137932 
10 9 9 1.5232 0.00272221 -0.00320224 
11 9 9 1.52159 0.00362397 -0.00455987 
12 9 9 1.51995 0.00421665 -0.00526169 
13 9 9 1.51881 0.00427152 -0.00512911 
14 9 9 1.51898 0.0036447 -0.00408848 
15 9 9 1.52149 0.0064742 -0.00661776 
0 10 10 0.990489 0.00616325 -0.00355521 
1 10 10 0.994131 0.00210774 -0.000601877 
2 10 10 0.994711 -0.000793987 0.00146291 
3 10 10 0.993419 -0.00241124 0.00248659 
4 10 10 0.991348 -0.00296846 0.00262787 
5 10 10 0.989246 -0.00278858 0.00215996 
6 10 10 0.987543 -0.00213881 0.00134843 
7 10 10 0.986461 -0.00120654 0.00040042 
8 10 10 0.986116 -0.000130273 -0.000539849 
9 10 10 0.986567 0.000971067 -0.00137138 
10 10 10 0.987812 0.00198368 -0.00201282 
11 10 10 0.98978 0.00278068 -0.00239455 
12 10 10 0.992307 0.00320297 -0.0024596 
13 10 10 0.99513 0.00301004 -0.00210816 
14 10 10 0.998325 0.0014406 -0.000908537 
15 10 10 1.00508 0.00604858 -0.00367028 
0 11 11 0.357357 0.00154264 -0.000674346 
1 11 11 0.359774 0.000617707 -0.000216202 
2 11 11 0.360006 -0.0001085 8.27631e-05 
3 11 11 0.358781 -0.000571481 0.0002127 
4 11 11 0.356826 -0.000784214 0.000209535 
5 11 11 0.354726 -0.000802467 0.000123262 
6 11 11 0.352909 -0.000681594 1.15924e-06 
7 11 11 0.351636 -0.000469219 -0.000124725 
8 11 11 0.351057 -0.000205617 -0.000236435 
9 11 11 0.351228 7.17752e-05 -0.000325656 
10 11 11 0.35212 0.000332618 -0.000385476 
11 11 11 0.353609 0.000543282 -0.000411522 
12 11 11 0.355482 0.000660114 -0.000399237 
13 11 11 0.357405 0.000604545 -0.000321832 
14 11 11 0.358569 -0.000316085 0.000121608 
15 11 11 0.357815 0.00361803 -0.0017354 
0 12 12 0.0439093 8.96465e-05 -1.35492e-05 
1 12 12 0.0444684 4.76712e-05 -1.02153e-05 
2 12 12 0.0446794 1.0219e-05 -9.10715e-06 
3 12 12 0.0446207 -1.71347e-05 -9.83057e-06 
4 12 12 0.0443933 -3.27343e-05 -1.15151e-05 
5 12 12 0.0440896 -3.86817e-05 -1.30238e-05 
6 12 12 0.0437859 -3.73417e-05 -1.36989e-05 
7 12 12 0.0435303 -3.07352e-05 -1.36951e-05 
8 12 12 0.0433548 -2.07244e-05 -1.30723e-05 
9 12 12 0.0432771 -9.49596e-06 -1.19937e-05 
10 12 12 0.0432983 2.30748e-06 -1.05564e-05 
11 12 12 0.0434252 1.37654e-05 -9.02095e-06 
12 12 12 0.0436226 2.14226e-05 -7.31278e-06 
13 12 12 0.0438521 2.23232e-05 -5.29364e-06 
14 12 12 0.0439106 -4.70486e-05 2.13894e-06 
15 12 12 0.0424139 0.000915273 -0.000499923 
0 13 13 0 0 0 
1 13 13 0 0 0 
2 13 13 0 0 0 
3 13 13 0 0 0 
4 13 13 0 0 0 
5 13 13 0 0 0 
6 13 13 0 0 0 
7 13 13 0 0 0 
8 13 13 0 0 0 
9 13 13 0 0 0 
10 13 13 0 0 0 
11 13 13 0 0 0 
12 13 13 0 0 0 
13 13 13 0 0 0 
14 13 13 0 0 0 
15 13 13 0 0 0 
0 14 14 0 0 0 
1 14 14 0 0 0 
2 14 14 0 0 0 
3 14 14 0 0 0 
4 14 14 0 0 0 
5 14 14 0 0 0 
6 14 14 0 0 0 
7 14 14 0 0 0 
8 14 14 0 0 0 
9 14 14 0 0 0 
10 14 14 0 0 0 
11 14 14 0 0 0 
12 14 14 0 0 0 
13 14 14 0 0 0 
14 14 14 0 0 0 
15 14 14 0 0 0 
0 15 15 0 0 0 
1 15 15 0 0 0 
2 15 15 0 0 0 
3 15 15 0 0 0 
4 15 15 0 0 0 
5 15 15 0 0 0 
6 15 15 0 0 0 
7 15 15 0 0 0 
8 15 15 0 0 0 
9 15 15 0 0 0 
10 15 15 0 0 0 
11 15 15 0 0 0 
12 15 15 0 0 0 
13 15 15 0 0 0 
14 15 15 0 0 0 
15 15 15 0 0 0 
0 0 0 0 0 0 
1 0 0 0 0 0 
2 0 0 0 0 0 
3 0 0 0 0 0 
4 0 0 0 0 0 
5 0 0 0 0 0 
6 0 0 0 0 0 
7 0 0 0 0 0 
8 0 0 0 0 0 
9 0 0 0 0 0 
10 0 0 0 0 0 
11 0 0 0 0 0 
12 0 0 0 0 0 
13 0 0 0 0 0 
14 0 0 0 0 0 
15 0 0 0 0 0 
0 1 1 0 0 0 
1 1 1 0 0 0 
2 1 1 0 0 0 
3 1 1 0 0 0 
4 1 1 0 0 0 
5 1 1 0 0 0 
6 1 1 0 0 0 
7 1 1 0 0 0 
8 1 1 0 0 0 
9 1 1 0 0 0 
10 1 1 0 0 0 
11 1 1 0 0 0 
12 1 1 0 0 0 
13 1 1 0 0 0 
14 1 1 0 0 0 
15 1 1 0 0 0 
0 2 2 0 0 0 
1 2 2 0 0 0 
2 2 2 0 0 0 
3 2 2 0 0 0 
4 2 2 0 0 0 
5 2 2 0 0 0 
6 2 2 0 0 0 
7 2 2 0 0 0 
8 2 2 0 0 0 
9 2 2 0 0 0 
10 2 2 0 0 0 
11 2 2 0 0 0 
12 2 2 0 0 0 
13 2 2 0 0 0 
14 2 2 0 0 0 
15 2 2 0 0 0 
0 3 3 0.034029 -8.28968e-05 6.19384e-06 
1 3 3 0.0345068 -5.35701e-05 2.65041e-06 
2 3 3 0.0347273 -2.36651e-05 1.57724e-06 
3 3 3 0.0347278 6.74696e-07 2.43697e-06 
4 3 3 0.034578 1.74438e-05 3.9186e-06 
5 3 3 0.0343459 2.61994e-05 6.0717e-06 
6 3 3 0.0340896 2.88059e-05 8.08488e-06 
7 3 3 0.0338511 2.66592e-05 8.73327e-06 
8 3 3 0.0336622 2.19736e-05 7.1194e-06 
9 3 3 0.033539 1.52077e-05 3.25017e-06 
10 3 3 0.0334909 7.03694e-06 -1.40768e-06 
11 3 3 0.0335191 -1.91248e-06 -4.77271e-06 
12 3 3 0.0336145 -9.95401e-06 -6.49719e-06 
13 3 3 0.03375 -1.36527e-05 -7.3577e-06 
14 3 3 0.0337605 5.59559e-05 -1.8424e-05 
15 3 3 0.0325718 -0.000901459 -7.98714e-05 
0 4 4 0.427695 -0.0018346 -0.000354603 
1 4 4 0.429497 -0.00054708 -0.000213457 
2 4 4 0.428771 0.000474723 -3.14364e-05 
3 4 4 0.426383 0.00112361 0.000152007 
4 4 4 0.423228 0.00141232 0.000302125 
5 4 4 0.420018 0.00141306 0.000406661 
6 4 4 0.417261 0.00120736 0.000456242 
7 4 4 0.415276 0.000866706 0.000445336 
8 4 4 0.414243 0.000454905 0.00037095 
9 4 4 0.414185 2.90954e-05 0.000237325 
10 4 4 0.415004 -0.000361931 6.80951e-05 
11 4 4 0.416514 -0.000669435 -9.19446e-05 
12 4 4 0.41844 -0.000835238 -0.00021489 
13 4 4 0.42038 -0.000752555 -0.000266189 
14 4 4 0.421543 0.000460372 -0.000100258 
15 4 4 0.421518 -0.00433809 -0.000521913 
0 5 5 1.15259 -0.00695041 -0.00148096 
1 5 5 1.15471 -0.00107715 -0.000633953 
2 5 5 1.1537 0.00345328 4.80594e-05 
3 5 5 1.15045 0.00614168 0.000534394 
4 5 5 1.14614 0.00714459 0.00084816 
5 5 5 1.14174 0.0068695 0.00102492 
6 5 5 1.13787 0.00571627 0.00108297 
7 5 5 1.13492 0.00401165 0.00102121 
8 5 5 1.13306 0.00202552 0.000825161 
9 5 5 1.13233 2.48647e-06 0.000496629 
10 5 5 1.13261 -0.0018293 8.45229e-05 
11 5 5 1.13372 -0.00324575 -0.000312753 
12 5 5 1.13546 -0.00400118 -0.000636484 
13 5 5 1.13752 -0.00380131 -0.000813234 
14 5 5 1.14012 -0.00199643 -0.000642211 
15 5 5 1.14596 -0.00695157 -0.00163819 
0 6 6 1.73747 -0.0122611 -0.0043969 
1 6 6 1.73442 -0.00388423 -0.00181089 
2 6 6 1.73605 0.00359112 0.000255011 
3 6 6 1.73985 0.00857014 0.00146763 
4 6 6 1.74401 0.0109172 0.00194138 
5 6 6 1.7475 0.0111982 0.00195057 
6 6 6 1.74979 0.0100344 0.00171593 
7 6 6 1.75066 0.00790595 0.00135067 
8 6 6 1.75011 0.00519048 0.000883094 
9 6 6 1.7482 0.00221447 0.000303604 
10 6 6 1.74506 -0.000697746 -0.000343143 
11 6 6 1.74101 -0.0032084 -0.000940315 
12 6 6 1.73654 -0.00495923 -0.00140769 
13 6 6 1.73231 -0.00561895 -0.00168069 
14 6 6 1.72921 -0.0051432 -0.0017106 
15 6 6 1.72767 -0.00776738 -0.00274118 
0 7 7 2.05543 -0.00556499 -0.00801604 
1 7 7 2.03436 -0.00211483 -0.00418292 
2 7 7 2.02783 0.00187114 -0.000485973 
3 7 7 2.03271 0.00511429 0.00203142 
4 7 7 2.04397 0.0071519 0.00319315 
5 7 7 2.05721 0.00806342 0.00335659 
6 7 7 2.06947 0.00805524 0.00293838 
7 7 7 2.07909 0.00730376 0.00221956 
8 7 7 2.0852 0.00596701 0.00134268 
9 7 7 2.08742 0.00422364 0.000367428 
10 7 7 2.08569 0.00229209 -0.00063391 
11 7 7 2.08033 0.000428303 -0.00154453 
12 7 7 2.07202 -0.00111642 -0.00226622 
13 7 7 2.06185 -0.00212565 -0.0027212 
14 7 7 2.05117 -0.00253425 -0.0028955 
15 7 7 2.04097 -0.00350589 -0.00375489 
0 8 8 2.07089 0.0107497 -0.00852454 
1 8 8 2.0486 0.00636581 -0.0045735 
2 8 8 2.04137 0.00260248 -0.000611304 
3 8 8 2.04638 0.000419969 0.00221065 
4 8 8 2.05857 -0.00015988 0.00361958 
5 8 8 2.07338 0.00030622 0.00391332 
6 8 8 2.08766 0.0012184 0.00349287 
7 8 8 2.09948 0.00216356 0.00265696 
8 8 8 2.10771 0.00293108 0.00159133 
9 8 8 2.11174 0.00345622 0.000413077 
10 8 8 2.11136 0.00376365 -0.000767958 
11 8 8 2.10678 0.00391068 -0.00182723 
12 8 8 2.09865 0.00392366 -0.0026475 
13 8 8 2.08813 0.00379822 -0.00313113 
14 8 8 2.07667 0.00358092 -0.0032689 
15 8 8 2.06548 0.00410703 -0.00402233 
0 9 9 1.78628 0.0175129 -0.0055419 
1 9 9 1.78248 0.00810699 -0.00232872 
2 9 9 1.78499 0.000502408 0.000482217 
3 9 9 1.79137 -0.00389421 0.00229346 
4 9 9 1.79951 -0.00534813 0.00307156 
5 9 9 1.80783 -0.00484871 0.00306149 
6 9 9 1.81522 -0.00330775 0.00254108 
7 9 9 1.82087 -0.00132538 0.00172513 
8 9 9 1.82424 0.000761858 0.00076562 
9 9 9 1.82509 0.0027673 -0.000225427 
10 9 9 1.82344 0.00456612 -0.00114798 
11 9 9 1.81967 0.00602706 -0.00190131 
12 9 9 1.81445 0.00696698 -0.00239115 
13 9 9 1.80882 0.00717221 -0.0025378 
14 9 9 1.80402 0.00665727 -0.00235168 
15 9 9 1.80071 0.00892581 -0.00308589 
0 10 10 1.25087 0.0103318 -0.00199962 
1 10 10 1.25525 0.00335962 -0.000434935 
2 10 10 1.25752 -0.00160965 0.000706738 
3 10 10 1.25833 -0.00424011 0.0013104 
4 10 10 1.25847 -0.00495187 0.00144605 
5 10 10 1.25839 -0.00438248 0.00125217 
6 10 10 1.25829 -0.00306785 0.000864175 
7 10 10 1.25821 -0.00137554 0.000387602 
8 10 10 1.25816 0.000449484 -0.000105103 
9 10 10 1.2582 0.00222403 -0.000562693 
10 10 10 1.25843 0.00378378 -0.000940519 
11 10 10 1.25897 0.00495386 -0.00119661 
12 10 10 1.25994 0.00552906 -0.0012941 
13 10 10 1.26144 0.00523455 -0.00118828 
14 10 10 1.264 0.00361037 -0.000794094 
15 10 10 1.2697 0.00826591 -0.00174378 
0 11 11 0.55927 0.00303916 -0.000458675 
1 11 11 0.562288 0.00105282 -0.000142407 
2 11 11 0.562382 -0.000408152 7.21964e-05 
3 11 11 0.560616 -0.00125212 0.000176156 
4 11 11 0.557991 -0.00155422 0.000192085 
5 11 11 0.555276 -0.00146054 0.00014882 
6 11 11 0.553005 -0.0011101 7.57434e-05 
7 11 11 0.5515 -0.000610869 -9.0749e-06 
8 11 11 0.550943 -4.61945e-05 -9.52516e-05 
9 11 11 0.551396 0.00051423 -0.00017693 
10 11 11 0.552815 0.00101063 -0.000244674 
11 11 11 0.55503 0.00138167 -0.000290837 
12 11 11 0.557751 0.00155189 -0.000305035 
13 11 11 0.560543 0.00137962 -0.000265637 
14 11 11 0.562647 -0.000134428 8.40851e-06 
15 11 11 0.564553 0.00507539 -0.000891431 
0 12 12 0.111424 0.000254539 -6.23135e-05 
1 12 12 0.11266 0.00012433 -3.92403e-05 
2 12 12 0.113035 1.60974e-05 -2.02729e-05 
3 12 12 0.112774 -5.71304e-05 -7.82411e-06 
4 12 12 0.112137 -9.42261e-05 -8.56557e-07 
5 12 12 0.111355 -0.000103174 1.44395e-06 
6 12 12 0.110608 -9.1776e-05 1.52433e-06 
7 12 12 0.110013 -6.71599e-05 -9.80451e-07 
8 12 12 0.109643 -3.48039e-05 -5.615e-06 
9 12 12 0.109534 -2.99946e-07 -1.22297e-05 
10 12 12 0.10969 3.35642e-05 -1.91811e-05 
11 12 12 0.110087 6.30012e-05 -2.59026e-05 
12 12 12 0.110656 8.10856e-05 -2.92083e-05 
13 12 12 0.111283 7.67039e-05 -2.65734e-05 
14 12 12 0.111518 -0.000109999 2.98307e-05 
15 12 12 0.108633 0.00220378 -0.000375947 
0 13 13 0 0 0 
1 13 13 0 0 0 
2 13 13 0 0 0 
3 13 13 0 0 0 
4 13 13 0 0 0 
5 13 13 0 0 0 
6 13 13 0 0 0 
7 13 13 0 0 0 
8 13 13 0 0 0 
9 13 13 0 0 0 
10 13 13 0 0 0 
11 13 13 0 0 0 
12 13 13 0 0 0 
13 13 13 0 0 0 
14 13 13 0 0 0 
15 13 13 0 0 0 
0 14 14 0 0 0 
1 14 14 0 0 0 
2 14 14 0 0 0 
3 14 14 0 0 0 
4 14 14 0 0 0 
5 14 14 0 0 0 
6 14 14 0 0 0 
7 14 14 0 0 0 
8 14 14 0 0 0 
9 14 14 0 0 0 
10 14 14 0 0 0 
11 14 14 0 0 0 
12 14 14 0 0 0 
13 14 14 0 0 0 
14 14 14 0 0 0 
15 14 14 0 0 0 
0 15 15 0 0 0 
1 15 15 0 0 0 
2 15 15 0 0 0 
3 15 15 0 0 0 
4 15 15 0 0 0 
5 15 15 0 0 0 
6 15 15 0 0 0 
7 15 15 0 0 0 
8 15 15 0 0 0 
9 15 15 0 0 0 
10 15 15 0 0 0 
11 15 15 0 0 0 
12 15 15 0 0 0 
13 15 15 0 0 0 
14 15 15 0 0 0 
15 15 15 0 0 0 
0 0 0 0 0 0 
1 0 0 0 0 0 
2 0 0 0 0 0 
3 0 0 0 0 0 
4 0 0 0 0 0 
5 0 0 0 0 0 
6 0 0 0 0 0 
7 0 0 0 0 0 
8 0 0 0 0 0 
9 0 0 0 0 0 
10 0 0 0 0 0 
11 0 0 0 0 0 
12 0 0 0 0 0 
13 0 0 0 0 0 
14 0 0 0 0 0 
15 0 0 0 0 0 
0 1 1 0 0 0 
1 1 1 0 0 0 
2 1 1 0 0 0 
3 1 1 0 0 0 
4 1 1 0 0 0 
5 1 1 0 0 0 
6 1 1 0 0 0 
7 1 1 0 0 0 
8 1 1 0 0 0 
9 1 1 0 0 0 
10 1 1 0 0 0 
11 1 1 0 0 0 
12 1 1 0 0 0 
13 1 1 0 0 0 
14 1 1 0 0 0 
15 1 1 0 0 0 
0 2 2 0 0 0 
1 2 2 0 0 0 
2 2 2 0 0 0 
3 2 2 0 0 0 
4 2 2 0 0 0 
5 2 2 0 0 0 
6 2 2 0 0 0 
7 2 2 0 0 0 
8 2 2 0 0 0 
9 2 2 0 0 0 
10 2 2 0 0 0 
11 2 2 0 0 0 
12 2 2 0 0 0 
13 2 2 0 0 0 
14 2 2 0 0 0 
15 2 2 0 0 0 
0 3 3 0.0340049 -8.39827e-05 -1.43467e-05 
1 3 3 0.0344826 -5.45627e-05 -1.0166e-05 
2 3 3 0.0347031 -2.40032e-05 -4.64697e-06 
3 3 3 0.0347034 1.28255e-06 9.97791e-07 
4 3 3 0.0345536 1.88149e-05 4.82379e-06 
5 3 3 0.0343216 2.83317e-05 7.73764e-06 
6 3 3 0.0340654 3.15359e-05 9.43733e-06 
7 3 3 0.0338267 2.9492e-05 9.28482e-06 
8 3 3 0.0336373 2.40826e-05 6.64449e-06 
9 3 3 0.0335136 1.58638e-05 2.19622e-06 
10 3 3 0.0334656 6.06095e-06 -2.95076e-06 
11 3 3 0.0334943 -4.00991e-06 -7.11037e-06 
12 3 3 0.0335899 -1.27153e-05 -9.57142e-06 
13 3 3 0.0337257 -1.6464e-05 -1.06197e-05 
14 3 3 0.0337366 5.35539e-05 2.6328e-06 
15 3 3 0.0325486 -0.000902242 6.99988e-05 
0 4 4 0.427533 -0.00185695 0.000194496 
1 4 4 0.429351 -0.00057387 2.48898e-05 
2 4 4 0.42863 0.000455424 -0.00011421 
3 4 4 0.426237 0.00111741 -0.000201928 
4 4 4 0.423068 0.00142244 -0.000247658 
5 4 4 0.419847 0.00143782 -0.000249998 
6 4 4 0.417082 0.001243 -0.000219951 
7 4 4 0.415086 0.00090702 -0.000170346 
8 4 4 0.414033 0.000492829 -0.000118749 
9 4 4 0.413952 5.4274e-05 -6.94569e-05 
10 4 4 0.414762 -0.00035537 -3.01592e-05 
11 4 4 0.41628 -0.000681404 -1.85225e-06 
12 4 4 0.418222 -0.000864194 9.25051e-06 
13 4 4 0.420186 -0.000792741 -1.3359e-05 
14 4 4 0.421368 0.000420285 -0.000189253 
15 4 4 0.421348 -0.00436406 0.000288701 
0 5 5 1.15215 -0.00695649 0.00137778 
1 5 5 1.15428 -0.00112134 0.000349962 
2 5 5 1.15327 0.00339311 -0.000435779 
3 5 5 1.15 0.00608878 -0.000913716 
4 5 5 1.14565 0.00711621 -0.00112612 
5 5 5 1.14121 0.00687376 -0.00113674 
6 5 5 1.13731 0.00575385 -0.000998013 
7 5 5 1.13434 0.00407588 -0.000754775 
8 5 5 1.13246 0.00210569 -0.000453098 
9 5 5 1.1317 7.79635e-05 -0.000130057 
10 5 5 1.13197 -0.00177265 0.000177175 
11 5 5 1.13311 -0.00321316 0.000432315 
12 5 5 1.13486 -0.00400432 0.000583999 
13 5 5 1.13693 -0.00384523 0.000559472 
14 5 5 1.13954 -0.0020664 0.00021973 
15 5 5 1.1454 -0.00702093 0.00115075 
0 6 6 1.73691 -0.0122127 0.00436424 
1 6 6 1.73387 -0.00386675 0.00168535 
2 6 6 1.73549 0.00357701 -0.00051831 
3 6 6 1.73925 0.00853399 -0.0018479 
4 6 6 1.74335 0.0108733 -0.00237749 
5 6 6 1.74676 0.0111605 -0.00236581 
6 6 6 1.74898 0.0100136 -0.00203175 
7 6 6 1.7498 0.00790845 -0.00150872 
8 6 6 1.74919 0.00521586 -0.000879677 
9 6 6 1.74724 0.00225681 -0.000204462 
10 6 6 1.74411 -0.000645139 0.000465654 
11 6 6 1.7401 -0.00315342 0.00106807 
12 6 6 1.73567 -0.0049161 0.00150924 
13 6 6 1.73146 -0.00560122 0.00167762 
14 6 6 1.72837 -0.00515155 0.00154434 
15 6 6 1.72685 -0.00779309 0.00243432 
0 7 7 2.05491 -0.00553164 0.00787481 
1 7 7 2.03388 -0.00208152 0.00404663 
2 7 7 2.02737 0.00190037 0.000305539 
3 7 7 2.03224 0.00513575 -0.00227543 
4 7 7 2.04346 0.00716407 -0.00349252 
5 7 7 2.05662 0.00806594 -0.00368596 
6 7 7 2.06881 0.00804883 -0.00325671 
7 7 7 2.07834 0.00728971 -0.00248208 
8 7 7 2.08436 0.00595078 -0.00152844 
9 7 7 2.08651 0.00421372 -0.000498636 
10 7 7 2.08476 0.0022954 0.000532404 
11 7 7 2.07941 0.000440556 0.00148518 
12 7 7 2.07113 -0.00110109 0.00224844 
13 7 7 2.061 -0.00210834 0.00269688 
14 7 7 2.05035 -0.0025139 0.00280824 
15 7 7 2.04018 -0.0034862 0.00359046 
0 8 8 2.07057 0.0107502 0.00841719 
1 8 8 2.0483 0.00637702 0.00448433 
2 8 8 2.0411 0.00263043 0.000494008 
3 8 8 2.04611 0.00046337 -0.00238145 
4 8 8 2.05829 -0.000106831 -0.00384411 
5 8 8 2.07307 0.000357838 -0.00417884 
6 8 8 2.0873 0.00125861 -0.00377006 
7 8 8 2.09904 0.00218437 -0.00291176 
8 8 8 2.10719 0.0029312 -0.00180025 
9 8 8 2.11115 0.00344147 -0.000578058 
10 8 8 2.11073 0.00374321 0.000641501 
11 8 8 2.10613 0.00388736 0.00174776 
12 8 8 2.09801 0.00390118 0.0026134 
13 8 8 2.08751 0.0037867 0.00310902 
14 8 8 2.07607 0.00358867 0.00321513 
15 8 8 2.06492 0.00413188 0.00391465 
0 9 9 1.78613 0.0174924 0.00556011 
1 9 9 1.78233 0.00811031 0.00232573 
2 9 9 1.78486 0.00053613 -0.000563145 
3 9 9 1.79126 -0.0038351 -0.00247309 
4 9 9 1.79939 -0.00527637 -0.00333237 
5 9 9 1.8077 -0.00478071 -0.00336592 
6 9 9 1.81506 -0.0032581 -0.00283761 
7 9 9 1.82065 -0.00130453 -0.00196614 
8 9 9 1.82397 0.000752232 -0.000921732 
9 9 9 1.82477 0.00273508 0.000156863 
10 9 9 1.82309 0.00452136 0.00115226 
11 9 9 1.8193 0.00597978 0.00195834 
12 9 9 1.81408 0.00692805 0.00246959 
13 9 9 1.80846 0.00715417 0.00258977 
14 9 9 1.80369 0.00666762 0.00233253 
15 9 9 1.8004 0.00896115 0.00297749 
0 10 10 1.25078 0.0103261 0.00203501 
1 10 10 1.25517 0.00338236 0.000368801 
2 10 10 1.25746 -0.00156425 -0.000877093 
3 10 10 1.25828 -0.00418557 -0.00154793 
4 10 10 1.25841 -0.00490365 -0.00169235 
5 10 10 1.25831 -0.00435267 -0.00145198 
6 10 10 1.25819 -0.00306336 -0.000976909 
7 10 10 1.25807 -0.00139746 -0.000394262 
8 10 10 1.25799 0.000407258 0.000194234 
9 10 10 1.25801 0.00217281 0.000711433 
10 10 10 1.25822 0.00373602 0.00110225 
11 10 10 1.25876 0.00491942 0.00132781 
12 10 10 1.25974 0.00551588 0.00135699 
13 10 10 1.26125 0.00524674 0.00115368 
14 10 10 1.26382 0.00364557 0.000657025 
15 10 10 1.26954 0.00831456 0.0015299 
0 11 11 0.559216 0.00304736 0.000413176 
1 11 11 0.562243 0.0010697 4.1874e-05 
2 11 11 0.562345 -0.000388194 -0.000187955 
3 11 11 0.560582 -0.00123699 -0.000269526 
4 11 11 0.557952 -0.00154893 -0.000231233 
5 11 11 0.55523 -0.00146794 -0.000122635 
6 11 11 0.552945 -0.00112788 1.3897e-05 
7 11 11 0.551425 -0.000635915 0.000142196 
8 11 11 0.550854 -7.2865e-05 0.00024013 
9 11 11 0.551299 0.000492456 0.000295619 
10 11 11 0.552715 0.000998402 0.000310187 
11 11 11 0.554932 0.00138008 0.000288385 
12 11 11 0.55766 0.00156278 0.000235961 
13 11 11 0.560459 0.00140003 0.000141009 
14 11 11 0.562572 -0.000109525 -0.000162057 
15 11 11 0.564484 0.00509916 0.000743348 
0 12 12 0.111406 0.000255678 5.04923e-05 
1 12 12 0.112642 0.000125992 2.03143e-05 
2 12 12 0.113018 1.79029e-05 4.42377e-06 
3 12 12 0.112759 -5.6371e-05 1.87437e-07 
4 12 12 0.112121 -9.47553e-05 6.10536e-06 
5 12 12 0.11134 -0.000105358 1.62598e-05 
6 12 12 0.11059 -9.48245e-05 2.68049e-05 
7 12 12 0.109992 -7.06253e-05 3.33056e-05 
8 12 12 0.10962 -3.79018e-05 3.45061e-05 
9 12 12 0.109509 -2.25271e-06 2.99907e-05 
10 12 12 0.109667 3.3187e-05 2.23912e-05 
11 12 12 0.110063 6.36399e-05 1.36542e-05 
12 12 12 0.110633 8.34507e-05 5.87267e-06 
13 12 12 0.111262 7.97539e-05 -3.7528e-06 
14 12 12 0.111497 -0.000107002 -6.04417e-05 
15 12 12 0.108614 0.00220604 0.000352615 
0 13 13 0 0 0 
1 13 13 0 0 0 
2 13 13 0 0 0 
3 13 13 0 0 0 
4 13 13 0 0 0 
5 13 13 0 0 0 
6 13 13 0 0 0 
7 13 13 0 0 0 
8 13 13 0 0 0 
9 13 13 0 0 0 
10 13 13 0 0 0 
11 13 13 0 0 0 
12 13 13 0 0 0 
13 13 13 0 0 0 
14 13 13 0 0 0 
15 13 13 0 0 0 
0 14 14 0 0 0 
1 14 14 0 0 0 
2 14 14 0 0 0 
3 14 14 0 0 0 
4 14 14 0 0 0 
5 14 14 0 0 0 
6 14 14 0 0 0 
7 14 14 0 0 0 
8 14 14 0 0 0 
9 14 14 0 0 0 
10 14 14 0 0 0 
11 14 14 0 0 0 
12 14 14 0 0 0 
13 14 14 0 0 0 
14 14 14 0 0 0 
15 14 14 0 0 0 
0 15 15 0 0 0 
1 15 15 0 0 0 
2 15 15 0 0 0 
3 15 15 0 0 0 
4 15 15 0 0 0 
5 15 15 0 0 0 
6 15 15 0 0 0 
7 15 15 0 0 0 
8 15 15 0 0 0 
9 15 15 0 0 0 
10 15 15 0 0 0 
11 15 15 0 0 0 
12 15 15 0 0 0 
13 15 15 0 0 0 
14 15 15 0 0 0 
15 15 15 0 0 0 
0 0 0 0 0 0 
1 0 0 0 0 0 
2 0 0 0 0 0 
3 0 0 0 0 0 
4 0 0 0 0 0 
5 0 0 0 0 0 
6 0 0 0 0 0 
7 0 0 0 0 0 
8 0 0 0 0 0 
9 0 0 0 0 0 
10 0 0 0 0 0 
11 0 0 0 0 0 
12 0 0 0 0 0 
13 0 0 0 0 0 
14 0 0 0 0 0 
15 0 0 0 0 0 
0 1 1 0 0 0 
1 1 1 0 0 0 
2 1 1 0 0 0 
3 1 1 0 0 0 
4 1 1 0 0 0 
5 1 1 0 0 0 
6 1 1 0 0 0 
7 1 1 0 0 0 
8 1 1 0 0 0 
9 1 1 0 0 0 
10 1 1 0 0 0 
11 1 1 0 0 0 
12 1 1 0 0 0 
13 1 1 0 0 0 
14 1 1 0 0 0 
15 1 1 0 0 0 
0 2 2 0 0 0 
1 2 2 0 0 0 
2 2 2 0 0 0 
3 2 2 0 0 0 
4 2 2 0 0 0 
5 2 2 0 0 0 
6 2 2 0 0 0 
7 2 2 0 0 0 
8 2 2 0 0 0 
9 2 2 0 0 0 
10 2 2 0 0 0 
11 2 2 0 0 0 
12 2 2 0 0 0 
13 2 2 0 0 0 
14 2 2 0 0 0 
15 2 2 0 0 0 
0 3 3 0 0 0 
1 3 3 0 0 0 
2 3 3 0 0 0 
3 3 3 0 0 0 
4 3 3 0 0 0 
5 3 3 0 0 0 
6 3 3 0 0 0 
7 3 3 0 0 0 
8 3 3 0 0 0 
9 3 3 0 0 0 
10 3 3 0 0 0 
11 3 3 0 0 0 
12 3 3 0 0 0 
13 3 3 0 0 0 
14 3 3 0 0 0 
15 3 3 0 0 0 
0 4 4 0.286367 -0.00101624 0.000365594 
1 4 4 0.288133 -0.000371889 0.00014267 
2 4 4 0.287991 0.000140657 -8.48933e-05 
3 4 4 0.28653 0.000461978 -0.000273498 
4 4 4 0.284394 0.000606375 -0.000406943 
5 4 4 0.282114 0.00060882 -0.000473514 
6 4 4 0.280081 0.000512743 -0.000477616 
7 4 4 0.278544 0.00035569 -0.000425886 
8 4 4 0.277658 0.000164784 -0.000340601 
9 4 4 0.277465 -3.36956e-05 -0.000230086 
10 4 4 0.277931 -0.000217319 -0.000112152 
11 4 4 0.278943 -0.000362712 -5.37091e-06 
12 4 4 0.280303 -0.000444069 6.94546e-05 
13 4 4 0.281716 -0.000406014 7.72868e-05 
14 4 4 0.28238 0.000303978 -0.0002421 
15 4 4 0.280284 -0.00320974 0.00121583 
0 5 5 0.892399 -0.00425065 0.00258201 
1 5 5 0.894227 -0.000576034 0.00083274 
2 5 5 0.892502 0.00218379 -0.000591263 
3 5 5 0.888518 0.00376303 -0.00156589 
4 5 5 0.883613 0.00427418 -0.00211203 
5 5 5 0.878828 0.00398324 -0.00229158 
6 5 5 0.874843 0.0031608 -0.00216584 
7 5 5 0.872047 0.00203142 -0.00179303 
8 5 5 0.870615 0.000774678 -0.00123769 
9 5 5 0.870552 -0.000457663 -0.000576542 
10 5 5 0.871717 -0.00152592 0.000105712 
11 5 5 0.87384 -0.00230008 0.00070457 
12 5 5 0.876532 -0.00265012 0.00110409 
13 5 5 0.879318 -0.002376 0.0011367 
14 5 5 0.881952 -0.000606262 0.000229189 
15 5 5 0.887602 -0.00518989 0.00290596 
0 6 6 1.44926 -0.00737924 0.00763664 
1 6 6 1.4514 -0.00123271 0.00247406 
2 6 6 1.45273 0.00384269 -0.0014802 
3 6 6 1.45284 0.00699525 -0.0038046 
4 6 6 1.45195 0.00823345 -0.00474802 
5 6 6 1.45046 0.00796235 -0.00474577 
6 6 6 1.44868 0.00664724 -0.00413319 
7 6 6 1.44682 0.00469122 -0.00311616 
8 6 6 1.44499 0.00243234 -0.00182864 
9 6 6 1.44331 0.00015759 -0.000393866 
10 6 6 1.44185 -0.00187314 0.00104905 
11 6 6 1.4407 -0.00342239 0.00231992 
12 6 6 1.43995 -0.00427005 0.00319871 
13 6 6 1.43976 -0.00419934 0.00342194 
14 6 6 1.44069 -0.00305486 0.00274998 
15 6 6 1.44401 -0.00577631 0.00573482 
0 7 7 1.75388 -0.00380409 0.0142941 
1 7 7 1.75069 -0.00058487 0.00577812 
2 7 7 1.7527 0.00277714 -0.00136866 
3 7 7 1.75739 0.00537234 -0.00577595 
4 7 7 1.76284 0.00683956 -0.00757459 
5 7 7 1.76783 0.00718986 -0.00754232 
6 7 7 1.77165 0.0066065 -0.00639818 
7 7 7 1.77391 0.00533447 -0.00461552 
8 7 7 1.77442 0.00364506 -0.00248514 
9 7 7 1.7732 0.00180743 -0.000214577 
10 7 7 1.77041 7.52693e-05 0.00200327 
11 7 7 1.76638 -0.00132928 0.00394245 
12 7 7 1.76164 -0.00222556 0.00532743 
13 7 7 1.75695 -0.00248313 0.00586248 
14 7 7 1.75333 -0.00211736 0.00549112 
15 7 7 1.75126 -0.00275734 0.00807745 
0 8 8 1.77122 0.00605078 0.0155308 
1 8 8 1.76777 0.00338084 0.00640911 
2 8 8 1.77012 0.00178651 -0.00146407 
3 8 8 1.77574 0.00132999 -0.00646963 
4 8 8 1.78259 0.00158372 -0.00859213 
5 8 8 1.78925 0.00203147 -0.00858035 
6 8 8 1.79481 0.00234208 -0.00720706 
7 8 8 1.79867 0.00240489 -0.00503882 
8 8 8 1.80049 0.00226319 -0.00246656 
9 8 8 1.80017 0.00202787 0.000215525 
10 8 8 1.79784 0.00181415 0.00275052 
11 8 8 1.79385 0.00169457 0.00487758 
12 8 8 1.78883 0.00167859 0.00631138 
13 8 8 1.78366 0.0017173 0.00677032 
14 8 8 1.77947 0.00177693 0.0062442 
15 8 8 1.77681 0.00281172 0.00855285 
0 9 9 1.50568 0.0100326 0.00981644 
1 9 9 1.50877 0.00424125 0.0029769 
2 9 9 1.51222 0.000133238 -0.00245779 
3 9 9 1.51542 -0.00198685 -0.00566118 
4 9 9 1.51826 -0.00257735 -0.00676658 
5 9 9 1.52068 -0.0022692 -0.00631961 
6 9 9 1.52253 -0.00152444 -0.00488124 
7 9 9 1.52365 -0.000586482 -0.00289793 
8 9 9 1.52393 0.000443731 -0.000709272 
9 9 9 1.52338 0.00151677 0.00141709 
10 9 9 1.52216 0.00257271 0.00326002 
11 9 9 1.52055 0.00350693 0.00461885 
12 9 9 1.51894 0.00415434 0.0053007 
13 9 9 1.51783 0.00428984 0.00511507 
14 9 9 1.51805 0.00374739 0.00399502 
15 9 9 1.5206 0.00662976 0.00645093 
0 10 10 0.990204 0.00618808 0.00352698 
1 10 10 0.993889 0.00219603 0.000494801 
2 10 10 0.994507 -0.000672858 -0.00162316 
3 10 10 0.993229 -0.00229693 -0.0026557 
4 10 10 0.991141 -0.00289528 -0.00275935 
5 10 10 0.988988 -0.00277595 -0.00222353 
6 10 10 0.987211 -0.00219138 -0.00133161 
7 10 10 0.986045 -0.0013144 -0.000308504 
8 10 10 0.985623 -0.000267931 0.000680199 
9 10 10 0.986016 0.000837679 0.00151796 
10 10 10 0.987235 0.0018842 0.00212611 
11 10 10 0.989206 0.0027325 0.00244801 
12 10 10 0.991755 0.00321719 0.00243628 
13 10 10 0.994614 0.00308686 0.00200304 
14 10 10 0.997851 0.00156303 0.000735528 
15 10 10 1.00464 0.0061839 0.00346459 
0 11 11 0.357169 0.00156239 0.000633543 
1 11 11 0.359607 0.000650325 0.000150684 
2 11 11 0.359853 -7.61498e-05 -0.000146883 
3 11 11 0.358633 -0.000552044 -0.000252677 
4 11 11 0.35667 -0.00078566 -0.000209282 
5 11 11 0.354557 -0.000825984 -8.18819e-05 
6 11 11 0.352714 -0.000722557 7.53154e-05 
7 11 11 0.351411 -0.000519976 0.00021981 
8 11 11 0.350807 -0.000255 0.00032842 
9 11 11 0.35096 3.58991e-05 0.000390713 
10 11 11 0.351845 0.000317529 0.000409483 
11 11 11 0.353339 0.000550269 0.00038992 
12 11 11 0.355226 0.000689171 0.000336281 
13 11 11 0.357167 0.000648716 0.000229781 
14 11 11 0.358349 -0.000266818 -0.000222737 
15 11 11 0.357609 0.00365953 0.0016465 
0 12 12 0.043879 9.08327e-05 1.0017e-05 
1 12 12 0.0444378 4.93937e-05 4.84507e-06 
2 12 12 0.0446474 1.21259e-05 4.55782e-06 
3 12 12 0.0445925 -1.64676e-05 7.87607e-06 
4 12 12 0.0443649 -3.36088e-05 1.33418e-05 
5 12 12 0.044062 -4.13476e-05 1.86577e-05 
6 12 12 0.0437564 -4.10102e-05 2.25128e-05 
7 12 12 0.0434987 -3.47915e-05 2.34884e-05 
8 12 12 0.0433214 -2.42274e-05 2.15542e-05 
9 12 12 0.0432427 -1.15422e-05 1.68402e-05 
10 12 12 0.0432686 2.1727e-06 1.08923e-05 
11 12 12 0.0433913 1.48751e-05 4.80212e-06 
12 12 12 0.0435896 2.44011e-05 -2.75889e-07 
13 12 12 0.0438199 2.59758e-05 -4.09743e-06 
14 12 12 0.0438774 -4.35856e-05 -1.12707e-05 
15 12 12 0.0423833 0.000917628 0.000492753 
0 13 13 0 0 0 
1 13 13 0 0 0 
2 13 13 0 0 0 
3 13 13 0 0 0 
4 13 13 0 0 0 
5 13 13 0 0 0 
6 13 13 0 0 0 
7 13 13 0 0 0 
8 13 13 0 0 0 
9 13 13 0 0 0 
10 13 13 0 0 0 
11 13 13 0 0 0 
12 13 13 0 0 0 
13 13 13 0 0 0 
14 13 13 0 0 0 
15 13 13 0 0 0 
0 14 14 0 0 0 
1 14 14 0 0 0 
2 14 14 0 0 0 
3 14 14 0 0 0 
4 14 14 0 0 0 
5 14 14 0 0 0 
6 14 14 0 0 0 
7 14 14 0 0 0 
8 14 14 0 0 0 
9 14 14 0 0 0 
10 14 14 0 0 0 
11 14 14 0 0 0 
12 14 14 0 0 0 
13 14 14 0 0 0 
14 14 14 0 0 0 
15 14 14 0 0 0 
0 15 15 0 0 0 
1 15 15 0 0 0 
2 15 15 0 0 0 
3 15 15 0 0 0 
4 15 15 0 0 0 
5 15 15 0 0 0 
6 15 15 0 0 0 
7 15 15 0 0 0 
8 15 15 0 0 0 
9 15 15 0 0 0 
10 15 15 0 0 0 
11 15 15 0 0 0 
12 15 15 0 0 0 
13 15 15 0 0 0 
14 15 15 0 0 0 
15 15 15 0 0 0 
0 0 0 0 0 0 
1 0 0 0 0 0 
2 0 0 0 0 0 
3 0 0 0 0 0 
4 0 0 0 0 0 
5 0 0 0 0 0 
6 0 0 0 0 0 
7 0 0 0 0 0 
8 0 0 0 0 0 
9 0 0 0 0 0 
10 0 0 0 0 0 
11 0 0 0 0 0 
12 0 0 0 0 0 
13 0 0 0 0 0 
14 0 0 0 0 0 
15 0 0 0 0 0 
0 1 1 0 0 0 
1 1 1 0 0 0 
2 1 1 0 0 0 
3 1 1 0 0 0 
4 1 1 0 0 0 
5 1 1 0 0 0 
6 1 1 0 0 0 
7 1 1 0 0 0 
8 1 1 0 0 0 
9 1 1 0 0 0 
10 1 1 0 0 0 
11 1 1 0 0 0 
12 1 1 0 0 0 
13 1 1 0 0 0 
14 1 1 0 0 0 
15 1 1 0 0 0 
0 2 2 0 0 0 
1 2 2 0 0 0 
2 2 2 0 0 0 
3 2 2 0 0 0 
4 2 2 0 0 0 
5 2 2 0 0 0 
6 2 2 0 0 0 
7 2 2 0 0 0 
8 2 2 0 0 0 
9 2 2 0 0 0 
10 2 2 0 0 0 
11 2 2 0 0 0 
12 2 2 0 0 0 
13 2 2 0 0 0 
14 2 2 0 0 0 
15 2 2 0 0 0 
0 3 3 0 0 0 
1 3 3 0 0 0 
2 3 3 0 0 0 
3 3 3 0 0 0 
4 3 3 0 0 0 
5 3 3 0 0 0 
6 3 3 0 0 0 
7 3 3 0 0 0 
8 3 3 0 0 0 
9 3 3 0 0 0 
10 3 3 0 0 0 
11 3 3 0 0 0 
12 3 3 0 0 0 
13 3 3 0 0 0 
14 3 3 0 0 0 
15 3 3 0 0 0 
0 4 4 0.131284 -0.00031603 0.000158157 
1 4 4 0.132556 -0.000151804 7.35026e-05 
2 4 4 0.132843 -2.68838e-05 -2.87542e-05 
3 4 4 0.132389 4.63487e-05 -0.000123447 
4 4 4 0.131495 7.49906e-05 -0.000197282 
5 4 4 0.130436 7.05965e-05 -0.000240968 
6 4 4 0.129419 4.7015e-05 -0.000253832 
7 4 4 0.128582 1.46794e-05 -0.0002371 
8 4 4 0.128022 -1.99632e-05 -0.000199596 
9 4 4 0.127783 -5.37172e-05 -0.000146931 
10 4 4 0.127869 -8.31579e-05 -8.68255e-05 
11 4 4 0.128245 -0.000105752 -2.94284e-05 
12 4 4 0.128829 -0.000117384 1.45848e-05 
13 4 4 0.129482 -0.000105629 2.86235e-05 
14 4 4 0.12967 0.00011432 -0.000135822 
15 4 4 0.126704 -0.00189305 0.00121382 
0 5 5 0.4476 -0.00145775 0.00135871 
1 5 5 0.449647 -0.00034475 0.000536299 
2 5 5 0.449032 0.000432055 -0.000223373 
3 5 5 0.446656 0.000821547 -0.000811124 
4 5 5 0.443444 0.00088381 -0.00119235 
5 5 5 0.440159 0.000724101 -0.0013647 
6 5 5 0.437327 0.000443358 -0.00134764 
7 5 5 0.435281 0.000118724 -0.00117033 
8 5 5 0.434199 -0.000198346 -0.000871667 
9 5 5 0.434132 -0.000474094 -0.000501038 
10 5 5 0.435003 -0.000684227 -0.000109429 
11 5 5 0.436625 -0.000810393 0.000240542 
12 5 5 0.438701 -0.00083002 0.000483223 
13 5 5 0.440799 -0.000676735 0.000518586 
14 5 5 0.442009 0.000290972 -0.00030572 
15 5 5 0.441787 -0.00303939 0.00283946 
0 6 6 0.907958 -0.00265002 0.00460067 
1 6 6 0.910158 0.000111214 0.001409 
2 6 6 0.908878 0.00205325 -0.00109351 
3 6 6 0.905383 0.00298169 -0.00270417 
4 6 6 0.900955 0.00302325 -0.00349979 
5 6 6 0.896587 0.00244674 -0.00364578 
6 6 6 0.892922 0.00153116 -0.00329115 
7 6 6 0.890334 0.000501736 -0.0025621 
8 6 6 0.888996 -0.000474453 -0.00157205 
9 6 6 0.888942 -0.0012862 -0.000449007 
10 6 6 0.890062 -0.00185785 0.000668573 
11 6 6 0.892123 -0.00214262 0.00161803 
12 6 6 0.894774 -0.00210659 0.00222024 
13 6 6 0.897574 -0.00167297 0.00222244 
14 6 6 0.900308 -0.00034373 0.00075294 
15 6 6 0.906051 -0.00306769 0.00533769 
0 7 7 1.19305 -0.00143253 0.00829341 
1 7 7 1.19608 0.000855225 0.00226524 
2 7 7 1.19634 0.00262761 -0.00225733 
3 7 7 1.1946 0.00353188 -0.00488754 
4 7 7 1.19187 0.0035606 -0.00588125 
5 7 7 1.18894 0.002911 -0.00569323 
6 7 7 1.18631 0.00186099 -0.00471444 
7 7 7 1.18424 0.000675422 -0.00323342 
8 7 7 1.18286 -0.00042894 -0.00146934 
9 7 7 1.18226 -0.00130027 0.000379658 
10 7 7 1.18242 -0.00184823 0.00211254 
11 7 7 1.18329 -0.00203633 0.00350685 
12 7 7 1.18475 -0.00187078 0.0043167 
13 7 7 1.18663 -0.00137316 0.00422476 
14 7 7 1.18925 -0.000498143 0.00262243 
15 7 7 1.19506 -0.00128078 0.00746697 
0 8 8 1.21603 0.0020169 0.00898633 
1 8 8 1.21955 0.00185401 0.00223467 
2 8 8 1.22051 0.00182194 -0.00277793 
3 8 8 1.21962 0.00171172 -0.00558018 
4 8 8 1.2178 0.00139632 -0.00645699 
5 8 8 1.21575 0.000873589 -0.00595831 
6 8 8 1.21387 0.00024449 -0.00458863 
7 8 8 1.21235 -0.000346636 -0.00273087 
8 8 8 1.21133 -0.000769742 -0.000672589 
9 8 8 1.21086 -0.000943356 0.00135149 
10 8 8 1.211 -0.000847849 0.00312921 
11 8 8 1.21175 -0.000524879 0.00444981 
12 8 8 1.21305 -6.81478e-05 0.00509331 
13 8 8 1.21483 0.00038291 0.00477774 
14 8 8 1.21747 0.000629904 0.00297262 
15 8 8 1.22331 0.00184347 0.00766674 
0 9 9 0.972466 0.00368062 0.00560279 
1 9 9 0.975788 0.00194474 0.00106503 
2 9 9 0.975919 0.000578044 -0.00216031 
3 9 9 0.974042 -0.00039675 -0.00383023 
4 9 9 0.971296 -0.00104787 -0.00416959 
5 9 9 0.968498 -0.00143825 -0.00357742 
6 9 9 0.966153 -0.00159142 -0.00243471 
7 9 9 0.964544 -0.00150041 -0.00103718 
8 9 9 0.963825 -0.00116638 0.00039499 
9 9 9 0.964062 -0.000623058 0.00169635 
10 9 9 0.965234 5.50637e-05 0.00273586 
11 9 9 0.967227 0.000753608 0.00340031 
12 9 9 0.969813 0.00132434 0.00357983 
13 9 9 0.972676 0.00155679 0.00309495 
14 9 9 0.975826 0.000909961 0.00121155 
15 9 9 0.982408 0.00379177 0.00574145 
0 10 10 0.541063 0.00217508 0.00199488 
1 10 10 0.543926 0.00101226 0.000447867 
2 10 10 0.543869 9.67269e-06 -0.000582975 
3 10 10 0.541931 -0.000731566 -0.0010508 
4 10 10 0.539111 -0.00119285 -0.00105816 
5 10 10 0.536194 -0.00139867 -0.000769455 
6 10 10 0.533723 -0.00138089 -0.000334872 
7 10 10 0.532039 -0.00117271 0.000131895 
8 10 10 0.531332 -0.000813431 0.000556187 
9 10 10 0.531665 -0.000356275 0.000892932 
10 10 10 0.532983 0.000133776 0.0011188 
11 10 10 0.535111 0.000578447 0.00121916 
12 10 10 0.537744 0.000888993 0.00117808 
13 10 10 0.540424 0.000926305 0.000923532 
14 10 10 0.542309 -8.76079e-05 -0.000299227 
15 10 10 0.544103 0.00348756 0.00335804 
0 11 11 0.161873 0.000412218 0.000348384 
1 11 11 0.163435 0.000209532 0.000136489 
2 11 11 0.163814 1.51521e-05 6.79664e-06 
3 11 11 0.163338 -0.000140427 -3.94917e-05 
4 11 11 0.162377 -0.000243886 -2.16997e-05 
5 11 11 0.161252 -0.000296576 2.93612e-05 
6 11 11 0.160201 -0.000301637 8.95637e-05 
7 11 11 0.159387 -0.00026651 0.000140454 
8 11 11 0.158907 -0.000199582 0.000173581 
9 11 11 0.158809 -0.000112752 0.000186457 
10 11 11 0.159092 -1.81531e-05 0.00018299 
11 11 11 0.159708 6.91387e-05 0.000167392 
12 11 11 0.160556 0.000132832 0.000142752 
13 11 11 0.161462 0.000146848 9.81989e-05 
14 11 11 0.161841 -0.000133863 -0.000171759 
15 11 11 0.159156 0.0020937 0.00152149 
0 12 12 0 0 0 
1 12 12 0 0 0 
2 12 12 0 0 0 
3 12 12 0 0 0 
4 12 12 0 0 0 
5 12 12 0 0 0 
6 12 12 0 0 0 
7 12 12 0 0 0 
8 12 12 0 0 0 
9 12 12 0 0 0 
10 12 12 0 0 0 
11 12 12 0 0 0 
12 12 12 0 0 0 
13 12 12 0 0 0 
14 12 12 0 0 0 
15 12 12 0 0 0 
0 13 13 0 0 0 
1 13 13 0 0 0 
2 13 13 0 0 0 
3 13 13 0 0 0 
4 13 13 0 0 0 
5 13 13 0 0 0 
6 13 13 0 0 0 
7 13 13 0 0 0 
8 13 13 0 0 0 
9 13 13 0 0 0 
10 13 13 0 0 0 
11 13 13 0 0 0 
12 13 13 0 0 0 
13 13 13 0 0 0 
14 13 13 0 0 0 
15 13 13 0 0 0 
0 14 14 0 0 0 
1 14 14 0 0 0 
2 14 14 0 0 0 
3 14 14 0 0 0 
4 14 14 0 0 0 
5 14 14 0 0 0 
6 14 14 0 0 0 
7 14 14 0 0 0 
8 14 14 0 0 0 
9 14 14 0 0 0 
10 14 14 0 0 0 
11 14 14 0 0 0 
12 14 14 0 0 0 
13 14 14 0 0 0 
14 14 14 0 0 0 
15 14 14 0 0 0 
0 15 15 0 0 0 
1 15 15 0 0 0 
2 15 15 0 0 0 
3 15 15 0 0 0 
4 15 15 0 0 0 
5 15 15 0 0 0 
6 15 15 0 0 0 
7 15 15 0 0 0 
8 15 15 0 0 0 
9 15 15 0 0 0 
10 15 15 0 0 0 
11 15 15 0 0 0 
12 15 15 0 0 0 
13 15 15 0 0 0 
14 15 15 0 0 0 
15 15 15 0 0 0 
0 0 0 0 0 0 
1 0 0 0 0 0 
2 0 0 0 0 0 
3 0 0 0 0 0 
4 0 0 0 0 0 
5 0 0 0 0 0 
6 0 0 0 0 0 
7 0 0 0 0 0 
8 0 0 0 0 0 
9 0 0 0 0 0 
10 0 0 0 0 0 
11 0 0 0 0 0 
12 0 0 0 0 0 
13 0 0 0 0 0 
14 0 0 0 0 0 
15 0 0 0 0 0 
0 1 1 0 0 0 
1 1 1 0 0 0 
2 1 1 0 0 0 
3 1 1 0 0 0 
4 1 1 0 0 0 
5 1 1 0 0 0 
6 1 1 0 0 0 
7 1 1 0 0 0 
8 1 1 0 0 0 
9 1 1 0 0 0 
10 1 1 0 0 0 
11 1 1 0 0 0 
12 1 1 0 0 0 
13 1 1 0 0 0 
14 1 1 0 0 0 
15 1 1 0 0 0 
0 2 2 0 0 0 
1 2 2 0 0 0 
2 2 2 0 0 0 
3 2 2 0 0 0 
4 2 2 0 0 0 
5 2 2 0 0 0 
6 2 2 0 0 0 
7 2 2 0 0 0 
8 2 2 0 0 0 
9 2 2 0 0 0 
10 2 2 0 0 0 
11 2 2 0 0 0 
12 2 2 0 0 0 
13 2 2 0 0 0 
14 2 2 0 0 0 
15 2 2 0 0 0 
0 3 3 0 0 0 
1 3 3 0 0 0 
2 3 3 0 0 0 
3 3 3 0 0 0 
4 3 3 0 0 0 
5 3 3 0 0 0 
6 3 3 0 0 0 
7 3 3 0 0 0 
8 3 3 0 0 0 
9 3 3 0 0 0 
10 3 3 0 0 0 
11 3 3 0 0 0 
12 3 3 0 0 0 
13 3 3 0 0 0 
14 3 3 0 0 0 
15 3 3 0 0 0 
0 4 4 0 0 0 
1 4 4 0 0 0 
2 4 4 0 0 0 
3 4 4 0 0 0 
4 4 4 0 0 0 
5 4 4 0 0 0 
6 4 4 0 0 0 
7 4 4 0 0 0 
8 4 4 0 0 0 
9 4 4 0 0 0 
10 4 4 0 0 0 
11 4 4 0 0 0 
12 4 4 0 0 0 
13 4 4 0 0 0 
14 4 4 0 0 0 
15 4 4 0 0 0 
0 5 5 0.136409 -0.000294572 0.000247209 
1 5 5 0.137734 -0.000134345 0.000122526 
2 5 5 0.138039 -4.01058e-05 -1.54393e-05 
3 5 5 0.137578 -9.84194e-06 -0.000136174 
4 5 5 0.136663 -2.63397e-05 -0.000226594 
5 5 5 0.135579 -6.63547e-05 -0.000277902 
6 5 5 0.134538 -0.000110143 -0.000290926 
7 5 5 0.133686 -0.000145144 -0.000269271 
8 5 5 0.133115 -0.000165104 -0.000220294 
9 5 5 0.132879 -0.000170612 -0.00015301 
10 5 5 0.132979 -0.000164174 -7.72792e-05 
11 5 5 0.133379 -0.000149957 -5.51436e-06 
12 5 5 0.133998 -0.000129538 4.98167e-05 
13 5 5 0.134689 -9.30172e-05 7.11922e-05 
14 5 5 0.134904 0.000115334 -0.000125944 
15 5 5 0.131868 -0.00137763 0.00186156 
0 6 6 0.301264 -0.000519517 0.00104641 
1 6 6 0.303156 -0.000104463 0.000429244 
2 6 6 0.303104 9.79684e-05 -0.000129801 
3 6 6 0.301713 0.000106333 -0.000544486 
4 6 6 0.299642 -1.69122e-05 -0.000801299 
5 6 6 0.297418 -0.000196506 -0.000905265 
6 6 6 0.295435 -0.00037022 -0.000875992 
7 6 6 0.293949 -0.000499259 -0.00074087 
8 6 6 0.293104 -0.000564693 -0.000527882 
9 6 6 0.292962 -0.000568009 -0.000272208 
10 6 6 0.29349 -0.00052069 -7.78666e-06 
11 6 6 0.294575 -0.000440803 0.000224335 
12 6 6 0.296023 -0.000343914 0.00038099 
13 6 6 0.297539 -0.000224734 0.000393388 
14 6 6 0.298366 0.000182431 -0.000270702 
15 6 6 0.296501 -0.00148547 0.00330071 
0 7 7 0.486363 -0.000227991 0.00234477 
1 7 7 0.488616 0.000231279 0.000792758 
2 7 7 0.488113 0.000358761 -0.000453243 
3 7 7 0.485821 0.000197967 -0.00126686 
4 7 7 0.482689 -0.000134012 -0.00166037 
5 7 7 0.479496 -0.000516623 -0.00171227 
6 7 7 0.476772 -0.000846013 -0.00150444 
7 7 7 0.474854 -0.00105839 -0.0011171 
8 7 7 0.473918 -0.00112605 -0.000618847 
9 7 7 0.474016 -0.0010569 -7.94879e-05 
10 7 7 0.475076 -0.000882099 0.000434609 
11 7 7 0.476908 -0.000647788 0.000850668 
12 7 7 0.479206 -0.000403181 0.00108985 
13 7 7 0.481527 -0.000187881 0.00101075 
14 7 7 0.483039 0.000109228 -0.000350941 
15 7 7 0.483692 -0.000605225 0.00457965 
0 8 8 0.514198 0.000409589 0.00260951 
1 8 8 0.516661 0.000515076 0.000814441 
2 8 8 0.516248 0.000349602 -0.000523616 
3 8 8 0.513972 -1.0351e-05 -0.00130246 
4 8 8 0.510829 -0.000453165 -0.00158015 
5 8 8 0.507615 -0.000872583 -0.00148847 
6 8 8 0.504885 -0.0011803 -0.00115322 
7 8 8 0.502986 -0.00132499 -0.000679444 
8 8 8 0.502105 -0.00129238 -0.000146809 
9 8 8 0.502295 -0.00110344 0.000377651 
10 8 8 0.503483 -0.000805075 0.000837313 
11 8 8 0.505476 -0.00046062 0.00117484 
12 8 8 0.507955 -0.000136998 0.00132612 
13 8 8 0.510449 0.000105889 0.00115408 
14 8 8 0.512107 0.000147784 -0.000375485 
15 8 8 0.513206 0.000754205 0.00470827 
0 9 9 0.342534 0.000616032 0.00137468 
1 9 9 0.344756 0.0004124 0.000454209 
2 9 9 0.34484 9.28959e-05 -0.000197703 
3 9 9 0.343477 -0.000265522 -0.000540148 
4 9 9 0.341379 -0.000593922 -0.00061861 
5 9 9 0.339131 -0.000842075 -0.000518333 
6 9 9 0.337155 -0.000976492 -0.00031698 
7 9 9 0.335725 -0.000982757 -7.53856e-05 
8 9 9 0.334998 -0.00086767 0.000165771 
9 9 9 0.33503 -0.000656486 0.000378948 
10 9 9 0.33579 -0.000390635 0.000546252 
11 9 9 0.337152 -0.000118737 0.000651919 
12 9 9 0.338904 0.000108033 0.000676249 
13 9 9 0.340715 0.000230138 0.00055864 
14 9 9 0.341821 -5.34752e-05 -0.000328636 
15 9 9 0.340693 0.00157106 0.00359118 
0 10 10 0.152374 0.000285803 0.000393163 
1 10 10 0.153859 0.000162361 0.000164716 
2 10 10 0.154221 4.31248e-06 1.21572e-05 
3 10 10 0.153765 -0.00015195 -5.78169e-05 
4 10 10 0.15284 -0.000279986 -6.06062e-05 
5 10 10 0.151751 -0.000365583 -2.45044e-05 
6 10 10 0.150725 -0.000401177 2.82499e-05 
7 10 10 0.149919 -0.000386335 8.02018e-05 
8 10 10 0.149429 -0.0003268 0.000121979 
9 10 10 0.1493 -0.000235244 0.000150168 
10 10 10 0.149534 -0.000126773 0.000164566 
11 10 10 0.150085 -2.07847e-05 0.000167079 
12 10 10 0.150862 6.25477e-05 0.000157891 
13 10 10 0.151701 9.38589e-05 0.000125761 
14 10 10 0.152034 -0.000130421 -0.000151947 
15 10 10 0.149332 0.00146868 0.00201655 
0 11 11 0 0 0 
1 11 11 0 0 0 
2 11 11 0 0 0 
3 11 11 0 0 0 
4 11 11 0 0 0 
5 11 11 0 0 0 
6 11 11 0 0 0 
7 11 11 0 0 0 
8 11 11 0 0 0 
9 11 11 0 0 0 
10 11 11 0 0 0 
11 11 11 0 0 0 
12 11 11 0 0 0 
13 11 11 0 0 0 
14 11 11 0 0 0 
15 11 11 0 0 0 
0 12 12 0 0 0 
1 12 12 0 0 0 
2 12 12 0 0 0 
3 12 12 0 0 0 
4 12 12 0 0 0 
5 12 12 0 0 0 
6 12 12 0 0 0 
7 12 12 0 0 0 
8 12 12 0 0 0 
9 12 12 0 0 0 
10 12 12 0 0 0 
11 12 12 0 0 0 
12 12 12 0 0 0 
13 12 12 0 0 0 
14 12 12 0 0 0 
15 12 12 0 0 0 
0 13 13 0 0 0 
1 13 13 0 0 0 
2 13 13 0 0 0 
3 13 13 0 0 0 
4 13 13 0 0 0 
5 13 13 0 0 0 
6 13 13 0 0 0 
7 13 13 0 0 0 
8 13 13 0 0 0 
9 13 13 0 0 0 
10 13 13 0 0 0 
11 13 13 0 0 0 
12 13 13 0 0 0 
13 13 13 0 0 0 
14 13 13 0 0 0 
15 13 13 0 0 0 
0 14 14 0 0 0 
1 14 14 0 0 0 
2 14 14 0 0 0 
3 14 14 0 0 0 
4 14 14 0 0 0 
5 14 14 0 0 0 
6 14 14 0 0 0 
7 14 14 0 0 0 
8 14 14 0 0 0 
9 14 14 0 0 0 
10 14 14 0 0 0 
11 14 14 0 0 0 
12 14 14 0 0 0 
13 14 14 0 0 0 
14 14 14 0 0 0 
15 14 14 0 0 0 
0 15 15 0 0 0 
1 15 15 0 0 0 
2 15 15 0 0 0 
3 15 15 0 0 0 
4 15 15 0 0 0 
5 15 15 0 0 0 
6 15 15 0 0 0 
7 15 15 0 0 0 
8 15 15 0 0 0 
9 15 15 0 0 0 
10 15 15 0 0 0 
11 15 15 0 0 0 
12 15 15 0 0 0 
13 15 15 0 0 0 
14 15 15 0 0 0 
15 15 15 0 0 0 
0 0 0 0 0 0 
1 0 0 0 0 0 
2 0 0 0 0 0 
3 0 0 0 0 0 
4 0 0 0 0 0 
5 0 0 0 0 0 
6 0 0 0 0 0 
7 0 0 0 0 0 
8 0 0 0 0 0 
9 0 0 0 0 0 
10 0 0 0 0 0 
11 0 0 0 0 0 
12 0 0 0 0 0 
13 0 0 0 0 0 
14 0 0 0 0 0 
15 0 0 0 0 0 
0 1 1 0 0 0 
1 1 1 0 0 0 
2 1 1 0 0 0 
3 1 1 0 0 0 
4 1 1 0 0 0 
5 1 1 0 0 0 
6 1 1 0 0 0 
7 1 1 0 0 0 
8 1 1 0 0 0 
9 1 1 0 0 0 
10 1 1 0 0 0 
11 1 1 0 0 0 
12 1 1 0 0 0 
13 1 1 0 0 0 
14 1 1 0 0 0 
15 1 1 0 0 0 
0 2 2 0 0 0 
1 2 2 0 0 0 
2 2 2 0 0 0 
3 2 2 0 0 0 
4 2 2 0 0 0 
5 2 2 0 0 0 
6 2 2 0 0 0 
7 2 2 0 0 0 
8 2 2 0 0 0 
9 2 2 0 0 0 
10 2 2 0 0 0 
11 2 2 0 0 0 
12 2 2 0 0 0 
13 2 2 0 0 0 
14 2 2 0 0 0 
15 2 2 0 0 0 
0 3 3 0 0 0 
1 3 3 0 0 0 
2 3 3 0 0 0 
3 3 3 0 0 0 
4 3 3 0 0 0 
5 3 3 0 0 0 
6 3 3 0 0 0 
7 3 3 0 0 0 
8 3 3 0 0 0 
9 3 3 0 0 0 
10 3 3 0 0 0 
11 3 3 0 0 0 
12 3 3 0 0 0 
13 3 3 0 0 0 
14 3 3 0 0 0 
15 3 3 0 0 0 
0 4 4 0 0 0 
1 4 4 0 0 0 
2 4 4 0 0 0 
3 4 4 0 0 0 
4 4 4 0 0 0 
5 4 4 0 0 0 
6 4 4 0 0 0 
7 4 4 0 0 0 
8 4 4 0 0 0 
9 4 4 0 0 0 
10 4 4 0 0 0 
11 4 4 0 0 0 
12 4 4 0 0 0 
13 4 4 0 0 0 
14 4 4 0 0 0 
15 4 4 0 0 0 
0 5 5 0 0 0 
1 5 5 0 0 0 
2 5 5 0 0 0 
3 5 5 0 0 0 
4 5 5 0 0 0 
5 5 5 0 0 0 
6 5 5 0 0 0 
7 5 5 0 0 0 
8 5 5 0 0 0 
9 5 5 0 0 0 
10 5 5 0 0 0 
11 5 5 0 0 0 
12 5 5 0 0 0 
13 5 5 0 0 0 
14 5 5 0 0 0 
15 5 5 0 0 0 
0 6 6 0 0 0 
1 6 6 0 0 0 
2 6 6 0 0 0 
3 6 6 0 0 0 
4 6 6 0 0 0 
5 6 6 0 0 0 
6 6 6 0 0 0 
7 6 6 0 0 0 
8 6 6 0 0 0 
9 6 6 0 0 0 
10 6 6 0 0 0 
11 6 6 0 0 0 
12 6 6 0 0 0 
13 6 6 0 0 0 
14 6 6 0 0 0 
15 6 6 0 0 0 
0 7 7 0.0807507 -3.05969e-05 0.000175994 
1 7 7 0.0817036 -2.22485e-05 8.97022e-05 
2 7 7 0.0820154 -4.66236e-05 7.9511e-06 
3 7 7 0.0818323 -9.03141e-05 -5.55503e-05 
4 7 7 0.0813406 -0.0001365 -9.52772e-05 
5 7 7 0.0807175 -0.000173977 -0.000113462 
6 7 7 0.0800965 -0.000194575 -0.000112879 
7 7 7 0.0795735 -0.000195186 -9.81077e-05 
8 7 7 0.0792103 -0.000176374 -7.26404e-05 
9 7 7 0.0790414 -0.000142531 -4.16605e-05 
10 7 7 0.0790757 -0.000100976 -8.4184e-06 
11 7 7 0.0792967 -5.98019e-05 2.19513e-05 
12 7 7 0.0796594 -2.6606e-05 4.39078e-05 
13 7 7 0.0800726 -9.42081e-06 4.6355e-05 
14 7 7 0.0801527 -1.67285e-05 -0.000102802 
15 7 7 0.0777411 -0.000312045 0.00164026 
0 8 8 0.08605 -5.7204e-05 0.000206 
1 8 8 0.0870603 -2.96031e-05 0.000106227 
2 8 8 0.0873831 -4.29025e-05 2.39218e-05 
3 8 8 0.0871787 -8.27719e-05 -3.10725e-05 
4 8 8 0.0866491 -0.00013135 -5.82869e-05 
5 8 8 0.085982 -0.000174561 -6.48069e-05 
6 8 8 0.0853217 -0.000201522 -5.64211e-05 
7 8 8 0.0847708 -0.000207655 -3.93269e-05 
8 8 8 0.0843946 -0.0001927 -1.73251e-05 
9 8 8 0.0842285 -0.000161145 5.76236e-06 
10 8 8 0.0842806 -0.000119931 2.8361e-05 
11 8 8 0.0845319 -7.73367e-05 4.7646e-05 
12 8 8 0.0849329 -4.03304e-05 6.00339e-05 
13 8 8 0.085384 -1.16829e-05 5.51385e-05 
14 8 8 0.0854759 1.27269e-05 -0.000108575 
15 8 8 0.0829655 0.000261232 0.00173839 
0 9 9 0 0 0 
1 9 9 0 0 0 
2 9 9 0 0 0 
3 9 9 0 0 0 
4 9 9 0 0 0 
5 9 9 0 0 0 
6 9 9 0 0 0 
7 9 9 0 0 0 
8 9 9 0 0 0 
9 9 9 0 0 0 
10 9 9 0 0 0 
11 9 9 0 0 0 
12 9 9 0 0 0 
13 9 9 0 0 0 
14 9 9 0 0 0 
15 9 9 0 0 0 
0 10 10 0 0 0 
1 10 10 0 0 0 
2 10 10 0 0 0 
3 10 10 0 0 0 
4 10 10 0 0 0 
5 10 10 0 0 0 
6 10 10 0 0 0 
7 10 10 0 0 0 
8 10 10 0 0 0 
9 10 10 0 0 0 
10 10 10 0 0 0 
11 10 10 0 0 0 
12 10 10 0 0 0 
13 10 10 0 0 0 
14 10 10 0 0 0 
15 10 10 0 0 0 
0 11 11 0 0 0 
1 11 11 0 0 0 
2 11 11 0 0 0 
3 11 11 0 0 0 
4 11 11 0 0 0 
5 11 11 0 0 0 
6 11 11 0 0 0 
7 11 11 0 0 0 
8 11 11 0 0 0 
9 11 11 0 0 0 
10 11 11 0 0 0 
11 11 11 0 0 0 
12 11 11 0 0 0 
13 11 11 0 0 0 
14 11 11 0 0 0 
15 11 11 0 0 0 
0 12 12 0 0 0 
1 12 12 0 0 0 
2 12 12 0 0 0 
3 12 12 0 0 0 
4 12 12 0 0 0 
5 12 12 0 0 0 
6 12 12 0 0 0 
7 12 12 0 0 0 
8 12 12 0 0 0 
9 12 12 0 0 0 
10 12 12 0 0 0 
11 12 12 0 0 0 
12 12 12 0 0 0 
13 12 12 0 0 0 
14 12 12 0 0 0 
15 12 12 0 0 0 
0 13 13 0 0 0 
1 13 13 0 0 0 
2 13 13 0 0 0 
3 13 13 0 0 0 
4 13 13 0 0 0 
5 13 13 0 0 0 
6 13 13 0 0 0 
7 13 13 0 0 0 
8 13 13 0 0 0 
9 13 13 0 0 0 
10 13 13 0 0 0 
11 13 13 0 0 0 
12 13 13 0 0 0 
13 13 13 0 0 0 
14 13 13 0 0 0 
15 13 13 0 0 0 
0 14 14 0 0 0 
1 14 14 0 0 0 
2 14 14 0 0 0 
3 14 14 0 0 0 
4 14 14 0 0 0 
5 14 14 0 0 0 
6 14 14 0 0 0 
7 14 14 0 0 0 
8 14 14 0 0 0 
9 14 14 0 0 0 
10 14 14 0 0 0 
11 14 14 0 0 0 
12 14 14 0 0 0 
13 14 14 0 0 0 
14 14 14 0 0 0 
15 14 14 0 0 0 
0 15 15 0 0 0 
1 15 15 0 0 0 
2 15 15 0 0 0 
3 15 15 0 0 0 
4 15 15 0 0 0 
5 15 15 0 0 0 
6 15 15 0 0 0 
7 15 15 0 0 0 
8 15 15 0 0 0 
9 15 15 0 0 0 
10 15 15 0 0 0 
11 15 15 0 0 0 
12 15 15 0 0 0 
13 15 15 0 0 0 
14 15 15 0 0 0 
15 15 15 0 0 0 
0 0 0 0 0 0 
1 0 0 0 0 0 
2 0 0 0 0 0 
3 0 0 0 0 0 
4 0 0 0 0 0 
5 0 0 0 0 0 
6 0 0 0 0 0 
7 0 0 0 0 0 
8 0 0 0 0 0 
9 0 0 0 0 0 
10 0 0 0 0 0 
11 0 0 0 0 0 
12 0 0 0 0 0 
13 0 0 0 0 0 
14 0 0 0 0 0 
15 0 0 0 0 0 
0 1 1 0 0 0 
1 1 1 0 0 0 
2 1 1 0 0 0 
3 1 1 0 0 0 
4 1 1 0 0 0 
5 1 1 0 0 0 
6 1 1 0 0 0 
7 1 1 0 0 0 
8 1 1 0 0 0 
9 1 1 0 0 0 
10 1 1 0 0 0 
11 1 1 0 0 0 
12 1 1 0 0 0 
13 1 1 0 0 0 
14 1 1 0 0 0 
15 1 1 0 0 0 
0 2 2 0 0 0 
1 2 2 0 0 0 
2 2 2 0 0 0 
3 2 2 0 0 0 
4 2 2 0 0 0 
5 2 2 0 0 0 
6 2 2 0 0 0 
7 2 2 0 0 0 
8 2 2 0 0 0 
9 2 2 0 0 0 
10 2 2 0 0 0 
11 2 2 0 0 0 
12 2 2 0 0 0 
13 2 2 0 0 0 
14 2 2 0 0 0 
15 2 2 0 0 0 
0 3 3 0 0 0 
1 3 3 0 0 0 
2 3 3 0 0 0 
3 3 3 0 0 0 
4 3 3 0 0 0 
5 3 3 0 0 0 
6 3 3 0 0 0 
7 3 3 0 0 0 
8 3 3 0 0 0 
9 3 3 0 0 0 
10 3 3 0 0 0 
11 3 3 0 0 0 
12 3 3 0 0 0 
13 3 3 0 0 0 
14 3 3 0 0 0 
15 3 3 0 0 0 
0 4 4 0 0 0 
1 4 4 0 0 0 
2 4 4 0 0 0 
3 4 4 0 0 0 
4 4 4 0 0 0 
5 4 4 0 0 0 
6 4 4 0 0 0 
7 4 4 0 0 0 
8 4 4 0 0 0 
9 4 4 0 0 0 
10 4 4 0 0 0 
11 4 4 0 0 0 
12 4 4 0 0 0 
13 4 4 0 0 0 
14 4 4 0 0 0 
15 4 4 0 0 0 
0 5 5 0 0 0 
1 5 5 0 0 0 
2 5 5 0 0 0 
3 5 5 0 0 0 
4 5 5 0 0 0 
5 5 5 0 0 0 
6 5 5 0 0 0 
7 5 5 0 0 0 
8 5 5 0 0 0 
9 5 5 0 0 0 
10 5 5 0 0 0 
11 5 5 0 0 0 
12 5 5 0 0 0 
13 5 5 0 0 0 
14 5 5 0 0 0 
15 5 5 0 0 0 
0 6 6 0 0 0 
1 6 6 0 0 0 
2 6 6 0 0 0 
3 6 6 0 0 0 
4 6 6 0 0 0 
5 6 6 0 0 0 
6 6 6 0 0 0 
7 6 6 0 0 0 
8 6 6 0 0 0 
9 6 6 0 0 0 
10 6 6 0 0 0 
11 6 6 0 0 0 
12 6 6 0 0 0 
13 6 6 0 0 0 
14 6 6 0 0 0 
15 6 6 0 0 0 
0 7 7 0 0 0 
1 7 7 0 0 0 
2 7 7 0 0 0 
3 7 7 0 0 0 
4 7 7 0 0 0 
5 7 7 0 0 0 
6 7 7 0 0 0 
7 7 7 0 0 0 
8 7 7 0 0 0 
9 7 7 0 0 0 
10 7 7 0 0 0 
11 7 7 0 0 0 
12 7 7 0 0 0 
13 7 7 0 0 0 
14 7 7 0 0 0 
15 7 7 0 0 0 
0 8 8 0 0 0 
1 8 8 0 0 0 
2 8 8 0 0 0 
3 8 8 0 0 0 
4 8 8 0 0 0 
5 8 8 0 0 0 
6 8 8 0 0 0 
7 8 8 0 0 0 
8 8 8 0 0 0 
9 8 8 0 0 0 
10 8 8 0 0 0 
11 8 8 0 0 0 
12 8 8 0 0 0 
13 8 8 0 0 0 
14 8 8 0 0 0 
15 8 8 0 0 0 
0 9 9 0 0 0 
1 9 9 0 0 0 
2 9 9 0 0 0 
3 9 9 0 0 0 
4 9 9 0 0 0 
5 9 9 0 0 0 
6 9 9 0 0 0 
7 9 9 0 0 0 
8 9 9 0 0 0 
9 9 9 0 0 0 
10 9 9 0 0 0 
11 9 9 0 0 0 
12 9 9 0 0 0 
13 9 9 0 0 0 
14 9 9 0 0 0 
15 9 9 0 0 0 
0 10 10 0 0 0 
1 10 10 0 0 0 
2 10 10 0 0 0 
3 10 10 0 0 0 
4 10 10 0 0 0 
5 10 10 0 0 0 
6 10 10 0 0 0 
7 10 10 0 0 0 
8 10 10 0 0 0 
9 10 10 0 0 0 
10 10 10 0 0 0 
11 10 10 0 0 0 
12 10 10 0 0 0 
13 10 10 0 0 0 
14 10 10 0 0 0 
15 10 10 0 0 0 
0 11 11 0 0 0 
1 11 11 0 0 0 
2 11 11 0 0 0 
3 11 11 0 0 0 
4 11 11 0 0 0 
5 11 11 0 0 0 
6 11 11 0 0 0 
7 11 11 0 0 0 
8 11 11 0 0 0 
9 11 11 0 0 0 
10 11 11 0 0 0 
11 11 11 0 0 0 
12 11 11 0 0 0 
13 11 11 0 0 0 
14 11 11 0 0 0 
15 11 11 0 0 0 
0 12 12 0 0 0 
1 12 12 0 0 0 
2 12 12 0 0 0 
3 12 12 0 0 0 
4 12 12 0 0 0 
5 12 12 0 0 0 
6 12 12 0 0 0 
7 12 12 0 0 0 
8 12 12 0 0 0 
9 12 12 0 0 0 
10 12 12 0 0 0 
11 12 12 0 0 0 
12 12 12 0 0 0 
13 12 12 0 0 0 
14 12 12 0 0 0 
15 12 12 0 0 0 
0 13 13 0 0 0 
1 13 13 0 0 0 
2 13 13 0 0 0 
3 13 13 0 0 0 
4 13 13 0 0 0 
5 13 13 0 0 0 
6 13 13 0 0 0 
7 13 13 0 0 0 
8 13 13 0 0 0 
9 13 13 0 0 0 
10 13 13 0 0 0 
11 13 13 0 0 0 
12 13 13 0 0 0 
13 13 13 0 0 0 
14 13 13 0 0 0 
15 13 13 0 0 0 
0 14 14 0 0 0 
1 14 14 0 0 0 
2 14 14 0 0 0 
3 14 14 0 0 0 
4 14 14 0 0 0 
5 14 14 0 0 0 
6 14 14 0 0 0 
7 14 14 0 0 0 
8 14 14 0 0 0 
9 14 14 0 0 0 
10 14 14 0 0 0 
11 14 14 0 0 0 
12 14 14 0 0 0 
13 14 14 0 0 0 
14 14 14 0 0 0 
15 14 14 0 0 0 
0 15 15 0 0 0 
1 15 15 0 0 0 
2 15 15 0 0 0 
3 15 15 0 0 0 
4 15 15 0 0 0 
5 15 15 0 0 0 
6 15 15 0 0 0 
7 15 15 0 0 0 
8 15 15 0 0 0 
9 15 15 0 0 0 
10 15 15 0 0 0 
11 15 15 0 0 0 
12 15 15 0 0 0 
13 15 15 0 0 0 
14 15 15 0 0 0 
15 15 15 0 0 0 
0 0 0 0 0 0 
1 0 0 0 0 0 
2 0 0 0 0 0 
3 0 0 0 0 0 
4 0 0 0 0 0 
5 0 0 0 0 0 
6 0 0 0 0 0 
7 0 0 0 0 0 
8 0 0 0 0 0 
9 0 0 0 0 0 
10 0 0 0 0 0 
11 0 0 0 0 0 
12 0 0 0 0 0 
13 0 0 0 0 0 
14 0 0 0 0 0 
15 0 0 0 0 0 
0 1 1 0 0 0 
1 1 1 0 0 0 
2 1 1 0 0 0 
3 1 1 0 0 0 
4 1 1 0 0 0 
5 1 1 0 0 0 
6 1 1 0 0 0 
7 1 1 0 0 0 
8 1 1 0 0 0 
9 1 1 0 0 0 
10 1 1 0 0 0 
11 1 1 0 0 0 
12 1 1 0 0 0 
13 1 1 0 0 0 
14 1 1 0 0 0 
15 1 1 0 0 0 
0 2 2 0 0 0 
1 2 2 0 0 0 
2 2 2 0 0 0 
3 2 2 0 0 0 
4 2 2 0 0 0 
5 2 2 0 0 0 
6 2 2 0 0 0 
7 2 2 0 0 0 
8 2 2 0 0 0 
9 2 2 0 0 0 
10 2 2 0 0 0 
11 2 2 0 0 0 
12 2 2 0 0 0 
13 2 2 0 0 0 
14 2 2 0 0 0 
15 2 2 0 0 0 
0 3 3 0 0 0 
1 3 3 0 0 0 
2 3 3 0 0 0 
3 3 3 0 0 0 
4 3 3 0 0 0 
5 3 3 0 0 0 
6 3 3 0 0 0 
7 3 3 0 0 0 
8 3 3 0 0 0 
9 3 3 0 0 0 
10 3 3 0 0 0 
11 3 3 0 0 0 
12 3 3 0 0 0 
13 3 3 0 0 0 
14 3 3 0 0 0 
15 3 3 0 0 0 
0 4 4 0 0 0 
1 4 4 0 0 0 
2 4 4 0 0 0 
3 4 4 0 0 0 
4 4 4 0 0 0 
5 4 4 0 0 0 
6 4 4 0 0 0 
7 4 4 0 0 0 
8 4 4 0 0 0 
9 4 4 0 0 0 
10 4 4 0 0 0 
11 4 4 0 0 0 
12 4 4 0 0 0 
13 4 4 0 0 0 
14 4 4 0 0 0 
15 4 4 0 0 0 
0 5 5 0 0 0 
1 5 5 0 0 0 
2 5 5 0 0 0 
3 5 5 0 0 0 
4 5 5 0 0 0 
5 5 5 0 0 0 
6 5 5 0 0 0 
7 5 5 0 0 0 
8 5 5 0 0 0 
9 5 5 0 0 0 
10 5 5 0 0 0 
11 5 5 0 0 0 
12 5 5 0 0 0 
13 5 5 0 0 0 
14 5 5 0 0 0 
15 5 5 0 0 0 
0 6 6 0 0 0 
1 6 6 0 0 0 
2 6 6 0 0 0 
3 6 6 0 0 0 
4 6 6 0 0 0 
5 6 6 0 0 0 
6 6 6 0 0 0 
7 6 6 0 0 0 
8 6 6 0 0 0 
9 6 6 0 0 0 
10 6 6 0 0 0 
11 6 6 0 0 0 
12 6 6 0 0 0 
13 6 6 0 0 0 
14 6 6 0 0 0 
15 6 6 0 0 0 
0 7 7 0 0 0 
1 7 7 0 0 0 
2 7 7 0 0 0 
3 7 7 0 0 0 
4 7 7 0 0 0 
5 7 7 0 0 0 
6 7 7 0 0 0 
7 7 7 0 0 0 
8 7 7 0 0 0 
9 7 7 0 0 0 
10 7 7 0 0 0 
11 7 7 0 0 0 
12 7 7 0 0 0 
13 7 7 0 0 0 
14 7 7 0 0 0 
15 7 7 0 0 0 
0 8 8 0 0 0 
1 8 8 0 0 0 
2 8 8 0 0 0 
3 8 8 0 0 0 
4 8 8 0 0 0 
5 8 8 0 0 0 
6 8 8 0 0 0 
7 8 8 0 0 0 
8 8 8 0 0 0 
9 8 8 0 0 0 
10 8 8 0 0 0 
11 8 8 0 0 0 
12 8 8 0 0 0 
13 8 8 0 0 0 
14 8 8 0 0 0 
15 8 8 0 0 0 
0 9 9 0 0 0 
1 9 9 0 0 0 
2 9 9 0 0 0 
3 9 9 0 0 0 
4 9 9 0 0 0 
5 9 9 0 0 0 
6 9 9 0 0 0 
7 9 9 0 0 0 
8 9 9 0 0 0 
9 9 9 0 0 0 
10 9 9 0 0 0 
11 9 9 0 0 0 
12 9 9 0 0 0 
13 9 9 0 0 0 
14 9 9 0 0 0 
15 9 9 0 0 0 
0 10 10 0 0 0 
1 10 10 0 0 0 
2 10 10 0 0 0 
3 10 10 0 0 0 
4 10 10 0 0 0 
5 10 10 0 0 0 
6 10 10 0 0 0 
7 10 10 0 0 0 
8 10 10 0 0 0 
9 10 10 0 0 0 
10 10 10 0 0 0 
11 10 10 0 0 0 
12 10 10 0 0 0 
13 10 10 0 0 0 
14 10 10 0 0 0 
15 10 10 0 0 0 
0 11 11 0 0 0 
1 11 11 0 0 0 
2 11 11 0 0 0 
3 11 11 0 0 0 
4 11 11 0 0 0 
5 11 11 0 0 0 
6 11 11 0 0 0 
7 11 11 0 0 0 
8 11 11 0 0 0 
9 11 11 0 0 0 
10 11 11 0 0 0 
11 11 11 0 0 0 
12 11 11 0 0 0 
13 11 11 0 0 0 
14 11 11 0 0 0 
15 11 11 0 0 0 
0 12 12 0 0 0 
1 12 12 0 0 0 
2 12 12 0 0 0 
3 12 12 0 0 0 
4 12 12 0 0 0 
5 12 12 0 0 0 
6 12 12 0 0 0 
7 12 12 0 0 0 
8 12 12 0 0 0 
9 12 12 0 0 0 
10 12 12 0 0 0 
11 12 12 0 0 0 
12 12 12 0 0 0 
13 12 12 0 0 0 
14 12 12 0 0 0 
15 12 12 0 0 0 
0 13 13 0 0 0 
1 13 13 0 0 0 
2 13 13 0 0 0 
3 13 13 0 0 0 
4 13 13 0 0 0 
5 13 13 0 0 0 
6 13 13 0 0 0 
7 13 13 0 0 0 
8 13 13 0 0 0 
9 13 13 0 0 0 
10 13 13 0 0 0 
11 13 13 0 0 0 
12 13 13 0 0 0 
13 13 13 0 0 0 
14 13 13 0 0 0 
15 13 13 0 0 0 
0 14 14 0 0 0 
1 14 14 0 0 0 
2 14 14 0 0 0 
3 14 14 0 0 0 
4 14 14 0 0 0 
5 14 14 0 0 0 
6 14 14 0 0 0 
7 14 14 0 0 0 
8 14 14 0 0 0 
9 14 14 0 0 0 
10 14 14 0 0 0 
11 14 14 0 0 0 
12 14 14 0 0 0 
13 14 14 0 0 0 
14 14 14 0 0 0 
15 14 14 0 0 0 
0 15 15 0 0 0 
1 15 15 0 0 0 
2 15 15 0 0 0 
3 15 15 0 0 0 
4 15 15 0 0 0 
5 15 15 0 0 0 
6 15 15 0 0 0 
7 15 15 0 0 0 
8 15 15 0 0 0 
9 15 15 0 0 0 
10 15 15 0 0 0 
11 15 15 0 0 0 
12 15 15 0 0 0 
13 15 15 0 0 0 
14 15 15 0 0 0 
15 15 15 0 0 0 
0 0 0 0 0 0 
1 0 0 0 0 0 
2 0 0 0 0 0 
3 0 0 0 0 0 
4 0 0 0 0 0 
5 0 0 0 0 0 
6 0 0 0 0 0 
7 0 0 0 0 0 
8 0 0 0 0 0 
9 0 0 0 0 0 
10 0 0 0 0 0 
11 0 0 0 0 0 
12 0 0 0 0 0 
13 0 0 0 0 0 
14 0 0 0 0 0 
15 0 0 0 0 0 
0 1 1 0 0 0 
1 1 1 0 0 0 
2 1 1 0 0 0 
3 1 1 0 0 0 
4 1 1 0 0 0 
5 1 1 0 0 0 
6 1 1 0 0 0 
7 1 1 0 0 0 
8 1 1 0 0 0 
9 1 1 0 0 0 
10 1 1 0 0 0 
11 1 1 0 0 0 
12 1 1 0 0 0 
13 1 1 0 0 0 
14 1 1 0 0 0 
15 1 1 0 0 0 
0 2 2 0 0 0 
1 2 2 0 0 0 
2 2 2 0 0 0 
3 2 2 0 0 0 
4 2 2 0 0 0 
5 2 2 0 0 0 
6 2 2 0 0 0 
7 2 2 0 0 0 
8 2 2 0 0 0 
9 2 2 0 0 0 
10 2 2 0 0 0 
11 2 2 0 0 0 
12 2 2 0 0 0 
13 2 2 0 0 0 
14 2 2 0 0 0 
15 2 2 0 0 0 
0 3 3 0 0 0 
1 3 3 0 0 0 
2 3 3 0 0 0 
3 3 3 0 0 0 
4 3 3 0 0 0 
5 3 3 0 0 0 
6 3 3 0 0 0 
7 3 3 0 0 0 
8 3 3 0 0 0 
9 3 3 0 0 0 
10 3 3 0 0 0 
11 3 3 0 0 0 
12 3 3 0 0 0 
13 3 3 0 0 0 
14 3 3 0 0 0 
15 3 3 0 0 0 
0 4 4 0 0 0 
1 4 4 0 0 0 
2 4 4 0 0 0 
3 4 4 0 0 0 
4 4 4 0 0 0 
5 4 4 0 0 0 
6 4 4 0 0 0 
7 4 4 0 0 0 
8 4 4 0 0 0 
9 4 4 0 0 0 
10 4 4 0 0 0 
11 4 4 0 0 0 
12 4 4 0 0 0 
13 4 4 0 0 0 
14 4 4 0 0 0 
15 4 4 0 0 0 
0 5 5 0 0 0 
1 5 5 0 0 0 
2 5 5 0 0 0 
3 5 5 0 0 0 
4 5 5 0 0 0 
5 5 5 0 0 0 
6 5 5 0 0 0 
7 5 5 0 0 0 
8 5 5 0 0 0 
9 5 5 0 0 0 
10 5 5 0 0 0 
11 5 5 0 0 0 
12 5 5 0 0 0 
13 5 5 0 0 0 
14 5 5 0 0 0 
15 5 5 0 0 0 
0 6 6 0 0 0 
1 6 6 0 0 0 
2 6 6 0 0 0 
3 6 6 0 0 0 
4 6 6 0 0 0 
5 6 6 0 0 0 
6 6 6 0 0 0 
7 6 6 0 0 0 
8 6 6 0 0 0 
9 6 6 0 0 0 
10 6 6 0 0 0 
11 6 6 0 0 0 
12 6 6 0 0 0 
13 6 6 0 0 0 
14 6 6 0 0 0 
15 6 6 0 0 0 
0 7 7 0 0 0 
1 7 7 0 0 0 
2 7 7 0 0 0 
3 7 7 0 0 0 
4 7 7 0 0 0 
5 7 7 0 0 0 
6 7 7 0 0 0 
7 7 7 0 0 0 
8 7 7 0 0 0 
9 7 7 0 0 0 
10 7 7 0 0 0 
11 7 7 0 0 0 
12 7 7 0 0 0 
13 7 7 0 0 0 
14 7 7 0 0 0 
15 7 7 0 0 0 
0 8 8 0 0 0 
1 8 8 0 0 0 
2 8 8 0 0 0 
3 8 8 0 0 0 
4 8 8 0 0 0 
5 8 8 0 0 0 
6 8 8 0 0 0 
7 8 8 0 0 0 
8 8 8 0 0 0 
9 8 8 0 0 0 
10 8 8 0 0 0 
11 8 8 0 0 0 
12 8 8 0 0 0 
13 8 8 0 0 0 
14 8 8 0 0 0 
15 8 8 0 0 0 
0 9 9 0 0 0 
1 9 9 0 0 0 
2 9 9 0 0 0 
3 9 9 0 0 0 
4 9 9 0 0 0 
5 9 9 0 0 0 
6 9 9 0 0 0 
7 9 9 0 0 0 
8 9 9 0 0 0 
9 9 9 0 0 0 
10 9 9 0 0 0 
11 9 9 0 0 0 
12 9 9 0 0 0 
13 9 9 0 0 0 
14 9 9 0 0 0 
15 9 9 0 0 0 
0 10 10 0 0 0 
1 10 10 0 0 0 
2 10 10 0 0 0 
3 10 10 0 0 0 
4 10 10 0 0 0 
5 10 10 0 0 0 
6 10 10 0 0 0 
7 10 10 0 0 0 
8 10 10 0 0 0 
9 10 10 0 0 0 
10 10 10 0 0 0 
11 10 10 0 0 0 
12 10 10 0 0 0 
13 10 10 0 0 0 
14 10 10 0 0 0 
15 10 10 0 0 0 
0 11 11 0 0 0 
1 11 11 0 0 0 
2 11 11 0 0 0 
3 11 11 0 0 0 
4 11 11 0 0 0 
5 11 11 0 0 0 
6 11 11 0 0 0 
7 11 11 0 0 0 
8 11 11 0 0 0 
9 11 11 0 0 0 
10 11 11 0 0 0 
11 11 11 0 0 0 
12 11 11 0 0 0 
13 11 11 0 0 0 
14 11 11 0 0 0 
15 11 11 0 0 0 
0 12 12 0 0 0 
1 12 12 0 0 0 
2 12 12 0 0 0 
3 12 12 0 0 0 
4 12 12 0 0 0 
5 12 12 0 0 0 
6 12 12 0 0 0 
7 12 12 0 0 0 
8 12 12 0 0 0 
9 12 12 0 0 0 
10 12 12 0 0 0 
11 12 12 0 0 0 
12 12 12 0 0 0 
13 12 12 0 0 0 
14 12 12 0 0 0 
15 12 12 0 0 0 
0 13 13 0 0 0 
1 13 13 0 0 0 
2 13 13 0 0 0 
3 13 13 0 0 0 
4 13 13 0 0 0 
5 13 13 0 0 0 
6 13 13 0 0 0 
7 13 13 0 0 0 
8 13 13 0 0 0 
9 13 13 0 0 0 
10 13 13 0 0 0 
11 13 13 0 0 0 
12 13 13 0 0 0 
13 13 13 0 0 0 
14 13 13 0 0 0 
15 13 13 0 0 0 
0 14 14 0 0 0 
1 14 14 0 0 0 
2 14 14 0 0 0 
3 14 14 0 0 0 
4 14 14 0 0 0 
5 14 14 0 0 0 
6 14 14 0 0 0 
7 14 14 0 0 0 
8 14 14 0 0 0 
9 14 14 0 0 0 
10 14 14 0 0 0 
11 14 14 0 0 0 
12 14 14 0 0 0 
13 14 14 0 0 0 
14 14 14 0 0 0 
15 14 14 0 0 0 
0 15 15 0 0 0 
1 15 15 0 0 0 
2 15 15 0 0 0 
3 15 15 0 0 0 
4 15 15 0 0 0 
5 15 15 0 0 0 
6 15 15 0 0 0 
7 15 15 0 0 0 
8 15 15 0 0 0 
9 15 15 0 0 0 
10 15 15 0 0 0 
11 15 15 0 0 0 
12 15 15 0 0 0 
13 15 15 0 0 0 
14 15 15 0 0 0 
15 15 15 0 0 0 
