0 0 0 0 0 0 
1 0 0 0 0 0 
2 0 0 0 0 0 
3 0 0 0 0 0 
4 0 0 0 0 0 
5 0 0 0 0 0 
6 0 0 0 0 0 
7 0 0 0 0 0 
8 0 0 0 0 0 
9 0 0 0 0 0 
10 0 0 0 0 0 
11 0 0 0 0 0 
12 0 0 0 0 0 
13 0 0 0 0 0 
14 0 0 0 0 0 
15 0 0 0 0 0 
0 1 1 0 0 0 
1 1 1 0 0 0 
2 1 1 0 0 0 
3 1 1 0 0 0 
4 1 1 0 0 0 
5 1 1 0 0 0 
6 1 1 0 0 0 
7 1 1 0 0 0 
8 1 1 0 0 0 
9 1 1 0 0 0 
10 1 1 0 0 0 
11 1 1 0 0 0 
12 1 1 0 0 0 
13 1 1 0 0 0 
14 1 1 0 0 0 
15 1 1 0 0 0 
0 2 2 0 0 0 
1 2 2 0 0 0 
2 2 2 0 0 0 
3 2 2 0 0 0 
4 2 2 0 0 0 
5 2 2 0 0 0 
6 2 2 0 0 0 
7 2 2 0 0 0 
8 2 2 0 0 0 
9 2 2 0 0 0 
10 2 2 0 0 0 
11 2 2 0 0 0 
12 2 2 0 0 0 
13 2 2 0 0 0 
14 2 2 0 0 0 
15 2 2 0 0 0 
0 3 3 0 0 0 
1 3 3 0 0 0 
2 3 3 0 0 0 
3 3 3 0 0 0 
4 3 3 0 0 0 
5 3 3 0 0 0 
6 3 3 0 0 0 
7 3 3 0 0 0 
8 3 3 0 0 0 
9 3 3 0 0 0 
10 3 3 0 0 0 
11 3 3 0 0 0 
12 3 3 0 0 0 
13 3 3 0 0 0 
14 3 3 0 0 0 
15 3 3 0 0 0 
0 4 4 0 0 0 
1 4 4 0 0 0 
2 4 4 0 0 0 
3 4 4 0 0 0 
4 4 4 0 0 0 
5 4 4 0 0 0 
6 4 4 0 0 0 
7 4 4 0 0 0 
8 4 4 0 0 0 
9 4 4 0 0 0 
10 4 4 0 0 0 
11 4 4 0 0 0 
12 4 4 0 0 0 
13 4 4 0 0 0 
14 4 4 0 0 0 
15 4 4 0 0 0 
0 5 5 0 0 0 
1 5 5 0 0 0 
2 5 5 0 0 0 
3 5 5 0 0 0 
4 5 5 0 0 0 
5 5 5 0 0 0 
6 5 5 0 0 0 
7 5 5 0 0 0 
8 5 5 0 0 0 
9 5 5 0 0 0 
10 5 5 0 0 0 
11 5 5 0 0 0 
12 5 5 0 0 0 
13 5 5 0 0 0 
14 5 5 0 0 0 
15 5 5 0 0 0 
0 6 6 0 0 0 
1 6 6 0 0 0 
2 6 6 0 0 0 
3 6 6 0 0 0 
4 6 6 0 0 0 
5 6 6 0 0 0 
6 6 6 0 0 0 
7 6 6 0 0 0 
8 6 6 0 0 0 
9 6 6 0 0 0 
10 6 6 0 0 0 
11 6 6 0 0 0 
12 6 6 0 0 0 
13 6 6 0 0 0 
14 6 6 0 0 0 
15 6 6 0 0 0 
0 7 7 0 0 0 
1 7 7 0 0 0 
2 7 7 0 0 0 
3 7 7 0 0 0 
4 7 7 0 0 0 
5 7 7 0 0 0 
6 7 7 0 0 0 
7 7 7 0 0 0 
8 7 7 0 0 0 
9 7 7 0 0 0 
10 7 7 0 0 0 
11 7 7 0 0 0 
12 7 7 0 0 0 
13 7 7 0 0 0 
14 7 7 0 0 0 
15 7 7 0 0 0 
0 8 8 0 0 0 
1 8 8 0 0 0 
2 8 8 0 0 0 
3 8 8 0 0 0 
4 8 8 0 0 0 
5 8 8 0 0 0 
6 8 8 0 0 0 
7 8 8 0 0 0 
8 8 8 0 0 0 
9 8 8 0 0 0 
10 8 8 0 0 0 
11 8 8 0 0 0 
12 8 8 0 0 0 
13 8 8 0 0 0 
14 8 8 0 0 0 
15 8 8 0 0 0 
0 9 9 0 0 0 
1 9 9 0 0 0 
2 9 9 0 0 0 
3 9 9 0 0 0 
4 9 9 0 0 0 
5 9 9 0 0 0 
6 9 9 0 0 0 
7 9 9 0 0 0 
8 9 9 0 0 0 
9 9 9 0 0 0 
10 9 9 0 0 0 
11 9 9 0 0 0 
12 9 9 0 0 0 
13 9 9 0 0 0 
14 9 9 0 0 0 
15 9 9 0 0 0 
0 10 10 0 0 0 
1 10 10 0 0 0 
2 10 10 0 0 0 
3 10 10 0 0 0 
4 10 10 0 0 0 
5 10 10 0 0 0 
6 10 10 0 0 0 
7 10 10 0 0 0 
8 10 10 0 0 0 
9 10 10 0 0 0 
10 10 10 0 0 0 
11 10 10 0 0 0 
12 10 10 0 0 0 
13 10 10 0 0 0 
14 10 10 0 0 0 
15 10 10 0 0 0 
0 11 11 0 0 0 
1 11 11 0 0 0 
2 11 11 0 0 0 
3 11 11 0 0 0 
4 11 11 0 0 0 
5 11 11 0 0 0 
6 11 11 0 0 0 
7 11 11 0 0 0 
8 11 11 0 0 0 
9 11 11 0 0 0 
10 11 11 0 0 0 
11 11 11 0 0 0 
12 11 11 0 0 0 
13 11 11 0 0 0 
14 11 11 0 0 0 
15 11 11 0 0 0 
0 12 12 0 0 0 
1 12 12 0 0 0 
2 12 12 0 0 0 
3 12 12 0 0 0 
4 12 12 0 0 0 
5 12 12 0 0 0 
6 12 12 0 0 0 
7 12 12 0 0 0 
8 12 12 0 0 0 
9 12 12 0 0 0 
10 12 12 0 0 0 
11 12 12 0 0 0 
12 12 12 0 0 0 
13 12 12 0 0 0 
14 12 12 0 0 0 
15 12 12 0 0 0 
0 13 13 0 0 0 
1 13 13 0 0 0 
2 13 13 0 0 0 
3 13 13 0 0 0 
4 13 13 0 0 0 
5 13 13 0 0 0 
6 13 13 0 0 0 
7 13 13 0 0 0 
8 13 13 0 0 0 
9 13 13 0 0 0 
10 13 13 0 0 0 
11 13 13 0 0 0 
12 13 13 0 0 0 
13 13 13 0 0 0 
14 13 13 0 0 0 
15 13 13 0 0 0 
0 14 14 0 0 0 
1 14 14 0 0 0 
2 14 14 0 0 0 
3 14 14 0 0 0 
4 14 14 0 0 0 
5 14 14 0 0 0 
6 14 14 0 0 0 
7 14 14 0 0 0 
8 14 14 0 0 0 
9 14 14 0 0 0 
10 14 14 0 0 0 
11 14 14 0 0 0 
12 14 14 0 0 0 
13 14 14 0 0 0 
14 14 14 0 0 0 
15 14 14 0 0 0 
0 15 15 0 0 0 
1 15 15 0 0 0 
2 15 15 0 0 0 
3 15 15 0 0 0 
4 15 15 0 0 0 
5 15 15 0 0 0 
6 15 15 0 0 0 
7 15 15 0 0 0 
8 15 15 0 0 0 
9 15 15 0 0 0 
10 15 15 0 0 0 
11 15 15 0 0 0 
12 15 15 0 0 0 
13 15 15 0 0 0 
14 15 15 0 0 0 
15 15 15 0 0 0 
0 0 0 0 0 0 
1 0 0 0 0 0 
2 0 0 0 0 0 
3 0 0 0 0 0 
4 0 0 0 0 0 
5 0 0 0 0 0 
6 0 0 0 0 0 
7 0 0 0 0 0 
8 0 0 0 0 0 
9 0 0 0 0 0 
10 0 0 0 0 0 
11 0 0 0 0 0 
12 0 0 0 0 0 
13 0 0 0 0 0 
14 0 0 0 0 0 
15 0 0 0 0 0 
0 1 1 0 0 0 
1 1 1 0 0 0 
2 1 1 0 0 0 
3 1 1 0 0 0 
4 1 1 0 0 0 
5 1 1 0 0 0 
6 1 1 0 0 0 
7 1 1 0 0 0 
8 1 1 0 0 0 
9 1 1 0 0 0 
10 1 1 0 0 0 
11 1 1 0 0 0 
12 1 1 0 0 0 
13 1 1 0 0 0 
14 1 1 0 0 0 
15 1 1 0 0 0 
0 2 2 0 0 0 
1 2 2 0 0 0 
2 2 2 0 0 0 
3 2 2 0 0 0 
4 2 2 0 0 0 
5 2 2 0 0 0 
6 2 2 0 0 0 
7 2 2 0 0 0 
8 2 2 0 0 0 
9 2 2 0 0 0 
10 2 2 0 0 0 
11 2 2 0 0 0 
12 2 2 0 0 0 
13 2 2 0 0 0 
14 2 2 0 0 0 
15 2 2 0 0 0 
0 3 3 0 0 0 
1 3 3 0 0 0 
2 3 3 0 0 0 
3 3 3 0 0 0 
4 3 3 0 0 0 
5 3 3 0 0 0 
6 3 3 0 0 0 
7 3 3 0 0 0 
8 3 3 0 0 0 
9 3 3 0 0 0 
10 3 3 0 0 0 
11 3 3 0 0 0 
12 3 3 0 0 0 
13 3 3 0 0 0 
14 3 3 0 0 0 
15 3 3 0 0 0 
0 4 4 0 0 0 
1 4 4 0 0 0 
2 4 4 0 0 0 
3 4 4 0 0 0 
4 4 4 0 0 0 
5 4 4 0 0 0 
6 4 4 0 0 0 
7 4 4 0 0 0 
8 4 4 0 0 0 
9 4 4 0 0 0 
10 4 4 0 0 0 
11 4 4 0 0 0 
12 4 4 0 0 0 
13 4 4 0 0 0 
14 4 4 0 0 0 
15 4 4 0 0 0 
0 5 5 0 0 0 
1 5 5 0 0 0 
2 5 5 0 0 0 
3 5 5 0 0 0 
4 5 5 0 0 0 
5 5 5 0 0 0 
6 5 5 0 0 0 
7 5 5 0 0 0 
8 5 5 0 0 0 
9 5 5 0 0 0 
10 5 5 0 0 0 
11 5 5 0 0 0 
12 5 5 0 0 0 
13 5 5 0 0 0 
14 5 5 0 0 0 
15 5 5 0 0 0 
0 6 6 0 0 0 
1 6 6 0 0 0 
2 6 6 0 0 0 
3 6 6 0 0 0 
4 6 6 0 0 0 
5 6 6 0 0 0 
6 6 6 0 0 0 
7 6 6 0 0 0 
8 6 6 0 0 0 
9 6 6 0 0 0 
10 6 6 0 0 0 
11 6 6 0 0 0 
12 6 6 0 0 0 
13 6 6 0 0 0 
14 6 6 0 0 0 
15 6 6 0 0 0 
0 7 7 0 0 0 
1 7 7 0 0 0 
2 7 7 0 0 0 
3 7 7 0 0 0 
4 7 7 0 0 0 
5 7 7 0 0 0 
6 7 7 0 0 0 
7 7 7 0 0 0 
8 7 7 0 0 0 
9 7 7 0 0 0 
10 7 7 0 0 0 
11 7 7 0 0 0 
12 7 7 0 0 0 
13 7 7 0 0 0 
14 7 7 0 0 0 
15 7 7 0 0 0 
0 8 8 0 0 0 
1 8 8 0 0 0 
2 8 8 0 0 0 
3 8 8 0 0 0 
4 8 8 0 0 0 
5 8 8 0 0 0 
6 8 8 0 0 0 
7 8 8 0 0 0 
8 8 8 0 0 0 
9 8 8 0 0 0 
10 8 8 0 0 0 
11 8 8 0 0 0 
12 8 8 0 0 0 
13 8 8 0 0 0 
14 8 8 0 0 0 
15 8 8 0 0 0 
0 9 9 0 0 0 
1 9 9 0 0 0 
2 9 9 0 0 0 
3 9 9 0 0 0 
4 9 9 0 0 0 
5 9 9 0 0 0 
6 9 9 0 0 0 
7 9 9 0 0 0 
8 9 9 0 0 0 
9 9 9 0 0 0 
10 9 9 0 0 0 
11 9 9 0 0 0 
12 9 9 0 0 0 
13 9 9 0 0 0 
14 9 9 0 0 0 
15 9 9 0 0 0 
0 10 10 0 0 0 
1 10 10 0 0 0 
2 10 10 0 0 0 
3 10 10 0 0 0 
4 10 10 0 0 0 
5 10 10 0 0 0 
6 10 10 0 0 0 
7 10 10 0 0 0 
8 10 10 0 0 0 
9 10 10 0 0 0 
10 10 10 0 0 0 
11 10 10 0 0 0 
12 10 10 0 0 0 
13 10 10 0 0 0 
14 10 10 0 0 0 
15 10 10 0 0 0 
0 11 11 0 0 0 
1 11 11 0 0 0 
2 11 11 0 0 0 
3 11 11 0 0 0 
4 11 11 0 0 0 
5 11 11 0 0 0 
6 11 11 0 0 0 
7 11 11 0 0 0 
8 11 11 0 0 0 
9 11 11 0 0 0 
10 11 11 0 0 0 
11 11 11 0 0 0 
12 11 11 0 0 0 
13 11 11 0 0 0 
14 11 11 0 0 0 
15 11 11 0 0 0 
0 12 12 0 0 0 
1 12 12 0 0 0 
2 12 12 0 0 0 
3 12 12 0 0 0 
4 12 12 0 0 0 
5 12 12 0 0 0 
6 12 12 0 0 0 
7 12 12 0 0 0 
8 12 12 0 0 0 
9 12 12 0 0 0 
10 12 12 0 0 0 
11 12 12 0 0 0 
12 12 12 0 0 0 
13 12 12 0 0 0 
14 12 12 0 0 0 
15 12 12 0 0 0 
0 13 13 0 0 0 
1 13 13 0 0 0 
2 13 13 0 0 0 
3 13 13 0 0 0 
4 13 13 0 0 0 
5 13 13 0 0 0 
6 13 13 0 0 0 
7 13 13 0 0 0 
8 13 13 0 0 0 
9 13 13 0 0 0 
10 13 13 0 0 0 
11 13 13 0 0 0 
12 13 13 0 0 0 
13 13 13 0 0 0 
14 13 13 0 0 0 
15 13 13 0 0 0 
0 14 14 0 0 0 
1 14 14 0 0 0 
2 14 14 0 0 0 
3 14 14 0 0 0 
4 14 14 0 0 0 
5 14 14 0 0 0 
6 14 14 0 0 0 
7 14 14 0 0 0 
8 14 14 0 0 0 
9 14 14 0 0 0 
10 14 14 0 0 0 
11 14 14 0 0 0 
12 14 14 0 0 0 
13 14 14 0 0 0 
14 14 14 0 0 0 
15 14 14 0 0 0 
0 15 15 0 0 0 
1 15 15 0 0 0 
2 15 15 0 0 0 
3 15 15 0 0 0 
4 15 15 0 0 0 
5 15 15 0 0 0 
6 15 15 0 0 0 
7 15 15 0 0 0 
8 15 15 0 0 0 
9 15 15 0 0 0 
10 15 15 0 0 0 
11 15 15 0 0 0 
12 15 15 0 0 0 
13 15 15 0 0 0 
14 15 15 0 0 0 
15 15 15 0 0 0 
0 0 0 0 0 0 
1 0 0 0 0 0 
2 0 0 0 0 0 
3 0 0 0 0 0 
4 0 0 0 0 0 
5 0 0 0 0 0 
6 0 0 0 0 0 
7 0 0 0 0 0 
8 0 0 0 0 0 
9 0 0 0 0 0 
10 0 0 0 0 0 
11 0 0 0 0 0 
12 0 0 0 0 0 
13 0 0 0 0 0 
14 0 0 0 0 0 
15 0 0 0 0 0 
0 1 1 0 0 0 
1 1 1 0 0 0 
2 1 1 0 0 0 
3 1 1 0 0 0 
4 1 1 0 0 0 
5 1 1 0 0 0 
6 1 1 0 0 0 
7 1 1 0 0 0 
8 1 1 0 0 0 
9 1 1 0 0 0 
10 1 1 0 0 0 
11 1 1 0 0 0 
12 1 1 0 0 0 
13 1 1 0 0 0 
14 1 1 0 0 0 
15 1 1 0 0 0 
0 2 2 0 0 0 
1 2 2 0 0 0 
2 2 2 0 0 0 
3 2 2 0 0 0 
4 2 2 0 0 0 
5 2 2 0 0 0 
6 2 2 0 0 0 
7 2 2 0 0 0 
8 2 2 0 0 0 
9 2 2 0 0 0 
10 2 2 0 0 0 
11 2 2 0 0 0 
12 2 2 0 0 0 
13 2 2 0 0 0 
14 2 2 0 0 0 
15 2 2 0 0 0 
0 3 3 0 0 0 
1 3 3 0 0 0 
2 3 3 0 0 0 
3 3 3 0 0 0 
4 3 3 0 0 0 
5 3 3 0 0 0 
6 3 3 0 0 0 
7 3 3 0 0 0 
8 3 3 0 0 0 
9 3 3 0 0 0 
10 3 3 0 0 0 
11 3 3 0 0 0 
12 3 3 0 0 0 
13 3 3 0 0 0 
14 3 3 0 0 0 
15 3 3 0 0 0 
0 4 4 0 0 0 
1 4 4 0 0 0 
2 4 4 0 0 0 
3 4 4 0 0 0 
4 4 4 0 0 0 
5 4 4 0 0 0 
6 4 4 0 0 0 
7 4 4 0 0 0 
8 4 4 0 0 0 
9 4 4 0 0 0 
10 4 4 0 0 0 
11 4 4 0 0 0 
12 4 4 0 0 0 
13 4 4 0 0 0 
14 4 4 0 0 0 
15 4 4 0 0 0 
0 5 5 0 0 0 
1 5 5 0 0 0 
2 5 5 0 0 0 
3 5 5 0 0 0 
4 5 5 0 0 0 
5 5 5 0 0 0 
6 5 5 0 0 0 
7 5 5 0 0 0 
8 5 5 0 0 0 
9 5 5 0 0 0 
10 5 5 0 0 0 
11 5 5 0 0 0 
12 5 5 0 0 0 
13 5 5 0 0 0 
14 5 5 0 0 0 
15 5 5 0 0 0 
0 6 6 0 0 0 
1 6 6 0 0 0 
2 6 6 0 0 0 
3 6 6 0 0 0 
4 6 6 0 0 0 
5 6 6 0 0 0 
6 6 6 0 0 0 
7 6 6 0 0 0 
8 6 6 0 0 0 
9 6 6 0 0 0 
10 6 6 0 0 0 
11 6 6 0 0 0 
12 6 6 0 0 0 
13 6 6 0 0 0 
14 6 6 0 0 0 
15 6 6 0 0 0 
0 7 7 0 0 0 
1 7 7 0 0 0 
2 7 7 0 0 0 
3 7 7 0 0 0 
4 7 7 0 0 0 
5 7 7 0 0 0 
6 7 7 0 0 0 
7 7 7 0 0 0 
8 7 7 0 0 0 
9 7 7 0 0 0 
10 7 7 0 0 0 
11 7 7 0 0 0 
12 7 7 0 0 0 
13 7 7 0 0 0 
14 7 7 0 0 0 
15 7 7 0 0 0 
0 8 8 0 0 0 
1 8 8 0 0 0 
2 8 8 0 0 0 
3 8 8 0 0 0 
4 8 8 0 0 0 
5 8 8 0 0 0 
6 8 8 0 0 0 
7 8 8 0 0 0 
8 8 8 0 0 0 
9 8 8 0 0 0 
10 8 8 0 0 0 
11 8 8 0 0 0 
12 8 8 0 0 0 
13 8 8 0 0 0 
14 8 8 0 0 0 
15 8 8 0 0 0 
0 9 9 0 0 0 
1 9 9 0 0 0 
2 9 9 0 0 0 
3 9 9 0 0 0 
4 9 9 0 0 0 
5 9 9 0 0 0 
6 9 9 0 0 0 
7 9 9 0 0 0 
8 9 9 0 0 0 
9 9 9 0 0 0 
10 9 9 0 0 0 
11 9 9 0 0 0 
12 9 9 0 0 0 
13 9 9 0 0 0 
14 9 9 0 0 0 
15 9 9 0 0 0 
0 10 10 0 0 0 
1 10 10 0 0 0 
2 10 10 0 0 0 
3 10 10 0 0 0 
4 10 10 0 0 0 
5 10 10 0 0 0 
6 10 10 0 0 0 
7 10 10 0 0 0 
8 10 10 0 0 0 
9 10 10 0 0 0 
10 10 10 0 0 0 
11 10 10 0 0 0 
12 10 10 0 0 0 
13 10 10 0 0 0 
14 10 10 0 0 0 
15 10 10 0 0 0 
0 11 11 0 0 0 
1 11 11 0 0 0 
2 11 11 0 0 0 
3 11 11 0 0 0 
4 11 11 0 0 0 
5 11 11 0 0 0 
6 11 11 0 0 0 
7 11 11 0 0 0 
8 11 11 0 0 0 
9 11 11 0 0 0 
10 11 11 0 0 0 
11 11 11 0 0 0 
12 11 11 0 0 0 
13 11 11 0 0 0 
14 11 11 0 0 0 
15 11 11 0 0 0 
0 12 12 0 0 0 
1 12 12 0 0 0 
2 12 12 0 0 0 
3 12 12 0 0 0 
4 12 12 0 0 0 
5 12 12 0 0 0 
6 12 12 0 0 0 
7 12 12 0 0 0 
8 12 12 0 0 0 
9 12 12 0 0 0 
10 12 12 0 0 0 
11 12 12 0 0 0 
12 12 12 0 0 0 
13 12 12 0 0 0 
14 12 12 0 0 0 
15 12 12 0 0 0 
0 13 13 0 0 0 
1 13 13 0 0 0 
2 13 13 0 0 0 
3 13 13 0 0 0 
4 13 13 0 0 0 
5 13 13 0 0 0 
6 13 13 0 0 0 
7 13 13 0 0 0 
8 13 13 0 0 0 
9 13 13 0 0 0 
10 13 13 0 0 0 
11 13 13 0 0 0 
12 13 13 0 0 0 
13 13 13 0 0 0 
14 13 13 0 0 0 
15 13 13 0 0 0 
0 14 14 0 0 0 
1 14 14 0 0 0 
2 14 14 0 0 0 
3 14 14 0 0 0 
4 14 14 0 0 0 
5 14 14 0 0 0 
6 14 14 0 0 0 
7 14 14 0 0 0 
8 14 14 0 0 0 
9 14 14 0 0 0 
10 14 14 0 0 0 
11 14 14 0 0 0 
12 14 14 0 0 0 
13 14 14 0 0 0 
14 14 14 0 0 0 
15 14 14 0 0 0 
0 15 15 0 0 0 
1 15 15 0 0 0 
2 15 15 0 0 0 
3 15 15 0 0 0 
4 15 15 0 0 0 
5 15 15 0 0 0 
6 15 15 0 0 0 
7 15 15 0 0 0 
8 15 15 0 0 0 
9 15 15 0 0 0 
10 15 15 0 0 0 
11 15 15 0 0 0 
12 15 15 0 0 0 
13 15 15 0 0 0 
14 15 15 0 0 0 
15 15 15 0 0 0 
0 0 0 0 0 0 
1 0 0 0 0 0 
2 0 0 0 0 0 
3 0 0 0 0 0 
4 0 0 0 0 0 
5 0 0 0 0 0 
6 0 0 0 0 0 
7 0 0 0 0 0 
8 0 0 0 0 0 
9 0 0 0 0 0 
10 0 0 0 0 0 
11 0 0 0 0 0 
12 0 0 0 0 0 
13 0 0 0 0 0 
14 0 0 0 0 0 
15 0 0 0 0 0 
0 1 1 0 0 0 
1 1 1 0 0 0 
2 1 1 0 0 0 
3 1 1 0 0 0 
4 1 1 0 0 0 
5 1 1 0 0 0 
6 1 1 0 0 0 
7 1 1 0 0 0 
8 1 1 0 0 0 
9 1 1 0 0 0 
10 1 1 0 0 0 
11 1 1 0 0 0 
12 1 1 0 0 0 
13 1 1 0 0 0 
14 1 1 0 0 0 
15 1 1 0 0 0 
0 2 2 0 0 0 
1 2 2 0 0 0 
2 2 2 0 0 0 
3 2 2 0 0 0 
4 2 2 0 0 0 
5 2 2 0 0 0 
6 2 2 0 0 0 
7 2 2 0 0 0 
8 2 2 0 0 0 
9 2 2 0 0 0 
10 2 2 0 0 0 
11 2 2 0 0 0 
12 2 2 0 0 0 
13 2 2 0 0 0 
14 2 2 0 0 0 
15 2 2 0 0 0 
0 3 3 0 0 0 
1 3 3 0 0 0 
2 3 3 0 0 0 
3 3 3 0 0 0 
4 3 3 0 0 0 
5 3 3 0 0 0 
6 3 3 0 0 0 
7 3 3 0 0 0 
8 3 3 0 0 0 
9 3 3 0 0 0 
10 3 3 0 0 0 
11 3 3 0 0 0 
12 3 3 0 0 0 
13 3 3 0 0 0 
14 3 3 0 0 0 
15 3 3 0 0 0 
0 4 4 0 0 0 
1 4 4 0 0 0 
2 4 4 0 0 0 
3 4 4 0 0 0 
4 4 4 0 0 0 
5 4 4 0 0 0 
6 4 4 0 0 0 
7 4 4 0 0 0 
8 4 4 0 0 0 
9 4 4 0 0 0 
10 4 4 0 0 0 
11 4 4 0 0 0 
12 4 4 0 0 0 
13 4 4 0 0 0 
14 4 4 0 0 0 
15 4 4 0 0 0 
0 5 5 0 0 0 
1 5 5 0 0 0 
2 5 5 0 0 0 
3 5 5 0 0 0 
4 5 5 0 0 0 
5 5 5 0 0 0 
6 5 5 0 0 0 
7 5 5 0 0 0 
8 5 5 0 0 0 
9 5 5 0 0 0 
10 5 5 0 0 0 
11 5 5 0 0 0 
12 5 5 0 0 0 
13 5 5 0 0 0 
14 5 5 0 0 0 
15 5 5 0 0 0 
0 6 6 0 0 0 
1 6 6 0 0 0 
2 6 6 0 0 0 
3 6 6 0 0 0 
4 6 6 0 0 0 
5 6 6 0 0 0 
6 6 6 0 0 0 
7 6 6 0 0 0 
8 6 6 0 0 0 
9 6 6 0 0 0 
10 6 6 0 0 0 
11 6 6 0 0 0 
12 6 6 0 0 0 
13 6 6 0 0 0 
14 6 6 0 0 0 
15 6 6 0 0 0 
0 7 7 0.122075 -0.00010944 -0.000223789 
1 7 7 0.123722 -3.93253e-05 -0.000182568 
2 7 7 0.124836 9.19132e-09 -0.000118657 
3 7 7 0.12538 6.47433e-06 -4.9098e-05 
4 7 7 0.125427 -1.13034e-05 1.10289e-05 
5 7 7 0.125131 -4.12692e-05 5.3888e-05 
6 7 7 0.124642 -6.17976e-05 7.6459e-05 
7 7 7 0.124091 -3.08802e-05 7.42661e-05 
8 7 7 0.123699 0.000129286 2.38357e-05 
9 7 7 0.123755 -5.16467e-05 5.31716e-05 
10 7 7 0.123065 -0.000593794 0.000167304 
11 7 7 0.122656 -0.000264984 4.62121e-05 
12 7 7 0.122771 -0.000151649 1.74295e-05 
13 7 7 0.122898 -0.000132405 1.40739e-05 
14 7 7 0.122835 -0.000107549 0.000106912 
15 7 7 0.121069 -0.000566618 -0.00220108 
0 8 8 0.130155 -0.000167027 -0.000287867 
1 8 8 0.131908 -7.47166e-05 -0.000215747 
2 8 8 0.133088 -1.48196e-05 -0.000130273 
3 8 8 0.13366 7.69867e-06 -5.08055e-05 
4 8 8 0.13371 -2.52676e-07 8.90076e-06 
5 8 8 0.133399 -2.62383e-05 4.51052e-05 
6 8 8 0.132896 -4.92728e-05 6.0498e-05 
7 8 8 0.132356 -4.27473e-05 6.13748e-05 
8 8 8 0.131947 -1.24467e-05 4.97351e-05 
9 8 8 0.131711 -0.000148397 2.63359e-05 
10 8 8 0.131273 -0.000359643 4.57649e-07 
11 8 8 0.130957 -0.000268164 -2.29299e-05 
12 8 8 0.130975 -0.000186857 -3.22569e-05 
13 8 8 0.131086 -0.000154109 -3.03974e-05 
14 8 8 0.131002 -0.000113834 8.07246e-05 
15 8 8 0.129179 0.000323166 -0.00234736 
0 9 9 0 0 0 
1 9 9 0 0 0 
2 9 9 0 0 0 
3 9 9 0 0 0 
4 9 9 0 0 0 
5 9 9 0 0 0 
6 9 9 0 0 0 
7 9 9 0 0 0 
8 9 9 0 0 0 
9 9 9 0 0 0 
10 9 9 0 0 0 
11 9 9 0 0 0 
12 9 9 0 0 0 
13 9 9 0 0 0 
14 9 9 0 0 0 
15 9 9 0 0 0 
0 10 10 0 0 0 
1 10 10 0 0 0 
2 10 10 0 0 0 
3 10 10 0 0 0 
4 10 10 0 0 0 
5 10 10 0 0 0 
6 10 10 0 0 0 
7 10 10 0 0 0 
8 10 10 0 0 0 
9 10 10 0 0 0 
10 10 10 0 0 0 
11 10 10 0 0 0 
12 10 10 0 0 0 
13 10 10 0 0 0 
14 10 10 0 0 0 
15 10 10 0 0 0 
0 11 11 0 0 0 
1 11 11 0 0 0 
2 11 11 0 0 0 
3 11 11 0 0 0 
4 11 11 0 0 0 
5 11 11 0 0 0 
6 11 11 0 0 0 
7 11 11 0 0 0 
8 11 11 0 0 0 
9 11 11 0 0 0 
10 11 11 0 0 0 
11 11 11 0 0 0 
12 11 11 0 0 0 
13 11 11 0 0 0 
14 11 11 0 0 0 
15 11 11 0 0 0 
0 12 12 0 0 0 
1 12 12 0 0 0 
2 12 12 0 0 0 
3 12 12 0 0 0 
4 12 12 0 0 0 
5 12 12 0 0 0 
6 12 12 0 0 0 
7 12 12 0 0 0 
8 12 12 0 0 0 
9 12 12 0 0 0 
10 12 12 0 0 0 
11 12 12 0 0 0 
12 12 12 0 0 0 
13 12 12 0 0 0 
14 12 12 0 0 0 
15 12 12 0 0 0 
0 13 13 0 0 0 
1 13 13 0 0 0 
2 13 13 0 0 0 
3 13 13 0 0 0 
4 13 13 0 0 0 
5 13 13 0 0 0 
6 13 13 0 0 0 
7 13 13 0 0 0 
8 13 13 0 0 0 
9 13 13 0 0 0 
10 13 13 0 0 0 
11 13 13 0 0 0 
12 13 13 0 0 0 
13 13 13 0 0 0 
14 13 13 0 0 0 
15 13 13 0 0 0 
0 14 14 0 0 0 
1 14 14 0 0 0 
2 14 14 0 0 0 
3 14 14 0 0 0 
4 14 14 0 0 0 
5 14 14 0 0 0 
6 14 14 0 0 0 
7 14 14 0 0 0 
8 14 14 0 0 0 
9 14 14 0 0 0 
10 14 14 0 0 0 
11 14 14 0 0 0 
12 14 14 0 0 0 
13 14 14 0 0 0 
14 14 14 0 0 0 
15 14 14 0 0 0 
0 15 15 0 0 0 
1 15 15 0 0 0 
2 15 15 0 0 0 
3 15 15 0 0 0 
4 15 15 0 0 0 
5 15 15 0 0 0 
6 15 15 0 0 0 
7 15 15 0 0 0 
8 15 15 0 0 0 
9 15 15 0 0 0 
10 15 15 0 0 0 
11 15 15 0 0 0 
12 15 15 0 0 0 
13 15 15 0 0 0 
14 15 15 0 0 0 
15 15 15 0 0 0 
0 0 0 0 0 0 
1 0 0 0 0 0 
2 0 0 0 0 0 
3 0 0 0 0 0 
4 0 0 0 0 0 
5 0 0 0 0 0 
6 0 0 0 0 0 
7 0 0 0 0 0 
8 0 0 0 0 0 
9 0 0 0 0 0 
10 0 0 0 0 0 
11 0 0 0 0 0 
12 0 0 0 0 0 
13 0 0 0 0 0 
14 0 0 0 0 0 
15 0 0 0 0 0 
0 1 1 0 0 0 
1 1 1 0 0 0 
2 1 1 0 0 0 
3 1 1 0 0 0 
4 1 1 0 0 0 
5 1 1 0 0 0 
6 1 1 0 0 0 
7 1 1 0 0 0 
8 1 1 0 0 0 
9 1 1 0 0 0 
10 1 1 0 0 0 
11 1 1 0 0 0 
12 1 1 0 0 0 
13 1 1 0 0 0 
14 1 1 0 0 0 
15 1 1 0 0 0 
0 2 2 0 0 0 
1 2 2 0 0 0 
2 2 2 0 0 0 
3 2 2 0 0 0 
4 2 2 0 0 0 
5 2 2 0 0 0 
6 2 2 0 0 0 
7 2 2 0 0 0 
8 2 2 0 0 0 
9 2 2 0 0 0 
10 2 2 0 0 0 
11 2 2 0 0 0 
12 2 2 0 0 0 
13 2 2 0 0 0 
14 2 2 0 0 0 
15 2 2 0 0 0 
0 3 3 0 0 0 
1 3 3 0 0 0 
2 3 3 0 0 0 
3 3 3 0 0 0 
4 3 3 0 0 0 
5 3 3 0 0 0 
6 3 3 0 0 0 
7 3 3 0 0 0 
8 3 3 0 0 0 
9 3 3 0 0 0 
10 3 3 0 0 0 
11 3 3 0 0 0 
12 3 3 0 0 0 
13 3 3 0 0 0 
14 3 3 0 0 0 
15 3 3 0 0 0 
0 4 4 0 0 0 
1 4 4 0 0 0 
2 4 4 0 0 0 
3 4 4 0 0 0 
4 4 4 0 0 0 
5 4 4 0 0 0 
6 4 4 0 0 0 
7 4 4 0 0 0 
8 4 4 0 0 0 
9 4 4 0 0 0 
10 4 4 0 0 0 
11 4 4 0 0 0 
12 4 4 0 0 0 
13 4 4 0 0 0 
14 4 4 0 0 0 
15 4 4 0 0 0 
0 5 5 0.201607 -0.000457653 -0.000329509 
1 5 5 0.20415 -0.000272524 -0.000301322 
2 5 5 0.205791 -0.000124922 -0.000205278 
3 5 5 0.206491 -3.0452e-05 -7.80546e-05 
4 5 5 0.206405 7.16861e-06 4.81211e-05 
5 5 5 0.205787 -6.35757e-06 0.000154506 
6 5 5 0.204879 -6.48182e-05 0.000242912 
7 5 5 0.203861 -0.000202022 0.000353978 
8 5 5 0.20299 -0.000640672 0.000680821 
9 5 5 0.203242 -0.000571555 0.000790839 
10 5 5 0.201929 0.000794942 -0.000641983 
11 5 5 0.201391 -4.71788e-05 -7.03894e-05 
12 5 5 0.20173 -0.00017401 8.5143e-05 
13 5 5 0.201982 -0.00012721 5.80975e-05 
14 5 5 0.201982 2.1412e-05 0.000175877 
15 5 5 0.200089 -0.00175031 -0.00241893 
0 6 6 0.416533 -0.00114081 -0.00161005 
1 6 6 0.421214 -0.000606063 -0.00123801 
2 6 6 0.423972 -0.000169776 -0.000730083 
3 6 6 0.424862 0.000101613 -0.000211659 
4 6 6 0.424285 0.000198201 0.00022061 
5 6 6 0.422787 0.000151003 0.00052481 
6 6 6 0.420835 1.73632e-05 0.000712533 
7 6 6 0.418636 -0.000141226 0.000876039 
8 6 6 0.415334 -3.75037e-05 0.00192261 
9 6 6 0.418945 0.00172969 0.0057602 
10 6 6 0.413024 -0.00249838 -0.00463991 
11 6 6 0.413687 -0.000971069 -0.000922222 
12 6 6 0.415205 -0.00058236 5.01737e-05 
13 6 6 0.415921 -0.000474479 5.19598e-05 
14 6 6 0.416341 -0.000152515 0.000438875 
15 6 6 0.416211 -0.00184571 -0.00350162 
0 7 7 0.653936 -0.00131296 -0.0039768 
1 7 7 0.660407 -0.000542696 -0.00277369 
2 7 7 0.663994 7.79901e-05 -0.00143129 
3 7 7 0.664898 0.000428582 -0.00023164 
4 7 7 0.663782 0.00049695 0.000649318 
5 7 7 0.661476 0.000348634 0.0011686 
6 7 7 0.658687 0.000111099 0.00137768 
7 7 7 0.655885 3.33268e-06 0.00137414 
8 7 7 0.653446 0.000664488 0.00140018 
9 7 7 0.653606 0.000976167 0.00168143 
10 7 7 0.652223 -0.00333267 7.10066e-05 
11 7 7 0.650733 -0.00202448 -0.000287207 
12 7 7 0.651635 -0.0011661 -0.00018539 
13 7 7 0.652714 -0.00102148 -0.000206647 
14 7 7 0.653655 -0.000723223 0.000497593 
15 7 7 0.655413 -0.00142382 -0.00454928 
0 8 8 0.6868 -0.000320788 -0.0046461 
1 8 8 0.693534 0.000137025 -0.00309802 
2 8 8 0.697264 0.000430604 -0.00148131 
3 8 8 0.698253 0.000512139 -0.000127638 
4 8 8 0.697209 0.000399778 0.000786932 
5 8 8 0.694985 0.000158 0.00124942 
6 8 8 0.692329 -0.000113404 0.00135114 
7 8 8 0.689822 -0.000297042 0.00121532 
8 8 8 0.687982 -0.000355352 0.000937905 
9 8 8 0.687064 -0.000752714 0.000547373 
10 8 8 0.686167 -0.00152596 6.52744e-05 
11 8 8 0.685585 -0.00146136 -0.000338549 
12 8 8 0.686067 -0.00116389 -0.000563148 
13 8 8 0.687018 -0.00101724 -0.000601422 
14 8 8 0.687834 -0.000904768 0.000234848 
15 8 8 0.689664 5.82011e-06 -0.00477444 
0 9 9 0.473426 0.000448796 -0.00246114 
1 9 9 0.478575 0.000528166 -0.00161824 
2 9 9 0.481575 0.00046556 -0.000765906 
3 9 9 0.482586 0.000300893 -7.46396e-05 
4 9 9 0.482091 8.56505e-05 0.000369284 
5 9 9 0.480694 -0.00013801 0.000567868 
6 9 9 0.478939 -0.000327129 0.000576511 
7 9 9 0.477245 -0.000459403 0.00046426 
8 9 9 0.475891 -0.000559873 0.000279586 
9 9 9 0.474967 -0.000706897 4.42384e-05 
10 9 9 0.474376 -0.000835888 -0.000196077 
11 9 9 0.474182 -0.000790442 -0.000373556 
12 9 9 0.474475 -0.000657639 -0.000474093 
13 9 9 0.475068 -0.000553176 -0.000473367 
14 9 9 0.475461 -0.00065857 6.97661e-05 
15 9 9 0.475571 0.00121777 -0.00410582 
0 10 10 0.222997 0.000271432 -0.000660885 
1 10 10 0.225811 0.000272385 -0.000440686 
2 10 10 0.227607 0.000206607 -0.000224257 
3 10 10 0.228392 0.000103884 -5.25883e-05 
4 10 10 0.228367 -5.08171e-06 5.30389e-05 
5 10 10 0.227814 -0.00010274 9.53941e-05 
6 10 10 0.227012 -0.000176488 8.85192e-05 
7 10 10 0.226176 -0.000226137 5.06678e-05 
8 10 10 0.225445 -0.00026132 -5.96621e-06 
9 10 10 0.224886 -0.000293368 -7.24056e-05 
10 10 10 0.224516 -0.000304952 -0.000132316 
11 10 10 0.224359 -0.000276196 -0.0001697 
12 10 10 0.224424 -0.000225335 -0.000184629 
13 10 10 0.224635 -0.000186021 -0.00017404 
14 10 10 0.22461 -0.000303927 2.18432e-05 
15 10 10 0.222988 0.00160231 -0.00261986 
0 11 11 0 0 0 
1 11 11 0 0 0 
2 11 11 0 0 0 
3 11 11 0 0 0 
4 11 11 0 0 0 
5 11 11 0 0 0 
6 11 11 0 0 0 
7 11 11 0 0 0 
8 11 11 0 0 0 
9 11 11 0 0 0 
10 11 11 0 0 0 
11 11 11 0 0 0 
12 11 11 0 0 0 
13 11 11 0 0 0 
14 11 11 0 0 0 
15 11 11 0 0 0 
0 12 12 0 0 0 
1 12 12 0 0 0 
2 12 12 0 0 0 
3 12 12 0 0 0 
4 12 12 0 0 0 
5 12 12 0 0 0 
6 12 12 0 0 0 
7 12 12 0 0 0 
8 12 12 0 0 0 
9 12 12 0 0 0 
10 12 12 0 0 0 
11 12 12 0 0 0 
12 12 12 0 0 0 
13 12 12 0 0 0 
14 12 12 0 0 0 
15 12 12 0 0 0 
0 13 13 0 0 0 
1 13 13 0 0 0 
2 13 13 0 0 0 
3 13 13 0 0 0 
4 13 13 0 0 0 
5 13 13 0 0 0 
6 13 13 0 0 0 
7 13 13 0 0 0 
8 13 13 0 0 0 
9 13 13 0 0 0 
10 13 13 0 0 0 
11 13 13 0 0 0 
12 13 13 0 0 0 
13 13 13 0 0 0 
14 13 13 0 0 0 
15 13 13 0 0 0 
0 14 14 0 0 0 
1 14 14 0 0 0 
2 14 14 0 0 0 
3 14 14 0 0 0 
4 14 14 0 0 0 
5 14 14 0 0 0 
6 14 14 0 0 0 
7 14 14 0 0 0 
8 14 14 0 0 0 
9 14 14 0 0 0 
10 14 14 0 0 0 
11 14 14 0 0 0 
12 14 14 0 0 0 
13 14 14 0 0 0 
14 14 14 0 0 0 
15 14 14 0 0 0 
0 15 15 0 0 0 
1 15 15 0 0 0 
2 15 15 0 0 0 
3 15 15 0 0 0 
4 15 15 0 0 0 
5 15 15 0 0 0 
6 15 15 0 0 0 
7 15 15 0 0 0 
8 15 15 0 0 0 
9 15 15 0 0 0 
10 15 15 0 0 0 
11 15 15 0 0 0 
12 15 15 0 0 0 
13 15 15 0 0 0 
14 15 15 0 0 0 
15 15 15 0 0 0 
0 0 0 0 0 0 
1 0 0 0 0 0 
2 0 0 0 0 0 
3 0 0 0 0 0 
4 0 0 0 0 0 
5 0 0 0 0 0 
6 0 0 0 0 0 
7 0 0 0 0 0 
8 0 0 0 0 0 
9 0 0 0 0 0 
10 0 0 0 0 0 
11 0 0 0 0 0 
12 0 0 0 0 0 
13 0 0 0 0 0 
14 0 0 0 0 0 
15 0 0 0 0 0 
0 1 1 0 0 0 
1 1 1 0 0 0 
2 1 1 0 0 0 
3 1 1 0 0 0 
4 1 1 0 0 0 
5 1 1 0 0 0 
6 1 1 0 0 0 
7 1 1 0 0 0 
8 1 1 0 0 0 
9 1 1 0 0 0 
10 1 1 0 0 0 
11 1 1 0 0 0 
12 1 1 0 0 0 
13 1 1 0 0 0 
14 1 1 0 0 0 
15 1 1 0 0 0 
0 2 2 0 0 0 
1 2 2 0 0 0 
2 2 2 0 0 0 
3 2 2 0 0 0 
4 2 2 0 0 0 
5 2 2 0 0 0 
6 2 2 0 0 0 
7 2 2 0 0 0 
8 2 2 0 0 0 
9 2 2 0 0 0 
10 2 2 0 0 0 
11 2 2 0 0 0 
12 2 2 0 0 0 
13 2 2 0 0 0 
14 2 2 0 0 0 
15 2 2 0 0 0 
0 3 3 0 0 0 
1 3 3 0 0 0 
2 3 3 0 0 0 
3 3 3 0 0 0 
4 3 3 0 0 0 
5 3 3 0 0 0 
6 3 3 0 0 0 
7 3 3 0 0 0 
8 3 3 0 0 0 
9 3 3 0 0 0 
10 3 3 0 0 0 
11 3 3 0 0 0 
12 3 3 0 0 0 
13 3 3 0 0 0 
14 3 3 0 0 0 
15 3 3 0 0 0 
0 4 4 0.193462 -0.000446532 -0.000211457 
1 4 4 0.19586 -0.000304345 -0.000215535 
2 4 4 0.197406 -0.000164058 -0.000153678 
3 4 4 0.198063 -5.18404e-05 -5.50092e-05 
4 4 4 0.197979 1.89656e-05 5.13861e-05 
5 4 4 0.197392 4.45828e-05 0.000148164 
6 4 4 0.196553 3.02102e-05 0.000231971 
7 4 4 0.195683 -1.80246e-05 0.000306993 
8 4 4 0.194985 -7.22441e-05 0.000348339 
9 4 4 0.194486 -3.22424e-05 0.00024364 
10 4 4 0.193932 4.9867e-05 7.14089e-05 
11 4 4 0.19356 -3.5573e-06 6.28975e-05 
12 4 4 0.193551 -4.92398e-05 6.62219e-05 
13 4 4 0.193691 -4.37931e-05 4.15585e-05 
14 4 4 0.193598 0.000107928 0.000134339 
15 4 4 0.191647 -0.0024164 -0.00155696 
0 5 5 0.605898 -0.00270322 -0.00212488 
1 5 5 0.611851 -0.00163846 -0.00168939 
2 5 5 0.615098 -0.000617175 -0.00101906 
3 5 5 0.615791 0.000164827 -0.000294744 
4 5 5 0.614548 0.000620742 0.000338644 
5 5 5 0.612152 0.000761823 0.000815864 
6 5 5 0.609307 0.000649848 0.00114696 
7 5 5 0.606562 0.000327636 0.00140921 
8 5 5 0.604491 -0.000196262 0.00171137 
9 5 5 0.603712 -0.000291746 0.00147508 
10 5 5 0.602406 0.000324821 0.000182256 
11 5 5 0.601343 -0.00015856 0.000130709 
12 5 5 0.601751 -0.000465869 0.000203986 
13 5 5 0.602566 -0.000422573 8.33841e-05 
14 5 5 0.603176 0.000159159 0.000470075 
15 5 5 0.604325 -0.00321384 -0.00287063 
0 6 6 1.09888 -0.0060533 -0.00814072 
1 6 6 1.10615 -0.00353699 -0.00567857 
2 6 6 1.11008 -0.000923889 -0.00290071 
3 6 6 1.11068 0.00116081 -0.000423362 
4 6 6 1.10875 0.00240424 0.00139212 
5 6 6 1.10537 0.00281099 0.00248881 
6 6 6 1.10148 0.00257263 0.00300794 
7 6 6 1.09768 0.00191561 0.00321489 
8 6 6 1.09447 0.001029 0.00366931 
9 6 6 1.09363 0.00033817 0.00375026 
10 6 6 1.0927 -0.000165429 8.27236e-05 
11 6 6 1.09092 -0.00101302 -0.000483512 
12 6 6 1.09135 -0.00140128 -0.000153968 
13 6 6 1.09254 -0.0013947 -0.000338872 
14 6 6 1.09432 -0.000791311 0.000157418 
15 6 6 1.09896 -0.00332844 -0.00428767 
0 7 7 1.3764 -0.00415032 -0.0148801 
1 7 7 1.38212 -0.00243992 -0.0100608 
2 7 7 1.38607 -0.000297724 -0.004733 
3 7 7 1.38764 0.00162714 -0.000186578 
4 7 7 1.3871 0.00289734 0.0028827 
5 7 7 1.38524 0.00339187 0.00445164 
6 7 7 1.3828 0.00323823 0.0048711 
7 7 7 1.38028 0.00270175 0.00459023 
8 7 7 1.37813 0.00211605 0.00406303 
9 7 7 1.37722 0.00124169 0.00311128 
10 7 7 1.3764 -0.000621262 0.000825542 
11 7 7 1.37502 -0.00139505 -0.000557974 
12 7 7 1.37478 -0.00148368 -0.00110049 
13 7 7 1.37533 -0.0016052 -0.0014676 
14 7 7 1.37676 -0.00145734 -0.0011265 
15 7 7 1.38073 -0.00241232 -0.00591998 
0 8 8 1.39684 0.00203969 -0.0163795 
1 8 8 1.40255 0.00167433 -0.0109317 
2 8 8 1.40664 0.00155438 -0.00490952 
3 8 8 1.40854 0.00160274 0.000179732 
4 8 8 1.40858 0.00166913 0.00352918 
5 8 8 1.40747 0.00162313 0.00511166 
6 8 8 1.40591 0.00142267 0.00533227 
7 8 8 1.40435 0.00111777 0.00468239 
8 8 8 1.40311 0.000763516 0.00355028 
9 8 8 1.40236 0.000210064 0.00210698 
10 8 8 1.40176 -0.000548356 0.000480907 
11 8 8 1.40122 -0.00088213 -0.000917301 
12 8 8 1.40123 -0.000858626 -0.00187897 
13 8 8 1.40177 -0.000867873 -0.00234952 
14 8 8 1.40305 -0.000943221 -0.00194183 
15 8 8 1.4067 -2.52048e-06 -0.00659956 
0 9 9 1.15809 0.00536059 -0.0109871 
1 9 9 1.16569 0.00390531 -0.00702173 
2 9 9 1.17016 0.00239387 -0.00289009 
3 9 9 1.17163 0.00112201 0.000461713 
4 9 9 1.17091 0.000211736 0.00257435 
5 9 9 1.16904 -0.000364515 0.00347005 
6 9 9 1.16684 -0.00068619 0.00343504 
7 9 9 1.16482 -0.00082708 0.00280824 
8 9 9 1.1633 -0.000861374 0.00186229 
9 9 9 1.16238 -0.000876937 0.000775534 
10 9 9 1.16197 -0.000855307 -0.000302486 
11 9 9 1.16207 -0.000680055 -0.00120994 
12 9 9 1.16273 -0.000411247 -0.00183562 
13 9 9 1.16385 -0.000257067 -0.00205926 
14 9 9 1.16548 -0.000572377 -0.00133416 
15 9 9 1.1699 0.00203966 -0.00557756 
0 10 10 0.717049 0.00317622 -0.0039446 
1 10 10 0.724191 0.00234701 -0.00247021 
2 10 10 0.728235 0.00137672 -0.00103066 
3 10 10 0.729495 0.000481337 8.83463e-05 
4 10 10 0.728737 -0.000204834 0.000760344 
5 10 10 0.726841 -0.000649117 0.00100707 
6 10 10 0.724553 -0.000877695 0.000933976 
7 10 10 0.722396 -0.00094163 0.000664119 
8 10 10 0.72068 -0.000899965 0.000295036 
9 10 10 0.719548 -0.000802903 -0.000104515 
10 10 10 0.719029 -0.000657505 -0.000472919 
11 10 10 0.719112 -0.000457099 -0.000756351 
12 10 10 0.719743 -0.000245714 -0.000926081 
13 10 10 0.720728 -0.000132536 -0.000925128 
14 10 10 0.721573 -0.000656277 -0.000218939 
15 10 10 0.723841 0.0028619 -0.00367019 
0 11 11 0.236312 0.00052986 -0.000612756 
1 11 11 0.239299 0.000423012 -0.000396785 
2 11 11 0.241198 0.000267665 -0.000194627 
3 11 11 0.24203 0.000105966 -4.20224e-05 
4 11 11 0.242008 -2.84881e-05 4.60744e-05 
5 11 11 0.241438 -0.000123926 7.32335e-05 
6 11 11 0.24061 -0.00017912 5.49638e-05 
7 11 11 0.239745 -0.000201916 9.49664e-06 
8 11 11 0.238986 -0.000202442 -4.96935e-05 
9 11 11 0.238412 -0.000190398 -0.000110897 
10 11 11 0.238062 -0.000165115 -0.000162503 
11 11 11 0.237944 -0.000126445 -0.000194215 
12 11 11 0.238044 -8.36764e-05 -0.000204184 
13 11 11 0.238287 -5.58863e-05 -0.000184248 
14 11 11 0.238292 -0.00021881 1.3042e-05 
15 11 11 0.236719 0.00253196 -0.00191309 
0 12 12 0 0 0 
1 12 12 0 0 0 
2 12 12 0 0 0 
3 12 12 0 0 0 
4 12 12 0 0 0 
5 12 12 0 0 0 
6 12 12 0 0 0 
7 12 12 0 0 0 
8 12 12 0 0 0 
9 12 12 0 0 0 
10 12 12 0 0 0 
11 12 12 0 0 0 
12 12 12 0 0 0 
13 12 12 0 0 0 
14 12 12 0 0 0 
15 12 12 0 0 0 
0 13 13 0 0 0 
1 13 13 0 0 0 
2 13 13 0 0 0 
3 13 13 0 0 0 
4 13 13 0 0 0 
5 13 13 0 0 0 
6 13 13 0 0 0 
7 13 13 0 0 0 
8 13 13 0 0 0 
9 13 13 0 0 0 
10 13 13 0 0 0 
11 13 13 0 0 0 
12 13 13 0 0 0 
13 13 13 0 0 0 
14 13 13 0 0 0 
15 13 13 0 0 0 
0 14 14 0 0 0 
1 14 14 0 0 0 
2 14 14 0 0 0 
3 14 14 0 0 0 
4 14 14 0 0 0 
5 14 14 0 0 0 
6 14 14 0 0 0 
7 14 14 0 0 0 
8 14 14 0 0 0 
9 14 14 0 0 0 
10 14 14 0 0 0 
11 14 14 0 0 0 
12 14 14 0 0 0 
13 14 14 0 0 0 
14 14 14 0 0 0 
15 14 14 0 0 0 
0 15 15 0 0 0 
1 15 15 0 0 0 
2 15 15 0 0 0 
3 15 15 0 0 0 
4 15 15 0 0 0 
5 15 15 0 0 0 
6 15 15 0 0 0 
7 15 15 0 0 0 
8 15 15 0 0 0 
9 15 15 0 0 0 
10 15 15 0 0 0 
11 15 15 0 0 0 
12 15 15 0 0 0 
13 15 15 0 0 0 
14 15 15 0 0 0 
15 15 15 0 0 0 
0 0 0 0 0 0 
1 0 0 0 0 0 
2 0 0 0 0 0 
3 0 0 0 0 0 
4 0 0 0 0 0 
5 0 0 0 0 0 
6 0 0 0 0 0 
7 0 0 0 0 0 
8 0 0 0 0 0 
9 0 0 0 0 0 
10 0 0 0 0 0 
11 0 0 0 0 0 
12 0 0 0 0 0 
13 0 0 0 0 0 
14 0 0 0 0 0 
15 0 0 0 0 0 
0 1 1 0 0 0 
1 1 1 0 0 0 
2 1 1 0 0 0 
3 1 1 0 0 0 
4 1 1 0 0 0 
5 1 1 0 0 0 
6 1 1 0 0 0 
7 1 1 0 0 0 
8 1 1 0 0 0 
9 1 1 0 0 0 
10 1 1 0 0 0 
11 1 1 0 0 0 
12 1 1 0 0 0 
13 1 1 0 0 0 
14 1 1 0 0 0 
15 1 1 0 0 0 
0 2 2 0 0 0 
1 2 2 0 0 0 
2 2 2 0 0 0 
3 2 2 0 0 0 
4 2 2 0 0 0 
5 2 2 0 0 0 
6 2 2 0 0 0 
7 2 2 0 0 0 
8 2 2 0 0 0 
9 2 2 0 0 0 
10 2 2 0 0 0 
11 2 2 0 0 0 
12 2 2 0 0 0 
13 2 2 0 0 0 
14 2 2 0 0 0 
15 2 2 0 0 0 
0 3 3 0 0 0 
1 3 3 0 0 0 
2 3 3 0 0 0 
3 3 3 0 0 0 
4 3 3 0 0 0 
5 3 3 0 0 0 
6 3 3 0 0 0 
7 3 3 0 0 0 
8 3 3 0 0 0 
9 3 3 0 0 0 
10 3 3 0 0 0 
11 3 3 0 0 0 
12 3 3 0 0 0 
13 3 3 0 0 0 
14 3 3 0 0 0 
15 3 3 0 0 0 
0 4 4 0.40307 -0.00161801 -0.000562216 
1 4 4 0.407394 -0.00110245 -0.000516641 
2 4 4 0.409865 -0.000539639 -0.000351432 
3 4 4 0.410548 -5.55829e-05 -0.000122742 
4 4 4 0.409849 0.000277937 0.000108841 
5 4 4 0.408299 0.000446227 0.000308516 
6 4 4 0.406401 0.000474683 0.000463482 
7 4 4 0.404554 0.000406137 0.000566372 
8 4 4 0.403043 0.000295806 0.000587771 
9 4 4 0.401944 0.000212157 0.000470234 
10 4 4 0.401176 0.00014128 0.000279318 
11 4 4 0.400807 2.25437e-05 0.000172317 
12 4 4 0.400918 -8.56672e-05 0.00010534 
13 4 4 0.401313 -0.000107237 4.28072e-05 
14 4 4 0.40146 0.000320922 0.000200981 
15 4 4 0.400859 -0.00357927 -0.00142773 
0 5 5 1.07996 -0.00839545 -0.00437564 
1 5 5 1.08688 -0.00531256 -0.00323304 
2 5 5 1.09033 -0.00195846 -0.00182449 
3 5 5 1.09037 0.000849978 -0.000462751 
4 5 5 1.0879 0.00268888 0.000634356 
5 5 5 1.08404 0.00353022 0.0013981 
6 5 5 1.07979 0.0035704 0.0018649 
7 5 5 1.07588 0.00306257 0.00210454 
8 5 5 1.07283 0.00225533 0.0021314 
9 5 5 1.07083 0.00143441 0.00178192 
10 5 5 1.06955 0.000713091 0.00107953 
11 5 5 1.06894 -7.8933e-05 0.000580959 
12 5 5 1.0693 -0.000730379 0.000277329 
13 5 5 1.07033 -0.000949889 1.19654e-05 
14 5 5 1.07181 -0.000193019 0.000249736 
15 5 5 1.0761 -0.00453774 -0.00234877 
0 6 6 1.63014 -0.0132247 -0.0126039 
1 6 6 1.63074 -0.00917687 -0.0089189 
2 6 6 1.63254 -0.0037829 -0.00457229 
3 6 6 1.63407 0.00130307 -0.000722603 
4 6 6 1.63461 0.00494911 0.00193652 
5 6 6 1.63415 0.00685174 0.00335963 
6 6 6 1.63301 0.00726662 0.00386741 
7 6 6 1.63149 0.00662663 0.00382928 
8 6 6 1.62993 0.00534297 0.00347703 
9 6 6 1.62859 0.00376701 0.0026789 
10 6 6 1.62714 0.00213615 0.00136723 
11 6 6 1.62551 0.000552117 0.000342006 
12 6 6 1.6243 -0.000753128 -0.000266544 
13 6 6 1.62363 -0.00152425 -0.000731282 
14 6 6 1.6238 -0.00161564 -0.000881577 
15 6 6 1.62579 -0.00480189 -0.00407187 
0 7 7 1.95036 -0.00585231 -0.0208879 
1 7 7 1.93824 -0.00483137 -0.0158784 
2 7 7 1.93257 -0.0022453 -0.00884951 
3 7 7 1.93225 0.000933007 -0.00198812 
4 7 7 1.93522 0.00372487 0.00297775 
5 7 7 1.93962 0.00559603 0.00560651 
6 7 7 1.94413 0.00645737 0.00638151 
7 7 7 1.948 0.00645959 0.00600899 
8 7 7 1.95088 0.00581666 0.00500781 
9 7 7 1.95265 0.00468163 0.00353346 
10 7 7 1.95302 0.00323524 0.00170609 
11 7 7 1.95202 0.00184463 8.24913e-05 
12 7 7 1.95015 0.00069538 -0.00112372 
13 7 7 1.94787 -0.000185885 -0.00199467 
14 7 7 1.9457 -0.000757731 -0.0025278 
15 7 7 1.94418 -0.00222331 -0.00578524 
0 8 8 1.96917 0.00854392 -0.0223293 
1 8 8 1.95632 0.00613035 -0.0172087 
2 8 8 1.95012 0.00379018 -0.00967986 
3 8 8 1.94973 0.00212278 -0.0021383 
4 8 8 1.9532 0.00140293 0.00344665 
5 8 8 1.95861 0.00144634 0.00647096 
6 8 8 1.96453 0.00185058 0.00736135 
7 8 8 1.97001 0.00227404 0.00684117 
8 8 8 1.9745 0.00252088 0.00550046 
9 8 8 1.97766 0.0024962 0.00369319 
10 8 8 1.97925 0.00224786 0.00168879 
11 8 8 1.97928 0.00197656 -0.00018611 
12 8 8 1.97808 0.00175998 -0.00171215 
13 8 8 1.97611 0.00153037 -0.00278921 
14 8 8 1.97394 0.00127899 -0.00339888 
15 8 8 1.97215 0.00190306 -0.00660255 
0 9 9 1.68788 0.015802 -0.0162224 
1 9 9 1.68776 0.011137 -0.0114776 
2 9 9 1.68967 0.00603002 -0.00556555 
3 9 9 1.69239 0.00182409 -0.000206347 
4 9 9 1.69515 -0.000775132 0.00348093 
5 9 9 1.69773 -0.00185722 0.00528862 
6 9 9 1.70011 -0.00190688 0.0055831 
7 9 9 1.7022 -0.0014089 0.00487702 
8 9 9 1.7039 -0.000699893 0.00360146 
9 9 9 1.7051 2.43243e-05 0.00205737 
10 9 9 1.7057 0.00069594 0.000471674 
11 9 9 1.70573 0.00131919 -0.000955345 
12 9 9 1.70538 0.00184501 -0.00206588 
13 9 9 1.70491 0.00212656 -0.00272978 
14 9 9 1.70486 0.0020202 -0.00282819 
15 9 9 1.70616 0.00476357 -0.00578464 
0 10 10 1.17502 0.0107418 -0.0071333 
1 10 10 1.18278 0.00720811 -0.00447526 
2 10 10 1.18753 0.00359044 -0.00173712 
3 10 10 1.18937 0.000664312 0.000451335 
4 10 10 1.18914 -0.00121993 0.00179139 
5 10 10 1.18782 -0.00211625 0.002307 
6 10 10 1.18619 -0.00227729 0.0021967 
7 10 10 1.18471 -0.00197336 0.00169634 
8 10 10 1.18362 -0.00142092 0.000998982 
9 10 10 1.18301 -0.000768152 0.00024168 
10 10 10 1.18289 -0.000100234 -0.000473726 
11 10 10 1.18325 0.000529591 -0.00106382 
12 10 10 1.18405 0.00103988 -0.00146516 
13 10 10 1.18522 0.00125741 -0.00159068 
14 10 10 1.1869 0.000620389 -0.00110731 
15 10 10 1.19135 0.00485671 -0.00362155 
0 11 11 0.492474 0.00244992 -0.0012549 
1 11 11 0.497961 0.00172907 -0.000780763 
2 11 11 0.50121 0.000938895 -0.000335711 
3 11 11 0.502405 0.000248462 -1.05176e-06 
4 11 11 0.502062 -0.000242811 0.000190649 
5 11 11 0.500803 -0.000519799 0.00024936 
6 11 11 0.499181 -0.000618469 0.000209342 
7 11 11 0.497591 -0.000590275 0.000111554 
8 11 11 0.496277 -0.000485467 -1.33804e-05 
9 11 11 0.495373 -0.000343526 -0.000142938 
10 11 11 0.494931 -0.00018533 -0.000256859 
11 11 11 0.494948 -2.49923e-05 -0.000338245 
12 11 11 0.495368 0.000110313 -0.000379185 
13 11 11 0.49605 0.000161613 -0.00035768 
14 11 11 0.496501 -0.000358292 -5.64589e-05 
15 11 11 0.496881 0.00380994 -0.00192695 
0 12 12 0.0654781 0.000114447 -1.8487e-05 
1 12 12 0.0663867 9.11288e-05 -1.18497e-05 
2 12 12 0.0670162 5.8722e-05 -6.95932e-06 
3 12 12 0.0673441 2.58392e-05 -4.11872e-06 
4 12 12 0.0674132 -5.38551e-07 -3.21302e-06 
5 12 12 0.067301 -1.80322e-05 -3.85021e-06 
6 12 12 0.067091 -2.71409e-05 -5.66652e-06 
7 12 12 0.0668487 -2.95009e-05 -8.24818e-06 
8 12 12 0.0666204 -2.73122e-05 -1.1294e-05 
9 12 12 0.0664342 -2.32009e-05 -1.42496e-05 
10 12 12 0.0662994 -1.74558e-05 -1.63758e-05 
11 12 12 0.0662439 -9.68652e-06 -1.70299e-05 
12 12 12 0.0662444 -3.26473e-06 -1.58059e-05 
13 12 12 0.0662891 4.34854e-07 -1.26086e-05 
14 12 12 0.0662417 -4.45766e-05 -1.74493e-06 
15 12 12 0.064998 0.00124886 -0.000726332 
0 13 13 0 0 0 
1 13 13 0 0 0 
2 13 13 0 0 0 
3 13 13 0 0 0 
4 13 13 0 0 0 
5 13 13 0 0 0 
6 13 13 0 0 0 
7 13 13 0 0 0 
8 13 13 0 0 0 
9 13 13 0 0 0 
10 13 13 0 0 0 
11 13 13 0 0 0 
12 13 13 0 0 0 
13 13 13 0 0 0 
14 13 13 0 0 0 
15 13 13 0 0 0 
0 14 14 0 0 0 
1 14 14 0 0 0 
2 14 14 0 0 0 
3 14 14 0 0 0 
4 14 14 0 0 0 
5 14 14 0 0 0 
6 14 14 0 0 0 
7 14 14 0 0 0 
8 14 14 0 0 0 
9 14 14 0 0 0 
10 14 14 0 0 0 
11 14 14 0 0 0 
12 14 14 0 0 0 
13 14 14 0 0 0 
14 14 14 0 0 0 
15 14 14 0 0 0 
0 15 15 0 0 0 
1 15 15 0 0 0 
2 15 15 0 0 0 
3 15 15 0 0 0 
4 15 15 0 0 0 
5 15 15 0 0 0 
6 15 15 0 0 0 
7 15 15 0 0 0 
8 15 15 0 0 0 
9 15 15 0 0 0 
10 15 15 0 0 0 
11 15 15 0 0 0 
12 15 15 0 0 0 
13 15 15 0 0 0 
14 15 15 0 0 0 
15 15 15 0 0 0 
0 0 0 0 0 0 
1 0 0 0 0 0 
2 0 0 0 0 0 
3 0 0 0 0 0 
4 0 0 0 0 0 
5 0 0 0 0 0 
6 0 0 0 0 0 
7 0 0 0 0 0 
8 0 0 0 0 0 
9 0 0 0 0 0 
10 0 0 0 0 0 
11 0 0 0 0 0 
12 0 0 0 0 0 
13 0 0 0 0 0 
14 0 0 0 0 0 
15 0 0 0 0 0 
0 1 1 0 0 0 
1 1 1 0 0 0 
2 1 1 0 0 0 
3 1 1 0 0 0 
4 1 1 0 0 0 
5 1 1 0 0 0 
6 1 1 0 0 0 
7 1 1 0 0 0 
8 1 1 0 0 0 
9 1 1 0 0 0 
10 1 1 0 0 0 
11 1 1 0 0 0 
12 1 1 0 0 0 
13 1 1 0 0 0 
14 1 1 0 0 0 
15 1 1 0 0 0 
0 2 2 0 0 0 
1 2 2 0 0 0 
2 2 2 0 0 0 
3 2 2 0 0 0 
4 2 2 0 0 0 
5 2 2 0 0 0 
6 2 2 0 0 0 
7 2 2 0 0 0 
8 2 2 0 0 0 
9 2 2 0 0 0 
10 2 2 0 0 0 
11 2 2 0 0 0 
12 2 2 0 0 0 
13 2 2 0 0 0 
14 2 2 0 0 0 
15 2 2 0 0 0 
0 3 3 0.0498634 -8.88502e-05 9.08691e-06 
1 3 3 0.050547 -7.93638e-05 5.83569e-06 
2 3 3 0.0510582 -5.82579e-05 3.43995e-06 
3 3 3 0.0513502 -3.27873e-05 2.73408e-06 
4 3 3 0.0514377 -9.28459e-06 3.12703e-06 
5 3 3 0.0513694 7.53806e-06 5.06699e-06 
6 3 3 0.0512066 1.73866e-05 7.61228e-06 
7 3 3 0.0510018 2.13921e-05 8.74865e-06 
8 3 3 0.0507984 2.23504e-05 6.91226e-06 
9 3 3 0.0506164 2.11031e-05 1.80143e-06 
10 3 3 0.0504701 1.78725e-05 -3.32199e-06 
11 3 3 0.0503714 1.2505e-05 -4.9914e-06 
12 3 3 0.0503253 6.38077e-06 -4.55407e-06 
13 3 3 0.0503188 3.64697e-06 -5.14663e-06 
14 3 3 0.0502234 5.9237e-05 -1.77722e-05 
15 3 3 0.0491593 -0.00120992 -0.000154731 
0 4 4 0.577026 -0.00312934 -0.000413503 
1 4 4 0.582535 -0.00214922 -0.000380779 
2 4 4 0.585437 -0.00102748 -0.00026877 
3 4 4 0.585892 -2.92182e-05 -0.00010588 
4 4 4 0.584531 0.000685986 6.4009e-05 
5 4 4 0.582119 0.00108101 0.00021694 
6 4 4 0.579347 0.00120152 0.000337363 
7 4 4 0.576722 0.00112494 0.000408616 
8 4 4 0.574577 0.000930088 0.000409725 
9 4 4 0.573045 0.000680574 0.000329906 
10 4 4 0.572133 0.000409452 0.000204173 
11 4 4 0.571839 0.000137737 0.000103466 
12 4 4 0.572113 -9.00466e-05 2.91797e-05 
13 4 4 0.572753 -0.000176304 -3.34013e-05 
14 4 4 0.573242 0.000507157 6.52608e-06 
15 4 4 0.574337 -0.00443336 -0.000467914 
0 5 5 1.3324 -0.0131275 -0.00235668 
1 5 5 1.33791 -0.0087014 -0.00172349 
2 5 5 1.34114 -0.00351731 -0.000992036 
3 5 5 1.34151 0.00103904 -0.000310495 
4 5 5 1.33947 0.00416916 0.00022789 
5 5 5 1.336 0.00575985 0.000606348 
6 5 5 1.33202 0.00609737 0.000851381 
7 5 5 1.32822 0.00556995 0.000986147 
8 5 5 1.32504 0.00452317 0.000994952 
9 5 5 1.32265 0.00322536 0.000847376 
10 5 5 1.32104 0.00186024 0.000579729 
11 5 5 1.32019 0.000551892 0.000328007 
12 5 5 1.3201 -0.0005324 0.000136549 
13 5 5 1.32067 -0.00113364 -2.3492e-05 
14 5 5 1.32204 -0.000725829 -4.8499e-05 
15 5 5 1.326 -0.00562066 -0.00104774 
0 6 6 1.92966 -0.0182842 -0.00644294 
1 6 6 1.9183 -0.0140403 -0.0048223 
2 6 6 1.91309 -0.00719116 -0.0026866 
3 6 6 1.91267 -3.44606e-05 -0.000675997 
4 6 6 1.91494 0.00548952 0.000738612 
5 6 6 1.91814 0.00869085 0.00147819 
6 6 6 1.92115 0.00984841 0.00172178 
7 6 6 1.9234 0.009545 0.00167937 
8 6 6 1.92467 0.00830796 0.00146903 
9 6 6 1.92493 0.00652296 0.00109973 
10 6 6 1.92417 0.00448365 0.000619161 
11 6 6 1.92253 0.00242066 0.000182222 
12 6 6 1.92032 0.000568638 -0.000139352 
13 6 6 1.91793 -0.000828597 -0.000380311 
14 6 6 1.91585 -0.00165047 -0.0005616 
15 6 6 1.91459 -0.00525593 -0.00170282 
0 7 7 2.28039 -0.00653006 -0.00986464 
1 7 7 2.24657 -0.0061782 -0.00831975 
2 7 7 2.22215 -0.00373234 -0.00538009 
3 7 7 2.21022 -0.000161032 -0.00199353 
4 7 7 2.20975 0.00323172 0.000745272 
5 7 7 2.21696 0.00567124 0.00233667 
6 7 7 2.22766 0.00703728 0.00291307 
7 7 7 2.23876 0.00750417 0.00283363 
8 7 7 2.2484 0.00727154 0.00238731 
9 7 7 2.25563 0.00650512 0.00171665 
10 7 7 2.26 0.00536809 0.000935254 
11 7 7 2.26146 0.00404907 0.000199844 
12 7 7 2.26032 0.00272251 -0.000403798 
13 7 7 2.25709 0.0015279 -0.000877329 
14 7 7 2.25237 0.000533584 -0.00125783 
15 7 7 2.24674 -0.00125618 -0.00242673 
0 8 8 2.299 0.0133652 -0.0102646 
1 8 8 2.26411 0.0108125 -0.00885281 
2 8 8 2.23832 0.00729047 -0.005852 
3 8 8 2.22534 0.00379911 -0.00224399 
4 8 8 2.22457 0.00135939 0.000782056 
5 8 8 2.23231 0.000334766 0.00262785 
6 8 8 2.24427 0.000421055 0.00336086 
7 8 8 2.25715 0.00109271 0.00331874 
8 8 8 2.26887 0.00191333 0.00280888 
9 8 8 2.27822 0.00262213 0.00203016 
10 8 8 2.28458 0.00312172 0.00113118 
11 8 8 2.28777 0.00342566 0.000252025 
12 8 8 2.28794 0.00356147 -0.000510885 
13 8 8 2.28554 0.00353948 -0.0011157 
14 8 8 2.28118 0.00340893 -0.0015773 
15 8 8 2.27549 0.00394766 -0.00276545 
0 9 9 1.98551 0.0247322 -0.00786697 
1 9 9 1.97199 0.0188142 -0.00612 
2 9 9 1.96523 0.0109813 -0.00346607 
3 9 9 1.96471 0.00361702 -0.000763188 
4 9 9 1.9686 -0.00145066 0.00126732 
5 9 9 1.97494 -0.00383148 0.00238398 
6 9 9 1.98218 -0.00415654 0.00271458 
7 9 9 1.98921 -0.0032796 0.00250637 
8 9 9 1.99527 -0.00186108 0.00197694 
9 9 9 1.99988 -0.000304116 0.00128029 
10 9 9 2.00276 0.0011837 0.000530735 
11 9 9 2.00388 0.00249714 -0.000173087 
12 9 9 2.00344 0.00354361 -0.000756861 
13 9 9 2.00185 0.00420771 -0.0011687 
14 9 9 1.99976 0.00446776 -0.00140297 
15 9 9 1.99778 0.00721392 -0.00247645 
0 10 10 1.43011 0.0179579 -0.00375251 
1 10 10 1.43595 0.0120849 -0.00246401 
2 10 10 1.44053 0.00585549 -0.00104434 
3 10 10 1.44333 0.000777952 0.000141764 
4 10 10 1.44465 -0.00241362 0.000900861 
5 10 10 1.44513 -0.0037989 0.00122681 
6 10 10 1.44531 -0.00386413 0.00121804 
7 10 10 1.44544 -0.0031313 0.000995849 
8 10 10 1.44562 -0.00200122 0.000659801 
9 10 10 1.44586 -0.000737548 0.000279014 
10 10 10 1.44614 0.000498761 -9.58616e-05 
11 10 10 1.44648 0.00159677 -0.000421585 
12 10 10 1.44693 0.00243954 -0.000662015 
13 10 10 1.44757 0.00283826 -0.000780436 
14 10 10 1.44882 0.0024058 -0.000699145 
15 10 10 1.45224 0.00688449 -0.00163738 
0 11 11 0.735436 0.00524865 -0.00086518 
1 11 11 0.742809 0.00352326 -0.000548872 
2 11 11 0.747046 0.00175467 -0.000242908 
3 11 11 0.74848 0.000298967 -4.78585e-06 
4 11 11 0.747893 -0.000665987 0.000141597 
5 11 11 0.746162 -0.00114202 0.000200091 
6 11 11 0.744029 -0.00123542 0.000190572 
7 11 11 0.742003 -0.00107359 0.000138594 
8 11 11 0.740392 -0.000768657 6.21255e-05 
9 11 11 0.739354 -0.000403988 -2.63678e-05 
10 11 11 0.738949 -3.2421e-05 -0.00011385 
11 11 11 0.739161 0.000309057 -0.000187631 
12 11 11 0.739906 0.000570176 -0.000234644 
13 11 11 0.741008 0.000647133 -0.000239804 
14 11 11 0.74206 -0.000156175 -6.85996e-05 
15 11 11 0.744292 0.00497848 -0.000866217 
0 12 12 0.165287 0.000355612 -8.25786e-05 
1 12 12 0.167489 0.00026609 -6.17226e-05 
2 12 12 0.168942 0.000159087 -3.86868e-05 
3 12 12 0.169632 5.95438e-05 -1.83077e-05 
4 12 12 0.169696 -1.49303e-05 -2.8393e-06 
5 12 12 0.169341 -6.00071e-05 5.84594e-06 
6 12 12 0.168777 -7.88471e-05 8.70068e-06 
7 12 12 0.168163 -7.82207e-05 6.73046e-06 
8 12 12 0.167609 -6.51947e-05 1.01018e-06 
9 12 12 0.167179 -4.67369e-05 -7.56531e-06 
10 12 12 0.166907 -2.53515e-05 -1.64912e-05 
11 12 12 0.166808 -2.81303e-06 -2.46505e-05 
12 12 12 0.166864 1.54242e-05 -2.76835e-05 
13 12 12 0.167028 2.17352e-05 -2.53572e-05 
14 12 12 0.167012 -9.76899e-05 2.20733e-05 
15 12 12 0.164979 0.00291395 -0.000430051 
0 13 13 0 0 0 
1 13 13 0 0 0 
2 13 13 0 0 0 
3 13 13 0 0 0 
4 13 13 0 0 0 
5 13 13 0 0 0 
6 13 13 0 0 0 
7 13 13 0 0 0 
8 13 13 0 0 0 
9 13 13 0 0 0 
10 13 13 0 0 0 
11 13 13 0 0 0 
12 13 13 0 0 0 
13 13 13 0 0 0 
14 13 13 0 0 0 
15 13 13 0 0 0 
0 14 14 0 0 0 
1 14 14 0 0 0 
2 14 14 0 0 0 
3 14 14 0 0 0 
4 14 14 0 0 0 
5 14 14 0 0 0 
6 14 14 0 0 0 
7 14 14 0 0 0 
8 14 14 0 0 0 
9 14 14 0 0 0 
10 14 14 0 0 0 
11 14 14 0 0 0 
12 14 14 0 0 0 
13 14 14 0 0 0 
14 14 14 0 0 0 
15 14 14 0 0 0 
0 15 15 0 0 0 
1 15 15 0 0 0 
2 15 15 0 0 0 
3 15 15 0 0 0 
4 15 15 0 0 0 
5 15 15 0 0 0 
6 15 15 0 0 0 
7 15 15 0 0 0 
8 15 15 0 0 0 
9 15 15 0 0 0 
10 15 15 0 0 0 
11 15 15 0 0 0 
12 15 15 0 0 0 
13 15 15 0 0 0 
14 15 15 0 0 0 
15 15 15 0 0 0 
0 0 0 0 0 0 
1 0 0 0 0 0 
2 0 0 0 0 0 
3 0 0 0 0 0 
4 0 0 0 0 0 
5 0 0 0 0 0 
6 0 0 0 0 0 
7 0 0 0 0 0 
8 0 0 0 0 0 
9 0 0 0 0 0 
10 0 0 0 0 0 
11 0 0 0 0 0 
12 0 0 0 0 0 
13 0 0 0 0 0 
14 0 0 0 0 0 
15 0 0 0 0 0 
0 1 1 0 0 0 
1 1 1 0 0 0 
2 1 1 0 0 0 
3 1 1 0 0 0 
4 1 1 0 0 0 
5 1 1 0 0 0 
6 1 1 0 0 0 
7 1 1 0 0 0 
8 1 1 0 0 0 
9 1 1 0 0 0 
10 1 1 0 0 0 
11 1 1 0 0 0 
12 1 1 0 0 0 
13 1 1 0 0 0 
14 1 1 0 0 0 
15 1 1 0 0 0 
0 2 2 0 0 0 
1 2 2 0 0 0 
2 2 2 0 0 0 
3 2 2 0 0 0 
4 2 2 0 0 0 
5 2 2 0 0 0 
6 2 2 0 0 0 
7 2 2 0 0 0 
8 2 2 0 0 0 
9 2 2 0 0 0 
10 2 2 0 0 0 
11 2 2 0 0 0 
12 2 2 0 0 0 
13 2 2 0 0 0 
14 2 2 0 0 0 
15 2 2 0 0 0 
0 3 3 0.0498283 -8.9672e-05 -1.56189e-05 
1 3 3 0.0505114 -8.03739e-05 -1.38755e-05 
2 3 3 0.0510223 -5.90521e-05 -9.92365e-06 
3 3 3 0.0513141 -3.28692e-05 -4.22587e-06 
4 3 3 0.0514015 -8.59381e-06 7.87031e-07 
5 3 3 0.0513332 9.23619e-06 5.47639e-06 
6 3 3 0.0511703 2.00551e-05 8.99847e-06 
7 3 3 0.0509651 2.43479e-05 9.96526e-06 
8 3 3 0.0507609 2.45169e-05 7.59011e-06 
9 3 3 0.0505785 2.14194e-05 2.52206e-06 
10 3 3 0.0504329 1.64314e-05 -2.74638e-06 
11 3 3 0.0503353 1.05249e-05 -5.56404e-06 
12 3 3 0.0502893 4.60591e-06 -6.17359e-06 
13 3 3 0.0502827 1.95883e-06 -6.53535e-06 
14 3 3 0.0501875 5.75283e-05 5.76991e-06 
15 3 3 0.049124 -0.00121059 0.000144878 
0 4 4 0.576856 -0.00313621 0.000334518 
1 4 4 0.582373 -0.00216799 0.000234292 
2 4 4 0.585282 -0.00104814 0.000107611 
3 4 4 0.585739 -4.41721e-05 -2.26895e-06 
4 4 4 0.58437 0.000684045 -8.68515e-05 
5 4 4 0.581947 0.00109493 -0.000133149 
6 4 4 0.579161 0.00123103 -0.000146193 
7 4 4 0.576515 0.00116477 -0.000144389 
8 4 4 0.574334 0.000970548 -0.000147562 
9 4 4 0.572772 0.000705614 -0.000158769 
10 4 4 0.571869 0.000412779 -0.000171278 
11 4 4 0.571605 0.000129381 -0.000167993 
12 4 4 0.571894 -0.000103976 -0.000151964 
13 4 4 0.572542 -0.000199348 -0.000146241 
14 4 4 0.573044 0.000476893 -0.000227768 
15 4 4 0.574149 -0.00445774 0.000250762 
0 5 5 1.33195 -0.01309 0.00239631 
1 5 5 1.33747 -0.00870378 0.00162715 
2 5 5 1.34071 -0.00355269 0.000748819 
3 5 5 1.34107 0.000990098 -9.42631e-06 
4 5 5 1.33902 0.00412785 -0.000528094 
5 5 5 1.33551 0.00574138 -0.000799941 
6 5 5 1.33149 0.00611021 -0.00087557 
7 5 5 1.32765 0.0056146 -0.00082122 
8 5 5 1.3244 0.00459065 -0.000705859 
9 5 5 1.32194 0.0032878 -0.000570648 
10 5 5 1.32033 0.00189808 -0.000430833 
11 5 5 1.31953 0.000579462 -0.000279579 
12 5 5 1.31947 -0.00050909 -0.000133363 
13 5 5 1.32004 -0.0011343 -5.58305e-05 
14 5 5 1.32142 -0.000759984 -0.000168358 
15 5 5 1.32541 -0.00567102 0.000719364 
0 6 6 1.92901 -0.0182185 0.00638326 
1 6 6 1.91769 -0.0139902 0.00479628 
2 6 6 1.9125 -0.00716894 0.00259518 
3 6 6 1.91208 -4.10311e-05 0.000475855 
4 6 6 1.91433 0.00546258 -0.00102963 
5 6 6 1.91748 0.00865597 -0.00180192 
6 6 6 1.92043 0.00981766 -0.00200481 
7 6 6 1.9226 0.00952751 -0.00185866 
8 6 6 1.92378 0.0083083 -0.00153357 
9 6 6 1.92394 0.00653728 -0.0011396 
10 6 6 1.92314 0.00450679 -0.000725729 
11 6 6 1.92153 0.00245697 -0.000304894 
12 6 6 1.91937 0.000615462 8.89683e-05 
13 6 6 1.91699 -0.000788538 0.000381779 
14 6 6 1.91491 -0.00163163 0.000522047 
15 6 6 1.91367 -0.00525859 0.00157016 
0 7 7 2.27975 -0.00649926 0.009635 
1 7 7 2.24598 -0.00614576 0.00817963 
2 7 7 2.22161 -0.00369955 0.00526654 
3 7 7 2.20971 -0.000132084 0.00185906 
4 7 7 2.20925 0.00325246 -0.000921367 
5 7 7 2.21643 0.00568083 -0.00254487 
6 7 7 2.22708 0.00703386 -0.00312792 
7 7 7 2.2381 0.00748773 -0.00302634 
8 7 7 2.24764 0.00724744 -0.00255292 
9 7 7 2.25475 0.0064866 -0.00191077 
10 7 7 2.25904 0.00537124 -0.00120692 
11 7 7 2.26049 0.00406723 -0.0004911 
12 7 7 2.25936 0.0027418 0.000182345 
13 7 7 2.25614 0.00154359 0.000740158 
14 7 7 2.25143 0.000548332 0.00115584 
15 7 7 2.24581 -0.00124182 0.00231673 
0 8 8 2.2986 0.0133685 0.0100669 
1 8 8 2.26374 0.0108109 0.00874161 
2 8 8 2.23798 0.00729674 0.00577849 
3 8 8 2.22503 0.00381959 0.00216345 
4 8 8 2.22428 0.00139304 -0.000897737 
5 8 8 2.23202 0.000374842 -0.0027806 
6 8 8 2.24395 0.000456736 -0.0035386 
7 8 8 2.25678 0.00111495 -0.00350548 
8 8 8 2.26842 0.00192018 -0.00300046 
9 8 8 2.27767 0.00262576 -0.00224879 
10 8 8 2.28397 0.00313316 -0.00139052 
11 8 8 2.28712 0.0034368 -0.000514893 
12 8 8 2.28727 0.00355968 0.000299499 
13 8 8 2.28486 0.00352666 0.000971474 
14 8 8 2.2805 0.00339778 0.00147406 
15 8 8 2.27481 0.00394625 0.00267218 
0 9 9 1.98533 0.0247068 0.00782047 
1 9 9 1.97181 0.0187906 0.0061388 
2 9 9 1.96507 0.0109772 0.00348345 
3 9 9 1.96457 0.00364022 0.000723418 
4 9 9 1.96848 -0.00140415 -0.0013892 
5 9 9 1.97481 -0.00377342 -0.00257762 
6 9 9 1.98204 -0.00410296 -0.0029489 
7 9 9 1.98903 -0.00324234 -0.00274485 
8 9 9 1.99504 -0.00184442 -0.00219307 
9 9 9 1.99958 -0.000301409 -0.00146615 
10 9 9 2.00241 0.00117884 -0.000686271 
11 9 9 2.00351 0.00248364 6.01269e-05 
12 9 9 2.00305 0.00351894 0.000698857 
13 9 9 2.00145 0.00417863 0.00115655 
14 9 9 1.99935 0.00444766 0.00140157 
15 9 9 1.99738 0.00721101 0.00245081 
0 10 10 1.43001 0.0179299 0.00383889 
1 10 10 1.43586 0.0120761 0.00250913 
2 10 10 1.44045 0.00587235 0.00100384 
3 10 10 1.44326 0.000816144 -0.000273451 
4 10 10 1.44459 -0.00236628 -0.00109254 
5 10 10 1.44507 -0.00375679 -0.00143125 
6 10 10 1.44523 -0.00383836 -0.0013901 
7 10 10 1.44533 -0.00312709 -0.00110304 
8 10 10 1.44548 -0.00201732 -0.00069148 
9 10 10 1.44567 -0.000765699 -0.000248745 
10 10 10 1.44593 0.000467515 0.000162055 
11 10 10 1.44626 0.00156678 0.000500679 
12 10 10 1.4467 0.00241475 0.000736299 
13 10 10 1.44735 0.00282355 0.000824766 
14 10 10 1.44861 0.00240711 0.000688962 
15 10 10 1.45204 0.00690202 0.00156525 
0 11 11 0.735375 0.00524481 0.000886479 
1 11 11 0.742754 0.00352961 0.000508676 
2 11 11 0.746999 0.00177023 0.000158437 
3 11 11 0.748441 0.000316763 -9.35991e-05 
4 11 11 0.747854 -0.000652494 -0.000218274 
5 11 11 0.746118 -0.00113815 -0.000232092 
6 11 11 0.743974 -0.00124151 -0.000168714 
7 11 11 0.741933 -0.00108886 -6.61906e-05 
8 11 11 0.740305 -0.00078925 4.27386e-05 
9 11 11 0.739254 -0.000424094 0.000134274 
10 11 11 0.738845 -4.71111e-05 0.000198521 
11 11 11 0.739057 0.000299442 0.000234054 
12 11 11 0.739805 0.000568535 0.000240696 
13 11 11 0.740912 0.000652888 0.000201975 
14 11 11 0.741972 -0.000144627 -5.62344e-06 
15 11 11 0.744212 0.00499436 0.000774165 
0 12 12 0.165262 0.000355664 8.24743e-05 
1 12 12 0.167465 0.000266922 5.03705e-05 
2 12 12 0.168917 0.00016093 2.46735e-05 
3 12 12 0.169611 6.09912e-05 6.47985e-06 
4 12 12 0.169674 -1.42568e-05 6.71245e-09 
5 12 12 0.169319 -6.09968e-05 1.78845e-06 
6 12 12 0.168753 -8.081e-05 9.29852e-06 
7 12 12 0.168136 -8.0966e-05 1.8323e-05 
8 12 12 0.167579 -6.80996e-05 2.57895e-05 
9 12 12 0.167149 -4.89437e-05 2.89695e-05 
10 12 12 0.166879 -2.62881e-05 2.85241e-05 
11 12 12 0.166779 -3.44593e-06 2.55369e-05 
12 12 12 0.166835 1.61625e-05 2.11477e-05 
13 12 12 0.167 2.31552e-05 1.14852e-05 
14 12 12 0.166984 -9.60547e-05 -4.03566e-05 
15 12 12 0.164953 0.00291572 0.000412948 
0 13 13 0 0 0 
1 13 13 0 0 0 
2 13 13 0 0 0 
3 13 13 0 0 0 
4 13 13 0 0 0 
5 13 13 0 0 0 
6 13 13 0 0 0 
7 13 13 0 0 0 
8 13 13 0 0 0 
9 13 13 0 0 0 
10 13 13 0 0 0 
11 13 13 0 0 0 
12 13 13 0 0 0 
13 13 13 0 0 0 
14 13 13 0 0 0 
15 13 13 0 0 0 
0 14 14 0 0 0 
1 14 14 0 0 0 
2 14 14 0 0 0 
3 14 14 0 0 0 
4 14 14 0 0 0 
5 14 14 0 0 0 
6 14 14 0 0 0 
7 14 14 0 0 0 
8 14 14 0 0 0 
9 14 14 0 0 0 
10 14 14 0 0 0 
11 14 14 0 0 0 
12 14 14 0 0 0 
13 14 14 0 0 0 
14 14 14 0 0 0 
15 14 14 0 0 0 
0 15 15 0 0 0 
1 15 15 0 0 0 
2 15 15 0 0 0 
3 15 15 0 0 0 
4 15 15 0 0 0 
5 15 15 0 0 0 
6 15 15 0 0 0 
7 15 15 0 0 0 
8 15 15 0 0 0 
9 15 15 0 0 0 
10 15 15 0 0 0 
11 15 15 0 0 0 
12 15 15 0 0 0 
13 15 15 0 0 0 
14 15 15 0 0 0 
15 15 15 0 0 0 
0 0 0 0 0 0 
1 0 0 0 0 0 
2 0 0 0 0 0 
3 0 0 0 0 0 
4 0 0 0 0 0 
5 0 0 0 0 0 
6 0 0 0 0 0 
7 0 0 0 0 0 
8 0 0 0 0 0 
9 0 0 0 0 0 
10 0 0 0 0 0 
11 0 0 0 0 0 
12 0 0 0 0 0 
13 0 0 0 0 0 
14 0 0 0 0 0 
15 0 0 0 0 0 
0 1 1 0 0 0 
1 1 1 0 0 0 
2 1 1 0 0 0 
3 1 1 0 0 0 
4 1 1 0 0 0 
5 1 1 0 0 0 
6 1 1 0 0 0 
7 1 1 0 0 0 
8 1 1 0 0 0 
9 1 1 0 0 0 
10 1 1 0 0 0 
11 1 1 0 0 0 
12 1 1 0 0 0 
13 1 1 0 0 0 
14 1 1 0 0 0 
15 1 1 0 0 0 
0 2 2 0 0 0 
1 2 2 0 0 0 
2 2 2 0 0 0 
3 2 2 0 0 0 
4 2 2 0 0 0 
5 2 2 0 0 0 
6 2 2 0 0 0 
7 2 2 0 0 0 
8 2 2 0 0 0 
9 2 2 0 0 0 
10 2 2 0 0 0 
11 2 2 0 0 0 
12 2 2 0 0 0 
13 2 2 0 0 0 
14 2 2 0 0 0 
15 2 2 0 0 0 
0 3 3 0 0 0 
1 3 3 0 0 0 
2 3 3 0 0 0 
3 3 3 0 0 0 
4 3 3 0 0 0 
5 3 3 0 0 0 
6 3 3 0 0 0 
7 3 3 0 0 0 
8 3 3 0 0 0 
9 3 3 0 0 0 
10 3 3 0 0 0 
11 3 3 0 0 0 
12 3 3 0 0 0 
13 3 3 0 0 0 
14 3 3 0 0 0 
15 3 3 0 0 0 
0 4 4 0.40264 -0.00164513 0.000483666 
1 4 4 0.406974 -0.00114614 0.000408942 
2 4 4 0.409448 -0.000577321 0.000254017 
3 4 4 0.410123 -7.67569e-05 7.18342e-05 
4 4 4 0.409413 0.000284961 -9.81911e-05 
5 4 4 0.407847 0.000483914 -0.000227979 
6 4 4 0.405932 0.000543518 -0.000310847 
7 4 4 0.404046 0.000502289 -0.000352138 
8 4 4 0.402442 0.00039769 -0.000367535 
9 4 4 0.401254 0.000260801 -0.000359016 
10 4 4 0.400533 0.00011431 -0.000328746 
11 4 4 0.400274 -2.20654e-05 -0.000280078 
12 4 4 0.400417 -0.000129598 -0.000222852 
13 4 4 0.400821 -0.000166018 -0.000185312 
14 4 4 0.400982 0.000254566 -0.000356418 
15 4 4 0.400378 -0.00362092 0.00129346 
0 5 5 1.07853 -0.00838149 0.00428946 
1 5 5 1.08546 -0.00539264 0.00303703 
2 5 5 1.0889 -0.00208085 0.0015611 
3 5 5 1.08889 0.000740267 0.000213128 
4 5 5 1.08633 0.00263039 -0.000801386 
5 5 5 1.08239 0.00354248 -0.00143599 
6 5 5 1.07807 0.0036641 -0.00173721 
7 5 5 1.0741 0.0032454 -0.00178408 
8 5 5 1.07088 0.00251052 -0.00165558 
9 5 5 1.06862 0.00162647 -0.00141159 
10 5 5 1.06737 0.00072239 -0.00109142 
11 5 5 1.06705 -9.86975e-05 -0.000736141 
12 5 5 1.06751 -0.000738446 -0.000401569 
13 5 5 1.06855 -0.00103425 -0.000201814 
14 5 5 1.07005 -0.000347926 -0.000547616 
15 5 5 1.07433 -0.00468832 0.00200302 
0 6 6 1.62782 -0.0130885 0.0124953 
1 6 6 1.62846 -0.00912188 0.00880276 
2 6 6 1.63023 -0.00380322 0.00438475 
3 6 6 1.63167 0.0012354 0.00047052 
4 6 6 1.63205 0.00486661 -0.00220761 
5 6 6 1.63142 0.00678218 -0.00359283 
6 6 6 1.63013 0.00723089 -0.0039972 
7 6 6 1.6285 0.00663933 -0.00377313 
8 6 6 1.62676 0.005407 -0.00318394 
9 6 6 1.62508 0.00384314 -0.00239548 
10 6 6 1.62356 0.00218809 -0.00151432 
11 6 6 1.62226 0.000634441 -0.000627016 
12 6 6 1.62125 -0.000649197 0.000161349 
13 6 6 1.62063 -0.00147887 0.00069187 
14 6 6 1.6208 -0.00164601 0.000757352 
15 6 6 1.62275 -0.00486765 0.00384753 
0 7 7 1.94824 -0.00578283 0.0206462 
1 7 7 1.93622 -0.00476153 0.0157179 
2 7 7 1.9306 -0.00217149 0.00870504 
3 7 7 1.93024 0.000999682 0.0018261 
4 7 7 1.9331 0.00377061 -0.00316282 
5 7 7 1.93734 0.00560948 -0.00579604 
6 7 7 1.94167 0.00642872 -0.00653941 
7 7 7 1.94535 0.00637742 -0.00607895 
8 7 7 1.948 0.0056818 -0.00495371 
9 7 7 1.94944 0.00457109 -0.00350575 
10 7 7 1.94969 0.00325951 -0.00194487 
11 7 7 1.94884 0.00193282 -0.000421842 
12 7 7 1.94713 0.000749113 0.000916759 
13 7 7 1.94492 -0.000160932 0.00189935 
14 7 7 1.94277 -0.000726976 0.00244168 
15 7 7 1.94125 -0.0021807 0.0056635 
0 8 8 1.96798 0.00850881 0.0221544 
1 8 8 1.95519 0.00611928 0.0171022 
2 8 8 1.94903 0.00383777 0.00959283 
3 8 8 1.94867 0.00222568 0.00203646 
4 8 8 1.95212 0.00153218 -0.00357545 
5 8 8 1.95746 0.00156196 -0.00661918 
6 8 8 1.96325 0.0019142 -0.0075056 
7 8 8 1.96857 0.00225697 -0.00695261 
8 8 8 1.97284 0.00242553 -0.00557142 
9 8 8 1.97576 0.00239799 -0.00378344 
10 8 8 1.97721 0.00222693 -0.00186894 
11 8 8 1.97725 0.00198563 -3.1671e-05 
12 8 8 1.97609 0.00172971 0.00154976 
13 8 8 1.97413 0.00148316 0.00269193 
14 8 8 1.97196 0.00127145 0.00332042 
15 8 8 1.97019 0.00195019 0.00650806 
0 9 9 1.68734 0.0157194 0.0162026 
1 9 9 1.68723 0.0111054 0.0114737 
2 9 9 1.68918 0.00607906 0.0055286 
3 9 9 1.69194 0.00194401 0.000112825 
4 9 9 1.69471 -0.000622847 -0.00362287 
5 9 9 1.69727 -0.00171967 -0.00545346 
6 9 9 1.69957 -0.00182516 -0.00573793 
7 9 9 1.70154 -0.00140545 -0.00499334 
8 9 9 1.70308 -0.000767173 -0.00367098 
9 9 9 1.70412 -6.74103e-05 -0.00210296 
10 9 9 1.70462 0.000621341 -0.000520387 
11 9 9 1.70463 0.00125543 0.000907851 
12 9 9 1.70428 0.00177502 0.00203947 
13 9 9 1.7038 0.00207173 0.00271591 
14 9 9 1.70375 0.00201837 0.00279448 
15 9 9 1.70509 0.00482243 0.00570891 
0 10 10 1.17471 0.0107011 0.00716759 
1 10 10 1.1825 0.00722619 0.0044529 
2 10 10 1.18728 0.00366527 0.00164857 
3 10 10 1.18917 0.000769461 -0.000583827 
4 10 10 1.18895 -0.00112078 -0.00192751 
5 10 10 1.18761 -0.00205512 -0.00241014 
6 10 10 1.18591 -0.00227215 -0.00224394 
7 10 10 1.18435 -0.00202621 -0.00167809 
8 10 10 1.18316 -0.0015147 -0.000927257 
9 10 10 1.18246 -0.000870972 -0.000148641 
10 10 10 1.18229 -0.0001844 0.0005557 
11 10 10 1.18264 0.000470451 0.00111944 
12 10 10 1.18346 0.0010073 0.0014887 
13 10 10 1.18464 0.00126001 0.00157075 
14 10 10 1.18635 0.000665702 0.00103586 
15 10 10 1.19084 0.0049351 0.00350794 
0 11 11 0.492228 0.00244975 0.00125141 
1 11 11 0.497727 0.00174665 0.000743652 
2 11 11 0.500991 0.000967954 0.000279227 
3 11 11 0.502196 0.000276391 -5.20176e-05 
4 11 11 0.501853 -0.00022755 -0.00021852 
5 11 11 0.500585 -0.000523619 -0.000243324 
6 11 11 0.498941 -0.000641196 -0.000168648 
7 11 11 0.49732 -0.000628062 -4.32262e-05 
8 11 11 0.495974 -0.000528853 9.27229e-05 
9 11 11 0.495046 -0.000380036 0.000210797 
10 11 11 0.494596 -0.000207042 0.000298294 
11 11 11 0.494618 -3.27328e-05 0.000350303 
12 11 11 0.495049 0.000116846 0.00036312 
13 11 11 0.495743 0.000180684 0.000315869 
14 11 11 0.49621 -0.00032994 -3.12185e-06 
15 11 11 0.496608 0.00384126 0.00186256 
0 12 12 0.0654346 0.000114479 1.82239e-05 
1 12 12 0.0663413 9.19482e-05 8.58287e-06 
2 12 12 0.0669678 6.06835e-05 2.74689e-06 
3 12 12 0.0673017 2.71545e-05 9.69609e-07 
4 12 12 0.0673706 -3.02464e-07 3.00624e-06 
5 12 12 0.0672586 -1.95172e-05 6.89504e-06 
6 12 12 0.067047 -2.97543e-05 1.18659e-05 
7 12 12 0.0668029 -3.29056e-05 1.63746e-05 
8 12 12 0.0665726 -3.0735e-05 1.9571e-05 
9 12 12 0.0663855 -2.5617e-05 2.03687e-05 
10 12 12 0.0662586 -1.82976e-05 1.93803e-05 
11 12 12 0.0661969 -1.01197e-05 1.69331e-05 
12 12 12 0.0661972 -2.23849e-06 1.34187e-05 
13 12 12 0.0662422 2.13714e-06 8.33446e-06 
14 12 12 0.0661922 -4.27145e-05 -3.59068e-06 
15 12 12 0.0649513 0.00125062 0.000720843 
0 13 13 0 0 0 
1 13 13 0 0 0 
2 13 13 0 0 0 
3 13 13 0 0 0 
4 13 13 0 0 0 
5 13 13 0 0 0 
6 13 13 0 0 0 
7 13 13 0 0 0 
8 13 13 0 0 0 
9 13 13 0 0 0 
10 13 13 0 0 0 
11 13 13 0 0 0 
12 13 13 0 0 0 
13 13 13 0 0 0 
14 13 13 0 0 0 
15 13 13 0 0 0 
0 14 14 0 0 0 
1 14 14 0 0 0 
2 14 14 0 0 0 
3 14 14 0 0 0 
4 14 14 0 0 0 
5 14 14 0 0 0 
6 14 14 0 0 0 
7 14 14 0 0 0 
8 14 14 0 0 0 
9 14 14 0 0 0 
10 14 14 0 0 0 
11 14 14 0 0 0 
12 14 14 0 0 0 
13 14 14 0 0 0 
14 14 14 0 0 0 
15 14 14 0 0 0 
0 15 15 0 0 0 
1 15 15 0 0 0 
2 15 15 0 0 0 
3 15 15 0 0 0 
4 15 15 0 0 0 
5 15 15 0 0 0 
6 15 15 0 0 0 
7 15 15 0 0 0 
8 15 15 0 0 0 
9 15 15 0 0 0 
10 15 15 0 0 0 
11 15 15 0 0 0 
12 15 15 0 0 0 
13 15 15 0 0 0 
14 15 15 0 0 0 
15 15 15 0 0 0 
0 0 0 0 0 0 
1 0 0 0 0 0 
2 0 0 0 0 0 
3 0 0 0 0 0 
4 0 0 0 0 0 
5 0 0 0 0 0 
6 0 0 0 0 0 
7 0 0 0 0 0 
8 0 0 0 0 0 
9 0 0 0 0 0 
10 0 0 0 0 0 
11 0 0 0 0 0 
12 0 0 0 0 0 
13 0 0 0 0 0 
14 0 0 0 0 0 
15 0 0 0 0 0 
0 1 1 0 0 0 
1 1 1 0 0 0 
2 1 1 0 0 0 
3 1 1 0 0 0 
4 1 1 0 0 0 
5 1 1 0 0 0 
6 1 1 0 0 0 
7 1 1 0 0 0 
8 1 1 0 0 0 
9 1 1 0 0 0 
10 1 1 0 0 0 
11 1 1 0 0 0 
12 1 1 0 0 0 
13 1 1 0 0 0 
14 1 1 0 0 0 
15 1 1 0 0 0 
0 2 2 0 0 0 
1 2 2 0 0 0 
2 2 2 0 0 0 
3 2 2 0 0 0 
4 2 2 0 0 0 
5 2 2 0 0 0 
6 2 2 0 0 0 
7 2 2 0 0 0 
8 2 2 0 0 0 
9 2 2 0 0 0 
10 2 2 0 0 0 
11 2 2 0 0 0 
12 2 2 0 0 0 
13 2 2 0 0 0 
14 2 2 0 0 0 
15 2 2 0 0 0 
0 3 3 0 0 0 
1 3 3 0 0 0 
2 3 3 0 0 0 
3 3 3 0 0 0 
4 3 3 0 0 0 
5 3 3 0 0 0 
6 3 3 0 0 0 
7 3 3 0 0 0 
8 3 3 0 0 0 
9 3 3 0 0 0 
10 3 3 0 0 0 
11 3 3 0 0 0 
12 3 3 0 0 0 
13 3 3 0 0 0 
14 3 3 0 0 0 
15 3 3 0 0 0 
0 4 4 0.192896 -0.000468579 0.000171001 
1 4 4 0.195285 -0.000330993 0.000171888 
2 4 4 0.196824 -0.000182761 0.000122403 
3 4 4 0.197471 -5.65303e-05 4.60931e-05 
4 4 4 0.197378 3.05586e-05 -3.52052e-05 
5 4 4 0.196789 7.34681e-05 -0.000104457 
6 4 4 0.195951 8.07085e-05 -0.000154895 
7 4 4 0.195061 6.40574e-05 -0.000184886 
8 4 4 0.194258 3.37461e-05 -0.00019859 
9 4 4 0.193623 -1.92709e-06 -0.000198662 
10 4 4 0.193195 -3.5982e-05 -0.000184282 
11 4 4 0.192986 -6.42452e-05 -0.000158895 
12 4 4 0.192973 -8.29622e-05 -0.000127704 
13 4 4 0.193093 -8.26468e-05 -0.000103836 
14 4 4 0.19299 6.86857e-05 -0.000194524 
15 4 4 0.19103 -0.00243559 0.0015075 
0 5 5 0.603951 -0.00277796 0.00199151 
1 5 5 0.609844 -0.00174728 0.00153916 
2 5 5 0.613016 -0.000706494 0.0008918 
3 5 5 0.613628 0.000123459 0.000222736 
4 5 5 0.61232 0.000635393 -0.000343473 
5 5 5 0.609899 0.000834159 -0.000746539 
6 5 5 0.607079 0.000794657 -0.000979842 
7 5 5 0.604384 0.000605098 -0.00106815 
8 5 5 0.60215 0.000341729 -0.00104221 
9 5 5 0.600556 5.94037e-05 -0.000937063 
10 5 5 0.599658 -0.000200643 -0.000771212 
11 5 5 0.59943 -0.00041161 -0.000572234 
12 5 5 0.599767 -0.000548851 -0.00037397 
13 5 5 0.600465 -0.000556646 -0.000247764 
14 5 5 0.600962 1.61314e-05 -0.000648587 
15 5 5 0.601957 -0.00330599 0.00268523 
0 6 6 1.09388 -0.00601396 0.00790934 
1 6 6 1.101 -0.00357317 0.00546639 
2 6 6 1.10472 -0.000989644 0.00270028 
3 6 6 1.10508 0.0010966 0.000260924 
4 6 6 1.10295 0.00235994 -0.00149484 
5 6 6 1.09946 0.00279681 -0.00251815 
6 6 6 1.09557 0.00259954 -0.00292484 
7 6 6 1.09197 0.0020054 -0.00288183 
8 6 6 1.08904 0.00122361 -0.00253452 
9 6 6 1.08699 0.000405736 -0.00199937 
10 6 6 1.08586 -0.000340388 -0.00136234 
11 6 6 1.08562 -0.000941036 -0.000704202 
12 6 6 1.08611 -0.00133984 -0.000121086 
13 6 6 1.08715 -0.00144766 0.000215054 
14 6 6 1.08867 -0.000879656 -0.000319032 
15 6 6 1.09296 -0.00338504 0.00408778 
0 7 7 1.37229 -0.00403457 0.0146598 
1 7 7 1.37796 -0.00230202 0.00991789 
2 7 7 1.38175 -0.00016714 0.00460543 
3 7 7 1.38308 0.00171207 6.00264e-05 
4 7 7 1.38229 0.0029175 -0.00300075 
5 7 7 1.38022 0.0033419 -0.00454985 
6 7 7 1.37767 0.00310928 -0.00491538 
7 7 7 1.37516 0.00243674 -0.00449341 
8 7 7 1.37301 0.00154439 -0.00360316 
9 7 7 1.37138 0.000610412 -0.00247296 
10 7 7 1.37033 -0.000235501 -0.00126354 
11 7 7 1.36986 -0.000905993 -0.000108487 
12 7 7 1.36993 -0.00134757 0.000851259 
13 7 7 1.37049 -0.00151763 0.00139693 
14 7 7 1.37179 -0.0013205 0.00104701 
15 7 7 1.37555 -0.00226792 0.00578659 
0 8 8 1.39489 0.00205052 0.016249 
1 8 8 1.40061 0.00179895 0.010845 
2 8 8 1.40469 0.00175582 0.00482893 
3 8 8 1.40653 0.00180317 -0.000265654 
4 8 8 1.40645 0.00180301 -0.00361326 
5 8 8 1.4052 0.00164696 -0.00518354 
6 8 8 1.40348 0.00131094 -0.0053733 
7 8 8 1.40177 0.000841313 -0.00466381 
8 8 8 1.4003 0.000323925 -0.00345355 
9 8 8 1.39919 -0.000152845 -0.00202877 
10 8 8 1.39851 -0.000522006 -0.000587613 
11 8 8 1.39826 -0.0007468 0.000717978 
12 8 8 1.39842 -0.000825125 0.00174316 
13 8 8 1.39898 -0.000794694 0.002274 
14 8 8 1.40027 -0.000750284 0.00186277 
15 8 8 1.40394 0.000246388 0.00648538 
0 9 9 1.15727 0.00535959 0.0109375 
1 9 9 1.1649 0.00400866 0.00695673 
2 9 9 1.16943 0.00256769 0.00280592 
3 9 9 1.17092 0.0012988 -0.000549495 
4 9 9 1.17019 0.000328434 -0.00264371 
5 9 9 1.16825 -0.000346789 -0.00350409 
6 9 9 1.16592 -0.000786146 -0.00342559 
7 9 9 1.16375 -0.00104083 -0.00275198 
8 9 9 1.16204 -0.00114045 -0.00177536 
9 9 9 1.16093 -0.00110117 -0.000708761 
10 9 9 1.16046 -0.000939953 0.000304848 
11 9 9 1.16062 -0.000686165 0.00116338 
12 9 9 1.16133 -0.000393407 0.00177598 
13 9 9 1.16248 -0.000176716 0.00198597 
14 9 9 1.16416 -0.000405199 0.00123402 
15 9 9 1.16865 0.00224855 0.00545395 
0 10 10 0.71656 0.00319691 0.00391478 
1 10 10 0.723736 0.00241489 0.00240966 
2 10 10 0.727822 0.00146619 0.000957764 
3 10 10 0.729108 0.000557375 -0.000148386 
4 10 10 0.728347 -0.000172014 -0.000785125 
5 10 10 0.726415 -0.000674222 -0.000987432 
6 10 10 0.724062 -0.000962086 -0.000872403 
7 10 10 0.721815 -0.001072 -0.000570402 
8 10 10 0.719997 -0.00104249 -0.000193211 
9 10 10 0.718785 -0.000908758 0.000179864 
10 10 10 0.718243 -0.000701029 0.000501421 
11 10 10 0.718352 -0.000452986 0.000743454 
12 10 10 0.719015 -0.00020868 0.000882778 
13 10 10 0.720033 -6.13142e-05 0.00085374 
14 10 10 0.720924 -0.000555855 0.000127447 
15 10 10 0.723242 0.00296825 0.00357685 
0 11 11 0.236005 0.000535994 0.000602452 
1 11 11 0.238999 0.000437723 0.000375879 
2 11 11 0.240908 0.000284786 0.000172187 
3 11 11 0.241745 0.000118208 2.72907e-05 
4 11 11 0.241724 -2.73465e-05 -4.49607e-05 
5 11 11 0.241146 -0.000135959 -5.56323e-05 
6 11 11 0.240301 -0.000202996 -2.3034e-05 
7 11 11 0.239413 -0.00023325 3.09954e-05 
8 11 11 0.238629 -0.000233113 8.8377e-05 
9 11 11 0.238039 -0.00021042 0.000135959 
10 11 11 0.237687 -0.000170833 0.000168995 
11 11 11 0.23758 -0.000121541 0.000185654 
12 11 11 0.237691 -7.0897e-05 0.000185103 
13 11 11 0.237943 -3.72382e-05 0.000156799 
14 11 11 0.237959 -0.000196459 -4.43288e-05 
15 11 11 0.236401 0.00255069 0.00188386 
0 12 12 0 0 0 
1 12 12 0 0 0 
2 12 12 0 0 0 
3 12 12 0 0 0 
4 12 12 0 0 0 
5 12 12 0 0 0 
6 12 12 0 0 0 
7 12 12 0 0 0 
8 12 12 0 0 0 
9 12 12 0 0 0 
10 12 12 0 0 0 
11 12 12 0 0 0 
12 12 12 0 0 0 
13 12 12 0 0 0 
14 12 12 0 0 0 
15 12 12 0 0 0 
0 13 13 0 0 0 
1 13 13 0 0 0 
2 13 13 0 0 0 
3 13 13 0 0 0 
4 13 13 0 0 0 
5 13 13 0 0 0 
6 13 13 0 0 0 
7 13 13 0 0 0 
8 13 13 0 0 0 
9 13 13 0 0 0 
10 13 13 0 0 0 
11 13 13 0 0 0 
12 13 13 0 0 0 
13 13 13 0 0 0 
14 13 13 0 0 0 
15 13 13 0 0 0 
0 14 14 0 0 0 
1 14 14 0 0 0 
2 14 14 0 0 0 
3 14 14 0 0 0 
4 14 14 0 0 0 
5 14 14 0 0 0 
6 14 14 0 0 0 
7 14 14 0 0 0 
8 14 14 0 0 0 
9 14 14 0 0 0 
10 14 14 0 0 0 
11 14 14 0 0 0 
12 14 14 0 0 0 
13 14 14 0 0 0 
14 14 14 0 0 0 
15 14 14 0 0 0 
0 15 15 0 0 0 
1 15 15 0 0 0 
2 15 15 0 0 0 
3 15 15 0 0 0 
4 15 15 0 0 0 
5 15 15 0 0 0 
6 15 15 0 0 0 
7 15 15 0 0 0 
8 15 15 0 0 0 
9 15 15 0 0 0 
10 15 15 0 0 0 
11 15 15 0 0 0 
12 15 15 0 0 0 
13 15 15 0 0 0 
14 15 15 0 0 0 
15 15 15 0 0 0 
0 0 0 0 0 0 
1 0 0 0 0 0 
2 0 0 0 0 0 
3 0 0 0 0 0 
4 0 0 0 0 0 
5 0 0 0 0 0 
6 0 0 0 0 0 
7 0 0 0 0 0 
8 0 0 0 0 0 
9 0 0 0 0 0 
10 0 0 0 0 0 
11 0 0 0 0 0 
12 0 0 0 0 0 
13 0 0 0 0 0 
14 0 0 0 0 0 
15 0 0 0 0 0 
0 1 1 0 0 0 
1 1 1 0 0 0 
2 1 1 0 0 0 
3 1 1 0 0 0 
4 1 1 0 0 0 
5 1 1 0 0 0 
6 1 1 0 0 0 
7 1 1 0 0 0 
8 1 1 0 0 0 
9 1 1 0 0 0 
10 1 1 0 0 0 
11 1 1 0 0 0 
12 1 1 0 0 0 
13 1 1 0 0 0 
14 1 1 0 0 0 
15 1 1 0 0 0 
0 2 2 0 0 0 
1 2 2 0 0 0 
2 2 2 0 0 0 
3 2 2 0 0 0 
4 2 2 0 0 0 
5 2 2 0 0 0 
6 2 2 0 0 0 
7 2 2 0 0 0 
8 2 2 0 0 0 
9 2 2 0 0 0 
10 2 2 0 0 0 
11 2 2 0 0 0 
12 2 2 0 0 0 
13 2 2 0 0 0 
14 2 2 0 0 0 
15 2 2 0 0 0 
0 3 3 0 0 0 
1 3 3 0 0 0 
2 3 3 0 0 0 
3 3 3 0 0 0 
4 3 3 0 0 0 
5 3 3 0 0 0 
6 3 3 0 0 0 
7 3 3 0 0 0 
8 3 3 0 0 0 
9 3 3 0 0 0 
10 3 3 0 0 0 
11 3 3 0 0 0 
12 3 3 0 0 0 
13 3 3 0 0 0 
14 3 3 0 0 0 
15 3 3 0 0 0 
0 4 4 0 0 0 
1 4 4 0 0 0 
2 4 4 0 0 0 
3 4 4 0 0 0 
4 4 4 0 0 0 
5 4 4 0 0 0 
6 4 4 0 0 0 
7 4 4 0 0 0 
8 4 4 0 0 0 
9 4 4 0 0 0 
10 4 4 0 0 0 
11 4 4 0 0 0 
12 4 4 0 0 0 
13 4 4 0 0 0 
14 4 4 0 0 0 
15 4 4 0 0 0 
0 5 5 0.199899 -0.000490826 0.000288395 
1 5 5 0.202386 -0.000308318 0.000263079 
2 5 5 0.203988 -0.000147626 0.000179699 
3 5 5 0.204667 -3.39555e-05 7.1062e-05 
4 5 5 0.204581 2.19261e-05 -3.76612e-05 
5 5 5 0.203985 2.72127e-05 -0.000125747 
6 5 5 0.203133 -6.63069e-07 -0.000185894 
7 5 5 0.202228 -4.52245e-05 -0.000218716 
8 5 5 0.201408 -9.25382e-05 -0.000227607 
9 5 5 0.200766 -0.000134702 -0.000218439 
10 5 5 0.200337 -0.000164625 -0.000193262 
11 5 5 0.200132 -0.000180205 -0.000157295 
12 5 5 0.20013 -0.000179979 -0.000116839 
13 5 5 0.200267 -0.000155912 -8.51919e-05 
14 5 5 0.200178 2.96015e-06 -0.000194678 
15 5 5 0.198193 -0.00175465 0.00235286 
0 6 6 0.418983 -0.00114247 0.00152788 
1 6 6 0.423502 -0.000609424 0.00116846 
2 6 6 0.426108 -0.000169864 0.000672369 
3 6 6 0.426879 0.000106149 0.000178783 
4 6 6 0.426258 0.00020499 -0.000231391 
5 6 6 0.42477 0.000159204 -0.000515859 
6 6 6 0.422925 2.6081e-05 -0.000668992 
7 6 6 0.421107 -0.00014267 -0.000715019 
8 6 6 0.419558 -0.000305022 -0.000678825 
9 6 6 0.418427 -0.000438157 -0.000587705 
10 6 6 0.417764 -0.000526427 -0.000458994 
11 6 6 0.417565 -0.000565792 -0.000312871 
12 6 6 0.417765 -0.000557041 -0.000173595 
13 6 6 0.418232 -0.000491214 -9.15902e-05 
14 6 6 0.418492 -0.000180688 -0.000443388 
15 6 6 0.418046 -0.00191724 0.00357636 
0 7 7 0.649592 -0.00111585 0.0038959 
1 7 7 0.655906 -0.00038057 0.0027228 
2 7 7 0.659337 0.00016703 0.00138641 
3 7 7 0.660115 0.000434298 0.000191914 
4 7 7 0.658922 0.00043789 -0.000679413 
5 7 7 0.65661 0.000239889 -0.00119246 
6 7 7 0.6539 -6.52229e-05 -0.00138703 
7 7 7 0.651325 -0.000392654 -0.00134713 
8 7 7 0.649213 -0.000679448 -0.00115126 
9 7 7 0.647744 -0.000890039 -0.000865881 
10 7 7 0.646979 -0.00100768 -0.000538907 
11 7 7 0.646887 -0.00103191 -0.000212756 
12 7 7 0.647362 -0.000974649 6.36807e-05 
13 7 7 0.648202 -0.000851958 0.000185715 
14 7 7 0.648914 -0.000582937 -0.000518642 
15 7 7 0.650391 -0.00130313 0.00446619 
0 8 8 0.685145 -0.000164186 0.00458724 
1 8 8 0.691864 0.000314103 0.00305701 
2 8 8 0.69556 0.000561376 0.00145058 
3 8 8 0.696485 0.000558499 0.000107398 
4 8 8 0.695369 0.000355811 -0.000792471 
5 8 8 0.693088 2.83942e-05 -0.00124092 
6 8 8 0.690397 -0.000338434 -0.00132457 
7 8 8 0.687839 -0.000674857 -0.0011606 
8 8 8 0.685753 -0.000933823 -0.000854151 
9 8 8 0.684321 -0.00109087 -0.000486339 
10 8 8 0.683606 -0.00114035 -0.000112512 
11 8 8 0.683579 -0.00109142 0.000224812 
12 8 8 0.684132 -0.000965141 0.000480501 
13 8 8 0.685054 -0.000793035 0.000549442 
14 8 8 0.685849 -0.000661352 -0.000284583 
15 8 8 0.687626 0.000199794 0.00470508 
0 9 9 0.472906 0.000525887 0.00242038 
1 9 9 0.478083 0.000628002 0.00157827 
2 9 9 0.481109 0.000549505 0.000735423 
3 9 9 0.482122 0.0003385 6.17501e-05 
4 9 9 0.481606 6.21514e-05 -0.000360184 
5 9 9 0.480171 -0.000222267 -0.000537477 
6 9 9 0.478365 -0.000472116 -0.000526868 
7 9 9 0.476587 -0.000660054 -0.000397803 
8 9 9 0.475097 -0.000773191 -0.000211398 
9 9 9 0.474041 -0.000807803 -1.23312e-05 
10 9 9 0.47348 -0.00077235 0.000171138 
11 9 9 0.473405 -0.000679679 0.000320636 
12 9 9 0.473749 -0.000550742 0.000418609 
13 9 9 0.474369 -0.000424271 0.000415957 
14 9 9 0.474803 -0.000515486 -0.000126809 
15 9 9 0.474949 0.00133315 0.00405221 
0 10 10 0.222499 0.000293014 0.000645241 
1 10 10 0.22532 0.000301956 0.000421644 
2 10 10 0.227126 0.000232489 0.000208761 
3 10 10 0.227917 0.000115478 4.64935e-05 
4 10 10 0.227888 -1.48325e-05 -4.6232e-05 
5 10 10 0.227323 -0.000134495 -7.60745e-05 
6 10 10 0.226499 -0.000228623 -5.88728e-05 
7 10 10 0.225627 -0.000290949 -1.50842e-05 
8 10 10 0.224853 -0.000320171 3.73838e-05 
9 10 10 0.224262 -0.0003195 8.67823e-05 
10 10 10 0.223902 -0.000292222 0.000125338 
11 10 10 0.223774 -0.000245806 0.000150854 
12 10 10 0.223858 -0.000189756 0.000161525 
13 10 10 0.224081 -0.000144606 0.000147213 
14 10 10 0.224072 -0.000259498 -4.90186e-05 
15 10 10 0.222469 0.0016382 0.0025934 
0 11 11 0 0 0 
1 11 11 0 0 0 
2 11 11 0 0 0 
3 11 11 0 0 0 
4 11 11 0 0 0 
5 11 11 0 0 0 
6 11 11 0 0 0 
7 11 11 0 0 0 
8 11 11 0 0 0 
9 11 11 0 0 0 
10 11 11 0 0 0 
11 11 11 0 0 0 
12 11 11 0 0 0 
13 11 11 0 0 0 
14 11 11 0 0 0 
15 11 11 0 0 0 
0 12 12 0 0 0 
1 12 12 0 0 0 
2 12 12 0 0 0 
3 12 12 0 0 0 
4 12 12 0 0 0 
5 12 12 0 0 0 
6 12 12 0 0 0 
7 12 12 0 0 0 
8 12 12 0 0 0 
9 12 12 0 0 0 
10 12 12 0 0 0 
11 12 12 0 0 0 
12 12 12 0 0 0 
13 12 12 0 0 0 
14 12 12 0 0 0 
15 12 12 0 0 0 
0 13 13 0 0 0 
1 13 13 0 0 0 
2 13 13 0 0 0 
3 13 13 0 0 0 
4 13 13 0 0 0 
5 13 13 0 0 0 
6 13 13 0 0 0 
7 13 13 0 0 0 
8 13 13 0 0 0 
9 13 13 0 0 0 
10 13 13 0 0 0 
11 13 13 0 0 0 
12 13 13 0 0 0 
13 13 13 0 0 0 
14 13 13 0 0 0 
15 13 13 0 0 0 
0 14 14 0 0 0 
1 14 14 0 0 0 
2 14 14 0 0 0 
3 14 14 0 0 0 
4 14 14 0 0 0 
5 14 14 0 0 0 
6 14 14 0 0 0 
7 14 14 0 0 0 
8 14 14 0 0 0 
9 14 14 0 0 0 
10 14 14 0 0 0 
11 14 14 0 0 0 
12 14 14 0 0 0 
13 14 14 0 0 0 
14 14 14 0 0 0 
15 14 14 0 0 0 
0 15 15 0 0 0 
1 15 15 0 0 0 
2 15 15 0 0 0 
3 15 15 0 0 0 
4 15 15 0 0 0 
5 15 15 0 0 0 
6 15 15 0 0 0 
7 15 15 0 0 0 
8 15 15 0 0 0 
9 15 15 0 0 0 
10 15 15 0 0 0 
11 15 15 0 0 0 
12 15 15 0 0 0 
13 15 15 0 0 0 
14 15 15 0 0 0 
15 15 15 0 0 0 
0 0 0 0 0 0 
1 0 0 0 0 0 
2 0 0 0 0 0 
3 0 0 0 0 0 
4 0 0 0 0 0 
5 0 0 0 0 0 
6 0 0 0 0 0 
7 0 0 0 0 0 
8 0 0 0 0 0 
9 0 0 0 0 0 
10 0 0 0 0 0 
11 0 0 0 0 0 
12 0 0 0 0 0 
13 0 0 0 0 0 
14 0 0 0 0 0 
15 0 0 0 0 0 
0 1 1 0 0 0 
1 1 1 0 0 0 
2 1 1 0 0 0 
3 1 1 0 0 0 
4 1 1 0 0 0 
5 1 1 0 0 0 
6 1 1 0 0 0 
7 1 1 0 0 0 
8 1 1 0 0 0 
9 1 1 0 0 0 
10 1 1 0 0 0 
11 1 1 0 0 0 
12 1 1 0 0 0 
13 1 1 0 0 0 
14 1 1 0 0 0 
15 1 1 0 0 0 
0 2 2 0 0 0 
1 2 2 0 0 0 
2 2 2 0 0 0 
3 2 2 0 0 0 
4 2 2 0 0 0 
5 2 2 0 0 0 
6 2 2 0 0 0 
7 2 2 0 0 0 
8 2 2 0 0 0 
9 2 2 0 0 0 
10 2 2 0 0 0 
11 2 2 0 0 0 
12 2 2 0 0 0 
13 2 2 0 0 0 
14 2 2 0 0 0 
15 2 2 0 0 0 
0 3 3 0 0 0 
1 3 3 0 0 0 
2 3 3 0 0 0 
3 3 3 0 0 0 
4 3 3 0 0 0 
5 3 3 0 0 0 
6 3 3 0 0 0 
7 3 3 0 0 0 
8 3 3 0 0 0 
9 3 3 0 0 0 
10 3 3 0 0 0 
11 3 3 0 0 0 
12 3 3 0 0 0 
13 3 3 0 0 0 
14 3 3 0 0 0 
15 3 3 0 0 0 
0 4 4 0 0 0 
1 4 4 0 0 0 
2 4 4 0 0 0 
3 4 4 0 0 0 
4 4 4 0 0 0 
5 4 4 0 0 0 
6 4 4 0 0 0 
7 4 4 0 0 0 
8 4 4 0 0 0 
9 4 4 0 0 0 
10 4 4 0 0 0 
11 4 4 0 0 0 
12 4 4 0 0 0 
13 4 4 0 0 0 
14 4 4 0 0 0 
15 4 4 0 0 0 
0 5 5 0 0 0 
1 5 5 0 0 0 
2 5 5 0 0 0 
3 5 5 0 0 0 
4 5 5 0 0 0 
5 5 5 0 0 0 
6 5 5 0 0 0 
7 5 5 0 0 0 
8 5 5 0 0 0 
9 5 5 0 0 0 
10 5 5 0 0 0 
11 5 5 0 0 0 
12 5 5 0 0 0 
13 5 5 0 0 0 
14 5 5 0 0 0 
15 5 5 0 0 0 
0 6 6 0 0 0 
1 6 6 0 0 0 
2 6 6 0 0 0 
3 6 6 0 0 0 
4 6 6 0 0 0 
5 6 6 0 0 0 
6 6 6 0 0 0 
7 6 6 0 0 0 
8 6 6 0 0 0 
9 6 6 0 0 0 
10 6 6 0 0 0 
11 6 6 0 0 0 
12 6 6 0 0 0 
13 6 6 0 0 0 
14 6 6 0 0 0 
15 6 6 0 0 0 
0 7 7 0.121412 -8.35838e-05 0.000224587 
1 7 7 0.123034 -1.99956e-05 0.000183319 
2 7 7 0.124132 6.85164e-06 0.000117756 
3 7 7 0.124664 8.29926e-08 4.65848e-05 
4 7 7 0.12471 -2.68709e-05 -1.38713e-05 
5 7 7 0.124424 -6.57077e-05 -5.76005e-05 
6 7 7 0.123958 -0.000105084 -8.20925e-05 
7 7 7 0.123438 -0.000137928 -9.07925e-05 
8 7 7 0.122954 -0.000159555 -8.72562e-05 
9 7 7 0.122563 -0.00016864 -7.61908e-05 
10 7 7 0.122296 -0.000165259 -5.96727e-05 
11 7 7 0.12216 -0.000151194 -4.05296e-05 
12 7 7 0.122145 -0.000129684 -2.20361e-05 
13 7 7 0.122213 -0.000106838 -1.28089e-05 
14 7 7 0.122111 -8.64225e-05 -0.000106457 
15 7 7 0.120316 -0.000547624 0.00218225 
0 8 8 0.129591 -0.000138551 0.000281853 
1 8 8 0.13133 -5.21101e-05 0.000211294 
2 8 8 0.1325 -5.69159e-06 0.000127855 
3 8 8 0.133063 1.85135e-06 5.05404e-05 
4 8 8 0.133108 -1.9024e-05 -6.55695e-06 
5 8 8 0.132799 -5.76968e-05 -4.10177e-05 
6 8 8 0.1323 -0.00010078 -5.39047e-05 
7 8 8 0.131749 -0.000139181 -5.16461e-05 
8 8 8 0.131238 -0.000166626 -3.98746e-05 
9 8 8 0.130827 -0.000180723 -2.41625e-05 
10 8 8 0.13055 -0.000180882 -6.94068e-06 
11 8 8 0.130414 -0.000168707 9.30814e-06 
12 8 8 0.130408 -0.000146654 2.22878e-05 
13 8 8 0.130489 -0.000117308 2.36692e-05 
14 8 8 0.130389 -8.12987e-05 -8.60858e-05 
15 8 8 0.128555 0.000341347 0.00233186 
0 9 9 0 0 0 
1 9 9 0 0 0 
2 9 9 0 0 0 
3 9 9 0 0 0 
4 9 9 0 0 0 
5 9 9 0 0 0 
6 9 9 0 0 0 
7 9 9 0 0 0 
8 9 9 0 0 0 
9 9 9 0 0 0 
10 9 9 0 0 0 
11 9 9 0 0 0 
12 9 9 0 0 0 
13 9 9 0 0 0 
14 9 9 0 0 0 
15 9 9 0 0 0 
0 10 10 0 0 0 
1 10 10 0 0 0 
2 10 10 0 0 0 
3 10 10 0 0 0 
4 10 10 0 0 0 
5 10 10 0 0 0 
6 10 10 0 0 0 
7 10 10 0 0 0 
8 10 10 0 0 0 
9 10 10 0 0 0 
10 10 10 0 0 0 
11 10 10 0 0 0 
12 10 10 0 0 0 
13 10 10 0 0 0 
14 10 10 0 0 0 
15 10 10 0 0 0 
0 11 11 0 0 0 
1 11 11 0 0 0 
2 11 11 0 0 0 
3 11 11 0 0 0 
4 11 11 0 0 0 
5 11 11 0 0 0 
6 11 11 0 0 0 
7 11 11 0 0 0 
8 11 11 0 0 0 
9 11 11 0 0 0 
10 11 11 0 0 0 
11 11 11 0 0 0 
12 11 11 0 0 0 
13 11 11 0 0 0 
14 11 11 0 0 0 
15 11 11 0 0 0 
0 12 12 0 0 0 
1 12 12 0 0 0 
2 12 12 0 0 0 
3 12 12 0 0 0 
4 12 12 0 0 0 
5 12 12 0 0 0 
6 12 12 0 0 0 
7 12 12 0 0 0 
8 12 12 0 0 0 
9 12 12 0 0 0 
10 12 12 0 0 0 
11 12 12 0 0 0 
12 12 12 0 0 0 
13 12 12 0 0 0 
14 12 12 0 0 0 
15 12 12 0 0 0 
0 13 13 0 0 0 
1 13 13 0 0 0 
2 13 13 0 0 0 
3 13 13 0 0 0 
4 13 13 0 0 0 
5 13 13 0 0 0 
6 13 13 0 0 0 
7 13 13 0 0 0 
8 13 13 0 0 0 
9 13 13 0 0 0 
10 13 13 0 0 0 
11 13 13 0 0 0 
12 13 13 0 0 0 
13 13 13 0 0 0 
14 13 13 0 0 0 
15 13 13 0 0 0 
0 14 14 0 0 0 
1 14 14 0 0 0 
2 14 14 0 0 0 
3 14 14 0 0 0 
4 14 14 0 0 0 
5 14 14 0 0 0 
6 14 14 0 0 0 
7 14 14 0 0 0 
8 14 14 0 0 0 
9 14 14 0 0 0 
10 14 14 0 0 0 
11 14 14 0 0 0 
12 14 14 0 0 0 
13 14 14 0 0 0 
14 14 14 0 0 0 
15 14 14 0 0 0 
0 15 15 0 0 0 
1 15 15 0 0 0 
2 15 15 0 0 0 
3 15 15 0 0 0 
4 15 15 0 0 0 
5 15 15 0 0 0 
6 15 15 0 0 0 
7 15 15 0 0 0 
8 15 15 0 0 0 
9 15 15 0 0 0 
10 15 15 0 0 0 
11 15 15 0 0 0 
12 15 15 0 0 0 
13 15 15 0 0 0 
14 15 15 0 0 0 
15 15 15 0 0 0 
0 0 0 0 0 0 
1 0 0 0 0 0 
2 0 0 0 0 0 
3 0 0 0 0 0 
4 0 0 0 0 0 
5 0 0 0 0 0 
6 0 0 0 0 0 
7 0 0 0 0 0 
8 0 0 0 0 0 
9 0 0 0 0 0 
10 0 0 0 0 0 
11 0 0 0 0 0 
12 0 0 0 0 0 
13 0 0 0 0 0 
14 0 0 0 0 0 
15 0 0 0 0 0 
0 1 1 0 0 0 
1 1 1 0 0 0 
2 1 1 0 0 0 
3 1 1 0 0 0 
4 1 1 0 0 0 
5 1 1 0 0 0 
6 1 1 0 0 0 
7 1 1 0 0 0 
8 1 1 0 0 0 
9 1 1 0 0 0 
10 1 1 0 0 0 
11 1 1 0 0 0 
12 1 1 0 0 0 
13 1 1 0 0 0 
14 1 1 0 0 0 
15 1 1 0 0 0 
0 2 2 0 0 0 
1 2 2 0 0 0 
2 2 2 0 0 0 
3 2 2 0 0 0 
4 2 2 0 0 0 
5 2 2 0 0 0 
6 2 2 0 0 0 
7 2 2 0 0 0 
8 2 2 0 0 0 
9 2 2 0 0 0 
10 2 2 0 0 0 
11 2 2 0 0 0 
12 2 2 0 0 0 
13 2 2 0 0 0 
14 2 2 0 0 0 
15 2 2 0 0 0 
0 3 3 0 0 0 
1 3 3 0 0 0 
2 3 3 0 0 0 
3 3 3 0 0 0 
4 3 3 0 0 0 
5 3 3 0 0 0 
6 3 3 0 0 0 
7 3 3 0 0 0 
8 3 3 0 0 0 
9 3 3 0 0 0 
10 3 3 0 0 0 
11 3 3 0 0 0 
12 3 3 0 0 0 
13 3 3 0 0 0 
14 3 3 0 0 0 
15 3 3 0 0 0 
0 4 4 0 0 0 
1 4 4 0 0 0 
2 4 4 0 0 0 
3 4 4 0 0 0 
4 4 4 0 0 0 
5 4 4 0 0 0 
6 4 4 0 0 0 
7 4 4 0 0 0 
8 4 4 0 0 0 
9 4 4 0 0 0 
10 4 4 0 0 0 
11 4 4 0 0 0 
12 4 4 0 0 0 
13 4 4 0 0 0 
14 4 4 0 0 0 
15 4 4 0 0 0 
0 5 5 0 0 0 
1 5 5 0 0 0 
2 5 5 0 0 0 
3 5 5 0 0 0 
4 5 5 0 0 0 
5 5 5 0 0 0 
6 5 5 0 0 0 
7 5 5 0 0 0 
8 5 5 0 0 0 
9 5 5 0 0 0 
10 5 5 0 0 0 
11 5 5 0 0 0 
12 5 5 0 0 0 
13 5 5 0 0 0 
14 5 5 0 0 0 
15 5 5 0 0 0 
0 6 6 0 0 0 
1 6 6 0 0 0 
2 6 6 0 0 0 
3 6 6 0 0 0 
4 6 6 0 0 0 
5 6 6 0 0 0 
6 6 6 0 0 0 
7 6 6 0 0 0 
8 6 6 0 0 0 
9 6 6 0 0 0 
10 6 6 0 0 0 
11 6 6 0 0 0 
12 6 6 0 0 0 
13 6 6 0 0 0 
14 6 6 0 0 0 
15 6 6 0 0 0 
0 7 7 0 0 0 
1 7 7 0 0 0 
2 7 7 0 0 0 
3 7 7 0 0 0 
4 7 7 0 0 0 
5 7 7 0 0 0 
6 7 7 0 0 0 
7 7 7 0 0 0 
8 7 7 0 0 0 
9 7 7 0 0 0 
10 7 7 0 0 0 
11 7 7 0 0 0 
12 7 7 0 0 0 
13 7 7 0 0 0 
14 7 7 0 0 0 
15 7 7 0 0 0 
0 8 8 0 0 0 
1 8 8 0 0 0 
2 8 8 0 0 0 
3 8 8 0 0 0 
4 8 8 0 0 0 
5 8 8 0 0 0 
6 8 8 0 0 0 
7 8 8 0 0 0 
8 8 8 0 0 0 
9 8 8 0 0 0 
10 8 8 0 0 0 
11 8 8 0 0 0 
12 8 8 0 0 0 
13 8 8 0 0 0 
14 8 8 0 0 0 
15 8 8 0 0 0 
0 9 9 0 0 0 
1 9 9 0 0 0 
2 9 9 0 0 0 
3 9 9 0 0 0 
4 9 9 0 0 0 
5 9 9 0 0 0 
6 9 9 0 0 0 
7 9 9 0 0 0 
8 9 9 0 0 0 
9 9 9 0 0 0 
10 9 9 0 0 0 
11 9 9 0 0 0 
12 9 9 0 0 0 
13 9 9 0 0 0 
14 9 9 0 0 0 
15 9 9 0 0 0 
0 10 10 0 0 0 
1 10 10 0 0 0 
2 10 10 0 0 0 
3 10 10 0 0 0 
4 10 10 0 0 0 
5 10 10 0 0 0 
6 10 10 0 0 0 
7 10 10 0 0 0 
8 10 10 0 0 0 
9 10 10 0 0 0 
10 10 10 0 0 0 
11 10 10 0 0 0 
12 10 10 0 0 0 
13 10 10 0 0 0 
14 10 10 0 0 0 
15 10 10 0 0 0 
0 11 11 0 0 0 
1 11 11 0 0 0 
2 11 11 0 0 0 
3 11 11 0 0 0 
4 11 11 0 0 0 
5 11 11 0 0 0 
6 11 11 0 0 0 
7 11 11 0 0 0 
8 11 11 0 0 0 
9 11 11 0 0 0 
10 11 11 0 0 0 
11 11 11 0 0 0 
12 11 11 0 0 0 
13 11 11 0 0 0 
14 11 11 0 0 0 
15 11 11 0 0 0 
0 12 12 0 0 0 
1 12 12 0 0 0 
2 12 12 0 0 0 
3 12 12 0 0 0 
4 12 12 0 0 0 
5 12 12 0 0 0 
6 12 12 0 0 0 
7 12 12 0 0 0 
8 12 12 0 0 0 
9 12 12 0 0 0 
10 12 12 0 0 0 
11 12 12 0 0 0 
12 12 12 0 0 0 
13 12 12 0 0 0 
14 12 12 0 0 0 
15 12 12 0 0 0 
0 13 13 0 0 0 
1 13 13 0 0 0 
2 13 13 0 0 0 
3 13 13 0 0 0 
4 13 13 0 0 0 
5 13 13 0 0 0 
6 13 13 0 0 0 
7 13 13 0 0 0 
8 13 13 0 0 0 
9 13 13 0 0 0 
10 13 13 0 0 0 
11 13 13 0 0 0 
12 13 13 0 0 0 
13 13 13 0 0 0 
14 13 13 0 0 0 
15 13 13 0 0 0 
0 14 14 0 0 0 
1 14 14 0 0 0 
2 14 14 0 0 0 
3 14 14 0 0 0 
4 14 14 0 0 0 
5 14 14 0 0 0 
6 14 14 0 0 0 
7 14 14 0 0 0 
8 14 14 0 0 0 
9 14 14 0 0 0 
10 14 14 0 0 0 
11 14 14 0 0 0 
12 14 14 0 0 0 
13 14 14 0 0 0 
14 14 14 0 0 0 
15 14 14 0 0 0 
0 15 15 0 0 0 
1 15 15 0 0 0 
2 15 15 0 0 0 
3 15 15 0 0 0 
4 15 15 0 0 0 
5 15 15 0 0 0 
6 15 15 0 0 0 
7 15 15 0 0 0 
8 15 15 0 0 0 
9 15 15 0 0 0 
10 15 15 0 0 0 
11 15 15 0 0 0 
12 15 15 0 0 0 
13 15 15 0 0 0 
14 15 15 0 0 0 
15 15 15 0 0 0 
0 0 0 0 0 0 
1 0 0 0 0 0 
2 0 0 0 0 0 
3 0 0 0 0 0 
4 0 0 0 0 0 
5 0 0 0 0 0 
6 0 0 0 0 0 
7 0 0 0 0 0 
8 0 0 0 0 0 
9 0 0 0 0 0 
10 0 0 0 0 0 
11 0 0 0 0 0 
12 0 0 0 0 0 
13 0 0 0 0 0 
14 0 0 0 0 0 
15 0 0 0 0 0 
0 1 1 0 0 0 
1 1 1 0 0 0 
2 1 1 0 0 0 
3 1 1 0 0 0 
4 1 1 0 0 0 
5 1 1 0 0 0 
6 1 1 0 0 0 
7 1 1 0 0 0 
8 1 1 0 0 0 
9 1 1 0 0 0 
10 1 1 0 0 0 
11 1 1 0 0 0 
12 1 1 0 0 0 
13 1 1 0 0 0 
14 1 1 0 0 0 
15 1 1 0 0 0 
0 2 2 0 0 0 
1 2 2 0 0 0 
2 2 2 0 0 0 
3 2 2 0 0 0 
4 2 2 0 0 0 
5 2 2 0 0 0 
6 2 2 0 0 0 
7 2 2 0 0 0 
8 2 2 0 0 0 
9 2 2 0 0 0 
10 2 2 0 0 0 
11 2 2 0 0 0 
12 2 2 0 0 0 
13 2 2 0 0 0 
14 2 2 0 0 0 
15 2 2 0 0 0 
0 3 3 0 0 0 
1 3 3 0 0 0 
2 3 3 0 0 0 
3 3 3 0 0 0 
4 3 3 0 0 0 
5 3 3 0 0 0 
6 3 3 0 0 0 
7 3 3 0 0 0 
8 3 3 0 0 0 
9 3 3 0 0 0 
10 3 3 0 0 0 
11 3 3 0 0 0 
12 3 3 0 0 0 
13 3 3 0 0 0 
14 3 3 0 0 0 
15 3 3 0 0 0 
0 4 4 0 0 0 
1 4 4 0 0 0 
2 4 4 0 0 0 
3 4 4 0 0 0 
4 4 4 0 0 0 
5 4 4 0 0 0 
6 4 4 0 0 0 
7 4 4 0 0 0 
8 4 4 0 0 0 
9 4 4 0 0 0 
10 4 4 0 0 0 
11 4 4 0 0 0 
12 4 4 0 0 0 
13 4 4 0 0 0 
14 4 4 0 0 0 
15 4 4 0 0 0 
0 5 5 0 0 0 
1 5 5 0 0 0 
2 5 5 0 0 0 
3 5 5 0 0 0 
4 5 5 0 0 0 
5 5 5 0 0 0 
6 5 5 0 0 0 
7 5 5 0 0 0 
8 5 5 0 0 0 
9 5 5 0 0 0 
10 5 5 0 0 0 
11 5 5 0 0 0 
12 5 5 0 0 0 
13 5 5 0 0 0 
14 5 5 0 0 0 
15 5 5 0 0 0 
0 6 6 0 0 0 
1 6 6 0 0 0 
2 6 6 0 0 0 
3 6 6 0 0 0 
4 6 6 0 0 0 
5 6 6 0 0 0 
6 6 6 0 0 0 
7 6 6 0 0 0 
8 6 6 0 0 0 
9 6 6 0 0 0 
10 6 6 0 0 0 
11 6 6 0 0 0 
12 6 6 0 0 0 
13 6 6 0 0 0 
14 6 6 0 0 0 
15 6 6 0 0 0 
0 7 7 0 0 0 
1 7 7 0 0 0 
2 7 7 0 0 0 
3 7 7 0 0 0 
4 7 7 0 0 0 
5 7 7 0 0 0 
6 7 7 0 0 0 
7 7 7 0 0 0 
8 7 7 0 0 0 
9 7 7 0 0 0 
10 7 7 0 0 0 
11 7 7 0 0 0 
12 7 7 0 0 0 
13 7 7 0 0 0 
14 7 7 0 0 0 
15 7 7 0 0 0 
0 8 8 0 0 0 
1 8 8 0 0 0 
2 8 8 0 0 0 
3 8 8 0 0 0 
4 8 8 0 0 0 
5 8 8 0 0 0 
6 8 8 0 0 0 
7 8 8 0 0 0 
8 8 8 0 0 0 
9 8 8 0 0 0 
10 8 8 0 0 0 
11 8 8 0 0 0 
12 8 8 0 0 0 
13 8 8 0 0 0 
14 8 8 0 0 0 
15 8 8 0 0 0 
0 9 9 0 0 0 
1 9 9 0 0 0 
2 9 9 0 0 0 
3 9 9 0 0 0 
4 9 9 0 0 0 
5 9 9 0 0 0 
6 9 9 0 0 0 
7 9 9 0 0 0 
8 9 9 0 0 0 
9 9 9 0 0 0 
10 9 9 0 0 0 
11 9 9 0 0 0 
12 9 9 0 0 0 
13 9 9 0 0 0 
14 9 9 0 0 0 
15 9 9 0 0 0 
0 10 10 0 0 0 
1 10 10 0 0 0 
2 10 10 0 0 0 
3 10 10 0 0 0 
4 10 10 0 0 0 
5 10 10 0 0 0 
6 10 10 0 0 0 
7 10 10 0 0 0 
8 10 10 0 0 0 
9 10 10 0 0 0 
10 10 10 0 0 0 
11 10 10 0 0 0 
12 10 10 0 0 0 
13 10 10 0 0 0 
14 10 10 0 0 0 
15 10 10 0 0 0 
0 11 11 0 0 0 
1 11 11 0 0 0 
2 11 11 0 0 0 
3 11 11 0 0 0 
4 11 11 0 0 0 
5 11 11 0 0 0 
6 11 11 0 0 0 
7 11 11 0 0 0 
8 11 11 0 0 0 
9 11 11 0 0 0 
10 11 11 0 0 0 
11 11 11 0 0 0 
12 11 11 0 0 0 
13 11 11 0 0 0 
14 11 11 0 0 0 
15 11 11 0 0 0 
0 12 12 0 0 0 
1 12 12 0 0 0 
2 12 12 0 0 0 
3 12 12 0 0 0 
4 12 12 0 0 0 
5 12 12 0 0 0 
6 12 12 0 0 0 
7 12 12 0 0 0 
8 12 12 0 0 0 
9 12 12 0 0 0 
10 12 12 0 0 0 
11 12 12 0 0 0 
12 12 12 0 0 0 
13 12 12 0 0 0 
14 12 12 0 0 0 
15 12 12 0 0 0 
0 13 13 0 0 0 
1 13 13 0 0 0 
2 13 13 0 0 0 
3 13 13 0 0 0 
4 13 13 0 0 0 
5 13 13 0 0 0 
6 13 13 0 0 0 
7 13 13 0 0 0 
8 13 13 0 0 0 
9 13 13 0 0 0 
10 13 13 0 0 0 
11 13 13 0 0 0 
12 13 13 0 0 0 
13 13 13 0 0 0 
14 13 13 0 0 0 
15 13 13 0 0 0 
0 14 14 0 0 0 
1 14 14 0 0 0 
2 14 14 0 0 0 
3 14 14 0 0 0 
4 14 14 0 0 0 
5 14 14 0 0 0 
6 14 14 0 0 0 
7 14 14 0 0 0 
8 14 14 0 0 0 
9 14 14 0 0 0 
10 14 14 0 0 0 
11 14 14 0 0 0 
12 14 14 0 0 0 
13 14 14 0 0 0 
14 14 14 0 0 0 
15 14 14 0 0 0 
0 15 15 0 0 0 
1 15 15 0 0 0 
2 15 15 0 0 0 
3 15 15 0 0 0 
4 15 15 0 0 0 
5 15 15 0 0 0 
6 15 15 0 0 0 
7 15 15 0 0 0 
8 15 15 0 0 0 
9 15 15 0 0 0 
10 15 15 0 0 0 
11 15 15 0 0 0 
12 15 15 0 0 0 
13 15 15 0 0 0 
14 15 15 0 0 0 
15 15 15 0 0 0 
0 0 0 0 0 0 
1 0 0 0 0 0 
2 0 0 0 0 0 
3 0 0 0 0 0 
4 0 0 0 0 0 
5 0 0 0 0 0 
6 0 0 0 0 0 
7 0 0 0 0 0 
8 0 0 0 0 0 
9 0 0 0 0 0 
10 0 0 0 0 0 
11 0 0 0 0 0 
12 0 0 0 0 0 
13 0 0 0 0 0 
14 0 0 0 0 0 
15 0 0 0 0 0 
0 1 1 0 0 0 
1 1 1 0 0 0 
2 1 1 0 0 0 
3 1 1 0 0 0 
4 1 1 0 0 0 
5 1 1 0 0 0 
6 1 1 0 0 0 
7 1 1 0 0 0 
8 1 1 0 0 0 
9 1 1 0 0 0 
10 1 1 0 0 0 
11 1 1 0 0 0 
12 1 1 0 0 0 
13 1 1 0 0 0 
14 1 1 0 0 0 
15 1 1 0 0 0 
0 2 2 0 0 0 
1 2 2 0 0 0 
2 2 2 0 0 0 
3 2 2 0 0 0 
4 2 2 0 0 0 
5 2 2 0 0 0 
6 2 2 0 0 0 
7 2 2 0 0 0 
8 2 2 0 0 0 
9 2 2 0 0 0 
10 2 2 0 0 0 
11 2 2 0 0 0 
12 2 2 0 0 0 
13 2 2 0 0 0 
14 2 2 0 0 0 
15 2 2 0 0 0 
0 3 3 0 0 0 
1 3 3 0 0 0 
2 3 3 0 0 0 
3 3 3 0 0 0 
4 3 3 0 0 0 
5 3 3 0 0 0 
6 3 3 0 0 0 
7 3 3 0 0 0 
8 3 3 0 0 0 
9 3 3 0 0 0 
10 3 3 0 0 0 
11 3 3 0 0 0 
12 3 3 0 0 0 
13 3 3 0 0 0 
14 3 3 0 0 0 
15 3 3 0 0 0 
0 4 4 0 0 0 
1 4 4 0 0 0 
2 4 4 0 0 0 
3 4 4 0 0 0 
4 4 4 0 0 0 
5 4 4 0 0 0 
6 4 4 0 0 0 
7 4 4 0 0 0 
8 4 4 0 0 0 
9 4 4 0 0 0 
10 4 4 0 0 0 
11 4 4 0 0 0 
12 4 4 0 0 0 
13 4 4 0 0 0 
14 4 4 0 0 0 
15 4 4 0 0 0 
0 5 5 0 0 0 
1 5 5 0 0 0 
2 5 5 0 0 0 
3 5 5 0 0 0 
4 5 5 0 0 0 
5 5 5 0 0 0 
6 5 5 0 0 0 
7 5 5 0 0 0 
8 5 5 0 0 0 
9 5 5 0 0 0 
10 5 5 0 0 0 
11 5 5 0 0 0 
12 5 5 0 0 0 
13 5 5 0 0 0 
14 5 5 0 0 0 
15 5 5 0 0 0 
0 6 6 0 0 0 
1 6 6 0 0 0 
2 6 6 0 0 0 
3 6 6 0 0 0 
4 6 6 0 0 0 
5 6 6 0 0 0 
6 6 6 0 0 0 
7 6 6 0 0 0 
8 6 6 0 0 0 
9 6 6 0 0 0 
10 6 6 0 0 0 
11 6 6 0 0 0 
12 6 6 0 0 0 
13 6 6 0 0 0 
14 6 6 0 0 0 
15 6 6 0 0 0 
0 7 7 0 0 0 
1 7 7 0 0 0 
2 7 7 0 0 0 
3 7 7 0 0 0 
4 7 7 0 0 0 
5 7 7 0 0 0 
6 7 7 0 0 0 
7 7 7 0 0 0 
8 7 7 0 0 0 
9 7 7 0 0 0 
10 7 7 0 0 0 
11 7 7 0 0 0 
12 7 7 0 0 0 
13 7 7 0 0 0 
14 7 7 0 0 0 
15 7 7 0 0 0 
0 8 8 0 0 0 
1 8 8 0 0 0 
2 8 8 0 0 0 
3 8 8 0 0 0 
4 8 8 0 0 0 
5 8 8 0 0 0 
6 8 8 0 0 0 
7 8 8 0 0 0 
8 8 8 0 0 0 
9 8 8 0 0 0 
10 8 8 0 0 0 
11 8 8 0 0 0 
12 8 8 0 0 0 
13 8 8 0 0 0 
14 8 8 0 0 0 
15 8 8 0 0 0 
0 9 9 0 0 0 
1 9 9 0 0 0 
2 9 9 0 0 0 
3 9 9 0 0 0 
4 9 9 0 0 0 
5 9 9 0 0 0 
6 9 9 0 0 0 
7 9 9 0 0 0 
8 9 9 0 0 0 
9 9 9 0 0 0 
10 9 9 0 0 0 
11 9 9 0 0 0 
12 9 9 0 0 0 
13 9 9 0 0 0 
14 9 9 0 0 0 
15 9 9 0 0 0 
0 10 10 0 0 0 
1 10 10 0 0 0 
2 10 10 0 0 0 
3 10 10 0 0 0 
4 10 10 0 0 0 
5 10 10 0 0 0 
6 10 10 0 0 0 
7 10 10 0 0 0 
8 10 10 0 0 0 
9 10 10 0 0 0 
10 10 10 0 0 0 
11 10 10 0 0 0 
12 10 10 0 0 0 
13 10 10 0 0 0 
14 10 10 0 0 0 
15 10 10 0 0 0 
0 11 11 0 0 0 
1 11 11 0 0 0 
2 11 11 0 0 0 
3 11 11 0 0 0 
4 11 11 0 0 0 
5 11 11 0 0 0 
6 11 11 0 0 0 
7 11 11 0 0 0 
8 11 11 0 0 0 
9 11 11 0 0 0 
10 11 11 0 0 0 
11 11 11 0 0 0 
12 11 11 0 0 0 
13 11 11 0 0 0 
14 11 11 0 0 0 
15 11 11 0 0 0 
0 12 12 0 0 0 
1 12 12 0 0 0 
2 12 12 0 0 0 
3 12 12 0 0 0 
4 12 12 0 0 0 
5 12 12 0 0 0 
6 12 12 0 0 0 
7 12 12 0 0 0 
8 12 12 0 0 0 
9 12 12 0 0 0 
10 12 12 0 0 0 
11 12 12 0 0 0 
12 12 12 0 0 0 
13 12 12 0 0 0 
14 12 12 0 0 0 
15 12 12 0 0 0 
0 13 13 0 0 0 
1 13 13 0 0 0 
2 13 13 0 0 0 
3 13 13 0 0 0 
4 13 13 0 0 0 
5 13 13 0 0 0 
6 13 13 0 0 0 
7 13 13 0 0 0 
8 13 13 0 0 0 
9 13 13 0 0 0 
10 13 13 0 0 0 
11 13 13 0 0 0 
12 13 13 0 0 0 
13 13 13 0 0 0 
14 13 13 0 0 0 
15 13 13 0 0 0 
0 14 14 0 0 0 
1 14 14 0 0 0 
2 14 14 0 0 0 
3 14 14 0 0 0 
4 14 14 0 0 0 
5 14 14 0 0 0 
6 14 14 0 0 0 
7 14 14 0 0 0 
8 14 14 0 0 0 
9 14 14 0 0 0 
10 14 14 0 0 0 
11 14 14 0 0 0 
12 14 14 0 0 0 
13 14 14 0 0 0 
14 14 14 0 0 0 
15 14 14 0 0 0 
0 15 15 0 0 0 
1 15 15 0 0 0 
2 15 15 0 0 0 
3 15 15 0 0 0 
4 15 15 0 0 0 
5 15 15 0 0 0 
6 15 15 0 0 0 
7 15 15 0 0 0 
8 15 15 0 0 0 
9 15 15 0 0 0 
10 15 15 0 0 0 
11 15 15 0 0 0 
12 15 15 0 0 0 
13 15 15 0 0 0 
14 15 15 0 0 0 
15 15 15 0 0 0 
