0 0 0 0 0 0 
1 0 0 0 0 0 
2 0 0 0 0 0 
3 0 0 0 0 0 
4 0 0 0 0 0 
5 0 0 0 0 0 
6 0 0 0 0 0 
7 0 0 0 0 0 
8 0 0 0 0 0 
9 0 0 0 0 0 
10 0 0 0 0 0 
11 0 0 0 0 0 
12 0 0 0 0 0 
13 0 0 0 0 0 
14 0 0 0 0 0 
15 0 0 0 0 0 
0 1 1 0 0 0 
1 1 1 0 0 0 
2 1 1 0 0 0 
3 1 1 0 0 0 
4 1 1 0 0 0 
5 1 1 0 0 0 
6 1 1 0 0 0 
7 1 1 0 0 0 
8 1 1 0 0 0 
9 1 1 0 0 0 
10 1 1 0 0 0 
11 1 1 0 0 0 
12 1 1 0 0 0 
13 1 1 0 0 0 
14 1 1 0 0 0 
15 1 1 0 0 0 
0 2 2 0 0 0 
1 2 2 0 0 0 
2 2 2 0 0 0 
3 2 2 0 0 0 
4 2 2 0 0 0 
5 2 2 0 0 0 
6 2 2 0 0 0 
7 2 2 0 0 0 
8 2 2 0 0 0 
9 2 2 0 0 0 
10 2 2 0 0 0 
11 2 2 0 0 0 
12 2 2 0 0 0 
13 2 2 0 0 0 
14 2 2 0 0 0 
15 2 2 0 0 0 
0 3 3 0 0 0 
1 3 3 0 0 0 
2 3 3 0 0 0 
3 3 3 0 0 0 
4 3 3 0 0 0 
5 3 3 0 0 0 
6 3 3 0 0 0 
7 3 3 0 0 0 
8 3 3 0 0 0 
9 3 3 0 0 0 
10 3 3 0 0 0 
11 3 3 0 0 0 
12 3 3 0 0 0 
13 3 3 0 0 0 
14 3 3 0 0 0 
15 3 3 0 0 0 
0 4 4 0 0 0 
1 4 4 0 0 0 
2 4 4 0 0 0 
3 4 4 0 0 0 
4 4 4 0 0 0 
5 4 4 0 0 0 
6 4 4 0 0 0 
7 4 4 0 0 0 
8 4 4 0 0 0 
9 4 4 0 0 0 
10 4 4 0 0 0 
11 4 4 0 0 0 
12 4 4 0 0 0 
13 4 4 0 0 0 
14 4 4 0 0 0 
15 4 4 0 0 0 
0 5 5 0 0 0 
1 5 5 0 0 0 
2 5 5 0 0 0 
3 5 5 0 0 0 
4 5 5 0 0 0 
5 5 5 0 0 0 
6 5 5 0 0 0 
7 5 5 0 0 0 
8 5 5 0 0 0 
9 5 5 0 0 0 
10 5 5 0 0 0 
11 5 5 0 0 0 
12 5 5 0 0 0 
13 5 5 0 0 0 
14 5 5 0 0 0 
15 5 5 0 0 0 
0 6 6 0 0 0 
1 6 6 0 0 0 
2 6 6 0 0 0 
3 6 6 0 0 0 
4 6 6 0 0 0 
5 6 6 0 0 0 
6 6 6 0 0 0 
7 6 6 0 0 0 
8 6 6 0 0 0 
9 6 6 0 0 0 
10 6 6 0 0 0 
11 6 6 0 0 0 
12 6 6 0 0 0 
13 6 6 0 0 0 
14 6 6 0 0 0 
15 6 6 0 0 0 
0 7 7 0 0 0 
1 7 7 0 0 0 
2 7 7 0 0 0 
3 7 7 0 0 0 
4 7 7 0 0 0 
5 7 7 0 0 0 
6 7 7 0 0 0 
7 7 7 0 0 0 
8 7 7 0 0 0 
9 7 7 0 0 0 
10 7 7 0 0 0 
11 7 7 0 0 0 
12 7 7 0 0 0 
13 7 7 0 0 0 
14 7 7 0 0 0 
15 7 7 0 0 0 
0 8 8 0 0 0 
1 8 8 0 0 0 
2 8 8 0 0 0 
3 8 8 0 0 0 
4 8 8 0 0 0 
5 8 8 0 0 0 
6 8 8 0 0 0 
7 8 8 0 0 0 
8 8 8 0 0 0 
9 8 8 0 0 0 
10 8 8 0 0 0 
11 8 8 0 0 0 
12 8 8 0 0 0 
13 8 8 0 0 0 
14 8 8 0 0 0 
15 8 8 0 0 0 
0 9 9 0 0 0 
1 9 9 0 0 0 
2 9 9 0 0 0 
3 9 9 0 0 0 
4 9 9 0 0 0 
5 9 9 0 0 0 
6 9 9 0 0 0 
7 9 9 0 0 0 
8 9 9 0 0 0 
9 9 9 0 0 0 
10 9 9 0 0 0 
11 9 9 0 0 0 
12 9 9 0 0 0 
13 9 9 0 0 0 
14 9 9 0 0 0 
15 9 9 0 0 0 
0 10 10 0 0 0 
1 10 10 0 0 0 
2 10 10 0 0 0 
3 10 10 0 0 0 
4 10 10 0 0 0 
5 10 10 0 0 0 
6 10 10 0 0 0 
7 10 10 0 0 0 
8 10 10 0 0 0 
9 10 10 0 0 0 
10 10 10 0 0 0 
11 10 10 0 0 0 
12 10 10 0 0 0 
13 10 10 0 0 0 
14 10 10 0 0 0 
15 10 10 0 0 0 
0 11 11 0 0 0 
1 11 11 0 0 0 
2 11 11 0 0 0 
3 11 11 0 0 0 
4 11 11 0 0 0 
5 11 11 0 0 0 
6 11 11 0 0 0 
7 11 11 0 0 0 
8 11 11 0 0 0 
9 11 11 0 0 0 
10 11 11 0 0 0 
11 11 11 0 0 0 
12 11 11 0 0 0 
13 11 11 0 0 0 
14 11 11 0 0 0 
15 11 11 0 0 0 
0 12 12 0 0 0 
1 12 12 0 0 0 
2 12 12 0 0 0 
3 12 12 0 0 0 
4 12 12 0 0 0 
5 12 12 0 0 0 
6 12 12 0 0 0 
7 12 12 0 0 0 
8 12 12 0 0 0 
9 12 12 0 0 0 
10 12 12 0 0 0 
11 12 12 0 0 0 
12 12 12 0 0 0 
13 12 12 0 0 0 
14 12 12 0 0 0 
15 12 12 0 0 0 
0 13 13 0 0 0 
1 13 13 0 0 0 
2 13 13 0 0 0 
3 13 13 0 0 0 
4 13 13 0 0 0 
5 13 13 0 0 0 
6 13 13 0 0 0 
7 13 13 0 0 0 
8 13 13 0 0 0 
9 13 13 0 0 0 
10 13 13 0 0 0 
11 13 13 0 0 0 
12 13 13 0 0 0 
13 13 13 0 0 0 
14 13 13 0 0 0 
15 13 13 0 0 0 
0 14 14 0 0 0 
1 14 14 0 0 0 
2 14 14 0 0 0 
3 14 14 0 0 0 
4 14 14 0 0 0 
5 14 14 0 0 0 
6 14 14 0 0 0 
7 14 14 0 0 0 
8 14 14 0 0 0 
9 14 14 0 0 0 
10 14 14 0 0 0 
11 14 14 0 0 0 
12 14 14 0 0 0 
13 14 14 0 0 0 
14 14 14 0 0 0 
15 14 14 0 0 0 
0 15 15 0 0 0 
1 15 15 0 0 0 
2 15 15 0 0 0 
3 15 15 0 0 0 
4 15 15 0 0 0 
5 15 15 0 0 0 
6 15 15 0 0 0 
7 15 15 0 0 0 
8 15 15 0 0 0 
9 15 15 0 0 0 
10 15 15 0 0 0 
11 15 15 0 0 0 
12 15 15 0 0 0 
13 15 15 0 0 0 
14 15 15 0 0 0 
15 15 15 0 0 0 
0 0 0 0 0 0 
1 0 0 0 0 0 
2 0 0 0 0 0 
3 0 0 0 0 0 
4 0 0 0 0 0 
5 0 0 0 0 0 
6 0 0 0 0 0 
7 0 0 0 0 0 
8 0 0 0 0 0 
9 0 0 0 0 0 
10 0 0 0 0 0 
11 0 0 0 0 0 
12 0 0 0 0 0 
13 0 0 0 0 0 
14 0 0 0 0 0 
15 0 0 0 0 0 
0 1 1 0 0 0 
1 1 1 0 0 0 
2 1 1 0 0 0 
3 1 1 0 0 0 
4 1 1 0 0 0 
5 1 1 0 0 0 
6 1 1 0 0 0 
7 1 1 0 0 0 
8 1 1 0 0 0 
9 1 1 0 0 0 
10 1 1 0 0 0 
11 1 1 0 0 0 
12 1 1 0 0 0 
13 1 1 0 0 0 
14 1 1 0 0 0 
15 1 1 0 0 0 
0 2 2 0 0 0 
1 2 2 0 0 0 
2 2 2 0 0 0 
3 2 2 0 0 0 
4 2 2 0 0 0 
5 2 2 0 0 0 
6 2 2 0 0 0 
7 2 2 0 0 0 
8 2 2 0 0 0 
9 2 2 0 0 0 
10 2 2 0 0 0 
11 2 2 0 0 0 
12 2 2 0 0 0 
13 2 2 0 0 0 
14 2 2 0 0 0 
15 2 2 0 0 0 
0 3 3 0 0 0 
1 3 3 0 0 0 
2 3 3 0 0 0 
3 3 3 0 0 0 
4 3 3 0 0 0 
5 3 3 0 0 0 
6 3 3 0 0 0 
7 3 3 0 0 0 
8 3 3 0 0 0 
9 3 3 0 0 0 
10 3 3 0 0 0 
11 3 3 0 0 0 
12 3 3 0 0 0 
13 3 3 0 0 0 
14 3 3 0 0 0 
15 3 3 0 0 0 
0 4 4 0 0 0 
1 4 4 0 0 0 
2 4 4 0 0 0 
3 4 4 0 0 0 
4 4 4 0 0 0 
5 4 4 0 0 0 
6 4 4 0 0 0 
7 4 4 0 0 0 
8 4 4 0 0 0 
9 4 4 0 0 0 
10 4 4 0 0 0 
11 4 4 0 0 0 
12 4 4 0 0 0 
13 4 4 0 0 0 
14 4 4 0 0 0 
15 4 4 0 0 0 
0 5 5 0 0 0 
1 5 5 0 0 0 
2 5 5 0 0 0 
3 5 5 0 0 0 
4 5 5 0 0 0 
5 5 5 0 0 0 
6 5 5 0 0 0 
7 5 5 0 0 0 
8 5 5 0 0 0 
9 5 5 0 0 0 
10 5 5 0 0 0 
11 5 5 0 0 0 
12 5 5 0 0 0 
13 5 5 0 0 0 
14 5 5 0 0 0 
15 5 5 0 0 0 
0 6 6 0 0 0 
1 6 6 0 0 0 
2 6 6 0 0 0 
3 6 6 0 0 0 
4 6 6 0 0 0 
5 6 6 0 0 0 
6 6 6 0 0 0 
7 6 6 0 0 0 
8 6 6 0 0 0 
9 6 6 0 0 0 
10 6 6 0 0 0 
11 6 6 0 0 0 
12 6 6 0 0 0 
13 6 6 0 0 0 
14 6 6 0 0 0 
15 6 6 0 0 0 
0 7 7 0 0 0 
1 7 7 0 0 0 
2 7 7 0 0 0 
3 7 7 0 0 0 
4 7 7 0 0 0 
5 7 7 0 0 0 
6 7 7 0 0 0 
7 7 7 0 0 0 
8 7 7 0 0 0 
9 7 7 0 0 0 
10 7 7 0 0 0 
11 7 7 0 0 0 
12 7 7 0 0 0 
13 7 7 0 0 0 
14 7 7 0 0 0 
15 7 7 0 0 0 
0 8 8 0 0 0 
1 8 8 0 0 0 
2 8 8 0 0 0 
3 8 8 0 0 0 
4 8 8 0 0 0 
5 8 8 0 0 0 
6 8 8 0 0 0 
7 8 8 0 0 0 
8 8 8 0 0 0 
9 8 8 0 0 0 
10 8 8 0 0 0 
11 8 8 0 0 0 
12 8 8 0 0 0 
13 8 8 0 0 0 
14 8 8 0 0 0 
15 8 8 0 0 0 
0 9 9 0 0 0 
1 9 9 0 0 0 
2 9 9 0 0 0 
3 9 9 0 0 0 
4 9 9 0 0 0 
5 9 9 0 0 0 
6 9 9 0 0 0 
7 9 9 0 0 0 
8 9 9 0 0 0 
9 9 9 0 0 0 
10 9 9 0 0 0 
11 9 9 0 0 0 
12 9 9 0 0 0 
13 9 9 0 0 0 
14 9 9 0 0 0 
15 9 9 0 0 0 
0 10 10 0 0 0 
1 10 10 0 0 0 
2 10 10 0 0 0 
3 10 10 0 0 0 
4 10 10 0 0 0 
5 10 10 0 0 0 
6 10 10 0 0 0 
7 10 10 0 0 0 
8 10 10 0 0 0 
9 10 10 0 0 0 
10 10 10 0 0 0 
11 10 10 0 0 0 
12 10 10 0 0 0 
13 10 10 0 0 0 
14 10 10 0 0 0 
15 10 10 0 0 0 
0 11 11 0 0 0 
1 11 11 0 0 0 
2 11 11 0 0 0 
3 11 11 0 0 0 
4 11 11 0 0 0 
5 11 11 0 0 0 
6 11 11 0 0 0 
7 11 11 0 0 0 
8 11 11 0 0 0 
9 11 11 0 0 0 
10 11 11 0 0 0 
11 11 11 0 0 0 
12 11 11 0 0 0 
13 11 11 0 0 0 
14 11 11 0 0 0 
15 11 11 0 0 0 
0 12 12 0 0 0 
1 12 12 0 0 0 
2 12 12 0 0 0 
3 12 12 0 0 0 
4 12 12 0 0 0 
5 12 12 0 0 0 
6 12 12 0 0 0 
7 12 12 0 0 0 
8 12 12 0 0 0 
9 12 12 0 0 0 
10 12 12 0 0 0 
11 12 12 0 0 0 
12 12 12 0 0 0 
13 12 12 0 0 0 
14 12 12 0 0 0 
15 12 12 0 0 0 
0 13 13 0 0 0 
1 13 13 0 0 0 
2 13 13 0 0 0 
3 13 13 0 0 0 
4 13 13 0 0 0 
5 13 13 0 0 0 
6 13 13 0 0 0 
7 13 13 0 0 0 
8 13 13 0 0 0 
9 13 13 0 0 0 
10 13 13 0 0 0 
11 13 13 0 0 0 
12 13 13 0 0 0 
13 13 13 0 0 0 
14 13 13 0 0 0 
15 13 13 0 0 0 
0 14 14 0 0 0 
1 14 14 0 0 0 
2 14 14 0 0 0 
3 14 14 0 0 0 
4 14 14 0 0 0 
5 14 14 0 0 0 
6 14 14 0 0 0 
7 14 14 0 0 0 
8 14 14 0 0 0 
9 14 14 0 0 0 
10 14 14 0 0 0 
11 14 14 0 0 0 
12 14 14 0 0 0 
13 14 14 0 0 0 
14 14 14 0 0 0 
15 14 14 0 0 0 
0 15 15 0 0 0 
1 15 15 0 0 0 
2 15 15 0 0 0 
3 15 15 0 0 0 
4 15 15 0 0 0 
5 15 15 0 0 0 
6 15 15 0 0 0 
7 15 15 0 0 0 
8 15 15 0 0 0 
9 15 15 0 0 0 
10 15 15 0 0 0 
11 15 15 0 0 0 
12 15 15 0 0 0 
13 15 15 0 0 0 
14 15 15 0 0 0 
15 15 15 0 0 0 
0 0 0 0 0 0 
1 0 0 0 0 0 
2 0 0 0 0 0 
3 0 0 0 0 0 
4 0 0 0 0 0 
5 0 0 0 0 0 
6 0 0 0 0 0 
7 0 0 0 0 0 
8 0 0 0 0 0 
9 0 0 0 0 0 
10 0 0 0 0 0 
11 0 0 0 0 0 
12 0 0 0 0 0 
13 0 0 0 0 0 
14 0 0 0 0 0 
15 0 0 0 0 0 
0 1 1 0 0 0 
1 1 1 0 0 0 
2 1 1 0 0 0 
3 1 1 0 0 0 
4 1 1 0 0 0 
5 1 1 0 0 0 
6 1 1 0 0 0 
7 1 1 0 0 0 
8 1 1 0 0 0 
9 1 1 0 0 0 
10 1 1 0 0 0 
11 1 1 0 0 0 
12 1 1 0 0 0 
13 1 1 0 0 0 
14 1 1 0 0 0 
15 1 1 0 0 0 
0 2 2 0 0 0 
1 2 2 0 0 0 
2 2 2 0 0 0 
3 2 2 0 0 0 
4 2 2 0 0 0 
5 2 2 0 0 0 
6 2 2 0 0 0 
7 2 2 0 0 0 
8 2 2 0 0 0 
9 2 2 0 0 0 
10 2 2 0 0 0 
11 2 2 0 0 0 
12 2 2 0 0 0 
13 2 2 0 0 0 
14 2 2 0 0 0 
15 2 2 0 0 0 
0 3 3 0 0 0 
1 3 3 0 0 0 
2 3 3 0 0 0 
3 3 3 0 0 0 
4 3 3 0 0 0 
5 3 3 0 0 0 
6 3 3 0 0 0 
7 3 3 0 0 0 
8 3 3 0 0 0 
9 3 3 0 0 0 
10 3 3 0 0 0 
11 3 3 0 0 0 
12 3 3 0 0 0 
13 3 3 0 0 0 
14 3 3 0 0 0 
15 3 3 0 0 0 
0 4 4 0 0 0 
1 4 4 0 0 0 
2 4 4 0 0 0 
3 4 4 0 0 0 
4 4 4 0 0 0 
5 4 4 0 0 0 
6 4 4 0 0 0 
7 4 4 0 0 0 
8 4 4 0 0 0 
9 4 4 0 0 0 
10 4 4 0 0 0 
11 4 4 0 0 0 
12 4 4 0 0 0 
13 4 4 0 0 0 
14 4 4 0 0 0 
15 4 4 0 0 0 
0 5 5 0 0 0 
1 5 5 0 0 0 
2 5 5 0 0 0 
3 5 5 0 0 0 
4 5 5 0 0 0 
5 5 5 0 0 0 
6 5 5 0 0 0 
7 5 5 0 0 0 
8 5 5 0 0 0 
9 5 5 0 0 0 
10 5 5 0 0 0 
11 5 5 0 0 0 
12 5 5 0 0 0 
13 5 5 0 0 0 
14 5 5 0 0 0 
15 5 5 0 0 0 
0 6 6 0 0 0 
1 6 6 0 0 0 
2 6 6 0 0 0 
3 6 6 0 0 0 
4 6 6 0 0 0 
5 6 6 0 0 0 
6 6 6 0 0 0 
7 6 6 0 0 0 
8 6 6 0 0 0 
9 6 6 0 0 0 
10 6 6 0 0 0 
11 6 6 0 0 0 
12 6 6 0 0 0 
13 6 6 0 0 0 
14 6 6 0 0 0 
15 6 6 0 0 0 
0 7 7 0 0 0 
1 7 7 0 0 0 
2 7 7 0 0 0 
3 7 7 0 0 0 
4 7 7 0 0 0 
5 7 7 0 0 0 
6 7 7 0 0 0 
7 7 7 0 0 0 
8 7 7 0 0 0 
9 7 7 0 0 0 
10 7 7 0 0 0 
11 7 7 0 0 0 
12 7 7 0 0 0 
13 7 7 0 0 0 
14 7 7 0 0 0 
15 7 7 0 0 0 
0 8 8 0 0 0 
1 8 8 0 0 0 
2 8 8 0 0 0 
3 8 8 0 0 0 
4 8 8 0 0 0 
5 8 8 0 0 0 
6 8 8 0 0 0 
7 8 8 0 0 0 
8 8 8 0 0 0 
9 8 8 0 0 0 
10 8 8 0 0 0 
11 8 8 0 0 0 
12 8 8 0 0 0 
13 8 8 0 0 0 
14 8 8 0 0 0 
15 8 8 0 0 0 
0 9 9 0 0 0 
1 9 9 0 0 0 
2 9 9 0 0 0 
3 9 9 0 0 0 
4 9 9 0 0 0 
5 9 9 0 0 0 
6 9 9 0 0 0 
7 9 9 0 0 0 
8 9 9 0 0 0 
9 9 9 0 0 0 
10 9 9 0 0 0 
11 9 9 0 0 0 
12 9 9 0 0 0 
13 9 9 0 0 0 
14 9 9 0 0 0 
15 9 9 0 0 0 
0 10 10 0 0 0 
1 10 10 0 0 0 
2 10 10 0 0 0 
3 10 10 0 0 0 
4 10 10 0 0 0 
5 10 10 0 0 0 
6 10 10 0 0 0 
7 10 10 0 0 0 
8 10 10 0 0 0 
9 10 10 0 0 0 
10 10 10 0 0 0 
11 10 10 0 0 0 
12 10 10 0 0 0 
13 10 10 0 0 0 
14 10 10 0 0 0 
15 10 10 0 0 0 
0 11 11 0 0 0 
1 11 11 0 0 0 
2 11 11 0 0 0 
3 11 11 0 0 0 
4 11 11 0 0 0 
5 11 11 0 0 0 
6 11 11 0 0 0 
7 11 11 0 0 0 
8 11 11 0 0 0 
9 11 11 0 0 0 
10 11 11 0 0 0 
11 11 11 0 0 0 
12 11 11 0 0 0 
13 11 11 0 0 0 
14 11 11 0 0 0 
15 11 11 0 0 0 
0 12 12 0 0 0 
1 12 12 0 0 0 
2 12 12 0 0 0 
3 12 12 0 0 0 
4 12 12 0 0 0 
5 12 12 0 0 0 
6 12 12 0 0 0 
7 12 12 0 0 0 
8 12 12 0 0 0 
9 12 12 0 0 0 
10 12 12 0 0 0 
11 12 12 0 0 0 
12 12 12 0 0 0 
13 12 12 0 0 0 
14 12 12 0 0 0 
15 12 12 0 0 0 
0 13 13 0 0 0 
1 13 13 0 0 0 
2 13 13 0 0 0 
3 13 13 0 0 0 
4 13 13 0 0 0 
5 13 13 0 0 0 
6 13 13 0 0 0 
7 13 13 0 0 0 
8 13 13 0 0 0 
9 13 13 0 0 0 
10 13 13 0 0 0 
11 13 13 0 0 0 
12 13 13 0 0 0 
13 13 13 0 0 0 
14 13 13 0 0 0 
15 13 13 0 0 0 
0 14 14 0 0 0 
1 14 14 0 0 0 
2 14 14 0 0 0 
3 14 14 0 0 0 
4 14 14 0 0 0 
5 14 14 0 0 0 
6 14 14 0 0 0 
7 14 14 0 0 0 
8 14 14 0 0 0 
9 14 14 0 0 0 
10 14 14 0 0 0 
11 14 14 0 0 0 
12 14 14 0 0 0 
13 14 14 0 0 0 
14 14 14 0 0 0 
15 14 14 0 0 0 
0 15 15 0 0 0 
1 15 15 0 0 0 
2 15 15 0 0 0 
3 15 15 0 0 0 
4 15 15 0 0 0 
5 15 15 0 0 0 
6 15 15 0 0 0 
7 15 15 0 0 0 
8 15 15 0 0 0 
9 15 15 0 0 0 
10 15 15 0 0 0 
11 15 15 0 0 0 
12 15 15 0 0 0 
13 15 15 0 0 0 
14 15 15 0 0 0 
15 15 15 0 0 0 
0 0 0 0 0 0 
1 0 0 0 0 0 
2 0 0 0 0 0 
3 0 0 0 0 0 
4 0 0 0 0 0 
5 0 0 0 0 0 
6 0 0 0 0 0 
7 0 0 0 0 0 
8 0 0 0 0 0 
9 0 0 0 0 0 
10 0 0 0 0 0 
11 0 0 0 0 0 
12 0 0 0 0 0 
13 0 0 0 0 0 
14 0 0 0 0 0 
15 0 0 0 0 0 
0 1 1 0 0 0 
1 1 1 0 0 0 
2 1 1 0 0 0 
3 1 1 0 0 0 
4 1 1 0 0 0 
5 1 1 0 0 0 
6 1 1 0 0 0 
7 1 1 0 0 0 
8 1 1 0 0 0 
9 1 1 0 0 0 
10 1 1 0 0 0 
11 1 1 0 0 0 
12 1 1 0 0 0 
13 1 1 0 0 0 
14 1 1 0 0 0 
15 1 1 0 0 0 
0 2 2 0 0 0 
1 2 2 0 0 0 
2 2 2 0 0 0 
3 2 2 0 0 0 
4 2 2 0 0 0 
5 2 2 0 0 0 
6 2 2 0 0 0 
7 2 2 0 0 0 
8 2 2 0 0 0 
9 2 2 0 0 0 
10 2 2 0 0 0 
11 2 2 0 0 0 
12 2 2 0 0 0 
13 2 2 0 0 0 
14 2 2 0 0 0 
15 2 2 0 0 0 
0 3 3 0 0 0 
1 3 3 0 0 0 
2 3 3 0 0 0 
3 3 3 0 0 0 
4 3 3 0 0 0 
5 3 3 0 0 0 
6 3 3 0 0 0 
7 3 3 0 0 0 
8 3 3 0 0 0 
9 3 3 0 0 0 
10 3 3 0 0 0 
11 3 3 0 0 0 
12 3 3 0 0 0 
13 3 3 0 0 0 
14 3 3 0 0 0 
15 3 3 0 0 0 
0 4 4 0 0 0 
1 4 4 0 0 0 
2 4 4 0 0 0 
3 4 4 0 0 0 
4 4 4 0 0 0 
5 4 4 0 0 0 
6 4 4 0 0 0 
7 4 4 0 0 0 
8 4 4 0 0 0 
9 4 4 0 0 0 
10 4 4 0 0 0 
11 4 4 0 0 0 
12 4 4 0 0 0 
13 4 4 0 0 0 
14 4 4 0 0 0 
15 4 4 0 0 0 
0 5 5 0 0 0 
1 5 5 0 0 0 
2 5 5 0 0 0 
3 5 5 0 0 0 
4 5 5 0 0 0 
5 5 5 0 0 0 
6 5 5 0 0 0 
7 5 5 0 0 0 
8 5 5 0 0 0 
9 5 5 0 0 0 
10 5 5 0 0 0 
11 5 5 0 0 0 
12 5 5 0 0 0 
13 5 5 0 0 0 
14 5 5 0 0 0 
15 5 5 0 0 0 
0 6 6 0 0 0 
1 6 6 0 0 0 
2 6 6 0 0 0 
3 6 6 0 0 0 
4 6 6 0 0 0 
5 6 6 0 0 0 
6 6 6 0 0 0 
7 6 6 0 0 0 
8 6 6 0 0 0 
9 6 6 0 0 0 
10 6 6 0 0 0 
11 6 6 0 0 0 
12 6 6 0 0 0 
13 6 6 0 0 0 
14 6 6 0 0 0 
15 6 6 0 0 0 
0 7 7 0.0502048 -0.000210908 0.000183125 
1 7 7 0.0492444 -0.000241414 0.000165422 
2 7 7 0.0485327 -0.000265999 0.000133838 
3 7 7 0.0481491 -0.000265807 8.9829e-05 
4 7 7 0.0481302 -0.000233478 3.71657e-05 
5 7 7 0.0484584 -0.000171939 -1.79787e-05 
6 7 7 0.0490752 -8.90033e-05 -6.84873e-05 
7 7 7 0.0498901 2.05662e-05 -0.000112341 
8 7 7 0.050858 0.000179833 -0.000161299 
9 7 7 0.0519432 0.000110355 -0.000127724 
10 7 7 0.0523409 -0.000312135 2.03067e-05 
11 7 7 0.05249 -0.000224188 1.00888e-06 
12 7 7 0.0527811 -7.72155e-05 -1.19086e-05 
13 7 7 0.0528824 -3.08702e-05 9.71345e-06 
14 7 7 0.052581 -4.1265e-05 0.000131146 
15 7 7 0.0488896 -0.000772439 -0.00316892 
0 8 8 0.0548573 -0.000226873 0.000128797 
1 8 8 0.0538251 -0.0002568 9.57884e-05 
2 8 8 0.0530896 -0.000285009 5.13119e-05 
3 8 8 0.0527122 -0.000291575 2.44741e-06 
4 8 8 0.052722 -0.000265307 -4.43204e-05 
5 8 8 0.0531031 -0.000205512 -8.39192e-05 
6 8 8 0.053796 -0.000120616 -0.000111391 
7 8 8 0.0547134 -1.58669e-05 -0.000123951 
8 8 8 0.0557791 8.85655e-05 -0.000124571 
9 8 8 0.056859 4.65295e-05 -0.00011627 
10 8 8 0.0575075 -0.000173121 -9.18432e-05 
11 8 8 0.0577255 -0.000205244 -6.21383e-05 
12 8 8 0.0578546 -0.000114633 -3.04252e-05 
13 8 8 0.0578654 -5.20663e-05 4.26086e-06 
14 8 8 0.0575194 -3.19829e-05 0.000131281 
15 8 8 0.0537863 0.000532344 -0.0033147 
0 9 9 0 0 0 
1 9 9 0 0 0 
2 9 9 0 0 0 
3 9 9 0 0 0 
4 9 9 0 0 0 
5 9 9 0 0 0 
6 9 9 0 0 0 
7 9 9 0 0 0 
8 9 9 0 0 0 
9 9 9 0 0 0 
10 9 9 0 0 0 
11 9 9 0 0 0 
12 9 9 0 0 0 
13 9 9 0 0 0 
14 9 9 0 0 0 
15 9 9 0 0 0 
0 10 10 0 0 0 
1 10 10 0 0 0 
2 10 10 0 0 0 
3 10 10 0 0 0 
4 10 10 0 0 0 
5 10 10 0 0 0 
6 10 10 0 0 0 
7 10 10 0 0 0 
8 10 10 0 0 0 
9 10 10 0 0 0 
10 10 10 0 0 0 
11 10 10 0 0 0 
12 10 10 0 0 0 
13 10 10 0 0 0 
14 10 10 0 0 0 
15 10 10 0 0 0 
0 11 11 0 0 0 
1 11 11 0 0 0 
2 11 11 0 0 0 
3 11 11 0 0 0 
4 11 11 0 0 0 
5 11 11 0 0 0 
6 11 11 0 0 0 
7 11 11 0 0 0 
8 11 11 0 0 0 
9 11 11 0 0 0 
10 11 11 0 0 0 
11 11 11 0 0 0 
12 11 11 0 0 0 
13 11 11 0 0 0 
14 11 11 0 0 0 
15 11 11 0 0 0 
0 12 12 0 0 0 
1 12 12 0 0 0 
2 12 12 0 0 0 
3 12 12 0 0 0 
4 12 12 0 0 0 
5 12 12 0 0 0 
6 12 12 0 0 0 
7 12 12 0 0 0 
8 12 12 0 0 0 
9 12 12 0 0 0 
10 12 12 0 0 0 
11 12 12 0 0 0 
12 12 12 0 0 0 
13 12 12 0 0 0 
14 12 12 0 0 0 
15 12 12 0 0 0 
0 13 13 0 0 0 
1 13 13 0 0 0 
2 13 13 0 0 0 
3 13 13 0 0 0 
4 13 13 0 0 0 
5 13 13 0 0 0 
6 13 13 0 0 0 
7 13 13 0 0 0 
8 13 13 0 0 0 
9 13 13 0 0 0 
10 13 13 0 0 0 
11 13 13 0 0 0 
12 13 13 0 0 0 
13 13 13 0 0 0 
14 13 13 0 0 0 
15 13 13 0 0 0 
0 14 14 0 0 0 
1 14 14 0 0 0 
2 14 14 0 0 0 
3 14 14 0 0 0 
4 14 14 0 0 0 
5 14 14 0 0 0 
6 14 14 0 0 0 
7 14 14 0 0 0 
8 14 14 0 0 0 
9 14 14 0 0 0 
10 14 14 0 0 0 
11 14 14 0 0 0 
12 14 14 0 0 0 
13 14 14 0 0 0 
14 14 14 0 0 0 
15 14 14 0 0 0 
0 15 15 0 0 0 
1 15 15 0 0 0 
2 15 15 0 0 0 
3 15 15 0 0 0 
4 15 15 0 0 0 
5 15 15 0 0 0 
6 15 15 0 0 0 
7 15 15 0 0 0 
8 15 15 0 0 0 
9 15 15 0 0 0 
10 15 15 0 0 0 
11 15 15 0 0 0 
12 15 15 0 0 0 
13 15 15 0 0 0 
14 15 15 0 0 0 
15 15 15 0 0 0 
0 0 0 0 0 0 
1 0 0 0 0 0 
2 0 0 0 0 0 
3 0 0 0 0 0 
4 0 0 0 0 0 
5 0 0 0 0 0 
6 0 0 0 0 0 
7 0 0 0 0 0 
8 0 0 0 0 0 
9 0 0 0 0 0 
10 0 0 0 0 0 
11 0 0 0 0 0 
12 0 0 0 0 0 
13 0 0 0 0 0 
14 0 0 0 0 0 
15 0 0 0 0 0 
0 1 1 0 0 0 
1 1 1 0 0 0 
2 1 1 0 0 0 
3 1 1 0 0 0 
4 1 1 0 0 0 
5 1 1 0 0 0 
6 1 1 0 0 0 
7 1 1 0 0 0 
8 1 1 0 0 0 
9 1 1 0 0 0 
10 1 1 0 0 0 
11 1 1 0 0 0 
12 1 1 0 0 0 
13 1 1 0 0 0 
14 1 1 0 0 0 
15 1 1 0 0 0 
0 2 2 0 0 0 
1 2 2 0 0 0 
2 2 2 0 0 0 
3 2 2 0 0 0 
4 2 2 0 0 0 
5 2 2 0 0 0 
6 2 2 0 0 0 
7 2 2 0 0 0 
8 2 2 0 0 0 
9 2 2 0 0 0 
10 2 2 0 0 0 
11 2 2 0 0 0 
12 2 2 0 0 0 
13 2 2 0 0 0 
14 2 2 0 0 0 
15 2 2 0 0 0 
0 3 3 0 0 0 
1 3 3 0 0 0 
2 3 3 0 0 0 
3 3 3 0 0 0 
4 3 3 0 0 0 
5 3 3 0 0 0 
6 3 3 0 0 0 
7 3 3 0 0 0 
8 3 3 0 0 0 
9 3 3 0 0 0 
10 3 3 0 0 0 
11 3 3 0 0 0 
12 3 3 0 0 0 
13 3 3 0 0 0 
14 3 3 0 0 0 
15 3 3 0 0 0 
0 4 4 0 0 0 
1 4 4 0 0 0 
2 4 4 0 0 0 
3 4 4 0 0 0 
4 4 4 0 0 0 
5 4 4 0 0 0 
6 4 4 0 0 0 
7 4 4 0 0 0 
8 4 4 0 0 0 
9 4 4 0 0 0 
10 4 4 0 0 0 
11 4 4 0 0 0 
12 4 4 0 0 0 
13 4 4 0 0 0 
14 4 4 0 0 0 
15 4 4 0 0 0 
0 5 5 0.107191 -7.57624e-05 0.000449372 
1 5 5 0.105602 -0.000229777 0.000491023 
2 5 5 0.104443 -0.000328052 0.000456054 
3 5 5 0.103857 -0.000376076 0.000364196 
4 5 5 0.103894 -0.00038662 0.000239458 
5 5 5 0.104506 -0.000370886 0.000107934 
6 5 5 0.105568 -0.000346151 -2.095e-06 
7 5 5 0.106892 -0.000354822 -4.86571e-05 
8 5 5 0.108321 -0.000522483 5.745e-05 
9 5 5 0.109857 -0.000395797 0.000120446 
10 5 5 0.11019 0.000550886 -0.000501169 
11 5 5 0.110571 0.000270667 -0.000361167 
12 5 5 0.111229 1.07415e-06 -8.88401e-05 
13 5 5 0.111423 -9.01216e-05 7.15304e-05 
14 5 5 0.111 -1.67511e-05 0.000288892 
15 5 5 0.10676 -0.00309919 -0.00388361 
0 6 6 0.306934 -1.72625e-05 0.00125774 
1 6 6 0.304084 -0.000423659 0.00118899 
2 6 6 0.302167 -0.000759212 0.000953974 
3 6 6 0.301459 -0.000976822 0.000602125 
4 6 6 0.302022 -0.00106315 0.000189037 
5 6 6 0.3037 -0.00102452 -0.000217818 
6 6 6 0.306168 -0.000888001 -0.000545834 
7 6 6 0.308895 -0.000694001 -0.000707798 
8 6 6 0.310844 -0.000427622 -0.000372907 
9 6 6 0.319204 0.000437464 0.00114028 
10 6 6 0.314848 -0.000315854 -0.0015455 
11 6 6 0.314526 -0.000255635 -0.00111325 
12 6 6 0.316777 -0.000151331 -0.00034921 
13 6 6 0.317273 -0.000136149 7.16423e-05 
14 6 6 0.316622 1.09212e-05 0.00067723 
15 6 6 0.314629 -0.00371069 -0.00669672 
0 7 7 0.569809 -0.000210157 0.00256933 
1 7 7 0.565941 -0.000739993 0.00196328 
2 7 7 0.563643 -0.00124031 0.00118127 
3 7 7 0.563125 -0.00159139 0.000306018 
4 7 7 0.564407 -0.00171511 -0.000572828 
5 7 7 0.567257 -0.00158391 -0.00134675 
6 7 7 0.571223 -0.00121935 -0.00190665 
7 7 7 0.575647 -0.000622235 -0.00216785 
8 7 7 0.5798 0.000422181 -0.00205441 
9 7 7 0.583726 0.00135095 -0.00130835 
10 7 7 0.585823 -0.000777125 -0.000857894 
11 7 7 0.586491 -0.00115456 -0.000575795 
12 7 7 0.587249 -0.000598122 -0.000131211 
13 7 7 0.587234 -0.000303333 0.000290008 
14 7 7 0.586465 -0.000148428 0.0010883 
15 7 7 0.586855 -0.00219925 -0.00888646 
0 8 8 0.603502 -0.000812578 0.00254385 
1 8 8 0.599459 -0.00118999 0.0016598 
2 8 8 0.597265 -0.00146025 0.000641931 
3 8 8 0.596987 -0.00157713 -0.000389443 
4 8 8 0.598546 -0.00149546 -0.00132324 
5 8 8 0.601691 -0.00119771 -0.00205207 
6 8 8 0.605995 -0.000716523 -0.00248538 
7 8 8 0.610893 -0.000110071 -0.00256881 
8 8 8 0.615839 0.000525709 -0.00231515 
9 8 8 0.620334 0.000783928 -0.00180902 
10 8 8 0.623309 0.000210503 -0.00117755 
11 8 8 0.624237 -0.000373199 -0.000569928 
12 8 8 0.624051 -0.00049505 -6.1176e-05 
13 8 8 0.623339 -0.000446046 0.000345519 
14 8 8 0.622283 -0.000448501 0.00112244 
15 8 8 0.622988 0.000939424 -0.00925759 
0 9 9 0.367179 -0.00103699 0.00103925 
1 9 9 0.364227 -0.00116493 0.000541694 
2 9 9 0.362583 -0.00116213 6.16092e-06 
3 9 9 0.362326 -0.00103608 -0.000503027 
4 9 9 0.363406 -0.000797133 -0.000929994 
5 9 9 0.36564 -0.000464916 -0.00122521 
6 9 9 0.36873 -8.49762e-05 -0.00135649 
7 9 9 0.372279 0.000275902 -0.00131638 
8 9 9 0.375844 0.000522912 -0.00113371 
9 9 9 0.378948 0.000536662 -0.000875029 
10 9 9 0.381117 0.000292157 -0.000607918 
11 9 9 0.382152 -1.83561e-05 -0.000354573 
12 9 9 0.382281 -0.000226013 -0.000125833 
13 9 9 0.381848 -0.000333266 7.12135e-05 
14 9 9 0.380977 -0.000532438 0.00056661 
15 9 9 0.379574 0.00304215 -0.00753335 
0 10 10 0.125637 -0.000522193 0.000132855 
1 10 10 0.124036 -0.000539788 6.46854e-06 
2 10 10 0.123017 -0.000500302 -0.000117043 
3 10 10 0.122656 -0.000411095 -0.000222851 
4 10 10 0.12296 -0.000283808 -0.000300724 
5 10 10 0.123866 -0.000130988 -0.000342247 
6 10 10 0.125245 2.27913e-05 -0.000346077 
7 10 10 0.126913 0.000149171 -0.000317549 
8 10 10 0.128644 0.000216629 -0.000269246 
9 10 10 0.130193 0.000203199 -0.000217355 
10 10 10 0.131351 0.000119236 -0.000171012 
11 10 10 0.132024 1.31098e-05 -0.000127198 
12 10 10 0.132256 -7.24824e-05 -8.31554e-05 
13 10 10 0.132153 -0.000133767 -3.79404e-05 
14 10 10 0.131618 -0.000295837 0.000148337 
15 10 10 0.127943 0.00305541 -0.00439221 
0 11 11 0 0 0 
1 11 11 0 0 0 
2 11 11 0 0 0 
3 11 11 0 0 0 
4 11 11 0 0 0 
5 11 11 0 0 0 
6 11 11 0 0 0 
7 11 11 0 0 0 
8 11 11 0 0 0 
9 11 11 0 0 0 
10 11 11 0 0 0 
11 11 11 0 0 0 
12 11 11 0 0 0 
13 11 11 0 0 0 
14 11 11 0 0 0 
15 11 11 0 0 0 
0 12 12 0 0 0 
1 12 12 0 0 0 
2 12 12 0 0 0 
3 12 12 0 0 0 
4 12 12 0 0 0 
5 12 12 0 0 0 
6 12 12 0 0 0 
7 12 12 0 0 0 
8 12 12 0 0 0 
9 12 12 0 0 0 
10 12 12 0 0 0 
11 12 12 0 0 0 
12 12 12 0 0 0 
13 12 12 0 0 0 
14 12 12 0 0 0 
15 12 12 0 0 0 
0 13 13 0 0 0 
1 13 13 0 0 0 
2 13 13 0 0 0 
3 13 13 0 0 0 
4 13 13 0 0 0 
5 13 13 0 0 0 
6 13 13 0 0 0 
7 13 13 0 0 0 
8 13 13 0 0 0 
9 13 13 0 0 0 
10 13 13 0 0 0 
11 13 13 0 0 0 
12 13 13 0 0 0 
13 13 13 0 0 0 
14 13 13 0 0 0 
15 13 13 0 0 0 
0 14 14 0 0 0 
1 14 14 0 0 0 
2 14 14 0 0 0 
3 14 14 0 0 0 
4 14 14 0 0 0 
5 14 14 0 0 0 
6 14 14 0 0 0 
7 14 14 0 0 0 
8 14 14 0 0 0 
9 14 14 0 0 0 
10 14 14 0 0 0 
11 14 14 0 0 0 
12 14 14 0 0 0 
13 14 14 0 0 0 
14 14 14 0 0 0 
15 14 14 0 0 0 
0 15 15 0 0 0 
1 15 15 0 0 0 
2 15 15 0 0 0 
3 15 15 0 0 0 
4 15 15 0 0 0 
5 15 15 0 0 0 
6 15 15 0 0 0 
7 15 15 0 0 0 
8 15 15 0 0 0 
9 15 15 0 0 0 
10 15 15 0 0 0 
11 15 15 0 0 0 
12 15 15 0 0 0 
13 15 15 0 0 0 
14 15 15 0 0 0 
15 15 15 0 0 0 
0 0 0 0 0 0 
1 0 0 0 0 0 
2 0 0 0 0 0 
3 0 0 0 0 0 
4 0 0 0 0 0 
5 0 0 0 0 0 
6 0 0 0 0 0 
7 0 0 0 0 0 
8 0 0 0 0 0 
9 0 0 0 0 0 
10 0 0 0 0 0 
11 0 0 0 0 0 
12 0 0 0 0 0 
13 0 0 0 0 0 
14 0 0 0 0 0 
15 0 0 0 0 0 
0 1 1 0 0 0 
1 1 1 0 0 0 
2 1 1 0 0 0 
3 1 1 0 0 0 
4 1 1 0 0 0 
5 1 1 0 0 0 
6 1 1 0 0 0 
7 1 1 0 0 0 
8 1 1 0 0 0 
9 1 1 0 0 0 
10 1 1 0 0 0 
11 1 1 0 0 0 
12 1 1 0 0 0 
13 1 1 0 0 0 
14 1 1 0 0 0 
15 1 1 0 0 0 
0 2 2 0 0 0 
1 2 2 0 0 0 
2 2 2 0 0 0 
3 2 2 0 0 0 
4 2 2 0 0 0 
5 2 2 0 0 0 
6 2 2 0 0 0 
7 2 2 0 0 0 
8 2 2 0 0 0 
9 2 2 0 0 0 
10 2 2 0 0 0 
11 2 2 0 0 0 
12 2 2 0 0 0 
13 2 2 0 0 0 
14 2 2 0 0 0 
15 2 2 0 0 0 
0 3 3 0 0 0 
1 3 3 0 0 0 
2 3 3 0 0 0 
3 3 3 0 0 0 
4 3 3 0 0 0 
5 3 3 0 0 0 
6 3 3 0 0 0 
7 3 3 0 0 0 
8 3 3 0 0 0 
9 3 3 0 0 0 
10 3 3 0 0 0 
11 3 3 0 0 0 
12 3 3 0 0 0 
13 3 3 0 0 0 
14 3 3 0 0 0 
15 3 3 0 0 0 
0 4 4 0.0998719 0.000177826 0.000360284 
1 4 4 0.0982241 5.14397e-05 0.000439829 
2 4 4 0.0970737 -5.30504e-05 0.000440683 
3 4 4 0.0964979 -0.000131149 0.000375662 
4 4 4 0.0965154 -0.000188968 0.000271937 
5 4 4 0.0970874 -0.000230497 0.000159302 
6 4 4 0.0981154 -0.000260511 6.56124e-05 
7 4 4 0.0994573 -0.000283101 1.29644e-05 
8 4 4 0.100956 -0.000289253 -5.24053e-06 
9 4 4 0.10239 -0.000206866 -7.82031e-05 
10 4 4 0.103332 -2.27645e-05 -0.000226263 
11 4 4 0.103691 7.04376e-05 -0.000236267 
12 4 4 0.103767 5.3817e-05 -0.000105382 
13 4 4 0.103646 2.18584e-05 4.26984e-05 
14 4 4 0.103111 0.000133398 0.000240851 
15 4 4 0.0988525 -0.00401772 -0.00265103 
0 5 5 0.510164 0.00168147 0.00178847 
1 5 5 0.505793 0.000767173 0.00185398 
2 5 5 0.503113 -7.53999e-05 0.00163532 
3 5 5 0.502258 -0.00076902 0.00117491 
4 5 5 0.503188 -0.00128846 0.000573602 
5 5 5 0.505667 -0.00162547 -4.12641e-05 
6 5 5 0.509274 -0.00178567 -0.000537823 
7 5 5 0.513448 -0.00181055 -0.000785437 
8 5 5 0.517678 -0.00178903 -0.000676777 
9 5 5 0.521667 -0.00142215 -0.000508049 
10 5 5 0.523989 -0.000177939 -0.000987712 
11 5 5 0.524337 0.000490235 -0.00102087 
12 5 5 0.524139 0.000497096 -0.000464262 
13 5 5 0.523523 0.000384225 0.000141534 
14 5 5 0.522411 0.000613364 0.000918972 
15 5 5 0.522236 -0.00666651 -0.00582389 
0 6 6 1.13402 0.00534892 0.00485183 
1 6 6 1.12846 0.00328463 0.00393054 
2 6 6 1.12474 0.00109807 0.00261245 
3 6 6 1.12308 -0.000917031 0.00100133 
4 6 6 1.12353 -0.00255214 -0.000736499 
5 6 6 1.12594 -0.00366597 -0.00236261 
6 6 6 1.12991 -0.00417842 -0.00360215 
7 6 6 1.13473 -0.00408755 -0.00417077 
8 6 6 1.13954 -0.00351202 -0.00371504 
9 6 6 1.144 -0.00244188 -0.00229291 
10 6 6 1.14719 -0.000775362 -0.00226349 
11 6 6 1.1482 0.000430594 -0.00198123 
12 6 6 1.1485 0.00101483 -0.000795134 
13 6 6 1.14802 0.0012041 0.000333735 
14 6 6 1.14724 0.00122503 0.00134177 
15 6 6 1.14923 -0.00450605 -0.0067435 
0 7 7 1.4637 0.00598784 0.00871371 
1 7 7 1.45979 0.00431619 0.00620683 
2 7 7 1.45669 0.00233932 0.0032533 
3 7 7 1.45454 0.000361556 0.000124673 
4 7 7 1.45349 -0.00135822 -0.00291147 
5 7 7 1.45364 -0.00260409 -0.00554515 
6 7 7 1.45503 -0.00321999 -0.00743308 
7 7 7 1.4575 -0.00311489 -0.00824082 
8 7 7 1.46066 -0.00225696 -0.00771126 
9 7 7 1.46423 -0.000919242 -0.005973 
10 7 7 1.46739 -9.2923e-05 -0.00406686 
11 7 7 1.46908 0.000393349 -0.00214359 
12 7 7 1.46972 0.000910269 -0.000267346 
13 7 7 1.46966 0.00120268 0.00110816 
14 7 7 1.46944 0.00116676 0.00175854 
15 7 7 1.46985 -0.001034 -0.00583334 
0 8 8 1.48608 0.00245925 0.0099296 
1 8 8 1.48318 0.00189184 0.00678 
2 8 8 1.48095 0.00123862 0.00314163 
3 8 8 1.47949 0.000644994 -0.000591933 
4 8 8 1.47888 0.000217208 -0.00407011 
5 8 8 1.47922 2.75639e-05 -0.00694124 
6 8 8 1.48059 0.000112124 -0.00885908 
7 8 8 1.48297 0.000459257 -0.00953273 
8 8 8 1.48617 0.000991381 -0.00883731 
9 8 8 1.48979 0.00147347 -0.00696371 
10 8 8 1.49307 0.00156463 -0.00445564 
11 8 8 1.49525 0.00131552 -0.00191643 
12 8 8 1.49619 0.000988023 0.000169497 
13 8 8 1.49627 0.000673732 0.00151526 
14 8 8 1.49619 0.000411177 0.00197633 
15 8 8 1.49666 0.00148935 -0.00573416 
0 9 9 1.20785 -0.00145554 0.00646853 
1 9 9 1.20436 -0.00119947 0.00398031 
2 9 9 1.2024 -0.000742841 0.00123563 
3 9 9 1.20209 -0.000102326 -0.00144694 
4 9 9 1.2034 0.000667532 -0.00380051 
5 9 9 1.20623 0.00147878 -0.00558018 
6 9 9 1.21033 0.00221855 -0.0065778 
7 9 9 1.21528 0.00276083 -0.00666417 
8 9 9 1.22053 0.00298155 -0.0058593 
9 9 9 1.22537 0.00278235 -0.00438227 
10 9 9 1.22913 0.00216245 -0.00262046 
11 9 9 1.23137 0.00130798 -0.000980474 
12 9 9 1.23215 0.000479244 0.000257004 
13 9 9 1.23192 -0.000170557 0.00100155 
14 9 9 1.23157 -0.000657194 0.00141052 
15 9 9 1.23367 0.00395815 -0.00706975 
0 10 10 0.639241 -0.0019265 0.00171357 
1 10 10 0.63567 -0.00163794 0.000742535 
2 10 10 0.633872 -0.00114749 -0.000241246 
3 10 10 0.633974 -0.000516267 -0.00112282 
4 10 10 0.635907 0.000178191 -0.00181958 
5 10 10 0.639411 0.000849481 -0.00226551 
6 10 10 0.644049 0.00140007 -0.00242061 
7 10 10 0.649238 0.00173807 -0.00228441 
8 10 10 0.654312 0.00179691 -0.00190778 
9 10 10 0.658628 0.00156057 -0.0013912 
10 10 10 0.66171 0.00109067 -0.000856437 
11 10 10 0.663385 0.000525965 -0.000401712 
12 10 10 0.663814 1.31485e-05 -7.67327e-05 
13 10 10 0.663367 -0.000386578 0.000134633 
14 10 10 0.662448 -0.00100105 0.000615859 
15 10 10 0.664043 0.00646094 -0.00724427 
0 11 11 0.137399 -0.000454901 5.78518e-05 
1 11 11 0.135779 -0.000414488 -7.46238e-05 
2 11 11 0.134767 -0.000328034 -0.000192499 
3 11 11 0.134451 -0.000207785 -0.000281954 
4 11 11 0.134837 -7.02375e-05 -0.000337364 
5 11 11 0.135856 6.89638e-05 -0.00035626 
6 11 11 0.137364 0.000188222 -0.000341678 
7 11 11 0.139157 0.000267676 -0.000302095 
8 11 11 0.140991 0.000292683 -0.000248918 
9 11 11 0.142621 0.000259927 -0.000194561 
10 11 11 0.143854 0.000181325 -0.00014765 
11 11 11 0.1446 8.26106e-05 -0.000111014 
12 11 11 0.144885 -9.69602e-06 -8.34453e-05 
13 11 11 0.144801 -8.74985e-05 -5.77246e-05 
14 11 11 0.144267 -0.000299979 9.38644e-05 
15 11 11 0.140668 0.00432321 -0.00343216 
0 12 12 0 0 0 
1 12 12 0 0 0 
2 12 12 0 0 0 
3 12 12 0 0 0 
4 12 12 0 0 0 
5 12 12 0 0 0 
6 12 12 0 0 0 
7 12 12 0 0 0 
8 12 12 0 0 0 
9 12 12 0 0 0 
10 12 12 0 0 0 
11 12 12 0 0 0 
12 12 12 0 0 0 
13 12 12 0 0 0 
14 12 12 0 0 0 
15 12 12 0 0 0 
0 13 13 0 0 0 
1 13 13 0 0 0 
2 13 13 0 0 0 
3 13 13 0 0 0 
4 13 13 0 0 0 
5 13 13 0 0 0 
6 13 13 0 0 0 
7 13 13 0 0 0 
8 13 13 0 0 0 
9 13 13 0 0 0 
10 13 13 0 0 0 
11 13 13 0 0 0 
12 13 13 0 0 0 
13 13 13 0 0 0 
14 13 13 0 0 0 
15 13 13 0 0 0 
0 14 14 0 0 0 
1 14 14 0 0 0 
2 14 14 0 0 0 
3 14 14 0 0 0 
4 14 14 0 0 0 
5 14 14 0 0 0 
6 14 14 0 0 0 
7 14 14 0 0 0 
8 14 14 0 0 0 
9 14 14 0 0 0 
10 14 14 0 0 0 
11 14 14 0 0 0 
12 14 14 0 0 0 
13 14 14 0 0 0 
14 14 14 0 0 0 
15 14 14 0 0 0 
0 15 15 0 0 0 
1 15 15 0 0 0 
2 15 15 0 0 0 
3 15 15 0 0 0 
4 15 15 0 0 0 
5 15 15 0 0 0 
6 15 15 0 0 0 
7 15 15 0 0 0 
8 15 15 0 0 0 
9 15 15 0 0 0 
10 15 15 0 0 0 
11 15 15 0 0 0 
12 15 15 0 0 0 
13 15 15 0 0 0 
14 15 15 0 0 0 
15 15 15 0 0 0 
0 0 0 0 0 0 
1 0 0 0 0 0 
2 0 0 0 0 0 
3 0 0 0 0 0 
4 0 0 0 0 0 
5 0 0 0 0 0 
6 0 0 0 0 0 
7 0 0 0 0 0 
8 0 0 0 0 0 
9 0 0 0 0 0 
10 0 0 0 0 0 
11 0 0 0 0 0 
12 0 0 0 0 0 
13 0 0 0 0 0 
14 0 0 0 0 0 
15 0 0 0 0 0 
0 1 1 0 0 0 
1 1 1 0 0 0 
2 1 1 0 0 0 
3 1 1 0 0 0 
4 1 1 0 0 0 
5 1 1 0 0 0 
6 1 1 0 0 0 
7 1 1 0 0 0 
8 1 1 0 0 0 
9 1 1 0 0 0 
10 1 1 0 0 0 
11 1 1 0 0 0 
12 1 1 0 0 0 
13 1 1 0 0 0 
14 1 1 0 0 0 
15 1 1 0 0 0 
0 2 2 0 0 0 
1 2 2 0 0 0 
2 2 2 0 0 0 
3 2 2 0 0 0 
4 2 2 0 0 0 
5 2 2 0 0 0 
6 2 2 0 0 0 
7 2 2 0 0 0 
8 2 2 0 0 0 
9 2 2 0 0 0 
10 2 2 0 0 0 
11 2 2 0 0 0 
12 2 2 0 0 0 
13 2 2 0 0 0 
14 2 2 0 0 0 
15 2 2 0 0 0 
0 3 3 0 0 0 
1 3 3 0 0 0 
2 3 3 0 0 0 
3 3 3 0 0 0 
4 3 3 0 0 0 
5 3 3 0 0 0 
6 3 3 0 0 0 
7 3 3 0 0 0 
8 3 3 0 0 0 
9 3 3 0 0 0 
10 3 3 0 0 0 
11 3 3 0 0 0 
12 3 3 0 0 0 
13 3 3 0 0 0 
14 3 3 0 0 0 
15 3 3 0 0 0 
0 4 4 0.291529 0.00113761 0.000631803 
1 4 4 0.2882 0.000776709 0.000753608 
2 4 4 0.2861 0.000373643 0.000758067 
3 4 4 0.285325 -2.04122e-05 0.000641435 
4 4 4 0.285822 -0.000371279 0.000440928 
5 4 4 0.287431 -0.000652449 0.000213157 
6 4 4 0.289875 -0.00084226 1.63594e-05 
7 4 4 0.29279 -0.000924273 -0.000110312 
8 4 4 0.295759 -0.000881242 -0.000170341 
9 4 4 0.298341 -0.000688406 -0.000233277 
10 4 4 0.300085 -0.000375288 -0.0003285 
11 4 4 0.300803 -7.37076e-05 -0.000336395 
12 4 4 0.300727 0.000118527 -0.000195046 
13 4 4 0.300155 0.000227493 2.43602e-05 
14 4 4 0.299089 0.000607312 0.000380609 
15 4 4 0.296633 -0.00683141 -0.00271636 
0 5 5 1.1108 0.00726533 0.00271527 
1 5 5 1.10402 0.00517967 0.00246338 
2 5 5 1.09957 0.0027424 0.00198069 
3 5 5 1.09761 0.000274455 0.00124024 
4 5 5 1.09803 -0.001951 0.000304064 
5 5 5 1.10055 -0.00370911 -0.000678022 
6 5 5 1.10469 -0.0048223 -0.00150701 
7 5 5 1.1098 -0.00518173 -0.00199404 
8 5 5 1.1151 -0.00477352 -0.00203707 
9 5 5 1.11982 -0.00365785 -0.00175603 
10 5 5 1.12307 -0.00200936 -0.00143282 
11 5 5 1.12427 -0.000307943 -0.00105871 
12 5 5 1.12371 0.000962743 -0.000509745 
13 5 5 1.12212 0.00168217 0.000130934 
14 5 5 1.12048 0.00214146 0.00084632 
15 5 5 1.12207 -0.00679729 -0.00384936 
0 6 6 1.73624 0.0137076 0.00668224 
1 6 6 1.73358 0.0109413 0.00487685 
2 6 6 1.73037 0.00731621 0.00283914 
3 6 6 1.72682 0.00330418 0.000666563 
4 6 6 1.72317 -0.000635291 -0.00154276 
5 6 6 1.71974 -0.0040659 -0.00361577 
6 6 6 1.7169 -0.00659428 -0.00529074 
7 6 6 1.71503 -0.00789483 -0.00625335 
8 6 6 1.71437 -0.0077769 -0.00624485 
9 6 6 1.71493 -0.00628246 -0.00530629 
10 6 6 1.71615 -0.00377421 -0.00388288 
11 6 6 1.71718 -0.000938481 -0.00227953 
12 6 6 1.71765 0.00148773 -0.000720543 
13 6 6 1.71755 0.00303544 0.000487273 
14 6 6 1.7172 0.00342402 0.00103648 
15 6 6 1.71622 -0.00121506 -0.00284096 
0 7 7 2.05269 0.0112953 0.0119262 
1 7 7 2.05939 0.0103004 0.0088784 
2 7 7 2.06277 0.00840379 0.00528226 
3 7 7 2.06265 0.0058899 0.00147254 
4 7 7 2.05917 0.00309582 -0.00230317 
5 7 7 2.05279 0.000376152 -0.00577747 
6 7 7 2.04431 -0.00192338 -0.00861492 
7 7 7 2.0349 -0.00348178 -0.0104059 
8 7 7 2.02596 -0.00404555 -0.010759 
9 7 7 2.01882 -0.00354228 -0.00954579 
10 7 7 2.01424 -0.00217869 -0.00711063 
11 7 7 2.01217 -0.000343742 -0.00405521 
12 7 7 2.01213 0.00146927 -0.00112845 
13 7 7 2.01337 0.00280211 0.00097799 
14 7 7 2.01505 0.00334825 0.00177492 
15 7 7 2.01578 0.0019934 -0.0014753 
0 8 8 2.06788 0.00236829 0.0139162 
1 8 8 2.07687 0.00356298 0.0106409 
2 8 8 2.08241 0.00434648 0.00655108 
3 8 8 2.08414 0.00471438 0.00210596 
4 8 8 2.08206 0.00477262 -0.00232555 
5 8 8 2.07653 0.00464128 -0.00637753 
6 8 8 2.06834 0.00440863 -0.0096466 
7 8 8 2.05872 0.0041175 -0.0116886 
8 8 8 2.04919 0.00376937 -0.0121006 
9 8 8 2.04129 0.00333301 -0.0107197 
10 8 8 2.03604 0.00280313 -0.00784675 
11 8 8 2.0337 0.00228981 -0.00424526 
12 8 8 2.03384 0.00193078 -0.000882654 
13 8 8 2.03565 0.0017695 0.00146224 
14 8 8 2.03816 0.00181406 0.00229101 
15 8 8 2.03983 0.00274866 -0.00101872 
0 9 9 1.79054 -0.0041065 0.0106171 
1 9 9 1.79345 -0.00182104 0.00765185 
2 9 9 1.79499 0.0005365 0.00407459 
3 9 9 1.795 0.00280085 0.000319531 
4 9 9 1.79359 0.0048718 -0.00324597 
5 9 9 1.79108 0.00662601 -0.00627759 
6 9 9 1.78805 0.00788798 -0.00844136 
7 9 9 1.78523 0.00845477 -0.00943522 
8 9 9 1.78332 0.00816404 -0.0090734 
9 9 9 1.78271 0.00699878 -0.007421 
10 9 9 1.78334 0.00518454 -0.00489113 
11 9 9 1.78478 0.00317703 -0.00215373 
12 9 9 1.78655 0.00145752 0.000131079 
13 9 9 1.78835 0.000324804 0.00155107 
14 9 9 1.7901 7.71321e-06 0.00184337 
15 9 9 1.79097 0.00371294 -0.00234179 
0 10 10 1.22932 -0.00437948 0.00421423 
1 10 10 1.22683 -0.00266568 0.00243573 
2 10 10 1.22565 -0.000703451 0.000518915 
3 10 10 1.22587 0.00131819 -0.00129902 
4 10 10 1.22749 0.00321755 -0.00283433 
5 10 10 1.23047 0.00479501 -0.00393774 
6 10 10 1.2346 0.00584465 -0.00449419 
7 10 10 1.23955 0.00619684 -0.00444627 
8 10 10 1.24476 0.00578538 -0.00382921 
9 10 10 1.24958 0.00470268 -0.00279932 
10 10 10 1.25341 0.00320973 -0.00161286 
11 10 10 1.25591 0.00166107 -0.000543185 
12 10 10 1.2571 0.000367616 0.000219702 
13 10 10 1.25734 -0.000523076 0.000624278 
14 10 10 1.25743 -0.0010956 0.000764101 
15 10 10 1.25972 0.00688177 -0.00445243 
0 11 11 0.387602 -0.00131865 0.000344022 
1 11 11 0.38494 -0.000958374 2.33437e-05 
2 11 11 0.383534 -0.00049708 -0.000274576 
3 11 11 0.383505 8.199e-06 -0.000515813 
4 11 11 0.384825 0.000499546 -0.000683077 
5 11 11 0.387319 0.000920237 -0.000766732 
6 11 11 0.390664 0.00121429 -0.000766035 
7 11 11 0.394429 0.00133758 -0.000692316 
8 11 11 0.398123 0.00127468 -0.000566017 
9 11 11 0.401284 0.00104713 -0.000416231 
10 11 11 0.403588 0.000713679 -0.000273635 
11 11 11 0.404916 0.000355692 -0.000161726 
12 11 11 0.405358 4.3193e-05 -9.04522e-05 
13 11 11 0.405128 -0.00020549 -4.82538e-05 
14 11 11 0.404334 -0.000763646 0.000121095 
15 11 11 0.403407 0.00744488 -0.00386967 
0 12 12 0.0230512 -7.44844e-05 -2.01966e-05 
1 12 12 0.0225418 -6.38152e-05 -2.36917e-05 
2 12 12 0.0221745 -4.64982e-05 -2.43515e-05 
3 12 12 0.0219846 -2.4969e-05 -2.23523e-05 
4 12 12 0.0219857 -1.96486e-06 -1.8493e-05 
5 12 12 0.0221714 2.03212e-05 -1.36558e-05 
6 12 12 0.0225118 3.90056e-05 -8.98979e-06 
7 12 12 0.0229602 5.10402e-05 -5.60611e-06 
8 12 12 0.023453 5.4636e-05 -4.10291e-06 
9 12 12 0.0239204 4.96054e-05 -4.46783e-06 
10 12 12 0.0242981 3.74225e-05 -6.24797e-06 
11 12 12 0.0245599 2.22479e-05 -8.75194e-06 
12 12 12 0.0246902 6.60999e-06 -1.0868e-05 
13 12 12 0.0247004 -8.15673e-06 -1.2158e-05 
14 12 12 0.0245076 -6.7953e-05 -1.1597e-05 
15 12 12 0.0220858 0.00183737 -0.00086031 
0 13 13 0 0 0 
1 13 13 0 0 0 
2 13 13 0 0 0 
3 13 13 0 0 0 
4 13 13 0 0 0 
5 13 13 0 0 0 
6 13 13 0 0 0 
7 13 13 0 0 0 
8 13 13 0 0 0 
9 13 13 0 0 0 
10 13 13 0 0 0 
11 13 13 0 0 0 
12 13 13 0 0 0 
13 13 13 0 0 0 
14 13 13 0 0 0 
15 13 13 0 0 0 
0 14 14 0 0 0 
1 14 14 0 0 0 
2 14 14 0 0 0 
3 14 14 0 0 0 
4 14 14 0 0 0 
5 14 14 0 0 0 
6 14 14 0 0 0 
7 14 14 0 0 0 
8 14 14 0 0 0 
9 14 14 0 0 0 
10 14 14 0 0 0 
11 14 14 0 0 0 
12 14 14 0 0 0 
13 14 14 0 0 0 
14 14 14 0 0 0 
15 14 14 0 0 0 
0 15 15 0 0 0 
1 15 15 0 0 0 
2 15 15 0 0 0 
3 15 15 0 0 0 
4 15 15 0 0 0 
5 15 15 0 0 0 
6 15 15 0 0 0 
7 15 15 0 0 0 
8 15 15 0 0 0 
9 15 15 0 0 0 
10 15 15 0 0 0 
11 15 15 0 0 0 
12 15 15 0 0 0 
13 15 15 0 0 0 
14 15 15 0 0 0 
15 15 15 0 0 0 
0 0 0 0 0 0 
1 0 0 0 0 0 
2 0 0 0 0 0 
3 0 0 0 0 0 
4 0 0 0 0 0 
5 0 0 0 0 0 
6 0 0 0 0 0 
7 0 0 0 0 0 
8 0 0 0 0 0 
9 0 0 0 0 0 
10 0 0 0 0 0 
11 0 0 0 0 0 
12 0 0 0 0 0 
13 0 0 0 0 0 
14 0 0 0 0 0 
15 0 0 0 0 0 
0 1 1 0 0 0 
1 1 1 0 0 0 
2 1 1 0 0 0 
3 1 1 0 0 0 
4 1 1 0 0 0 
5 1 1 0 0 0 
6 1 1 0 0 0 
7 1 1 0 0 0 
8 1 1 0 0 0 
9 1 1 0 0 0 
10 1 1 0 0 0 
11 1 1 0 0 0 
12 1 1 0 0 0 
13 1 1 0 0 0 
14 1 1 0 0 0 
15 1 1 0 0 0 
0 2 2 0 0 0 
1 2 2 0 0 0 
2 2 2 0 0 0 
3 2 2 0 0 0 
4 2 2 0 0 0 
5 2 2 0 0 0 
6 2 2 0 0 0 
7 2 2 0 0 0 
8 2 2 0 0 0 
9 2 2 0 0 0 
10 2 2 0 0 0 
11 2 2 0 0 0 
12 2 2 0 0 0 
13 2 2 0 0 0 
14 2 2 0 0 0 
15 2 2 0 0 0 
0 3 3 0.00972922 5.87151e-05 -5.62595e-06 
1 3 3 0.00926289 5.60831e-05 1.14104e-06 
2 3 3 0.00887825 4.74037e-05 6.7813e-06 
3 3 3 0.00861326 3.42918e-05 1.01249e-05 
4 3 3 0.00848615 1.77904e-05 1.141e-05 
5 3 3 0.0085047 1.23214e-07 1.14056e-05 
6 3 3 0.00865917 -1.68173e-05 1.11806e-05 
7 3 3 0.00892539 -3.07092e-05 1.05349e-05 
8 3 3 0.00925811 -3.92767e-05 8.15108e-06 
9 3 3 0.00960123 -3.98344e-05 2.50302e-06 
10 3 3 0.00989677 -3.32198e-05 -4.66853e-06 
11 3 3 0.0101052 -2.23362e-05 -9.17338e-06 
12 3 3 0.010215 -1.02413e-05 -9.14555e-06 
13 3 3 0.0102304 1.77556e-06 -6.19198e-06 
14 3 3 0.01007 6.64144e-05 -1.25131e-05 
15 3 3 0.00779018 -0.00209648 -0.000101366 
0 4 4 0.480253 0.00248563 0.000322725 
1 4 4 0.475627 0.0018936 0.000411011 
2 4 4 0.472764 0.0011481 0.000445587 
3 4 4 0.471797 0.000342395 0.000404398 
4 4 4 0.472629 -0.000430909 0.00029774 
5 4 4 0.474997 -0.00108288 0.000155732 
6 4 4 0.478471 -0.00153419 2.19542e-05 
7 4 4 0.4825 -0.00172964 -7.38143e-05 
8 4 4 0.486461 -0.00164794 -0.000127973 
9 4 4 0.489764 -0.00131609 -0.000172561 
10 4 4 0.491958 -0.000821238 -0.000222973 
11 4 4 0.492876 -0.00029317 -0.000239639 
12 4 4 0.492697 0.000150657 -0.000185227 
13 4 4 0.491776 0.000481464 -6.73113e-05 
14 4 4 0.490404 0.00115044 0.000136332 
15 4 4 0.489921 -0.0088741 -0.000741646 
0 5 5 1.41409 0.0115342 0.00113089 
1 5 5 1.40731 0.008856 0.000934892 
2 5 5 1.40205 0.00553387 0.000704587 
3 5 5 1.39861 0.00193581 0.000411737 
4 5 5 1.39706 -0.00155994 4.76815e-05 
5 5 5 1.39733 -0.00456462 -0.000359045 
6 5 5 1.39922 -0.00670529 -0.000737594 
7 5 5 1.40234 -0.00768371 -0.000998917 
8 5 5 1.40613 -0.00735863 -0.00107991 
9 5 5 1.40983 -0.00584 -0.000993675 
10 5 5 1.41263 -0.00353235 -0.000812868 
11 5 5 1.41396 -0.00104523 -0.000588236 
12 5 5 1.41376 0.00104916 -0.00033685 
13 5 5 1.41244 0.00243597 -7.91889e-05 
14 5 5 1.41092 0.00302708 0.000152606 
15 5 5 1.41064 -0.00537228 -0.00121147 
0 6 6 2.03519 0.0178455 0.00312231 
1 6 6 2.0394 0.0150097 0.0021866 
2 6 6 2.04047 0.0110939 0.0011926 
3 6 6 2.03846 0.0065088 0.000200302 
4 6 6 2.03369 0.00167181 -0.000761618 
5 6 6 2.02667 -0.00294664 -0.00165437 
6 6 6 2.01819 -0.00683006 -0.00240591 
7 6 6 2.00928 -0.00944093 -0.00290523 
8 6 6 2.0011 -0.0103129 -0.00303844 
9 6 6 1.99472 -0.0092217 -0.00276217 
10 6 6 1.99066 -0.00642115 -0.00215293 
11 6 6 1.98878 -0.00271115 -0.00136422 
12 6 6 1.98849 0.000855977 -0.000587827 
13 6 6 1.98904 0.00343439 -7.65213e-07 
14 6 6 1.98977 0.00445592 0.000247861 
15 6 6 1.98944 0.000895663 -0.000796546 
0 7 7 2.34823 0.0117237 0.00562749 
1 7 7 2.36815 0.0111391 0.00434562 
2 7 7 2.38236 0.009783 0.00278372 
3 7 7 2.38999 0.00776558 0.00112217 
4 7 7 2.39078 0.00525987 -0.000535692 
5 7 7 2.38494 0.00251447 -0.00210077 
6 7 7 2.37316 -0.000162309 -0.00346553 
7 7 7 2.35677 -0.00241396 -0.00447851 
8 7 7 2.33775 -0.00386525 -0.00496057 
9 7 7 2.31873 -0.00419598 -0.00476588 
10 7 7 2.30255 -0.00329995 -0.00388636 
11 7 7 2.2914 -0.00144104 -0.00252298 
12 7 7 2.28611 0.000772725 -0.00107232 
13 7 7 2.28582 0.00267538 5.1193e-05 
14 7 7 2.28849 0.00379186 0.000581059 
15 7 7 2.29173 0.00316442 -0.00019691 
0 8 8 2.3599 -0.00121384 0.00646507 
1 8 8 2.38212 0.000691689 0.00524787 
2 8 8 2.39889 0.00262899 0.00360749 
3 8 8 2.40907 0.00430008 0.00175419 
4 8 8 2.41217 0.00559553 -0.000164796 
5 8 8 2.40814 0.00650167 -0.00201378 
6 8 8 2.39751 0.00703196 -0.0036432 
7 8 8 2.38149 0.00717654 -0.00486901 
8 8 8 2.36209 0.00689145 -0.00548278 
9 8 8 2.3421 0.00613484 -0.00530596 
10 8 8 2.32467 0.00496378 -0.00431261 
11 8 8 2.31247 0.00362542 -0.0027417 
12 8 8 2.30665 0.00248695 -0.00106726 
13 8 8 2.3065 0.00183285 0.00022966 
14 8 8 2.30991 0.00175933 0.000849431 
15 8 8 2.31433 0.00271699 9.46127e-05 
0 9 9 2.08026 -0.00911995 0.00517102 
1 9 9 2.0914 -0.00548226 0.00400112 
2 9 9 2.09908 -0.00144187 0.00249474 
3 9 9 2.10272 0.00255917 0.000840093 
4 9 9 2.10215 0.00625797 -0.000807605 
5 9 9 2.09762 0.00943563 -0.00230141 
6 9 9 2.08987 0.011838 -0.00349199 
7 9 9 2.08016 0.0131547 -0.0042261 
8 9 9 2.07013 0.0130818 -0.00436914 
9 9 9 2.06149 0.0114893 -0.00386469 
10 9 9 2.05557 0.00864352 -0.00281661 
11 9 9 2.05289 0.00527185 -0.0015091 
12 9 9 2.05315 0.00227954 -0.000304437 
13 9 9 2.05551 0.000326805 0.000517147 
14 9 9 2.05885 -0.000216814 0.000785238 
15 9 9 2.06151 0.00299355 -0.000345047 
0 10 10 1.52038 -0.00752862 0.00234486 
1 10 10 1.52025 -0.00438708 0.00149742 
2 10 10 1.52027 -0.000912316 0.000550494 
3 10 10 1.52043 0.00254584 -0.000378254 
4 10 10 1.52078 0.00569976 -0.00119574 
5 10 10 1.52151 0.00826107 -0.00182456 
6 10 10 1.52284 0.00992994 -0.00220026 
7 10 10 1.52495 0.0104463 -0.00227933 
8 10 10 1.52779 0.0096961 -0.00205514 
9 10 10 1.53107 0.0078255 -0.00158122 
10 10 10 1.53429 0.0052825 -0.000976737 
11 10 10 1.53696 0.00268966 -0.00039235 
12 10 10 1.53887 0.000592999 4.9422e-05 
13 10 10 1.5401 -0.000725549 0.000294044 
14 10 10 1.54116 -0.00111884 0.000313853 
15 10 10 1.54236 0.00620512 -0.00132006 
0 11 11 0.662222 -0.00244781 0.000304674 
1 11 11 0.659018 -0.00151685 9.27506e-05 
2 11 11 0.65751 -0.000445234 -0.00010848 
3 11 11 0.657827 0.000641492 -0.000277967 
4 11 11 0.659925 0.00162977 -0.000405402 
5 11 11 0.663574 0.00241189 -0.000482862 
6 11 11 0.668344 0.00289012 -0.00050686 
7 11 11 0.673655 0.00299792 -0.000480026 
8 11 11 0.678834 0.00273161 -0.000410917 
9 11 11 0.683247 0.0021633 -0.000315316 
10 11 11 0.686453 0.00143144 -0.000215255 
11 11 11 0.688307 0.000701389 -0.000132848 
12 11 11 0.688948 0.000101476 -7.51031e-05 
13 11 11 0.688688 -0.000336526 -3.68241e-05 
14 11 11 0.687903 -0.00106871 6.57978e-05 
15 11 11 0.688944 0.00937529 -0.00181206 
0 12 12 0.0799201 -0.000189833 -3.0377e-06 
1 12 12 0.0787339 -0.0001451 -1.1369e-05 
2 12 12 0.0779489 -8.55957e-05 -1.77219e-05 
3 12 12 0.0776383 -1.92269e-05 -2.20779e-05 
4 12 12 0.0778195 4.62477e-05 -2.5691e-05 
5 12 12 0.0784559 0.00010463 -2.79988e-05 
6 12 12 0.0794533 0.000148498 -3.01347e-05 
7 12 12 0.0806767 0.00017164 -3.21035e-05 
8 12 12 0.0819575 0.00017099 -3.36674e-05 
9 12 12 0.0831237 0.000148005 -3.38433e-05 
10 12 12 0.0840352 0.000108552 -3.29544e-05 
11 12 12 0.0846243 6.32862e-05 -3.18243e-05 
12 12 12 0.0848883 2.06149e-05 -2.80434e-05 
13 12 12 0.0848701 -1.77423e-05 -2.13472e-05 
14 12 12 0.0844428 -0.000156405 2.05491e-05 
15 12 12 0.0802546 0.00402372 -0.000864924 
0 13 13 0 0 0 
1 13 13 0 0 0 
2 13 13 0 0 0 
3 13 13 0 0 0 
4 13 13 0 0 0 
5 13 13 0 0 0 
6 13 13 0 0 0 
7 13 13 0 0 0 
8 13 13 0 0 0 
9 13 13 0 0 0 
10 13 13 0 0 0 
11 13 13 0 0 0 
12 13 13 0 0 0 
13 13 13 0 0 0 
14 13 13 0 0 0 
15 13 13 0 0 0 
0 14 14 0 0 0 
1 14 14 0 0 0 
2 14 14 0 0 0 
3 14 14 0 0 0 
4 14 14 0 0 0 
5 14 14 0 0 0 
6 14 14 0 0 0 
7 14 14 0 0 0 
8 14 14 0 0 0 
9 14 14 0 0 0 
10 14 14 0 0 0 
11 14 14 0 0 0 
12 14 14 0 0 0 
13 14 14 0 0 0 
14 14 14 0 0 0 
15 14 14 0 0 0 
0 15 15 0 0 0 
1 15 15 0 0 0 
2 15 15 0 0 0 
3 15 15 0 0 0 
4 15 15 0 0 0 
5 15 15 0 0 0 
6 15 15 0 0 0 
7 15 15 0 0 0 
8 15 15 0 0 0 
9 15 15 0 0 0 
10 15 15 0 0 0 
11 15 15 0 0 0 
12 15 15 0 0 0 
13 15 15 0 0 0 
14 15 15 0 0 0 
15 15 15 0 0 0 
0 0 0 0 0 0 
1 0 0 0 0 0 
2 0 0 0 0 0 
3 0 0 0 0 0 
4 0 0 0 0 0 
5 0 0 0 0 0 
6 0 0 0 0 0 
7 0 0 0 0 0 
8 0 0 0 0 0 
9 0 0 0 0 0 
10 0 0 0 0 0 
11 0 0 0 0 0 
12 0 0 0 0 0 
13 0 0 0 0 0 
14 0 0 0 0 0 
15 0 0 0 0 0 
0 1 1 0 0 0 
1 1 1 0 0 0 
2 1 1 0 0 0 
3 1 1 0 0 0 
4 1 1 0 0 0 
5 1 1 0 0 0 
6 1 1 0 0 0 
7 1 1 0 0 0 
8 1 1 0 0 0 
9 1 1 0 0 0 
10 1 1 0 0 0 
11 1 1 0 0 0 
12 1 1 0 0 0 
13 1 1 0 0 0 
14 1 1 0 0 0 
15 1 1 0 0 0 
0 2 2 0 0 0 
1 2 2 0 0 0 
2 2 2 0 0 0 
3 2 2 0 0 0 
4 2 2 0 0 0 
5 2 2 0 0 0 
6 2 2 0 0 0 
7 2 2 0 0 0 
8 2 2 0 0 0 
9 2 2 0 0 0 
10 2 2 0 0 0 
11 2 2 0 0 0 
12 2 2 0 0 0 
13 2 2 0 0 0 
14 2 2 0 0 0 
15 2 2 0 0 0 
0 3 3 0.00971991 5.83214e-05 2.27716e-06 
1 3 3 0.00925357 5.73275e-05 5.904e-06 
2 3 3 0.00886862 4.98336e-05 8.09507e-06 
3 3 3 0.00860313 3.72607e-05 8.22877e-06 
4 3 3 0.00847589 2.07313e-05 6.76183e-06 
5 3 3 0.00849453 2.66795e-06 4.23698e-06 
6 3 3 0.00864888 -1.47056e-05 1.78562e-06 
7 3 3 0.00891441 -2.90838e-05 -5.69105e-07 
8 3 3 0.00924604 -3.85505e-05 -3.2826e-06 
9 3 3 0.00958827 -4.07909e-05 -7.45722e-06 
10 3 3 0.00988409 -3.60208e-05 -1.1713e-05 
11 3 3 0.0100938 -2.60083e-05 -1.33839e-05 
12 3 3 0.0102048 -1.35035e-05 -1.13626e-05 
13 3 3 0.0102202 -1.45711e-07 -6.93071e-06 
14 3 3 0.0100594 6.56486e-05 6.93886e-06 
15 3 3 0.00778005 -0.0020953 0.000101303 
0 4 4 0.480115 0.00246278 -0.000494084 
1 4 4 0.475489 0.00189485 -0.0004311 
2 4 4 0.472605 0.00117195 -0.000320018 
3 4 4 0.471611 0.000379481 -0.000182458 
4 4 4 0.472431 -0.000391702 -3.9841e-05 
5 4 4 0.474801 -0.00104823 8.72042e-05 
6 4 4 0.478279 -0.00150567 0.000186818 
7 4 4 0.4823 -0.00170504 0.000244937 
8 4 4 0.486227 -0.00162713 0.000251343 
9 4 4 0.489481 -0.00130913 0.000192816 
10 4 4 0.491653 -0.000840117 8.11922e-05 
11 4 4 0.492605 -0.000336002 -4.59958e-05 
12 4 4 0.492482 0.000102075 -0.000147977 
13 4 4 0.491595 0.000444725 -0.000208928 
14 4 4 0.490221 0.00113328 -0.000305565 
15 4 4 0.489706 -0.00887057 0.00067498 
0 5 5 1.41362 0.0114536 -0.00173314 
1 5 5 1.40684 0.00880456 -0.00141034 
2 5 5 1.40157 0.00552691 -0.000958449 
3 5 5 1.39809 0.00197403 -0.000414962 
4 5 5 1.39651 -0.00149078 0.00016575 
5 5 5 1.39679 -0.00448498 0.000708532 
6 5 5 1.39869 -0.00663145 0.00113291 
7 5 5 1.40184 -0.00762068 0.00136968 
8 5 5 1.40562 -0.00730588 0.00137832 
9 5 5 1.40927 -0.00580428 0.00115653 
10 5 5 1.412 -0.00353194 0.000755866 
11 5 5 1.4133 -0.00108779 0.00028046 
12 5 5 1.41311 0.000979248 -0.000154667 
13 5 5 1.41181 0.00236266 -0.000473534 
14 5 5 1.41032 0.00297155 -0.000652658 
15 5 5 1.41003 -0.00539544 0.000849047 
0 6 6 2.0346 0.0177815 -0.00380925 
1 6 6 2.03872 0.0149479 -0.00289949 
2 6 6 2.03971 0.0110495 -0.0018251 
3 6 6 2.03764 0.00649322 -0.00066645 
4 6 6 2.03282 0.00168903 0.000515327 
5 6 6 2.0258 -0.00290244 0.00163769 
6 6 6 2.01734 -0.00677103 0.0025833 
7 6 6 2.00847 -0.00937991 0.00320936 
8 6 6 2.00034 -0.0102592 0.00338042 
9 6 6 1.99397 -0.00918354 0.00302383 
10 6 6 1.98989 -0.00640573 0.00220282 
11 6 6 1.98799 -0.00272069 0.00114258 
12 6 6 1.98767 0.000828134 0.000138491 
13 6 6 1.98819 0.00339714 -0.000580832 
14 6 6 1.98887 0.00441832 -0.000867028 
15 6 6 1.98848 0.000867983 0.000227857 
0 7 7 2.34781 0.0117459 -0.00610059 
1 7 7 2.36763 0.0111549 -0.00488983 
2 7 7 2.38174 0.00979266 -0.00333537 
3 7 7 2.38927 0.00777064 -0.00161649 
4 7 7 2.38998 0.00526229 0.000154711 
5 7 7 2.38409 0.00251625 0.00187235 
6 7 7 2.37231 -0.000160197 0.00340235 
7 7 7 2.35594 -0.00241237 0.00456567 
8 7 7 2.33696 -0.00386591 0.0051475 
9 7 7 2.31798 -0.00419652 0.00495486 
10 7 7 2.30181 -0.00329231 0.00395116 
11 7 7 2.29069 -0.00142269 0.00238499 
12 7 7 2.2854 0.000797062 0.000737299 
13 7 7 2.28508 0.00269858 -0.000528168 
14 7 7 2.2877 0.00381054 -0.00113256 
15 7 7 2.29086 0.00317757 -0.000360556 
0 8 8 2.35969 -0.00112672 -0.00681732 
1 8 8 2.38187 0.000781501 -0.00567478 
2 8 8 2.39856 0.00270798 -0.00406053 
3 8 8 2.40868 0.00435811 -0.00217836 
4 8 8 2.41171 0.00562606 -0.000180368 
5 8 8 2.40762 0.00650343 0.00178627 
6 8 8 2.39696 0.00700845 0.00355115 
7 8 8 2.38093 0.0071346 0.00490525 
8 8 8 2.36154 0.00684175 0.00560689 
9 8 8 2.34157 0.00609402 0.00544294 
10 8 8 2.32416 0.00495054 0.00436883 
11 8 8 2.31199 0.00364758 0.00265186 
12 8 8 2.30618 0.00253635 0.000819391 
13 8 8 2.30602 0.001896 -0.000606076 
14 8 8 2.3094 0.00182347 -0.0013054 
15 8 8 2.31377 0.00277176 -0.000574795 
0 9 9 2.08019 -0.00900892 -0.00556614 
1 9 9 2.09132 -0.00537295 -0.0044592 
2 9 9 2.09896 -0.00135235 -0.0029475 
3 9 9 2.10256 0.00261607 -0.00122259 
4 9 9 2.10195 0.00627591 0.000544599 
5 9 9 2.09737 0.00941527 0.00218545 
6 9 9 2.08959 0.0117878 0.00352187 
7 9 9 2.07987 0.0130884 0.00436811 
8 9 9 2.06983 0.0130172 0.00455986 
9 9 9 2.06121 0.0114456 0.00402407 
10 9 9 2.0553 0.00863566 0.00286916 
11 9 9 2.05263 0.0053033 0.00141188 
12 9 9 2.0529 0.00234046 5.73098e-05 
13 9 9 2.05525 0.000401515 -0.000875662 
14 9 9 2.05857 -0.000144099 -0.00119974 
15 9 9 2.0612 0.00305232 -6.84061e-05 
0 10 10 1.52035 -0.00745217 -0.00271341 
1 10 10 1.52021 -0.00432704 -0.00183511 
2 10 10 1.52022 -0.000879557 -0.000796419 
3 10 10 1.52034 0.00254676 0.000260914 
4 10 10 1.52067 0.00567088 0.00121556 
5 10 10 1.52138 0.00821097 0.00196226 
6 10 10 1.5227 0.00987094 0.00241119 
7 10 10 1.52479 0.0103924 0.00250026 
8 10 10 1.52764 0.00965953 0.00222154 
9 10 10 1.53092 0.0078143 0.0016442 
10 10 10 1.53414 0.00529911 0.000914106 
11 10 10 1.53681 0.00272942 0.0002112 
12 10 10 1.53871 0.000645689 -0.000316912 
13 10 10 1.53994 -0.000671985 -0.000598067 
14 10 10 1.54098 -0.00107484 -0.000606022 
15 10 10 1.54217 0.00623344 0.00107955 
0 11 11 0.662176 -0.0024298 -0.000420236 
1 11 11 0.658971 -0.00151146 -0.000140949 
2 11 11 0.657456 -0.000453233 0.000140321 
3 11 11 0.657763 0.000621542 0.000381856 
4 11 11 0.659852 0.00160198 0.000554754 
5 11 11 0.663489 0.00238355 0.000645442 
6 11 11 0.668253 0.00286574 0.000647877 
7 11 11 0.673559 0.0029823 0.000569922 
8 11 11 0.678733 0.00272699 0.000432765 
9 11 11 0.683143 0.00217009 0.000268574 
10 11 11 0.686348 0.00144827 0.000111345 
11 11 11 0.688204 0.000723386 -1.15803e-05 
12 11 11 0.688847 0.000125243 -8.25884e-05 
13 11 11 0.688591 -0.000315967 -0.000106088 
14 11 11 0.687806 -0.00105527 -0.000174388 
15 11 11 0.688843 0.00938098 0.00174962 
0 12 12 0.0799026 -0.000188741 -7.14404e-06 
1 12 12 0.078716 -0.000145855 1.67001e-05 
2 12 12 0.0779291 -8.76692e-05 3.88734e-05 
3 12 12 0.0776181 -2.24951e-05 5.40405e-05 
4 12 12 0.0777981 4.23184e-05 6.07911e-05 
5 12 12 0.0784314 0.000101335 6.05935e-05 
6 12 12 0.0794272 0.000145932 5.36695e-05 
7 12 12 0.0806488 0.000170388 4.24122e-05 
8 12 12 0.0819281 0.000171189 2.90088e-05 
9 12 12 0.0830938 0.000149644 1.62635e-05 
10 12 12 0.0840079 0.000111454 5.42175e-06 
11 12 12 0.0845973 6.63755e-05 -2.05491e-06 
12 12 12 0.0848627 2.37899e-05 -4.82183e-06 
13 12 12 0.0848459 -1.52104e-05 -4.83959e-06 
14 12 12 0.0844178 -0.000155019 -3.75122e-05 
15 12 12 0.0802286 0.00402367 0.000859004 
0 13 13 0 0 0 
1 13 13 0 0 0 
2 13 13 0 0 0 
3 13 13 0 0 0 
4 13 13 0 0 0 
5 13 13 0 0 0 
6 13 13 0 0 0 
7 13 13 0 0 0 
8 13 13 0 0 0 
9 13 13 0 0 0 
10 13 13 0 0 0 
11 13 13 0 0 0 
12 13 13 0 0 0 
13 13 13 0 0 0 
14 13 13 0 0 0 
15 13 13 0 0 0 
0 14 14 0 0 0 
1 14 14 0 0 0 
2 14 14 0 0 0 
3 14 14 0 0 0 
4 14 14 0 0 0 
5 14 14 0 0 0 
6 14 14 0 0 0 
7 14 14 0 0 0 
8 14 14 0 0 0 
9 14 14 0 0 0 
10 14 14 0 0 0 
11 14 14 0 0 0 
12 14 14 0 0 0 
13 14 14 0 0 0 
14 14 14 0 0 0 
15 14 14 0 0 0 
0 15 15 0 0 0 
1 15 15 0 0 0 
2 15 15 0 0 0 
3 15 15 0 0 0 
4 15 15 0 0 0 
5 15 15 0 0 0 
6 15 15 0 0 0 
7 15 15 0 0 0 
8 15 15 0 0 0 
9 15 15 0 0 0 
10 15 15 0 0 0 
11 15 15 0 0 0 
12 15 15 0 0 0 
13 15 15 0 0 0 
14 15 15 0 0 0 
15 15 15 0 0 0 
0 0 0 0 0 0 
1 0 0 0 0 0 
2 0 0 0 0 0 
3 0 0 0 0 0 
4 0 0 0 0 0 
5 0 0 0 0 0 
6 0 0 0 0 0 
7 0 0 0 0 0 
8 0 0 0 0 0 
9 0 0 0 0 0 
10 0 0 0 0 0 
11 0 0 0 0 0 
12 0 0 0 0 0 
13 0 0 0 0 0 
14 0 0 0 0 0 
15 0 0 0 0 0 
0 1 1 0 0 0 
1 1 1 0 0 0 
2 1 1 0 0 0 
3 1 1 0 0 0 
4 1 1 0 0 0 
5 1 1 0 0 0 
6 1 1 0 0 0 
7 1 1 0 0 0 
8 1 1 0 0 0 
9 1 1 0 0 0 
10 1 1 0 0 0 
11 1 1 0 0 0 
12 1 1 0 0 0 
13 1 1 0 0 0 
14 1 1 0 0 0 
15 1 1 0 0 0 
0 2 2 0 0 0 
1 2 2 0 0 0 
2 2 2 0 0 0 
3 2 2 0 0 0 
4 2 2 0 0 0 
5 2 2 0 0 0 
6 2 2 0 0 0 
7 2 2 0 0 0 
8 2 2 0 0 0 
9 2 2 0 0 0 
10 2 2 0 0 0 
11 2 2 0 0 0 
12 2 2 0 0 0 
13 2 2 0 0 0 
14 2 2 0 0 0 
15 2 2 0 0 0 
0 3 3 0 0 0 
1 3 3 0 0 0 
2 3 3 0 0 0 
3 3 3 0 0 0 
4 3 3 0 0 0 
5 3 3 0 0 0 
6 3 3 0 0 0 
7 3 3 0 0 0 
8 3 3 0 0 0 
9 3 3 0 0 0 
10 3 3 0 0 0 
11 3 3 0 0 0 
12 3 3 0 0 0 
13 3 3 0 0 0 
14 3 3 0 0 0 
15 3 3 0 0 0 
0 4 4 0.291208 0.00109443 -0.000735763 
1 4 4 0.287857 0.000795741 -0.000727104 
2 4 4 0.2857 0.000436874 -0.000635861 
3 4 4 0.284872 5.76278e-05 -0.000479357 
4 4 4 0.285354 -0.000297151 -0.000277372 
5 4 4 0.28697 -0.000589064 -6.61743e-05 
6 4 4 0.289423 -0.000784928 0.000120347 
7 4 4 0.292315 -0.000861417 0.000249956 
8 4 4 0.295192 -0.000813733 0.000305068 
9 4 4 0.297636 -0.000660362 0.000275539 
10 4 4 0.299346 -0.000442228 0.000177481 
11 4 4 0.300204 -0.00021039 4.40028e-05 
12 4 4 0.300285 -8.91267e-06 -8.96193e-05 
13 4 4 0.299766 0.000153316 -0.000207277 
14 4 4 0.29866 0.000588961 -0.000453404 
15 4 4 0.296112 -0.00680339 0.00271737 
0 5 5 1.10939 0.00702897 -0.00324534 
1 5 5 1.10258 0.00508304 -0.00278372 
2 5 5 1.09803 0.00279386 -0.00205436 
3 5 5 1.09597 0.000428895 -0.00111543 
4 5 5 1.09635 -0.00175918 -6.30198e-05 
5 5 5 1.0989 -0.0035283 0.000962425 
6 5 5 1.10311 -0.00466596 0.00179965 
7 5 5 1.10827 -0.00502585 0.00230424 
8 5 5 1.11351 -0.0045839 0.00238977 
9 5 5 1.11797 -0.00347934 0.00205841 
10 5 5 1.12097 -0.00200965 0.00141207 
11 5 5 1.12221 -0.000535562 0.00062692 
12 5 5 1.12186 0.000647779 -0.000119575 
13 5 5 1.12042 0.00141881 -0.000721963 
14 5 5 1.11878 0.00200057 -0.00127374 
15 5 5 1.12027 -0.006801 0.0036293 
0 6 6 1.73387 0.0135022 -0.00734441 
1 6 6 1.73098 0.010778 -0.00551127 
2 6 6 1.72755 0.00724081 -0.00334171 
3 6 6 1.72386 0.00332977 -0.000979147 
4 6 6 1.72016 -0.00053133 0.0014263 
5 6 6 1.71679 -0.00392397 0.00366366 
6 6 6 1.71409 -0.00644853 0.00545859 
7 6 6 1.71239 -0.00775976 0.00651846 
8 6 6 1.71186 -0.00765091 0.00661676 
9 6 6 1.71235 -0.00617471 0.00571081 
10 6 6 1.71338 -0.00373277 0.00402556 
11 6 6 1.71434 -0.00099619 0.0020183 
12 6 6 1.71477 0.00135495 0.000185171 
13 6 6 1.7146 0.00287857 -0.00113252 
14 6 6 1.71412 0.00329726 -0.00167015 
15 6 6 1.713 -0.00127006 0.00233662 
0 7 7 2.05082 0.0113633 -0.0123886 
1 7 7 2.05722 0.010353 -0.00938924 
2 7 7 2.0603 0.0084369 -0.00577717 
3 7 7 2.05995 0.00590418 -0.00189397 
4 7 7 2.05635 0.00309602 0.00199774 
5 7 7 2.04996 0.000369817 0.00560993 
6 7 7 2.04158 -0.00193184 0.0085863 
7 7 7 2.03234 -0.00349896 0.0105093 
8 7 7 2.02356 -0.00409022 0.0109832 
9 7 7 2.01646 -0.0036081 0.00980989 
10 7 7 2.01182 -0.00220305 0.00720822 
11 7 7 2.00972 -0.000299683 0.00388267 
12 7 7 2.00962 0.00154843 0.000751103 
13 7 7 2.01074 0.00288532 -0.00146882 
14 7 7 2.01223 0.00342333 -0.00230846 
15 7 7 2.01277 0.00204735 0.000977594 
0 8 8 2.06698 0.00262332 -0.0142562 
1 8 8 2.0758 0.00379751 -0.0110298 
2 8 8 2.08115 0.00452117 -0.00694008 
3 8 8 2.08271 0.00480334 -0.00244782 
4 8 8 2.08049 0.00476855 0.00206875 
5 8 8 2.07488 0.0045602 0.00623038 
6 8 8 2.06668 0.00427949 0.00961456 
7 8 8 2.05711 0.00396577 0.0117583 
8 8 8 2.04765 0.00361301 0.0122389 
9 8 8 2.03978 0.00320724 0.010859 
10 8 8 2.03453 0.00276896 0.00788647 
11 8 8 2.03218 0.00237012 0.00412709 
12 8 8 2.0323 0.00208863 0.000620116 
13 8 8 2.03404 0.0019577 -0.00182256 
14 8 8 2.03643 0.00199533 -0.00270005 
15 8 8 2.03796 0.00288933 0.000612983 
0 9 9 1.79023 -0.00382784 -0.0109553 
1 9 9 1.79308 -0.00158306 -0.00800568 
2 9 9 1.79452 0.000691829 -0.00438789 
3 9 9 1.79444 0.00285002 -0.000547283 
4 9 9 1.79292 0.00481471 0.00312886 
5 9 9 1.79033 0.00648668 0.00627549 
6 9 9 1.78725 0.00770584 0.00853485 
7 9 9 1.78443 0.00827017 0.00958439 
8 9 9 1.78253 0.00801159 0.00922649 
9 9 9 1.78192 0.00691131 0.00752322 
10 9 9 1.78254 0.00519172 0.00489285 
11 9 9 1.78397 0.00328167 0.00203174 
12 9 9 1.78572 0.00162838 -0.000364338 
13 9 9 1.78748 0.000517764 -0.00185678 
14 9 9 1.78918 0.000182379 -0.00217506 
15 9 9 1.78998 0.00383921 0.00203003 
0 10 10 1.22914 -0.00422527 -0.00445983 
1 10 10 1.22664 -0.00256745 -0.00262749 
2 10 10 1.22541 -0.00068142 -0.000618487 
3 10 10 1.22557 0.00126294 0.00130431 
4 10 10 1.22714 0.00310196 0.0029316 
5 10 10 1.23006 0.00464989 0.00409697 
6 10 10 1.23416 0.0057016 0.00467466 
7 10 10 1.23909 0.00608231 0.00460366 
8 10 10 1.24429 0.00571676 0.00392733 
9 10 10 1.2491 0.00469112 0.00281508 
10 10 10 1.25291 0.00325959 0.00153772 
11 10 10 1.25539 0.0017635 0.000384396 
12 10 10 1.25658 0.000498227 -0.00043583 
13 10 10 1.25682 -0.00039532 -0.00085763 
14 10 10 1.2569 -0.000997335 -0.000976156 
15 10 10 1.25918 0.00693677 0.00429183 
0 11 11 0.387414 -0.0012912 -0.000398794 
1 11 11 0.384753 -0.000956791 -3.04032e-05 
2 11 11 0.383333 -0.000521497 0.000317341 
3 11 11 0.383282 -3.6801e-05 0.00059877 
4 11 11 0.38458 0.000444376 0.000785 
5 11 11 0.387053 0.000867078 0.000868401 
6 11 11 0.390383 0.00117108 0.000848832 
7 11 11 0.394135 0.00131092 0.000741765 
8 11 11 0.397815 0.00126765 0.000574182 
9 11 11 0.400964 0.00106098 0.000382528 
10 11 11 0.403264 0.000746831 0.000203181 
11 11 11 0.4046 0.000401252 6.58825e-05 
12 11 11 0.405058 9.1724e-05 -1.29578e-05 
13 11 11 0.404842 -0.000164948 -4.21105e-05 
14 11 11 0.404051 -0.000738019 -0.00018504 
15 11 11 0.403114 0.00745302 0.00383669 
0 12 12 0.0230258 -7.32788e-05 1.72697e-05 
1 12 12 0.0225159 -6.47982e-05 2.56522e-05 
2 12 12 0.0221468 -4.89787e-05 3.08336e-05 
3 12 12 0.021958 -2.88839e-05 3.21034e-05 
4 12 12 0.0219582 -6.46557e-06 2.91148e-05 
5 12 12 0.0221416 1.64194e-05 2.35054e-05 
6 12 12 0.0224805 3.6013e-05 1.61097e-05 
7 12 12 0.0229272 4.96354e-05 8.73942e-06 
8 12 12 0.0234186 5.50278e-05 2.6433e-06 
9 12 12 0.0238854 5.17556e-05 -1.07859e-06 
10 12 12 0.0242671 4.10663e-05 -2.47645e-06 
11 12 12 0.0245272 2.61914e-05 -1.74708e-06 
12 12 12 0.0246582 1.06092e-05 7.11938e-07 
13 12 12 0.0246696 -5.00994e-06 4.12444e-06 
14 12 12 0.0244754 -6.62114e-05 6.63596e-06 
15 12 12 0.0220541 0.00183705 0.000858237 
0 13 13 0 0 0 
1 13 13 0 0 0 
2 13 13 0 0 0 
3 13 13 0 0 0 
4 13 13 0 0 0 
5 13 13 0 0 0 
6 13 13 0 0 0 
7 13 13 0 0 0 
8 13 13 0 0 0 
9 13 13 0 0 0 
10 13 13 0 0 0 
11 13 13 0 0 0 
12 13 13 0 0 0 
13 13 13 0 0 0 
14 13 13 0 0 0 
15 13 13 0 0 0 
0 14 14 0 0 0 
1 14 14 0 0 0 
2 14 14 0 0 0 
3 14 14 0 0 0 
4 14 14 0 0 0 
5 14 14 0 0 0 
6 14 14 0 0 0 
7 14 14 0 0 0 
8 14 14 0 0 0 
9 14 14 0 0 0 
10 14 14 0 0 0 
11 14 14 0 0 0 
12 14 14 0 0 0 
13 14 14 0 0 0 
14 14 14 0 0 0 
15 14 14 0 0 0 
0 15 15 0 0 0 
1 15 15 0 0 0 
2 15 15 0 0 0 
3 15 15 0 0 0 
4 15 15 0 0 0 
5 15 15 0 0 0 
6 15 15 0 0 0 
7 15 15 0 0 0 
8 15 15 0 0 0 
9 15 15 0 0 0 
10 15 15 0 0 0 
11 15 15 0 0 0 
12 15 15 0 0 0 
13 15 15 0 0 0 
14 15 15 0 0 0 
15 15 15 0 0 0 
0 0 0 0 0 0 
1 0 0 0 0 0 
2 0 0 0 0 0 
3 0 0 0 0 0 
4 0 0 0 0 0 
5 0 0 0 0 0 
6 0 0 0 0 0 
7 0 0 0 0 0 
8 0 0 0 0 0 
9 0 0 0 0 0 
10 0 0 0 0 0 
11 0 0 0 0 0 
12 0 0 0 0 0 
13 0 0 0 0 0 
14 0 0 0 0 0 
15 0 0 0 0 0 
0 1 1 0 0 0 
1 1 1 0 0 0 
2 1 1 0 0 0 
3 1 1 0 0 0 
4 1 1 0 0 0 
5 1 1 0 0 0 
6 1 1 0 0 0 
7 1 1 0 0 0 
8 1 1 0 0 0 
9 1 1 0 0 0 
10 1 1 0 0 0 
11 1 1 0 0 0 
12 1 1 0 0 0 
13 1 1 0 0 0 
14 1 1 0 0 0 
15 1 1 0 0 0 
0 2 2 0 0 0 
1 2 2 0 0 0 
2 2 2 0 0 0 
3 2 2 0 0 0 
4 2 2 0 0 0 
5 2 2 0 0 0 
6 2 2 0 0 0 
7 2 2 0 0 0 
8 2 2 0 0 0 
9 2 2 0 0 0 
10 2 2 0 0 0 
11 2 2 0 0 0 
12 2 2 0 0 0 
13 2 2 0 0 0 
14 2 2 0 0 0 
15 2 2 0 0 0 
0 3 3 0 0 0 
1 3 3 0 0 0 
2 3 3 0 0 0 
3 3 3 0 0 0 
4 3 3 0 0 0 
5 3 3 0 0 0 
6 3 3 0 0 0 
7 3 3 0 0 0 
8 3 3 0 0 0 
9 3 3 0 0 0 
10 3 3 0 0 0 
11 3 3 0 0 0 
12 3 3 0 0 0 
13 3 3 0 0 0 
14 3 3 0 0 0 
15 3 3 0 0 0 
0 4 4 0.0995095 0.00016605 -0.000379064 
1 4 4 0.0978128 8.43322e-05 -0.000395626 
2 4 4 0.096614 -1.55867e-06 -0.000368544 
3 4 4 0.0960083 -8.07895e-05 -0.000304032 
4 4 4 0.0960192 -0.000146972 -0.000209953 
5 4 4 0.0965998 -0.000194639 -0.000104329 
6 4 4 0.0976366 -0.000221681 -5.46337e-06 
7 4 4 0.0989599 -0.000226201 6.95245e-05 
8 4 4 0.100364 -0.000209521 0.000110854 
9 4 4 0.101636 -0.000174328 0.00011243 
10 4 4 0.102609 -0.000128469 7.95797e-05 
11 4 4 0.10319 -8.10619e-05 2.57635e-05 
12 4 4 0.103384 -4.04079e-05 -3.39874e-05 
13 4 4 0.103241 -6.06763e-06 -9.20921e-05 
14 4 4 0.102632 0.00014491 -0.000235057 
15 4 4 0.0983053 -0.00398035 0.00267303 
0 5 5 0.507748 0.00156955 -0.00198924 
1 5 5 0.503138 0.000845486 -0.00185695 
2 5 5 0.500285 9.63763e-05 -0.0015247 
3 5 5 0.499349 -0.000585857 -0.00103126 
4 5 5 0.500275 -0.00113498 -0.000438542 
5 5 5 0.502802 -0.00150344 0.000162804 
6 5 5 0.506484 -0.0016636 0.000674319 
7 5 5 0.510726 -0.00161063 0.00100936 
8 5 5 0.514872 -0.00137097 0.00111755 
9 5 5 0.518317 -0.00100197 0.000996438 
10 5 5 0.520654 -0.000589385 0.000694632 
11 5 5 0.521747 -0.000217681 0.000302665 
12 5 5 0.521732 5.39586e-05 -8.7866e-05 
13 5 5 0.520895 0.00022765 -0.000430267 
14 5 5 0.519471 0.000643981 -0.00101866 
15 5 5 0.519057 -0.00653109 0.00581044 
0 6 6 1.12622 0.00518828 -0.00539848 
1 6 6 1.12011 0.00326668 -0.00429577 
2 6 6 1.11608 0.00118557 -0.00281593 
3 6 6 1.11433 -0.000774627 -0.00108796 
4 6 6 1.11484 -0.00239864 0.000718547 
5 6 6 1.11738 -0.00352567 0.00238219 
6 6 6 1.12152 -0.00405306 0.00366058 
7 6 6 1.1266 -0.00394982 0.00434152 
8 6 6 1.13182 -0.00328246 0.00430851 
9 6 6 1.13632 -0.00222324 0.00360418 
10 6 6 1.13943 -0.00103457 0.00243113 
11 6 6 1.14088 1.40872e-05 0.00109638 
12 6 6 1.14079 0.000735216 -0.000112064 
13 6 6 1.13962 0.00108505 -0.00103718 
14 6 6 1.13824 0.0012421 -0.00182923 
15 6 6 1.13987 -0.004388 0.00646436 
0 7 7 1.45838 0.00624861 -0.0091092 
1 7 7 1.454 0.00446829 -0.0066097 
2 7 7 1.45057 0.00238261 -0.00361835 
3 7 7 1.44827 0.000334965 -0.000418095 
4 7 7 1.44724 -0.00140162 0.00270532 
5 7 7 1.44753 -0.00262886 0.00542674 
6 7 7 1.44912 -0.00323291 0.00739677 
7 7 7 1.45183 -0.00318375 0.00830515 
8 7 7 1.45525 -0.00255048 0.00798299 
9 7 7 1.45877 -0.00151105 0.00652007 
10 7 7 1.46168 -0.000335967 0.00429966 
11 7 7 1.46348 0.000686566 0.00189279 
12 7 7 1.46404 0.00134916 -0.000170486 
13 7 7 1.46363 0.00158369 -0.00158833 
14 7 7 1.46299 0.00142909 -0.00222791 
15 7 7 1.46311 -0.000934729 0.00545588 
0 8 8 1.48417 0.00285372 -0.0101656 
1 8 8 1.48114 0.00216151 -0.00703057 
2 8 8 1.47875 0.00132497 -0.00337297 
3 8 8 1.47714 0.000562901 0.000406549 
4 8 8 1.47644 3.75394e-05 0.00394534 
5 8 8 1.47677 -0.000171286 0.00688272 
6 8 8 1.47821 -7.09611e-05 0.00886333 
7 8 8 1.48069 0.000262299 0.00959449 
8 8 8 1.48393 0.000708115 0.00895216 
9 8 8 1.48739 0.00113234 0.00709621 
10 8 8 1.49042 0.00141968 0.00449921 
11 8 8 1.49252 0.00150529 0.00181359 
12 8 8 1.49351 0.00138474 -0.000383221 
13 8 8 1.4936 0.00110303 -0.00178591 
14 8 8 1.49347 0.000748894 -0.00226517 
15 8 8 1.49382 0.0016497 0.00547024 
0 9 9 1.20719 -0.00117631 -0.00665754 
1 9 9 1.20368 -0.00104171 -0.00413532 
2 9 9 1.20165 -0.000740323 -0.00132921 
3 9 9 1.20121 -0.00023732 0.0014201 
4 9 9 1.20242 0.000452095 0.00382721 
5 9 9 1.20519 0.00124629 0.00564459 
6 9 9 1.20927 0.00200598 0.00666484 
7 9 9 1.21422 0.00256999 0.00676058 
8 9 9 1.21943 0.0028055 0.00594939 
9 9 9 1.22416 0.00265763 0.0044396 
10 9 9 1.22779 0.00217572 0.00260418 
11 9 9 1.22999 0.00149384 0.000867398 
12 9 9 1.23082 0.00077109 -0.00044582 
13 9 9 1.23065 0.000123073 -0.00121853 
14 9 9 1.23032 -0.000442609 -0.00161334 
15 9 9 1.23237 0.00405499 0.00690943 
0 10 10 0.638804 -0.00182741 -0.00180137 
1 10 10 0.635233 -0.00161877 -0.000771976 
2 10 10 0.63339 -0.00120926 0.000273921 
3 10 10 0.633423 -0.000636692 0.00120286 
4 10 10 0.635289 3.34993e-05 0.00192057 
5 10 10 0.638747 0.000710309 0.00236886 
6 10 10 0.643355 0.00128179 0.0025134 
7 10 10 0.648514 0.00164571 0.00235685 
8 10 10 0.653539 0.00173697 0.00194903 
9 10 10 0.657794 0.00155296 0.00138732 
10 10 10 0.66084 0.00115825 0.000793374 
11 10 10 0.662538 0.000661837 0.000283151 
12 10 10 0.663031 0.00017392 -6.81124e-05 
13 10 10 0.662637 -0.000251068 -0.000268244 
14 10 10 0.661729 -0.0009202 -0.000713787 
15 10 10 0.663285 0.0064859 0.00718886 
0 11 11 0.137172 -0.00044165 -7.36e-05 
1 11 11 0.135554 -0.000420365 8.35852e-05 
2 11 11 0.134531 -0.000350857 0.000222795 
3 11 11 0.134196 -0.00024145 0.000325665 
4 11 11 0.134564 -0.000106783 0.000383131 
5 11 11 0.135567 3.58925e-05 0.00039818 
6 11 11 0.137062 0.000161877 0.000374753 
7 11 11 0.13884 0.000250593 0.000322431 
8 11 11 0.140658 0.000287276 0.000252572 
9 11 11 0.142274 0.0002693 0.000178754 
10 11 11 0.143506 0.000206424 0.000111921 
11 11 11 0.144268 0.00011853 6.17336e-05 
12 11 11 0.144576 2.68724e-05 3.30434e-05 
13 11 11 0.144508 -5.96032e-05 1.80115e-05 
14 11 11 0.143975 -0.000284665 -0.000117713 
15 11 11 0.140364 0.0043231 0.00342184 
0 12 12 0 0 0 
1 12 12 0 0 0 
2 12 12 0 0 0 
3 12 12 0 0 0 
4 12 12 0 0 0 
5 12 12 0 0 0 
6 12 12 0 0 0 
7 12 12 0 0 0 
8 12 12 0 0 0 
9 12 12 0 0 0 
10 12 12 0 0 0 
11 12 12 0 0 0 
12 12 12 0 0 0 
13 12 12 0 0 0 
14 12 12 0 0 0 
15 12 12 0 0 0 
0 13 13 0 0 0 
1 13 13 0 0 0 
2 13 13 0 0 0 
3 13 13 0 0 0 
4 13 13 0 0 0 
5 13 13 0 0 0 
6 13 13 0 0 0 
7 13 13 0 0 0 
8 13 13 0 0 0 
9 13 13 0 0 0 
10 13 13 0 0 0 
11 13 13 0 0 0 
12 13 13 0 0 0 
13 13 13 0 0 0 
14 13 13 0 0 0 
15 13 13 0 0 0 
0 14 14 0 0 0 
1 14 14 0 0 0 
2 14 14 0 0 0 
3 14 14 0 0 0 
4 14 14 0 0 0 
5 14 14 0 0 0 
6 14 14 0 0 0 
7 14 14 0 0 0 
8 14 14 0 0 0 
9 14 14 0 0 0 
10 14 14 0 0 0 
11 14 14 0 0 0 
12 14 14 0 0 0 
13 14 14 0 0 0 
14 14 14 0 0 0 
15 14 14 0 0 0 
0 15 15 0 0 0 
1 15 15 0 0 0 
2 15 15 0 0 0 
3 15 15 0 0 0 
4 15 15 0 0 0 
5 15 15 0 0 0 
6 15 15 0 0 0 
7 15 15 0 0 0 
8 15 15 0 0 0 
9 15 15 0 0 0 
10 15 15 0 0 0 
11 15 15 0 0 0 
12 15 15 0 0 0 
13 15 15 0 0 0 
14 15 15 0 0 0 
15 15 15 0 0 0 
0 0 0 0 0 0 
1 0 0 0 0 0 
2 0 0 0 0 0 
3 0 0 0 0 0 
4 0 0 0 0 0 
5 0 0 0 0 0 
6 0 0 0 0 0 
7 0 0 0 0 0 
8 0 0 0 0 0 
9 0 0 0 0 0 
10 0 0 0 0 0 
11 0 0 0 0 0 
12 0 0 0 0 0 
13 0 0 0 0 0 
14 0 0 0 0 0 
15 0 0 0 0 0 
0 1 1 0 0 0 
1 1 1 0 0 0 
2 1 1 0 0 0 
3 1 1 0 0 0 
4 1 1 0 0 0 
5 1 1 0 0 0 
6 1 1 0 0 0 
7 1 1 0 0 0 
8 1 1 0 0 0 
9 1 1 0 0 0 
10 1 1 0 0 0 
11 1 1 0 0 0 
12 1 1 0 0 0 
13 1 1 0 0 0 
14 1 1 0 0 0 
15 1 1 0 0 0 
0 2 2 0 0 0 
1 2 2 0 0 0 
2 2 2 0 0 0 
3 2 2 0 0 0 
4 2 2 0 0 0 
5 2 2 0 0 0 
6 2 2 0 0 0 
7 2 2 0 0 0 
8 2 2 0 0 0 
9 2 2 0 0 0 
10 2 2 0 0 0 
11 2 2 0 0 0 
12 2 2 0 0 0 
13 2 2 0 0 0 
14 2 2 0 0 0 
15 2 2 0 0 0 
0 3 3 0 0 0 
1 3 3 0 0 0 
2 3 3 0 0 0 
3 3 3 0 0 0 
4 3 3 0 0 0 
5 3 3 0 0 0 
6 3 3 0 0 0 
7 3 3 0 0 0 
8 3 3 0 0 0 
9 3 3 0 0 0 
10 3 3 0 0 0 
11 3 3 0 0 0 
12 3 3 0 0 0 
13 3 3 0 0 0 
14 3 3 0 0 0 
15 3 3 0 0 0 
0 4 4 0 0 0 
1 4 4 0 0 0 
2 4 4 0 0 0 
3 4 4 0 0 0 
4 4 4 0 0 0 
5 4 4 0 0 0 
6 4 4 0 0 0 
7 4 4 0 0 0 
8 4 4 0 0 0 
9 4 4 0 0 0 
10 4 4 0 0 0 
11 4 4 0 0 0 
12 4 4 0 0 0 
13 4 4 0 0 0 
14 4 4 0 0 0 
15 4 4 0 0 0 
0 5 5 0.104625 -1.87703e-05 -0.000431325 
1 5 5 0.102907 -0.000142695 -0.000439835 
2 5 5 0.101701 -0.000244957 -0.000400519 
3 5 5 0.101102 -0.00031147 -0.000319274 
4 5 5 0.101136 -0.000340467 -0.000206691 
5 5 5 0.101755 -0.000335432 -8.29377e-05 
6 5 5 0.102844 -0.000304119 3.20857e-05 
7 5 5 0.104223 -0.000256147 0.000118639 
8 5 5 0.105684 -0.000201057 0.000164133 
9 5 5 0.107005 -0.000146294 0.000164272 
10 5 5 0.108016 -0.000100599 0.000123816 
11 5 5 0.108624 -6.87561e-05 5.86349e-05 
12 5 5 0.108833 -5.23157e-05 -1.35209e-05 
13 5 5 0.108696 -4.34204e-05 -8.26467e-05 
14 5 5 0.10808 6.00341e-05 -0.000263582 
15 5 5 0.103709 -0.00303802 0.00383557 
0 6 6 0.31022 3.77969e-05 -0.00138208 
1 6 6 0.307066 -0.000390712 -0.00124223 
2 6 6 0.305083 -0.000739642 -0.000974221 
3 6 6 0.304399 -0.000964566 -0.000606245 
4 6 6 0.305016 -0.00105427 -0.000187168 
5 6 6 0.306756 -0.00101722 0.00022109 
6 6 6 0.309327 -0.000882206 0.000557873 
7 6 6 0.312325 -0.000686966 0.000768626 
8 6 6 0.315304 -0.000474016 0.000821463 
9 6 6 0.317837 -0.000278878 0.000722939 
10 6 6 0.319631 -0.00013393 0.000506616 
11 6 6 0.320572 -5.44054e-05 0.000235286 
12 6 6 0.320732 -3.91822e-05 -2.96573e-05 
13 6 6 0.320285 -6.41392e-05 -0.000261485 
14 6 6 0.319266 4.86167e-05 -0.000742088 
15 6 6 0.316915 -0.00364643 0.00661928 
0 7 7 0.562841 -7.56473e-05 -0.00273773 
1 7 7 0.558585 -0.000796956 -0.00213052 
2 7 7 0.556101 -0.00135321 -0.00132495 
3 7 7 0.555533 -0.00167341 -0.000414476 
4 7 7 0.556827 -0.00173865 0.000497314 
5 7 7 0.559721 -0.00157081 0.00129672 
6 7 7 0.563765 -0.00123861 0.00187113 
7 7 7 0.568354 -0.00082539 0.00213661 
8 7 7 0.57282 -0.000420031 0.00205975 
9 7 7 0.576544 -9.62264e-05 0.00168464 
10 7 7 0.57911 9.65293e-05 0.00111445 
11 7 7 0.580388 0.000145611 0.00049055 
12 7 7 0.580518 7.29519e-05 -6.27522e-05 
13 7 7 0.579797 -7.4282e-05 -0.000505208 
14 7 7 0.57852 -0.000165071 -0.00128621 
15 7 7 0.578571 -0.00228692 0.00868934 
0 8 8 0.601972 -0.000588227 -0.00261267 
1 8 8 0.597783 -0.00121116 -0.00171509 
2 8 8 0.595411 -0.00162311 -0.000683011 
3 8 8 0.595007 -0.00176719 0.000360472 
4 8 8 0.596517 -0.00164542 0.00130411 
5 8 8 0.599679 -0.00130561 0.00204786 
6 8 8 0.604029 -0.000838222 0.00250001 
7 8 8 0.608941 -0.000349209 0.00260547 
8 8 8 0.613716 6.01412e-05 0.00236308 
9 8 8 0.617712 0.000318378 0.0018451 
10 8 8 0.620492 0.000396777 0.00117809 
11 8 8 0.621921 0.00031296 0.00051111 
12 8 8 0.622145 0.000119771 -3.69535e-05 
13 8 8 0.621477 -0.000115995 -0.000444509 
14 8 8 0.620244 -0.000374453 -0.00121058 
15 8 8 0.620726 0.000841171 0.00917472 
0 9 9 0.3668 -0.000937281 -0.00108011 
1 9 9 0.363829 -0.00118815 -0.000544235 
2 9 9 0.362107 -0.00127105 1.87763e-05 
3 9 9 0.361768 -0.0011759 0.000538713 
4 9 9 0.362793 -0.000925747 0.000962958 
5 9 9 0.365009 -0.000571808 0.00125668 
6 9 9 0.368092 -0.000188112 0.00139225 
7 9 9 0.371607 0.000147894 0.00136203 
8 9 9 0.375061 0.000372606 0.00118175 
9 9 9 0.378003 0.000455253 0.000896457 
10 9 9 0.380114 0.000399175 0.000567204 
11 9 9 0.381283 0.000242358 0.000260245 
12 9 9 0.381594 3.85839e-05 2.39107e-05 
13 9 9 0.381252 -0.000166659 -0.000145223 
14 9 9 0.380356 -0.000480469 -0.000606307 
15 9 9 0.378853 0.00301068 0.00751094 
0 10 10 0.125329 -0.000500089 -0.000144716 
1 10 10 0.123728 -0.000555823 2.60822e-06 
2 10 10 0.122686 -0.000544135 0.000141336 
3 10 10 0.122297 -0.000466776 0.000253418 
4 10 10 0.122577 -0.000337416 0.000328439 
5 10 10 0.123466 -0.000177889 0.000367035 
6 10 10 0.124829 -1.87528e-05 0.000368493 
7 10 10 0.126473 0.000110719 0.000337831 
8 10 10 0.128165 0.000188195 0.000282254 
9 10 10 0.129677 0.000204808 0.00021419 
10 10 10 0.130834 0.000166816 0.000143247 
11 10 10 0.131548 9.21969e-05 8.19379e-05 
12 10 10 0.131832 3.58759e-06 3.82897e-05 
13 10 10 0.131757 -8.52963e-05 7.11491e-06 
14 10 10 0.131216 -0.000278662 -0.000162224 
15 10 10 0.127514 0.00304921 0.00438299 
0 11 11 0 0 0 
1 11 11 0 0 0 
2 11 11 0 0 0 
3 11 11 0 0 0 
4 11 11 0 0 0 
5 11 11 0 0 0 
6 11 11 0 0 0 
7 11 11 0 0 0 
8 11 11 0 0 0 
9 11 11 0 0 0 
10 11 11 0 0 0 
11 11 11 0 0 0 
12 11 11 0 0 0 
13 11 11 0 0 0 
14 11 11 0 0 0 
15 11 11 0 0 0 
0 12 12 0 0 0 
1 12 12 0 0 0 
2 12 12 0 0 0 
3 12 12 0 0 0 
4 12 12 0 0 0 
5 12 12 0 0 0 
6 12 12 0 0 0 
7 12 12 0 0 0 
8 12 12 0 0 0 
9 12 12 0 0 0 
10 12 12 0 0 0 
11 12 12 0 0 0 
12 12 12 0 0 0 
13 12 12 0 0 0 
14 12 12 0 0 0 
15 12 12 0 0 0 
0 13 13 0 0 0 
1 13 13 0 0 0 
2 13 13 0 0 0 
3 13 13 0 0 0 
4 13 13 0 0 0 
5 13 13 0 0 0 
6 13 13 0 0 0 
7 13 13 0 0 0 
8 13 13 0 0 0 
9 13 13 0 0 0 
10 13 13 0 0 0 
11 13 13 0 0 0 
12 13 13 0 0 0 
13 13 13 0 0 0 
14 13 13 0 0 0 
15 13 13 0 0 0 
0 14 14 0 0 0 
1 14 14 0 0 0 
2 14 14 0 0 0 
3 14 14 0 0 0 
4 14 14 0 0 0 
5 14 14 0 0 0 
6 14 14 0 0 0 
7 14 14 0 0 0 
8 14 14 0 0 0 
9 14 14 0 0 0 
10 14 14 0 0 0 
11 14 14 0 0 0 
12 14 14 0 0 0 
13 14 14 0 0 0 
14 14 14 0 0 0 
15 14 14 0 0 0 
0 15 15 0 0 0 
1 15 15 0 0 0 
2 15 15 0 0 0 
3 15 15 0 0 0 
4 15 15 0 0 0 
5 15 15 0 0 0 
6 15 15 0 0 0 
7 15 15 0 0 0 
8 15 15 0 0 0 
9 15 15 0 0 0 
10 15 15 0 0 0 
11 15 15 0 0 0 
12 15 15 0 0 0 
13 15 15 0 0 0 
14 15 15 0 0 0 
15 15 15 0 0 0 
0 0 0 0 0 0 
1 0 0 0 0 0 
2 0 0 0 0 0 
3 0 0 0 0 0 
4 0 0 0 0 0 
5 0 0 0 0 0 
6 0 0 0 0 0 
7 0 0 0 0 0 
8 0 0 0 0 0 
9 0 0 0 0 0 
10 0 0 0 0 0 
11 0 0 0 0 0 
12 0 0 0 0 0 
13 0 0 0 0 0 
14 0 0 0 0 0 
15 0 0 0 0 0 
0 1 1 0 0 0 
1 1 1 0 0 0 
2 1 1 0 0 0 
3 1 1 0 0 0 
4 1 1 0 0 0 
5 1 1 0 0 0 
6 1 1 0 0 0 
7 1 1 0 0 0 
8 1 1 0 0 0 
9 1 1 0 0 0 
10 1 1 0 0 0 
11 1 1 0 0 0 
12 1 1 0 0 0 
13 1 1 0 0 0 
14 1 1 0 0 0 
15 1 1 0 0 0 
0 2 2 0 0 0 
1 2 2 0 0 0 
2 2 2 0 0 0 
3 2 2 0 0 0 
4 2 2 0 0 0 
5 2 2 0 0 0 
6 2 2 0 0 0 
7 2 2 0 0 0 
8 2 2 0 0 0 
9 2 2 0 0 0 
10 2 2 0 0 0 
11 2 2 0 0 0 
12 2 2 0 0 0 
13 2 2 0 0 0 
14 2 2 0 0 0 
15 2 2 0 0 0 
0 3 3 0 0 0 
1 3 3 0 0 0 
2 3 3 0 0 0 
3 3 3 0 0 0 
4 3 3 0 0 0 
5 3 3 0 0 0 
6 3 3 0 0 0 
7 3 3 0 0 0 
8 3 3 0 0 0 
9 3 3 0 0 0 
10 3 3 0 0 0 
11 3 3 0 0 0 
12 3 3 0 0 0 
13 3 3 0 0 0 
14 3 3 0 0 0 
15 3 3 0 0 0 
0 4 4 0 0 0 
1 4 4 0 0 0 
2 4 4 0 0 0 
3 4 4 0 0 0 
4 4 4 0 0 0 
5 4 4 0 0 0 
6 4 4 0 0 0 
7 4 4 0 0 0 
8 4 4 0 0 0 
9 4 4 0 0 0 
10 4 4 0 0 0 
11 4 4 0 0 0 
12 4 4 0 0 0 
13 4 4 0 0 0 
14 4 4 0 0 0 
15 4 4 0 0 0 
0 5 5 0 0 0 
1 5 5 0 0 0 
2 5 5 0 0 0 
3 5 5 0 0 0 
4 5 5 0 0 0 
5 5 5 0 0 0 
6 5 5 0 0 0 
7 5 5 0 0 0 
8 5 5 0 0 0 
9 5 5 0 0 0 
10 5 5 0 0 0 
11 5 5 0 0 0 
12 5 5 0 0 0 
13 5 5 0 0 0 
14 5 5 0 0 0 
15 5 5 0 0 0 
0 6 6 0 0 0 
1 6 6 0 0 0 
2 6 6 0 0 0 
3 6 6 0 0 0 
4 6 6 0 0 0 
5 6 6 0 0 0 
6 6 6 0 0 0 
7 6 6 0 0 0 
8 6 6 0 0 0 
9 6 6 0 0 0 
10 6 6 0 0 0 
11 6 6 0 0 0 
12 6 6 0 0 0 
13 6 6 0 0 0 
14 6 6 0 0 0 
15 6 6 0 0 0 
0 7 7 0.0493955 -0.000243001 -0.000196951 
1 7 7 0.0483666 -0.000290211 -0.000180186 
2 7 7 0.0476229 -0.000305998 -0.000144986 
3 7 7 0.0472267 -0.000288714 -9.65748e-05 
4 7 7 0.0472047 -0.00024317 -4.07387e-05 
5 7 7 0.0475375 -0.00017907 1.60701e-05 
6 7 7 0.048166 -0.000110841 6.4554e-05 
7 7 7 0.0489929 -5.10861e-05 9.80005e-05 
8 7 7 0.0498951 -9.4971e-06 0.000110815 
9 7 7 0.0507396 1.00832e-05 0.00010369 
10 7 7 0.0514141 8.76039e-06 7.88548e-05 
11 7 7 0.0518524 -8.1218e-06 4.43067e-05 
12 7 7 0.0520435 -3.33758e-05 8.29215e-06 
13 7 7 0.0520065 -6.082e-05 -2.69931e-05 
14 7 7 0.0516044 -8.49296e-05 -0.000148598 
15 7 7 0.0478724 -0.000800549 0.00312674 
0 8 8 0.0544553 -0.000238666 -0.000130165 
1 8 8 0.0533687 -0.00030261 -9.38853e-05 
2 8 8 0.0525924 -0.000332833 -4.85495e-05 
3 8 8 0.0521935 -0.000325818 -3.72987e-07 
4 8 8 0.0521963 -0.000286038 4.53261e-05 
5 8 8 0.0525798 -0.000222667 8.57015e-05 
6 8 8 0.0532769 -0.000150961 0.00011497 
7 8 8 0.0541808 -8.44666e-05 0.000130218 
8 8 8 0.0551578 -3.44517e-05 0.000128854 
9 8 8 0.0560663 -5.98073e-06 0.000112748 
10 8 8 0.0567871 4.10306e-07 8.47895e-05 
11 8 8 0.0572525 -1.06694e-05 5.18737e-05 
12 8 8 0.0574527 -3.18025e-05 2.04275e-05 
13 8 8 0.0574114 -5.30428e-05 -9.60759e-06 
14 8 8 0.0569879 -6.50547e-05 -0.000133506 
15 8 8 0.0531991 0.000489494 0.00329916 
0 9 9 0 0 0 
1 9 9 0 0 0 
2 9 9 0 0 0 
3 9 9 0 0 0 
4 9 9 0 0 0 
5 9 9 0 0 0 
6 9 9 0 0 0 
7 9 9 0 0 0 
8 9 9 0 0 0 
9 9 9 0 0 0 
10 9 9 0 0 0 
11 9 9 0 0 0 
12 9 9 0 0 0 
13 9 9 0 0 0 
14 9 9 0 0 0 
15 9 9 0 0 0 
0 10 10 0 0 0 
1 10 10 0 0 0 
2 10 10 0 0 0 
3 10 10 0 0 0 
4 10 10 0 0 0 
5 10 10 0 0 0 
6 10 10 0 0 0 
7 10 10 0 0 0 
8 10 10 0 0 0 
9 10 10 0 0 0 
10 10 10 0 0 0 
11 10 10 0 0 0 
12 10 10 0 0 0 
13 10 10 0 0 0 
14 10 10 0 0 0 
15 10 10 0 0 0 
0 11 11 0 0 0 
1 11 11 0 0 0 
2 11 11 0 0 0 
3 11 11 0 0 0 
4 11 11 0 0 0 
5 11 11 0 0 0 
6 11 11 0 0 0 
7 11 11 0 0 0 
8 11 11 0 0 0 
9 11 11 0 0 0 
10 11 11 0 0 0 
11 11 11 0 0 0 
12 11 11 0 0 0 
13 11 11 0 0 0 
14 11 11 0 0 0 
15 11 11 0 0 0 
0 12 12 0 0 0 
1 12 12 0 0 0 
2 12 12 0 0 0 
3 12 12 0 0 0 
4 12 12 0 0 0 
5 12 12 0 0 0 
6 12 12 0 0 0 
7 12 12 0 0 0 
8 12 12 0 0 0 
9 12 12 0 0 0 
10 12 12 0 0 0 
11 12 12 0 0 0 
12 12 12 0 0 0 
13 12 12 0 0 0 
14 12 12 0 0 0 
15 12 12 0 0 0 
0 13 13 0 0 0 
1 13 13 0 0 0 
2 13 13 0 0 0 
3 13 13 0 0 0 
4 13 13 0 0 0 
5 13 13 0 0 0 
6 13 13 0 0 0 
7 13 13 0 0 0 
8 13 13 0 0 0 
9 13 13 0 0 0 
10 13 13 0 0 0 
11 13 13 0 0 0 
12 13 13 0 0 0 
13 13 13 0 0 0 
14 13 13 0 0 0 
15 13 13 0 0 0 
0 14 14 0 0 0 
1 14 14 0 0 0 
2 14 14 0 0 0 
3 14 14 0 0 0 
4 14 14 0 0 0 
5 14 14 0 0 0 
6 14 14 0 0 0 
7 14 14 0 0 0 
8 14 14 0 0 0 
9 14 14 0 0 0 
10 14 14 0 0 0 
11 14 14 0 0 0 
12 14 14 0 0 0 
13 14 14 0 0 0 
14 14 14 0 0 0 
15 14 14 0 0 0 
0 15 15 0 0 0 
1 15 15 0 0 0 
2 15 15 0 0 0 
3 15 15 0 0 0 
4 15 15 0 0 0 
5 15 15 0 0 0 
6 15 15 0 0 0 
7 15 15 0 0 0 
8 15 15 0 0 0 
9 15 15 0 0 0 
10 15 15 0 0 0 
11 15 15 0 0 0 
12 15 15 0 0 0 
13 15 15 0 0 0 
14 15 15 0 0 0 
15 15 15 0 0 0 
0 0 0 0 0 0 
1 0 0 0 0 0 
2 0 0 0 0 0 
3 0 0 0 0 0 
4 0 0 0 0 0 
5 0 0 0 0 0 
6 0 0 0 0 0 
7 0 0 0 0 0 
8 0 0 0 0 0 
9 0 0 0 0 0 
10 0 0 0 0 0 
11 0 0 0 0 0 
12 0 0 0 0 0 
13 0 0 0 0 0 
14 0 0 0 0 0 
15 0 0 0 0 0 
0 1 1 0 0 0 
1 1 1 0 0 0 
2 1 1 0 0 0 
3 1 1 0 0 0 
4 1 1 0 0 0 
5 1 1 0 0 0 
6 1 1 0 0 0 
7 1 1 0 0 0 
8 1 1 0 0 0 
9 1 1 0 0 0 
10 1 1 0 0 0 
11 1 1 0 0 0 
12 1 1 0 0 0 
13 1 1 0 0 0 
14 1 1 0 0 0 
15 1 1 0 0 0 
0 2 2 0 0 0 
1 2 2 0 0 0 
2 2 2 0 0 0 
3 2 2 0 0 0 
4 2 2 0 0 0 
5 2 2 0 0 0 
6 2 2 0 0 0 
7 2 2 0 0 0 
8 2 2 0 0 0 
9 2 2 0 0 0 
10 2 2 0 0 0 
11 2 2 0 0 0 
12 2 2 0 0 0 
13 2 2 0 0 0 
14 2 2 0 0 0 
15 2 2 0 0 0 
0 3 3 0 0 0 
1 3 3 0 0 0 
2 3 3 0 0 0 
3 3 3 0 0 0 
4 3 3 0 0 0 
5 3 3 0 0 0 
6 3 3 0 0 0 
7 3 3 0 0 0 
8 3 3 0 0 0 
9 3 3 0 0 0 
10 3 3 0 0 0 
11 3 3 0 0 0 
12 3 3 0 0 0 
13 3 3 0 0 0 
14 3 3 0 0 0 
15 3 3 0 0 0 
0 4 4 0 0 0 
1 4 4 0 0 0 
2 4 4 0 0 0 
3 4 4 0 0 0 
4 4 4 0 0 0 
5 4 4 0 0 0 
6 4 4 0 0 0 
7 4 4 0 0 0 
8 4 4 0 0 0 
9 4 4 0 0 0 
10 4 4 0 0 0 
11 4 4 0 0 0 
12 4 4 0 0 0 
13 4 4 0 0 0 
14 4 4 0 0 0 
15 4 4 0 0 0 
0 5 5 0 0 0 
1 5 5 0 0 0 
2 5 5 0 0 0 
3 5 5 0 0 0 
4 5 5 0 0 0 
5 5 5 0 0 0 
6 5 5 0 0 0 
7 5 5 0 0 0 
8 5 5 0 0 0 
9 5 5 0 0 0 
10 5 5 0 0 0 
11 5 5 0 0 0 
12 5 5 0 0 0 
13 5 5 0 0 0 
14 5 5 0 0 0 
15 5 5 0 0 0 
0 6 6 0 0 0 
1 6 6 0 0 0 
2 6 6 0 0 0 
3 6 6 0 0 0 
4 6 6 0 0 0 
5 6 6 0 0 0 
6 6 6 0 0 0 
7 6 6 0 0 0 
8 6 6 0 0 0 
9 6 6 0 0 0 
10 6 6 0 0 0 
11 6 6 0 0 0 
12 6 6 0 0 0 
13 6 6 0 0 0 
14 6 6 0 0 0 
15 6 6 0 0 0 
0 7 7 0 0 0 
1 7 7 0 0 0 
2 7 7 0 0 0 
3 7 7 0 0 0 
4 7 7 0 0 0 
5 7 7 0 0 0 
6 7 7 0 0 0 
7 7 7 0 0 0 
8 7 7 0 0 0 
9 7 7 0 0 0 
10 7 7 0 0 0 
11 7 7 0 0 0 
12 7 7 0 0 0 
13 7 7 0 0 0 
14 7 7 0 0 0 
15 7 7 0 0 0 
0 8 8 0 0 0 
1 8 8 0 0 0 
2 8 8 0 0 0 
3 8 8 0 0 0 
4 8 8 0 0 0 
5 8 8 0 0 0 
6 8 8 0 0 0 
7 8 8 0 0 0 
8 8 8 0 0 0 
9 8 8 0 0 0 
10 8 8 0 0 0 
11 8 8 0 0 0 
12 8 8 0 0 0 
13 8 8 0 0 0 
14 8 8 0 0 0 
15 8 8 0 0 0 
0 9 9 0 0 0 
1 9 9 0 0 0 
2 9 9 0 0 0 
3 9 9 0 0 0 
4 9 9 0 0 0 
5 9 9 0 0 0 
6 9 9 0 0 0 
7 9 9 0 0 0 
8 9 9 0 0 0 
9 9 9 0 0 0 
10 9 9 0 0 0 
11 9 9 0 0 0 
12 9 9 0 0 0 
13 9 9 0 0 0 
14 9 9 0 0 0 
15 9 9 0 0 0 
0 10 10 0 0 0 
1 10 10 0 0 0 
2 10 10 0 0 0 
3 10 10 0 0 0 
4 10 10 0 0 0 
5 10 10 0 0 0 
6 10 10 0 0 0 
7 10 10 0 0 0 
8 10 10 0 0 0 
9 10 10 0 0 0 
10 10 10 0 0 0 
11 10 10 0 0 0 
12 10 10 0 0 0 
13 10 10 0 0 0 
14 10 10 0 0 0 
15 10 10 0 0 0 
0 11 11 0 0 0 
1 11 11 0 0 0 
2 11 11 0 0 0 
3 11 11 0 0 0 
4 11 11 0 0 0 
5 11 11 0 0 0 
6 11 11 0 0 0 
7 11 11 0 0 0 
8 11 11 0 0 0 
9 11 11 0 0 0 
10 11 11 0 0 0 
11 11 11 0 0 0 
12 11 11 0 0 0 
13 11 11 0 0 0 
14 11 11 0 0 0 
15 11 11 0 0 0 
0 12 12 0 0 0 
1 12 12 0 0 0 
2 12 12 0 0 0 
3 12 12 0 0 0 
4 12 12 0 0 0 
5 12 12 0 0 0 
6 12 12 0 0 0 
7 12 12 0 0 0 
8 12 12 0 0 0 
9 12 12 0 0 0 
10 12 12 0 0 0 
11 12 12 0 0 0 
12 12 12 0 0 0 
13 12 12 0 0 0 
14 12 12 0 0 0 
15 12 12 0 0 0 
0 13 13 0 0 0 
1 13 13 0 0 0 
2 13 13 0 0 0 
3 13 13 0 0 0 
4 13 13 0 0 0 
5 13 13 0 0 0 
6 13 13 0 0 0 
7 13 13 0 0 0 
8 13 13 0 0 0 
9 13 13 0 0 0 
10 13 13 0 0 0 
11 13 13 0 0 0 
12 13 13 0 0 0 
13 13 13 0 0 0 
14 13 13 0 0 0 
15 13 13 0 0 0 
0 14 14 0 0 0 
1 14 14 0 0 0 
2 14 14 0 0 0 
3 14 14 0 0 0 
4 14 14 0 0 0 
5 14 14 0 0 0 
6 14 14 0 0 0 
7 14 14 0 0 0 
8 14 14 0 0 0 
9 14 14 0 0 0 
10 14 14 0 0 0 
11 14 14 0 0 0 
12 14 14 0 0 0 
13 14 14 0 0 0 
14 14 14 0 0 0 
15 14 14 0 0 0 
0 15 15 0 0 0 
1 15 15 0 0 0 
2 15 15 0 0 0 
3 15 15 0 0 0 
4 15 15 0 0 0 
5 15 15 0 0 0 
6 15 15 0 0 0 
7 15 15 0 0 0 
8 15 15 0 0 0 
9 15 15 0 0 0 
10 15 15 0 0 0 
11 15 15 0 0 0 
12 15 15 0 0 0 
13 15 15 0 0 0 
14 15 15 0 0 0 
15 15 15 0 0 0 
0 0 0 0 0 0 
1 0 0 0 0 0 
2 0 0 0 0 0 
3 0 0 0 0 0 
4 0 0 0 0 0 
5 0 0 0 0 0 
6 0 0 0 0 0 
7 0 0 0 0 0 
8 0 0 0 0 0 
9 0 0 0 0 0 
10 0 0 0 0 0 
11 0 0 0 0 0 
12 0 0 0 0 0 
13 0 0 0 0 0 
14 0 0 0 0 0 
15 0 0 0 0 0 
0 1 1 0 0 0 
1 1 1 0 0 0 
2 1 1 0 0 0 
3 1 1 0 0 0 
4 1 1 0 0 0 
5 1 1 0 0 0 
6 1 1 0 0 0 
7 1 1 0 0 0 
8 1 1 0 0 0 
9 1 1 0 0 0 
10 1 1 0 0 0 
11 1 1 0 0 0 
12 1 1 0 0 0 
13 1 1 0 0 0 
14 1 1 0 0 0 
15 1 1 0 0 0 
0 2 2 0 0 0 
1 2 2 0 0 0 
2 2 2 0 0 0 
3 2 2 0 0 0 
4 2 2 0 0 0 
5 2 2 0 0 0 
6 2 2 0 0 0 
7 2 2 0 0 0 
8 2 2 0 0 0 
9 2 2 0 0 0 
10 2 2 0 0 0 
11 2 2 0 0 0 
12 2 2 0 0 0 
13 2 2 0 0 0 
14 2 2 0 0 0 
15 2 2 0 0 0 
0 3 3 0 0 0 
1 3 3 0 0 0 
2 3 3 0 0 0 
3 3 3 0 0 0 
4 3 3 0 0 0 
5 3 3 0 0 0 
6 3 3 0 0 0 
7 3 3 0 0 0 
8 3 3 0 0 0 
9 3 3 0 0 0 
10 3 3 0 0 0 
11 3 3 0 0 0 
12 3 3 0 0 0 
13 3 3 0 0 0 
14 3 3 0 0 0 
15 3 3 0 0 0 
0 4 4 0 0 0 
1 4 4 0 0 0 
2 4 4 0 0 0 
3 4 4 0 0 0 
4 4 4 0 0 0 
5 4 4 0 0 0 
6 4 4 0 0 0 
7 4 4 0 0 0 
8 4 4 0 0 0 
9 4 4 0 0 0 
10 4 4 0 0 0 
11 4 4 0 0 0 
12 4 4 0 0 0 
13 4 4 0 0 0 
14 4 4 0 0 0 
15 4 4 0 0 0 
0 5 5 0 0 0 
1 5 5 0 0 0 
2 5 5 0 0 0 
3 5 5 0 0 0 
4 5 5 0 0 0 
5 5 5 0 0 0 
6 5 5 0 0 0 
7 5 5 0 0 0 
8 5 5 0 0 0 
9 5 5 0 0 0 
10 5 5 0 0 0 
11 5 5 0 0 0 
12 5 5 0 0 0 
13 5 5 0 0 0 
14 5 5 0 0 0 
15 5 5 0 0 0 
0 6 6 0 0 0 
1 6 6 0 0 0 
2 6 6 0 0 0 
3 6 6 0 0 0 
4 6 6 0 0 0 
5 6 6 0 0 0 
6 6 6 0 0 0 
7 6 6 0 0 0 
8 6 6 0 0 0 
9 6 6 0 0 0 
10 6 6 0 0 0 
11 6 6 0 0 0 
12 6 6 0 0 0 
13 6 6 0 0 0 
14 6 6 0 0 0 
15 6 6 0 0 0 
0 7 7 0 0 0 
1 7 7 0 0 0 
2 7 7 0 0 0 
3 7 7 0 0 0 
4 7 7 0 0 0 
5 7 7 0 0 0 
6 7 7 0 0 0 
7 7 7 0 0 0 
8 7 7 0 0 0 
9 7 7 0 0 0 
10 7 7 0 0 0 
11 7 7 0 0 0 
12 7 7 0 0 0 
13 7 7 0 0 0 
14 7 7 0 0 0 
15 7 7 0 0 0 
0 8 8 0 0 0 
1 8 8 0 0 0 
2 8 8 0 0 0 
3 8 8 0 0 0 
4 8 8 0 0 0 
5 8 8 0 0 0 
6 8 8 0 0 0 
7 8 8 0 0 0 
8 8 8 0 0 0 
9 8 8 0 0 0 
10 8 8 0 0 0 
11 8 8 0 0 0 
12 8 8 0 0 0 
13 8 8 0 0 0 
14 8 8 0 0 0 
15 8 8 0 0 0 
0 9 9 0 0 0 
1 9 9 0 0 0 
2 9 9 0 0 0 
3 9 9 0 0 0 
4 9 9 0 0 0 
5 9 9 0 0 0 
6 9 9 0 0 0 
7 9 9 0 0 0 
8 9 9 0 0 0 
9 9 9 0 0 0 
10 9 9 0 0 0 
11 9 9 0 0 0 
12 9 9 0 0 0 
13 9 9 0 0 0 
14 9 9 0 0 0 
15 9 9 0 0 0 
0 10 10 0 0 0 
1 10 10 0 0 0 
2 10 10 0 0 0 
3 10 10 0 0 0 
4 10 10 0 0 0 
5 10 10 0 0 0 
6 10 10 0 0 0 
7 10 10 0 0 0 
8 10 10 0 0 0 
9 10 10 0 0 0 
10 10 10 0 0 0 
11 10 10 0 0 0 
12 10 10 0 0 0 
13 10 10 0 0 0 
14 10 10 0 0 0 
15 10 10 0 0 0 
0 11 11 0 0 0 
1 11 11 0 0 0 
2 11 11 0 0 0 
3 11 11 0 0 0 
4 11 11 0 0 0 
5 11 11 0 0 0 
6 11 11 0 0 0 
7 11 11 0 0 0 
8 11 11 0 0 0 
9 11 11 0 0 0 
10 11 11 0 0 0 
11 11 11 0 0 0 
12 11 11 0 0 0 
13 11 11 0 0 0 
14 11 11 0 0 0 
15 11 11 0 0 0 
0 12 12 0 0 0 
1 12 12 0 0 0 
2 12 12 0 0 0 
3 12 12 0 0 0 
4 12 12 0 0 0 
5 12 12 0 0 0 
6 12 12 0 0 0 
7 12 12 0 0 0 
8 12 12 0 0 0 
9 12 12 0 0 0 
10 12 12 0 0 0 
11 12 12 0 0 0 
12 12 12 0 0 0 
13 12 12 0 0 0 
14 12 12 0 0 0 
15 12 12 0 0 0 
0 13 13 0 0 0 
1 13 13 0 0 0 
2 13 13 0 0 0 
3 13 13 0 0 0 
4 13 13 0 0 0 
5 13 13 0 0 0 
6 13 13 0 0 0 
7 13 13 0 0 0 
8 13 13 0 0 0 
9 13 13 0 0 0 
10 13 13 0 0 0 
11 13 13 0 0 0 
12 13 13 0 0 0 
13 13 13 0 0 0 
14 13 13 0 0 0 
15 13 13 0 0 0 
0 14 14 0 0 0 
1 14 14 0 0 0 
2 14 14 0 0 0 
3 14 14 0 0 0 
4 14 14 0 0 0 
5 14 14 0 0 0 
6 14 14 0 0 0 
7 14 14 0 0 0 
8 14 14 0 0 0 
9 14 14 0 0 0 
10 14 14 0 0 0 
11 14 14 0 0 0 
12 14 14 0 0 0 
13 14 14 0 0 0 
14 14 14 0 0 0 
15 14 14 0 0 0 
0 15 15 0 0 0 
1 15 15 0 0 0 
2 15 15 0 0 0 
3 15 15 0 0 0 
4 15 15 0 0 0 
5 15 15 0 0 0 
6 15 15 0 0 0 
7 15 15 0 0 0 
8 15 15 0 0 0 
9 15 15 0 0 0 
10 15 15 0 0 0 
11 15 15 0 0 0 
12 15 15 0 0 0 
13 15 15 0 0 0 
14 15 15 0 0 0 
15 15 15 0 0 0 
0 0 0 0 0 0 
1 0 0 0 0 0 
2 0 0 0 0 0 
3 0 0 0 0 0 
4 0 0 0 0 0 
5 0 0 0 0 0 
6 0 0 0 0 0 
7 0 0 0 0 0 
8 0 0 0 0 0 
9 0 0 0 0 0 
10 0 0 0 0 0 
11 0 0 0 0 0 
12 0 0 0 0 0 
13 0 0 0 0 0 
14 0 0 0 0 0 
15 0 0 0 0 0 
0 1 1 0 0 0 
1 1 1 0 0 0 
2 1 1 0 0 0 
3 1 1 0 0 0 
4 1 1 0 0 0 
5 1 1 0 0 0 
6 1 1 0 0 0 
7 1 1 0 0 0 
8 1 1 0 0 0 
9 1 1 0 0 0 
10 1 1 0 0 0 
11 1 1 0 0 0 
12 1 1 0 0 0 
13 1 1 0 0 0 
14 1 1 0 0 0 
15 1 1 0 0 0 
0 2 2 0 0 0 
1 2 2 0 0 0 
2 2 2 0 0 0 
3 2 2 0 0 0 
4 2 2 0 0 0 
5 2 2 0 0 0 
6 2 2 0 0 0 
7 2 2 0 0 0 
8 2 2 0 0 0 
9 2 2 0 0 0 
10 2 2 0 0 0 
11 2 2 0 0 0 
12 2 2 0 0 0 
13 2 2 0 0 0 
14 2 2 0 0 0 
15 2 2 0 0 0 
0 3 3 0 0 0 
1 3 3 0 0 0 
2 3 3 0 0 0 
3 3 3 0 0 0 
4 3 3 0 0 0 
5 3 3 0 0 0 
6 3 3 0 0 0 
7 3 3 0 0 0 
8 3 3 0 0 0 
9 3 3 0 0 0 
10 3 3 0 0 0 
11 3 3 0 0 0 
12 3 3 0 0 0 
13 3 3 0 0 0 
14 3 3 0 0 0 
15 3 3 0 0 0 
0 4 4 0 0 0 
1 4 4 0 0 0 
2 4 4 0 0 0 
3 4 4 0 0 0 
4 4 4 0 0 0 
5 4 4 0 0 0 
6 4 4 0 0 0 
7 4 4 0 0 0 
8 4 4 0 0 0 
9 4 4 0 0 0 
10 4 4 0 0 0 
11 4 4 0 0 0 
12 4 4 0 0 0 
13 4 4 0 0 0 
14 4 4 0 0 0 
15 4 4 0 0 0 
0 5 5 0 0 0 
1 5 5 0 0 0 
2 5 5 0 0 0 
3 5 5 0 0 0 
4 5 5 0 0 0 
5 5 5 0 0 0 
6 5 5 0 0 0 
7 5 5 0 0 0 
8 5 5 0 0 0 
9 5 5 0 0 0 
10 5 5 0 0 0 
11 5 5 0 0 0 
12 5 5 0 0 0 
13 5 5 0 0 0 
14 5 5 0 0 0 
15 5 5 0 0 0 
0 6 6 0 0 0 
1 6 6 0 0 0 
2 6 6 0 0 0 
3 6 6 0 0 0 
4 6 6 0 0 0 
5 6 6 0 0 0 
6 6 6 0 0 0 
7 6 6 0 0 0 
8 6 6 0 0 0 
9 6 6 0 0 0 
10 6 6 0 0 0 
11 6 6 0 0 0 
12 6 6 0 0 0 
13 6 6 0 0 0 
14 6 6 0 0 0 
15 6 6 0 0 0 
0 7 7 0 0 0 
1 7 7 0 0 0 
2 7 7 0 0 0 
3 7 7 0 0 0 
4 7 7 0 0 0 
5 7 7 0 0 0 
6 7 7 0 0 0 
7 7 7 0 0 0 
8 7 7 0 0 0 
9 7 7 0 0 0 
10 7 7 0 0 0 
11 7 7 0 0 0 
12 7 7 0 0 0 
13 7 7 0 0 0 
14 7 7 0 0 0 
15 7 7 0 0 0 
0 8 8 0 0 0 
1 8 8 0 0 0 
2 8 8 0 0 0 
3 8 8 0 0 0 
4 8 8 0 0 0 
5 8 8 0 0 0 
6 8 8 0 0 0 
7 8 8 0 0 0 
8 8 8 0 0 0 
9 8 8 0 0 0 
10 8 8 0 0 0 
11 8 8 0 0 0 
12 8 8 0 0 0 
13 8 8 0 0 0 
14 8 8 0 0 0 
15 8 8 0 0 0 
0 9 9 0 0 0 
1 9 9 0 0 0 
2 9 9 0 0 0 
3 9 9 0 0 0 
4 9 9 0 0 0 
5 9 9 0 0 0 
6 9 9 0 0 0 
7 9 9 0 0 0 
8 9 9 0 0 0 
9 9 9 0 0 0 
10 9 9 0 0 0 
11 9 9 0 0 0 
12 9 9 0 0 0 
13 9 9 0 0 0 
14 9 9 0 0 0 
15 9 9 0 0 0 
0 10 10 0 0 0 
1 10 10 0 0 0 
2 10 10 0 0 0 
3 10 10 0 0 0 
4 10 10 0 0 0 
5 10 10 0 0 0 
6 10 10 0 0 0 
7 10 10 0 0 0 
8 10 10 0 0 0 
9 10 10 0 0 0 
10 10 10 0 0 0 
11 10 10 0 0 0 
12 10 10 0 0 0 
13 10 10 0 0 0 
14 10 10 0 0 0 
15 10 10 0 0 0 
0 11 11 0 0 0 
1 11 11 0 0 0 
2 11 11 0 0 0 
3 11 11 0 0 0 
4 11 11 0 0 0 
5 11 11 0 0 0 
6 11 11 0 0 0 
7 11 11 0 0 0 
8 11 11 0 0 0 
9 11 11 0 0 0 
10 11 11 0 0 0 
11 11 11 0 0 0 
12 11 11 0 0 0 
13 11 11 0 0 0 
14 11 11 0 0 0 
15 11 11 0 0 0 
0 12 12 0 0 0 
1 12 12 0 0 0 
2 12 12 0 0 0 
3 12 12 0 0 0 
4 12 12 0 0 0 
5 12 12 0 0 0 
6 12 12 0 0 0 
7 12 12 0 0 0 
8 12 12 0 0 0 
9 12 12 0 0 0 
10 12 12 0 0 0 
11 12 12 0 0 0 
12 12 12 0 0 0 
13 12 12 0 0 0 
14 12 12 0 0 0 
15 12 12 0 0 0 
0 13 13 0 0 0 
1 13 13 0 0 0 
2 13 13 0 0 0 
3 13 13 0 0 0 
4 13 13 0 0 0 
5 13 13 0 0 0 
6 13 13 0 0 0 
7 13 13 0 0 0 
8 13 13 0 0 0 
9 13 13 0 0 0 
10 13 13 0 0 0 
11 13 13 0 0 0 
12 13 13 0 0 0 
13 13 13 0 0 0 
14 13 13 0 0 0 
15 13 13 0 0 0 
0 14 14 0 0 0 
1 14 14 0 0 0 
2 14 14 0 0 0 
3 14 14 0 0 0 
4 14 14 0 0 0 
5 14 14 0 0 0 
6 14 14 0 0 0 
7 14 14 0 0 0 
8 14 14 0 0 0 
9 14 14 0 0 0 
10 14 14 0 0 0 
11 14 14 0 0 0 
12 14 14 0 0 0 
13 14 14 0 0 0 
14 14 14 0 0 0 
15 14 14 0 0 0 
0 15 15 0 0 0 
1 15 15 0 0 0 
2 15 15 0 0 0 
3 15 15 0 0 0 
4 15 15 0 0 0 
5 15 15 0 0 0 
6 15 15 0 0 0 
7 15 15 0 0 0 
8 15 15 0 0 0 
9 15 15 0 0 0 
10 15 15 0 0 0 
11 15 15 0 0 0 
12 15 15 0 0 0 
13 15 15 0 0 0 
14 15 15 0 0 0 
15 15 15 0 0 0 
