0 0 0 0 0 0 
1 0 0 0 0 0 
2 0 0 0 0 0 
3 0 0 0 0 0 
4 0 0 0 0 0 
5 0 0 0 0 0 
6 0 0 0 0 0 
7 0 0 0 0 0 
8 0 0 0 0 0 
9 0 0 0 0 0 
10 0 0 0 0 0 
11 0 0 0 0 0 
12 0 0 0 0 0 
13 0 0 0 0 0 
14 0 0 0 0 0 
15 0 0 0 0 0 
0 1 1 0 0 0 
1 1 1 0 0 0 
2 1 1 0 0 0 
3 1 1 0 0 0 
4 1 1 0 0 0 
5 1 1 0 0 0 
6 1 1 0 0 0 
7 1 1 0 0 0 
8 1 1 0 0 0 
9 1 1 0 0 0 
10 1 1 0 0 0 
11 1 1 0 0 0 
12 1 1 0 0 0 
13 1 1 0 0 0 
14 1 1 0 0 0 
15 1 1 0 0 0 
0 2 2 0 0 0 
1 2 2 0 0 0 
2 2 2 0 0 0 
3 2 2 0 0 0 
4 2 2 0 0 0 
5 2 2 0 0 0 
6 2 2 0 0 0 
7 2 2 0 0 0 
8 2 2 0 0 0 
9 2 2 0 0 0 
10 2 2 0 0 0 
11 2 2 0 0 0 
12 2 2 0 0 0 
13 2 2 0 0 0 
14 2 2 0 0 0 
15 2 2 0 0 0 
0 3 3 0 0 0 
1 3 3 0 0 0 
2 3 3 0 0 0 
3 3 3 0 0 0 
4 3 3 0 0 0 
5 3 3 0 0 0 
6 3 3 0 0 0 
7 3 3 0 0 0 
8 3 3 0 0 0 
9 3 3 0 0 0 
10 3 3 0 0 0 
11 3 3 0 0 0 
12 3 3 0 0 0 
13 3 3 0 0 0 
14 3 3 0 0 0 
15 3 3 0 0 0 
0 4 4 0 0 0 
1 4 4 0 0 0 
2 4 4 0 0 0 
3 4 4 0 0 0 
4 4 4 0 0 0 
5 4 4 0 0 0 
6 4 4 0 0 0 
7 4 4 0 0 0 
8 4 4 0 0 0 
9 4 4 0 0 0 
10 4 4 0 0 0 
11 4 4 0 0 0 
12 4 4 0 0 0 
13 4 4 0 0 0 
14 4 4 0 0 0 
15 4 4 0 0 0 
0 5 5 0 0 0 
1 5 5 0 0 0 
2 5 5 0 0 0 
3 5 5 0 0 0 
4 5 5 0 0 0 
5 5 5 0 0 0 
6 5 5 0 0 0 
7 5 5 0 0 0 
8 5 5 0 0 0 
9 5 5 0 0 0 
10 5 5 0 0 0 
11 5 5 0 0 0 
12 5 5 0 0 0 
13 5 5 0 0 0 
14 5 5 0 0 0 
15 5 5 0 0 0 
0 6 6 0 0 0 
1 6 6 0 0 0 
2 6 6 0 0 0 
3 6 6 0 0 0 
4 6 6 0 0 0 
5 6 6 0 0 0 
6 6 6 0 0 0 
7 6 6 0 0 0 
8 6 6 0 0 0 
9 6 6 0 0 0 
10 6 6 0 0 0 
11 6 6 0 0 0 
12 6 6 0 0 0 
13 6 6 0 0 0 
14 6 6 0 0 0 
15 6 6 0 0 0 
0 7 7 0 0 0 
1 7 7 0 0 0 
2 7 7 0 0 0 
3 7 7 0 0 0 
4 7 7 0 0 0 
5 7 7 0 0 0 
6 7 7 0 0 0 
7 7 7 0 0 0 
8 7 7 0 0 0 
9 7 7 0 0 0 
10 7 7 0 0 0 
11 7 7 0 0 0 
12 7 7 0 0 0 
13 7 7 0 0 0 
14 7 7 0 0 0 
15 7 7 0 0 0 
0 8 8 0 0 0 
1 8 8 0 0 0 
2 8 8 0 0 0 
3 8 8 0 0 0 
4 8 8 0 0 0 
5 8 8 0 0 0 
6 8 8 0 0 0 
7 8 8 0 0 0 
8 8 8 0 0 0 
9 8 8 0 0 0 
10 8 8 0 0 0 
11 8 8 0 0 0 
12 8 8 0 0 0 
13 8 8 0 0 0 
14 8 8 0 0 0 
15 8 8 0 0 0 
0 9 9 0 0 0 
1 9 9 0 0 0 
2 9 9 0 0 0 
3 9 9 0 0 0 
4 9 9 0 0 0 
5 9 9 0 0 0 
6 9 9 0 0 0 
7 9 9 0 0 0 
8 9 9 0 0 0 
9 9 9 0 0 0 
10 9 9 0 0 0 
11 9 9 0 0 0 
12 9 9 0 0 0 
13 9 9 0 0 0 
14 9 9 0 0 0 
15 9 9 0 0 0 
0 10 10 0 0 0 
1 10 10 0 0 0 
2 10 10 0 0 0 
3 10 10 0 0 0 
4 10 10 0 0 0 
5 10 10 0 0 0 
6 10 10 0 0 0 
7 10 10 0 0 0 
8 10 10 0 0 0 
9 10 10 0 0 0 
10 10 10 0 0 0 
11 10 10 0 0 0 
12 10 10 0 0 0 
13 10 10 0 0 0 
14 10 10 0 0 0 
15 10 10 0 0 0 
0 11 11 0 0 0 
1 11 11 0 0 0 
2 11 11 0 0 0 
3 11 11 0 0 0 
4 11 11 0 0 0 
5 11 11 0 0 0 
6 11 11 0 0 0 
7 11 11 0 0 0 
8 11 11 0 0 0 
9 11 11 0 0 0 
10 11 11 0 0 0 
11 11 11 0 0 0 
12 11 11 0 0 0 
13 11 11 0 0 0 
14 11 11 0 0 0 
15 11 11 0 0 0 
0 12 12 0 0 0 
1 12 12 0 0 0 
2 12 12 0 0 0 
3 12 12 0 0 0 
4 12 12 0 0 0 
5 12 12 0 0 0 
6 12 12 0 0 0 
7 12 12 0 0 0 
8 12 12 0 0 0 
9 12 12 0 0 0 
10 12 12 0 0 0 
11 12 12 0 0 0 
12 12 12 0 0 0 
13 12 12 0 0 0 
14 12 12 0 0 0 
15 12 12 0 0 0 
0 13 13 0 0 0 
1 13 13 0 0 0 
2 13 13 0 0 0 
3 13 13 0 0 0 
4 13 13 0 0 0 
5 13 13 0 0 0 
6 13 13 0 0 0 
7 13 13 0 0 0 
8 13 13 0 0 0 
9 13 13 0 0 0 
10 13 13 0 0 0 
11 13 13 0 0 0 
12 13 13 0 0 0 
13 13 13 0 0 0 
14 13 13 0 0 0 
15 13 13 0 0 0 
0 14 14 0 0 0 
1 14 14 0 0 0 
2 14 14 0 0 0 
3 14 14 0 0 0 
4 14 14 0 0 0 
5 14 14 0 0 0 
6 14 14 0 0 0 
7 14 14 0 0 0 
8 14 14 0 0 0 
9 14 14 0 0 0 
10 14 14 0 0 0 
11 14 14 0 0 0 
12 14 14 0 0 0 
13 14 14 0 0 0 
14 14 14 0 0 0 
15 14 14 0 0 0 
0 15 15 0 0 0 
1 15 15 0 0 0 
2 15 15 0 0 0 
3 15 15 0 0 0 
4 15 15 0 0 0 
5 15 15 0 0 0 
6 15 15 0 0 0 
7 15 15 0 0 0 
8 15 15 0 0 0 
9 15 15 0 0 0 
10 15 15 0 0 0 
11 15 15 0 0 0 
12 15 15 0 0 0 
13 15 15 0 0 0 
14 15 15 0 0 0 
15 15 15 0 0 0 
0 0 0 0 0 0 
1 0 0 0 0 0 
2 0 0 0 0 0 
3 0 0 0 0 0 
4 0 0 0 0 0 
5 0 0 0 0 0 
6 0 0 0 0 0 
7 0 0 0 0 0 
8 0 0 0 0 0 
9 0 0 0 0 0 
10 0 0 0 0 0 
11 0 0 0 0 0 
12 0 0 0 0 0 
13 0 0 0 0 0 
14 0 0 0 0 0 
15 0 0 0 0 0 
0 1 1 0 0 0 
1 1 1 0 0 0 
2 1 1 0 0 0 
3 1 1 0 0 0 
4 1 1 0 0 0 
5 1 1 0 0 0 
6 1 1 0 0 0 
7 1 1 0 0 0 
8 1 1 0 0 0 
9 1 1 0 0 0 
10 1 1 0 0 0 
11 1 1 0 0 0 
12 1 1 0 0 0 
13 1 1 0 0 0 
14 1 1 0 0 0 
15 1 1 0 0 0 
0 2 2 0 0 0 
1 2 2 0 0 0 
2 2 2 0 0 0 
3 2 2 0 0 0 
4 2 2 0 0 0 
5 2 2 0 0 0 
6 2 2 0 0 0 
7 2 2 0 0 0 
8 2 2 0 0 0 
9 2 2 0 0 0 
10 2 2 0 0 0 
11 2 2 0 0 0 
12 2 2 0 0 0 
13 2 2 0 0 0 
14 2 2 0 0 0 
15 2 2 0 0 0 
0 3 3 0 0 0 
1 3 3 0 0 0 
2 3 3 0 0 0 
3 3 3 0 0 0 
4 3 3 0 0 0 
5 3 3 0 0 0 
6 3 3 0 0 0 
7 3 3 0 0 0 
8 3 3 0 0 0 
9 3 3 0 0 0 
10 3 3 0 0 0 
11 3 3 0 0 0 
12 3 3 0 0 0 
13 3 3 0 0 0 
14 3 3 0 0 0 
15 3 3 0 0 0 
0 4 4 0 0 0 
1 4 4 0 0 0 
2 4 4 0 0 0 
3 4 4 0 0 0 
4 4 4 0 0 0 
5 4 4 0 0 0 
6 4 4 0 0 0 
7 4 4 0 0 0 
8 4 4 0 0 0 
9 4 4 0 0 0 
10 4 4 0 0 0 
11 4 4 0 0 0 
12 4 4 0 0 0 
13 4 4 0 0 0 
14 4 4 0 0 0 
15 4 4 0 0 0 
0 5 5 0 0 0 
1 5 5 0 0 0 
2 5 5 0 0 0 
3 5 5 0 0 0 
4 5 5 0 0 0 
5 5 5 0 0 0 
6 5 5 0 0 0 
7 5 5 0 0 0 
8 5 5 0 0 0 
9 5 5 0 0 0 
10 5 5 0 0 0 
11 5 5 0 0 0 
12 5 5 0 0 0 
13 5 5 0 0 0 
14 5 5 0 0 0 
15 5 5 0 0 0 
0 6 6 0 0 0 
1 6 6 0 0 0 
2 6 6 0 0 0 
3 6 6 0 0 0 
4 6 6 0 0 0 
5 6 6 0 0 0 
6 6 6 0 0 0 
7 6 6 0 0 0 
8 6 6 0 0 0 
9 6 6 0 0 0 
10 6 6 0 0 0 
11 6 6 0 0 0 
12 6 6 0 0 0 
13 6 6 0 0 0 
14 6 6 0 0 0 
15 6 6 0 0 0 
0 7 7 0 0 0 
1 7 7 0 0 0 
2 7 7 0 0 0 
3 7 7 0 0 0 
4 7 7 0 0 0 
5 7 7 0 0 0 
6 7 7 0 0 0 
7 7 7 0 0 0 
8 7 7 0 0 0 
9 7 7 0 0 0 
10 7 7 0 0 0 
11 7 7 0 0 0 
12 7 7 0 0 0 
13 7 7 0 0 0 
14 7 7 0 0 0 
15 7 7 0 0 0 
0 8 8 0 0 0 
1 8 8 0 0 0 
2 8 8 0 0 0 
3 8 8 0 0 0 
4 8 8 0 0 0 
5 8 8 0 0 0 
6 8 8 0 0 0 
7 8 8 0 0 0 
8 8 8 0 0 0 
9 8 8 0 0 0 
10 8 8 0 0 0 
11 8 8 0 0 0 
12 8 8 0 0 0 
13 8 8 0 0 0 
14 8 8 0 0 0 
15 8 8 0 0 0 
0 9 9 0 0 0 
1 9 9 0 0 0 
2 9 9 0 0 0 
3 9 9 0 0 0 
4 9 9 0 0 0 
5 9 9 0 0 0 
6 9 9 0 0 0 
7 9 9 0 0 0 
8 9 9 0 0 0 
9 9 9 0 0 0 
10 9 9 0 0 0 
11 9 9 0 0 0 
12 9 9 0 0 0 
13 9 9 0 0 0 
14 9 9 0 0 0 
15 9 9 0 0 0 
0 10 10 0 0 0 
1 10 10 0 0 0 
2 10 10 0 0 0 
3 10 10 0 0 0 
4 10 10 0 0 0 
5 10 10 0 0 0 
6 10 10 0 0 0 
7 10 10 0 0 0 
8 10 10 0 0 0 
9 10 10 0 0 0 
10 10 10 0 0 0 
11 10 10 0 0 0 
12 10 10 0 0 0 
13 10 10 0 0 0 
14 10 10 0 0 0 
15 10 10 0 0 0 
0 11 11 0 0 0 
1 11 11 0 0 0 
2 11 11 0 0 0 
3 11 11 0 0 0 
4 11 11 0 0 0 
5 11 11 0 0 0 
6 11 11 0 0 0 
7 11 11 0 0 0 
8 11 11 0 0 0 
9 11 11 0 0 0 
10 11 11 0 0 0 
11 11 11 0 0 0 
12 11 11 0 0 0 
13 11 11 0 0 0 
14 11 11 0 0 0 
15 11 11 0 0 0 
0 12 12 0 0 0 
1 12 12 0 0 0 
2 12 12 0 0 0 
3 12 12 0 0 0 
4 12 12 0 0 0 
5 12 12 0 0 0 
6 12 12 0 0 0 
7 12 12 0 0 0 
8 12 12 0 0 0 
9 12 12 0 0 0 
10 12 12 0 0 0 
11 12 12 0 0 0 
12 12 12 0 0 0 
13 12 12 0 0 0 
14 12 12 0 0 0 
15 12 12 0 0 0 
0 13 13 0 0 0 
1 13 13 0 0 0 
2 13 13 0 0 0 
3 13 13 0 0 0 
4 13 13 0 0 0 
5 13 13 0 0 0 
6 13 13 0 0 0 
7 13 13 0 0 0 
8 13 13 0 0 0 
9 13 13 0 0 0 
10 13 13 0 0 0 
11 13 13 0 0 0 
12 13 13 0 0 0 
13 13 13 0 0 0 
14 13 13 0 0 0 
15 13 13 0 0 0 
0 14 14 0 0 0 
1 14 14 0 0 0 
2 14 14 0 0 0 
3 14 14 0 0 0 
4 14 14 0 0 0 
5 14 14 0 0 0 
6 14 14 0 0 0 
7 14 14 0 0 0 
8 14 14 0 0 0 
9 14 14 0 0 0 
10 14 14 0 0 0 
11 14 14 0 0 0 
12 14 14 0 0 0 
13 14 14 0 0 0 
14 14 14 0 0 0 
15 14 14 0 0 0 
0 15 15 0 0 0 
1 15 15 0 0 0 
2 15 15 0 0 0 
3 15 15 0 0 0 
4 15 15 0 0 0 
5 15 15 0 0 0 
6 15 15 0 0 0 
7 15 15 0 0 0 
8 15 15 0 0 0 
9 15 15 0 0 0 
10 15 15 0 0 0 
11 15 15 0 0 0 
12 15 15 0 0 0 
13 15 15 0 0 0 
14 15 15 0 0 0 
15 15 15 0 0 0 
0 0 0 0 0 0 
1 0 0 0 0 0 
2 0 0 0 0 0 
3 0 0 0 0 0 
4 0 0 0 0 0 
5 0 0 0 0 0 
6 0 0 0 0 0 
7 0 0 0 0 0 
8 0 0 0 0 0 
9 0 0 0 0 0 
10 0 0 0 0 0 
11 0 0 0 0 0 
12 0 0 0 0 0 
13 0 0 0 0 0 
14 0 0 0 0 0 
15 0 0 0 0 0 
0 1 1 0 0 0 
1 1 1 0 0 0 
2 1 1 0 0 0 
3 1 1 0 0 0 
4 1 1 0 0 0 
5 1 1 0 0 0 
6 1 1 0 0 0 
7 1 1 0 0 0 
8 1 1 0 0 0 
9 1 1 0 0 0 
10 1 1 0 0 0 
11 1 1 0 0 0 
12 1 1 0 0 0 
13 1 1 0 0 0 
14 1 1 0 0 0 
15 1 1 0 0 0 
0 2 2 0 0 0 
1 2 2 0 0 0 
2 2 2 0 0 0 
3 2 2 0 0 0 
4 2 2 0 0 0 
5 2 2 0 0 0 
6 2 2 0 0 0 
7 2 2 0 0 0 
8 2 2 0 0 0 
9 2 2 0 0 0 
10 2 2 0 0 0 
11 2 2 0 0 0 
12 2 2 0 0 0 
13 2 2 0 0 0 
14 2 2 0 0 0 
15 2 2 0 0 0 
0 3 3 0 0 0 
1 3 3 0 0 0 
2 3 3 0 0 0 
3 3 3 0 0 0 
4 3 3 0 0 0 
5 3 3 0 0 0 
6 3 3 0 0 0 
7 3 3 0 0 0 
8 3 3 0 0 0 
9 3 3 0 0 0 
10 3 3 0 0 0 
11 3 3 0 0 0 
12 3 3 0 0 0 
13 3 3 0 0 0 
14 3 3 0 0 0 
15 3 3 0 0 0 
0 4 4 0 0 0 
1 4 4 0 0 0 
2 4 4 0 0 0 
3 4 4 0 0 0 
4 4 4 0 0 0 
5 4 4 0 0 0 
6 4 4 0 0 0 
7 4 4 0 0 0 
8 4 4 0 0 0 
9 4 4 0 0 0 
10 4 4 0 0 0 
11 4 4 0 0 0 
12 4 4 0 0 0 
13 4 4 0 0 0 
14 4 4 0 0 0 
15 4 4 0 0 0 
0 5 5 0 0 0 
1 5 5 0 0 0 
2 5 5 0 0 0 
3 5 5 0 0 0 
4 5 5 0 0 0 
5 5 5 0 0 0 
6 5 5 0 0 0 
7 5 5 0 0 0 
8 5 5 0 0 0 
9 5 5 0 0 0 
10 5 5 0 0 0 
11 5 5 0 0 0 
12 5 5 0 0 0 
13 5 5 0 0 0 
14 5 5 0 0 0 
15 5 5 0 0 0 
0 6 6 0 0 0 
1 6 6 0 0 0 
2 6 6 0 0 0 
3 6 6 0 0 0 
4 6 6 0 0 0 
5 6 6 0 0 0 
6 6 6 0 0 0 
7 6 6 0 0 0 
8 6 6 0 0 0 
9 6 6 0 0 0 
10 6 6 0 0 0 
11 6 6 0 0 0 
12 6 6 0 0 0 
13 6 6 0 0 0 
14 6 6 0 0 0 
15 6 6 0 0 0 
0 7 7 0 0 0 
1 7 7 0 0 0 
2 7 7 0 0 0 
3 7 7 0 0 0 
4 7 7 0 0 0 
5 7 7 0 0 0 
6 7 7 0 0 0 
7 7 7 0 0 0 
8 7 7 0 0 0 
9 7 7 0 0 0 
10 7 7 0 0 0 
11 7 7 0 0 0 
12 7 7 0 0 0 
13 7 7 0 0 0 
14 7 7 0 0 0 
15 7 7 0 0 0 
0 8 8 0 0 0 
1 8 8 0 0 0 
2 8 8 0 0 0 
3 8 8 0 0 0 
4 8 8 0 0 0 
5 8 8 0 0 0 
6 8 8 0 0 0 
7 8 8 0 0 0 
8 8 8 0 0 0 
9 8 8 0 0 0 
10 8 8 0 0 0 
11 8 8 0 0 0 
12 8 8 0 0 0 
13 8 8 0 0 0 
14 8 8 0 0 0 
15 8 8 0 0 0 
0 9 9 0 0 0 
1 9 9 0 0 0 
2 9 9 0 0 0 
3 9 9 0 0 0 
4 9 9 0 0 0 
5 9 9 0 0 0 
6 9 9 0 0 0 
7 9 9 0 0 0 
8 9 9 0 0 0 
9 9 9 0 0 0 
10 9 9 0 0 0 
11 9 9 0 0 0 
12 9 9 0 0 0 
13 9 9 0 0 0 
14 9 9 0 0 0 
15 9 9 0 0 0 
0 10 10 0 0 0 
1 10 10 0 0 0 
2 10 10 0 0 0 
3 10 10 0 0 0 
4 10 10 0 0 0 
5 10 10 0 0 0 
6 10 10 0 0 0 
7 10 10 0 0 0 
8 10 10 0 0 0 
9 10 10 0 0 0 
10 10 10 0 0 0 
11 10 10 0 0 0 
12 10 10 0 0 0 
13 10 10 0 0 0 
14 10 10 0 0 0 
15 10 10 0 0 0 
0 11 11 0 0 0 
1 11 11 0 0 0 
2 11 11 0 0 0 
3 11 11 0 0 0 
4 11 11 0 0 0 
5 11 11 0 0 0 
6 11 11 0 0 0 
7 11 11 0 0 0 
8 11 11 0 0 0 
9 11 11 0 0 0 
10 11 11 0 0 0 
11 11 11 0 0 0 
12 11 11 0 0 0 
13 11 11 0 0 0 
14 11 11 0 0 0 
15 11 11 0 0 0 
0 12 12 0 0 0 
1 12 12 0 0 0 
2 12 12 0 0 0 
3 12 12 0 0 0 
4 12 12 0 0 0 
5 12 12 0 0 0 
6 12 12 0 0 0 
7 12 12 0 0 0 
8 12 12 0 0 0 
9 12 12 0 0 0 
10 12 12 0 0 0 
11 12 12 0 0 0 
12 12 12 0 0 0 
13 12 12 0 0 0 
14 12 12 0 0 0 
15 12 12 0 0 0 
0 13 13 0 0 0 
1 13 13 0 0 0 
2 13 13 0 0 0 
3 13 13 0 0 0 
4 13 13 0 0 0 
5 13 13 0 0 0 
6 13 13 0 0 0 
7 13 13 0 0 0 
8 13 13 0 0 0 
9 13 13 0 0 0 
10 13 13 0 0 0 
11 13 13 0 0 0 
12 13 13 0 0 0 
13 13 13 0 0 0 
14 13 13 0 0 0 
15 13 13 0 0 0 
0 14 14 0 0 0 
1 14 14 0 0 0 
2 14 14 0 0 0 
3 14 14 0 0 0 
4 14 14 0 0 0 
5 14 14 0 0 0 
6 14 14 0 0 0 
7 14 14 0 0 0 
8 14 14 0 0 0 
9 14 14 0 0 0 
10 14 14 0 0 0 
11 14 14 0 0 0 
12 14 14 0 0 0 
13 14 14 0 0 0 
14 14 14 0 0 0 
15 14 14 0 0 0 
0 15 15 0 0 0 
1 15 15 0 0 0 
2 15 15 0 0 0 
3 15 15 0 0 0 
4 15 15 0 0 0 
5 15 15 0 0 0 
6 15 15 0 0 0 
7 15 15 0 0 0 
8 15 15 0 0 0 
9 15 15 0 0 0 
10 15 15 0 0 0 
11 15 15 0 0 0 
12 15 15 0 0 0 
13 15 15 0 0 0 
14 15 15 0 0 0 
15 15 15 0 0 0 
0 0 0 0 0 0 
1 0 0 0 0 0 
2 0 0 0 0 0 
3 0 0 0 0 0 
4 0 0 0 0 0 
5 0 0 0 0 0 
6 0 0 0 0 0 
7 0 0 0 0 0 
8 0 0 0 0 0 
9 0 0 0 0 0 
10 0 0 0 0 0 
11 0 0 0 0 0 
12 0 0 0 0 0 
13 0 0 0 0 0 
14 0 0 0 0 0 
15 0 0 0 0 0 
0 1 1 0 0 0 
1 1 1 0 0 0 
2 1 1 0 0 0 
3 1 1 0 0 0 
4 1 1 0 0 0 
5 1 1 0 0 0 
6 1 1 0 0 0 
7 1 1 0 0 0 
8 1 1 0 0 0 
9 1 1 0 0 0 
10 1 1 0 0 0 
11 1 1 0 0 0 
12 1 1 0 0 0 
13 1 1 0 0 0 
14 1 1 0 0 0 
15 1 1 0 0 0 
0 2 2 0 0 0 
1 2 2 0 0 0 
2 2 2 0 0 0 
3 2 2 0 0 0 
4 2 2 0 0 0 
5 2 2 0 0 0 
6 2 2 0 0 0 
7 2 2 0 0 0 
8 2 2 0 0 0 
9 2 2 0 0 0 
10 2 2 0 0 0 
11 2 2 0 0 0 
12 2 2 0 0 0 
13 2 2 0 0 0 
14 2 2 0 0 0 
15 2 2 0 0 0 
0 3 3 0 0 0 
1 3 3 0 0 0 
2 3 3 0 0 0 
3 3 3 0 0 0 
4 3 3 0 0 0 
5 3 3 0 0 0 
6 3 3 0 0 0 
7 3 3 0 0 0 
8 3 3 0 0 0 
9 3 3 0 0 0 
10 3 3 0 0 0 
11 3 3 0 0 0 
12 3 3 0 0 0 
13 3 3 0 0 0 
14 3 3 0 0 0 
15 3 3 0 0 0 
0 4 4 0 0 0 
1 4 4 0 0 0 
2 4 4 0 0 0 
3 4 4 0 0 0 
4 4 4 0 0 0 
5 4 4 0 0 0 
6 4 4 0 0 0 
7 4 4 0 0 0 
8 4 4 0 0 0 
9 4 4 0 0 0 
10 4 4 0 0 0 
11 4 4 0 0 0 
12 4 4 0 0 0 
13 4 4 0 0 0 
14 4 4 0 0 0 
15 4 4 0 0 0 
0 5 5 0 0 0 
1 5 5 0 0 0 
2 5 5 0 0 0 
3 5 5 0 0 0 
4 5 5 0 0 0 
5 5 5 0 0 0 
6 5 5 0 0 0 
7 5 5 0 0 0 
8 5 5 0 0 0 
9 5 5 0 0 0 
10 5 5 0 0 0 
11 5 5 0 0 0 
12 5 5 0 0 0 
13 5 5 0 0 0 
14 5 5 0 0 0 
15 5 5 0 0 0 
0 6 6 0 0 0 
1 6 6 0 0 0 
2 6 6 0 0 0 
3 6 6 0 0 0 
4 6 6 0 0 0 
5 6 6 0 0 0 
6 6 6 0 0 0 
7 6 6 0 0 0 
8 6 6 0 0 0 
9 6 6 0 0 0 
10 6 6 0 0 0 
11 6 6 0 0 0 
12 6 6 0 0 0 
13 6 6 0 0 0 
14 6 6 0 0 0 
15 6 6 0 0 0 
0 7 7 0.0200476 -7.922e-05 5.47399e-05 
1 7 7 0.0194685 -0.000108257 0.00010935 
2 7 7 0.0186599 -0.000153152 0.00013805 
3 7 7 0.017815 -0.000196659 0.000144526 
4 7 7 0.0170764 -0.000224654 0.000132591 
5 7 7 0.016533 -0.000226253 0.000105514 
6 7 7 0.01624 -0.00019822 6.737e-05 
7 7 7 0.0162193 -0.000139384 2.14927e-05 
8 7 7 0.0164744 -4.76612e-05 -3.11484e-05 
9 7 7 0.0169836 2.16911e-06 -6.5437e-05 
10 7 7 0.0175392 -9.37664e-05 -5.14364e-05 
11 7 7 0.0180993 -0.000114643 -5.55398e-05 
12 7 7 0.0187159 -6.23894e-05 -6.34114e-05 
13 7 7 0.0192154 -2.91967e-05 -4.26775e-05 
14 7 7 0.0191425 -4.25463e-05 0.000158479 
15 7 7 0.0153475 -0.000321555 -0.00181174 
0 8 8 0.0216722 -7.53292e-05 3.66272e-05 
1 8 8 0.0210221 -0.000100168 8.4682e-05 
2 8 8 0.020151 -0.00014572 9.92613e-05 
3 8 8 0.0192564 -0.000194242 9.02845e-05 
4 8 8 0.0184815 -0.000229795 6.69442e-05 
5 8 8 0.0179195 -0.000238922 3.59428e-05 
6 8 8 0.0176277 -0.000216883 2.90324e-06 
7 8 8 0.0176335 -0.000163605 -2.86675e-05 
8 8 8 0.0179437 -8.63684e-05 -5.76903e-05 
9 8 8 0.018525 -3.91167e-05 -8.24764e-05 
10 8 8 0.0192041 -8.46357e-05 -9.6462e-05 
11 8 8 0.0198335 -0.000117541 -9.85177e-05 
12 8 8 0.0204279 -8.52734e-05 -8.72138e-05 
13 8 8 0.0208984 -4.17207e-05 -5.28347e-05 
14 8 8 0.0207749 -1.32637e-05 0.000165731 
15 8 8 0.0168118 0.000218457 -0.00189658 
0 9 9 0 0 0 
1 9 9 0 0 0 
2 9 9 0 0 0 
3 9 9 0 0 0 
4 9 9 0 0 0 
5 9 9 0 0 0 
6 9 9 0 0 0 
7 9 9 0 0 0 
8 9 9 0 0 0 
9 9 9 0 0 0 
10 9 9 0 0 0 
11 9 9 0 0 0 
12 9 9 0 0 0 
13 9 9 0 0 0 
14 9 9 0 0 0 
15 9 9 0 0 0 
0 10 10 0 0 0 
1 10 10 0 0 0 
2 10 10 0 0 0 
3 10 10 0 0 0 
4 10 10 0 0 0 
5 10 10 0 0 0 
6 10 10 0 0 0 
7 10 10 0 0 0 
8 10 10 0 0 0 
9 10 10 0 0 0 
10 10 10 0 0 0 
11 10 10 0 0 0 
12 10 10 0 0 0 
13 10 10 0 0 0 
14 10 10 0 0 0 
15 10 10 0 0 0 
0 11 11 0 0 0 
1 11 11 0 0 0 
2 11 11 0 0 0 
3 11 11 0 0 0 
4 11 11 0 0 0 
5 11 11 0 0 0 
6 11 11 0 0 0 
7 11 11 0 0 0 
8 11 11 0 0 0 
9 11 11 0 0 0 
10 11 11 0 0 0 
11 11 11 0 0 0 
12 11 11 0 0 0 
13 11 11 0 0 0 
14 11 11 0 0 0 
15 11 11 0 0 0 
0 12 12 0 0 0 
1 12 12 0 0 0 
2 12 12 0 0 0 
3 12 12 0 0 0 
4 12 12 0 0 0 
5 12 12 0 0 0 
6 12 12 0 0 0 
7 12 12 0 0 0 
8 12 12 0 0 0 
9 12 12 0 0 0 
10 12 12 0 0 0 
11 12 12 0 0 0 
12 12 12 0 0 0 
13 12 12 0 0 0 
14 12 12 0 0 0 
15 12 12 0 0 0 
0 13 13 0 0 0 
1 13 13 0 0 0 
2 13 13 0 0 0 
3 13 13 0 0 0 
4 13 13 0 0 0 
5 13 13 0 0 0 
6 13 13 0 0 0 
7 13 13 0 0 0 
8 13 13 0 0 0 
9 13 13 0 0 0 
10 13 13 0 0 0 
11 13 13 0 0 0 
12 13 13 0 0 0 
13 13 13 0 0 0 
14 13 13 0 0 0 
15 13 13 0 0 0 
0 14 14 0 0 0 
1 14 14 0 0 0 
2 14 14 0 0 0 
3 14 14 0 0 0 
4 14 14 0 0 0 
5 14 14 0 0 0 
6 14 14 0 0 0 
7 14 14 0 0 0 
8 14 14 0 0 0 
9 14 14 0 0 0 
10 14 14 0 0 0 
11 14 14 0 0 0 
12 14 14 0 0 0 
13 14 14 0 0 0 
14 14 14 0 0 0 
15 14 14 0 0 0 
0 15 15 0 0 0 
1 15 15 0 0 0 
2 15 15 0 0 0 
3 15 15 0 0 0 
4 15 15 0 0 0 
5 15 15 0 0 0 
6 15 15 0 0 0 
7 15 15 0 0 0 
8 15 15 0 0 0 
9 15 15 0 0 0 
10 15 15 0 0 0 
11 15 15 0 0 0 
12 15 15 0 0 0 
13 15 15 0 0 0 
14 15 15 0 0 0 
15 15 15 0 0 0 
0 0 0 0 0 0 
1 0 0 0 0 0 
2 0 0 0 0 0 
3 0 0 0 0 0 
4 0 0 0 0 0 
5 0 0 0 0 0 
6 0 0 0 0 0 
7 0 0 0 0 0 
8 0 0 0 0 0 
9 0 0 0 0 0 
10 0 0 0 0 0 
11 0 0 0 0 0 
12 0 0 0 0 0 
13 0 0 0 0 0 
14 0 0 0 0 0 
15 0 0 0 0 0 
0 1 1 0 0 0 
1 1 1 0 0 0 
2 1 1 0 0 0 
3 1 1 0 0 0 
4 1 1 0 0 0 
5 1 1 0 0 0 
6 1 1 0 0 0 
7 1 1 0 0 0 
8 1 1 0 0 0 
9 1 1 0 0 0 
10 1 1 0 0 0 
11 1 1 0 0 0 
12 1 1 0 0 0 
13 1 1 0 0 0 
14 1 1 0 0 0 
15 1 1 0 0 0 
0 2 2 0 0 0 
1 2 2 0 0 0 
2 2 2 0 0 0 
3 2 2 0 0 0 
4 2 2 0 0 0 
5 2 2 0 0 0 
6 2 2 0 0 0 
7 2 2 0 0 0 
8 2 2 0 0 0 
9 2 2 0 0 0 
10 2 2 0 0 0 
11 2 2 0 0 0 
12 2 2 0 0 0 
13 2 2 0 0 0 
14 2 2 0 0 0 
15 2 2 0 0 0 
0 3 3 0 0 0 
1 3 3 0 0 0 
2 3 3 0 0 0 
3 3 3 0 0 0 
4 3 3 0 0 0 
5 3 3 0 0 0 
6 3 3 0 0 0 
7 3 3 0 0 0 
8 3 3 0 0 0 
9 3 3 0 0 0 
10 3 3 0 0 0 
11 3 3 0 0 0 
12 3 3 0 0 0 
13 3 3 0 0 0 
14 3 3 0 0 0 
15 3 3 0 0 0 
0 4 4 0 0 0 
1 4 4 0 0 0 
2 4 4 0 0 0 
3 4 4 0 0 0 
4 4 4 0 0 0 
5 4 4 0 0 0 
6 4 4 0 0 0 
7 4 4 0 0 0 
8 4 4 0 0 0 
9 4 4 0 0 0 
10 4 4 0 0 0 
11 4 4 0 0 0 
12 4 4 0 0 0 
13 4 4 0 0 0 
14 4 4 0 0 0 
15 4 4 0 0 0 
0 5 5 0.0508835 7.75003e-05 9.15043e-05 
1 5 5 0.0497876 3.21704e-05 0.000248273 
2 5 5 0.0483645 -4.94751e-05 0.000352587 
3 5 5 0.0469294 -0.000136025 0.00040147 
4 5 5 0.0457066 -0.000206994 0.000397586 
5 5 5 0.0448381 -0.000253485 0.000349809 
6 5 5 0.0444021 -0.000277788 0.000271897 
7 5 5 0.0444157 -0.000293747 0.00018481 
8 5 5 0.0448453 -0.000335098 0.000122997 
9 5 5 0.0456293 -0.000312602 5.35738e-05 
10 5 5 0.0464607 -2.91703e-05 -0.000163141 
11 5 5 0.0474204 4.67748e-05 -0.000256239 
12 5 5 0.048507 -3.16989e-06 -0.000210663 
13 5 5 0.0493504 -3.01208e-05 -0.000112448 
14 5 5 0.0493444 0.000154235 0.000223906 
15 5 5 0.044419 -0.00190157 -0.00239089 
0 6 6 0.169513 0.00036083 0.000497925 
1 6 6 0.167034 0.000265705 0.000890912 
2 6 6 0.164107 2.70869e-05 0.00108775 
3 6 6 0.161336 -0.000256121 0.00111513 
4 6 6 0.159136 -0.000509595 0.00099986 
5 6 6 0.157749 -0.00068634 0.000772279 
6 6 6 0.157278 -0.000770334 0.000470067 
7 6 6 0.15768 -0.000767007 0.00014359 
8 6 6 0.158692 -0.000687759 -0.000108804 
9 6 6 0.164807 -0.000491785 -0.000186478 
10 6 6 0.163751 -0.000363883 -0.000611943 
11 6 6 0.163868 -0.000271402 -0.000765105 
12 6 6 0.166414 -0.00019184 -0.000673952 
13 6 6 0.168172 -0.000102535 -0.000394865 
14 6 6 0.168451 0.000302756 0.000631796 
15 6 6 0.164933 -0.00254681 -0.00499724 
0 7 7 0.346263 0.000550215 0.00149911 
1 7 7 0.342328 0.000386888 0.00206931 
2 7 7 0.338065 -1.79318e-05 0.00218834 
3 7 7 0.334238 -0.000511276 0.00197594 
4 7 7 0.331362 -0.000960095 0.00152824 
5 7 7 0.329728 -0.00126188 0.000925198 
6 7 7 0.329457 -0.00136045 0.000241176 
7 7 7 0.330489 -0.00122725 -0.000445974 
8 7 7 0.332591 -0.000816869 -0.00104833 
9 7 7 0.335452 -0.000301987 -0.00139564 
10 7 7 0.338514 -0.000486636 -0.00145974 
11 7 7 0.341568 -0.000666577 -0.00142851 
12 7 7 0.344476 -0.000454043 -0.00122426 
13 7 7 0.346591 -0.000192737 -0.00070574 
14 7 7 0.347272 0.000123192 0.00104942 
15 7 7 0.346999 -0.00140292 -0.00740567 
0 8 8 0.367478 0.000221621 0.00172053 
1 8 8 0.363299 -8.74379e-05 0.00221267 
2 8 8 0.358936 -0.00049348 0.00215847 
3 8 8 0.355127 -0.000906919 0.00174338 
4 8 8 0.352339 -0.00123514 0.0011161 
5 8 8 0.350834 -0.00139758 0.000392697 
6 8 8 0.350725 -0.00134962 -0.000335291 
7 8 8 0.351986 -0.00108242 -0.000989307 
8 8 8 0.354479 -0.000627322 -0.00150342 
9 8 8 0.357934 -0.000157043 -0.00181893 
10 8 8 0.361712 -2.29393e-05 -0.00188279 
11 8 8 0.365028 -0.000127608 -0.00171494 
12 8 8 0.36764 -0.000127871 -0.00134688 
13 8 8 0.3694 -5.60409e-05 -0.000719482 
14 8 8 0.369827 -0.000138553 0.00116653 
15 8 8 0.369781 0.000832711 -0.00776189 
0 9 9 0.208571 -0.000171657 0.000772133 
1 9 9 0.205756 -0.000488456 0.000982027 
2 9 9 0.202691 -0.000753503 0.000902354 
3 9 9 0.199954 -0.000941296 0.000644098 
4 9 9 0.197909 -0.00102696 0.000297578 
5 9 9 0.196762 -0.000988089 -6.79645e-05 
6 9 9 0.196607 -0.000823445 -0.000403424 
7 9 9 0.197441 -0.000552852 -0.000674303 
8 9 9 0.199165 -0.000228032 -0.00086076 
9 9 9 0.201551 6.15024e-05 -0.000957787 
10 9 9 0.204225 0.000211309 -0.000969406 
11 9 9 0.206738 0.00021756 -0.000888277 
12 9 9 0.208769 0.000163253 -0.000703637 
13 9 9 0.210116 6.84805e-05 -0.000387506 
14 9 9 0.210255 -0.000378387 0.000708883 
15 9 9 0.207242 0.00236449 -0.00556824 
0 10 10 0.0602584 -0.000134647 0.000105894 
1 10 10 0.059051 -0.000276433 0.000151224 
2 10 10 0.0575775 -0.000376344 0.00012348 
3 10 10 0.0561621 -0.000430068 5.51435e-05 
4 10 10 0.0550212 -0.000436422 -2.7589e-05 
5 10 10 0.0542847 -0.000392679 -0.000105592 
6 10 10 0.0540203 -0.000306507 -0.000167739 
7 10 10 0.0542452 -0.000190364 -0.000209468 
8 10 10 0.054923 -6.59924e-05 -0.000231969 
9 10 10 0.0559548 3.9801e-05 -0.000239988 
10 10 10 0.0571844 0.000101351 -0.000237684 
11 10 10 0.0584263 0.000114273 -0.000222447 
12 10 10 0.0595072 9.15511e-05 -0.000187421 
13 10 10 0.060264 3.06883e-05 -0.000121089 
14 10 10 0.0601653 -0.00028347 0.000231487 
15 10 10 0.0555103 0.00205829 -0.00272778 
0 11 11 0 0 0 
1 11 11 0 0 0 
2 11 11 0 0 0 
3 11 11 0 0 0 
4 11 11 0 0 0 
5 11 11 0 0 0 
6 11 11 0 0 0 
7 11 11 0 0 0 
8 11 11 0 0 0 
9 11 11 0 0 0 
10 11 11 0 0 0 
11 11 11 0 0 0 
12 11 11 0 0 0 
13 11 11 0 0 0 
14 11 11 0 0 0 
15 11 11 0 0 0 
0 12 12 0 0 0 
1 12 12 0 0 0 
2 12 12 0 0 0 
3 12 12 0 0 0 
4 12 12 0 0 0 
5 12 12 0 0 0 
6 12 12 0 0 0 
7 12 12 0 0 0 
8 12 12 0 0 0 
9 12 12 0 0 0 
10 12 12 0 0 0 
11 12 12 0 0 0 
12 12 12 0 0 0 
13 12 12 0 0 0 
14 12 12 0 0 0 
15 12 12 0 0 0 
0 13 13 0 0 0 
1 13 13 0 0 0 
2 13 13 0 0 0 
3 13 13 0 0 0 
4 13 13 0 0 0 
5 13 13 0 0 0 
6 13 13 0 0 0 
7 13 13 0 0 0 
8 13 13 0 0 0 
9 13 13 0 0 0 
10 13 13 0 0 0 
11 13 13 0 0 0 
12 13 13 0 0 0 
13 13 13 0 0 0 
14 13 13 0 0 0 
15 13 13 0 0 0 
0 14 14 0 0 0 
1 14 14 0 0 0 
2 14 14 0 0 0 
3 14 14 0 0 0 
4 14 14 0 0 0 
5 14 14 0 0 0 
6 14 14 0 0 0 
7 14 14 0 0 0 
8 14 14 0 0 0 
9 14 14 0 0 0 
10 14 14 0 0 0 
11 14 14 0 0 0 
12 14 14 0 0 0 
13 14 14 0 0 0 
14 14 14 0 0 0 
15 14 14 0 0 0 
0 15 15 0 0 0 
1 15 15 0 0 0 
2 15 15 0 0 0 
3 15 15 0 0 0 
4 15 15 0 0 0 
5 15 15 0 0 0 
6 15 15 0 0 0 
7 15 15 0 0 0 
8 15 15 0 0 0 
9 15 15 0 0 0 
10 15 15 0 0 0 
11 15 15 0 0 0 
12 15 15 0 0 0 
13 15 15 0 0 0 
14 15 15 0 0 0 
15 15 15 0 0 0 
0 0 0 0 0 0 
1 0 0 0 0 0 
2 0 0 0 0 0 
3 0 0 0 0 0 
4 0 0 0 0 0 
5 0 0 0 0 0 
6 0 0 0 0 0 
7 0 0 0 0 0 
8 0 0 0 0 0 
9 0 0 0 0 0 
10 0 0 0 0 0 
11 0 0 0 0 0 
12 0 0 0 0 0 
13 0 0 0 0 0 
14 0 0 0 0 0 
15 0 0 0 0 0 
0 1 1 0 0 0 
1 1 1 0 0 0 
2 1 1 0 0 0 
3 1 1 0 0 0 
4 1 1 0 0 0 
5 1 1 0 0 0 
6 1 1 0 0 0 
7 1 1 0 0 0 
8 1 1 0 0 0 
9 1 1 0 0 0 
10 1 1 0 0 0 
11 1 1 0 0 0 
12 1 1 0 0 0 
13 1 1 0 0 0 
14 1 1 0 0 0 
15 1 1 0 0 0 
0 2 2 0 0 0 
1 2 2 0 0 0 
2 2 2 0 0 0 
3 2 2 0 0 0 
4 2 2 0 0 0 
5 2 2 0 0 0 
6 2 2 0 0 0 
7 2 2 0 0 0 
8 2 2 0 0 0 
9 2 2 0 0 0 
10 2 2 0 0 0 
11 2 2 0 0 0 
12 2 2 0 0 0 
13 2 2 0 0 0 
14 2 2 0 0 0 
15 2 2 0 0 0 
0 3 3 0 0 0 
1 3 3 0 0 0 
2 3 3 0 0 0 
3 3 3 0 0 0 
4 3 3 0 0 0 
5 3 3 0 0 0 
6 3 3 0 0 0 
7 3 3 0 0 0 
8 3 3 0 0 0 
9 3 3 0 0 0 
10 3 3 0 0 0 
11 3 3 0 0 0 
12 3 3 0 0 0 
13 3 3 0 0 0 
14 3 3 0 0 0 
15 3 3 0 0 0 
0 4 4 0.0465194 0.000124684 4.71492e-05 
1 4 4 0.0453666 0.000142181 0.0001934 
2 4 4 0.0439485 0.000111744 0.000303613 
3 4 4 0.0425467 6.00654e-05 0.000364503 
4 4 4 0.0413559 3.52748e-06 0.000374353 
5 4 4 0.0405062 -4.94645e-05 0.000340845 
6 4 4 0.0400757 -9.80356e-05 0.0002786 
7 4 4 0.0400967 -0.000143682 0.000204816 
8 4 4 0.0405579 -0.000186137 0.000132001 
9 4 4 0.0413939 -0.000197142 4.03788e-05 
10 4 4 0.0423962 -0.000139884 -9.6034e-05 
11 4 4 0.0433406 -7.17355e-05 -0.000195932 
12 4 4 0.0441709 -4.58483e-05 -0.000191744 
13 4 4 0.0447861 -2.79195e-05 -0.000108799 
14 4 4 0.0446313 0.000226854 0.000173157 
15 4 4 0.0396996 -0.00243871 -0.0016426 
0 5 5 0.304293 0.00146158 0.000597689 
1 5 5 0.30008 0.00152244 0.0012219 
2 5 5 0.295603 0.00123614 0.00160478 
3 5 5 0.291592 0.000773275 0.00174041 
4 5 5 0.288526 0.000258246 0.00164325 
5 5 5 0.286686 -0.000232994 0.00135086 
6 5 5 0.286189 -0.000663392 0.000927389 
7 5 5 0.287003 -0.00102289 0.000459812 
8 5 5 0.288972 -0.00132067 5.10674e-05 
9 5 5 0.291847 -0.00144241 -0.000297473 
10 5 5 0.29497 -0.00109007 -0.000782481 
11 5 5 0.297706 -0.000615298 -0.00115303 
12 5 5 0.300004 -0.000344853 -0.00109316 
13 5 5 0.301599 -9.77115e-05 -0.000670365 
14 5 5 0.301795 0.000909122 0.000607053 
15 5 5 0.300178 -0.00509155 -0.00480581 
0 6 6 0.814093 0.00439548 0.0029551 
1 6 6 0.808709 0.00480357 0.0040959 
2 6 6 0.802986 0.00421454 0.00440965 
3 6 6 0.797841 0.00301274 0.00411632 
4 6 6 0.793852 0.00153632 0.00335909 
5 6 6 0.791346 4.72267e-05 0.00225106 
6 6 6 0.790466 -0.00127172 0.000920758 
7 6 6 0.791163 -0.00230278 -0.000457895 
8 6 6 0.793181 -0.00298608 -0.00163863 
9 6 6 0.796149 -0.00321873 -0.00237789 
10 6 6 0.799656 -0.00279509 -0.002954 
11 6 6 0.803316 -0.00201531 -0.00334005 
12 6 6 0.806729 -0.00119191 -0.00302114 
13 6 6 0.809307 -0.000307175 -0.0019675 
14 6 6 0.811169 0.0010161 0.000209225 
15 6 6 0.816515 -0.00429298 -0.0076388 
0 7 7 1.12857 0.004413 0.00604976 
1 7 7 1.12574 0.00508968 0.00764759 
2 7 7 1.12228 0.00479267 0.00755005 
3 7 7 1.1189 0.0037659 0.00638251 
4 7 7 1.11596 0.00231839 0.00456058 
5 7 7 1.11369 0.000754172 0.0023622 
6 7 7 1.11225 -0.000670518 1.00058e-05 
7 7 7 1.11171 -0.00175506 -0.00226448 
8 7 7 1.11208 -0.00234674 -0.0041895 
9 7 7 1.11334 -0.0023796 -0.0054678 
10 7 7 1.1154 -0.00209293 -0.00598927 
11 7 7 1.11794 -0.00168781 -0.00578861 
12 7 7 1.1206 -0.00102802 -0.00479294 
13 7 7 1.123 -0.000179033 -0.00304588 
14 7 7 1.12548 0.00068676 -0.000658042 
15 7 7 1.13006 -0.00111052 -0.00819882 
0 8 8 1.15031 0.00188147 0.00707591 
1 8 8 1.14833 0.00190327 0.00878085 
2 8 8 1.14581 0.00172732 0.00845264 
3 8 8 1.14337 0.00130351 0.00684208 
4 8 8 1.1413 0.000725857 0.00449786 
5 8 8 1.13974 0.000148176 0.00181092 
6 8 8 1.13876 -0.000282998 -0.000917313 
7 8 8 1.13847 -0.000461803 -0.00341744 
8 8 8 1.13896 -0.000339523 -0.00542832 
9 8 8 1.1403 4.01575e-05 -0.00670254 
10 8 8 1.14242 0.000473176 -0.0070664 
11 8 8 1.145 0.00075175 -0.00648963 
12 8 8 1.14756 0.000888928 -0.00507864 
13 8 8 1.14984 0.000929177 -0.00302357 
14 8 8 1.15228 0.0008121 -0.000518673 
15 8 8 1.15673 0.00219381 -0.00799804 
0 9 9 0.881986 -0.000541387 0.00506758 
1 9 9 0.878375 -0.00119789 0.00598606 
2 9 9 0.874538 -0.00147008 0.00550083 
3 9 9 0.871244 -0.00150002 0.00414142 
4 9 9 0.868893 -0.00133402 0.0023228 
5 9 9 0.867667 -0.000972602 0.00035583 
6 9 9 0.867644 -0.000424319 -0.00152453 
7 9 9 0.868829 0.00027034 -0.00312608 
8 9 9 0.871151 0.00102525 -0.00428844 
9 9 9 0.874419 0.00170652 -0.00488732 
10 9 9 0.878279 0.00214253 -0.00486555 
11 9 9 0.882205 0.0022125 -0.00425394 
12 9 9 0.885637 0.0019218 -0.00316236 
13 9 9 0.888219 0.00131392 -0.00169569 
14 9 9 0.890397 0.000160983 0.000496191 
15 9 9 0.896125 0.0048267 -0.0075971 
0 10 10 0.39288 -0.000833075 0.00153001 
1 10 10 0.389069 -0.00139977 0.00174428 
2 10 10 0.385037 -0.00162844 0.00147636 
3 10 10 0.38156 -0.00159461 0.000933337 
4 10 10 0.379109 -0.00135505 0.000277533 
5 10 10 0.377937 -0.000950646 -0.000372635 
6 10 10 0.378133 -0.000432151 -0.000938861 
7 10 10 0.37966 0.000136466 -0.00136976 
8 10 10 0.382336 0.000675133 -0.00163485 
9 10 10 0.385833 0.00109523 -0.00172184 
10 10 10 0.38969 0.00131371 -0.00163899 
11 10 10 0.393386 0.00129171 -0.00140873 
12 10 10 0.396442 0.00104749 -0.00105661 
13 10 10 0.39849 0.000577597 -0.000563277 
14 10 10 0.399118 -0.000817294 0.000823372 
15 10 10 0.399911 0.0056316 -0.00594956 
0 11 11 0.0663825 -0.000147607 8.69405e-05 
1 11 11 0.0651329 -0.00028169 0.00010804 
2 11 11 0.0636074 -0.000348374 6.40311e-05 
3 11 11 0.0621494 -0.000358232 -1.09185e-05 
4 11 11 0.0609866 -0.000323095 -9.12221e-05 
5 11 11 0.0602572 -0.000250237 -0.000159365 
6 11 11 0.0600282 -0.000152377 -0.000207409 
7 11 11 0.0603124 -4.29243e-05 -0.00023422 
8 11 11 0.061064 6.20562e-05 -0.0002425 
9 11 11 0.0621784 0.000147025 -0.000237107 
10 11 11 0.0634985 0.000196353 -0.000222229 
11 11 11 0.0648399 0.000202615 -0.000199682 
12 11 11 0.0660162 0.000168075 -0.000166369 
13 11 11 0.0668408 8.69571e-05 -0.000109163 
14 11 11 0.066777 -0.000306159 0.000206728 
15 11 11 0.0621211 0.00273193 -0.00226946 
0 12 12 0 0 0 
1 12 12 0 0 0 
2 12 12 0 0 0 
3 12 12 0 0 0 
4 12 12 0 0 0 
5 12 12 0 0 0 
6 12 12 0 0 0 
7 12 12 0 0 0 
8 12 12 0 0 0 
9 12 12 0 0 0 
10 12 12 0 0 0 
11 12 12 0 0 0 
12 12 12 0 0 0 
13 12 12 0 0 0 
14 12 12 0 0 0 
15 12 12 0 0 0 
0 13 13 0 0 0 
1 13 13 0 0 0 
2 13 13 0 0 0 
3 13 13 0 0 0 
4 13 13 0 0 0 
5 13 13 0 0 0 
6 13 13 0 0 0 
7 13 13 0 0 0 
8 13 13 0 0 0 
9 13 13 0 0 0 
10 13 13 0 0 0 
11 13 13 0 0 0 
12 13 13 0 0 0 
13 13 13 0 0 0 
14 13 13 0 0 0 
15 13 13 0 0 0 
0 14 14 0 0 0 
1 14 14 0 0 0 
2 14 14 0 0 0 
3 14 14 0 0 0 
4 14 14 0 0 0 
5 14 14 0 0 0 
6 14 14 0 0 0 
7 14 14 0 0 0 
8 14 14 0 0 0 
9 14 14 0 0 0 
10 14 14 0 0 0 
11 14 14 0 0 0 
12 14 14 0 0 0 
13 14 14 0 0 0 
14 14 14 0 0 0 
15 14 14 0 0 0 
0 15 15 0 0 0 
1 15 15 0 0 0 
2 15 15 0 0 0 
3 15 15 0 0 0 
4 15 15 0 0 0 
5 15 15 0 0 0 
6 15 15 0 0 0 
7 15 15 0 0 0 
8 15 15 0 0 0 
9 15 15 0 0 0 
10 15 15 0 0 0 
11 15 15 0 0 0 
12 15 15 0 0 0 
13 15 15 0 0 0 
14 15 15 0 0 0 
15 15 15 0 0 0 
0 0 0 0 0 0 
1 0 0 0 0 0 
2 0 0 0 0 0 
3 0 0 0 0 0 
4 0 0 0 0 0 
5 0 0 0 0 0 
6 0 0 0 0 0 
7 0 0 0 0 0 
8 0 0 0 0 0 
9 0 0 0 0 0 
10 0 0 0 0 0 
11 0 0 0 0 0 
12 0 0 0 0 0 
13 0 0 0 0 0 
14 0 0 0 0 0 
15 0 0 0 0 0 
0 1 1 0 0 0 
1 1 1 0 0 0 
2 1 1 0 0 0 
3 1 1 0 0 0 
4 1 1 0 0 0 
5 1 1 0 0 0 
6 1 1 0 0 0 
7 1 1 0 0 0 
8 1 1 0 0 0 
9 1 1 0 0 0 
10 1 1 0 0 0 
11 1 1 0 0 0 
12 1 1 0 0 0 
13 1 1 0 0 0 
14 1 1 0 0 0 
15 1 1 0 0 0 
0 2 2 0 0 0 
1 2 2 0 0 0 
2 2 2 0 0 0 
3 2 2 0 0 0 
4 2 2 0 0 0 
5 2 2 0 0 0 
6 2 2 0 0 0 
7 2 2 0 0 0 
8 2 2 0 0 0 
9 2 2 0 0 0 
10 2 2 0 0 0 
11 2 2 0 0 0 
12 2 2 0 0 0 
13 2 2 0 0 0 
14 2 2 0 0 0 
15 2 2 0 0 0 
0 3 3 0 0 0 
1 3 3 0 0 0 
2 3 3 0 0 0 
3 3 3 0 0 0 
4 3 3 0 0 0 
5 3 3 0 0 0 
6 3 3 0 0 0 
7 3 3 0 0 0 
8 3 3 0 0 0 
9 3 3 0 0 0 
10 3 3 0 0 0 
11 3 3 0 0 0 
12 3 3 0 0 0 
13 3 3 0 0 0 
14 3 3 0 0 0 
15 3 3 0 0 0 
0 4 4 0.158542 0.00069112 0.000107454 
1 4 4 0.155623 0.000883343 0.000371112 
2 4 4 0.152444 0.000864621 0.000576794 
3 4 4 0.149551 0.000712277 0.000693769 
4 4 4 0.147286 0.000485909 0.000712002 
5 4 4 0.145858 0.000226071 0.000639042 
6 4 4 0.145363 -3.98418e-05 0.000500753 
7 4 4 0.145804 -0.000289645 0.000330617 
8 4 4 0.147073 -0.000497224 0.000155686 
9 4 4 0.148967 -0.00062329 -2.53004e-05 
10 4 4 0.151137 -0.000628343 -0.00022201 
11 4 4 0.153175 -0.000528514 -0.000374459 
12 4 4 0.154808 -0.000378256 -0.000393848 
13 4 4 0.155842 -0.000166283 -0.000257999 
14 4 4 0.155637 0.000719926 0.000259611 
15 4 4 0.151476 -0.00488443 -0.00198316 
0 5 5 0.79267 0.00521074 0.00134602 
1 5 5 0.786149 0.00614422 0.00209658 
2 5 5 0.779467 0.00585923 0.00249413 
3 5 5 0.773622 0.00477714 0.00258132 
4 5 5 0.769191 0.00323903 0.00237094 
5 5 5 0.766471 0.00150478 0.00188232 
6 5 5 0.765553 -0.000222432 0.00117641 
7 5 5 0.766371 -0.0017743 0.000360764 
8 5 5 0.768704 -0.00299957 -0.000426798 
9 5 5 0.772196 -0.00373934 -0.0010814 
10 5 5 0.776267 -0.00381811 -0.00159155 
11 5 5 0.780107 -0.0032248 -0.00191338 
12 5 5 0.783078 -0.0021911 -0.00186305 
13 5 5 0.784902 -0.000869146 -0.00132077 
14 5 5 0.785971 0.00130735 3.53921e-05 
15 5 5 0.790683 -0.00707204 -0.00452076 
0 6 6 1.39382 0.00857891 0.00444421 
1 6 6 1.39377 0.0109262 0.0058046 
2 6 6 1.39265 0.0111347 0.00581754 
3 6 6 1.39083 0.00981181 0.00507773 
4 6 6 1.38855 0.00748567 0.00390393 
5 6 6 1.38601 0.00459895 0.00244317 
6 6 6 1.38338 0.00153426 0.000790122 
7 6 6 1.38084 -0.00136687 -0.000930528 
8 6 6 1.3786 -0.00379674 -0.00253106 
9 6 6 1.37692 -0.00547398 -0.00379258 
10 6 6 1.37601 -0.0061476 -0.00456968 
11 6 6 1.3759 -0.00569877 -0.00478422 
12 6 6 1.37639 -0.00426353 -0.00431394 
13 6 6 1.37729 -0.00217995 -0.00315441 
14 6 6 1.37881 -3.09101e-05 -0.00166001 
15 6 6 1.38091 -0.00391103 -0.00548289 
0 7 7 1.68988 0.00572208 0.00663989 
1 7 7 1.69794 0.00797965 0.0097166 
2 7 7 1.70577 0.00898691 0.0100055 
3 7 7 1.71217 0.00884645 0.00866346 
4 7 7 1.71646 0.00775321 0.00644985 
5 7 7 1.7183 0.00596534 0.00379076 
6 7 7 1.71761 0.00377998 0.000939116 
7 7 7 1.71453 0.00150724 -0.00189718 
8 7 7 1.70947 -0.000556613 -0.00448579 
9 7 7 1.70306 -0.00215278 -0.00655538 
10 7 7 1.69619 -0.00309031 -0.00784337 
11 7 7 1.68981 -0.00325632 -0.00812416 
12 7 7 1.68476 -0.00263172 -0.00725662 
13 7 7 1.68164 -0.00138094 -0.00539141 
14 7 7 1.68062 2.19052e-05 -0.00332043 
15 7 7 1.68032 -0.000433241 -0.00564521 
0 8 8 1.70351 0.000838758 0.00726937 
1 8 8 1.71288 0.000824299 0.0109544 
2 8 8 1.72242 0.00157853 0.0115204 
3 8 8 1.73074 0.00243361 0.0101107 
4 8 8 1.73698 0.00303854 0.00755461 
5 8 8 1.74061 0.00330886 0.00438808 
6 8 8 1.74137 0.0033118 0.000979631 
7 8 8 1.7393 0.00317068 -0.00236831 
8 8 8 1.73475 0.00299736 -0.0053618 
9 8 8 1.72837 0.00285376 -0.00769082 
10 8 8 1.72114 0.00273239 -0.00904914 
11 8 8 1.71415 0.00258808 -0.00918546 
12 8 8 1.70847 0.00239458 -0.00800853 
13 8 8 1.70488 0.00216887 -0.00576991 
14 8 8 1.70363 0.00203179 -0.00337493 
15 8 8 1.70335 0.00307518 -0.00538809 
0 9 9 1.44531 -0.0030885 0.00671014 
1 9 9 1.44935 -0.00429329 0.00889063 
2 9 9 1.45281 -0.00386307 0.00884491 
3 9 9 1.45561 -0.00264244 0.0073481 
4 9 9 1.45755 -0.00112126 0.00500614 
5 9 9 1.45843 0.000475029 0.00226363 
6 9 9 1.45818 0.00204705 -0.000541692 
7 9 9 1.45691 0.00352343 -0.00313008 
8 9 9 1.45492 0.00480512 -0.00525016 
9 9 9 1.45267 0.00575 -0.00666858 
10 9 9 1.45069 0.00618753 -0.00719686 
11 9 9 1.44945 0.00598437 -0.00674417 
12 9 9 1.44919 0.00512693 -0.0053843 
13 9 9 1.44997 0.00376827 -0.00340176 
14 9 9 1.45194 0.00236861 -0.001429 
15 9 9 1.45449 0.0059157 -0.00487632 
0 10 10 0.901679 -0.00317894 0.00346027 
1 10 10 0.898876 -0.00413348 0.00398262 
2 10 10 0.895859 -0.00397244 0.00354895 
3 10 10 0.893319 -0.00313314 0.00253431 
4 10 10 0.891594 -0.00190685 0.00124068 
5 10 10 0.89084 -0.000479353 -0.000106636 
6 10 10 0.891128 0.00100605 -0.00134424 
7 10 10 0.892476 0.00240641 -0.00235246 
8 10 10 0.894834 0.00356772 -0.00303961 
9 10 10 0.898044 0.00433478 -0.00334137 
10 10 10 0.901812 0.00457941 -0.0032351 
11 10 10 0.905715 0.0042479 -0.00275694 
12 10 10 0.909265 0.00339073 -0.00199792 
13 10 10 0.91209 0.00208442 -0.00104536 
14 10 10 0.914613 5.57919e-06 0.000275626 
15 10 10 0.920675 0.00782598 -0.00474903 
0 11 11 0.220614 -0.000701985 0.000380729 
1 11 11 0.218002 -0.00104545 0.000415155 
2 11 11 0.215102 -0.00110711 0.000305563 
3 11 11 0.212515 -0.000971066 0.000124166 
4 11 11 0.210623 -0.000706667 -7.49396e-05 
5 11 11 0.209643 -0.000363749 -0.000254581 
6 11 11 0.209663 1.25748e-05 -0.000395302 
7 11 11 0.210668 0.000377332 -0.000490014 
8 11 11 0.212532 0.000686266 -0.000537194 
9 11 11 0.215019 0.000899356 -0.000538831 
10 11 11 0.217805 0.000983979 -0.000501003 
11 11 11 0.220523 0.00092766 -0.000432053 
12 11 11 0.222826 0.000738363 -0.000337976 
13 11 11 0.224398 0.000397547 -0.000205938 
14 11 11 0.224649 -0.000804875 0.00026928 
15 11 11 0.222235 0.00567023 -0.00290781 
0 12 12 0.00924503 -1.79093e-05 -1.01184e-05 
1 12 12 0.00896498 -4.32222e-05 -1.22093e-05 
2 12 12 0.00855971 -5.41341e-05 -1.50086e-05 
3 12 12 0.00813536 -5.40443e-05 -1.72534e-05 
4 12 12 0.00776536 -4.64857e-05 -1.8105e-05 
5 12 12 0.00749779 -3.36206e-05 -1.71982e-05 
6 12 12 0.00735791 -1.75806e-05 -1.48973e-05 
7 12 12 0.00735821 -6.30089e-07 -1.19255e-05 
8 12 12 0.00749431 1.52402e-05 -9.08607e-06 
9 12 12 0.00774598 2.8428e-05 -6.95965e-06 
10 12 12 0.00807609 3.66593e-05 -5.91956e-06 
11 12 12 0.00844047 3.87315e-05 -6.08382e-06 
12 12 12 0.00878274 3.38954e-05 -6.98224e-06 
13 12 12 0.00903834 1.98088e-05 -7.82815e-06 
14 12 12 0.00898183 -7.8232e-05 -5.28874e-06 
15 12 12 0.00671364 0.0010075 -0.000409015 
0 13 13 0 0 0 
1 13 13 0 0 0 
2 13 13 0 0 0 
3 13 13 0 0 0 
4 13 13 0 0 0 
5 13 13 0 0 0 
6 13 13 0 0 0 
7 13 13 0 0 0 
8 13 13 0 0 0 
9 13 13 0 0 0 
10 13 13 0 0 0 
11 13 13 0 0 0 
12 13 13 0 0 0 
13 13 13 0 0 0 
14 13 13 0 0 0 
15 13 13 0 0 0 
0 14 14 0 0 0 
1 14 14 0 0 0 
2 14 14 0 0 0 
3 14 14 0 0 0 
4 14 14 0 0 0 
5 14 14 0 0 0 
6 14 14 0 0 0 
7 14 14 0 0 0 
8 14 14 0 0 0 
9 14 14 0 0 0 
10 14 14 0 0 0 
11 14 14 0 0 0 
12 14 14 0 0 0 
13 14 14 0 0 0 
14 14 14 0 0 0 
15 14 14 0 0 0 
0 15 15 0 0 0 
1 15 15 0 0 0 
2 15 15 0 0 0 
3 15 15 0 0 0 
4 15 15 0 0 0 
5 15 15 0 0 0 
6 15 15 0 0 0 
7 15 15 0 0 0 
8 15 15 0 0 0 
9 15 15 0 0 0 
10 15 15 0 0 0 
11 15 15 0 0 0 
12 15 15 0 0 0 
13 15 15 0 0 0 
14 15 15 0 0 0 
15 15 15 0 0 0 
0 0 0 0 0 0 
1 0 0 0 0 0 
2 0 0 0 0 0 
3 0 0 0 0 0 
4 0 0 0 0 0 
5 0 0 0 0 0 
6 0 0 0 0 0 
7 0 0 0 0 0 
8 0 0 0 0 0 
9 0 0 0 0 0 
10 0 0 0 0 0 
11 0 0 0 0 0 
12 0 0 0 0 0 
13 0 0 0 0 0 
14 0 0 0 0 0 
15 0 0 0 0 0 
0 1 1 0 0 0 
1 1 1 0 0 0 
2 1 1 0 0 0 
3 1 1 0 0 0 
4 1 1 0 0 0 
5 1 1 0 0 0 
6 1 1 0 0 0 
7 1 1 0 0 0 
8 1 1 0 0 0 
9 1 1 0 0 0 
10 1 1 0 0 0 
11 1 1 0 0 0 
12 1 1 0 0 0 
13 1 1 0 0 0 
14 1 1 0 0 0 
15 1 1 0 0 0 
0 2 2 0 0 0 
1 2 2 0 0 0 
2 2 2 0 0 0 
3 2 2 0 0 0 
4 2 2 0 0 0 
5 2 2 0 0 0 
6 2 2 0 0 0 
7 2 2 0 0 0 
8 2 2 0 0 0 
9 2 2 0 0 0 
10 2 2 0 0 0 
11 2 2 0 0 0 
12 2 2 0 0 0 
13 2 2 0 0 0 
14 2 2 0 0 0 
15 2 2 0 0 0 
0 3 3 0.00407443 -2.21909e-06 -4.57269e-06 
1 3 3 0.00389863 2.29331e-05 -3.40472e-06 
2 3 3 0.00359466 3.69579e-05 -1.47096e-07 
3 3 3 0.0032454 4.21889e-05 3.43212e-06 
4 3 3 0.00290891 4.06241e-05 6.36593e-06 
5 3 3 0.00262869 3.44805e-05 7.88576e-06 
6 3 3 0.00243373 2.4816e-05 8.30467e-06 
7 3 3 0.00234285 1.28311e-05 7.88758e-06 
8 3 3 0.00235927 -4.1667e-07 6.88714e-06 
9 3 3 0.00247675 -1.26984e-05 4.30258e-06 
10 3 3 0.00267242 -2.21342e-05 1.60358e-07 
11 3 3 0.0029121 -2.73198e-05 -4.16433e-06 
12 3 3 0.0031543 -2.71954e-05 -6.63697e-06 
13 3 3 0.00335023 -1.9466e-05 -6.65634e-06 
14 3 3 0.00331335 7.43941e-05 -1.65577e-05 
15 3 3 0.00144259 -0.00116822 -2.47883e-06 
0 4 4 0.28621 0.00146515 2.65071e-05 
1 4 4 0.281827 0.00193103 0.000186835 
2 4 4 0.277236 0.00198616 0.000330779 
3 4 4 0.273183 0.0017493 0.000429922 
4 4 4 0.270121 0.00132101 0.000468906 
5 4 4 0.268302 0.000781044 0.000440167 
6 4 4 0.267816 0.000198408 0.00035543 
7 4 4 0.268615 -0.000361309 0.000236469 
8 4 4 0.270498 -0.000831585 0.000105592 
9 4 4 0.273149 -0.00115053 -3.06288e-05 
10 4 4 0.276122 -0.00126984 -0.000167697 
11 4 4 0.278927 -0.0011771 -0.000278654 
12 4 4 0.281145 -0.000897682 -0.00031747 
13 4 4 0.282476 -0.000419385 -0.000251136 
14 4 4 0.282458 0.00112664 4.84138e-05 
15 4 4 0.280799 -0.00702014 -0.000703779 
0 5 5 1.08076 0.00776592 0.000650376 
1 5 5 1.07541 0.00955497 0.000916115 
2 5 5 1.06942 0.00952403 0.00103241 
3 5 5 1.06379 0.00824881 0.00105502 
4 5 5 1.05911 0.00617203 0.0009907 
5 5 5 1.05573 0.0036364 0.000825288 
6 5 5 1.05377 0.000941232 0.000555825 
7 5 5 1.05326 -0.00162537 0.000205607 
8 5 5 1.05407 -0.00377454 -0.000172059 
9 5 5 1.05599 -0.00523454 -0.000523327 
10 5 5 1.05867 -0.00579079 -0.000804074 
11 5 5 1.06157 -0.00535924 -0.000979925 
12 5 5 1.06414 -0.00404501 -0.00100054 
13 5 5 1.06594 -0.00206187 -0.000815841 
14 5 5 1.06748 0.000551254 -0.000375759 
15 5 5 1.07152 -0.00751354 -0.00180614 
0 6 6 1.67429 0.0098212 0.00192089 
1 6 6 1.68083 0.0136313 0.00268607 
2 6 6 1.68672 0.0145866 0.00266299 
3 6 6 1.69098 0.0135758 0.00224762 
4 6 6 1.69319 0.0112481 0.00166541 
5 6 6 1.69323 0.00805737 0.00101106 
6 6 6 1.69121 0.00438019 0.000316041 
7 6 6 1.68735 0.000589 -0.000397364 
8 6 6 1.68206 -0.00292688 -0.0010886 
9 6 6 1.67589 -0.00575521 -0.00169248 
10 6 6 1.66957 -0.00749974 -0.00213192 
11 6 6 1.66386 -0.00785333 -0.00232598 
12 6 6 1.65943 -0.00672583 -0.00220503 
13 6 6 1.6567 -0.00440088 -0.00177365 
14 6 6 1.65575 -0.00182336 -0.00123897 
15 6 6 1.65524 -0.00413033 -0.00213435 
0 7 7 1.95649 0.00536182 0.00217479 
1 7 7 1.97032 0.00807407 0.00414254 
2 7 7 1.98818 0.00943891 0.00458338 
3 7 7 2.00557 0.00974056 0.00411052 
4 7 7 2.01993 0.00918231 0.0031713 
5 7 7 2.02987 0.00790727 0.00201679 
6 7 7 2.03478 0.00606961 0.00077717 
7 7 7 2.0345 0.00387103 -0.000467662 
8 7 7 2.02924 0.00156123 -0.00164652 
9 7 7 2.01962 -0.000582638 -0.00267315 
10 7 7 2.00674 -0.00227025 -0.00343991 
11 7 7 1.99216 -0.00322807 -0.00381534 
12 7 7 1.97787 -0.0032588 -0.0036793 
13 7 7 1.96588 -0.0023809 -0.0030356 
14 7 7 1.95747 -0.00102001 -0.00217723 
15 7 7 1.95218 -0.00082685 -0.00238416 
0 8 8 1.96709 0.000490939 0.00222918 
1 8 8 1.98165 -0.00117063 0.00451623 
2 8 8 2.0009 -0.00101097 0.00520202 
3 8 8 2.02026 0.000109538 0.00484538 
4 8 8 2.03693 0.00152179 0.00388171 
5 8 8 2.04931 0.00283659 0.00258475 
6 8 8 2.05652 0.00388497 0.001126 
7 8 8 2.05815 0.00463224 -0.000369025 
8 8 8 2.05425 0.00510526 -0.0017865 
9 8 8 2.04534 0.00533671 -0.00300565 
10 8 8 2.03246 0.00532969 -0.00389055 
11 8 8 2.0173 0.00505864 -0.00429162 
12 8 8 2.00203 0.0045126 -0.00409076 
13 8 8 1.98896 0.0037661 -0.00331507 
14 8 8 1.97966 0.00307803 -0.00229571 
15 8 8 1.97395 0.00343473 -0.00232805 
0 9 9 1.71466 -0.00481954 0.00260501 
1 9 9 1.72515 -0.00788771 0.00398855 
2 9 9 1.73623 -0.00777937 0.00424082 
3 9 9 1.74639 -0.0059034 0.00374235 
4 9 9 1.75456 -0.00323057 0.00279127 
5 9 9 1.76001 -0.000313238 0.00159842 
6 9 9 1.7623 0.00255113 0.000318222 
7 9 9 1.76135 0.00518093 -0.000924775 
8 9 9 1.75744 0.00741596 -0.00201825 
9 9 9 1.75121 0.00906522 -0.00285361 
10 9 9 1.74369 0.00990366 -0.00332594 
11 9 9 1.73614 0.00972729 -0.00335146 
12 9 9 1.72982 0.00847735 -0.00290636 
13 9 9 1.72573 0.00640358 -0.00209111 
14 9 9 1.72424 0.00433421 -0.00123413 
15 9 9 1.72401 0.00640973 -0.00184572 
0 10 10 1.18361 -0.00567518 0.00175237 
1 10 10 1.1838 -0.00718908 0.00210931 
2 10 10 1.18358 -0.0066837 0.0019568 
3 10 10 1.18335 -0.00500741 0.00148786 
4 10 10 1.18321 -0.0027375 0.000855718 
5 10 10 1.18315 -0.000237006 0.000173749 
6 10 10 1.18319 0.00224337 -0.000475458 
7 10 10 1.18341 0.00448938 -0.00103155 
8 10 10 1.18398 0.00628648 -0.00144577 
9 10 10 1.18506 0.0074209 -0.00167797 
10 10 10 1.18675 0.00771608 -0.00170254 
11 10 10 1.18898 0.00710017 -0.00151989 
12 10 10 1.19153 0.00566417 -0.00116511 
13 10 10 1.19413 0.00363026 -0.000697133 
14 10 10 1.19713 0.00127858 -0.00019239 
15 10 10 1.20189 0.00843114 -0.00174353 
0 11 11 0.412548 -0.00166226 0.000294417 
1 11 11 0.409011 -0.00219528 0.00032717 
2 11 11 0.405237 -0.00213541 0.000265105 
3 11 11 0.401987 -0.00169305 0.000153906 
4 11 11 0.399723 -0.00103093 2.57285e-05 
5 11 11 0.398704 -0.000264462 -9.65618e-05 
6 11 11 0.399023 0.0005148 -0.000202071 
7 11 11 0.400651 0.0012227 -0.000285986 
8 11 11 0.403412 0.00178056 -0.000344362 
9 11 11 0.406987 0.00212072 -0.000372199 
10 11 11 0.410936 0.00219599 -0.000368228 
11 11 11 0.414762 0.0019983 -0.000335172 
12 11 11 0.417992 0.0015563 -0.000275523 
13 11 11 0.42023 0.000855887 -0.000179687 
14 11 11 0.42109 -0.00103561 0.000117653 
15 11 11 0.421781 0.00796698 -0.00157684 
0 12 12 0.0351795 -6.68893e-05 -9.70362e-06 
1 12 12 0.0343717 -0.00012841 -1.83436e-06 
2 12 12 0.0333172 -0.000147237 -6.56079e-08 
3 12 12 0.0322711 -0.000135637 -1.4621e-06 
4 12 12 0.0314063 -0.000104869 -4.43989e-06 
5 12 12 0.0308311 -6.21039e-05 -7.15238e-06 
6 12 12 0.0305995 -1.39527e-05 -1.05623e-05 
7 12 12 0.0307292 3.39075e-05 -1.49984e-05 
8 12 12 0.0311946 7.61405e-05 -2.06138e-05 
9 12 12 0.0319305 0.000108371 -2.62315e-05 
10 12 12 0.0328345 0.000125513 -3.13584e-05 
11 12 12 0.033783 0.000124955 -3.51539e-05 
12 12 12 0.0346418 0.000105682 -3.55087e-05 
13 12 12 0.0352617 6.14174e-05 -2.84112e-05 
14 12 12 0.0351756 -0.000188492 3.69509e-05 
15 12 12 0.0305456 0.00233695 -0.000576678 
0 13 13 0 0 0 
1 13 13 0 0 0 
2 13 13 0 0 0 
3 13 13 0 0 0 
4 13 13 0 0 0 
5 13 13 0 0 0 
6 13 13 0 0 0 
7 13 13 0 0 0 
8 13 13 0 0 0 
9 13 13 0 0 0 
10 13 13 0 0 0 
11 13 13 0 0 0 
12 13 13 0 0 0 
13 13 13 0 0 0 
14 13 13 0 0 0 
15 13 13 0 0 0 
0 14 14 0 0 0 
1 14 14 0 0 0 
2 14 14 0 0 0 
3 14 14 0 0 0 
4 14 14 0 0 0 
5 14 14 0 0 0 
6 14 14 0 0 0 
7 14 14 0 0 0 
8 14 14 0 0 0 
9 14 14 0 0 0 
10 14 14 0 0 0 
11 14 14 0 0 0 
12 14 14 0 0 0 
13 14 14 0 0 0 
14 14 14 0 0 0 
15 14 14 0 0 0 
0 15 15 0 0 0 
1 15 15 0 0 0 
2 15 15 0 0 0 
3 15 15 0 0 0 
4 15 15 0 0 0 
5 15 15 0 0 0 
6 15 15 0 0 0 
7 15 15 0 0 0 
8 15 15 0 0 0 
9 15 15 0 0 0 
10 15 15 0 0 0 
11 15 15 0 0 0 
12 15 15 0 0 0 
13 15 15 0 0 0 
14 15 15 0 0 0 
15 15 15 0 0 0 
0 0 0 0 0 0 
1 0 0 0 0 0 
2 0 0 0 0 0 
3 0 0 0 0 0 
4 0 0 0 0 0 
5 0 0 0 0 0 
6 0 0 0 0 0 
7 0 0 0 0 0 
8 0 0 0 0 0 
9 0 0 0 0 0 
10 0 0 0 0 0 
11 0 0 0 0 0 
12 0 0 0 0 0 
13 0 0 0 0 0 
14 0 0 0 0 0 
15 0 0 0 0 0 
0 1 1 0 0 0 
1 1 1 0 0 0 
2 1 1 0 0 0 
3 1 1 0 0 0 
4 1 1 0 0 0 
5 1 1 0 0 0 
6 1 1 0 0 0 
7 1 1 0 0 0 
8 1 1 0 0 0 
9 1 1 0 0 0 
10 1 1 0 0 0 
11 1 1 0 0 0 
12 1 1 0 0 0 
13 1 1 0 0 0 
14 1 1 0 0 0 
15 1 1 0 0 0 
0 2 2 0 0 0 
1 2 2 0 0 0 
2 2 2 0 0 0 
3 2 2 0 0 0 
4 2 2 0 0 0 
5 2 2 0 0 0 
6 2 2 0 0 0 
7 2 2 0 0 0 
8 2 2 0 0 0 
9 2 2 0 0 0 
10 2 2 0 0 0 
11 2 2 0 0 0 
12 2 2 0 0 0 
13 2 2 0 0 0 
14 2 2 0 0 0 
15 2 2 0 0 0 
0 3 3 0.0040702 -3.64506e-06 -5.51914e-06 
1 3 3 0.00389471 2.24604e-05 -3.5184e-07 
2 3 3 0.00359076 3.76186e-05 4.04087e-06 
3 3 3 0.00324127 4.38233e-05 6.99337e-06 
4 3 3 0.00290468 4.29277e-05 8.63056e-06 
5 3 3 0.00262456 3.69877e-05 8.48572e-06 
6 3 3 0.00242968 2.71913e-05 7.09265e-06 
7 3 3 0.00233869 1.47795e-05 4.69662e-06 
8 3 3 0.00235474 9.77858e-07 1.93351e-06 
9 3 3 0.00247156 -1.23256e-05 -1.97593e-06 
10 3 3 0.0026668 -2.31377e-05 -6.62941e-06 
11 3 3 0.00290671 -2.96338e-05 -1.07801e-05 
12 3 3 0.0031496 -3.01484e-05 -1.27617e-05 
13 3 3 0.00334612 -2.2176e-05 -1.12999e-05 
14 3 3 0.00330943 7.24792e-05 3.94411e-06 
15 3 3 0.00143955 -0.00116817 -2.70515e-06 
0 4 4 0.286065 0.00143105 -0.000259106 
1 4 4 0.281694 0.00190901 -0.000348035 
2 4 4 0.277099 0.00198308 -0.00037292 
3 4 4 0.273028 0.0017652 -0.000348197 
4 4 4 0.269949 0.00135088 -0.000283934 
5 4 4 0.26812 0.000818086 -0.0001972 
6 4 4 0.267632 0.000235904 -9.97148e-05 
7 4 4 0.268427 -0.000327731 -5.96075e-06 
8 4 4 0.270297 -0.000803628 7.71524e-05 
9 4 4 0.272921 -0.00113312 0.000128496 
10 4 4 0.275869 -0.00127157 0.000134959 
11 4 4 0.278676 -0.00120317 9.70443e-05 
12 4 4 0.280927 -0.000940582 2.89461e-05 
13 4 4 0.282291 -0.000463826 -6.0451e-05 
14 4 4 0.282288 0.00109283 -0.000309769 
15 4 4 0.280619 -0.00703549 0.000539246 
0 5 5 1.08033 0.00769584 -0.00109359 
1 5 5 1.07497 0.00947793 -0.00143558 
2 5 5 1.06896 0.00946527 -0.00149613 
3 5 5 1.0633 0.00822434 -0.00136443 
4 5 5 1.05858 0.0061869 -0.0010914 
5 5 5 1.05517 0.00368573 -0.000715451 
6 5 5 1.0532 0.0010131 -0.00027744 
7 5 5 1.05269 -0.00154404 0.000171271 
8 5 5 1.05351 -0.0036946 0.000574798 
9 5 5 1.05543 -0.00516512 0.000871923 
10 5 5 1.05808 -0.00574877 0.00100848 
11 5 5 1.06096 -0.00536205 0.000954515 
12 5 5 1.06352 -0.00409317 0.000720732 
13 5 5 1.06534 -0.00213711 0.000343725 
14 5 5 1.06689 0.000473557 -0.000179114 
15 5 5 1.07093 -0.00757357 0.00129345 
0 6 6 1.67381 0.00980701 -0.00221079 
1 6 6 1.68029 0.0135895 -0.00314336 
2 6 6 1.6861 0.0145311 -0.00322423 
3 6 6 1.69028 0.0135226 -0.00282439 
4 6 6 1.69241 0.0112117 -0.00216847 
5 6 6 1.69239 0.00804714 -0.00136748 
6 6 6 1.69032 0.00439871 -0.000483741 
7 6 6 1.68645 0.000632234 0.000424584 
8 6 6 1.68117 -0.0028675 0.0012794 
9 6 6 1.67504 -0.00569085 0.00197923 
10 6 6 1.66874 -0.00744513 0.0024096 
11 6 6 1.66305 -0.0078211 0.00247553 
12 6 6 1.65863 -0.00672104 0.00214384 
13 6 6 1.65589 -0.00441971 0.00148943 
14 6 6 1.65492 -0.00185683 0.000778811 
15 6 6 1.65438 -0.00416881 0.001597 
0 7 7 1.95612 0.0053913 -0.00237716 
1 7 7 1.96993 0.00809896 -0.00443636 
2 7 7 1.98772 0.00945645 -0.00496368 
3 7 7 2.00504 0.00974996 -0.00454786 
4 7 7 2.01929 0.00918498 -0.00362021 
5 7 7 2.02914 0.00790577 -0.0024252 
6 7 7 2.03397 0.00606683 -0.00109694 
7 7 7 2.03363 0.00386899 0.000272212 
8 7 7 2.02835 0.00156033 0.00158876 
9 7 7 2.01875 -0.000582846 0.0027336 
10 7 7 2.00589 -0.00226744 0.00355735 
11 7 7 1.99135 -0.0032187 0.00390133 
12 7 7 1.97709 -0.00324208 0.0036555 
13 7 7 1.96512 -0.0023586 0.00286303 
14 7 7 1.95671 -0.000996352 0.00186089 
15 7 7 1.95141 -0.000807903 0.00197652 
0 8 8 1.96689 0.000524891 -0.0023646 
1 8 8 1.98143 -0.00111546 -0.00472274 
2 8 8 2.00067 -0.00094225 -0.00548605 
3 8 8 2.01998 0.000180856 -0.00519105 
4 8 8 2.03659 0.00158457 -0.0042558 
5 8 8 2.04891 0.00288202 -0.00294328 
6 8 8 2.05604 0.00390732 -0.00142526 
7 8 8 2.05761 0.00462872 0.000162742 
8 8 8 2.05367 0.00507865 0.00168989 
9 8 8 2.04473 0.00529493 0.00300975 
10 8 8 2.03186 0.00528738 0.00395476 
11 8 8 2.01671 0.0050319 0.00435305 
12 8 8 2.00146 0.00451183 0.00408563 
13 8 8 1.98843 0.00379247 0.00320152 
14 8 8 1.97915 0.00312415 0.00206387 
15 8 8 1.97344 0.00348806 0.00200711 
0 9 9 1.71456 -0.00477752 -0.00270904 
1 9 9 1.72506 -0.00781447 -0.00420658 
2 9 9 1.73614 -0.00768849 -0.00456205 
3 9 9 1.74628 -0.00581257 -0.0041246 
4 9 9 1.75442 -0.00315639 -0.00317657 
5 9 9 1.75982 -0.000267967 -0.00192725 
6 9 9 1.76207 0.00256162 -0.000543929 
7 9 9 1.76108 0.00515695 0.000825597 
8 9 9 1.75713 0.00736492 0.0020424 
9 9 9 1.75088 0.00900124 0.00296925 
10 9 9 1.74335 0.00984551 0.00347732 
11 9 9 1.73581 0.00969319 0.00346942 
12 9 9 1.72951 0.00847761 0.0029288 
13 9 9 1.72544 0.00643803 0.0019845 
14 9 9 1.72396 0.00439292 0.00100002 
15 9 9 1.72372 0.00647769 0.00152314 
0 10 10 1.18355 -0.00562398 -0.00194186 
1 10 10 1.18376 -0.0071228 -0.00238894 
2 10 10 1.18354 -0.00661897 -0.00226847 
3 10 10 1.1833 -0.0049592 -0.00176533 
4 10 10 1.18314 -0.00271549 -0.00104598 
5 10 10 1.18305 -0.000244346 -0.000245057 
6 10 10 1.18305 0.00220936 0.000528281 
7 10 10 1.18325 0.00443703 0.00118467 
8 10 10 1.1838 0.00622805 0.00165258 
9 10 10 1.18488 0.00737018 0.00188033 
10 10 10 1.18656 0.00768541 0.00184261 
11 10 10 1.1888 0.00709751 0.00155296 
12 10 10 1.19136 0.00568995 0.00107039 
13 10 10 1.19397 0.00367779 0.000488417 
14 10 10 1.19697 0.00133568 -9.19662e-05 
15 10 10 1.20173 0.0084849 0.00144104 
0 11 11 0.412504 -0.00163872 -0.000428152 
1 11 11 0.408973 -0.00217394 -0.000452447 
2 11 11 0.4052 -0.00212286 -0.00034353 
3 11 11 0.401944 -0.00169316 -0.000162479 
4 11 11 0.399672 -0.00104403 3.75931e-05 
5 11 11 0.398639 -0.000286996 0.000221285 
6 11 11 0.398946 0.000486511 0.000361578 
7 11 11 0.400563 0.00119499 0.000444498 
8 11 11 0.403317 0.00175931 0.000465723 
9 11 11 0.406888 0.00211018 0.000431786 
10 11 11 0.410836 0.0021983 0.000353783 
11 11 11 0.414664 0.00201267 0.00024765 
12 11 11 0.4179 0.00157972 0.000131193 
13 11 11 0.420145 0.000883095 1.00016e-05 
14 11 11 0.421009 -0.00101087 -0.000280194 
15 11 11 0.421701 0.00798432 0.00145221 
0 12 12 0.035168 -6.45038e-05 -1.2004e-05 
1 12 12 0.0343616 -0.000126801 -1.27746e-05 
2 12 12 0.0333075 -0.000146893 -1.65907e-06 
3 12 12 0.0322613 -0.00013688 1.42585e-05 
4 12 12 0.0313958 -0.000107589 2.92706e-05 
5 12 12 0.0308178 -6.54099e-05 4.07498e-05 
6 12 12 0.0305843 -1.75697e-05 4.56996e-05 
7 12 12 0.0307117 3.08691e-05 4.41953e-05 
8 12 12 0.0311753 7.43168e-05 3.74094e-05 
9 12 12 0.0319102 0.000108095 2.83243e-05 
10 12 12 0.0328145 0.000126844 1.84957e-05 
11 12 12 0.0337633 0.000127584 9.50021e-06 
12 12 12 0.0346234 0.000108969 2.0842e-06 
13 12 12 0.0352453 6.4822e-05 -5.02695e-06 
14 12 12 0.0351605 -0.000185783 -6.42807e-05 
15 12 12 0.0305314 0.00233813 0.000560869 
0 13 13 0 0 0 
1 13 13 0 0 0 
2 13 13 0 0 0 
3 13 13 0 0 0 
4 13 13 0 0 0 
5 13 13 0 0 0 
6 13 13 0 0 0 
7 13 13 0 0 0 
8 13 13 0 0 0 
9 13 13 0 0 0 
10 13 13 0 0 0 
11 13 13 0 0 0 
12 13 13 0 0 0 
13 13 13 0 0 0 
14 13 13 0 0 0 
15 13 13 0 0 0 
0 14 14 0 0 0 
1 14 14 0 0 0 
2 14 14 0 0 0 
3 14 14 0 0 0 
4 14 14 0 0 0 
5 14 14 0 0 0 
6 14 14 0 0 0 
7 14 14 0 0 0 
8 14 14 0 0 0 
9 14 14 0 0 0 
10 14 14 0 0 0 
11 14 14 0 0 0 
12 14 14 0 0 0 
13 14 14 0 0 0 
14 14 14 0 0 0 
15 14 14 0 0 0 
0 15 15 0 0 0 
1 15 15 0 0 0 
2 15 15 0 0 0 
3 15 15 0 0 0 
4 15 15 0 0 0 
5 15 15 0 0 0 
6 15 15 0 0 0 
7 15 15 0 0 0 
8 15 15 0 0 0 
9 15 15 0 0 0 
10 15 15 0 0 0 
11 15 15 0 0 0 
12 15 15 0 0 0 
13 15 15 0 0 0 
14 15 15 0 0 0 
15 15 15 0 0 0 
0 0 0 0 0 0 
1 0 0 0 0 0 
2 0 0 0 0 0 
3 0 0 0 0 0 
4 0 0 0 0 0 
5 0 0 0 0 0 
6 0 0 0 0 0 
7 0 0 0 0 0 
8 0 0 0 0 0 
9 0 0 0 0 0 
10 0 0 0 0 0 
11 0 0 0 0 0 
12 0 0 0 0 0 
13 0 0 0 0 0 
14 0 0 0 0 0 
15 0 0 0 0 0 
0 1 1 0 0 0 
1 1 1 0 0 0 
2 1 1 0 0 0 
3 1 1 0 0 0 
4 1 1 0 0 0 
5 1 1 0 0 0 
6 1 1 0 0 0 
7 1 1 0 0 0 
8 1 1 0 0 0 
9 1 1 0 0 0 
10 1 1 0 0 0 
11 1 1 0 0 0 
12 1 1 0 0 0 
13 1 1 0 0 0 
14 1 1 0 0 0 
15 1 1 0 0 0 
0 2 2 0 0 0 
1 2 2 0 0 0 
2 2 2 0 0 0 
3 2 2 0 0 0 
4 2 2 0 0 0 
5 2 2 0 0 0 
6 2 2 0 0 0 
7 2 2 0 0 0 
8 2 2 0 0 0 
9 2 2 0 0 0 
10 2 2 0 0 0 
11 2 2 0 0 0 
12 2 2 0 0 0 
13 2 2 0 0 0 
14 2 2 0 0 0 
15 2 2 0 0 0 
0 3 3 0 0 0 
1 3 3 0 0 0 
2 3 3 0 0 0 
3 3 3 0 0 0 
4 3 3 0 0 0 
5 3 3 0 0 0 
6 3 3 0 0 0 
7 3 3 0 0 0 
8 3 3 0 0 0 
9 3 3 0 0 0 
10 3 3 0 0 0 
11 3 3 0 0 0 
12 3 3 0 0 0 
13 3 3 0 0 0 
14 3 3 0 0 0 
15 3 3 0 0 0 
0 4 4 0.158218 0.000618232 -0.000268097 
1 4 4 0.155314 0.000848129 -0.00045635 
2 4 4 0.152112 0.000872895 -0.000570411 
3 4 4 0.149181 0.000755441 -0.000610819 
4 4 4 0.146887 0.000550458 -0.000576501 
5 4 4 0.145445 0.000298117 -0.000481405 
6 4 4 0.14495 3.03318e-05 -0.000341858 
7 4 4 0.145385 -0.000224066 -0.000182701 
8 4 4 0.146619 -0.000435011 -2.30599e-05 
9 4 4 0.148439 -0.000579489 0.000107397 
10 4 4 0.15055 -0.000640072 0.000185627 
11 4 4 0.152626 -0.000609277 0.000201019 
12 4 4 0.154357 -0.000489949 0.000153137 
13 4 4 0.155457 -0.000264217 3.52886e-05 
14 4 4 0.155261 0.000656749 -0.000420174 
15 4 4 0.151065 -0.0048981 0.00190704 
0 5 5 0.791251 0.00497127 -0.00179612 
1 5 5 0.784709 0.00595068 -0.00251473 
2 5 5 0.777939 0.00576284 -0.00277787 
3 5 5 0.771979 0.00478941 -0.00269078 
4 5 5 0.767451 0.00334216 -0.00231127 
5 5 5 0.76468 0.00166581 -0.00169135 
6 5 5 0.763768 -3.66914e-05 -0.000901982 
7 5 5 0.764625 -0.00158157 -4.20192e-05 
8 5 5 0.766981 -0.00279655 0.000769225 
9 5 5 0.770409 -0.00353754 0.00141066 
10 5 5 0.774347 -0.0037144 0.00177002 
11 5 5 0.778156 -0.00331876 0.00178541 
12 5 5 0.781232 -0.00243437 0.00145456 
13 5 5 0.783149 -0.00114322 0.000788302 
14 5 5 0.784219 0.00108619 -0.000556967 
15 5 5 0.78887 -0.00719159 0.00412462 
0 6 6 1.39165 0.00845221 -0.00478335 
1 6 6 1.39141 0.0107599 -0.00626668 
2 6 6 1.39005 0.0109805 -0.00631159 
3 6 6 1.38798 0.00970862 -0.00551996 
4 6 6 1.38549 0.00745425 -0.00423275 
5 6 6 1.38283 0.00463991 -0.00262498 
6 6 6 1.38016 0.00163325 -0.00082138 
7 6 6 1.37768 -0.00122908 0.00103539 
8 6 6 1.37557 -0.00363475 0.00275531 
9 6 6 1.37402 -0.00530155 0.00411549 
10 6 6 1.37317 -0.00601098 0.00488869 
11 6 6 1.37306 -0.00566084 0.00491291 
12 6 6 1.37355 -0.00433192 0.00415722 
13 6 6 1.37441 -0.00231059 0.00275925 
14 6 6 1.37581 -0.000171806 0.00112139 
15 6 6 1.37778 -0.00402479 0.00494264 
0 7 7 1.68825 0.00578363 -0.00683488 
1 7 7 1.69613 0.00803835 -0.0100018 
2 7 7 1.70371 0.00903024 -0.0103613 
3 7 7 1.70982 0.00886866 -0.00905146 
4 7 7 1.71384 0.00775592 -0.0068253 
5 7 7 1.71547 0.00595407 -0.00410906 
6 7 7 1.71465 0.00376136 -0.00116613 
7 7 7 1.71156 0.00148626 0.00178286 
8 7 7 1.70656 -0.000581505 0.00449316 
9 7 7 1.70028 -0.00218589 0.00667601 
10 7 7 1.69352 -0.00312114 0.00801061 
11 7 7 1.68721 -0.00325824 0.00822159 
12 7 7 1.68221 -0.00259372 0.00719971 
13 7 7 1.67908 -0.00131366 0.00516661 
14 7 7 1.67797 0.000101442 0.00295785 
15 7 7 1.67754 -0.000368547 0.00523135 
0 8 8 1.70272 0.000966824 -0.00740299 
1 8 8 1.71201 0.00101291 -0.0111602 
2 8 8 1.72143 0.0017841 -0.0117904 
3 8 8 1.72959 0.00261339 -0.0104185 
4 8 8 1.73565 0.00316012 -0.00786479 
5 8 8 1.7391 0.0033552 -0.0046616 
6 8 8 1.73972 0.00328104 -0.00118446 
7 8 8 1.73756 0.00307384 0.00225225 
8 8 8 1.73297 0.00285453 0.00533861 
9 8 8 1.72662 0.00269202 0.00774568 
10 8 8 1.71942 0.00259418 0.00913871 
11 8 8 1.71248 0.00252281 0.00924301 
12 8 8 1.70684 0.00242721 0.00797537 
13 8 8 1.70327 0.00228728 0.00562063 
14 8 8 1.70201 0.00220113 0.00311785 
15 8 8 1.70168 0.00324705 0.00507137 
0 9 9 1.44497 -0.00292627 -0.00684874 
1 9 9 1.44901 -0.00406927 -0.00911634 
2 9 9 1.45244 -0.00363134 -0.00912559 
3 9 9 1.45517 -0.00245406 -0.00763677 
4 9 9 1.45701 -0.00101235 -0.00525715 
5 9 9 1.45778 0.000487964 -0.00243841 
6 9 9 1.45742 0.00196808 0.000463774 
7 9 9 1.45606 0.00337395 0.00314812 
8 9 9 1.45402 0.00461902 0.00534244 
9 9 9 1.45174 0.0055671 0.0067994 
10 9 9 1.44976 0.00605297 0.0073181 
11 9 9 1.44853 0.00593736 0.00680413 
12 9 9 1.44829 0.00518245 0.00534349 
13 9 9 1.44909 0.00390976 0.00324884 
14 9 9 1.45107 0.002557 0.00118233 
15 9 9 1.45361 0.00610445 0.00458271 
0 10 10 0.901462 -0.00303897 -0.00364021 
1 10 10 0.898686 -0.00398171 -0.00419674 
2 10 10 0.895668 -0.00385129 -0.00374444 
3 10 10 0.893094 -0.0030722 -0.00266638 
4 10 10 0.891311 -0.00191798 -0.0012856 
5 10 10 0.890486 -0.00055717 0.000154157 
6 10 10 0.890704 0.000879247 0.00146948 
7 10 10 0.891997 0.00225817 0.00252255 
8 10 10 0.894317 0.0034284 0.00321198 
9 10 10 0.897505 0.00423245 0.00347489 
10 10 10 0.901265 0.00453657 0.00329549 
11 10 10 0.90517 0.0042772 0.00272197 
12 10 10 0.908739 0.00348622 0.00186567 
13 10 10 0.911589 0.00222231 0.00083921 
14 10 10 0.914129 0.000151349 -0.000516504 
15 10 10 0.920193 0.00794786 0.00452147 
0 11 11 0.220489 -0.000659973 -0.000460285 
1 11 11 0.217893 -0.00101228 -0.000478158 
2 11 11 0.214996 -0.00109385 -0.000331421 
3 11 11 0.212398 -0.000982303 -0.000103498 
4 11 11 0.210487 -0.000739943 0.000136945 
5 11 11 0.209482 -0.000412011 0.000347948 
6 11 11 0.209479 -4.19793e-05 0.000501112 
7 11 11 0.210464 0.000327783 0.000586062 
8 11 11 0.212312 0.000651389 0.000603166 
9 11 11 0.214787 0.000885383 0.000562709 
10 11 11 0.217568 0.000993912 0.000477622 
11 11 11 0.220291 0.000960212 0.0003643 
12 11 11 0.222607 0.000786445 0.000238363 
13 11 11 0.224198 0.000450144 9.65411e-05 
14 11 11 0.224463 -0.000759285 -0.000366675 
15 11 11 0.222051 0.00569799 0.00283933 
0 12 12 0.00923226 -1.52918e-05 3.72582e-06 
1 12 12 0.00895326 -4.15381e-05 8.12858e-06 
2 12 12 0.00854821 -5.39085e-05 1.47924e-05 
3 12 12 0.00812444 -5.56539e-05 2.1439e-05 
4 12 12 0.00775414 -4.96806e-05 2.59011e-05 
5 12 12 0.00748456 -3.75806e-05 2.7562e-05 
6 12 12 0.00734326 -2.18368e-05 2.56068e-05 
7 12 12 0.00734188 -4.15026e-06 2.07363e-05 
8 12 12 0.00747657 1.32042e-05 1.40419e-05 
9 12 12 0.00772732 2.8232e-05 7.39157e-06 
10 12 12 0.00805828 3.83442e-05 1.78061e-06 
11 12 12 0.00842227 4.19238e-05 -1.86404e-06 
12 12 12 0.00876509 3.78669e-05 -3.16917e-06 
13 12 12 0.00902237 2.38436e-05 -2.34038e-06 
14 12 12 0.0089665 -7.50503e-05 -2.81572e-06 
15 12 12 0.00669995 0.00100865 0.000404182 
0 13 13 0 0 0 
1 13 13 0 0 0 
2 13 13 0 0 0 
3 13 13 0 0 0 
4 13 13 0 0 0 
5 13 13 0 0 0 
6 13 13 0 0 0 
7 13 13 0 0 0 
8 13 13 0 0 0 
9 13 13 0 0 0 
10 13 13 0 0 0 
11 13 13 0 0 0 
12 13 13 0 0 0 
13 13 13 0 0 0 
14 13 13 0 0 0 
15 13 13 0 0 0 
0 14 14 0 0 0 
1 14 14 0 0 0 
2 14 14 0 0 0 
3 14 14 0 0 0 
4 14 14 0 0 0 
5 14 14 0 0 0 
6 14 14 0 0 0 
7 14 14 0 0 0 
8 14 14 0 0 0 
9 14 14 0 0 0 
10 14 14 0 0 0 
11 14 14 0 0 0 
12 14 14 0 0 0 
13 14 14 0 0 0 
14 14 14 0 0 0 
15 14 14 0 0 0 
0 15 15 0 0 0 
1 15 15 0 0 0 
2 15 15 0 0 0 
3 15 15 0 0 0 
4 15 15 0 0 0 
5 15 15 0 0 0 
6 15 15 0 0 0 
7 15 15 0 0 0 
8 15 15 0 0 0 
9 15 15 0 0 0 
10 15 15 0 0 0 
11 15 15 0 0 0 
12 15 15 0 0 0 
13 15 15 0 0 0 
14 15 15 0 0 0 
15 15 15 0 0 0 
0 0 0 0 0 0 
1 0 0 0 0 0 
2 0 0 0 0 0 
3 0 0 0 0 0 
4 0 0 0 0 0 
5 0 0 0 0 0 
6 0 0 0 0 0 
7 0 0 0 0 0 
8 0 0 0 0 0 
9 0 0 0 0 0 
10 0 0 0 0 0 
11 0 0 0 0 0 
12 0 0 0 0 0 
13 0 0 0 0 0 
14 0 0 0 0 0 
15 0 0 0 0 0 
0 1 1 0 0 0 
1 1 1 0 0 0 
2 1 1 0 0 0 
3 1 1 0 0 0 
4 1 1 0 0 0 
5 1 1 0 0 0 
6 1 1 0 0 0 
7 1 1 0 0 0 
8 1 1 0 0 0 
9 1 1 0 0 0 
10 1 1 0 0 0 
11 1 1 0 0 0 
12 1 1 0 0 0 
13 1 1 0 0 0 
14 1 1 0 0 0 
15 1 1 0 0 0 
0 2 2 0 0 0 
1 2 2 0 0 0 
2 2 2 0 0 0 
3 2 2 0 0 0 
4 2 2 0 0 0 
5 2 2 0 0 0 
6 2 2 0 0 0 
7 2 2 0 0 0 
8 2 2 0 0 0 
9 2 2 0 0 0 
10 2 2 0 0 0 
11 2 2 0 0 0 
12 2 2 0 0 0 
13 2 2 0 0 0 
14 2 2 0 0 0 
15 2 2 0 0 0 
0 3 3 0 0 0 
1 3 3 0 0 0 
2 3 3 0 0 0 
3 3 3 0 0 0 
4 3 3 0 0 0 
5 3 3 0 0 0 
6 3 3 0 0 0 
7 3 3 0 0 0 
8 3 3 0 0 0 
9 3 3 0 0 0 
10 3 3 0 0 0 
11 3 3 0 0 0 
12 3 3 0 0 0 
13 3 3 0 0 0 
14 3 3 0 0 0 
15 3 3 0 0 0 
0 4 4 0.0462076 8.17366e-05 -0.000108632 
1 4 4 0.0450443 0.000131918 -0.00021007 
2 4 4 0.0436 0.000128642 -0.000281182 
3 4 4 0.0421723 9.38968e-05 -0.000317751 
4 4 4 0.040967 4.41944e-05 -0.000315759 
5 4 4 0.0401144 -8.4398e-06 -0.000280257 
6 4 4 0.0396878 -5.83256e-05 -0.00021867 
7 4 4 0.0397056 -0.000101301 -0.000142177 
8 4 4 0.040137 -0.000135209 -6.13812e-05 
9 4 4 0.0408978 -0.000156709 9.51462e-06 
10 4 4 0.0418665 -0.000164702 5.8405e-05 
11 4 4 0.0428904 -0.000157528 7.84429e-05 
12 4 4 0.0438083 -0.000134084 6.72963e-05 
13 4 4 0.0444445 -8.67972e-05 2.02584e-05 
14 4 4 0.0442639 0.000196509 -0.000224628 
15 4 4 0.0393062 -0.00242875 0.00162722 
0 5 5 0.301978 0.00126322 -0.000832174 
1 5 5 0.297609 0.00144892 -0.0013442 
2 5 5 0.292976 0.00127021 -0.00161667 
3 5 5 0.288853 0.000879491 -0.00167168 
4 5 5 0.285733 0.000399072 -0.00152685 
5 5 5 0.28389 -8.55068e-05 -0.00121466 
6 5 5 0.283428 -0.000518486 -0.00078233 
7 5 5 0.28429 -0.000861401 -0.000293059 
8 5 5 0.286275 -0.0010874 0.000181902 
9 5 5 0.289039 -0.00117966 0.000569595 
10 5 5 0.292153 -0.00113744 0.000805108 
11 5 5 0.295142 -0.000973933 0.000852675 
12 5 5 0.297571 -0.00071285 0.000707626 
13 5 5 0.299062 -0.00033989 0.000355167 
14 5 5 0.299022 0.000792477 -0.00083168 
15 5 5 0.297173 -0.00510777 0.00465249 
0 6 6 0.807562 0.00420033 -0.00327354 
1 6 6 0.801694 0.0046718 -0.00437763 
2 6 6 0.79557 0.0041579 -0.00461814 
3 6 6 0.790161 0.00302801 -0.0042426 
4 6 6 0.786049 0.00160902 -0.00341124 
5 6 6 0.783539 0.000157418 -0.00224442 
6 6 6 0.782744 -0.0011404 -0.000870962 
7 6 6 0.783602 -0.002152 0.00055324 
8 6 6 0.785895 -0.00278942 0.00184444 
9 6 6 0.789238 -0.00300508 0.00281714 
10 6 6 0.793116 -0.00280239 0.00331151 
11 6 6 0.796926 -0.00224305 0.00324322 
12 6 6 0.800079 -0.00143997 0.00262531 
13 6 6 0.802152 -0.000484318 0.00149615 
14 6 6 0.803434 0.000928124 -0.000645458 
15 6 6 0.808206 -0.00431355 0.00721845 
0 7 7 1.1237 0.00459219 -0.00619969 
1 7 7 1.12044 0.00522615 -0.00786261 
2 7 7 1.11656 0.00485708 -0.00779742 
3 7 7 1.11283 0.00376208 -0.00663035 
4 7 7 1.10968 0.00226974 -0.00478334 
5 7 7 1.10733 0.000690722 -0.00253759 
6 7 7 1.10593 -0.000727712 -0.000128034 
7 7 7 1.10554 -0.00180973 0.00220849 
8 7 7 1.10616 -0.00245208 0.00421343 
9 7 7 1.1077 -0.0026155 0.00562639 
10 7 7 1.10996 -0.00232549 0.00622493 
11 7 7 1.1126 -0.00167393 0.00589794 
12 7 7 1.11518 -0.00081199 0.00469755 
13 7 7 1.1173 9.04205e-05 0.00279715 
14 7 7 1.11937 0.000927931 0.000313252 
15 7 7 1.12359 -0.000940784 0.00783719 
0 8 8 1.14848 0.00220034 -0.00717578 
1 8 8 1.1464 0.00222408 -0.00892939 
2 8 8 1.14371 0.00195504 -0.00862751 
3 8 8 1.14108 0.00139531 -0.00701869 
4 8 8 1.13882 0.000683755 -0.0046574 
5 8 8 1.13712 7.76494e-06 -0.00193394 
6 8 8 1.13608 -0.000477024 0.000840519 
7 8 8 1.1358 -0.000679919 0.00338912 
8 8 8 1.13634 -0.000586626 0.00544413 
9 8 8 1.1377 -0.000248143 0.00675824 
10 8 8 1.13977 0.000233924 0.00714118 
11 8 8 1.1423 0.000731368 0.00652784 
12 8 8 1.1449 0.00111728 0.00502762 
13 8 8 1.1472 0.00129138 0.00287743 
14 8 8 1.1496 0.00118711 0.000296888 
15 8 8 1.15397 0.0024726 0.00775512 
0 9 9 0.881294 -0.000267763 -0.00520006 
1 9 9 0.877715 -0.000938181 -0.00613344 
2 9 9 0.873852 -0.00130095 -0.00562929 
3 9 9 0.870474 -0.00145752 -0.00422806 
4 9 9 0.868004 -0.00141513 -0.00236086 
5 9 9 0.86666 -0.00114836 -0.000345004 
6 9 9 0.866544 -0.000651982 0.00157585 
7 9 9 0.867671 2.79168e-05 0.00320443 
8 9 9 0.869954 0.000793913 0.00437627 
9 9 9 0.873173 0.00151322 0.00496633 
10 9 9 0.876967 0.00204323 0.00490845 
11 9 9 0.880856 0.00226897 0.0042299 
12 9 9 0.884323 0.00213224 0.00305824 
13 9 9 0.886974 0.00160754 0.00152929 
14 9 9 0.8892 0.00045117 -0.000693444 
15 9 9 0.894927 0.00504223 0.00740965 
0 10 10 0.392522 -0.000700397 -0.00163381 
1 10 10 0.388752 -0.00129873 -0.00182573 
2 10 10 0.384719 -0.00159035 -0.00151199 
3 10 10 0.381204 -0.00162757 -0.000915121 
4 10 10 0.378691 -0.00144749 -0.000214658 
5 10 10 0.37745 -0.00108166 0.000467496 
6 10 10 0.377587 -0.000576968 0.00104759 
7 10 10 0.379064 8.98299e-07 0.00147324 
8 10 10 0.381696 0.000567978 0.00171446 
9 10 10 0.385151 0.00103463 0.00176255 
10 10 10 0.388978 0.00132063 0.00162569 
11 10 10 0.392679 0.00137632 0.00133474 
12 10 10 0.395781 0.0011901 0.000934425 
13 10 10 0.397889 0.000737696 0.000422493 
14 10 10 0.398557 -0.000680561 -0.000953262 
15 10 10 0.399347 0.00571853 0.00585281 
0 11 11 0.066256 -0.000122872 -0.00011798 
1 11 11 0.0650213 -0.000266337 -0.000125644 
2 11 11 0.0634991 -0.000347911 -6.22919e-05 
3 11 11 0.0620341 -0.000373232 3.2561e-05 
4 11 11 0.0608579 -0.00034986 0.000126985 
5 11 11 0.0601114 -0.00028377 0.000203932 
6 11 11 0.0598656 -0.000186866 0.000252603 
7 11 11 0.0601339 -7.22584e-05 0.000271994 
8 11 11 0.0608705 4.29452e-05 0.000265897 
9 11 11 0.0619721 0.000141384 0.000241911 
10 11 11 0.0632862 0.00020667 0.000205888 
11 11 11 0.0646324 0.00022852 0.00016357 
12 11 11 0.0658242 0.000202903 0.00011817 
13 11 11 0.0666677 0.000122307 6.09115e-05 
14 11 11 0.0666165 -0.000278177 -0.000245063 
15 11 11 0.0619653 0.00274478 0.00224585 
0 12 12 0 0 0 
1 12 12 0 0 0 
2 12 12 0 0 0 
3 12 12 0 0 0 
4 12 12 0 0 0 
5 12 12 0 0 0 
6 12 12 0 0 0 
7 12 12 0 0 0 
8 12 12 0 0 0 
9 12 12 0 0 0 
10 12 12 0 0 0 
11 12 12 0 0 0 
12 12 12 0 0 0 
13 12 12 0 0 0 
14 12 12 0 0 0 
15 12 12 0 0 0 
0 13 13 0 0 0 
1 13 13 0 0 0 
2 13 13 0 0 0 
3 13 13 0 0 0 
4 13 13 0 0 0 
5 13 13 0 0 0 
6 13 13 0 0 0 
7 13 13 0 0 0 
8 13 13 0 0 0 
9 13 13 0 0 0 
10 13 13 0 0 0 
11 13 13 0 0 0 
12 13 13 0 0 0 
13 13 13 0 0 0 
14 13 13 0 0 0 
15 13 13 0 0 0 
0 14 14 0 0 0 
1 14 14 0 0 0 
2 14 14 0 0 0 
3 14 14 0 0 0 
4 14 14 0 0 0 
5 14 14 0 0 0 
6 14 14 0 0 0 
7 14 14 0 0 0 
8 14 14 0 0 0 
9 14 14 0 0 0 
10 14 14 0 0 0 
11 14 14 0 0 0 
12 14 14 0 0 0 
13 14 14 0 0 0 
14 14 14 0 0 0 
15 14 14 0 0 0 
0 15 15 0 0 0 
1 15 15 0 0 0 
2 15 15 0 0 0 
3 15 15 0 0 0 
4 15 15 0 0 0 
5 15 15 0 0 0 
6 15 15 0 0 0 
7 15 15 0 0 0 
8 15 15 0 0 0 
9 15 15 0 0 0 
10 15 15 0 0 0 
11 15 15 0 0 0 
12 15 15 0 0 0 
13 15 15 0 0 0 
14 15 15 0 0 0 
15 15 15 0 0 0 
0 0 0 0 0 0 
1 0 0 0 0 0 
2 0 0 0 0 0 
3 0 0 0 0 0 
4 0 0 0 0 0 
5 0 0 0 0 0 
6 0 0 0 0 0 
7 0 0 0 0 0 
8 0 0 0 0 0 
9 0 0 0 0 0 
10 0 0 0 0 0 
11 0 0 0 0 0 
12 0 0 0 0 0 
13 0 0 0 0 0 
14 0 0 0 0 0 
15 0 0 0 0 0 
0 1 1 0 0 0 
1 1 1 0 0 0 
2 1 1 0 0 0 
3 1 1 0 0 0 
4 1 1 0 0 0 
5 1 1 0 0 0 
6 1 1 0 0 0 
7 1 1 0 0 0 
8 1 1 0 0 0 
9 1 1 0 0 0 
10 1 1 0 0 0 
11 1 1 0 0 0 
12 1 1 0 0 0 
13 1 1 0 0 0 
14 1 1 0 0 0 
15 1 1 0 0 0 
0 2 2 0 0 0 
1 2 2 0 0 0 
2 2 2 0 0 0 
3 2 2 0 0 0 
4 2 2 0 0 0 
5 2 2 0 0 0 
6 2 2 0 0 0 
7 2 2 0 0 0 
8 2 2 0 0 0 
9 2 2 0 0 0 
10 2 2 0 0 0 
11 2 2 0 0 0 
12 2 2 0 0 0 
13 2 2 0 0 0 
14 2 2 0 0 0 
15 2 2 0 0 0 
0 3 3 0 0 0 
1 3 3 0 0 0 
2 3 3 0 0 0 
3 3 3 0 0 0 
4 3 3 0 0 0 
5 3 3 0 0 0 
6 3 3 0 0 0 
7 3 3 0 0 0 
8 3 3 0 0 0 
9 3 3 0 0 0 
10 3 3 0 0 0 
11 3 3 0 0 0 
12 3 3 0 0 0 
13 3 3 0 0 0 
14 3 3 0 0 0 
15 3 3 0 0 0 
0 4 4 0 0 0 
1 4 4 0 0 0 
2 4 4 0 0 0 
3 4 4 0 0 0 
4 4 4 0 0 0 
5 4 4 0 0 0 
6 4 4 0 0 0 
7 4 4 0 0 0 
8 4 4 0 0 0 
9 4 4 0 0 0 
10 4 4 0 0 0 
11 4 4 0 0 0 
12 4 4 0 0 0 
13 4 4 0 0 0 
14 4 4 0 0 0 
15 4 4 0 0 0 
0 5 5 0.0492108 5.18215e-05 -0.000119113 
1 5 5 0.048027 4.82557e-05 -0.000242073 
2 5 5 0.0465548 -7.77899e-06 -0.000323663 
3 5 5 0.0451001 -8.28973e-05 -0.000361869 
4 5 5 0.0438738 -0.000152857 -0.000355171 
5 5 5 0.0430105 -0.000203541 -0.000309968 
6 5 5 0.0425855 -0.000230672 -0.000234467 
7 5 5 0.0426177 -0.000235622 -0.000141196 
8 5 5 0.0430766 -0.00022354 -4.37603e-05 
9 5 5 0.0438743 -0.000199622 4.21464e-05 
10 5 5 0.044886 -0.000170562 0.000102356 
11 5 5 0.0459542 -0.000140371 0.000127792 
12 5 5 0.0469131 -0.00010977 0.000115389 
13 5 5 0.0475822 -6.78214e-05 6.15542e-05 
14 5 5 0.0474066 0.000165129 -0.000238775 
15 5 5 0.0423298 -0.00192816 0.0023151 
0 6 6 0.173511 0.000378511 -0.000579326 
1 6 6 0.170727 0.000280879 -0.000938256 
2 6 6 0.167639 4.02129e-05 -0.00110961 
3 6 6 0.164811 -0.000244545 -0.00111915 
4 6 6 0.162615 -0.000497712 -0.000992758 
5 6 6 0.16126 -0.000673902 -0.000759061 
6 6 6 0.160845 -0.000758779 -0.000453272 
7 6 6 0.161354 -0.000756226 -0.000117428 
8 6 6 0.162672 -0.000684458 0.000200745 
9 6 6 0.164576 -0.000566525 0.000455638 
10 6 6 0.166777 -0.000430256 0.00060604 
11 6 6 0.168948 -0.000299882 0.00062958 
12 6 6 0.170775 -0.000190689 0.000523482 
13 6 6 0.17197 -9.13994e-05 0.000273956 
14 6 6 0.171922 0.00030307 -0.000661702 
15 6 6 0.167957 -0.00250097 0.00481764 
0 7 7 0.341125 0.000718056 -0.00154363 
1 7 7 0.336885 0.000412278 -0.00214186 
2 7 7 0.332409 -8.16601e-05 -0.00227112 
3 7 7 0.328471 -0.00060973 -0.00205555 
4 7 7 0.325559 -0.00104759 -0.00159854 
5 7 7 0.323938 -0.0013156 -0.000979022 
6 7 7 0.323711 -0.00139424 -0.000283304 
7 7 7 0.324822 -0.00129726 0.000405911 
8 7 7 0.327069 -0.00106829 0.00100089 
9 7 7 0.330107 -0.000764744 0.00142282 
10 7 7 0.333493 -0.000451334 0.00160919 
11 7 7 0.336741 -0.000186647 0.00153458 
12 7 7 0.339398 -1.07245e-05 0.00121109 
13 7 7 0.341079 6.67301e-05 0.000616027 
14 7 7 0.341305 0.000214273 -0.00116894 
15 7 7 0.340526 -0.00127111 0.00724821 
0 8 8 0.365882 0.000494914 -0.00175765 
1 8 8 0.361643 3.10898e-05 -0.00225039 
2 8 8 0.357155 -0.000520659 -0.00218993 
3 8 8 0.353218 -0.00102984 -0.00176711 
4 8 8 0.35034 -0.00139547 -0.00113612 
5 8 8 0.348789 -0.00155099 -0.000405692 
6 8 8 0.348677 -0.00148892 0.000330992 
7 8 8 0.349949 -0.00124106 0.000994902 
8 8 8 0.352399 -0.000870265 0.00151343 
9 8 8 0.355671 -0.000455082 0.00182714 
10 8 8 0.359301 -7.76235e-05 0.00189602 
11 8 8 0.362783 0.000194004 0.00171457 
12 8 8 0.365643 0.00032191 0.00130828 
13 8 8 0.36748 0.000305654 0.000653432 
14 8 8 0.367815 8.56471e-05 -0.00124895 
15 8 8 0.367631 0.000893734 0.0076741 
0 9 9 0.208157 -2.517e-05 -0.000820636 
1 9 9 0.205379 -0.000416849 -0.00100745 
2 9 9 0.202289 -0.000767921 -0.000901193 
3 9 9 0.199495 -0.00102306 -0.000622131 
4 9 9 0.197387 -0.00114457 -0.000266072 
5 9 9 0.19619 -0.00111442 0.000102921 
6 9 9 0.196003 -0.000944024 0.000438909 
7 9 9 0.196809 -0.000669627 0.000710627 
8 9 9 0.198479 -0.000344434 0.000895535 
9 9 9 0.200774 -2.80287e-05 0.000980476 
10 9 9 0.203372 0.000221318 0.000958818 
11 9 9 0.205916 0.000362549 0.000836737 
12 9 9 0.208063 0.000378838 0.000628134 
13 9 9 0.209512 0.000266845 0.000313649 
14 9 9 0.209685 -0.000244492 -0.000767872 
15 9 9 0.206641 0.0024089 0.00552804 
0 10 10 0.0600833 -9.2476e-05 -0.00012891 
1 10 10 0.0588966 -0.000256877 -0.000160806 
2 10 10 0.0574238 -0.000384644 -0.000117406 
3 10 10 0.0559954 -0.000461898 -3.59958e-05 
4 10 10 0.0548343 -0.000481901 5.32102e-05 
5 10 10 0.0540768 -0.000443515 0.00013409 
6 10 10 0.0537932 -0.00035549 0.000195118 
7 10 10 0.0539989 -0.000233526 0.000233278 
8 10 10 0.0546523 -9.90955e-05 0.000249013 
9 10 10 0.0556571 2.5041e-05 0.000246186 
10 10 10 0.0568709 0.000117503 0.000226489 
11 10 10 0.0581231 0.00016394 0.000193221 
12 10 10 0.0592366 0.000158294 0.000148217 
13 10 10 0.0600273 9.287e-05 8.4333e-05 
14 10 10 0.0599468 -0.000239955 -0.000257884 
15 10 10 0.0552952 0.00207303 0.00271008 
0 11 11 0 0 0 
1 11 11 0 0 0 
2 11 11 0 0 0 
3 11 11 0 0 0 
4 11 11 0 0 0 
5 11 11 0 0 0 
6 11 11 0 0 0 
7 11 11 0 0 0 
8 11 11 0 0 0 
9 11 11 0 0 0 
10 11 11 0 0 0 
11 11 11 0 0 0 
12 11 11 0 0 0 
13 11 11 0 0 0 
14 11 11 0 0 0 
15 11 11 0 0 0 
0 12 12 0 0 0 
1 12 12 0 0 0 
2 12 12 0 0 0 
3 12 12 0 0 0 
4 12 12 0 0 0 
5 12 12 0 0 0 
6 12 12 0 0 0 
7 12 12 0 0 0 
8 12 12 0 0 0 
9 12 12 0 0 0 
10 12 12 0 0 0 
11 12 12 0 0 0 
12 12 12 0 0 0 
13 12 12 0 0 0 
14 12 12 0 0 0 
15 12 12 0 0 0 
0 13 13 0 0 0 
1 13 13 0 0 0 
2 13 13 0 0 0 
3 13 13 0 0 0 
4 13 13 0 0 0 
5 13 13 0 0 0 
6 13 13 0 0 0 
7 13 13 0 0 0 
8 13 13 0 0 0 
9 13 13 0 0 0 
10 13 13 0 0 0 
11 13 13 0 0 0 
12 13 13 0 0 0 
13 13 13 0 0 0 
14 13 13 0 0 0 
15 13 13 0 0 0 
0 14 14 0 0 0 
1 14 14 0 0 0 
2 14 14 0 0 0 
3 14 14 0 0 0 
4 14 14 0 0 0 
5 14 14 0 0 0 
6 14 14 0 0 0 
7 14 14 0 0 0 
8 14 14 0 0 0 
9 14 14 0 0 0 
10 14 14 0 0 0 
11 14 14 0 0 0 
12 14 14 0 0 0 
13 14 14 0 0 0 
14 14 14 0 0 0 
15 14 14 0 0 0 
0 15 15 0 0 0 
1 15 15 0 0 0 
2 15 15 0 0 0 
3 15 15 0 0 0 
4 15 15 0 0 0 
5 15 15 0 0 0 
6 15 15 0 0 0 
7 15 15 0 0 0 
8 15 15 0 0 0 
9 15 15 0 0 0 
10 15 15 0 0 0 
11 15 15 0 0 0 
12 15 15 0 0 0 
13 15 15 0 0 0 
14 15 15 0 0 0 
15 15 15 0 0 0 
0 0 0 0 0 0 
1 0 0 0 0 0 
2 0 0 0 0 0 
3 0 0 0 0 0 
4 0 0 0 0 0 
5 0 0 0 0 0 
6 0 0 0 0 0 
7 0 0 0 0 0 
8 0 0 0 0 0 
9 0 0 0 0 0 
10 0 0 0 0 0 
11 0 0 0 0 0 
12 0 0 0 0 0 
13 0 0 0 0 0 
14 0 0 0 0 0 
15 0 0 0 0 0 
0 1 1 0 0 0 
1 1 1 0 0 0 
2 1 1 0 0 0 
3 1 1 0 0 0 
4 1 1 0 0 0 
5 1 1 0 0 0 
6 1 1 0 0 0 
7 1 1 0 0 0 
8 1 1 0 0 0 
9 1 1 0 0 0 
10 1 1 0 0 0 
11 1 1 0 0 0 
12 1 1 0 0 0 
13 1 1 0 0 0 
14 1 1 0 0 0 
15 1 1 0 0 0 
0 2 2 0 0 0 
1 2 2 0 0 0 
2 2 2 0 0 0 
3 2 2 0 0 0 
4 2 2 0 0 0 
5 2 2 0 0 0 
6 2 2 0 0 0 
7 2 2 0 0 0 
8 2 2 0 0 0 
9 2 2 0 0 0 
10 2 2 0 0 0 
11 2 2 0 0 0 
12 2 2 0 0 0 
13 2 2 0 0 0 
14 2 2 0 0 0 
15 2 2 0 0 0 
0 3 3 0 0 0 
1 3 3 0 0 0 
2 3 3 0 0 0 
3 3 3 0 0 0 
4 3 3 0 0 0 
5 3 3 0 0 0 
6 3 3 0 0 0 
7 3 3 0 0 0 
8 3 3 0 0 0 
9 3 3 0 0 0 
10 3 3 0 0 0 
11 3 3 0 0 0 
12 3 3 0 0 0 
13 3 3 0 0 0 
14 3 3 0 0 0 
15 3 3 0 0 0 
0 4 4 0 0 0 
1 4 4 0 0 0 
2 4 4 0 0 0 
3 4 4 0 0 0 
4 4 4 0 0 0 
5 4 4 0 0 0 
6 4 4 0 0 0 
7 4 4 0 0 0 
8 4 4 0 0 0 
9 4 4 0 0 0 
10 4 4 0 0 0 
11 4 4 0 0 0 
12 4 4 0 0 0 
13 4 4 0 0 0 
14 4 4 0 0 0 
15 4 4 0 0 0 
0 5 5 0 0 0 
1 5 5 0 0 0 
2 5 5 0 0 0 
3 5 5 0 0 0 
4 5 5 0 0 0 
5 5 5 0 0 0 
6 5 5 0 0 0 
7 5 5 0 0 0 
8 5 5 0 0 0 
9 5 5 0 0 0 
10 5 5 0 0 0 
11 5 5 0 0 0 
12 5 5 0 0 0 
13 5 5 0 0 0 
14 5 5 0 0 0 
15 5 5 0 0 0 
0 6 6 0 0 0 
1 6 6 0 0 0 
2 6 6 0 0 0 
3 6 6 0 0 0 
4 6 6 0 0 0 
5 6 6 0 0 0 
6 6 6 0 0 0 
7 6 6 0 0 0 
8 6 6 0 0 0 
9 6 6 0 0 0 
10 6 6 0 0 0 
11 6 6 0 0 0 
12 6 6 0 0 0 
13 6 6 0 0 0 
14 6 6 0 0 0 
15 6 6 0 0 0 
0 7 7 0.0194032 -6.52791e-05 -5.57774e-05 
1 7 7 0.0187849 -0.000120734 -0.000115067 
2 7 7 0.017949 -0.000177809 -0.000145243 
3 7 7 0.0170904 -0.000222098 -0.000151057 
4 7 7 0.0163466 -0.000244129 -0.000137835 
5 7 7 0.0158014 -0.000238447 -0.000108669 
6 7 7 0.015511 -0.000209809 -7.00397e-05 
7 7 7 0.0154935 -0.00016437 -2.66051e-05 
8 7 7 0.0157375 -0.000111672 1.56518e-05 
9 7 7 0.0161997 -6.11819e-05 5.18292e-05 
10 7 7 0.016809 -2.15749e-05 7.57448e-05 
11 7 7 0.017473 1.53586e-06 8.37696e-05 
12 7 7 0.0180878 6.30327e-06 7.39248e-05 
13 7 7 0.0185282 -7.63222e-06 4.07426e-05 
14 7 7 0.0183793 -4.24455e-05 -0.00016647 
15 7 7 0.0145501 -0.000311544 0.00178602 
0 8 8 0.0213477 -4.84516e-05 -4.01137e-05 
1 8 8 0.0206812 -0.000105981 -8.51861e-05 
2 8 8 0.019787 -0.000171121 -9.77196e-05 
3 8 8 0.0188741 -0.000225592 -8.77439e-05 
4 8 8 0.0180893 -0.000257902 -6.49962e-05 
5 8 8 0.017521 -0.000260383 -3.40652e-05 
6 8 8 0.0172285 -0.000236998 -8.66909e-07 
7 8 8 0.0172297 -0.000193838 3.15989e-05 
8 8 8 0.0175103 -0.000140688 6.00336e-05 
9 8 8 0.0180225 -8.73236e-05 8.20899e-05 
10 8 8 0.0186879 -4.32271e-05 9.41973e-05 
11 8 8 0.0194072 -1.43637e-05 9.42452e-05 
12 8 8 0.0200682 -2.13528e-06 8.04958e-05 
13 8 8 0.0205397 -9.82258e-07 4.66657e-05 
14 8 8 0.0203821 1.16215e-06 -0.000170883 
15 8 8 0.0164005 0.0002038 0.00188115 
0 9 9 0 0 0 
1 9 9 0 0 0 
2 9 9 0 0 0 
3 9 9 0 0 0 
4 9 9 0 0 0 
5 9 9 0 0 0 
6 9 9 0 0 0 
7 9 9 0 0 0 
8 9 9 0 0 0 
9 9 9 0 0 0 
10 9 9 0 0 0 
11 9 9 0 0 0 
12 9 9 0 0 0 
13 9 9 0 0 0 
14 9 9 0 0 0 
15 9 9 0 0 0 
0 10 10 0 0 0 
1 10 10 0 0 0 
2 10 10 0 0 0 
3 10 10 0 0 0 
4 10 10 0 0 0 
5 10 10 0 0 0 
6 10 10 0 0 0 
7 10 10 0 0 0 
8 10 10 0 0 0 
9 10 10 0 0 0 
10 10 10 0 0 0 
11 10 10 0 0 0 
12 10 10 0 0 0 
13 10 10 0 0 0 
14 10 10 0 0 0 
15 10 10 0 0 0 
0 11 11 0 0 0 
1 11 11 0 0 0 
2 11 11 0 0 0 
3 11 11 0 0 0 
4 11 11 0 0 0 
5 11 11 0 0 0 
6 11 11 0 0 0 
7 11 11 0 0 0 
8 11 11 0 0 0 
9 11 11 0 0 0 
10 11 11 0 0 0 
11 11 11 0 0 0 
12 11 11 0 0 0 
13 11 11 0 0 0 
14 11 11 0 0 0 
15 11 11 0 0 0 
0 12 12 0 0 0 
1 12 12 0 0 0 
2 12 12 0 0 0 
3 12 12 0 0 0 
4 12 12 0 0 0 
5 12 12 0 0 0 
6 12 12 0 0 0 
7 12 12 0 0 0 
8 12 12 0 0 0 
9 12 12 0 0 0 
10 12 12 0 0 0 
11 12 12 0 0 0 
12 12 12 0 0 0 
13 12 12 0 0 0 
14 12 12 0 0 0 
15 12 12 0 0 0 
0 13 13 0 0 0 
1 13 13 0 0 0 
2 13 13 0 0 0 
3 13 13 0 0 0 
4 13 13 0 0 0 
5 13 13 0 0 0 
6 13 13 0 0 0 
7 13 13 0 0 0 
8 13 13 0 0 0 
9 13 13 0 0 0 
10 13 13 0 0 0 
11 13 13 0 0 0 
12 13 13 0 0 0 
13 13 13 0 0 0 
14 13 13 0 0 0 
15 13 13 0 0 0 
0 14 14 0 0 0 
1 14 14 0 0 0 
2 14 14 0 0 0 
3 14 14 0 0 0 
4 14 14 0 0 0 
5 14 14 0 0 0 
6 14 14 0 0 0 
7 14 14 0 0 0 
8 14 14 0 0 0 
9 14 14 0 0 0 
10 14 14 0 0 0 
11 14 14 0 0 0 
12 14 14 0 0 0 
13 14 14 0 0 0 
14 14 14 0 0 0 
15 14 14 0 0 0 
0 15 15 0 0 0 
1 15 15 0 0 0 
2 15 15 0 0 0 
3 15 15 0 0 0 
4 15 15 0 0 0 
5 15 15 0 0 0 
6 15 15 0 0 0 
7 15 15 0 0 0 
8 15 15 0 0 0 
9 15 15 0 0 0 
10 15 15 0 0 0 
11 15 15 0 0 0 
12 15 15 0 0 0 
13 15 15 0 0 0 
14 15 15 0 0 0 
15 15 15 0 0 0 
0 0 0 0 0 0 
1 0 0 0 0 0 
2 0 0 0 0 0 
3 0 0 0 0 0 
4 0 0 0 0 0 
5 0 0 0 0 0 
6 0 0 0 0 0 
7 0 0 0 0 0 
8 0 0 0 0 0 
9 0 0 0 0 0 
10 0 0 0 0 0 
11 0 0 0 0 0 
12 0 0 0 0 0 
13 0 0 0 0 0 
14 0 0 0 0 0 
15 0 0 0 0 0 
0 1 1 0 0 0 
1 1 1 0 0 0 
2 1 1 0 0 0 
3 1 1 0 0 0 
4 1 1 0 0 0 
5 1 1 0 0 0 
6 1 1 0 0 0 
7 1 1 0 0 0 
8 1 1 0 0 0 
9 1 1 0 0 0 
10 1 1 0 0 0 
11 1 1 0 0 0 
12 1 1 0 0 0 
13 1 1 0 0 0 
14 1 1 0 0 0 
15 1 1 0 0 0 
0 2 2 0 0 0 
1 2 2 0 0 0 
2 2 2 0 0 0 
3 2 2 0 0 0 
4 2 2 0 0 0 
5 2 2 0 0 0 
6 2 2 0 0 0 
7 2 2 0 0 0 
8 2 2 0 0 0 
9 2 2 0 0 0 
10 2 2 0 0 0 
11 2 2 0 0 0 
12 2 2 0 0 0 
13 2 2 0 0 0 
14 2 2 0 0 0 
15 2 2 0 0 0 
0 3 3 0 0 0 
1 3 3 0 0 0 
2 3 3 0 0 0 
3 3 3 0 0 0 
4 3 3 0 0 0 
5 3 3 0 0 0 
6 3 3 0 0 0 
7 3 3 0 0 0 
8 3 3 0 0 0 
9 3 3 0 0 0 
10 3 3 0 0 0 
11 3 3 0 0 0 
12 3 3 0 0 0 
13 3 3 0 0 0 
14 3 3 0 0 0 
15 3 3 0 0 0 
0 4 4 0 0 0 
1 4 4 0 0 0 
2 4 4 0 0 0 
3 4 4 0 0 0 
4 4 4 0 0 0 
5 4 4 0 0 0 
6 4 4 0 0 0 
7 4 4 0 0 0 
8 4 4 0 0 0 
9 4 4 0 0 0 
10 4 4 0 0 0 
11 4 4 0 0 0 
12 4 4 0 0 0 
13 4 4 0 0 0 
14 4 4 0 0 0 
15 4 4 0 0 0 
0 5 5 0 0 0 
1 5 5 0 0 0 
2 5 5 0 0 0 
3 5 5 0 0 0 
4 5 5 0 0 0 
5 5 5 0 0 0 
6 5 5 0 0 0 
7 5 5 0 0 0 
8 5 5 0 0 0 
9 5 5 0 0 0 
10 5 5 0 0 0 
11 5 5 0 0 0 
12 5 5 0 0 0 
13 5 5 0 0 0 
14 5 5 0 0 0 
15 5 5 0 0 0 
0 6 6 0 0 0 
1 6 6 0 0 0 
2 6 6 0 0 0 
3 6 6 0 0 0 
4 6 6 0 0 0 
5 6 6 0 0 0 
6 6 6 0 0 0 
7 6 6 0 0 0 
8 6 6 0 0 0 
9 6 6 0 0 0 
10 6 6 0 0 0 
11 6 6 0 0 0 
12 6 6 0 0 0 
13 6 6 0 0 0 
14 6 6 0 0 0 
15 6 6 0 0 0 
0 7 7 0 0 0 
1 7 7 0 0 0 
2 7 7 0 0 0 
3 7 7 0 0 0 
4 7 7 0 0 0 
5 7 7 0 0 0 
6 7 7 0 0 0 
7 7 7 0 0 0 
8 7 7 0 0 0 
9 7 7 0 0 0 
10 7 7 0 0 0 
11 7 7 0 0 0 
12 7 7 0 0 0 
13 7 7 0 0 0 
14 7 7 0 0 0 
15 7 7 0 0 0 
0 8 8 0 0 0 
1 8 8 0 0 0 
2 8 8 0 0 0 
3 8 8 0 0 0 
4 8 8 0 0 0 
5 8 8 0 0 0 
6 8 8 0 0 0 
7 8 8 0 0 0 
8 8 8 0 0 0 
9 8 8 0 0 0 
10 8 8 0 0 0 
11 8 8 0 0 0 
12 8 8 0 0 0 
13 8 8 0 0 0 
14 8 8 0 0 0 
15 8 8 0 0 0 
0 9 9 0 0 0 
1 9 9 0 0 0 
2 9 9 0 0 0 
3 9 9 0 0 0 
4 9 9 0 0 0 
5 9 9 0 0 0 
6 9 9 0 0 0 
7 9 9 0 0 0 
8 9 9 0 0 0 
9 9 9 0 0 0 
10 9 9 0 0 0 
11 9 9 0 0 0 
12 9 9 0 0 0 
13 9 9 0 0 0 
14 9 9 0 0 0 
15 9 9 0 0 0 
0 10 10 0 0 0 
1 10 10 0 0 0 
2 10 10 0 0 0 
3 10 10 0 0 0 
4 10 10 0 0 0 
5 10 10 0 0 0 
6 10 10 0 0 0 
7 10 10 0 0 0 
8 10 10 0 0 0 
9 10 10 0 0 0 
10 10 10 0 0 0 
11 10 10 0 0 0 
12 10 10 0 0 0 
13 10 10 0 0 0 
14 10 10 0 0 0 
15 10 10 0 0 0 
0 11 11 0 0 0 
1 11 11 0 0 0 
2 11 11 0 0 0 
3 11 11 0 0 0 
4 11 11 0 0 0 
5 11 11 0 0 0 
6 11 11 0 0 0 
7 11 11 0 0 0 
8 11 11 0 0 0 
9 11 11 0 0 0 
10 11 11 0 0 0 
11 11 11 0 0 0 
12 11 11 0 0 0 
13 11 11 0 0 0 
14 11 11 0 0 0 
15 11 11 0 0 0 
0 12 12 0 0 0 
1 12 12 0 0 0 
2 12 12 0 0 0 
3 12 12 0 0 0 
4 12 12 0 0 0 
5 12 12 0 0 0 
6 12 12 0 0 0 
7 12 12 0 0 0 
8 12 12 0 0 0 
9 12 12 0 0 0 
10 12 12 0 0 0 
11 12 12 0 0 0 
12 12 12 0 0 0 
13 12 12 0 0 0 
14 12 12 0 0 0 
15 12 12 0 0 0 
0 13 13 0 0 0 
1 13 13 0 0 0 
2 13 13 0 0 0 
3 13 13 0 0 0 
4 13 13 0 0 0 
5 13 13 0 0 0 
6 13 13 0 0 0 
7 13 13 0 0 0 
8 13 13 0 0 0 
9 13 13 0 0 0 
10 13 13 0 0 0 
11 13 13 0 0 0 
12 13 13 0 0 0 
13 13 13 0 0 0 
14 13 13 0 0 0 
15 13 13 0 0 0 
0 14 14 0 0 0 
1 14 14 0 0 0 
2 14 14 0 0 0 
3 14 14 0 0 0 
4 14 14 0 0 0 
5 14 14 0 0 0 
6 14 14 0 0 0 
7 14 14 0 0 0 
8 14 14 0 0 0 
9 14 14 0 0 0 
10 14 14 0 0 0 
11 14 14 0 0 0 
12 14 14 0 0 0 
13 14 14 0 0 0 
14 14 14 0 0 0 
15 14 14 0 0 0 
0 15 15 0 0 0 
1 15 15 0 0 0 
2 15 15 0 0 0 
3 15 15 0 0 0 
4 15 15 0 0 0 
5 15 15 0 0 0 
6 15 15 0 0 0 
7 15 15 0 0 0 
8 15 15 0 0 0 
9 15 15 0 0 0 
10 15 15 0 0 0 
11 15 15 0 0 0 
12 15 15 0 0 0 
13 15 15 0 0 0 
14 15 15 0 0 0 
15 15 15 0 0 0 
0 0 0 0 0 0 
1 0 0 0 0 0 
2 0 0 0 0 0 
3 0 0 0 0 0 
4 0 0 0 0 0 
5 0 0 0 0 0 
6 0 0 0 0 0 
7 0 0 0 0 0 
8 0 0 0 0 0 
9 0 0 0 0 0 
10 0 0 0 0 0 
11 0 0 0 0 0 
12 0 0 0 0 0 
13 0 0 0 0 0 
14 0 0 0 0 0 
15 0 0 0 0 0 
0 1 1 0 0 0 
1 1 1 0 0 0 
2 1 1 0 0 0 
3 1 1 0 0 0 
4 1 1 0 0 0 
5 1 1 0 0 0 
6 1 1 0 0 0 
7 1 1 0 0 0 
8 1 1 0 0 0 
9 1 1 0 0 0 
10 1 1 0 0 0 
11 1 1 0 0 0 
12 1 1 0 0 0 
13 1 1 0 0 0 
14 1 1 0 0 0 
15 1 1 0 0 0 
0 2 2 0 0 0 
1 2 2 0 0 0 
2 2 2 0 0 0 
3 2 2 0 0 0 
4 2 2 0 0 0 
5 2 2 0 0 0 
6 2 2 0 0 0 
7 2 2 0 0 0 
8 2 2 0 0 0 
9 2 2 0 0 0 
10 2 2 0 0 0 
11 2 2 0 0 0 
12 2 2 0 0 0 
13 2 2 0 0 0 
14 2 2 0 0 0 
15 2 2 0 0 0 
0 3 3 0 0 0 
1 3 3 0 0 0 
2 3 3 0 0 0 
3 3 3 0 0 0 
4 3 3 0 0 0 
5 3 3 0 0 0 
6 3 3 0 0 0 
7 3 3 0 0 0 
8 3 3 0 0 0 
9 3 3 0 0 0 
10 3 3 0 0 0 
11 3 3 0 0 0 
12 3 3 0 0 0 
13 3 3 0 0 0 
14 3 3 0 0 0 
15 3 3 0 0 0 
0 4 4 0 0 0 
1 4 4 0 0 0 
2 4 4 0 0 0 
3 4 4 0 0 0 
4 4 4 0 0 0 
5 4 4 0 0 0 
6 4 4 0 0 0 
7 4 4 0 0 0 
8 4 4 0 0 0 
9 4 4 0 0 0 
10 4 4 0 0 0 
11 4 4 0 0 0 
12 4 4 0 0 0 
13 4 4 0 0 0 
14 4 4 0 0 0 
15 4 4 0 0 0 
0 5 5 0 0 0 
1 5 5 0 0 0 
2 5 5 0 0 0 
3 5 5 0 0 0 
4 5 5 0 0 0 
5 5 5 0 0 0 
6 5 5 0 0 0 
7 5 5 0 0 0 
8 5 5 0 0 0 
9 5 5 0 0 0 
10 5 5 0 0 0 
11 5 5 0 0 0 
12 5 5 0 0 0 
13 5 5 0 0 0 
14 5 5 0 0 0 
15 5 5 0 0 0 
0 6 6 0 0 0 
1 6 6 0 0 0 
2 6 6 0 0 0 
3 6 6 0 0 0 
4 6 6 0 0 0 
5 6 6 0 0 0 
6 6 6 0 0 0 
7 6 6 0 0 0 
8 6 6 0 0 0 
9 6 6 0 0 0 
10 6 6 0 0 0 
11 6 6 0 0 0 
12 6 6 0 0 0 
13 6 6 0 0 0 
14 6 6 0 0 0 
15 6 6 0 0 0 
0 7 7 0 0 0 
1 7 7 0 0 0 
2 7 7 0 0 0 
3 7 7 0 0 0 
4 7 7 0 0 0 
5 7 7 0 0 0 
6 7 7 0 0 0 
7 7 7 0 0 0 
8 7 7 0 0 0 
9 7 7 0 0 0 
10 7 7 0 0 0 
11 7 7 0 0 0 
12 7 7 0 0 0 
13 7 7 0 0 0 
14 7 7 0 0 0 
15 7 7 0 0 0 
0 8 8 0 0 0 
1 8 8 0 0 0 
2 8 8 0 0 0 
3 8 8 0 0 0 
4 8 8 0 0 0 
5 8 8 0 0 0 
6 8 8 0 0 0 
7 8 8 0 0 0 
8 8 8 0 0 0 
9 8 8 0 0 0 
10 8 8 0 0 0 
11 8 8 0 0 0 
12 8 8 0 0 0 
13 8 8 0 0 0 
14 8 8 0 0 0 
15 8 8 0 0 0 
0 9 9 0 0 0 
1 9 9 0 0 0 
2 9 9 0 0 0 
3 9 9 0 0 0 
4 9 9 0 0 0 
5 9 9 0 0 0 
6 9 9 0 0 0 
7 9 9 0 0 0 
8 9 9 0 0 0 
9 9 9 0 0 0 
10 9 9 0 0 0 
11 9 9 0 0 0 
12 9 9 0 0 0 
13 9 9 0 0 0 
14 9 9 0 0 0 
15 9 9 0 0 0 
0 10 10 0 0 0 
1 10 10 0 0 0 
2 10 10 0 0 0 
3 10 10 0 0 0 
4 10 10 0 0 0 
5 10 10 0 0 0 
6 10 10 0 0 0 
7 10 10 0 0 0 
8 10 10 0 0 0 
9 10 10 0 0 0 
10 10 10 0 0 0 
11 10 10 0 0 0 
12 10 10 0 0 0 
13 10 10 0 0 0 
14 10 10 0 0 0 
15 10 10 0 0 0 
0 11 11 0 0 0 
1 11 11 0 0 0 
2 11 11 0 0 0 
3 11 11 0 0 0 
4 11 11 0 0 0 
5 11 11 0 0 0 
6 11 11 0 0 0 
7 11 11 0 0 0 
8 11 11 0 0 0 
9 11 11 0 0 0 
10 11 11 0 0 0 
11 11 11 0 0 0 
12 11 11 0 0 0 
13 11 11 0 0 0 
14 11 11 0 0 0 
15 11 11 0 0 0 
0 12 12 0 0 0 
1 12 12 0 0 0 
2 12 12 0 0 0 
3 12 12 0 0 0 
4 12 12 0 0 0 
5 12 12 0 0 0 
6 12 12 0 0 0 
7 12 12 0 0 0 
8 12 12 0 0 0 
9 12 12 0 0 0 
10 12 12 0 0 0 
11 12 12 0 0 0 
12 12 12 0 0 0 
13 12 12 0 0 0 
14 12 12 0 0 0 
15 12 12 0 0 0 
0 13 13 0 0 0 
1 13 13 0 0 0 
2 13 13 0 0 0 
3 13 13 0 0 0 
4 13 13 0 0 0 
5 13 13 0 0 0 
6 13 13 0 0 0 
7 13 13 0 0 0 
8 13 13 0 0 0 
9 13 13 0 0 0 
10 13 13 0 0 0 
11 13 13 0 0 0 
12 13 13 0 0 0 
13 13 13 0 0 0 
14 13 13 0 0 0 
15 13 13 0 0 0 
0 14 14 0 0 0 
1 14 14 0 0 0 
2 14 14 0 0 0 
3 14 14 0 0 0 
4 14 14 0 0 0 
5 14 14 0 0 0 
6 14 14 0 0 0 
7 14 14 0 0 0 
8 14 14 0 0 0 
9 14 14 0 0 0 
10 14 14 0 0 0 
11 14 14 0 0 0 
12 14 14 0 0 0 
13 14 14 0 0 0 
14 14 14 0 0 0 
15 14 14 0 0 0 
0 15 15 0 0 0 
1 15 15 0 0 0 
2 15 15 0 0 0 
3 15 15 0 0 0 
4 15 15 0 0 0 
5 15 15 0 0 0 
6 15 15 0 0 0 
7 15 15 0 0 0 
8 15 15 0 0 0 
9 15 15 0 0 0 
10 15 15 0 0 0 
11 15 15 0 0 0 
12 15 15 0 0 0 
13 15 15 0 0 0 
14 15 15 0 0 0 
15 15 15 0 0 0 
0 0 0 0 0 0 
1 0 0 0 0 0 
2 0 0 0 0 0 
3 0 0 0 0 0 
4 0 0 0 0 0 
5 0 0 0 0 0 
6 0 0 0 0 0 
7 0 0 0 0 0 
8 0 0 0 0 0 
9 0 0 0 0 0 
10 0 0 0 0 0 
11 0 0 0 0 0 
12 0 0 0 0 0 
13 0 0 0 0 0 
14 0 0 0 0 0 
15 0 0 0 0 0 
0 1 1 0 0 0 
1 1 1 0 0 0 
2 1 1 0 0 0 
3 1 1 0 0 0 
4 1 1 0 0 0 
5 1 1 0 0 0 
6 1 1 0 0 0 
7 1 1 0 0 0 
8 1 1 0 0 0 
9 1 1 0 0 0 
10 1 1 0 0 0 
11 1 1 0 0 0 
12 1 1 0 0 0 
13 1 1 0 0 0 
14 1 1 0 0 0 
15 1 1 0 0 0 
0 2 2 0 0 0 
1 2 2 0 0 0 
2 2 2 0 0 0 
3 2 2 0 0 0 
4 2 2 0 0 0 
5 2 2 0 0 0 
6 2 2 0 0 0 
7 2 2 0 0 0 
8 2 2 0 0 0 
9 2 2 0 0 0 
10 2 2 0 0 0 
11 2 2 0 0 0 
12 2 2 0 0 0 
13 2 2 0 0 0 
14 2 2 0 0 0 
15 2 2 0 0 0 
0 3 3 0 0 0 
1 3 3 0 0 0 
2 3 3 0 0 0 
3 3 3 0 0 0 
4 3 3 0 0 0 
5 3 3 0 0 0 
6 3 3 0 0 0 
7 3 3 0 0 0 
8 3 3 0 0 0 
9 3 3 0 0 0 
10 3 3 0 0 0 
11 3 3 0 0 0 
12 3 3 0 0 0 
13 3 3 0 0 0 
14 3 3 0 0 0 
15 3 3 0 0 0 
0 4 4 0 0 0 
1 4 4 0 0 0 
2 4 4 0 0 0 
3 4 4 0 0 0 
4 4 4 0 0 0 
5 4 4 0 0 0 
6 4 4 0 0 0 
7 4 4 0 0 0 
8 4 4 0 0 0 
9 4 4 0 0 0 
10 4 4 0 0 0 
11 4 4 0 0 0 
12 4 4 0 0 0 
13 4 4 0 0 0 
14 4 4 0 0 0 
15 4 4 0 0 0 
0 5 5 0 0 0 
1 5 5 0 0 0 
2 5 5 0 0 0 
3 5 5 0 0 0 
4 5 5 0 0 0 
5 5 5 0 0 0 
6 5 5 0 0 0 
7 5 5 0 0 0 
8 5 5 0 0 0 
9 5 5 0 0 0 
10 5 5 0 0 0 
11 5 5 0 0 0 
12 5 5 0 0 0 
13 5 5 0 0 0 
14 5 5 0 0 0 
15 5 5 0 0 0 
0 6 6 0 0 0 
1 6 6 0 0 0 
2 6 6 0 0 0 
3 6 6 0 0 0 
4 6 6 0 0 0 
5 6 6 0 0 0 
6 6 6 0 0 0 
7 6 6 0 0 0 
8 6 6 0 0 0 
9 6 6 0 0 0 
10 6 6 0 0 0 
11 6 6 0 0 0 
12 6 6 0 0 0 
13 6 6 0 0 0 
14 6 6 0 0 0 
15 6 6 0 0 0 
0 7 7 0 0 0 
1 7 7 0 0 0 
2 7 7 0 0 0 
3 7 7 0 0 0 
4 7 7 0 0 0 
5 7 7 0 0 0 
6 7 7 0 0 0 
7 7 7 0 0 0 
8 7 7 0 0 0 
9 7 7 0 0 0 
10 7 7 0 0 0 
11 7 7 0 0 0 
12 7 7 0 0 0 
13 7 7 0 0 0 
14 7 7 0 0 0 
15 7 7 0 0 0 
0 8 8 0 0 0 
1 8 8 0 0 0 
2 8 8 0 0 0 
3 8 8 0 0 0 
4 8 8 0 0 0 
5 8 8 0 0 0 
6 8 8 0 0 0 
7 8 8 0 0 0 
8 8 8 0 0 0 
9 8 8 0 0 0 
10 8 8 0 0 0 
11 8 8 0 0 0 
12 8 8 0 0 0 
13 8 8 0 0 0 
14 8 8 0 0 0 
15 8 8 0 0 0 
0 9 9 0 0 0 
1 9 9 0 0 0 
2 9 9 0 0 0 
3 9 9 0 0 0 
4 9 9 0 0 0 
5 9 9 0 0 0 
6 9 9 0 0 0 
7 9 9 0 0 0 
8 9 9 0 0 0 
9 9 9 0 0 0 
10 9 9 0 0 0 
11 9 9 0 0 0 
12 9 9 0 0 0 
13 9 9 0 0 0 
14 9 9 0 0 0 
15 9 9 0 0 0 
0 10 10 0 0 0 
1 10 10 0 0 0 
2 10 10 0 0 0 
3 10 10 0 0 0 
4 10 10 0 0 0 
5 10 10 0 0 0 
6 10 10 0 0 0 
7 10 10 0 0 0 
8 10 10 0 0 0 
9 10 10 0 0 0 
10 10 10 0 0 0 
11 10 10 0 0 0 
12 10 10 0 0 0 
13 10 10 0 0 0 
14 10 10 0 0 0 
15 10 10 0 0 0 
0 11 11 0 0 0 
1 11 11 0 0 0 
2 11 11 0 0 0 
3 11 11 0 0 0 
4 11 11 0 0 0 
5 11 11 0 0 0 
6 11 11 0 0 0 
7 11 11 0 0 0 
8 11 11 0 0 0 
9 11 11 0 0 0 
10 11 11 0 0 0 
11 11 11 0 0 0 
12 11 11 0 0 0 
13 11 11 0 0 0 
14 11 11 0 0 0 
15 11 11 0 0 0 
0 12 12 0 0 0 
1 12 12 0 0 0 
2 12 12 0 0 0 
3 12 12 0 0 0 
4 12 12 0 0 0 
5 12 12 0 0 0 
6 12 12 0 0 0 
7 12 12 0 0 0 
8 12 12 0 0 0 
9 12 12 0 0 0 
10 12 12 0 0 0 
11 12 12 0 0 0 
12 12 12 0 0 0 
13 12 12 0 0 0 
14 12 12 0 0 0 
15 12 12 0 0 0 
0 13 13 0 0 0 
1 13 13 0 0 0 
2 13 13 0 0 0 
3 13 13 0 0 0 
4 13 13 0 0 0 
5 13 13 0 0 0 
6 13 13 0 0 0 
7 13 13 0 0 0 
8 13 13 0 0 0 
9 13 13 0 0 0 
10 13 13 0 0 0 
11 13 13 0 0 0 
12 13 13 0 0 0 
13 13 13 0 0 0 
14 13 13 0 0 0 
15 13 13 0 0 0 
0 14 14 0 0 0 
1 14 14 0 0 0 
2 14 14 0 0 0 
3 14 14 0 0 0 
4 14 14 0 0 0 
5 14 14 0 0 0 
6 14 14 0 0 0 
7 14 14 0 0 0 
8 14 14 0 0 0 
9 14 14 0 0 0 
10 14 14 0 0 0 
11 14 14 0 0 0 
12 14 14 0 0 0 
13 14 14 0 0 0 
14 14 14 0 0 0 
15 14 14 0 0 0 
0 15 15 0 0 0 
1 15 15 0 0 0 
2 15 15 0 0 0 
3 15 15 0 0 0 
4 15 15 0 0 0 
5 15 15 0 0 0 
6 15 15 0 0 0 
7 15 15 0 0 0 
8 15 15 0 0 0 
9 15 15 0 0 0 
10 15 15 0 0 0 
11 15 15 0 0 0 
12 15 15 0 0 0 
13 15 15 0 0 0 
14 15 15 0 0 0 
15 15 15 0 0 0 
