0 0 0 0 0 0 
1 0 0 0 0 0 
2 0 0 0 0 0 
3 0 0 0 0 0 
4 0 0 0 0 0 
5 0 0 0 0 0 
6 0 0 0 0 0 
7 0 0 0 0 0 
8 0 0 0 0 0 
9 0 0 0 0 0 
10 0 0 0 0 0 
11 0 0 0 0 0 
12 0 0 0 0 0 
13 0 0 0 0 0 
14 0 0 0 0 0 
15 0 0 0 0 0 
0 1 1 0 0 0 
1 1 1 0 0 0 
2 1 1 0 0 0 
3 1 1 0 0 0 
4 1 1 0 0 0 
5 1 1 0 0 0 
6 1 1 0 0 0 
7 1 1 0 0 0 
8 1 1 0 0 0 
9 1 1 0 0 0 
10 1 1 0 0 0 
11 1 1 0 0 0 
12 1 1 0 0 0 
13 1 1 0 0 0 
14 1 1 0 0 0 
15 1 1 0 0 0 
0 2 2 0 0 0 
1 2 2 0 0 0 
2 2 2 0 0 0 
3 2 2 0 0 0 
4 2 2 0 0 0 
5 2 2 0 0 0 
6 2 2 0 0 0 
7 2 2 0 0 0 
8 2 2 0 0 0 
9 2 2 0 0 0 
10 2 2 0 0 0 
11 2 2 0 0 0 
12 2 2 0 0 0 
13 2 2 0 0 0 
14 2 2 0 0 0 
15 2 2 0 0 0 
0 3 3 0 0 0 
1 3 3 0 0 0 
2 3 3 0 0 0 
3 3 3 0 0 0 
4 3 3 0 0 0 
5 3 3 0 0 0 
6 3 3 0 0 0 
7 3 3 0 0 0 
8 3 3 0 0 0 
9 3 3 0 0 0 
10 3 3 0 0 0 
11 3 3 0 0 0 
12 3 3 0 0 0 
13 3 3 0 0 0 
14 3 3 0 0 0 
15 3 3 0 0 0 
0 4 4 0 0 0 
1 4 4 0 0 0 
2 4 4 0 0 0 
3 4 4 0 0 0 
4 4 4 0 0 0 
5 4 4 0 0 0 
6 4 4 0 0 0 
7 4 4 0 0 0 
8 4 4 0 0 0 
9 4 4 0 0 0 
10 4 4 0 0 0 
11 4 4 0 0 0 
12 4 4 0 0 0 
13 4 4 0 0 0 
14 4 4 0 0 0 
15 4 4 0 0 0 
0 5 5 0 0 0 
1 5 5 0 0 0 
2 5 5 0 0 0 
3 5 5 0 0 0 
4 5 5 0 0 0 
5 5 5 0 0 0 
6 5 5 0 0 0 
7 5 5 0 0 0 
8 5 5 0 0 0 
9 5 5 0 0 0 
10 5 5 0 0 0 
11 5 5 0 0 0 
12 5 5 0 0 0 
13 5 5 0 0 0 
14 5 5 0 0 0 
15 5 5 0 0 0 
0 6 6 0 0 0 
1 6 6 0 0 0 
2 6 6 0 0 0 
3 6 6 0 0 0 
4 6 6 0 0 0 
5 6 6 0 0 0 
6 6 6 0 0 0 
7 6 6 0 0 0 
8 6 6 0 0 0 
9 6 6 0 0 0 
10 6 6 0 0 0 
11 6 6 0 0 0 
12 6 6 0 0 0 
13 6 6 0 0 0 
14 6 6 0 0 0 
15 6 6 0 0 0 
0 7 7 0 0 0 
1 7 7 0 0 0 
2 7 7 0 0 0 
3 7 7 0 0 0 
4 7 7 0 0 0 
5 7 7 0 0 0 
6 7 7 0 0 0 
7 7 7 0 0 0 
8 7 7 0 0 0 
9 7 7 0 0 0 
10 7 7 0 0 0 
11 7 7 0 0 0 
12 7 7 0 0 0 
13 7 7 0 0 0 
14 7 7 0 0 0 
15 7 7 0 0 0 
0 8 8 0 0 0 
1 8 8 0 0 0 
2 8 8 0 0 0 
3 8 8 0 0 0 
4 8 8 0 0 0 
5 8 8 0 0 0 
6 8 8 0 0 0 
7 8 8 0 0 0 
8 8 8 0 0 0 
9 8 8 0 0 0 
10 8 8 0 0 0 
11 8 8 0 0 0 
12 8 8 0 0 0 
13 8 8 0 0 0 
14 8 8 0 0 0 
15 8 8 0 0 0 
0 9 9 0 0 0 
1 9 9 0 0 0 
2 9 9 0 0 0 
3 9 9 0 0 0 
4 9 9 0 0 0 
5 9 9 0 0 0 
6 9 9 0 0 0 
7 9 9 0 0 0 
8 9 9 0 0 0 
9 9 9 0 0 0 
10 9 9 0 0 0 
11 9 9 0 0 0 
12 9 9 0 0 0 
13 9 9 0 0 0 
14 9 9 0 0 0 
15 9 9 0 0 0 
0 10 10 0 0 0 
1 10 10 0 0 0 
2 10 10 0 0 0 
3 10 10 0 0 0 
4 10 10 0 0 0 
5 10 10 0 0 0 
6 10 10 0 0 0 
7 10 10 0 0 0 
8 10 10 0 0 0 
9 10 10 0 0 0 
10 10 10 0 0 0 
11 10 10 0 0 0 
12 10 10 0 0 0 
13 10 10 0 0 0 
14 10 10 0 0 0 
15 10 10 0 0 0 
0 11 11 0 0 0 
1 11 11 0 0 0 
2 11 11 0 0 0 
3 11 11 0 0 0 
4 11 11 0 0 0 
5 11 11 0 0 0 
6 11 11 0 0 0 
7 11 11 0 0 0 
8 11 11 0 0 0 
9 11 11 0 0 0 
10 11 11 0 0 0 
11 11 11 0 0 0 
12 11 11 0 0 0 
13 11 11 0 0 0 
14 11 11 0 0 0 
15 11 11 0 0 0 
0 12 12 0 0 0 
1 12 12 0 0 0 
2 12 12 0 0 0 
3 12 12 0 0 0 
4 12 12 0 0 0 
5 12 12 0 0 0 
6 12 12 0 0 0 
7 12 12 0 0 0 
8 12 12 0 0 0 
9 12 12 0 0 0 
10 12 12 0 0 0 
11 12 12 0 0 0 
12 12 12 0 0 0 
13 12 12 0 0 0 
14 12 12 0 0 0 
15 12 12 0 0 0 
0 13 13 0 0 0 
1 13 13 0 0 0 
2 13 13 0 0 0 
3 13 13 0 0 0 
4 13 13 0 0 0 
5 13 13 0 0 0 
6 13 13 0 0 0 
7 13 13 0 0 0 
8 13 13 0 0 0 
9 13 13 0 0 0 
10 13 13 0 0 0 
11 13 13 0 0 0 
12 13 13 0 0 0 
13 13 13 0 0 0 
14 13 13 0 0 0 
15 13 13 0 0 0 
0 14 14 0 0 0 
1 14 14 0 0 0 
2 14 14 0 0 0 
3 14 14 0 0 0 
4 14 14 0 0 0 
5 14 14 0 0 0 
6 14 14 0 0 0 
7 14 14 0 0 0 
8 14 14 0 0 0 
9 14 14 0 0 0 
10 14 14 0 0 0 
11 14 14 0 0 0 
12 14 14 0 0 0 
13 14 14 0 0 0 
14 14 14 0 0 0 
15 14 14 0 0 0 
0 15 15 0 0 0 
1 15 15 0 0 0 
2 15 15 0 0 0 
3 15 15 0 0 0 
4 15 15 0 0 0 
5 15 15 0 0 0 
6 15 15 0 0 0 
7 15 15 0 0 0 
8 15 15 0 0 0 
9 15 15 0 0 0 
10 15 15 0 0 0 
11 15 15 0 0 0 
12 15 15 0 0 0 
13 15 15 0 0 0 
14 15 15 0 0 0 
15 15 15 0 0 0 
0 0 0 0 0 0 
1 0 0 0 0 0 
2 0 0 0 0 0 
3 0 0 0 0 0 
4 0 0 0 0 0 
5 0 0 0 0 0 
6 0 0 0 0 0 
7 0 0 0 0 0 
8 0 0 0 0 0 
9 0 0 0 0 0 
10 0 0 0 0 0 
11 0 0 0 0 0 
12 0 0 0 0 0 
13 0 0 0 0 0 
14 0 0 0 0 0 
15 0 0 0 0 0 
0 1 1 0 0 0 
1 1 1 0 0 0 
2 1 1 0 0 0 
3 1 1 0 0 0 
4 1 1 0 0 0 
5 1 1 0 0 0 
6 1 1 0 0 0 
7 1 1 0 0 0 
8 1 1 0 0 0 
9 1 1 0 0 0 
10 1 1 0 0 0 
11 1 1 0 0 0 
12 1 1 0 0 0 
13 1 1 0 0 0 
14 1 1 0 0 0 
15 1 1 0 0 0 
0 2 2 0 0 0 
1 2 2 0 0 0 
2 2 2 0 0 0 
3 2 2 0 0 0 
4 2 2 0 0 0 
5 2 2 0 0 0 
6 2 2 0 0 0 
7 2 2 0 0 0 
8 2 2 0 0 0 
9 2 2 0 0 0 
10 2 2 0 0 0 
11 2 2 0 0 0 
12 2 2 0 0 0 
13 2 2 0 0 0 
14 2 2 0 0 0 
15 2 2 0 0 0 
0 3 3 0 0 0 
1 3 3 0 0 0 
2 3 3 0 0 0 
3 3 3 0 0 0 
4 3 3 0 0 0 
5 3 3 0 0 0 
6 3 3 0 0 0 
7 3 3 0 0 0 
8 3 3 0 0 0 
9 3 3 0 0 0 
10 3 3 0 0 0 
11 3 3 0 0 0 
12 3 3 0 0 0 
13 3 3 0 0 0 
14 3 3 0 0 0 
15 3 3 0 0 0 
0 4 4 0 0 0 
1 4 4 0 0 0 
2 4 4 0 0 0 
3 4 4 0 0 0 
4 4 4 0 0 0 
5 4 4 0 0 0 
6 4 4 0 0 0 
7 4 4 0 0 0 
8 4 4 0 0 0 
9 4 4 0 0 0 
10 4 4 0 0 0 
11 4 4 0 0 0 
12 4 4 0 0 0 
13 4 4 0 0 0 
14 4 4 0 0 0 
15 4 4 0 0 0 
0 5 5 0 0 0 
1 5 5 0 0 0 
2 5 5 0 0 0 
3 5 5 0 0 0 
4 5 5 0 0 0 
5 5 5 0 0 0 
6 5 5 0 0 0 
7 5 5 0 0 0 
8 5 5 0 0 0 
9 5 5 0 0 0 
10 5 5 0 0 0 
11 5 5 0 0 0 
12 5 5 0 0 0 
13 5 5 0 0 0 
14 5 5 0 0 0 
15 5 5 0 0 0 
0 6 6 0 0 0 
1 6 6 0 0 0 
2 6 6 0 0 0 
3 6 6 0 0 0 
4 6 6 0 0 0 
5 6 6 0 0 0 
6 6 6 0 0 0 
7 6 6 0 0 0 
8 6 6 0 0 0 
9 6 6 0 0 0 
10 6 6 0 0 0 
11 6 6 0 0 0 
12 6 6 0 0 0 
13 6 6 0 0 0 
14 6 6 0 0 0 
15 6 6 0 0 0 
0 7 7 0 0 0 
1 7 7 0 0 0 
2 7 7 0 0 0 
3 7 7 0 0 0 
4 7 7 0 0 0 
5 7 7 0 0 0 
6 7 7 0 0 0 
7 7 7 0 0 0 
8 7 7 0 0 0 
9 7 7 0 0 0 
10 7 7 0 0 0 
11 7 7 0 0 0 
12 7 7 0 0 0 
13 7 7 0 0 0 
14 7 7 0 0 0 
15 7 7 0 0 0 
0 8 8 0 0 0 
1 8 8 0 0 0 
2 8 8 0 0 0 
3 8 8 0 0 0 
4 8 8 0 0 0 
5 8 8 0 0 0 
6 8 8 0 0 0 
7 8 8 0 0 0 
8 8 8 0 0 0 
9 8 8 0 0 0 
10 8 8 0 0 0 
11 8 8 0 0 0 
12 8 8 0 0 0 
13 8 8 0 0 0 
14 8 8 0 0 0 
15 8 8 0 0 0 
0 9 9 0 0 0 
1 9 9 0 0 0 
2 9 9 0 0 0 
3 9 9 0 0 0 
4 9 9 0 0 0 
5 9 9 0 0 0 
6 9 9 0 0 0 
7 9 9 0 0 0 
8 9 9 0 0 0 
9 9 9 0 0 0 
10 9 9 0 0 0 
11 9 9 0 0 0 
12 9 9 0 0 0 
13 9 9 0 0 0 
14 9 9 0 0 0 
15 9 9 0 0 0 
0 10 10 0 0 0 
1 10 10 0 0 0 
2 10 10 0 0 0 
3 10 10 0 0 0 
4 10 10 0 0 0 
5 10 10 0 0 0 
6 10 10 0 0 0 
7 10 10 0 0 0 
8 10 10 0 0 0 
9 10 10 0 0 0 
10 10 10 0 0 0 
11 10 10 0 0 0 
12 10 10 0 0 0 
13 10 10 0 0 0 
14 10 10 0 0 0 
15 10 10 0 0 0 
0 11 11 0 0 0 
1 11 11 0 0 0 
2 11 11 0 0 0 
3 11 11 0 0 0 
4 11 11 0 0 0 
5 11 11 0 0 0 
6 11 11 0 0 0 
7 11 11 0 0 0 
8 11 11 0 0 0 
9 11 11 0 0 0 
10 11 11 0 0 0 
11 11 11 0 0 0 
12 11 11 0 0 0 
13 11 11 0 0 0 
14 11 11 0 0 0 
15 11 11 0 0 0 
0 12 12 0 0 0 
1 12 12 0 0 0 
2 12 12 0 0 0 
3 12 12 0 0 0 
4 12 12 0 0 0 
5 12 12 0 0 0 
6 12 12 0 0 0 
7 12 12 0 0 0 
8 12 12 0 0 0 
9 12 12 0 0 0 
10 12 12 0 0 0 
11 12 12 0 0 0 
12 12 12 0 0 0 
13 12 12 0 0 0 
14 12 12 0 0 0 
15 12 12 0 0 0 
0 13 13 0 0 0 
1 13 13 0 0 0 
2 13 13 0 0 0 
3 13 13 0 0 0 
4 13 13 0 0 0 
5 13 13 0 0 0 
6 13 13 0 0 0 
7 13 13 0 0 0 
8 13 13 0 0 0 
9 13 13 0 0 0 
10 13 13 0 0 0 
11 13 13 0 0 0 
12 13 13 0 0 0 
13 13 13 0 0 0 
14 13 13 0 0 0 
15 13 13 0 0 0 
0 14 14 0 0 0 
1 14 14 0 0 0 
2 14 14 0 0 0 
3 14 14 0 0 0 
4 14 14 0 0 0 
5 14 14 0 0 0 
6 14 14 0 0 0 
7 14 14 0 0 0 
8 14 14 0 0 0 
9 14 14 0 0 0 
10 14 14 0 0 0 
11 14 14 0 0 0 
12 14 14 0 0 0 
13 14 14 0 0 0 
14 14 14 0 0 0 
15 14 14 0 0 0 
0 15 15 0 0 0 
1 15 15 0 0 0 
2 15 15 0 0 0 
3 15 15 0 0 0 
4 15 15 0 0 0 
5 15 15 0 0 0 
6 15 15 0 0 0 
7 15 15 0 0 0 
8 15 15 0 0 0 
9 15 15 0 0 0 
10 15 15 0 0 0 
11 15 15 0 0 0 
12 15 15 0 0 0 
13 15 15 0 0 0 
14 15 15 0 0 0 
15 15 15 0 0 0 
0 0 0 0 0 0 
1 0 0 0 0 0 
2 0 0 0 0 0 
3 0 0 0 0 0 
4 0 0 0 0 0 
5 0 0 0 0 0 
6 0 0 0 0 0 
7 0 0 0 0 0 
8 0 0 0 0 0 
9 0 0 0 0 0 
10 0 0 0 0 0 
11 0 0 0 0 0 
12 0 0 0 0 0 
13 0 0 0 0 0 
14 0 0 0 0 0 
15 0 0 0 0 0 
0 1 1 0 0 0 
1 1 1 0 0 0 
2 1 1 0 0 0 
3 1 1 0 0 0 
4 1 1 0 0 0 
5 1 1 0 0 0 
6 1 1 0 0 0 
7 1 1 0 0 0 
8 1 1 0 0 0 
9 1 1 0 0 0 
10 1 1 0 0 0 
11 1 1 0 0 0 
12 1 1 0 0 0 
13 1 1 0 0 0 
14 1 1 0 0 0 
15 1 1 0 0 0 
0 2 2 0 0 0 
1 2 2 0 0 0 
2 2 2 0 0 0 
3 2 2 0 0 0 
4 2 2 0 0 0 
5 2 2 0 0 0 
6 2 2 0 0 0 
7 2 2 0 0 0 
8 2 2 0 0 0 
9 2 2 0 0 0 
10 2 2 0 0 0 
11 2 2 0 0 0 
12 2 2 0 0 0 
13 2 2 0 0 0 
14 2 2 0 0 0 
15 2 2 0 0 0 
0 3 3 0 0 0 
1 3 3 0 0 0 
2 3 3 0 0 0 
3 3 3 0 0 0 
4 3 3 0 0 0 
5 3 3 0 0 0 
6 3 3 0 0 0 
7 3 3 0 0 0 
8 3 3 0 0 0 
9 3 3 0 0 0 
10 3 3 0 0 0 
11 3 3 0 0 0 
12 3 3 0 0 0 
13 3 3 0 0 0 
14 3 3 0 0 0 
15 3 3 0 0 0 
0 4 4 0 0 0 
1 4 4 0 0 0 
2 4 4 0 0 0 
3 4 4 0 0 0 
4 4 4 0 0 0 
5 4 4 0 0 0 
6 4 4 0 0 0 
7 4 4 0 0 0 
8 4 4 0 0 0 
9 4 4 0 0 0 
10 4 4 0 0 0 
11 4 4 0 0 0 
12 4 4 0 0 0 
13 4 4 0 0 0 
14 4 4 0 0 0 
15 4 4 0 0 0 
0 5 5 0 0 0 
1 5 5 0 0 0 
2 5 5 0 0 0 
3 5 5 0 0 0 
4 5 5 0 0 0 
5 5 5 0 0 0 
6 5 5 0 0 0 
7 5 5 0 0 0 
8 5 5 0 0 0 
9 5 5 0 0 0 
10 5 5 0 0 0 
11 5 5 0 0 0 
12 5 5 0 0 0 
13 5 5 0 0 0 
14 5 5 0 0 0 
15 5 5 0 0 0 
0 6 6 0 0 0 
1 6 6 0 0 0 
2 6 6 0 0 0 
3 6 6 0 0 0 
4 6 6 0 0 0 
5 6 6 0 0 0 
6 6 6 0 0 0 
7 6 6 0 0 0 
8 6 6 0 0 0 
9 6 6 0 0 0 
10 6 6 0 0 0 
11 6 6 0 0 0 
12 6 6 0 0 0 
13 6 6 0 0 0 
14 6 6 0 0 0 
15 6 6 0 0 0 
0 7 7 0 0 0 
1 7 7 0 0 0 
2 7 7 0 0 0 
3 7 7 0 0 0 
4 7 7 0 0 0 
5 7 7 0 0 0 
6 7 7 0 0 0 
7 7 7 0 0 0 
8 7 7 0 0 0 
9 7 7 0 0 0 
10 7 7 0 0 0 
11 7 7 0 0 0 
12 7 7 0 0 0 
13 7 7 0 0 0 
14 7 7 0 0 0 
15 7 7 0 0 0 
0 8 8 0 0 0 
1 8 8 0 0 0 
2 8 8 0 0 0 
3 8 8 0 0 0 
4 8 8 0 0 0 
5 8 8 0 0 0 
6 8 8 0 0 0 
7 8 8 0 0 0 
8 8 8 0 0 0 
9 8 8 0 0 0 
10 8 8 0 0 0 
11 8 8 0 0 0 
12 8 8 0 0 0 
13 8 8 0 0 0 
14 8 8 0 0 0 
15 8 8 0 0 0 
0 9 9 0 0 0 
1 9 9 0 0 0 
2 9 9 0 0 0 
3 9 9 0 0 0 
4 9 9 0 0 0 
5 9 9 0 0 0 
6 9 9 0 0 0 
7 9 9 0 0 0 
8 9 9 0 0 0 
9 9 9 0 0 0 
10 9 9 0 0 0 
11 9 9 0 0 0 
12 9 9 0 0 0 
13 9 9 0 0 0 
14 9 9 0 0 0 
15 9 9 0 0 0 
0 10 10 0 0 0 
1 10 10 0 0 0 
2 10 10 0 0 0 
3 10 10 0 0 0 
4 10 10 0 0 0 
5 10 10 0 0 0 
6 10 10 0 0 0 
7 10 10 0 0 0 
8 10 10 0 0 0 
9 10 10 0 0 0 
10 10 10 0 0 0 
11 10 10 0 0 0 
12 10 10 0 0 0 
13 10 10 0 0 0 
14 10 10 0 0 0 
15 10 10 0 0 0 
0 11 11 0 0 0 
1 11 11 0 0 0 
2 11 11 0 0 0 
3 11 11 0 0 0 
4 11 11 0 0 0 
5 11 11 0 0 0 
6 11 11 0 0 0 
7 11 11 0 0 0 
8 11 11 0 0 0 
9 11 11 0 0 0 
10 11 11 0 0 0 
11 11 11 0 0 0 
12 11 11 0 0 0 
13 11 11 0 0 0 
14 11 11 0 0 0 
15 11 11 0 0 0 
0 12 12 0 0 0 
1 12 12 0 0 0 
2 12 12 0 0 0 
3 12 12 0 0 0 
4 12 12 0 0 0 
5 12 12 0 0 0 
6 12 12 0 0 0 
7 12 12 0 0 0 
8 12 12 0 0 0 
9 12 12 0 0 0 
10 12 12 0 0 0 
11 12 12 0 0 0 
12 12 12 0 0 0 
13 12 12 0 0 0 
14 12 12 0 0 0 
15 12 12 0 0 0 
0 13 13 0 0 0 
1 13 13 0 0 0 
2 13 13 0 0 0 
3 13 13 0 0 0 
4 13 13 0 0 0 
5 13 13 0 0 0 
6 13 13 0 0 0 
7 13 13 0 0 0 
8 13 13 0 0 0 
9 13 13 0 0 0 
10 13 13 0 0 0 
11 13 13 0 0 0 
12 13 13 0 0 0 
13 13 13 0 0 0 
14 13 13 0 0 0 
15 13 13 0 0 0 
0 14 14 0 0 0 
1 14 14 0 0 0 
2 14 14 0 0 0 
3 14 14 0 0 0 
4 14 14 0 0 0 
5 14 14 0 0 0 
6 14 14 0 0 0 
7 14 14 0 0 0 
8 14 14 0 0 0 
9 14 14 0 0 0 
10 14 14 0 0 0 
11 14 14 0 0 0 
12 14 14 0 0 0 
13 14 14 0 0 0 
14 14 14 0 0 0 
15 14 14 0 0 0 
0 15 15 0 0 0 
1 15 15 0 0 0 
2 15 15 0 0 0 
3 15 15 0 0 0 
4 15 15 0 0 0 
5 15 15 0 0 0 
6 15 15 0 0 0 
7 15 15 0 0 0 
8 15 15 0 0 0 
9 15 15 0 0 0 
10 15 15 0 0 0 
11 15 15 0 0 0 
12 15 15 0 0 0 
13 15 15 0 0 0 
14 15 15 0 0 0 
15 15 15 0 0 0 
0 0 0 0 0 0 
1 0 0 0 0 0 
2 0 0 0 0 0 
3 0 0 0 0 0 
4 0 0 0 0 0 
5 0 0 0 0 0 
6 0 0 0 0 0 
7 0 0 0 0 0 
8 0 0 0 0 0 
9 0 0 0 0 0 
10 0 0 0 0 0 
11 0 0 0 0 0 
12 0 0 0 0 0 
13 0 0 0 0 0 
14 0 0 0 0 0 
15 0 0 0 0 0 
0 1 1 0 0 0 
1 1 1 0 0 0 
2 1 1 0 0 0 
3 1 1 0 0 0 
4 1 1 0 0 0 
5 1 1 0 0 0 
6 1 1 0 0 0 
7 1 1 0 0 0 
8 1 1 0 0 0 
9 1 1 0 0 0 
10 1 1 0 0 0 
11 1 1 0 0 0 
12 1 1 0 0 0 
13 1 1 0 0 0 
14 1 1 0 0 0 
15 1 1 0 0 0 
0 2 2 0 0 0 
1 2 2 0 0 0 
2 2 2 0 0 0 
3 2 2 0 0 0 
4 2 2 0 0 0 
5 2 2 0 0 0 
6 2 2 0 0 0 
7 2 2 0 0 0 
8 2 2 0 0 0 
9 2 2 0 0 0 
10 2 2 0 0 0 
11 2 2 0 0 0 
12 2 2 0 0 0 
13 2 2 0 0 0 
14 2 2 0 0 0 
15 2 2 0 0 0 
0 3 3 0 0 0 
1 3 3 0 0 0 
2 3 3 0 0 0 
3 3 3 0 0 0 
4 3 3 0 0 0 
5 3 3 0 0 0 
6 3 3 0 0 0 
7 3 3 0 0 0 
8 3 3 0 0 0 
9 3 3 0 0 0 
10 3 3 0 0 0 
11 3 3 0 0 0 
12 3 3 0 0 0 
13 3 3 0 0 0 
14 3 3 0 0 0 
15 3 3 0 0 0 
0 4 4 0 0 0 
1 4 4 0 0 0 
2 4 4 0 0 0 
3 4 4 0 0 0 
4 4 4 0 0 0 
5 4 4 0 0 0 
6 4 4 0 0 0 
7 4 4 0 0 0 
8 4 4 0 0 0 
9 4 4 0 0 0 
10 4 4 0 0 0 
11 4 4 0 0 0 
12 4 4 0 0 0 
13 4 4 0 0 0 
14 4 4 0 0 0 
15 4 4 0 0 0 
0 5 5 0 0 0 
1 5 5 0 0 0 
2 5 5 0 0 0 
3 5 5 0 0 0 
4 5 5 0 0 0 
5 5 5 0 0 0 
6 5 5 0 0 0 
7 5 5 0 0 0 
8 5 5 0 0 0 
9 5 5 0 0 0 
10 5 5 0 0 0 
11 5 5 0 0 0 
12 5 5 0 0 0 
13 5 5 0 0 0 
14 5 5 0 0 0 
15 5 5 0 0 0 
0 6 6 0.219047 -0.000487067 -0.000284909 
1 6 6 0.221555 -0.000346473 -0.000334211 
2 6 6 0.223808 -0.000204627 -0.000318661 
3 6 6 0.2255 -9.20926e-05 -0.00024487 
4 6 6 0.22648 -2.36747e-05 -0.000137097 
5 6 6 0.226772 -5.65453e-07 -2.40869e-05 
6 6 6 0.226485 -5.01494e-06 7.56223e-05 
7 6 6 0.225647 2.15224e-05 0.000179282 
8 6 6 0.223063 0.000803338 0.000886949 
9 6 6 0.219786 0.00292617 0.00362565 
10 6 6 0.217061 -0.00371065 -0.00317713 
11 6 6 0.22187 -0.00084219 -0.000663052 
12 6 6 0.223366 -0.000205941 4.32066e-05 
13 6 6 0.223353 -0.000177539 7.921e-05 
14 6 6 0.223154 -7.26728e-05 0.000198857 
15 6 6 0.228796 -0.00149457 -0.00334684 
0 7 7 0.36149 -0.000681478 -0.000911609 
1 7 7 0.36567 -0.000439325 -0.000903574 
2 7 7 0.369269 -0.000200453 -0.000767632 
3 7 7 0.371875 -2.37123e-05 -0.000537068 
4 7 7 0.37331 6.52659e-05 -0.000271084 
5 7 7 0.373659 7.64158e-05 -2.9175e-05 
6 7 7 0.373171 6.26932e-05 0.000148482 
7 7 7 0.372142 0.000163031 0.00024165 
8 7 7 0.370985 0.000793642 0.000290202 
9 7 7 0.370946 0.000890026 0.000641563 
10 7 7 0.36922 -0.00243191 0.000221731 
11 7 7 0.367881 -0.0011961 5.70859e-05 
12 7 7 0.368093 -0.000401285 5.12474e-05 
13 7 7 0.368202 -0.000352598 6.49302e-05 
14 7 7 0.367991 -0.000283209 0.000377494 
15 7 7 0.38616 -0.000955434 -0.00418486 
0 8 8 0.372057 -0.000606728 -0.00116395 
1 8 8 0.376395 -0.000351797 -0.00107927 
2 8 8 0.380115 -0.000125497 -0.000862999 
3 8 8 0.38281 3.30305e-05 -0.000569884 
4 8 8 0.384309 0.000104928 -0.000268504 
5 8 8 0.384711 0.000102359 -1.69625e-05 
6 8 8 0.384293 7.18811e-05 0.000154267 
7 8 8 0.383427 8.69099e-05 0.000243077 
8 8 8 0.382598 0.000148566 0.000249258 
9 8 8 0.382032 -0.000235087 0.000203449 
10 8 8 0.380817 -0.000978002 0.00014362 
11 8 8 0.379589 -0.000819621 3.32152e-05 
12 8 8 0.379277 -0.000475877 -2.81599e-05 
13 8 8 0.379319 -0.000389098 -4.09599e-05 
14 8 8 0.379078 -0.000381465 0.000308272 
15 8 8 0.39857 0.000153978 -0.00415951 
0 9 9 0.254588 -0.000297288 -0.000693015 
1 9 9 0.257562 -0.000127146 -0.000616588 
2 9 9 0.260161 1.29194e-06 -0.000476502 
3 9 9 0.262086 7.56934e-05 -0.00030508 
4 9 9 0.263207 9.5317e-05 -0.000140036 
5 9 9 0.263579 7.02361e-05 -1.0048e-05 
6 9 9 0.263388 2.72615e-05 7.17568e-05 
7 9 9 0.262878 -1.35668e-05 0.000108289 
8 9 9 0.26229 -7.64366e-05 0.000100425 
9 9 9 0.261706 -0.000250132 4.06876e-05 
10 9 9 0.261009 -0.000444231 -3.75486e-05 
11 9 9 0.260388 -0.00042936 -7.54467e-05 
12 9 9 0.260112 -0.000320893 -8.30902e-05 
13 9 9 0.260071 -0.000260216 -8.29441e-05 
14 9 9 0.259913 -0.000274025 8.12927e-05 
15 9 9 0.26928 0.00124411 -0.00390453 
0 10 10 0.0855349 -5.46326e-05 -0.000152016 
1 10 10 0.0865409 -8.40329e-06 -0.000129818 
2 10 10 0.0874579 2.15966e-05 -9.78489e-05 
3 10 10 0.0881635 3.39806e-05 -6.19323e-05 
4 10 10 0.0886138 3.20708e-05 -2.96901e-05 
5 10 10 0.0888005 1.85649e-05 -5.11028e-06 
6 10 10 0.0887823 1.13117e-06 8.38807e-06 
7 10 10 0.0886371 -1.76846e-05 1.15294e-05 
8 10 10 0.0884349 -4.15419e-05 4.34561e-06 
9 10 10 0.0882131 -7.52606e-05 -1.20935e-05 
10 10 10 0.0879876 -0.000102399 -2.91934e-05 
11 10 10 0.0877975 -0.000101494 -3.66766e-05 
12 10 10 0.0876865 -8.35623e-05 -3.55259e-05 
13 10 10 0.0876462 -6.87232e-05 -3.26314e-05 
14 10 10 0.0875702 -7.87898e-05 -1.20072e-07 
15 10 10 0.0864268 0.00115642 -0.00177751 
0 11 11 0 0 0 
1 11 11 0 0 0 
2 11 11 0 0 0 
3 11 11 0 0 0 
4 11 11 0 0 0 
5 11 11 0 0 0 
6 11 11 0 0 0 
7 11 11 0 0 0 
8 11 11 0 0 0 
9 11 11 0 0 0 
10 11 11 0 0 0 
11 11 11 0 0 0 
12 11 11 0 0 0 
13 11 11 0 0 0 
14 11 11 0 0 0 
15 11 11 0 0 0 
0 12 12 0 0 0 
1 12 12 0 0 0 
2 12 12 0 0 0 
3 12 12 0 0 0 
4 12 12 0 0 0 
5 12 12 0 0 0 
6 12 12 0 0 0 
7 12 12 0 0 0 
8 12 12 0 0 0 
9 12 12 0 0 0 
10 12 12 0 0 0 
11 12 12 0 0 0 
12 12 12 0 0 0 
13 12 12 0 0 0 
14 12 12 0 0 0 
15 12 12 0 0 0 
0 13 13 0 0 0 
1 13 13 0 0 0 
2 13 13 0 0 0 
3 13 13 0 0 0 
4 13 13 0 0 0 
5 13 13 0 0 0 
6 13 13 0 0 0 
7 13 13 0 0 0 
8 13 13 0 0 0 
9 13 13 0 0 0 
10 13 13 0 0 0 
11 13 13 0 0 0 
12 13 13 0 0 0 
13 13 13 0 0 0 
14 13 13 0 0 0 
15 13 13 0 0 0 
0 14 14 0 0 0 
1 14 14 0 0 0 
2 14 14 0 0 0 
3 14 14 0 0 0 
4 14 14 0 0 0 
5 14 14 0 0 0 
6 14 14 0 0 0 
7 14 14 0 0 0 
8 14 14 0 0 0 
9 14 14 0 0 0 
10 14 14 0 0 0 
11 14 14 0 0 0 
12 14 14 0 0 0 
13 14 14 0 0 0 
14 14 14 0 0 0 
15 14 14 0 0 0 
0 15 15 0 0 0 
1 15 15 0 0 0 
2 15 15 0 0 0 
3 15 15 0 0 0 
4 15 15 0 0 0 
5 15 15 0 0 0 
6 15 15 0 0 0 
7 15 15 0 0 0 
8 15 15 0 0 0 
9 15 15 0 0 0 
10 15 15 0 0 0 
11 15 15 0 0 0 
12 15 15 0 0 0 
13 15 15 0 0 0 
14 15 15 0 0 0 
15 15 15 0 0 0 
0 0 0 0 0 0 
1 0 0 0 0 0 
2 0 0 0 0 0 
3 0 0 0 0 0 
4 0 0 0 0 0 
5 0 0 0 0 0 
6 0 0 0 0 0 
7 0 0 0 0 0 
8 0 0 0 0 0 
9 0 0 0 0 0 
10 0 0 0 0 0 
11 0 0 0 0 0 
12 0 0 0 0 0 
13 0 0 0 0 0 
14 0 0 0 0 0 
15 0 0 0 0 0 
0 1 1 0 0 0 
1 1 1 0 0 0 
2 1 1 0 0 0 
3 1 1 0 0 0 
4 1 1 0 0 0 
5 1 1 0 0 0 
6 1 1 0 0 0 
7 1 1 0 0 0 
8 1 1 0 0 0 
9 1 1 0 0 0 
10 1 1 0 0 0 
11 1 1 0 0 0 
12 1 1 0 0 0 
13 1 1 0 0 0 
14 1 1 0 0 0 
15 1 1 0 0 0 
0 2 2 0 0 0 
1 2 2 0 0 0 
2 2 2 0 0 0 
3 2 2 0 0 0 
4 2 2 0 0 0 
5 2 2 0 0 0 
6 2 2 0 0 0 
7 2 2 0 0 0 
8 2 2 0 0 0 
9 2 2 0 0 0 
10 2 2 0 0 0 
11 2 2 0 0 0 
12 2 2 0 0 0 
13 2 2 0 0 0 
14 2 2 0 0 0 
15 2 2 0 0 0 
0 3 3 0 0 0 
1 3 3 0 0 0 
2 3 3 0 0 0 
3 3 3 0 0 0 
4 3 3 0 0 0 
5 3 3 0 0 0 
6 3 3 0 0 0 
7 3 3 0 0 0 
8 3 3 0 0 0 
9 3 3 0 0 0 
10 3 3 0 0 0 
11 3 3 0 0 0 
12 3 3 0 0 0 
13 3 3 0 0 0 
14 3 3 0 0 0 
15 3 3 0 0 0 
0 4 4 0.0978641 -0.000187693 1.46208e-05 
1 4 4 0.0989811 -0.00014548 -3.49003e-05 
2 4 4 0.0999997 -0.000103082 -5.67705e-05 
3 4 4 0.100782 -6.59681e-05 -5.22095e-05 
4 4 4 0.101255 -3.75621e-05 -2.80335e-05 
5 4 4 0.101419 -2.39681e-05 7.63384e-06 
6 4 4 0.101335 -3.03355e-05 5.18899e-05 
7 4 4 0.1011 -6.91426e-05 0.000113253 
8 4 4 0.100888 -0.000149294 0.00019677 
9 4 4 0.100839 -5.78622e-05 0.000106605 
10 4 4 0.100301 0.000188926 -0.000126686 
11 4 4 0.0998655 2.84223e-05 -3.12057e-06 
12 4 4 0.0998221 -5.52982e-05 6.8026e-05 
13 4 4 0.0998071 -4.30325e-05 5.37982e-05 
14 4 4 0.0997089 6.1535e-06 6.0831e-05 
15 4 4 0.0986355 -0.00154851 -0.00148628 
0 5 5 0.414034 -0.00132442 -0.000626932 
1 5 5 0.418639 -0.00103074 -0.000777315 
2 5 5 0.422587 -0.000693569 -0.000748074 
3 5 5 0.425393 -0.000374156 -0.000563701 
4 5 5 0.426861 -0.000125552 -0.000290831 
5 5 5 0.427098 1.47279e-05 2.51392e-06 
6 5 5 0.426387 2.6203e-05 0.000283647 
7 5 5 0.425035 -0.000152919 0.000617228 
8 5 5 0.42333 -0.000752598 0.00148259 
9 5 5 0.427085 -0.000421544 0.00232947 
10 5 5 0.422403 0.000958031 -0.00166071 
11 5 5 0.419791 0.000162299 -0.000560812 
12 5 5 0.420214 -0.000345827 0.000234164 
13 5 5 0.420322 -0.000293732 0.00024925 
14 5 5 0.420115 5.66257e-05 0.0005022 
15 5 5 0.43673 -0.00257823 -0.00318604 
0 6 6 0.655798 -0.00237376 -0.00257999 
1 6 6 0.662485 -0.00185504 -0.0025391 
2 6 6 0.668117 -0.00118495 -0.00213209 
3 6 6 0.671994 -0.000520173 -0.00145104 
4 6 6 0.673868 3.68369e-07 -0.00067395 
5 6 6 0.673949 0.000301202 3.57381e-05 
6 6 6 0.672678 0.000386132 0.000599401 
7 6 6 0.670377 0.000336921 0.0011228 
8 6 6 0.666331 0.000832245 0.00297682 
9 6 6 0.669587 0.000915044 0.00330133 
10 6 6 0.668191 -0.00113133 -0.00103945 
11 6 6 0.662271 -0.00138431 -0.00157837 
12 6 6 0.663747 -0.000767641 6.45566e-05 
13 6 6 0.664066 -0.000629934 0.000262104 
14 6 6 0.664222 -0.000224352 0.000789785 
15 6 6 0.682329 -0.00216496 -0.00365952 
0 7 7 0.831364 -0.00215661 -0.00504989 
1 7 7 0.839173 -0.00161322 -0.00467552 
2 7 7 0.84574 -0.000910221 -0.00369451 
3 7 7 0.85026 -0.000213088 -0.00234976 
4 7 7 0.852449 0.000313937 -0.000968446 
5 7 7 0.852569 0.000593416 0.000179102 
6 7 7 0.851186 0.000667258 0.000968339 
7 7 7 0.848885 0.00074737 0.00144187 
8 7 7 0.846264 0.00142895 0.00201408 
9 7 7 0.843784 0.00117905 0.00263486 
10 7 7 0.842222 -0.0022746 0.000244103 
11 7 7 0.841372 -0.00223211 -0.000158151 
12 7 7 0.84138 -0.00115782 4.93002e-05 
13 7 7 0.841674 -0.000908235 4.19082e-05 
14 7 7 0.842166 -0.000721262 0.000588799 
15 7 7 0.851081 -0.00151372 -0.00424689 
0 8 8 0.843952 -0.000761905 -0.00579633 
1 8 8 0.851912 -0.000332115 -0.00522723 
2 8 8 0.858577 8.28912e-05 -0.0039969 
3 8 8 0.863175 0.000410878 -0.00243112 
4 8 8 0.865465 0.000584432 -0.000905293 
5 8 8 0.865738 0.000591196 0.00029448 
6 8 8 0.8646 0.000487857 0.00105075 
7 8 8 0.862751 0.000387347 0.00139422 
8 8 8 0.860934 0.000341668 0.00141633 
9 8 8 0.859645 -0.000182614 0.00118737 
10 8 8 0.858032 -0.00137194 0.000723027 
11 8 8 0.85634 -0.00155931 0.000223131 
12 8 8 0.855762 -0.00114315 -0.000110957 
13 8 8 0.855945 -0.000936299 -0.000276151 
14 8 8 0.856447 -0.000933154 0.000278381 
15 8 8 0.864002 -0.000217474 -0.00453019 
0 9 9 0.701066 0.000400595 -0.00417787 
1 9 9 0.708297 0.000690619 -0.00366883 
2 9 9 0.714313 0.000810702 -0.00273151 
3 9 9 0.718468 0.000769828 -0.00160904 
4 9 9 0.720598 0.000603067 -0.000559775 
5 9 9 0.720983 0.000364077 0.000230884 
6 9 9 0.720158 0.000115001 0.000694522 
7 9 9 0.718717 -0.000101014 0.00086082 
8 9 9 0.71717 -0.000310627 0.000792394 
9 9 9 0.715773 -0.000627074 0.00054389 
10 9 9 0.71447 -0.000978206 0.000204982 
11 9 9 0.713415 -0.00104709 -9.70653e-05 
12 9 9 0.712959 -0.000872795 -0.000308085 
13 9 9 0.713047 -0.000716801 -0.000406601 
14 9 9 0.713295 -0.000881114 0.000173546 
15 9 9 0.728576 0.00110092 -0.00429491 
0 10 10 0.457966 0.000477548 -0.00179282 
1 10 10 0.46321 0.000645554 -0.00153367 
2 10 10 0.467642 0.000661518 -0.00112429 
3 10 10 0.470789 0.000549106 -0.000661852 
4 10 10 0.472512 0.000359214 -0.000244362 
5 10 10 0.472977 0.000144352 5.93477e-05 
6 10 10 0.47254 -5.07843e-05 0.000224305 
7 10 10 0.471599 -0.000207235 0.000264319 
8 10 10 0.470489 -0.000338679 0.000206092 
9 10 10 0.469414 -0.000468799 7.80892e-05 
10 10 10 0.468466 -0.000563239 -7.15265e-05 
11 10 10 0.467756 -0.000554969 -0.000188544 
12 10 10 0.467401 -0.000463329 -0.000256158 
13 10 10 0.46737 -0.000377324 -0.000271087 
14 10 10 0.467196 -0.000622306 0.000157619 
15 10 10 0.485759 0.00200152 -0.0035452 
0 11 11 0.165039 5.96223e-05 -0.000339833 
1 11 11 0.167015 0.000117171 -0.00028269 
2 11 11 0.168793 0.000136298 -0.000207147 
3 11 11 0.170152 0.000120277 -0.000127344 
4 11 11 0.170988 8.1815e-05 -5.7769e-05 
5 11 11 0.171322 3.29354e-05 -8.8205e-06 
6 11 11 0.171269 -1.38182e-05 1.46546e-05 
7 11 11 0.170972 -5.34539e-05 1.52143e-05 
8 11 11 0.170562 -8.72823e-05 -3.09637e-06 
9 11 11 0.170129 -0.000118655 -3.39635e-05 
10 11 11 0.169731 -0.000137603 -6.47388e-05 
11 11 11 0.169416 -0.000133642 -8.24987e-05 
12 11 11 0.169223 -0.000112816 -8.57042e-05 
13 11 11 0.169145 -9.11525e-05 -7.83344e-05 
14 11 11 0.168961 -0.000142048 1.01086e-05 
15 11 11 0.172799 0.00211197 -0.00227388 
0 12 12 0 0 0 
1 12 12 0 0 0 
2 12 12 0 0 0 
3 12 12 0 0 0 
4 12 12 0 0 0 
5 12 12 0 0 0 
6 12 12 0 0 0 
7 12 12 0 0 0 
8 12 12 0 0 0 
9 12 12 0 0 0 
10 12 12 0 0 0 
11 12 12 0 0 0 
12 12 12 0 0 0 
13 12 12 0 0 0 
14 12 12 0 0 0 
15 12 12 0 0 0 
0 13 13 0 0 0 
1 13 13 0 0 0 
2 13 13 0 0 0 
3 13 13 0 0 0 
4 13 13 0 0 0 
5 13 13 0 0 0 
6 13 13 0 0 0 
7 13 13 0 0 0 
8 13 13 0 0 0 
9 13 13 0 0 0 
10 13 13 0 0 0 
11 13 13 0 0 0 
12 13 13 0 0 0 
13 13 13 0 0 0 
14 13 13 0 0 0 
15 13 13 0 0 0 
0 14 14 0 0 0 
1 14 14 0 0 0 
2 14 14 0 0 0 
3 14 14 0 0 0 
4 14 14 0 0 0 
5 14 14 0 0 0 
6 14 14 0 0 0 
7 14 14 0 0 0 
8 14 14 0 0 0 
9 14 14 0 0 0 
10 14 14 0 0 0 
11 14 14 0 0 0 
12 14 14 0 0 0 
13 14 14 0 0 0 
14 14 14 0 0 0 
15 14 14 0 0 0 
0 15 15 0 0 0 
1 15 15 0 0 0 
2 15 15 0 0 0 
3 15 15 0 0 0 
4 15 15 0 0 0 
5 15 15 0 0 0 
6 15 15 0 0 0 
7 15 15 0 0 0 
8 15 15 0 0 0 
9 15 15 0 0 0 
10 15 15 0 0 0 
11 15 15 0 0 0 
12 15 15 0 0 0 
13 15 15 0 0 0 
14 15 15 0 0 0 
15 15 15 0 0 0 
0 0 0 0 0 0 
1 0 0 0 0 0 
2 0 0 0 0 0 
3 0 0 0 0 0 
4 0 0 0 0 0 
5 0 0 0 0 0 
6 0 0 0 0 0 
7 0 0 0 0 0 
8 0 0 0 0 0 
9 0 0 0 0 0 
10 0 0 0 0 0 
11 0 0 0 0 0 
12 0 0 0 0 0 
13 0 0 0 0 0 
14 0 0 0 0 0 
15 0 0 0 0 0 
0 1 1 0 0 0 
1 1 1 0 0 0 
2 1 1 0 0 0 
3 1 1 0 0 0 
4 1 1 0 0 0 
5 1 1 0 0 0 
6 1 1 0 0 0 
7 1 1 0 0 0 
8 1 1 0 0 0 
9 1 1 0 0 0 
10 1 1 0 0 0 
11 1 1 0 0 0 
12 1 1 0 0 0 
13 1 1 0 0 0 
14 1 1 0 0 0 
15 1 1 0 0 0 
0 2 2 0 0 0 
1 2 2 0 0 0 
2 2 2 0 0 0 
3 2 2 0 0 0 
4 2 2 0 0 0 
5 2 2 0 0 0 
6 2 2 0 0 0 
7 2 2 0 0 0 
8 2 2 0 0 0 
9 2 2 0 0 0 
10 2 2 0 0 0 
11 2 2 0 0 0 
12 2 2 0 0 0 
13 2 2 0 0 0 
14 2 2 0 0 0 
15 2 2 0 0 0 
0 3 3 0 0 0 
1 3 3 0 0 0 
2 3 3 0 0 0 
3 3 3 0 0 0 
4 3 3 0 0 0 
5 3 3 0 0 0 
6 3 3 0 0 0 
7 3 3 0 0 0 
8 3 3 0 0 0 
9 3 3 0 0 0 
10 3 3 0 0 0 
11 3 3 0 0 0 
12 3 3 0 0 0 
13 3 3 0 0 0 
14 3 3 0 0 0 
15 3 3 0 0 0 
0 4 4 0.412575 -0.0012726 -0.000316358 
1 4 4 0.417117 -0.00111393 -0.000484955 
2 4 4 0.421003 -0.000835124 -0.000513415 
3 4 4 0.423754 -0.000513517 -0.000403329 
4 4 4 0.425189 -0.000218413 -0.000202906 
5 4 4 0.425422 -6.04852e-06 3.30519e-05 
6 4 4 0.424769 9.24933e-05 0.000270042 
7 4 4 0.42364 6.9791e-05 0.000498905 
8 4 4 0.4225 -2.31919e-05 0.000666581 
9 4 4 0.42155 7.05442e-05 0.000510728 
10 4 4 0.420245 0.000328825 9.91356e-05 
11 4 4 0.419017 0.000178615 0.000102157 
12 4 4 0.41856 -5.07915e-05 0.00023154 
13 4 4 0.418507 -9.35163e-05 0.000215235 
14 4 4 0.418231 0.00028271 0.000398769 
15 4 4 0.437011 -0.00341604 -0.00224026 
0 5 5 0.784752 -0.00393941 -0.00240303 
1 5 5 0.792038 -0.00343445 -0.00249611 
2 5 5 0.798159 -0.00247526 -0.00218017 
3 5 5 0.802304 -0.00134389 -0.00152996 
4 5 5 0.804192 -0.000310835 -0.000728649 
5 5 5 0.804072 0.000427861 4.75562e-05 
6 5 5 0.80252 0.000786633 0.000708147 
7 5 5 0.800215 0.00074884 0.00128518 
8 5 5 0.797966 0.000348453 0.00188963 
9 5 5 0.796567 0.000336114 0.00184433 
10 5 5 0.794571 0.000942377 0.000346411 
11 5 5 0.792476 0.000462185 9.66067e-05 
12 5 5 0.791866 -0.000197427 0.000438855 
13 5 5 0.791963 -0.000379289 0.00044031 
14 5 5 0.792277 0.000136812 0.000747637 
15 5 5 0.800228 -0.00319001 -0.00265773 
0 6 6 1.25658 -0.00651192 -0.00806404 
1 6 6 1.26386 -0.00591024 -0.0076764 
2 6 6 1.27049 -0.00432585 -0.00623904 
3 6 6 1.27531 -0.00223644 -0.00408072 
4 6 6 1.27768 -0.000208111 -0.00176155 
5 6 6 1.27768 0.00131156 0.00022721 
6 6 6 1.27591 0.00213075 0.00166928 
7 6 6 1.27305 0.00228208 0.00268754 
8 6 6 1.26989 0.00195232 0.00387002 
9 6 6 1.26807 0.00171459 0.00436499 
10 6 6 1.266 0.00102937 0.000698298 
11 6 6 1.26389 0.000107505 -6.77339e-05 
12 6 6 1.26326 -0.000523032 0.000418549 
13 6 6 1.26327 -0.000827306 0.000395153 
14 6 6 1.26396 -0.000683023 0.000474568 
15 6 6 1.26191 -0.00313564 -0.00368242 
0 7 7 1.54549 -0.00390477 -0.0144349 
1 7 7 1.5493 -0.00383805 -0.0136427 
2 7 7 1.55354 -0.00286468 -0.0109356 
3 7 7 1.55723 -0.00128783 -0.00698054 
4 7 7 1.55955 0.000408891 -0.00282728 
5 7 7 1.56024 0.00178088 0.000589014 
6 7 7 1.55953 0.00260347 0.00284093 
7 7 7 1.55794 0.00292403 0.00403484 
8 7 7 1.55613 0.00300567 0.00461818 
9 7 7 1.55525 0.00249915 0.00442751 
10 7 7 1.55413 0.000474714 0.00233563 
11 7 7 1.55224 -0.000552318 0.000862394 
12 7 7 1.55135 -0.000699527 0.000308064 
13 7 7 1.55112 -0.00088494 -0.000175134 
14 7 7 1.55159 -0.00102644 -0.000442522 
15 7 7 1.54988 -0.00201296 -0.00459675 
0 8 8 1.5666 0.00213813 -0.0159816 
1 8 8 1.57033 0.00183894 -0.0150354 
2 8 8 1.57446 0.00162482 -0.0119073 
3 8 8 1.57813 0.0015213 -0.00742566 
4 8 8 1.58063 0.00150862 -0.00279625 
5 8 8 1.5817 0.00153071 0.000929683 
6 8 8 1.58162 0.00152717 0.00326978 
7 8 8 1.58087 0.00147144 0.00429729 
8 8 8 1.57999 0.00133073 0.00433833 
9 8 8 1.57936 0.000837598 0.00363035 
10 8 8 1.57859 -0.000125151 0.00235972 
11 8 8 1.57755 -0.000718498 0.00103726 
12 8 8 1.57691 -0.000740615 -3.46937e-05 
13 8 8 1.57682 -0.000690192 -0.000821445 
14 8 8 1.57735 -0.000735173 -0.00117137 
15 8 8 1.57556 -5.67055e-05 -0.00525465 
0 9 9 1.32193 0.00535949 -0.0115832 
1 9 9 1.32943 0.00501994 -0.0105456 
2 9 9 1.33622 0.00415311 -0.00804195 
3 9 9 1.34135 0.00298334 -0.00475918 
4 9 9 1.3443 0.00180256 -0.00154867 
5 9 9 1.34524 0.000832212 0.000920546 
6 9 9 1.34474 0.000158184 0.00237665 
7 9 9 1.34352 -0.000250091 0.00289693 
8 9 9 1.34215 -0.000500033 0.0027139 
9 9 9 1.34091 -0.000735962 0.00206007 
10 9 9 1.33984 -0.000963677 0.00115738 
11 9 9 1.339 -0.000988041 0.000240926 
12 9 9 1.33861 -0.000773447 -0.000527688 
13 9 9 1.33877 -0.000532236 -0.00104714 
14 9 9 1.3396 -0.000554171 -0.00101115 
15 9 9 1.338 0.00176882 -0.00499685 
0 10 10 0.852438 0.00357888 -0.00502545 
1 10 10 0.860529 0.00341106 -0.00436035 
2 10 10 0.867326 0.00280701 -0.00317812 
3 10 10 0.872082 0.00194054 -0.00179142 
4 10 10 0.874597 0.00103418 -0.00052489 
5 10 10 0.875189 0.00026369 0.000394805 
6 10 10 0.874464 -0.000285926 0.000891314 
7 10 10 0.873056 -0.000615693 0.00101168 
8 10 10 0.871463 -0.000782312 0.000855696 
9 10 10 0.869997 -0.000851863 0.000527163 
10 10 10 0.86881 -0.000839486 0.000129353 
11 10 10 0.868009 -0.000718241 -0.0002404 
12 10 10 0.86769 -0.000510875 -0.000522042 
13 10 10 0.867837 -0.000332053 -0.000661429 
14 10 10 0.868334 -0.000665576 -0.000214861 
15 10 10 0.870199 0.00270237 -0.00358295 
0 11 11 0.465003 0.00120414 -0.00149946 
1 11 11 0.470366 0.00121083 -0.00125108 
2 11 11 0.474897 0.00103525 -0.000893409 
3 11 11 0.478123 0.000736281 -0.000509125 
4 11 11 0.479905 0.000398185 -0.000175563 
5 11 11 0.480416 9.29172e-05 5.51693e-05 
6 11 11 0.480014 -0.00013724 0.000166994 
7 11 11 0.479092 -0.000282687 0.00017572 
8 11 11 0.477982 -0.000359508 0.00010918 
9 11 11 0.476913 -0.000389402 -1.868e-06 
10 11 11 0.476022 -0.000377818 -0.000122281 
11 11 11 0.475398 -0.000321393 -0.000218003 
12 11 11 0.475094 -0.000235106 -0.000274288 
13 11 11 0.475078 -0.000165315 -0.000276745 
14 11 11 0.474929 -0.000521554 7.2412e-05 
15 11 11 0.493649 0.00317132 -0.00257306 
0 12 12 0.0793741 7.09132e-05 -9.20244e-05 
1 12 12 0.0803175 8.58477e-05 -7.13218e-05 
2 12 12 0.0811811 8.35877e-05 -4.881e-05 
3 12 12 0.0818544 6.65957e-05 -2.79913e-05 
4 12 12 0.0822808 4.2028e-05 -1.1904e-05 
5 12 12 0.0824647 1.58033e-05 -1.99358e-06 
6 12 12 0.0824563 -6.40103e-06 6.47726e-07 
7 12 12 0.0823238 -2.23857e-05 -2.58262e-06 
8 12 12 0.0821309 -3.25959e-05 -1.02534e-05 
9 12 12 0.0819257 -3.89984e-05 -2.01795e-05 
10 12 12 0.08174 -4.06218e-05 -2.91919e-05 
11 12 12 0.081594 -3.66486e-05 -3.37944e-05 
12 12 12 0.0815015 -2.94957e-05 -3.36498e-05 
13 12 12 0.0814612 -2.2196e-05 -2.909e-05 
14 12 12 0.0813794 -5.18817e-05 -9.04191e-06 
15 12 12 0.0803456 0.00157041 -0.00113806 
0 13 13 0 0 0 
1 13 13 0 0 0 
2 13 13 0 0 0 
3 13 13 0 0 0 
4 13 13 0 0 0 
5 13 13 0 0 0 
6 13 13 0 0 0 
7 13 13 0 0 0 
8 13 13 0 0 0 
9 13 13 0 0 0 
10 13 13 0 0 0 
11 13 13 0 0 0 
12 13 13 0 0 0 
13 13 13 0 0 0 
14 13 13 0 0 0 
15 13 13 0 0 0 
0 14 14 0 0 0 
1 14 14 0 0 0 
2 14 14 0 0 0 
3 14 14 0 0 0 
4 14 14 0 0 0 
5 14 14 0 0 0 
6 14 14 0 0 0 
7 14 14 0 0 0 
8 14 14 0 0 0 
9 14 14 0 0 0 
10 14 14 0 0 0 
11 14 14 0 0 0 
12 14 14 0 0 0 
13 14 14 0 0 0 
14 14 14 0 0 0 
15 14 14 0 0 0 
0 15 15 0 0 0 
1 15 15 0 0 0 
2 15 15 0 0 0 
3 15 15 0 0 0 
4 15 15 0 0 0 
5 15 15 0 0 0 
6 15 15 0 0 0 
7 15 15 0 0 0 
8 15 15 0 0 0 
9 15 15 0 0 0 
10 15 15 0 0 0 
11 15 15 0 0 0 
12 15 15 0 0 0 
13 15 15 0 0 0 
14 15 15 0 0 0 
15 15 15 0 0 0 
0 0 0 0 0 0 
1 0 0 0 0 0 
2 0 0 0 0 0 
3 0 0 0 0 0 
4 0 0 0 0 0 
5 0 0 0 0 0 
6 0 0 0 0 0 
7 0 0 0 0 0 
8 0 0 0 0 0 
9 0 0 0 0 0 
10 0 0 0 0 0 
11 0 0 0 0 0 
12 0 0 0 0 0 
13 0 0 0 0 0 
14 0 0 0 0 0 
15 0 0 0 0 0 
0 1 1 0 0 0 
1 1 1 0 0 0 
2 1 1 0 0 0 
3 1 1 0 0 0 
4 1 1 0 0 0 
5 1 1 0 0 0 
6 1 1 0 0 0 
7 1 1 0 0 0 
8 1 1 0 0 0 
9 1 1 0 0 0 
10 1 1 0 0 0 
11 1 1 0 0 0 
12 1 1 0 0 0 
13 1 1 0 0 0 
14 1 1 0 0 0 
15 1 1 0 0 0 
0 2 2 0 0 0 
1 2 2 0 0 0 
2 2 2 0 0 0 
3 2 2 0 0 0 
4 2 2 0 0 0 
5 2 2 0 0 0 
6 2 2 0 0 0 
7 2 2 0 0 0 
8 2 2 0 0 0 
9 2 2 0 0 0 
10 2 2 0 0 0 
11 2 2 0 0 0 
12 2 2 0 0 0 
13 2 2 0 0 0 
14 2 2 0 0 0 
15 2 2 0 0 0 
0 3 3 0.210623 -0.000376133 2.65425e-06 
1 3 3 0.212979 -0.000367373 -5.77747e-05 
2 3 3 0.215101 -0.000306298 -8.67269e-05 
3 3 3 0.216695 -0.000214013 -7.63743e-05 
4 3 3 0.217629 -0.00011409 -3.5523e-05 
5 3 3 0.217923 -3.01281e-05 2.18508e-05 
6 3 3 0.217724 2.45693e-05 8.29211e-05 
7 3 3 0.217224 5.00918e-05 0.000134486 
8 3 3 0.216614 6.18925e-05 0.000150073 
9 3 3 0.215973 7.959e-05 0.000105405 
10 3 3 0.21534 8.95222e-05 4.05605e-05 
11 3 3 0.21481 6.64484e-05 3.17349e-05 
12 3 3 0.2145 2.7255e-05 4.97902e-05 
13 3 3 0.214374 1.04019e-05 4.7168e-05 
14 3 3 0.214152 0.000129847 8.03259e-05 
15 3 3 0.218955 -0.00343232 -0.00126949 
0 4 4 0.634668 -0.00284405 -0.000693731 
1 4 4 0.641027 -0.0026299 -0.000839939 
2 4 4 0.646348 -0.00202508 -0.000814302 
3 4 4 0.649937 -0.00122348 -0.000615851 
4 4 4 0.651587 -0.000430773 -0.000307389 
5 4 4 0.651533 0.000193922 3.33349e-05 
6 4 4 0.650283 0.000574621 0.00034955 
7 4 4 0.648425 0.000718743 0.000605223 
8 4 4 0.646484 0.000704804 0.000737551 
9 4 4 0.644725 0.000660276 0.000643514 
10 4 4 0.643106 0.000602492 0.000395588 
11 4 4 0.641809 0.000406597 0.000275066 
12 4 4 0.641162 0.000143246 0.000271555 
13 4 4 0.641071 5.88313e-07 0.00023512 
14 4 4 0.641075 0.000559075 0.000430228 
15 4 4 0.657765 -0.0038475 -0.0014075 
0 5 5 1.23581 -0.00857048 -0.00410855 
1 5 5 1.24303 -0.00808572 -0.00406399 
2 5 5 1.24952 -0.0062274 -0.00343828 
3 5 5 1.25408 -0.00359345 -0.00236161 
4 5 5 1.25614 -0.000918001 -0.00111233 
5 5 5 1.25581 0.00120253 3.84249e-05 
6 5 5 1.25375 0.00248931 0.000946512 
7 5 5 1.25083 0.00296029 0.00159668 
8 5 5 1.24786 0.00282459 0.00197416 
9 5 5 1.24533 0.00245081 0.00185742 
10 5 5 1.24301 0.00204209 0.00121863 
11 5 5 1.24097 0.00133102 0.000775792 
12 5 5 1.23987 0.000468466 0.000647626 
13 5 5 1.2397 -0.000123802 0.000504156 
14 5 5 1.24031 -3.06459e-05 0.000506754 
15 5 5 1.23802 -0.00417914 -0.00198638 
0 6 6 1.80004 -0.0111803 -0.0113712 
1 6 6 1.7969 -0.0115846 -0.0110636 
2 6 6 1.79562 -0.00963468 -0.00920835 
3 6 6 1.79576 -0.00594862 -0.0061942 
4 6 6 1.79647 -0.00165897 -0.00282869 
5 6 6 1.79699 0.00207104 6.44448e-05 
6 6 6 1.79695 0.00455426 0.00206081 
7 6 6 1.79639 0.00568635 0.00319784 
8 6 6 1.79561 0.00572264 0.00369512 
9 6 6 1.79492 0.00505895 0.00345164 
10 6 6 1.79397 0.00402645 0.00232933 
11 6 6 1.79251 0.00271731 0.00131922 
12 6 6 1.79126 0.00132971 0.000792687 
13 6 6 1.79041 0.000186965 0.000358137 
14 6 6 1.79007 -0.000554359 -7.80663e-05 
15 6 6 1.78682 -0.0033863 -0.00273973 
0 7 7 2.12905 -0.00335325 -0.0172406 
1 7 7 2.11401 -0.00479043 -0.0175249 
2 7 7 2.10163 -0.00467993 -0.0151703 
3 7 7 2.09345 -0.00310977 -0.0106097 
4 7 7 2.08976 -0.000644338 -0.00511056 
5 7 7 2.08972 0.00191005 -0.000205612 
6 7 7 2.09197 0.00391469 0.00315083 
7 7 7 2.09525 0.00510477 0.00486743 
8 7 7 2.0987 0.00549532 0.00532242 
9 7 7 2.10183 0.00515434 0.0047764 
10 7 7 2.10401 0.00421249 0.00342838 
11 7 7 2.10492 0.00308036 0.00198914 
12 7 7 2.10487 0.0020264 0.000840794 
13 7 7 2.10415 0.00108467 -0.000123705 
14 7 7 2.10298 0.00027691 -0.00100851 
15 7 7 2.09747 -0.00110702 -0.00377977 
0 8 8 2.14972 0.00848155 -0.0182636 
1 8 8 2.13436 0.00734034 -0.0188181 
2 8 8 2.12139 0.00581678 -0.0163906 
3 8 8 2.11265 0.00416798 -0.0114632 
4 8 8 2.1087 0.00276187 -0.00543969 
5 8 8 2.10886 0.00189578 -3.06295e-05 
6 8 8 2.11181 0.00161943 0.00366321 
7 8 8 2.11617 0.00174332 0.00547234 
8 8 8 2.12092 0.00198218 0.00578225 
9 8 8 2.1253 0.00206795 0.00504594 
10 8 8 2.12871 0.00190842 0.00366721 
11 8 8 2.13083 0.00168245 0.0020935 
12 8 8 2.13173 0.00152918 0.00062675 
13 8 8 2.13164 0.00140431 -0.000630759 
14 8 8 2.13081 0.00126714 -0.00168562 
15 8 8 2.12533 0.00172215 -0.00448093 
0 9 9 1.86104 0.0150299 -0.0145794 
1 9 9 1.85715 0.013968 -0.0142937 
2 9 9 1.85497 0.0113253 -0.0117484 
3 9 9 1.85462 0.00768176 -0.00760188 
4 9 9 1.85566 0.00399124 -0.0030319 
5 9 9 1.85746 0.00111845 0.000789508 
6 9 9 1.85958 -0.000572519 0.003227 
7 9 9 1.86179 -0.00122339 0.00426142 
8 9 9 1.86393 -0.00120895 0.00420915 
9 9 9 1.86583 -0.000888871 0.00344117 
10 9 9 1.86729 -0.00046345 0.00228319 
11 9 9 1.86821 3.24939e-05 0.0010163 
12 9 9 1.86863 0.00057709 -0.000152165 
13 9 9 1.86872 0.00106612 -0.00109114 
14 9 9 1.86878 0.00139773 -0.00173784 
15 9 9 1.86527 0.00369251 -0.00432767 
0 10 10 1.34093 0.0112256 -0.00761559 
1 10 10 1.34853 0.0102222 -0.00687205 
2 10 10 1.35541 0.008003 -0.00517329 
3 10 10 1.36069 0.00513847 -0.00298964 
4 10 10 1.36389 0.00235214 -0.000885961 
5 10 10 1.36517 0.000197852 0.000700553 
6 10 10 1.36509 -0.00112021 0.00159654 
7 10 10 1.36432 -0.00169143 0.00186049 
8 10 10 1.36334 -0.00173704 0.0016594 
9 10 10 1.36244 -0.00147487 0.00117179 
10 10 10 1.36175 -0.00104704 0.000554285 
11 10 10 1.36133 -0.000525296 -6.13671e-05 
12 10 10 1.36124 2.02631e-05 -0.000580439 
13 10 10 1.36154 0.000454094 -0.000921183 
14 10 10 1.36243 0.000429169 -0.000892992 
15 10 10 1.36102 0.0043052 -0.00324535 
0 11 11 0.713663 0.00384308 -0.00216606 
1 11 11 0.721152 0.00351238 -0.00182927 
2 11 11 0.727399 0.00275789 -0.0013022 
3 11 11 0.731771 0.00178308 -0.000718451 
4 11 11 0.73412 0.00082356 -0.000204961 
5 11 11 0.734733 5.58054e-05 0.00015327 
6 11 11 0.734142 -0.000444852 0.000330994 
7 11 11 0.732901 -0.000690094 0.000352984 
8 11 11 0.731458 -0.000741313 0.000263793 
9 11 11 0.730118 -0.000667848 0.000109765 
10 11 11 0.72906 -0.000517541 -6.43637e-05 
11 11 11 0.728384 -0.000319639 -0.000218708 
12 11 11 0.728133 -0.000111046 -0.00032801 
13 11 11 0.728271 3.01895e-05 -0.000363362 
14 11 11 0.728564 -0.000503323 -5.20827e-05 
15 11 11 0.744124 0.00392462 -0.00201567 
0 12 12 0.279166 0.000605844 -0.000338227 
1 12 12 0.282507 0.000595725 -0.000274963 
2 12 12 0.285426 0.000502022 -0.00019538 
3 12 12 0.287591 0.000352854 -0.000115011 
4 12 12 0.288872 0.000189113 -4.72561e-05 
5 12 12 0.289333 4.51723e-05 -2.15208e-06 
6 12 12 0.289178 -5.92607e-05 1.6634e-05 
7 12 12 0.288648 -0.000119243 1.34615e-05 
8 12 12 0.287958 -0.000142768 -6.08512e-06 
9 12 12 0.287267 -0.00014258 -3.54926e-05 
10 12 12 0.286673 -0.000124738 -6.51309e-05 
11 12 12 0.286247 -9.19518e-05 -8.56611e-05 
12 12 12 0.286014 -5.55297e-05 -9.31039e-05 
13 12 12 0.285956 -2.94077e-05 -8.40055e-05 
14 12 12 0.285744 -0.000215065 1.61486e-05 
15 12 12 0.300467 0.00382194 -0.00155882 
0 13 13 0 0 0 
1 13 13 0 0 0 
2 13 13 0 0 0 
3 13 13 0 0 0 
4 13 13 0 0 0 
5 13 13 0 0 0 
6 13 13 0 0 0 
7 13 13 0 0 0 
8 13 13 0 0 0 
9 13 13 0 0 0 
10 13 13 0 0 0 
11 13 13 0 0 0 
12 13 13 0 0 0 
13 13 13 0 0 0 
14 13 13 0 0 0 
15 13 13 0 0 0 
0 14 14 0 0 0 
1 14 14 0 0 0 
2 14 14 0 0 0 
3 14 14 0 0 0 
4 14 14 0 0 0 
5 14 14 0 0 0 
6 14 14 0 0 0 
7 14 14 0 0 0 
8 14 14 0 0 0 
9 14 14 0 0 0 
10 14 14 0 0 0 
11 14 14 0 0 0 
12 14 14 0 0 0 
13 14 14 0 0 0 
14 14 14 0 0 0 
15 14 14 0 0 0 
0 15 15 0 0 0 
1 15 15 0 0 0 
2 15 15 0 0 0 
3 15 15 0 0 0 
4 15 15 0 0 0 
5 15 15 0 0 0 
6 15 15 0 0 0 
7 15 15 0 0 0 
8 15 15 0 0 0 
9 15 15 0 0 0 
10 15 15 0 0 0 
11 15 15 0 0 0 
12 15 15 0 0 0 
13 15 15 0 0 0 
14 15 15 0 0 0 
15 15 15 0 0 0 
0 0 0 0 0 0 
1 0 0 0 0 0 
2 0 0 0 0 0 
3 0 0 0 0 0 
4 0 0 0 0 0 
5 0 0 0 0 0 
6 0 0 0 0 0 
7 0 0 0 0 0 
8 0 0 0 0 0 
9 0 0 0 0 0 
10 0 0 0 0 0 
11 0 0 0 0 0 
12 0 0 0 0 0 
13 0 0 0 0 0 
14 0 0 0 0 0 
15 0 0 0 0 0 
0 1 1 0 0 0 
1 1 1 0 0 0 
2 1 1 0 0 0 
3 1 1 0 0 0 
4 1 1 0 0 0 
5 1 1 0 0 0 
6 1 1 0 0 0 
7 1 1 0 0 0 
8 1 1 0 0 0 
9 1 1 0 0 0 
10 1 1 0 0 0 
11 1 1 0 0 0 
12 1 1 0 0 0 
13 1 1 0 0 0 
14 1 1 0 0 0 
15 1 1 0 0 0 
0 2 2 0 0 0 
1 2 2 0 0 0 
2 2 2 0 0 0 
3 2 2 0 0 0 
4 2 2 0 0 0 
5 2 2 0 0 0 
6 2 2 0 0 0 
7 2 2 0 0 0 
8 2 2 0 0 0 
9 2 2 0 0 0 
10 2 2 0 0 0 
11 2 2 0 0 0 
12 2 2 0 0 0 
13 2 2 0 0 0 
14 2 2 0 0 0 
15 2 2 0 0 0 
0 3 3 0.266569 -0.000595348 -1.81985e-05 
1 3 3 0.269498 -0.000606588 -4.88969e-05 
2 3 3 0.272092 -0.000519095 -6.19238e-05 
3 3 3 0.273994 -0.000364293 -4.92718e-05 
4 3 3 0.275057 -0.000185859 -1.7755e-05 
5 3 3 0.275331 -2.68561e-05 2.49476e-05 
6 3 3 0.275006 8.72139e-05 6.85136e-05 
7 3 3 0.27432 0.000152042 0.000100956 
8 3 3 0.273493 0.000178266 0.000103573 
9 3 3 0.272664 0.000179274 6.9256e-05 
10 3 3 0.271912 0.000160231 2.1982e-05 
11 3 3 0.271321 0.000121658 2.91513e-06 
12 3 3 0.270962 7.38469e-05 6.23867e-06 
13 3 3 0.270807 4.62616e-05 3.629e-06 
14 3 3 0.270486 0.000307541 -7.29031e-06 
15 3 3 0.28626 -0.00379904 -0.000303696 
0 4 4 0.758997 -0.00410942 -0.000381464 
1 4 4 0.765925 -0.00390011 -0.000446065 
2 4 4 0.771751 -0.00306351 -0.000435118 
3 4 4 0.775637 -0.00186895 -0.000336276 
4 4 4 0.77732 -0.000638964 -0.000174085 
5 4 4 0.777072 0.000367001 1.3539e-05 
6 4 4 0.775488 0.00102273 0.000192805 
7 4 4 0.773228 0.00133085 0.000333198 
8 4 4 0.770845 0.00137082 0.000393378 
9 4 4 0.768678 0.00124229 0.000341314 
10 4 4 0.766879 0.00100818 0.000219912 
11 4 4 0.765576 0.000694698 0.000132 
12 4 4 0.764892 0.00035809 0.000101088 
13 4 4 0.764774 0.000130401 7.3309e-05 
14 4 4 0.764984 0.000688073 0.000114294 
15 4 4 0.774229 -0.00414444 -0.000535798 
0 5 5 1.49987 -0.0122681 -0.002204 
1 5 5 1.50391 -0.012052 -0.0021484 
2 5 5 1.50824 -0.00967682 -0.00182147 
3 5 5 1.5117 -0.00588043 -0.00127621 
4 5 5 1.51342 -0.00177205 -0.000639412 
5 5 5 1.51318 0.00165018 -4.65831e-05 
6 5 5 1.51139 0.00387513 0.000424075 
7 5 5 1.50874 0.00489346 0.000751525 
8 5 5 1.50587 0.00497279 0.000913762 
9 5 5 1.5032 0.00444542 0.000864449 
10 5 5 1.50089 0.00356306 0.000641694 
11 5 5 1.49903 0.00246896 0.000422427 
12 5 5 1.49782 0.00132181 0.000299071 
13 5 5 1.49733 0.000369839 0.000208581 
14 5 5 1.4977 -3.64529e-05 0.0001353 
15 5 5 1.49605 -0.00442274 -0.00072694 
0 6 6 2.10633 -0.0136804 -0.00540184 
1 6 6 2.09174 -0.0151749 -0.00538031 
2 6 6 2.08002 -0.013567 -0.00462219 
3 6 6 2.07237 -0.00925889 -0.0032517 
4 6 6 2.06884 -0.00359525 -0.00162523 
5 6 6 2.06847 0.00172631 -0.000175844 
6 6 6 2.06994 0.00554298 0.00083402 
7 6 6 2.07211 0.0075712 0.0013853 
8 6 6 2.07423 0.00810133 0.00156484 
9 6 6 2.07587 0.00758369 0.00142265 
10 6 6 2.07673 0.00640373 0.00104208 
11 6 6 2.07673 0.00484381 0.000638191 
12 6 6 2.07602 0.00314438 0.000344943 
13 6 6 2.07486 0.00154179 0.000120998 
14 6 6 2.0735 0.000177454 -0.000112039 
15 6 6 2.06803 -0.00302505 -0.00103701 
0 7 7 2.47021 -0.002682 -0.00746203 
1 7 7 2.44055 -0.0048373 -0.00803313 
2 7 7 2.4114 -0.00541824 -0.00741447 
3 7 7 2.38742 -0.00421485 -0.00560921 
4 7 7 2.37213 -0.00165506 -0.00308461 
5 7 7 2.36638 0.00132903 -0.000622223 
6 7 7 2.36841 0.0038719 0.00116597 
7 7 7 2.37513 0.00556688 0.00211976 
8 7 7 2.38366 0.00639284 0.00238314 
9 7 7 2.39195 0.00647937 0.00214643 
10 7 7 2.39874 0.00599382 0.00160091 
11 7 7 2.4034 0.00512946 0.000980974 
12 7 7 2.40582 0.00406375 0.000434464 
13 7 7 2.40613 0.00293526 -3.29985e-05 
14 7 7 2.40458 0.0018332 -0.000473953 
15 7 7 2.39715 0.000207369 -0.00146075 
0 8 8 2.49058 0.01208 -0.00763554 
1 8 8 2.46089 0.0114682 -0.00843976 
2 8 8 2.43096 0.00982727 -0.00792127 
3 8 8 2.40586 0.00735731 -0.00606 
4 8 8 2.38957 0.00463822 -0.00335213 
5 8 8 2.38339 0.00242278 -0.000654157 
6 8 8 2.38571 0.0011877 0.0013388 
7 8 8 2.39339 0.000909177 0.00241061 
8 8 8 2.40337 0.00123609 0.00269779 
9 8 8 2.41339 0.00177663 0.00243363 
10 8 8 2.42201 0.00227546 0.00184458 
11 8 8 2.42843 0.00264691 0.00113743 
12 8 8 2.43236 0.0028842 0.000452278 
13 8 8 2.43384 0.00299482 -0.000158942 
14 8 8 2.43303 0.00301338 -0.000706708 
15 8 8 2.42592 0.00346626 -0.00173805 
0 9 9 2.16789 0.0215917 -0.00642013 
1 9 9 2.15233 0.0210854 -0.00666333 
2 9 9 2.13885 0.0178962 -0.00582 
3 9 9 2.12956 0.0126166 -0.00406664 
4 9 9 2.12533 0.00667263 -0.00190846 
5 9 9 2.12566 0.00168059 3.59084e-05 
6 9 9 2.12923 -0.00142989 0.00136193 
7 9 9 2.13461 -0.00267377 0.00199513 
8 9 9 2.14057 -0.00260177 0.00206677 
9 9 9 2.1462 -0.00181715 0.00175908 
10 9 9 2.15089 -0.00074287 0.00123948 
11 9 9 2.15426 0.000392732 0.000647485 
12 9 9 2.15621 0.00146212 8.35029e-05 
13 9 9 2.15682 0.00236871 -0.000395605 
14 9 9 2.15639 0.00309133 -0.000782612 
15 9 9 2.151 0.00547396 -0.00172292 
0 10 10 1.6013 0.0179353 -0.00372023 
1 10 10 1.60496 0.0165158 -0.00346668 
2 10 10 1.60898 0.0130243 -0.00270109 
3 10 10 1.61276 0.00833672 -0.00163484 
4 10 10 1.61571 0.00368043 -0.000555435 
5 10 10 1.61763 7.39536e-05 0.000291909 
6 10 10 1.61873 -0.00207061 0.000795667 
7 10 10 1.61936 -0.00289587 0.000973419 
8 10 10 1.61981 -0.00279462 0.000905424 
9 10 10 1.62018 -0.00215676 0.000680712 
10 10 10 1.62051 -0.00126217 0.000378241 
11 10 10 1.62079 -0.00028471 6.43556e-05 
12 10 10 1.62105 0.000647265 -0.000211375 
13 10 10 1.62139 0.00138569 -0.000412415 
14 10 10 1.62209 0.00171874 -0.000499402 
15 10 10 1.62022 0.00561513 -0.00132026 
0 11 11 0.88568 0.00650628 -0.00110471 
1 11 11 0.894144 0.00582339 -0.00095088 
2 11 11 0.901255 0.00446272 -0.000691371 
3 11 11 0.906274 0.00278217 -0.000393429 
4 11 11 0.909006 0.00118229 -0.000122589 
5 11 11 0.909775 -4.78502e-05 7.44128e-05 
6 11 11 0.909196 -0.00080047 0.000181087 
7 11 11 0.907901 -0.00111691 0.000207435 
8 11 11 0.906395 -0.00111207 0.000173523 
9 11 11 0.905013 -0.000908016 0.000100145 
10 11 11 0.90395 -0.000596471 8.39479e-06 
11 11 11 0.903309 -0.000240735 -7.92783e-05 
12 11 11 0.903126 0.000100627 -0.000146412 
13 11 11 0.903378 0.000327083 -0.000177448 
14 11 11 0.903997 -0.000146062 -7.67515e-05 
15 11 11 0.90901 0.00468622 -0.000823749 
0 12 12 0.406455 0.00130461 -0.00022229 
1 12 12 0.411275 0.00121086 -0.000189197 
2 12 12 0.415381 0.000969155 -0.000141075 
3 12 12 0.418347 0.000644113 -8.81035e-05 
4 12 12 0.420032 0.000314945 -3.87588e-05 
5 12 12 0.420568 4.42944e-05 -1.48399e-06 
6 12 12 0.420264 -0.000136815 1.93306e-05 
7 12 12 0.419466 -0.000227399 2.49615e-05 
8 12 12 0.418478 -0.0002467 1.75739e-05 
9 12 12 0.41752 -0.000220042 5.36738e-08 
10 12 12 0.41673 -0.0001653 -2.25114e-05 
11 12 12 0.416191 -9.42747e-05 -4.25321e-05 
12 12 12 0.415934 -2.41846e-05 -5.26937e-05 
13 12 12 0.41593 1.79031e-05 -5.09715e-05 
14 12 12 0.415778 -0.000306238 3.15542e-05 
15 12 12 0.435665 0.00436442 -0.000609679 
0 13 13 0 0 0 
1 13 13 0 0 0 
2 13 13 0 0 0 
3 13 13 0 0 0 
4 13 13 0 0 0 
5 13 13 0 0 0 
6 13 13 0 0 0 
7 13 13 0 0 0 
8 13 13 0 0 0 
9 13 13 0 0 0 
10 13 13 0 0 0 
11 13 13 0 0 0 
12 13 13 0 0 0 
13 13 13 0 0 0 
14 13 13 0 0 0 
15 13 13 0 0 0 
0 14 14 0 0 0 
1 14 14 0 0 0 
2 14 14 0 0 0 
3 14 14 0 0 0 
4 14 14 0 0 0 
5 14 14 0 0 0 
6 14 14 0 0 0 
7 14 14 0 0 0 
8 14 14 0 0 0 
9 14 14 0 0 0 
10 14 14 0 0 0 
11 14 14 0 0 0 
12 14 14 0 0 0 
13 14 14 0 0 0 
14 14 14 0 0 0 
15 14 14 0 0 0 
0 15 15 0 0 0 
1 15 15 0 0 0 
2 15 15 0 0 0 
3 15 15 0 0 0 
4 15 15 0 0 0 
5 15 15 0 0 0 
6 15 15 0 0 0 
7 15 15 0 0 0 
8 15 15 0 0 0 
9 15 15 0 0 0 
10 15 15 0 0 0 
11 15 15 0 0 0 
12 15 15 0 0 0 
13 15 15 0 0 0 
14 15 15 0 0 0 
15 15 15 0 0 0 
0 0 0 0 0 0 
1 0 0 0 0 0 
2 0 0 0 0 0 
3 0 0 0 0 0 
4 0 0 0 0 0 
5 0 0 0 0 0 
6 0 0 0 0 0 
7 0 0 0 0 0 
8 0 0 0 0 0 
9 0 0 0 0 0 
10 0 0 0 0 0 
11 0 0 0 0 0 
12 0 0 0 0 0 
13 0 0 0 0 0 
14 0 0 0 0 0 
15 0 0 0 0 0 
0 1 1 0 0 0 
1 1 1 0 0 0 
2 1 1 0 0 0 
3 1 1 0 0 0 
4 1 1 0 0 0 
5 1 1 0 0 0 
6 1 1 0 0 0 
7 1 1 0 0 0 
8 1 1 0 0 0 
9 1 1 0 0 0 
10 1 1 0 0 0 
11 1 1 0 0 0 
12 1 1 0 0 0 
13 1 1 0 0 0 
14 1 1 0 0 0 
15 1 1 0 0 0 
0 2 2 0 0 0 
1 2 2 0 0 0 
2 2 2 0 0 0 
3 2 2 0 0 0 
4 2 2 0 0 0 
5 2 2 0 0 0 
6 2 2 0 0 0 
7 2 2 0 0 0 
8 2 2 0 0 0 
9 2 2 0 0 0 
10 2 2 0 0 0 
11 2 2 0 0 0 
12 2 2 0 0 0 
13 2 2 0 0 0 
14 2 2 0 0 0 
15 2 2 0 0 0 
0 3 3 0.266501 -0.000593705 2.0552e-05 
1 3 3 0.269426 -0.000607204 3.48002e-05 
2 3 3 0.272019 -0.00052116 3.45194e-05 
3 3 3 0.273922 -0.000366661 3.04131e-05 
4 3 3 0.274988 -0.000185686 2.00188e-05 
5 3 3 0.275261 -2.25109e-05 1.20354e-05 
6 3 3 0.274931 9.62215e-05 7.39376e-06 
7 3 3 0.274234 0.000164519 1.89635e-06 
8 3 3 0.27339 0.000189274 -1.4266e-05 
9 3 3 0.272549 0.000181868 -4.08451e-05 
10 3 3 0.271808 0.00015353 -6.64356e-05 
11 3 3 0.27124 0.000112513 -7.51319e-05 
12 3 3 0.270889 6.81962e-05 -6.65805e-05 
13 3 3 0.270729 4.1845e-05 -5.5093e-05 
14 3 3 0.270404 0.000301859 -5.08667e-05 
15 3 3 0.286171 -0.00380345 0.000233188 
0 4 4 0.7588 -0.00409526 0.000413624 
1 4 4 0.765721 -0.00389633 0.000432709 
2 4 4 0.771548 -0.00307101 0.000363895 
3 4 4 0.775438 -0.00188204 0.00024408 
4 4 4 0.777123 -0.00064786 0.000111631 
5 4 4 0.776871 0.000370179 -3.367e-07 
6 4 4 0.775273 0.00104217 -7.47244e-05 
7 4 4 0.772984 0.00136645 -0.000118023 
8 4 4 0.770552 0.00141153 -0.000154305 
9 4 4 0.768341 0.0012648 -0.000199551 
10 4 4 0.766553 0.00100078 -0.000240059 
11 4 4 0.765307 0.000676246 -0.000246413 
12 4 4 0.764654 0.000348819 -0.000213842 
13 4 4 0.764532 0.000124102 -0.000176916 
14 4 4 0.764732 0.000673836 -0.000249482 
15 4 4 0.773972 -0.00416268 0.000362251 
0 5 5 1.49941 -0.0122186 0.00223268 
1 5 5 1.50344 -0.0120165 0.00219306 
2 5 5 1.50778 -0.00966938 0.00179475 
3 5 5 1.51125 -0.00589645 0.00115973 
4 5 5 1.51297 -0.00179663 0.000476285 
5 5 5 1.51272 0.00163315 -8.85878e-05 
6 5 5 1.5109 0.00387893 -0.000455452 
7 5 5 1.5082 0.00492622 -0.000635745 
8 5 5 1.50525 0.00502731 -0.000693952 
9 5 5 1.50248 0.00448921 -0.00069684 
10 5 5 1.50014 0.0035678 -0.000664768 
11 5 5 1.49836 0.00245705 -0.000577087 
12 5 5 1.49721 0.00132863 -0.000430703 
13 5 5 1.49673 0.000387022 -0.000280053 
14 5 5 1.49709 -3.569e-05 -0.000222467 
15 5 5 1.49544 -0.00444148 0.000575797 
0 6 6 2.1056 -0.0136275 0.0051854 
1 6 6 2.09103 -0.0151193 0.00532322 
2 6 6 2.07934 -0.0135265 0.00461947 
3 6 6 2.07172 -0.00924067 0.00321586 
4 6 6 2.0682 -0.00359742 0.00152259 
5 6 6 2.06782 0.00171104 2.54797e-05 
6 6 6 2.06926 0.00552464 -0.000976952 
7 6 6 2.07137 0.0075591 -0.0014622 
8 6 6 2.07339 0.0081 -0.00157342 
9 6 6 2.07491 0.00758726 -0.00147708 
10 6 6 2.07569 0.00640526 -0.00127054 
11 6 6 2.07571 0.00485064 -0.000978489 
12 6 6 2.07506 0.00316939 -0.000619722 
13 6 6 2.07392 0.00157934 -0.000251309 
14 6 6 2.07256 0.000207435 7.12755e-05 
15 6 6 2.0671 -0.00301301 0.00100087 
0 7 7 2.46949 -0.00265281 0.00708326 
1 7 7 2.43986 -0.00481129 0.00781779 
2 7 7 2.41074 -0.00539307 0.00731167 
3 7 7 2.38681 -0.00419047 0.00555379 
4 7 7 2.37155 -0.00163455 0.00302913 
5 7 7 2.36582 0.00134115 0.000547441 
6 7 7 2.36783 0.00387132 -0.00125005 
7 7 7 2.37451 0.00555072 -0.00219242 
8 7 7 2.38294 0.00636418 -0.00245673 
9 7 7 2.39111 0.00645598 -0.00230673 
10 7 7 2.39781 0.00599647 -0.00193018 
11 7 7 2.40245 0.005154 -0.00141981 
12 7 7 2.40487 0.00409074 -0.000834209 
13 7 7 2.40519 0.00295429 -0.000239173 
14 7 7 2.40363 0.00184492 0.000320587 
15 7 7 2.3962 0.000214369 0.00137283 
0 8 8 2.49014 0.0120981 0.00730481 
1 8 8 2.46044 0.011465 0.00824419 
2 8 8 2.43053 0.00981862 0.00783356 
3 8 8 2.40546 0.00735631 0.00603036 
4 8 8 2.38921 0.00464988 0.00333449 
5 8 8 2.38306 0.00244338 0.000618368 
6 8 8 2.38537 0.0012079 -0.00139976 
7 8 8 2.39302 0.000918575 -0.0024925 
8 8 8 2.40294 0.00123294 -0.00281308 
9 8 8 2.41287 0.00177681 -0.00262752 
10 8 8 2.42142 0.00229689 -0.00214865 
11 8 8 2.4278 0.00268123 -0.00150898 
12 8 8 2.43171 0.00290705 -0.000800186 
13 8 8 2.43317 0.00299459 -0.000101541 
14 8 8 2.43235 0.00299824 0.000541053 
15 8 8 2.42523 0.00344939 0.00163628 
0 9 9 2.16769 0.0215846 0.0062479 
1 9 9 2.15212 0.021059 0.00661111 
2 9 9 2.13864 0.0178698 0.00584589 
3 9 9 2.12937 0.0126062 0.00410961 
4 9 9 2.12516 0.00668442 0.00191758 
5 9 9 2.1255 0.00170934 -8.76143e-05 
6 9 9 2.12908 -0.00139587 -0.00147189 
7 9 9 2.13443 -0.00264703 -0.00214382 
8 9 9 2.14035 -0.00258682 -0.00224066 
9 9 9 2.14592 -0.00180627 -0.0019603 
10 9 9 2.15056 -0.000727922 -0.0014666 
11 9 9 2.1539 0.000407179 -0.000873914 
12 9 9 2.15583 0.00146349 -0.000267381 
13 9 9 2.15643 0.00235236 0.000280296 
14 9 9 2.15598 0.00306599 0.00072982 
15 9 9 2.15059 0.00545284 0.00170041 
0 10 10 1.6012 0.0179092 0.00375267 
1 10 10 1.60485 0.0164891 0.00353754 
2 10 10 1.60888 0.01301 0.00276081 
3 10 10 1.61267 0.00834153 0.00164174 
4 10 10 1.61563 0.00370159 0.000496777 
5 10 10 1.61756 0.000102085 -0.000401403 
6 10 10 1.61865 -0.00204614 -0.00092537 
7 10 10 1.61927 -0.0028836 -0.00109129 
8 10 10 1.61967 -0.00279575 -0.000993838 
9 10 10 1.62001 -0.00216529 -0.000741675 
10 10 10 1.62031 -0.00127163 -0.0004215 
11 10 10 1.62058 -0.000294584 -9.24047e-05 
12 10 10 1.62084 0.00063473 0.000202654 
13 10 10 1.62117 0.00137093 0.00041927 
14 10 10 1.62187 0.00170725 0.00050477 
15 10 10 1.62 0.00561262 0.00130668 
0 11 11 0.885612 0.00649224 0.00117172 
1 11 11 0.894075 0.00581444 0.0009931 
2 11 11 0.90119 0.00446265 0.000692597 
3 11 11 0.906215 0.00279023 0.000354159 
4 11 11 0.908952 0.00119334 6.18416e-05 
5 11 11 0.909722 -3.90075e-05 -0.000131666 
6 11 11 0.909136 -0.000797403 -0.00021469 
7 11 11 0.907828 -0.00112138 -0.000206412 
8 11 11 0.906306 -0.00112245 -0.000141121 
9 11 11 0.904909 -0.00091954 -5.356e-05 
10 11 11 0.903839 -0.000605719 3.25359e-05 
11 11 11 0.903197 -0.000247505 0.000105531 
12 11 11 0.903018 9.65904e-05 0.000158194 
13 11 11 0.903272 0.000325882 0.000171264 
14 11 11 0.903893 -0.000143435 4.7294e-05 
15 11 11 0.908908 0.00469327 0.000774971 
0 12 12 0.406414 0.00130051 0.000252058 
1 12 12 0.411232 0.00120852 0.000199853 
2 12 12 0.415339 0.000970152 0.000133888 
3 12 12 0.418308 0.000646964 6.94775e-05 
4 12 12 0.419994 0.000317357 2.11896e-05 
5 12 12 0.42053 4.46108e-05 -4.92298e-06 
6 12 12 0.420222 -0.000138591 -9.7466e-06 
7 12 12 0.41942 -0.000231425 5.8287e-07 
8 12 12 0.418426 -0.000251947 1.74489e-05 
9 12 12 0.417464 -0.000224306 3.23227e-05 
10 12 12 0.416676 -0.000167432 4.15631e-05 
11 12 12 0.416139 -9.58676e-05 4.57672e-05 
12 12 12 0.415883 -2.38387e-05 4.62054e-05 
13 12 12 0.415879 1.9417e-05 3.42084e-05 
14 12 12 0.415726 -0.000303863 -5.81655e-05 
15 12 12 0.435613 0.00436852 0.00057625 
0 13 13 0 0 0 
1 13 13 0 0 0 
2 13 13 0 0 0 
3 13 13 0 0 0 
4 13 13 0 0 0 
5 13 13 0 0 0 
6 13 13 0 0 0 
7 13 13 0 0 0 
8 13 13 0 0 0 
9 13 13 0 0 0 
10 13 13 0 0 0 
11 13 13 0 0 0 
12 13 13 0 0 0 
13 13 13 0 0 0 
14 13 13 0 0 0 
15 13 13 0 0 0 
0 14 14 0 0 0 
1 14 14 0 0 0 
2 14 14 0 0 0 
3 14 14 0 0 0 
4 14 14 0 0 0 
5 14 14 0 0 0 
6 14 14 0 0 0 
7 14 14 0 0 0 
8 14 14 0 0 0 
9 14 14 0 0 0 
10 14 14 0 0 0 
11 14 14 0 0 0 
12 14 14 0 0 0 
13 14 14 0 0 0 
14 14 14 0 0 0 
15 14 14 0 0 0 
0 15 15 0 0 0 
1 15 15 0 0 0 
2 15 15 0 0 0 
3 15 15 0 0 0 
4 15 15 0 0 0 
5 15 15 0 0 0 
6 15 15 0 0 0 
7 15 15 0 0 0 
8 15 15 0 0 0 
9 15 15 0 0 0 
10 15 15 0 0 0 
11 15 15 0 0 0 
12 15 15 0 0 0 
13 15 15 0 0 0 
14 15 15 0 0 0 
15 15 15 0 0 0 
0 0 0 0 0 0 
1 0 0 0 0 0 
2 0 0 0 0 0 
3 0 0 0 0 0 
4 0 0 0 0 0 
5 0 0 0 0 0 
6 0 0 0 0 0 
7 0 0 0 0 0 
8 0 0 0 0 0 
9 0 0 0 0 0 
10 0 0 0 0 0 
11 0 0 0 0 0 
12 0 0 0 0 0 
13 0 0 0 0 0 
14 0 0 0 0 0 
15 0 0 0 0 0 
0 1 1 0 0 0 
1 1 1 0 0 0 
2 1 1 0 0 0 
3 1 1 0 0 0 
4 1 1 0 0 0 
5 1 1 0 0 0 
6 1 1 0 0 0 
7 1 1 0 0 0 
8 1 1 0 0 0 
9 1 1 0 0 0 
10 1 1 0 0 0 
11 1 1 0 0 0 
12 1 1 0 0 0 
13 1 1 0 0 0 
14 1 1 0 0 0 
15 1 1 0 0 0 
0 2 2 0 0 0 
1 2 2 0 0 0 
2 2 2 0 0 0 
3 2 2 0 0 0 
4 2 2 0 0 0 
5 2 2 0 0 0 
6 2 2 0 0 0 
7 2 2 0 0 0 
8 2 2 0 0 0 
9 2 2 0 0 0 
10 2 2 0 0 0 
11 2 2 0 0 0 
12 2 2 0 0 0 
13 2 2 0 0 0 
14 2 2 0 0 0 
15 2 2 0 0 0 
0 3 3 0.210379 -0.00037313 -1.54184e-06 
1 3 3 0.212722 -0.000369899 4.66995e-05 
2 3 3 0.214836 -0.000310494 6.70829e-05 
3 3 3 0.216427 -0.000219397 6.49754e-05 
4 3 3 0.217375 -0.000112518 4.16892e-05 
5 3 3 0.21767 -1.86828e-05 1.10225e-05 
6 3 3 0.217462 4.75217e-05 -1.91595e-05 
7 3 3 0.216938 8.33417e-05 -4.51947e-05 
8 3 3 0.216276 9.29792e-05 -7.05962e-05 
9 3 3 0.215603 8.35216e-05 -9.22499e-05 
10 3 3 0.215008 6.33165e-05 -0.000106149 
11 3 3 0.214549 3.87621e-05 -0.000107385 
12 3 3 0.214254 1.51662e-05 -9.60725e-05 
13 3 3 0.21411 1.51603e-06 -8.2112e-05 
14 3 3 0.213875 0.000117177 -0.000120714 
15 3 3 0.218653 -0.00343608 0.00122157 
0 4 4 0.6341 -0.00281796 0.000700815 
1 4 4 0.640431 -0.00263153 0.000808297 
2 4 4 0.645749 -0.00205025 0.000742496 
3 4 4 0.649342 -0.00125305 0.000543134 
4 4 4 0.650991 -0.000443862 0.000274978 
5 4 4 0.650926 0.000213325 8.22116e-06 
6 4 4 0.649652 0.000637155 -0.000209157 
7 4 4 0.647733 0.00083036 -0.000361573 
8 4 4 0.645648 0.000838927 -0.000457601 
9 4 4 0.643731 0.000721882 -0.000508666 
10 4 4 0.64218 0.000533851 -0.000515436 
11 4 4 0.641106 0.000317584 -0.00047606 
12 4 4 0.640537 0.000111362 -0.000400422 
13 4 4 0.640408 -1.79613e-05 -0.000329367 
14 4 4 0.640379 0.00051736 -0.000551866 
15 4 4 0.657042 -0.00389834 0.00125495 
0 5 5 1.2344 -0.00847197 0.00408453 
1 5 5 1.2416 -0.00803943 0.00403731 
2 5 5 1.24809 -0.00624644 0.0033495 
3 5 5 1.25265 -0.00364752 0.0022284 
4 5 5 1.25467 -0.00096793 0.000988129 
5 5 5 1.2543 0.00118984 -9.14607e-05 
6 5 5 1.25219 0.00254301 -0.000863667 
7 5 5 1.24919 0.00311037 -0.00131669 
8 5 5 1.24599 0.00306609 -0.00151198 
9 5 5 1.24309 0.00261671 -0.00152297 
10 5 5 1.24076 0.00194155 -0.00139878 
11 5 5 1.23913 0.00117961 -0.00116955 
12 5 5 1.23823 0.000448996 -0.000875728 
13 5 5 1.23802 -0.000103739 -0.000606162 
14 5 5 1.23859 -6.54228e-05 -0.000629766 
15 5 5 1.23628 -0.00425231 0.00180944 
0 6 6 1.79758 -0.0110399 0.0111336 
1 6 6 1.79451 -0.0114741 0.0109597 
2 6 6 1.79328 -0.00958016 0.00912409 
3 6 6 1.79343 -0.00594345 0.00608003 
4 6 6 1.7941 -0.00168507 0.00268861 
5 6 6 1.79453 0.00203425 -0.000192355 
6 6 6 1.79441 0.00452818 -0.00210896 
7 6 6 1.79375 0.00569232 -0.00306735 
8 6 6 1.79277 0.00577162 -0.0033072 
9 6 6 1.79162 0.00510492 -0.00308719 
10 6 6 1.79043 0.0039977 -0.0025896 
11 6 6 1.7893 0.00269286 -0.00192654 
12 6 6 1.78829 0.00138965 -0.00119151 
13 6 6 1.7875 0.000268427 -0.00050237 
14 6 6 1.78717 -0.000521132 1.50626e-05 
15 6 6 1.78391 -0.00339882 0.00265984 
0 7 7 2.12669 -0.00327608 0.0168613 
1 7 7 2.11175 -0.00473497 0.0173093 
2 7 7 2.09946 -0.00462466 0.0150445 
3 7 7 2.09134 -0.00305159 0.0105154 
4 7 7 2.08766 -0.000594745 0.00501922 
5 7 7 2.08758 0.00193395 0.000116412 
6 7 7 2.08974 0.00389412 -0.00320795 
7 7 7 2.09289 0.00501729 -0.00483368 
8 7 7 2.09611 0.00533136 -0.00515768 
9 7 7 2.09884 0.00500261 -0.00466202 
10 7 7 2.10077 0.00423382 -0.00370818 
11 7 7 2.10178 0.00322034 -0.0025263 
12 7 7 2.10188 0.00213705 -0.00128037 
13 7 7 2.10122 0.00113075 -0.000114029 
14 7 7 2.10008 0.000293159 0.000898076 
15 7 7 2.09459 -0.00109521 0.00371426 
0 8 8 2.14836 0.00848299 0.0179771 
1 8 8 2.13303 0.0073033 0.0186514 
2 8 8 2.12011 0.00580009 0.0163048 
3 8 8 2.11143 0.00419811 0.0114128 
4 8 8 2.10752 0.00282986 0.00539316 
5 8 8 2.10769 0.00196915 -2.41955e-05 
6 8 8 2.11058 0.00165642 -0.00371685 
7 8 8 2.11483 0.00170506 -0.00550277 
8 8 8 2.11938 0.00186506 -0.0057886 
9 8 8 2.12348 0.00196183 -0.00510831 
10 8 8 2.1267 0.00193137 -0.00389073 
11 8 8 2.1288 0.00179177 -0.00242875 
12 8 8 2.12975 0.00159446 -0.000933378 
13 8 8 2.12967 0.00138893 0.000425579 
14 8 8 2.12883 0.00122652 0.00156823 
15 8 8 2.12334 0.00170405 0.00440689 
0 9 9 1.86045 0.0149724 0.0144724 
1 9 9 1.85654 0.0138923 0.0142615 
2 9 9 1.85437 0.0112842 0.0117502 
3 9 9 1.85406 0.00770093 0.00759574 
4 9 9 1.85514 0.00406078 0.00299546 
5 9 9 1.85697 0.0012043 -0.000856363 
6 9 9 1.85906 -0.000511813 -0.00330781 
7 9 9 1.86118 -0.00121966 -0.00433594 
8 9 9 1.86317 -0.00125996 -0.00427293 
9 9 9 1.86489 -0.000944127 -0.00352004 
10 9 9 1.86623 -0.000471329 -0.00240698 
11 9 9 1.86712 5.59108e-05 -0.00116923 
12 9 9 1.86755 0.000576854 1.83163e-05 
13 9 9 1.86763 0.0010266 0.00100507 
14 9 9 1.86767 0.00135505 0.00168787 
15 9 9 1.86416 0.00368118 0.00428495 
0 10 10 1.34061 0.0111624 0.00764759 
1 10 10 1.3482 0.0101734 0.00690879 
2 10 10 1.3551 0.00799336 0.00518306 
3 10 10 1.36041 0.005172 0.00295716 
4 10 10 1.36364 0.00241018 0.000821052 
5 10 10 1.36492 0.000252473 -0.000774438 
6 10 10 1.36482 -0.00109415 -0.00165474 
7 10 10 1.36398 -0.00170764 -0.00188639 
8 10 10 1.3629 -0.00178683 -0.00165444 
9 10 10 1.36191 -0.00152936 -0.00115768 
10 10 10 1.36116 -0.00108152 -0.000554339 
11 10 10 1.36073 -0.00054248 4.55337e-05 
12 10 10 1.36066 4.7165e-06 0.000561123 
13 10 10 1.36096 0.000437806 0.00090169 
14 10 10 1.36186 0.000427316 0.000861183 
15 10 10 1.36046 0.00432816 0.00319389 
0 11 11 0.713409 0.00381631 0.00220668 
1 11 11 0.720897 0.0034988 0.00184731 
2 11 11 0.72715 0.00276318 0.00128937 
3 11 11 0.731536 0.00180275 0.000681718 
4 11 11 0.733894 0.000845088 0.000164213 
5 11 11 0.734506 6.75373e-05 -0.000179182 
6 11 11 0.733898 -0.000449436 -0.000330821 
7 11 11 0.732623 -0.000712452 -0.000323904 
8 11 11 0.73114 -0.000774269 -0.000215669 
9 11 11 0.729765 -0.000697682 -6.32038e-05 
10 11 11 0.728694 -0.000535157 9.22814e-05 
11 11 11 0.728026 -0.000327059 0.000226028 
12 11 11 0.727788 -0.000111661 0.000320515 
13 11 11 0.727933 3.52453e-05 0.000341861 
14 11 11 0.728232 -0.000489983 1.3493e-05 
15 11 11 0.7438 0.00394723 0.00196297 
0 12 12 0.278942 0.000598816 0.000354356 
1 12 12 0.282278 0.000592058 0.000280344 
2 12 12 0.285195 0.000503683 0.000190147 
3 12 12 0.287365 0.000356889 0.000104598 
4 12 12 0.288646 0.000191615 4.04401e-05 
5 12 12 0.289107 4.35948e-05 3.98761e-06 
6 12 12 0.288945 -6.47838e-05 -4.23964e-06 
7 12 12 0.288405 -0.000128648 8.27955e-06 
8 12 12 0.287704 -0.000153522 3.12598e-05 
9 12 12 0.287005 -0.000150052 5.41616e-05 
10 12 12 0.286415 -0.00012695 7.17776e-05 
11 12 12 0.285994 -9.20619e-05 8.20377e-05 
12 12 12 0.285766 -5.27299e-05 8.38624e-05 
13 12 12 0.285709 -2.51723e-05 7.01057e-05 
14 12 12 0.285497 -0.000209427 -3.46677e-05 
15 12 12 0.300214 0.00382885 0.00153634 
0 13 13 0 0 0 
1 13 13 0 0 0 
2 13 13 0 0 0 
3 13 13 0 0 0 
4 13 13 0 0 0 
5 13 13 0 0 0 
6 13 13 0 0 0 
7 13 13 0 0 0 
8 13 13 0 0 0 
9 13 13 0 0 0 
10 13 13 0 0 0 
11 13 13 0 0 0 
12 13 13 0 0 0 
13 13 13 0 0 0 
14 13 13 0 0 0 
15 13 13 0 0 0 
0 14 14 0 0 0 
1 14 14 0 0 0 
2 14 14 0 0 0 
3 14 14 0 0 0 
4 14 14 0 0 0 
5 14 14 0 0 0 
6 14 14 0 0 0 
7 14 14 0 0 0 
8 14 14 0 0 0 
9 14 14 0 0 0 
10 14 14 0 0 0 
11 14 14 0 0 0 
12 14 14 0 0 0 
13 14 14 0 0 0 
14 14 14 0 0 0 
15 14 14 0 0 0 
0 15 15 0 0 0 
1 15 15 0 0 0 
2 15 15 0 0 0 
3 15 15 0 0 0 
4 15 15 0 0 0 
5 15 15 0 0 0 
6 15 15 0 0 0 
7 15 15 0 0 0 
8 15 15 0 0 0 
9 15 15 0 0 0 
10 15 15 0 0 0 
11 15 15 0 0 0 
12 15 15 0 0 0 
13 15 15 0 0 0 
14 15 15 0 0 0 
15 15 15 0 0 0 
0 0 0 0 0 0 
1 0 0 0 0 0 
2 0 0 0 0 0 
3 0 0 0 0 0 
4 0 0 0 0 0 
5 0 0 0 0 0 
6 0 0 0 0 0 
7 0 0 0 0 0 
8 0 0 0 0 0 
9 0 0 0 0 0 
10 0 0 0 0 0 
11 0 0 0 0 0 
12 0 0 0 0 0 
13 0 0 0 0 0 
14 0 0 0 0 0 
15 0 0 0 0 0 
0 1 1 0 0 0 
1 1 1 0 0 0 
2 1 1 0 0 0 
3 1 1 0 0 0 
4 1 1 0 0 0 
5 1 1 0 0 0 
6 1 1 0 0 0 
7 1 1 0 0 0 
8 1 1 0 0 0 
9 1 1 0 0 0 
10 1 1 0 0 0 
11 1 1 0 0 0 
12 1 1 0 0 0 
13 1 1 0 0 0 
14 1 1 0 0 0 
15 1 1 0 0 0 
0 2 2 0 0 0 
1 2 2 0 0 0 
2 2 2 0 0 0 
3 2 2 0 0 0 
4 2 2 0 0 0 
5 2 2 0 0 0 
6 2 2 0 0 0 
7 2 2 0 0 0 
8 2 2 0 0 0 
9 2 2 0 0 0 
10 2 2 0 0 0 
11 2 2 0 0 0 
12 2 2 0 0 0 
13 2 2 0 0 0 
14 2 2 0 0 0 
15 2 2 0 0 0 
0 3 3 0 0 0 
1 3 3 0 0 0 
2 3 3 0 0 0 
3 3 3 0 0 0 
4 3 3 0 0 0 
5 3 3 0 0 0 
6 3 3 0 0 0 
7 3 3 0 0 0 
8 3 3 0 0 0 
9 3 3 0 0 0 
10 3 3 0 0 0 
11 3 3 0 0 0 
12 3 3 0 0 0 
13 3 3 0 0 0 
14 3 3 0 0 0 
15 3 3 0 0 0 
0 4 4 0.41182 -0.0012519 0.000314884 
1 4 4 0.416318 -0.001126 0.000454442 
2 4 4 0.420193 -0.000862395 0.000468105 
3 4 4 0.422938 -0.000533746 0.000370769 
4 4 4 0.424367 -0.000216213 0.000203737 
5 4 4 0.424599 2.93741e-05 1.81383e-05 
6 4 4 0.423947 0.0001771 -0.000146174 
7 4 4 0.422782 0.000232466 -0.000269686 
8 4 4 0.421434 0.000216722 -0.000351029 
9 4 4 0.420147 0.000155996 -0.00039383 
10 4 4 0.419071 7.56023e-05 -0.0003993 
11 4 4 0.418296 -6.07399e-06 -0.000370077 
12 4 4 0.41785 -7.4627e-05 -0.000315211 
13 4 4 0.417684 -0.000104998 -0.000262753 
14 4 4 0.417352 0.00023923 -0.000471552 
15 4 4 0.436082 -0.00346189 0.00214941 
0 5 5 0.782364 -0.00386673 0.00234496 
1 5 5 0.789573 -0.00343514 0.00242497 
2 5 5 0.795652 -0.00252321 0.00208332 
3 5 5 0.799753 -0.00139476 0.0014408 
4 5 5 0.801597 -0.000334083 0.000680673 
5 5 5 0.801457 0.000453507 -2.41384e-05 
6 5 5 0.799929 0.00089312 -0.000565565 
7 5 5 0.797675 0.0010169 -0.000913246 
8 5 5 0.795252 0.000909099 -0.00108612 
9 5 5 0.793049 0.000661602 -0.00112 
10 5 5 0.791297 0.000354564 -0.0010459 
11 5 5 0.790109 4.70654e-05 -0.000889936 
12 5 5 0.789507 -0.000214226 -0.000686407 
13 5 5 0.789413 -0.000360092 -0.000510633 
14 5 5 0.789612 8.18695e-05 -0.000841787 
15 5 5 0.797439 -0.00325932 0.00252688 
0 6 6 1.25007 -0.0063638 0.00778553 
1 6 6 1.2573 -0.005837 0.00750084 
2 6 6 1.26385 -0.00430771 0.00608182 
3 6 6 1.26855 -0.00224778 0.00394087 
4 6 6 1.27081 -0.000231058 0.00165884 
5 6 6 1.27074 0.00129159 -0.000266512 
6 6 6 1.26898 0.00213167 -0.00158615 
7 6 6 1.26634 0.00233476 -0.00229742 
8 6 6 1.26349 0.00206812 -0.00252133 
9 6 6 1.26088 0.00152018 -0.00240091 
10 6 6 1.25878 0.000853937 -0.00205182 
11 6 6 1.25733 0.000191319 -0.00156075 
12 6 6 1.25655 -0.000375874 -0.00101227 
13 6 6 1.25641 -0.000752209 -0.000540786 
14 6 6 1.25701 -0.000687286 -0.00054483 
15 6 6 1.25469 -0.00316483 0.00361937 
0 7 7 1.54104 -0.0037941 0.0140711 
1 7 7 1.54489 -0.00375028 0.013439 
2 7 7 1.54911 -0.0027634 0.0108011 
3 7 7 1.55274 -0.00119506 0.00687631 
4 7 7 1.55495 0.00046172 0.0027444 
5 7 7 1.55552 0.00176774 -0.000643894 
6 7 7 1.55475 0.00249087 -0.00283208 
7 7 7 1.5532 0.00262207 -0.00385569 
8 7 7 1.55137 0.00229105 -0.00399326 
9 7 7 1.54962 0.00167316 -0.00355143 
10 7 7 1.54815 0.000936105 -0.00277128 
11 7 7 1.54705 0.000213801 -0.00182429 
12 7 7 1.54636 -0.0003957 -0.000853175 
13 7 7 1.54613 -0.000819597 -3.06975e-05 
14 7 7 1.54656 -0.000980416 0.000363693 
15 7 7 1.54479 -0.00195352 0.00454331 
0 8 8 1.56458 0.0021228 0.0157653 
1 8 8 1.56832 0.00183693 0.0149095 
2 8 8 1.57247 0.00169497 0.0118301 
3 8 8 1.57615 0.00163814 0.00736839 
4 8 8 1.57862 0.00161503 0.00274974 
5 8 8 1.57963 0.00156811 -0.000961202 
6 8 8 1.57945 0.00143856 -0.00326964 
7 8 8 1.57857 0.00119207 -0.00423403 
8 8 8 1.57742 0.000837288 -0.00419013 
9 8 8 1.57629 0.000421909 -0.00350919 
10 8 8 1.57533 1.25236e-05 -0.00248862 
11 8 8 1.57463 -0.000327683 -0.00133927 
12 8 8 1.57422 -0.000556962 -0.000226701 
13 8 8 1.57414 -0.000667898 0.00066904 
14 8 8 1.57465 -0.000691704 0.00108643 
15 8 8 1.57286 4.60192e-05 0.00518613 
0 9 9 1.32109 0.00529736 0.0115183 
1 9 9 1.32857 0.00498896 0.0105051 
2 9 9 1.33538 0.00419233 0.00800428 
3 9 9 1.34054 0.00307383 0.0047166 
4 9 9 1.34352 0.00189363 0.00150912 
5 9 9 1.34444 0.00087123 -0.000942204 
6 9 9 1.34388 0.000101753 -0.00236717 
7 9 9 1.34252 -0.000422639 -0.00284911 
8 9 9 1.34092 -0.000749015 -0.00264236 
9 9 9 1.33945 -0.000918806 -0.00202076 
10 9 9 1.33829 -0.000956484 -0.00120534 
11 9 9 1.33756 -0.00087787 -0.000352558 
12 9 9 1.33727 -0.000708326 0.000418176 
13 9 9 1.33744 -0.000515436 0.000965567 
14 9 9 1.33825 -0.00050874 0.00094076 
15 9 9 1.33667 0.00186488 0.00492137 
0 10 10 0.851906 0.00353892 0.0050301 
1 10 10 0.859987 0.00339789 0.00435394 
2 10 10 0.866797 0.00283202 0.0031524 
3 10 10 0.87158 0.00198927 0.00175353 
4 10 10 0.874115 0.00107702 0.000493158 
5 10 10 0.874702 0.000273745 -0.000403242 
6 10 10 0.873934 -0.000325863 -0.000868188 
7 10 10 0.872441 -0.000705777 -0.000958655 
8 10 10 0.870736 -0.000893805 -0.00079044 
9 10 10 0.869171 -0.000930653 -0.000482763 
10 10 10 0.867959 -0.000852642 -0.000129298 
11 10 10 0.867202 -0.000691664 0.000207235 
12 10 10 0.866927 -0.000484643 0.000480649 
13 10 10 0.867085 -0.000309379 0.00061822 
14 10 10 0.867585 -0.000625348 0.000161231 
15 10 10 0.869466 0.00276539 0.00351799 
0 11 11 0.464582 0.00118851 0.00151087 
1 11 11 0.46994 0.00120789 0.00124877 
2 11 11 0.474475 0.00104628 0.000876769 
3 11 11 0.477711 0.000753588 0.000487403 
4 11 11 0.4795 0.000409114 0.000163006 
5 11 11 0.480007 8.81111e-05 -4.91829e-05 
6 11 11 0.479583 -0.000161094 -0.000140309 
7 11 11 0.478623 -0.00032286 -0.000132352 
8 11 11 0.477466 -0.000403113 -6.24506e-05 
9 11 11 0.476363 -0.000417435 3.21439e-05 
10 11 11 0.475469 -0.000381502 0.000125215 
11 11 11 0.474869 -0.000310232 0.000201532 
12 11 11 0.474589 -0.000220414 0.000250596 
13 11 11 0.47458 -0.000148856 0.000248283 
14 11 11 0.474434 -0.000499001 -0.000108142 
15 11 11 0.493156 0.0032007 0.00253014 
0 12 12 0.0791535 6.81418e-05 9.53805e-05 
1 12 12 0.0800935 8.44924e-05 7.25671e-05 
2 12 12 0.0809553 8.37145e-05 4.7981e-05 
3 12 12 0.081628 6.72416e-05 2.66256e-05 
4 12 12 0.0820538 4.14818e-05 1.21208e-05 
5 12 12 0.0822368 1.36181e-05 4.74429e-06 
6 12 12 0.0822254 -1.02923e-05 4.80173e-06 
7 12 12 0.0820885 -2.75742e-05 9.90194e-06 
8 12 12 0.0818908 -3.75981e-05 1.72877e-05 
9 12 12 0.0816827 -4.14386e-05 2.37749e-05 
10 12 12 0.081498 -4.0004e-05 2.83292e-05 
11 12 12 0.0813568 -3.47582e-05 3.03047e-05 
12 12 12 0.0812683 -2.69617e-05 2.95748e-05 
13 12 12 0.0812286 -1.97438e-05 2.47927e-05 
14 12 12 0.0811467 -4.89982e-05 4.19927e-06 
15 12 12 0.0801145 0.00157082 0.00113043 
0 13 13 0 0 0 
1 13 13 0 0 0 
2 13 13 0 0 0 
3 13 13 0 0 0 
4 13 13 0 0 0 
5 13 13 0 0 0 
6 13 13 0 0 0 
7 13 13 0 0 0 
8 13 13 0 0 0 
9 13 13 0 0 0 
10 13 13 0 0 0 
11 13 13 0 0 0 
12 13 13 0 0 0 
13 13 13 0 0 0 
14 13 13 0 0 0 
15 13 13 0 0 0 
0 14 14 0 0 0 
1 14 14 0 0 0 
2 14 14 0 0 0 
3 14 14 0 0 0 
4 14 14 0 0 0 
5 14 14 0 0 0 
6 14 14 0 0 0 
7 14 14 0 0 0 
8 14 14 0 0 0 
9 14 14 0 0 0 
10 14 14 0 0 0 
11 14 14 0 0 0 
12 14 14 0 0 0 
13 14 14 0 0 0 
14 14 14 0 0 0 
15 14 14 0 0 0 
0 15 15 0 0 0 
1 15 15 0 0 0 
2 15 15 0 0 0 
3 15 15 0 0 0 
4 15 15 0 0 0 
5 15 15 0 0 0 
6 15 15 0 0 0 
7 15 15 0 0 0 
8 15 15 0 0 0 
9 15 15 0 0 0 
10 15 15 0 0 0 
11 15 15 0 0 0 
12 15 15 0 0 0 
13 15 15 0 0 0 
14 15 15 0 0 0 
15 15 15 0 0 0 
0 0 0 0 0 0 
1 0 0 0 0 0 
2 0 0 0 0 0 
3 0 0 0 0 0 
4 0 0 0 0 0 
5 0 0 0 0 0 
6 0 0 0 0 0 
7 0 0 0 0 0 
8 0 0 0 0 0 
9 0 0 0 0 0 
10 0 0 0 0 0 
11 0 0 0 0 0 
12 0 0 0 0 0 
13 0 0 0 0 0 
14 0 0 0 0 0 
15 0 0 0 0 0 
0 1 1 0 0 0 
1 1 1 0 0 0 
2 1 1 0 0 0 
3 1 1 0 0 0 
4 1 1 0 0 0 
5 1 1 0 0 0 
6 1 1 0 0 0 
7 1 1 0 0 0 
8 1 1 0 0 0 
9 1 1 0 0 0 
10 1 1 0 0 0 
11 1 1 0 0 0 
12 1 1 0 0 0 
13 1 1 0 0 0 
14 1 1 0 0 0 
15 1 1 0 0 0 
0 2 2 0 0 0 
1 2 2 0 0 0 
2 2 2 0 0 0 
3 2 2 0 0 0 
4 2 2 0 0 0 
5 2 2 0 0 0 
6 2 2 0 0 0 
7 2 2 0 0 0 
8 2 2 0 0 0 
9 2 2 0 0 0 
10 2 2 0 0 0 
11 2 2 0 0 0 
12 2 2 0 0 0 
13 2 2 0 0 0 
14 2 2 0 0 0 
15 2 2 0 0 0 
0 3 3 0 0 0 
1 3 3 0 0 0 
2 3 3 0 0 0 
3 3 3 0 0 0 
4 3 3 0 0 0 
5 3 3 0 0 0 
6 3 3 0 0 0 
7 3 3 0 0 0 
8 3 3 0 0 0 
9 3 3 0 0 0 
10 3 3 0 0 0 
11 3 3 0 0 0 
12 3 3 0 0 0 
13 3 3 0 0 0 
14 3 3 0 0 0 
15 3 3 0 0 0 
0 4 4 0.0975907 -0.000179546 -1.04332e-05 
1 4 4 0.0986922 -0.000148892 2.98552e-05 
2 4 4 0.099706 -0.000108938 4.98606e-05 
3 4 4 0.100487 -6.80212e-05 4.94183e-05 
4 4 4 0.100961 -3.34739e-05 3.15898e-05 
5 4 4 0.101131 -1.08903e-05 5.73432e-06 
6 4 4 0.10106 -7.66024e-07 -2.08024e-05 
7 4 4 0.100833 -1.26834e-06 -4.32702e-05 
8 4 4 0.100533 -8.83945e-06 -6.0405e-05 
9 4 4 0.100224 -1.98084e-05 -7.11754e-05 
10 4 4 0.0999487 -3.03108e-05 -7.51007e-05 
11 4 4 0.099735 -3.7989e-05 -7.22834e-05 
12 4 4 0.0995945 -4.15569e-05 -6.37864e-05 
13 4 4 0.0995198 -3.9142e-05 -5.37551e-05 
14 4 4 0.0994005 -2.37509e-06 -7.09248e-05 
15 4 4 0.098317 -0.00155202 0.00146795 
0 5 5 0.418974 -0.0013253 0.000607649 
1 5 5 0.423574 -0.00108186 0.000738318 
2 5 5 0.427531 -0.000751011 0.000703027 
3 5 5 0.43034 -0.000409687 0.000532868 
4 5 5 0.431814 -0.000130176 0.000284306 
5 5 5 0.432077 4.65958e-05 2.51269e-05 
6 5 5 0.431445 0.00011787 -0.000192286 
7 5 5 0.430293 0.000103448 -0.000346183 
8 5 5 0.428955 3.42036e-05 -0.000435545 
9 5 5 0.427678 -5.98379e-05 -0.000469068 
10 5 5 0.426616 -0.000152472 -0.000455444 
11 5 5 0.425857 -0.000226833 -0.000403998 
12 5 5 0.425427 -0.00027202 -0.0003279 
13 5 5 0.425278 -0.000269224 -0.000258685 
14 5 5 0.424966 3.56858e-05 -0.000532882 
15 5 5 0.443701 -0.00261906 0.00320223 
0 6 6 0.658791 -0.00233448 0.00247497 
1 6 6 0.66541 -0.00184362 0.00247931 
2 6 6 0.670963 -0.00118094 0.00207657 
3 6 6 0.674753 -0.000518864 0.00140527 
4 6 6 0.676569 -1.62152e-08 0.000646189 
5 6 6 0.676652 0.000298867 -3.94244e-05 
6 6 6 0.675508 0.000377464 -0.000546164 
7 6 6 0.673705 0.000287194 -0.000851741 
8 6 6 0.671722 9.74678e-05 -0.000980094 
9 6 6 0.669899 -0.000128064 -0.000972025 
10 6 6 0.668444 -0.000338859 -0.000865844 
11 6 6 0.667461 -0.000502552 -0.000694037 
12 6 6 0.666971 -0.000600616 -0.000492167 
13 6 6 0.666909 -0.000608514 -0.000332441 
14 6 6 0.666955 -0.000249597 -0.000790181 
15 6 6 0.684654 -0.00220592 0.00368737 
0 7 7 0.82317 -0.00205811 0.00485458 
1 7 7 0.830823 -0.00149654 0.00456521 
2 7 7 0.837259 -0.000793441 0.00361847 
3 7 7 0.841655 -0.000140066 0.00229467 
4 7 7 0.843758 0.000321608 0.000932969 
5 7 7 0.843853 0.000526192 -0.000195154 
6 7 7 0.842549 0.000487312 -0.000952872 
7 7 7 0.84051 0.000275363 -0.00133958 
8 7 7 0.838287 -2.39573e-05 -0.00142662 
9 7 7 0.836266 -0.00033533 -0.001304 
10 7 7 0.834678 -0.000601971 -0.00105014 
11 7 7 0.833632 -0.000788938 -0.000725964 
12 7 7 0.83315 -0.000881247 -0.0003895 
13 7 7 0.833164 -0.000872578 -0.000146006 
14 7 7 0.833519 -0.000648525 -0.00061947 
15 7 7 0.841819 -0.00144035 0.0041837 
0 8 8 0.842264 -0.000740908 0.00569971 
1 8 8 0.850159 -0.000267405 0.00517122 
2 8 8 0.856801 0.000182686 0.00396082 
3 8 8 0.861377 0.000491236 0.00240659 
4 8 8 0.863634 0.000602786 0.000894186 
5 8 8 0.863874 0.000519399 -0.000288552 
6 8 8 0.862708 0.00028761 -0.00102125 
7 8 8 0.860799 -2.36777e-05 -0.00133004 
8 8 8 0.858694 -0.000347468 -0.00131591 
9 8 8 0.856777 -0.000629944 -0.00109397 
10 8 8 0.855278 -0.00083442 -0.000760335 
11 8 8 0.854306 -0.000941737 -0.000385753 
12 8 8 0.853883 -0.000950595 -3.115e-05 
13 8 8 0.853946 -0.00087926 0.000197958 
14 8 8 0.854365 -0.000823402 -0.000325215 
15 8 8 0.861868 -7.59263e-05 0.00447956 
0 9 9 0.700349 0.000397566 0.00414025 
1 9 9 0.707549 0.000722063 0.0036369 
2 9 9 0.713573 0.000875695 0.00270161 
3 9 9 0.717745 0.000830367 0.00158684 
4 9 9 0.719879 0.000620686 0.000555077 
5 9 9 0.720244 0.00031288 -0.000210669 
6 9 9 0.719369 -2.47274e-05 -0.000646244 
7 9 9 0.71782 -0.000337506 -0.000785122 
8 9 9 0.716072 -0.000589947 -0.000709559 
9 9 9 0.714462 -0.00076181 -0.000507715 
10 9 9 0.713197 -0.000845069 -0.00025168 
11 9 9 0.712377 -0.000842025 8.43834e-06 
12 9 9 0.712026 -0.000765982 0.000233308 
13 9 9 0.712088 -0.000656908 0.000351439 
14 9 9 0.712312 -0.000792014 -0.000224925 
15 9 9 0.727566 0.00121733 0.00423771 
0 10 10 0.457416 0.000471666 0.00178438 
1 10 10 0.462646 0.00065695 0.00151929 
2 10 10 0.467083 0.000689063 0.00110479 
3 10 10 0.470244 0.000575268 0.000645684 
4 10 10 0.471974 0.000363239 0.00024225 
5 10 10 0.47243 0.000114005 -4.07513e-05 
6 10 10 0.471958 -0.000121399 -0.000184999 
7 10 10 0.470952 -0.000311172 -0.000209666 
8 10 10 0.46975 -0.00044191 -0.000153661 
9 10 10 0.468604 -0.000511434 -5.66679e-05 
10 10 10 0.467675 -0.000523767 4.96919e-05 
11 10 10 0.467044 -0.000486796 0.000145667 
12 10 10 0.466736 -0.000414274 0.000218148 
13 10 10 0.466704 -0.000340259 0.000237873 
14 10 10 0.466525 -0.000575483 -0.000193764 
15 10 10 0.485099 0.00206079 0.00350253 
0 11 11 0.164536 5.6952e-05 0.00034007 
1 11 11 0.166502 0.000118125 0.000279855 
2 11 11 0.168276 0.000140438 0.000202224 
3 11 11 0.169636 0.000123842 0.000123508 
4 11 11 0.170472 7.98238e-05 5.93306e-05 
5 11 11 0.170804 2.30669e-05 1.75967e-05 
6 11 11 0.170739 -3.20034e-05 8.97254e-07 
7 11 11 0.170423 -7.69218e-05 4.30369e-06 
8 11 11 0.16999 -0.000107633 1.98747e-05 
9 11 11 0.169544 -0.000124197 3.87336e-05 
10 11 11 0.169155 -0.000126635 5.55738e-05 
11 11 11 0.168863 -0.000117473 6.7424e-05 
12 11 11 0.168685 -9.98549e-05 7.29745e-05 
13 11 11 0.168607 -8.12576e-05 6.72242e-05 
14 11 11 0.16842 -0.000131181 -2.17178e-05 
15 11 11 0.172243 0.00212032 0.00225727 
0 12 12 0 0 0 
1 12 12 0 0 0 
2 12 12 0 0 0 
3 12 12 0 0 0 
4 12 12 0 0 0 
5 12 12 0 0 0 
6 12 12 0 0 0 
7 12 12 0 0 0 
8 12 12 0 0 0 
9 12 12 0 0 0 
10 12 12 0 0 0 
11 12 12 0 0 0 
12 12 12 0 0 0 
13 12 12 0 0 0 
14 12 12 0 0 0 
15 12 12 0 0 0 
0 13 13 0 0 0 
1 13 13 0 0 0 
2 13 13 0 0 0 
3 13 13 0 0 0 
4 13 13 0 0 0 
5 13 13 0 0 0 
6 13 13 0 0 0 
7 13 13 0 0 0 
8 13 13 0 0 0 
9 13 13 0 0 0 
10 13 13 0 0 0 
11 13 13 0 0 0 
12 13 13 0 0 0 
13 13 13 0 0 0 
14 13 13 0 0 0 
15 13 13 0 0 0 
0 14 14 0 0 0 
1 14 14 0 0 0 
2 14 14 0 0 0 
3 14 14 0 0 0 
4 14 14 0 0 0 
5 14 14 0 0 0 
6 14 14 0 0 0 
7 14 14 0 0 0 
8 14 14 0 0 0 
9 14 14 0 0 0 
10 14 14 0 0 0 
11 14 14 0 0 0 
12 14 14 0 0 0 
13 14 14 0 0 0 
14 14 14 0 0 0 
15 14 14 0 0 0 
0 15 15 0 0 0 
1 15 15 0 0 0 
2 15 15 0 0 0 
3 15 15 0 0 0 
4 15 15 0 0 0 
5 15 15 0 0 0 
6 15 15 0 0 0 
7 15 15 0 0 0 
8 15 15 0 0 0 
9 15 15 0 0 0 
10 15 15 0 0 0 
11 15 15 0 0 0 
12 15 15 0 0 0 
13 15 15 0 0 0 
14 15 15 0 0 0 
15 15 15 0 0 0 
0 0 0 0 0 0 
1 0 0 0 0 0 
2 0 0 0 0 0 
3 0 0 0 0 0 
4 0 0 0 0 0 
5 0 0 0 0 0 
6 0 0 0 0 0 
7 0 0 0 0 0 
8 0 0 0 0 0 
9 0 0 0 0 0 
10 0 0 0 0 0 
11 0 0 0 0 0 
12 0 0 0 0 0 
13 0 0 0 0 0 
14 0 0 0 0 0 
15 0 0 0 0 0 
0 1 1 0 0 0 
1 1 1 0 0 0 
2 1 1 0 0 0 
3 1 1 0 0 0 
4 1 1 0 0 0 
5 1 1 0 0 0 
6 1 1 0 0 0 
7 1 1 0 0 0 
8 1 1 0 0 0 
9 1 1 0 0 0 
10 1 1 0 0 0 
11 1 1 0 0 0 
12 1 1 0 0 0 
13 1 1 0 0 0 
14 1 1 0 0 0 
15 1 1 0 0 0 
0 2 2 0 0 0 
1 2 2 0 0 0 
2 2 2 0 0 0 
3 2 2 0 0 0 
4 2 2 0 0 0 
5 2 2 0 0 0 
6 2 2 0 0 0 
7 2 2 0 0 0 
8 2 2 0 0 0 
9 2 2 0 0 0 
10 2 2 0 0 0 
11 2 2 0 0 0 
12 2 2 0 0 0 
13 2 2 0 0 0 
14 2 2 0 0 0 
15 2 2 0 0 0 
0 3 3 0 0 0 
1 3 3 0 0 0 
2 3 3 0 0 0 
3 3 3 0 0 0 
4 3 3 0 0 0 
5 3 3 0 0 0 
6 3 3 0 0 0 
7 3 3 0 0 0 
8 3 3 0 0 0 
9 3 3 0 0 0 
10 3 3 0 0 0 
11 3 3 0 0 0 
12 3 3 0 0 0 
13 3 3 0 0 0 
14 3 3 0 0 0 
15 3 3 0 0 0 
0 4 4 0 0 0 
1 4 4 0 0 0 
2 4 4 0 0 0 
3 4 4 0 0 0 
4 4 4 0 0 0 
5 4 4 0 0 0 
6 4 4 0 0 0 
7 4 4 0 0 0 
8 4 4 0 0 0 
9 4 4 0 0 0 
10 4 4 0 0 0 
11 4 4 0 0 0 
12 4 4 0 0 0 
13 4 4 0 0 0 
14 4 4 0 0 0 
15 4 4 0 0 0 
0 5 5 0 0 0 
1 5 5 0 0 0 
2 5 5 0 0 0 
3 5 5 0 0 0 
4 5 5 0 0 0 
5 5 5 0 0 0 
6 5 5 0 0 0 
7 5 5 0 0 0 
8 5 5 0 0 0 
9 5 5 0 0 0 
10 5 5 0 0 0 
11 5 5 0 0 0 
12 5 5 0 0 0 
13 5 5 0 0 0 
14 5 5 0 0 0 
15 5 5 0 0 0 
0 6 6 0.211101 -0.000442965 0.000249222 
1 6 6 0.21348 -0.000297839 0.000304686 
2 6 6 0.215593 -0.000161951 0.000290578 
3 6 6 0.217162 -6.41375e-05 0.000225705 
4 6 6 0.218105 -1.05969e-05 0.000126225 
5 6 6 0.218398 -1.63014e-06 2.01172e-05 
6 6 6 0.218198 -2.72136e-05 -6.7252e-05 
7 6 6 0.217697 -7.2152e-05 -0.000128355 
8 6 6 0.217065 -0.000122276 -0.000162348 
9 6 6 0.216434 -0.00016722 -0.000174169 
10 6 6 0.215891 -0.000198127 -0.000167195 
11 6 6 0.215486 -0.000211212 -0.000146107 
12 6 6 0.215239 -0.000206296 -0.000116192 
13 6 6 0.215135 -0.00018443 -8.9835e-05 
14 6 6 0.214951 -0.000100462 -0.000180782 
15 6 6 0.218259 -0.0015396 0.00333042 
0 7 7 0.358563 -0.000649798 0.000869001 
1 7 7 0.362654 -0.0003757 0.000884915 
2 7 7 0.366201 -0.000144958 0.000756225 
3 7 7 0.368771 -1.99071e-06 0.000527456 
4 7 7 0.370196 5.02447e-05 0.000263459 
5 7 7 0.370571 2.20849e-05 2.17782e-05 
6 7 7 0.370154 -6.12395e-05 -0.000157385 
7 7 7 0.369268 -0.000168342 -0.000264803 
8 7 7 0.368196 -0.00027316 -0.000308146 
9 7 7 0.367155 -0.000357712 -0.000303614 
10 7 7 0.366285 -0.000410051 -0.000265679 
11 7 7 0.365661 -0.000425412 -0.000206662 
12 7 7 0.365309 -0.000406067 -0.000139398 
13 7 7 0.365189 -0.000359726 -9.30104e-05 
14 7 7 0.364887 -0.000246544 -0.000381612 
15 7 7 0.382739 -0.000935441 0.0041404 
0 8 8 0.37102 -0.000598747 0.00114028 
1 8 8 0.375298 -0.000313312 0.00106495 
2 8 8 0.379 -8.51221e-05 0.000854175 
3 8 8 0.381682 4.80484e-05 0.00056526 
4 8 8 0.383174 8.27765e-05 0.000270269 
5 8 8 0.38358 3.46462e-05 2.58902e-05 
6 8 8 0.38317 -6.55937e-05 -0.000136332 
7 8 8 0.382275 -0.000185415 -0.000215984 
8 8 8 0.381189 -0.000298209 -0.000229317 
9 8 8 0.380135 -0.00038578 -0.000199009 
10 8 8 0.379256 -0.00043743 -0.000143987 
11 8 8 0.378631 -0.00044926 -7.83577e-05 
12 8 8 0.378286 -0.000423942 -1.47718e-05 
13 8 8 0.378176 -0.000368993 1.77393e-05 
14 8 8 0.37787 -0.000323111 -0.000322989 
15 8 8 0.397293 0.000217027 0.00413382 
0 9 9 0.254142 -0.000291641 0.000683097 
1 9 9 0.257089 -0.000108136 0.000606671 
2 9 9 0.259687 2.43033e-05 0.000468212 
3 9 9 0.261616 8.62149e-05 0.000301529 
4 9 9 0.262738 8.16917e-05 0.00014451 
5 9 9 0.263106 2.728e-05 2.42942e-05 
6 9 9 0.262899 -5.39359e-05 -4.64021e-05 
7 9 9 0.262338 -0.000140356 -7.14972e-05 
8 9 9 0.261628 -0.000215992 -6.30878e-05 
9 9 9 0.260922 -0.000270063 -3.63235e-05 
10 9 9 0.260324 -0.000298324 -2.13446e-06 
11 9 9 0.259889 -0.00029934 3.14886e-05 
12 9 9 0.259639 -0.000275934 5.89407e-05 
13 9 9 0.259554 -0.000236061 6.71651e-05 
14 9 9 0.259374 -0.000236263 -9.68021e-05 
15 9 9 0.268722 0.00128323 0.00388311 
0 10 10 0.0854479 -5.41205e-05 0.000150613 
1 10 10 0.0864478 -5.61632e-06 0.000127713 
2 10 10 0.0873651 2.59034e-05 9.54824e-05 
3 10 10 0.0880787 3.63394e-05 6.08333e-05 
4 10 10 0.088526 2.82406e-05 3.07424e-05 
5 10 10 0.0887094 8.29681e-06 1.0165e-05 
6 10 10 0.0886835 -1.71058e-05 1.77894e-07 
7 10 10 0.0885218 -4.18107e-05 -5.71282e-07 
8 10 10 0.0882926 -6.20021e-05 4.46913e-06 
9 10 10 0.0880512 -7.51479e-05 1.24531e-05 
10 10 10 0.0878483 -8.09848e-05 1.96459e-05 
11 10 10 0.0876885 -7.93932e-05 2.52514e-05 
12 10 10 0.0875877 -7.17476e-05 2.86007e-05 
13 10 10 0.0875414 -6.16505e-05 2.7718e-05 
14 10 10 0.0874604 -7.03522e-05 -4.98601e-06 
15 10 10 0.0863176 0.00116451 0.00176981 
0 11 11 0 0 0 
1 11 11 0 0 0 
2 11 11 0 0 0 
3 11 11 0 0 0 
4 11 11 0 0 0 
5 11 11 0 0 0 
6 11 11 0 0 0 
7 11 11 0 0 0 
8 11 11 0 0 0 
9 11 11 0 0 0 
10 11 11 0 0 0 
11 11 11 0 0 0 
12 11 11 0 0 0 
13 11 11 0 0 0 
14 11 11 0 0 0 
15 11 11 0 0 0 
0 12 12 0 0 0 
1 12 12 0 0 0 
2 12 12 0 0 0 
3 12 12 0 0 0 
4 12 12 0 0 0 
5 12 12 0 0 0 
6 12 12 0 0 0 
7 12 12 0 0 0 
8 12 12 0 0 0 
9 12 12 0 0 0 
10 12 12 0 0 0 
11 12 12 0 0 0 
12 12 12 0 0 0 
13 12 12 0 0 0 
14 12 12 0 0 0 
15 12 12 0 0 0 
0 13 13 0 0 0 
1 13 13 0 0 0 
2 13 13 0 0 0 
3 13 13 0 0 0 
4 13 13 0 0 0 
5 13 13 0 0 0 
6 13 13 0 0 0 
7 13 13 0 0 0 
8 13 13 0 0 0 
9 13 13 0 0 0 
10 13 13 0 0 0 
11 13 13 0 0 0 
12 13 13 0 0 0 
13 13 13 0 0 0 
14 13 13 0 0 0 
15 13 13 0 0 0 
0 14 14 0 0 0 
1 14 14 0 0 0 
2 14 14 0 0 0 
3 14 14 0 0 0 
4 14 14 0 0 0 
5 14 14 0 0 0 
6 14 14 0 0 0 
7 14 14 0 0 0 
8 14 14 0 0 0 
9 14 14 0 0 0 
10 14 14 0 0 0 
11 14 14 0 0 0 
12 14 14 0 0 0 
13 14 14 0 0 0 
14 14 14 0 0 0 
15 14 14 0 0 0 
0 15 15 0 0 0 
1 15 15 0 0 0 
2 15 15 0 0 0 
3 15 15 0 0 0 
4 15 15 0 0 0 
5 15 15 0 0 0 
6 15 15 0 0 0 
7 15 15 0 0 0 
8 15 15 0 0 0 
9 15 15 0 0 0 
10 15 15 0 0 0 
11 15 15 0 0 0 
12 15 15 0 0 0 
13 15 15 0 0 0 
14 15 15 0 0 0 
15 15 15 0 0 0 
0 0 0 0 0 0 
1 0 0 0 0 0 
2 0 0 0 0 0 
3 0 0 0 0 0 
4 0 0 0 0 0 
5 0 0 0 0 0 
6 0 0 0 0 0 
7 0 0 0 0 0 
8 0 0 0 0 0 
9 0 0 0 0 0 
10 0 0 0 0 0 
11 0 0 0 0 0 
12 0 0 0 0 0 
13 0 0 0 0 0 
14 0 0 0 0 0 
15 0 0 0 0 0 
0 1 1 0 0 0 
1 1 1 0 0 0 
2 1 1 0 0 0 
3 1 1 0 0 0 
4 1 1 0 0 0 
5 1 1 0 0 0 
6 1 1 0 0 0 
7 1 1 0 0 0 
8 1 1 0 0 0 
9 1 1 0 0 0 
10 1 1 0 0 0 
11 1 1 0 0 0 
12 1 1 0 0 0 
13 1 1 0 0 0 
14 1 1 0 0 0 
15 1 1 0 0 0 
0 2 2 0 0 0 
1 2 2 0 0 0 
2 2 2 0 0 0 
3 2 2 0 0 0 
4 2 2 0 0 0 
5 2 2 0 0 0 
6 2 2 0 0 0 
7 2 2 0 0 0 
8 2 2 0 0 0 
9 2 2 0 0 0 
10 2 2 0 0 0 
11 2 2 0 0 0 
12 2 2 0 0 0 
13 2 2 0 0 0 
14 2 2 0 0 0 
15 2 2 0 0 0 
0 3 3 0 0 0 
1 3 3 0 0 0 
2 3 3 0 0 0 
3 3 3 0 0 0 
4 3 3 0 0 0 
5 3 3 0 0 0 
6 3 3 0 0 0 
7 3 3 0 0 0 
8 3 3 0 0 0 
9 3 3 0 0 0 
10 3 3 0 0 0 
11 3 3 0 0 0 
12 3 3 0 0 0 
13 3 3 0 0 0 
14 3 3 0 0 0 
15 3 3 0 0 0 
0 4 4 0 0 0 
1 4 4 0 0 0 
2 4 4 0 0 0 
3 4 4 0 0 0 
4 4 4 0 0 0 
5 4 4 0 0 0 
6 4 4 0 0 0 
7 4 4 0 0 0 
8 4 4 0 0 0 
9 4 4 0 0 0 
10 4 4 0 0 0 
11 4 4 0 0 0 
12 4 4 0 0 0 
13 4 4 0 0 0 
14 4 4 0 0 0 
15 4 4 0 0 0 
0 5 5 0 0 0 
1 5 5 0 0 0 
2 5 5 0 0 0 
3 5 5 0 0 0 
4 5 5 0 0 0 
5 5 5 0 0 0 
6 5 5 0 0 0 
7 5 5 0 0 0 
8 5 5 0 0 0 
9 5 5 0 0 0 
10 5 5 0 0 0 
11 5 5 0 0 0 
12 5 5 0 0 0 
13 5 5 0 0 0 
14 5 5 0 0 0 
15 5 5 0 0 0 
0 6 6 0 0 0 
1 6 6 0 0 0 
2 6 6 0 0 0 
3 6 6 0 0 0 
4 6 6 0 0 0 
5 6 6 0 0 0 
6 6 6 0 0 0 
7 6 6 0 0 0 
8 6 6 0 0 0 
9 6 6 0 0 0 
10 6 6 0 0 0 
11 6 6 0 0 0 
12 6 6 0 0 0 
13 6 6 0 0 0 
14 6 6 0 0 0 
15 6 6 0 0 0 
0 7 7 0 0 0 
1 7 7 0 0 0 
2 7 7 0 0 0 
3 7 7 0 0 0 
4 7 7 0 0 0 
5 7 7 0 0 0 
6 7 7 0 0 0 
7 7 7 0 0 0 
8 7 7 0 0 0 
9 7 7 0 0 0 
10 7 7 0 0 0 
11 7 7 0 0 0 
12 7 7 0 0 0 
13 7 7 0 0 0 
14 7 7 0 0 0 
15 7 7 0 0 0 
0 8 8 0 0 0 
1 8 8 0 0 0 
2 8 8 0 0 0 
3 8 8 0 0 0 
4 8 8 0 0 0 
5 8 8 0 0 0 
6 8 8 0 0 0 
7 8 8 0 0 0 
8 8 8 0 0 0 
9 8 8 0 0 0 
10 8 8 0 0 0 
11 8 8 0 0 0 
12 8 8 0 0 0 
13 8 8 0 0 0 
14 8 8 0 0 0 
15 8 8 0 0 0 
0 9 9 0 0 0 
1 9 9 0 0 0 
2 9 9 0 0 0 
3 9 9 0 0 0 
4 9 9 0 0 0 
5 9 9 0 0 0 
6 9 9 0 0 0 
7 9 9 0 0 0 
8 9 9 0 0 0 
9 9 9 0 0 0 
10 9 9 0 0 0 
11 9 9 0 0 0 
12 9 9 0 0 0 
13 9 9 0 0 0 
14 9 9 0 0 0 
15 9 9 0 0 0 
0 10 10 0 0 0 
1 10 10 0 0 0 
2 10 10 0 0 0 
3 10 10 0 0 0 
4 10 10 0 0 0 
5 10 10 0 0 0 
6 10 10 0 0 0 
7 10 10 0 0 0 
8 10 10 0 0 0 
9 10 10 0 0 0 
10 10 10 0 0 0 
11 10 10 0 0 0 
12 10 10 0 0 0 
13 10 10 0 0 0 
14 10 10 0 0 0 
15 10 10 0 0 0 
0 11 11 0 0 0 
1 11 11 0 0 0 
2 11 11 0 0 0 
3 11 11 0 0 0 
4 11 11 0 0 0 
5 11 11 0 0 0 
6 11 11 0 0 0 
7 11 11 0 0 0 
8 11 11 0 0 0 
9 11 11 0 0 0 
10 11 11 0 0 0 
11 11 11 0 0 0 
12 11 11 0 0 0 
13 11 11 0 0 0 
14 11 11 0 0 0 
15 11 11 0 0 0 
0 12 12 0 0 0 
1 12 12 0 0 0 
2 12 12 0 0 0 
3 12 12 0 0 0 
4 12 12 0 0 0 
5 12 12 0 0 0 
6 12 12 0 0 0 
7 12 12 0 0 0 
8 12 12 0 0 0 
9 12 12 0 0 0 
10 12 12 0 0 0 
11 12 12 0 0 0 
12 12 12 0 0 0 
13 12 12 0 0 0 
14 12 12 0 0 0 
15 12 12 0 0 0 
0 13 13 0 0 0 
1 13 13 0 0 0 
2 13 13 0 0 0 
3 13 13 0 0 0 
4 13 13 0 0 0 
5 13 13 0 0 0 
6 13 13 0 0 0 
7 13 13 0 0 0 
8 13 13 0 0 0 
9 13 13 0 0 0 
10 13 13 0 0 0 
11 13 13 0 0 0 
12 13 13 0 0 0 
13 13 13 0 0 0 
14 13 13 0 0 0 
15 13 13 0 0 0 
0 14 14 0 0 0 
1 14 14 0 0 0 
2 14 14 0 0 0 
3 14 14 0 0 0 
4 14 14 0 0 0 
5 14 14 0 0 0 
6 14 14 0 0 0 
7 14 14 0 0 0 
8 14 14 0 0 0 
9 14 14 0 0 0 
10 14 14 0 0 0 
11 14 14 0 0 0 
12 14 14 0 0 0 
13 14 14 0 0 0 
14 14 14 0 0 0 
15 14 14 0 0 0 
0 15 15 0 0 0 
1 15 15 0 0 0 
2 15 15 0 0 0 
3 15 15 0 0 0 
4 15 15 0 0 0 
5 15 15 0 0 0 
6 15 15 0 0 0 
7 15 15 0 0 0 
8 15 15 0 0 0 
9 15 15 0 0 0 
10 15 15 0 0 0 
11 15 15 0 0 0 
12 15 15 0 0 0 
13 15 15 0 0 0 
14 15 15 0 0 0 
15 15 15 0 0 0 
0 0 0 0 0 0 
1 0 0 0 0 0 
2 0 0 0 0 0 
3 0 0 0 0 0 
4 0 0 0 0 0 
5 0 0 0 0 0 
6 0 0 0 0 0 
7 0 0 0 0 0 
8 0 0 0 0 0 
9 0 0 0 0 0 
10 0 0 0 0 0 
11 0 0 0 0 0 
12 0 0 0 0 0 
13 0 0 0 0 0 
14 0 0 0 0 0 
15 0 0 0 0 0 
0 1 1 0 0 0 
1 1 1 0 0 0 
2 1 1 0 0 0 
3 1 1 0 0 0 
4 1 1 0 0 0 
5 1 1 0 0 0 
6 1 1 0 0 0 
7 1 1 0 0 0 
8 1 1 0 0 0 
9 1 1 0 0 0 
10 1 1 0 0 0 
11 1 1 0 0 0 
12 1 1 0 0 0 
13 1 1 0 0 0 
14 1 1 0 0 0 
15 1 1 0 0 0 
0 2 2 0 0 0 
1 2 2 0 0 0 
2 2 2 0 0 0 
3 2 2 0 0 0 
4 2 2 0 0 0 
5 2 2 0 0 0 
6 2 2 0 0 0 
7 2 2 0 0 0 
8 2 2 0 0 0 
9 2 2 0 0 0 
10 2 2 0 0 0 
11 2 2 0 0 0 
12 2 2 0 0 0 
13 2 2 0 0 0 
14 2 2 0 0 0 
15 2 2 0 0 0 
0 3 3 0 0 0 
1 3 3 0 0 0 
2 3 3 0 0 0 
3 3 3 0 0 0 
4 3 3 0 0 0 
5 3 3 0 0 0 
6 3 3 0 0 0 
7 3 3 0 0 0 
8 3 3 0 0 0 
9 3 3 0 0 0 
10 3 3 0 0 0 
11 3 3 0 0 0 
12 3 3 0 0 0 
13 3 3 0 0 0 
14 3 3 0 0 0 
15 3 3 0 0 0 
0 4 4 0 0 0 
1 4 4 0 0 0 
2 4 4 0 0 0 
3 4 4 0 0 0 
4 4 4 0 0 0 
5 4 4 0 0 0 
6 4 4 0 0 0 
7 4 4 0 0 0 
8 4 4 0 0 0 
9 4 4 0 0 0 
10 4 4 0 0 0 
11 4 4 0 0 0 
12 4 4 0 0 0 
13 4 4 0 0 0 
14 4 4 0 0 0 
15 4 4 0 0 0 
0 5 5 0 0 0 
1 5 5 0 0 0 
2 5 5 0 0 0 
3 5 5 0 0 0 
4 5 5 0 0 0 
5 5 5 0 0 0 
6 5 5 0 0 0 
7 5 5 0 0 0 
8 5 5 0 0 0 
9 5 5 0 0 0 
10 5 5 0 0 0 
11 5 5 0 0 0 
12 5 5 0 0 0 
13 5 5 0 0 0 
14 5 5 0 0 0 
15 5 5 0 0 0 
0 6 6 0 0 0 
1 6 6 0 0 0 
2 6 6 0 0 0 
3 6 6 0 0 0 
4 6 6 0 0 0 
5 6 6 0 0 0 
6 6 6 0 0 0 
7 6 6 0 0 0 
8 6 6 0 0 0 
9 6 6 0 0 0 
10 6 6 0 0 0 
11 6 6 0 0 0 
12 6 6 0 0 0 
13 6 6 0 0 0 
14 6 6 0 0 0 
15 6 6 0 0 0 
0 7 7 0 0 0 
1 7 7 0 0 0 
2 7 7 0 0 0 
3 7 7 0 0 0 
4 7 7 0 0 0 
5 7 7 0 0 0 
6 7 7 0 0 0 
7 7 7 0 0 0 
8 7 7 0 0 0 
9 7 7 0 0 0 
10 7 7 0 0 0 
11 7 7 0 0 0 
12 7 7 0 0 0 
13 7 7 0 0 0 
14 7 7 0 0 0 
15 7 7 0 0 0 
0 8 8 0 0 0 
1 8 8 0 0 0 
2 8 8 0 0 0 
3 8 8 0 0 0 
4 8 8 0 0 0 
5 8 8 0 0 0 
6 8 8 0 0 0 
7 8 8 0 0 0 
8 8 8 0 0 0 
9 8 8 0 0 0 
10 8 8 0 0 0 
11 8 8 0 0 0 
12 8 8 0 0 0 
13 8 8 0 0 0 
14 8 8 0 0 0 
15 8 8 0 0 0 
0 9 9 0 0 0 
1 9 9 0 0 0 
2 9 9 0 0 0 
3 9 9 0 0 0 
4 9 9 0 0 0 
5 9 9 0 0 0 
6 9 9 0 0 0 
7 9 9 0 0 0 
8 9 9 0 0 0 
9 9 9 0 0 0 
10 9 9 0 0 0 
11 9 9 0 0 0 
12 9 9 0 0 0 
13 9 9 0 0 0 
14 9 9 0 0 0 
15 9 9 0 0 0 
0 10 10 0 0 0 
1 10 10 0 0 0 
2 10 10 0 0 0 
3 10 10 0 0 0 
4 10 10 0 0 0 
5 10 10 0 0 0 
6 10 10 0 0 0 
7 10 10 0 0 0 
8 10 10 0 0 0 
9 10 10 0 0 0 
10 10 10 0 0 0 
11 10 10 0 0 0 
12 10 10 0 0 0 
13 10 10 0 0 0 
14 10 10 0 0 0 
15 10 10 0 0 0 
0 11 11 0 0 0 
1 11 11 0 0 0 
2 11 11 0 0 0 
3 11 11 0 0 0 
4 11 11 0 0 0 
5 11 11 0 0 0 
6 11 11 0 0 0 
7 11 11 0 0 0 
8 11 11 0 0 0 
9 11 11 0 0 0 
10 11 11 0 0 0 
11 11 11 0 0 0 
12 11 11 0 0 0 
13 11 11 0 0 0 
14 11 11 0 0 0 
15 11 11 0 0 0 
0 12 12 0 0 0 
1 12 12 0 0 0 
2 12 12 0 0 0 
3 12 12 0 0 0 
4 12 12 0 0 0 
5 12 12 0 0 0 
6 12 12 0 0 0 
7 12 12 0 0 0 
8 12 12 0 0 0 
9 12 12 0 0 0 
10 12 12 0 0 0 
11 12 12 0 0 0 
12 12 12 0 0 0 
13 12 12 0 0 0 
14 12 12 0 0 0 
15 12 12 0 0 0 
0 13 13 0 0 0 
1 13 13 0 0 0 
2 13 13 0 0 0 
3 13 13 0 0 0 
4 13 13 0 0 0 
5 13 13 0 0 0 
6 13 13 0 0 0 
7 13 13 0 0 0 
8 13 13 0 0 0 
9 13 13 0 0 0 
10 13 13 0 0 0 
11 13 13 0 0 0 
12 13 13 0 0 0 
13 13 13 0 0 0 
14 13 13 0 0 0 
15 13 13 0 0 0 
0 14 14 0 0 0 
1 14 14 0 0 0 
2 14 14 0 0 0 
3 14 14 0 0 0 
4 14 14 0 0 0 
5 14 14 0 0 0 
6 14 14 0 0 0 
7 14 14 0 0 0 
8 14 14 0 0 0 
9 14 14 0 0 0 
10 14 14 0 0 0 
11 14 14 0 0 0 
12 14 14 0 0 0 
13 14 14 0 0 0 
14 14 14 0 0 0 
15 14 14 0 0 0 
0 15 15 0 0 0 
1 15 15 0 0 0 
2 15 15 0 0 0 
3 15 15 0 0 0 
4 15 15 0 0 0 
5 15 15 0 0 0 
6 15 15 0 0 0 
7 15 15 0 0 0 
8 15 15 0 0 0 
9 15 15 0 0 0 
10 15 15 0 0 0 
11 15 15 0 0 0 
12 15 15 0 0 0 
13 15 15 0 0 0 
14 15 15 0 0 0 
15 15 15 0 0 0 
0 0 0 0 0 0 
1 0 0 0 0 0 
2 0 0 0 0 0 
3 0 0 0 0 0 
4 0 0 0 0 0 
5 0 0 0 0 0 
6 0 0 0 0 0 
7 0 0 0 0 0 
8 0 0 0 0 0 
9 0 0 0 0 0 
10 0 0 0 0 0 
11 0 0 0 0 0 
12 0 0 0 0 0 
13 0 0 0 0 0 
14 0 0 0 0 0 
15 0 0 0 0 0 
0 1 1 0 0 0 
1 1 1 0 0 0 
2 1 1 0 0 0 
3 1 1 0 0 0 
4 1 1 0 0 0 
5 1 1 0 0 0 
6 1 1 0 0 0 
7 1 1 0 0 0 
8 1 1 0 0 0 
9 1 1 0 0 0 
10 1 1 0 0 0 
11 1 1 0 0 0 
12 1 1 0 0 0 
13 1 1 0 0 0 
14 1 1 0 0 0 
15 1 1 0 0 0 
0 2 2 0 0 0 
1 2 2 0 0 0 
2 2 2 0 0 0 
3 2 2 0 0 0 
4 2 2 0 0 0 
5 2 2 0 0 0 
6 2 2 0 0 0 
7 2 2 0 0 0 
8 2 2 0 0 0 
9 2 2 0 0 0 
10 2 2 0 0 0 
11 2 2 0 0 0 
12 2 2 0 0 0 
13 2 2 0 0 0 
14 2 2 0 0 0 
15 2 2 0 0 0 
0 3 3 0 0 0 
1 3 3 0 0 0 
2 3 3 0 0 0 
3 3 3 0 0 0 
4 3 3 0 0 0 
5 3 3 0 0 0 
6 3 3 0 0 0 
7 3 3 0 0 0 
8 3 3 0 0 0 
9 3 3 0 0 0 
10 3 3 0 0 0 
11 3 3 0 0 0 
12 3 3 0 0 0 
13 3 3 0 0 0 
14 3 3 0 0 0 
15 3 3 0 0 0 
0 4 4 0 0 0 
1 4 4 0 0 0 
2 4 4 0 0 0 
3 4 4 0 0 0 
4 4 4 0 0 0 
5 4 4 0 0 0 
6 4 4 0 0 0 
7 4 4 0 0 0 
8 4 4 0 0 0 
9 4 4 0 0 0 
10 4 4 0 0 0 
11 4 4 0 0 0 
12 4 4 0 0 0 
13 4 4 0 0 0 
14 4 4 0 0 0 
15 4 4 0 0 0 
0 5 5 0 0 0 
1 5 5 0 0 0 
2 5 5 0 0 0 
3 5 5 0 0 0 
4 5 5 0 0 0 
5 5 5 0 0 0 
6 5 5 0 0 0 
7 5 5 0 0 0 
8 5 5 0 0 0 
9 5 5 0 0 0 
10 5 5 0 0 0 
11 5 5 0 0 0 
12 5 5 0 0 0 
13 5 5 0 0 0 
14 5 5 0 0 0 
15 5 5 0 0 0 
0 6 6 0 0 0 
1 6 6 0 0 0 
2 6 6 0 0 0 
3 6 6 0 0 0 
4 6 6 0 0 0 
5 6 6 0 0 0 
6 6 6 0 0 0 
7 6 6 0 0 0 
8 6 6 0 0 0 
9 6 6 0 0 0 
10 6 6 0 0 0 
11 6 6 0 0 0 
12 6 6 0 0 0 
13 6 6 0 0 0 
14 6 6 0 0 0 
15 6 6 0 0 0 
0 7 7 0 0 0 
1 7 7 0 0 0 
2 7 7 0 0 0 
3 7 7 0 0 0 
4 7 7 0 0 0 
5 7 7 0 0 0 
6 7 7 0 0 0 
7 7 7 0 0 0 
8 7 7 0 0 0 
9 7 7 0 0 0 
10 7 7 0 0 0 
11 7 7 0 0 0 
12 7 7 0 0 0 
13 7 7 0 0 0 
14 7 7 0 0 0 
15 7 7 0 0 0 
0 8 8 0 0 0 
1 8 8 0 0 0 
2 8 8 0 0 0 
3 8 8 0 0 0 
4 8 8 0 0 0 
5 8 8 0 0 0 
6 8 8 0 0 0 
7 8 8 0 0 0 
8 8 8 0 0 0 
9 8 8 0 0 0 
10 8 8 0 0 0 
11 8 8 0 0 0 
12 8 8 0 0 0 
13 8 8 0 0 0 
14 8 8 0 0 0 
15 8 8 0 0 0 
0 9 9 0 0 0 
1 9 9 0 0 0 
2 9 9 0 0 0 
3 9 9 0 0 0 
4 9 9 0 0 0 
5 9 9 0 0 0 
6 9 9 0 0 0 
7 9 9 0 0 0 
8 9 9 0 0 0 
9 9 9 0 0 0 
10 9 9 0 0 0 
11 9 9 0 0 0 
12 9 9 0 0 0 
13 9 9 0 0 0 
14 9 9 0 0 0 
15 9 9 0 0 0 
0 10 10 0 0 0 
1 10 10 0 0 0 
2 10 10 0 0 0 
3 10 10 0 0 0 
4 10 10 0 0 0 
5 10 10 0 0 0 
6 10 10 0 0 0 
7 10 10 0 0 0 
8 10 10 0 0 0 
9 10 10 0 0 0 
10 10 10 0 0 0 
11 10 10 0 0 0 
12 10 10 0 0 0 
13 10 10 0 0 0 
14 10 10 0 0 0 
15 10 10 0 0 0 
0 11 11 0 0 0 
1 11 11 0 0 0 
2 11 11 0 0 0 
3 11 11 0 0 0 
4 11 11 0 0 0 
5 11 11 0 0 0 
6 11 11 0 0 0 
7 11 11 0 0 0 
8 11 11 0 0 0 
9 11 11 0 0 0 
10 11 11 0 0 0 
11 11 11 0 0 0 
12 11 11 0 0 0 
13 11 11 0 0 0 
14 11 11 0 0 0 
15 11 11 0 0 0 
0 12 12 0 0 0 
1 12 12 0 0 0 
2 12 12 0 0 0 
3 12 12 0 0 0 
4 12 12 0 0 0 
5 12 12 0 0 0 
6 12 12 0 0 0 
7 12 12 0 0 0 
8 12 12 0 0 0 
9 12 12 0 0 0 
10 12 12 0 0 0 
11 12 12 0 0 0 
12 12 12 0 0 0 
13 12 12 0 0 0 
14 12 12 0 0 0 
15 12 12 0 0 0 
0 13 13 0 0 0 
1 13 13 0 0 0 
2 13 13 0 0 0 
3 13 13 0 0 0 
4 13 13 0 0 0 
5 13 13 0 0 0 
6 13 13 0 0 0 
7 13 13 0 0 0 
8 13 13 0 0 0 
9 13 13 0 0 0 
10 13 13 0 0 0 
11 13 13 0 0 0 
12 13 13 0 0 0 
13 13 13 0 0 0 
14 13 13 0 0 0 
15 13 13 0 0 0 
0 14 14 0 0 0 
1 14 14 0 0 0 
2 14 14 0 0 0 
3 14 14 0 0 0 
4 14 14 0 0 0 
5 14 14 0 0 0 
6 14 14 0 0 0 
7 14 14 0 0 0 
8 14 14 0 0 0 
9 14 14 0 0 0 
10 14 14 0 0 0 
11 14 14 0 0 0 
12 14 14 0 0 0 
13 14 14 0 0 0 
14 14 14 0 0 0 
15 14 14 0 0 0 
0 15 15 0 0 0 
1 15 15 0 0 0 
2 15 15 0 0 0 
3 15 15 0 0 0 
4 15 15 0 0 0 
5 15 15 0 0 0 
6 15 15 0 0 0 
7 15 15 0 0 0 
8 15 15 0 0 0 
9 15 15 0 0 0 
10 15 15 0 0 0 
11 15 15 0 0 0 
12 15 15 0 0 0 
13 15 15 0 0 0 
14 15 15 0 0 0 
15 15 15 0 0 0 
