0 0 0 0 0 0 
1 0 0 0 0 0 
2 0 0 0 0 0 
3 0 0 0 0 0 
4 0 0 0 0 0 
5 0 0 0 0 0 
6 0 0 0 0 0 
7 0 0 0 0 0 
8 0 0 0 0 0 
9 0 0 0 0 0 
10 0 0 0 0 0 
11 0 0 0 0 0 
12 0 0 0 0 0 
13 0 0 0 0 0 
14 0 0 0 0 0 
15 0 0 0 0 0 
0 1 1 0 0 0 
1 1 1 0 0 0 
2 1 1 0 0 0 
3 1 1 0 0 0 
4 1 1 0 0 0 
5 1 1 0 0 0 
6 1 1 0 0 0 
7 1 1 0 0 0 
8 1 1 0 0 0 
9 1 1 0 0 0 
10 1 1 0 0 0 
11 1 1 0 0 0 
12 1 1 0 0 0 
13 1 1 0 0 0 
14 1 1 0 0 0 
15 1 1 0 0 0 
0 2 2 0 0 0 
1 2 2 0 0 0 
2 2 2 0 0 0 
3 2 2 0 0 0 
4 2 2 0 0 0 
5 2 2 0 0 0 
6 2 2 0 0 0 
7 2 2 0 0 0 
8 2 2 0 0 0 
9 2 2 0 0 0 
10 2 2 0 0 0 
11 2 2 0 0 0 
12 2 2 0 0 0 
13 2 2 0 0 0 
14 2 2 0 0 0 
15 2 2 0 0 0 
0 3 3 0 0 0 
1 3 3 0 0 0 
2 3 3 0 0 0 
3 3 3 0 0 0 
4 3 3 0 0 0 
5 3 3 0 0 0 
6 3 3 0 0 0 
7 3 3 0 0 0 
8 3 3 0 0 0 
9 3 3 0 0 0 
10 3 3 0 0 0 
11 3 3 0 0 0 
12 3 3 0 0 0 
13 3 3 0 0 0 
14 3 3 0 0 0 
15 3 3 0 0 0 
0 4 4 0 0 0 
1 4 4 0 0 0 
2 4 4 0 0 0 
3 4 4 0 0 0 
4 4 4 0 0 0 
5 4 4 0 0 0 
6 4 4 0 0 0 
7 4 4 0 0 0 
8 4 4 0 0 0 
9 4 4 0 0 0 
10 4 4 0 0 0 
11 4 4 0 0 0 
12 4 4 0 0 0 
13 4 4 0 0 0 
14 4 4 0 0 0 
15 4 4 0 0 0 
0 5 5 0 0 0 
1 5 5 0 0 0 
2 5 5 0 0 0 
3 5 5 0 0 0 
4 5 5 0 0 0 
5 5 5 0 0 0 
6 5 5 0 0 0 
7 5 5 0 0 0 
8 5 5 0 0 0 
9 5 5 0 0 0 
10 5 5 0 0 0 
11 5 5 0 0 0 
12 5 5 0 0 0 
13 5 5 0 0 0 
14 5 5 0 0 0 
15 5 5 0 0 0 
0 6 6 0 0 0 
1 6 6 0 0 0 
2 6 6 0 0 0 
3 6 6 0 0 0 
4 6 6 0 0 0 
5 6 6 0 0 0 
6 6 6 0 0 0 
7 6 6 0 0 0 
8 6 6 0 0 0 
9 6 6 0 0 0 
10 6 6 0 0 0 
11 6 6 0 0 0 
12 6 6 0 0 0 
13 6 6 0 0 0 
14 6 6 0 0 0 
15 6 6 0 0 0 
0 7 7 0 0 0 
1 7 7 0 0 0 
2 7 7 0 0 0 
3 7 7 0 0 0 
4 7 7 0 0 0 
5 7 7 0 0 0 
6 7 7 0 0 0 
7 7 7 0 0 0 
8 7 7 0 0 0 
9 7 7 0 0 0 
10 7 7 0 0 0 
11 7 7 0 0 0 
12 7 7 0 0 0 
13 7 7 0 0 0 
14 7 7 0 0 0 
15 7 7 0 0 0 
0 8 8 0 0 0 
1 8 8 0 0 0 
2 8 8 0 0 0 
3 8 8 0 0 0 
4 8 8 0 0 0 
5 8 8 0 0 0 
6 8 8 0 0 0 
7 8 8 0 0 0 
8 8 8 0 0 0 
9 8 8 0 0 0 
10 8 8 0 0 0 
11 8 8 0 0 0 
12 8 8 0 0 0 
13 8 8 0 0 0 
14 8 8 0 0 0 
15 8 8 0 0 0 
0 9 9 0 0 0 
1 9 9 0 0 0 
2 9 9 0 0 0 
3 9 9 0 0 0 
4 9 9 0 0 0 
5 9 9 0 0 0 
6 9 9 0 0 0 
7 9 9 0 0 0 
8 9 9 0 0 0 
9 9 9 0 0 0 
10 9 9 0 0 0 
11 9 9 0 0 0 
12 9 9 0 0 0 
13 9 9 0 0 0 
14 9 9 0 0 0 
15 9 9 0 0 0 
0 10 10 0 0 0 
1 10 10 0 0 0 
2 10 10 0 0 0 
3 10 10 0 0 0 
4 10 10 0 0 0 
5 10 10 0 0 0 
6 10 10 0 0 0 
7 10 10 0 0 0 
8 10 10 0 0 0 
9 10 10 0 0 0 
10 10 10 0 0 0 
11 10 10 0 0 0 
12 10 10 0 0 0 
13 10 10 0 0 0 
14 10 10 0 0 0 
15 10 10 0 0 0 
0 11 11 0 0 0 
1 11 11 0 0 0 
2 11 11 0 0 0 
3 11 11 0 0 0 
4 11 11 0 0 0 
5 11 11 0 0 0 
6 11 11 0 0 0 
7 11 11 0 0 0 
8 11 11 0 0 0 
9 11 11 0 0 0 
10 11 11 0 0 0 
11 11 11 0 0 0 
12 11 11 0 0 0 
13 11 11 0 0 0 
14 11 11 0 0 0 
15 11 11 0 0 0 
0 12 12 0 0 0 
1 12 12 0 0 0 
2 12 12 0 0 0 
3 12 12 0 0 0 
4 12 12 0 0 0 
5 12 12 0 0 0 
6 12 12 0 0 0 
7 12 12 0 0 0 
8 12 12 0 0 0 
9 12 12 0 0 0 
10 12 12 0 0 0 
11 12 12 0 0 0 
12 12 12 0 0 0 
13 12 12 0 0 0 
14 12 12 0 0 0 
15 12 12 0 0 0 
0 13 13 0 0 0 
1 13 13 0 0 0 
2 13 13 0 0 0 
3 13 13 0 0 0 
4 13 13 0 0 0 
5 13 13 0 0 0 
6 13 13 0 0 0 
7 13 13 0 0 0 
8 13 13 0 0 0 
9 13 13 0 0 0 
10 13 13 0 0 0 
11 13 13 0 0 0 
12 13 13 0 0 0 
13 13 13 0 0 0 
14 13 13 0 0 0 
15 13 13 0 0 0 
0 14 14 0 0 0 
1 14 14 0 0 0 
2 14 14 0 0 0 
3 14 14 0 0 0 
4 14 14 0 0 0 
5 14 14 0 0 0 
6 14 14 0 0 0 
7 14 14 0 0 0 
8 14 14 0 0 0 
9 14 14 0 0 0 
10 14 14 0 0 0 
11 14 14 0 0 0 
12 14 14 0 0 0 
13 14 14 0 0 0 
14 14 14 0 0 0 
15 14 14 0 0 0 
0 15 15 0 0 0 
1 15 15 0 0 0 
2 15 15 0 0 0 
3 15 15 0 0 0 
4 15 15 0 0 0 
5 15 15 0 0 0 
6 15 15 0 0 0 
7 15 15 0 0 0 
8 15 15 0 0 0 
9 15 15 0 0 0 
10 15 15 0 0 0 
11 15 15 0 0 0 
12 15 15 0 0 0 
13 15 15 0 0 0 
14 15 15 0 0 0 
15 15 15 0 0 0 
0 0 0 0 0 0 
1 0 0 0 0 0 
2 0 0 0 0 0 
3 0 0 0 0 0 
4 0 0 0 0 0 
5 0 0 0 0 0 
6 0 0 0 0 0 
7 0 0 0 0 0 
8 0 0 0 0 0 
9 0 0 0 0 0 
10 0 0 0 0 0 
11 0 0 0 0 0 
12 0 0 0 0 0 
13 0 0 0 0 0 
14 0 0 0 0 0 
15 0 0 0 0 0 
0 1 1 0 0 0 
1 1 1 0 0 0 
2 1 1 0 0 0 
3 1 1 0 0 0 
4 1 1 0 0 0 
5 1 1 0 0 0 
6 1 1 0 0 0 
7 1 1 0 0 0 
8 1 1 0 0 0 
9 1 1 0 0 0 
10 1 1 0 0 0 
11 1 1 0 0 0 
12 1 1 0 0 0 
13 1 1 0 0 0 
14 1 1 0 0 0 
15 1 1 0 0 0 
0 2 2 0 0 0 
1 2 2 0 0 0 
2 2 2 0 0 0 
3 2 2 0 0 0 
4 2 2 0 0 0 
5 2 2 0 0 0 
6 2 2 0 0 0 
7 2 2 0 0 0 
8 2 2 0 0 0 
9 2 2 0 0 0 
10 2 2 0 0 0 
11 2 2 0 0 0 
12 2 2 0 0 0 
13 2 2 0 0 0 
14 2 2 0 0 0 
15 2 2 0 0 0 
0 3 3 0 0 0 
1 3 3 0 0 0 
2 3 3 0 0 0 
3 3 3 0 0 0 
4 3 3 0 0 0 
5 3 3 0 0 0 
6 3 3 0 0 0 
7 3 3 0 0 0 
8 3 3 0 0 0 
9 3 3 0 0 0 
10 3 3 0 0 0 
11 3 3 0 0 0 
12 3 3 0 0 0 
13 3 3 0 0 0 
14 3 3 0 0 0 
15 3 3 0 0 0 
0 4 4 0 0 0 
1 4 4 0 0 0 
2 4 4 0 0 0 
3 4 4 0 0 0 
4 4 4 0 0 0 
5 4 4 0 0 0 
6 4 4 0 0 0 
7 4 4 0 0 0 
8 4 4 0 0 0 
9 4 4 0 0 0 
10 4 4 0 0 0 
11 4 4 0 0 0 
12 4 4 0 0 0 
13 4 4 0 0 0 
14 4 4 0 0 0 
15 4 4 0 0 0 
0 5 5 0 0 0 
1 5 5 0 0 0 
2 5 5 0 0 0 
3 5 5 0 0 0 
4 5 5 0 0 0 
5 5 5 0 0 0 
6 5 5 0 0 0 
7 5 5 0 0 0 
8 5 5 0 0 0 
9 5 5 0 0 0 
10 5 5 0 0 0 
11 5 5 0 0 0 
12 5 5 0 0 0 
13 5 5 0 0 0 
14 5 5 0 0 0 
15 5 5 0 0 0 
0 6 6 0 0 0 
1 6 6 0 0 0 
2 6 6 0 0 0 
3 6 6 0 0 0 
4 6 6 0 0 0 
5 6 6 0 0 0 
6 6 6 0 0 0 
7 6 6 0 0 0 
8 6 6 0 0 0 
9 6 6 0 0 0 
10 6 6 0 0 0 
11 6 6 0 0 0 
12 6 6 0 0 0 
13 6 6 0 0 0 
14 6 6 0 0 0 
15 6 6 0 0 0 
0 7 7 0 0 0 
1 7 7 0 0 0 
2 7 7 0 0 0 
3 7 7 0 0 0 
4 7 7 0 0 0 
5 7 7 0 0 0 
6 7 7 0 0 0 
7 7 7 0 0 0 
8 7 7 0 0 0 
9 7 7 0 0 0 
10 7 7 0 0 0 
11 7 7 0 0 0 
12 7 7 0 0 0 
13 7 7 0 0 0 
14 7 7 0 0 0 
15 7 7 0 0 0 
0 8 8 0 0 0 
1 8 8 0 0 0 
2 8 8 0 0 0 
3 8 8 0 0 0 
4 8 8 0 0 0 
5 8 8 0 0 0 
6 8 8 0 0 0 
7 8 8 0 0 0 
8 8 8 0 0 0 
9 8 8 0 0 0 
10 8 8 0 0 0 
11 8 8 0 0 0 
12 8 8 0 0 0 
13 8 8 0 0 0 
14 8 8 0 0 0 
15 8 8 0 0 0 
0 9 9 0 0 0 
1 9 9 0 0 0 
2 9 9 0 0 0 
3 9 9 0 0 0 
4 9 9 0 0 0 
5 9 9 0 0 0 
6 9 9 0 0 0 
7 9 9 0 0 0 
8 9 9 0 0 0 
9 9 9 0 0 0 
10 9 9 0 0 0 
11 9 9 0 0 0 
12 9 9 0 0 0 
13 9 9 0 0 0 
14 9 9 0 0 0 
15 9 9 0 0 0 
0 10 10 0 0 0 
1 10 10 0 0 0 
2 10 10 0 0 0 
3 10 10 0 0 0 
4 10 10 0 0 0 
5 10 10 0 0 0 
6 10 10 0 0 0 
7 10 10 0 0 0 
8 10 10 0 0 0 
9 10 10 0 0 0 
10 10 10 0 0 0 
11 10 10 0 0 0 
12 10 10 0 0 0 
13 10 10 0 0 0 
14 10 10 0 0 0 
15 10 10 0 0 0 
0 11 11 0 0 0 
1 11 11 0 0 0 
2 11 11 0 0 0 
3 11 11 0 0 0 
4 11 11 0 0 0 
5 11 11 0 0 0 
6 11 11 0 0 0 
7 11 11 0 0 0 
8 11 11 0 0 0 
9 11 11 0 0 0 
10 11 11 0 0 0 
11 11 11 0 0 0 
12 11 11 0 0 0 
13 11 11 0 0 0 
14 11 11 0 0 0 
15 11 11 0 0 0 
0 12 12 0 0 0 
1 12 12 0 0 0 
2 12 12 0 0 0 
3 12 12 0 0 0 
4 12 12 0 0 0 
5 12 12 0 0 0 
6 12 12 0 0 0 
7 12 12 0 0 0 
8 12 12 0 0 0 
9 12 12 0 0 0 
10 12 12 0 0 0 
11 12 12 0 0 0 
12 12 12 0 0 0 
13 12 12 0 0 0 
14 12 12 0 0 0 
15 12 12 0 0 0 
0 13 13 0 0 0 
1 13 13 0 0 0 
2 13 13 0 0 0 
3 13 13 0 0 0 
4 13 13 0 0 0 
5 13 13 0 0 0 
6 13 13 0 0 0 
7 13 13 0 0 0 
8 13 13 0 0 0 
9 13 13 0 0 0 
10 13 13 0 0 0 
11 13 13 0 0 0 
12 13 13 0 0 0 
13 13 13 0 0 0 
14 13 13 0 0 0 
15 13 13 0 0 0 
0 14 14 0 0 0 
1 14 14 0 0 0 
2 14 14 0 0 0 
3 14 14 0 0 0 
4 14 14 0 0 0 
5 14 14 0 0 0 
6 14 14 0 0 0 
7 14 14 0 0 0 
8 14 14 0 0 0 
9 14 14 0 0 0 
10 14 14 0 0 0 
11 14 14 0 0 0 
12 14 14 0 0 0 
13 14 14 0 0 0 
14 14 14 0 0 0 
15 14 14 0 0 0 
0 15 15 0 0 0 
1 15 15 0 0 0 
2 15 15 0 0 0 
3 15 15 0 0 0 
4 15 15 0 0 0 
5 15 15 0 0 0 
6 15 15 0 0 0 
7 15 15 0 0 0 
8 15 15 0 0 0 
9 15 15 0 0 0 
10 15 15 0 0 0 
11 15 15 0 0 0 
12 15 15 0 0 0 
13 15 15 0 0 0 
14 15 15 0 0 0 
15 15 15 0 0 0 
0 0 0 0 0 0 
1 0 0 0 0 0 
2 0 0 0 0 0 
3 0 0 0 0 0 
4 0 0 0 0 0 
5 0 0 0 0 0 
6 0 0 0 0 0 
7 0 0 0 0 0 
8 0 0 0 0 0 
9 0 0 0 0 0 
10 0 0 0 0 0 
11 0 0 0 0 0 
12 0 0 0 0 0 
13 0 0 0 0 0 
14 0 0 0 0 0 
15 0 0 0 0 0 
0 1 1 0 0 0 
1 1 1 0 0 0 
2 1 1 0 0 0 
3 1 1 0 0 0 
4 1 1 0 0 0 
5 1 1 0 0 0 
6 1 1 0 0 0 
7 1 1 0 0 0 
8 1 1 0 0 0 
9 1 1 0 0 0 
10 1 1 0 0 0 
11 1 1 0 0 0 
12 1 1 0 0 0 
13 1 1 0 0 0 
14 1 1 0 0 0 
15 1 1 0 0 0 
0 2 2 0 0 0 
1 2 2 0 0 0 
2 2 2 0 0 0 
3 2 2 0 0 0 
4 2 2 0 0 0 
5 2 2 0 0 0 
6 2 2 0 0 0 
7 2 2 0 0 0 
8 2 2 0 0 0 
9 2 2 0 0 0 
10 2 2 0 0 0 
11 2 2 0 0 0 
12 2 2 0 0 0 
13 2 2 0 0 0 
14 2 2 0 0 0 
15 2 2 0 0 0 
0 3 3 0 0 0 
1 3 3 0 0 0 
2 3 3 0 0 0 
3 3 3 0 0 0 
4 3 3 0 0 0 
5 3 3 0 0 0 
6 3 3 0 0 0 
7 3 3 0 0 0 
8 3 3 0 0 0 
9 3 3 0 0 0 
10 3 3 0 0 0 
11 3 3 0 0 0 
12 3 3 0 0 0 
13 3 3 0 0 0 
14 3 3 0 0 0 
15 3 3 0 0 0 
0 4 4 0 0 0 
1 4 4 0 0 0 
2 4 4 0 0 0 
3 4 4 0 0 0 
4 4 4 0 0 0 
5 4 4 0 0 0 
6 4 4 0 0 0 
7 4 4 0 0 0 
8 4 4 0 0 0 
9 4 4 0 0 0 
10 4 4 0 0 0 
11 4 4 0 0 0 
12 4 4 0 0 0 
13 4 4 0 0 0 
14 4 4 0 0 0 
15 4 4 0 0 0 
0 5 5 0 0 0 
1 5 5 0 0 0 
2 5 5 0 0 0 
3 5 5 0 0 0 
4 5 5 0 0 0 
5 5 5 0 0 0 
6 5 5 0 0 0 
7 5 5 0 0 0 
8 5 5 0 0 0 
9 5 5 0 0 0 
10 5 5 0 0 0 
11 5 5 0 0 0 
12 5 5 0 0 0 
13 5 5 0 0 0 
14 5 5 0 0 0 
15 5 5 0 0 0 
0 6 6 0 0 0 
1 6 6 0 0 0 
2 6 6 0 0 0 
3 6 6 0 0 0 
4 6 6 0 0 0 
5 6 6 0 0 0 
6 6 6 0 0 0 
7 6 6 0 0 0 
8 6 6 0 0 0 
9 6 6 0 0 0 
10 6 6 0 0 0 
11 6 6 0 0 0 
12 6 6 0 0 0 
13 6 6 0 0 0 
14 6 6 0 0 0 
15 6 6 0 0 0 
0 7 7 0 0 0 
1 7 7 0 0 0 
2 7 7 0 0 0 
3 7 7 0 0 0 
4 7 7 0 0 0 
5 7 7 0 0 0 
6 7 7 0 0 0 
7 7 7 0 0 0 
8 7 7 0 0 0 
9 7 7 0 0 0 
10 7 7 0 0 0 
11 7 7 0 0 0 
12 7 7 0 0 0 
13 7 7 0 0 0 
14 7 7 0 0 0 
15 7 7 0 0 0 
0 8 8 0 0 0 
1 8 8 0 0 0 
2 8 8 0 0 0 
3 8 8 0 0 0 
4 8 8 0 0 0 
5 8 8 0 0 0 
6 8 8 0 0 0 
7 8 8 0 0 0 
8 8 8 0 0 0 
9 8 8 0 0 0 
10 8 8 0 0 0 
11 8 8 0 0 0 
12 8 8 0 0 0 
13 8 8 0 0 0 
14 8 8 0 0 0 
15 8 8 0 0 0 
0 9 9 0 0 0 
1 9 9 0 0 0 
2 9 9 0 0 0 
3 9 9 0 0 0 
4 9 9 0 0 0 
5 9 9 0 0 0 
6 9 9 0 0 0 
7 9 9 0 0 0 
8 9 9 0 0 0 
9 9 9 0 0 0 
10 9 9 0 0 0 
11 9 9 0 0 0 
12 9 9 0 0 0 
13 9 9 0 0 0 
14 9 9 0 0 0 
15 9 9 0 0 0 
0 10 10 0 0 0 
1 10 10 0 0 0 
2 10 10 0 0 0 
3 10 10 0 0 0 
4 10 10 0 0 0 
5 10 10 0 0 0 
6 10 10 0 0 0 
7 10 10 0 0 0 
8 10 10 0 0 0 
9 10 10 0 0 0 
10 10 10 0 0 0 
11 10 10 0 0 0 
12 10 10 0 0 0 
13 10 10 0 0 0 
14 10 10 0 0 0 
15 10 10 0 0 0 
0 11 11 0 0 0 
1 11 11 0 0 0 
2 11 11 0 0 0 
3 11 11 0 0 0 
4 11 11 0 0 0 
5 11 11 0 0 0 
6 11 11 0 0 0 
7 11 11 0 0 0 
8 11 11 0 0 0 
9 11 11 0 0 0 
10 11 11 0 0 0 
11 11 11 0 0 0 
12 11 11 0 0 0 
13 11 11 0 0 0 
14 11 11 0 0 0 
15 11 11 0 0 0 
0 12 12 0 0 0 
1 12 12 0 0 0 
2 12 12 0 0 0 
3 12 12 0 0 0 
4 12 12 0 0 0 
5 12 12 0 0 0 
6 12 12 0 0 0 
7 12 12 0 0 0 
8 12 12 0 0 0 
9 12 12 0 0 0 
10 12 12 0 0 0 
11 12 12 0 0 0 
12 12 12 0 0 0 
13 12 12 0 0 0 
14 12 12 0 0 0 
15 12 12 0 0 0 
0 13 13 0 0 0 
1 13 13 0 0 0 
2 13 13 0 0 0 
3 13 13 0 0 0 
4 13 13 0 0 0 
5 13 13 0 0 0 
6 13 13 0 0 0 
7 13 13 0 0 0 
8 13 13 0 0 0 
9 13 13 0 0 0 
10 13 13 0 0 0 
11 13 13 0 0 0 
12 13 13 0 0 0 
13 13 13 0 0 0 
14 13 13 0 0 0 
15 13 13 0 0 0 
0 14 14 0 0 0 
1 14 14 0 0 0 
2 14 14 0 0 0 
3 14 14 0 0 0 
4 14 14 0 0 0 
5 14 14 0 0 0 
6 14 14 0 0 0 
7 14 14 0 0 0 
8 14 14 0 0 0 
9 14 14 0 0 0 
10 14 14 0 0 0 
11 14 14 0 0 0 
12 14 14 0 0 0 
13 14 14 0 0 0 
14 14 14 0 0 0 
15 14 14 0 0 0 
0 15 15 0 0 0 
1 15 15 0 0 0 
2 15 15 0 0 0 
3 15 15 0 0 0 
4 15 15 0 0 0 
5 15 15 0 0 0 
6 15 15 0 0 0 
7 15 15 0 0 0 
8 15 15 0 0 0 
9 15 15 0 0 0 
10 15 15 0 0 0 
11 15 15 0 0 0 
12 15 15 0 0 0 
13 15 15 0 0 0 
14 15 15 0 0 0 
15 15 15 0 0 0 
0 0 0 0 0 0 
1 0 0 0 0 0 
2 0 0 0 0 0 
3 0 0 0 0 0 
4 0 0 0 0 0 
5 0 0 0 0 0 
6 0 0 0 0 0 
7 0 0 0 0 0 
8 0 0 0 0 0 
9 0 0 0 0 0 
10 0 0 0 0 0 
11 0 0 0 0 0 
12 0 0 0 0 0 
13 0 0 0 0 0 
14 0 0 0 0 0 
15 0 0 0 0 0 
0 1 1 0 0 0 
1 1 1 0 0 0 
2 1 1 0 0 0 
3 1 1 0 0 0 
4 1 1 0 0 0 
5 1 1 0 0 0 
6 1 1 0 0 0 
7 1 1 0 0 0 
8 1 1 0 0 0 
9 1 1 0 0 0 
10 1 1 0 0 0 
11 1 1 0 0 0 
12 1 1 0 0 0 
13 1 1 0 0 0 
14 1 1 0 0 0 
15 1 1 0 0 0 
0 2 2 0 0 0 
1 2 2 0 0 0 
2 2 2 0 0 0 
3 2 2 0 0 0 
4 2 2 0 0 0 
5 2 2 0 0 0 
6 2 2 0 0 0 
7 2 2 0 0 0 
8 2 2 0 0 0 
9 2 2 0 0 0 
10 2 2 0 0 0 
11 2 2 0 0 0 
12 2 2 0 0 0 
13 2 2 0 0 0 
14 2 2 0 0 0 
15 2 2 0 0 0 
0 3 3 0 0 0 
1 3 3 0 0 0 
2 3 3 0 0 0 
3 3 3 0 0 0 
4 3 3 0 0 0 
5 3 3 0 0 0 
6 3 3 0 0 0 
7 3 3 0 0 0 
8 3 3 0 0 0 
9 3 3 0 0 0 
10 3 3 0 0 0 
11 3 3 0 0 0 
12 3 3 0 0 0 
13 3 3 0 0 0 
14 3 3 0 0 0 
15 3 3 0 0 0 
0 4 4 0 0 0 
1 4 4 0 0 0 
2 4 4 0 0 0 
3 4 4 0 0 0 
4 4 4 0 0 0 
5 4 4 0 0 0 
6 4 4 0 0 0 
7 4 4 0 0 0 
8 4 4 0 0 0 
9 4 4 0 0 0 
10 4 4 0 0 0 
11 4 4 0 0 0 
12 4 4 0 0 0 
13 4 4 0 0 0 
14 4 4 0 0 0 
15 4 4 0 0 0 
0 5 5 0 0 0 
1 5 5 0 0 0 
2 5 5 0 0 0 
3 5 5 0 0 0 
4 5 5 0 0 0 
5 5 5 0 0 0 
6 5 5 0 0 0 
7 5 5 0 0 0 
8 5 5 0 0 0 
9 5 5 0 0 0 
10 5 5 0 0 0 
11 5 5 0 0 0 
12 5 5 0 0 0 
13 5 5 0 0 0 
14 5 5 0 0 0 
15 5 5 0 0 0 
0 6 6 0.148285 -0.00037143 0.000331558 
1 6 6 0.147533 -0.000439921 0.000269628 
2 6 6 0.147362 -0.000464243 0.000167393 
3 6 6 0.147818 -0.000434977 4.66699e-05 
4 6 6 0.148813 -0.000362929 -7.09056e-05 
5 6 6 0.15016 -0.000265251 -0.000163147 
6 6 6 0.151612 -0.000158086 -0.000211005 
7 6 6 0.152816 -3.00238e-05 -0.000192694 
8 6 6 0.152728 0.00049795 0.000184877 
9 6 6 0.153698 0.0016799 0.00167729 
10 6 6 0.151157 -0.00181766 -0.00147498 
11 6 6 0.153205 -0.000592226 -0.000524552 
12 6 6 0.15489 -0.000150718 -4.57822e-05 
13 6 6 0.154932 -0.000102643 6.7736e-05 
14 6 6 0.154383 -4.01575e-05 0.000242388 
15 6 6 0.157005 -0.00216369 -0.00447043 
0 7 7 0.272194 -0.00072195 0.000505505 
1 7 7 0.271342 -0.000780665 0.000283876 
2 7 7 0.271464 -0.000803125 4.38385e-05 
3 7 7 0.272548 -0.000733947 -0.000193566 
4 7 7 0.274435 -0.000574608 -0.000396974 
5 7 7 0.276823 -0.000357091 -0.000533268 
6 7 7 0.279336 -0.000108341 -0.000581948 
7 7 7 0.281589 0.000214149 -0.000551592 
8 7 7 0.283369 0.000847 -0.000458345 
9 7 7 0.285021 0.000992342 -5.02808e-05 
10 7 7 0.284803 -0.00138822 7.83799e-05 
11 7 7 0.284147 -0.00106149 7.50975e-05 
12 7 7 0.284205 -0.000384708 8.84957e-05 
13 7 7 0.28397 -0.000166641 0.000134107 
14 7 7 0.283181 -0.000111089 0.000490884 
15 7 7 0.298373 -0.00124328 -0.00588423 
0 8 8 0.28068 -0.000817764 0.00031274 
1 8 8 0.279828 -0.000821958 4.86325e-05 
2 8 8 0.280042 -0.00079763 -0.000209771 
3 8 8 0.281236 -0.000700844 -0.000433026 
4 8 8 0.283233 -0.000524515 -0.000593316 
5 8 8 0.285741 -0.000294059 -0.000668748 
6 8 8 0.288401 -4.17803e-05 -0.000649437 
7 8 8 0.29088 0.000224278 -0.000546293 
8 8 8 0.293035 0.000464094 -0.000401511 
9 8 8 0.294729 0.000265119 -0.000242526 
10 8 8 0.295083 -0.000472533 -7.52345e-05 
11 8 8 0.294375 -0.000663664 1.38961e-05 
12 8 8 0.293724 -0.000429391 7.14452e-05 
13 8 8 0.293189 -0.000242593 0.000122152 
14 8 8 0.292333 -0.000213315 0.000492955 
15 8 8 0.309162 0.000439873 -0.00590336 
0 9 9 0.178726 -0.000589618 3.56965e-05 
1 9 9 0.178035 -0.000567246 -9.87126e-05 
2 9 9 0.17809 -0.000510635 -0.000222589 
3 9 9 0.178828 -0.000413774 -0.000319137 
4 9 9 0.18013 -0.000279041 -0.000375106 
5 9 9 0.181811 -0.000122808 -0.000383753 
6 9 9 0.183637 2.96312e-05 -0.000344913 
7 9 9 0.18538 0.000153369 -0.000268646 
8 9 9 0.186865 0.000202191 -0.000181009 
9 9 9 0.187907 8.97784e-05 -0.000121341 
10 9 9 0.188285 -0.000144661 -9.65949e-05 
11 9 9 0.188093 -0.000270623 -6.60223e-05 
12 9 9 0.187699 -0.000250853 -2.15671e-05 
13 9 9 0.187286 -0.00019235 1.82011e-05 
14 9 9 0.186719 -0.000199717 0.000184571 
15 9 9 0.192304 0.00184161 -0.00518723 
0 10 10 0.0513047 -0.000168612 -2.79341e-05 
1 10 10 0.0509941 -0.000157245 -5.10927e-05 
2 10 10 0.0509313 -0.000133457 -6.91184e-05 
3 10 10 0.0511031 -9.96218e-05 -8.02866e-05 
4 10 10 0.0514881 -5.90145e-05 -8.35852e-05 
5 10 10 0.0520214 -1.64148e-05 -7.82233e-05 
6 10 10 0.0526307 2.05406e-05 -6.56727e-05 
7 10 10 0.0532351 4.40945e-05 -4.91825e-05 
8 10 10 0.0537562 4.51849e-05 -3.45522e-05 
9 10 10 0.0541246 1.8785e-05 -2.78805e-05 
10 10 10 0.0543004 -2.19796e-05 -2.7513e-05 
11 10 10 0.0543089 -5.03689e-05 -2.5662e-05 
12 10 10 0.0542206 -5.79226e-05 -1.97689e-05 
13 10 10 0.054093 -5.47227e-05 -1.23526e-05 
14 10 10 0.0538971 -6.58192e-05 2.06043e-05 
15 10 10 0.051786 0.00140458 -0.00220192 
0 11 11 0 0 0 
1 11 11 0 0 0 
2 11 11 0 0 0 
3 11 11 0 0 0 
4 11 11 0 0 0 
5 11 11 0 0 0 
6 11 11 0 0 0 
7 11 11 0 0 0 
8 11 11 0 0 0 
9 11 11 0 0 0 
10 11 11 0 0 0 
11 11 11 0 0 0 
12 11 11 0 0 0 
13 11 11 0 0 0 
14 11 11 0 0 0 
15 11 11 0 0 0 
0 12 12 0 0 0 
1 12 12 0 0 0 
2 12 12 0 0 0 
3 12 12 0 0 0 
4 12 12 0 0 0 
5 12 12 0 0 0 
6 12 12 0 0 0 
7 12 12 0 0 0 
8 12 12 0 0 0 
9 12 12 0 0 0 
10 12 12 0 0 0 
11 12 12 0 0 0 
12 12 12 0 0 0 
13 12 12 0 0 0 
14 12 12 0 0 0 
15 12 12 0 0 0 
0 13 13 0 0 0 
1 13 13 0 0 0 
2 13 13 0 0 0 
3 13 13 0 0 0 
4 13 13 0 0 0 
5 13 13 0 0 0 
6 13 13 0 0 0 
7 13 13 0 0 0 
8 13 13 0 0 0 
9 13 13 0 0 0 
10 13 13 0 0 0 
11 13 13 0 0 0 
12 13 13 0 0 0 
13 13 13 0 0 0 
14 13 13 0 0 0 
15 13 13 0 0 0 
0 14 14 0 0 0 
1 14 14 0 0 0 
2 14 14 0 0 0 
3 14 14 0 0 0 
4 14 14 0 0 0 
5 14 14 0 0 0 
6 14 14 0 0 0 
7 14 14 0 0 0 
8 14 14 0 0 0 
9 14 14 0 0 0 
10 14 14 0 0 0 
11 14 14 0 0 0 
12 14 14 0 0 0 
13 14 14 0 0 0 
14 14 14 0 0 0 
15 14 14 0 0 0 
0 15 15 0 0 0 
1 15 15 0 0 0 
2 15 15 0 0 0 
3 15 15 0 0 0 
4 15 15 0 0 0 
5 15 15 0 0 0 
6 15 15 0 0 0 
7 15 15 0 0 0 
8 15 15 0 0 0 
9 15 15 0 0 0 
10 15 15 0 0 0 
11 15 15 0 0 0 
12 15 15 0 0 0 
13 15 15 0 0 0 
14 15 15 0 0 0 
15 15 15 0 0 0 
0 0 0 0 0 0 
1 0 0 0 0 0 
2 0 0 0 0 0 
3 0 0 0 0 0 
4 0 0 0 0 0 
5 0 0 0 0 0 
6 0 0 0 0 0 
7 0 0 0 0 0 
8 0 0 0 0 0 
9 0 0 0 0 0 
10 0 0 0 0 0 
11 0 0 0 0 0 
12 0 0 0 0 0 
13 0 0 0 0 0 
14 0 0 0 0 0 
15 0 0 0 0 0 
0 1 1 0 0 0 
1 1 1 0 0 0 
2 1 1 0 0 0 
3 1 1 0 0 0 
4 1 1 0 0 0 
5 1 1 0 0 0 
6 1 1 0 0 0 
7 1 1 0 0 0 
8 1 1 0 0 0 
9 1 1 0 0 0 
10 1 1 0 0 0 
11 1 1 0 0 0 
12 1 1 0 0 0 
13 1 1 0 0 0 
14 1 1 0 0 0 
15 1 1 0 0 0 
0 2 2 0 0 0 
1 2 2 0 0 0 
2 2 2 0 0 0 
3 2 2 0 0 0 
4 2 2 0 0 0 
5 2 2 0 0 0 
6 2 2 0 0 0 
7 2 2 0 0 0 
8 2 2 0 0 0 
9 2 2 0 0 0 
10 2 2 0 0 0 
11 2 2 0 0 0 
12 2 2 0 0 0 
13 2 2 0 0 0 
14 2 2 0 0 0 
15 2 2 0 0 0 
0 3 3 0 0 0 
1 3 3 0 0 0 
2 3 3 0 0 0 
3 3 3 0 0 0 
4 3 3 0 0 0 
5 3 3 0 0 0 
6 3 3 0 0 0 
7 3 3 0 0 0 
8 3 3 0 0 0 
9 3 3 0 0 0 
10 3 3 0 0 0 
11 3 3 0 0 0 
12 3 3 0 0 0 
13 3 3 0 0 0 
14 3 3 0 0 0 
15 3 3 0 0 0 
0 4 4 0.0612959 -8.17448e-05 0.000192199 
1 4 4 0.0609021 -0.000121261 0.000188951 
2 4 4 0.0607791 -0.000132698 0.000153091 
3 4 4 0.0609332 -0.000129705 0.000103282 
4 4 4 0.0613335 -0.000120924 5.32553e-05 
5 4 4 0.0619116 -0.000110169 1.36856e-05 
6 4 4 0.0625751 -0.000104049 -4.69514e-06 
7 4 4 0.063231 -0.00011569 1.18813e-05 
8 4 4 0.0638534 -0.000157208 6.68953e-05 
9 4 4 0.0644407 -7.45259e-05 1.38846e-05 
10 4 4 0.0644451 0.000177619 -0.000179627 
11 4 4 0.0641998 0.000118927 -0.000110626 
12 4 4 0.0641244 6.47208e-06 1.06389e-05 
13 4 4 0.0640307 -4.24296e-05 7.07146e-05 
14 4 4 0.0638119 -2.14847e-05 0.000109029 
15 4 4 0.0617097 -0.00196458 -0.00181473 
0 5 5 0.328144 -0.000316569 0.000922372 
1 5 5 0.327046 -0.00065232 0.000797245 
2 5 5 0.327077 -0.000833117 0.000525328 
3 5 5 0.328237 -0.00089801 0.000193312 
4 5 5 0.330329 -0.000875896 -0.000121556 
5 5 5 0.332993 -0.000789195 -0.000354722 
6 5 5 0.33578 -0.000676614 -0.000449075 
7 5 5 0.338211 -0.00063358 -0.000327009 
8 5 5 0.339909 -0.000881097 0.000279962 
9 5 5 0.345466 -0.000498862 0.000962881 
10 5 5 0.342522 0.000913437 -0.00117221 
11 5 5 0.340354 0.000645683 -0.000799098 
12 5 5 0.340648 8.16859e-05 -4.44522e-05 
13 5 5 0.340389 -0.00014284 0.000294286 
14 5 5 0.339515 3.55182e-05 0.000734021 
15 5 5 0.35439 -0.00396904 -0.00466328 
0 6 6 0.587108 -0.000378742 0.0013845 
1 6 6 0.585829 -0.00101319 0.000869223 
2 6 6 0.586133 -0.00146268 0.000198742 
3 6 6 0.588048 -0.00168673 -0.000503183 
4 6 6 0.59129 -0.00168253 -0.00111039 
5 6 6 0.595323 -0.00147794 -0.00150647 
6 6 6 0.599448 -0.00112873 -0.00160328 
7 6 6 0.602828 -0.000700069 -0.00130874 
8 6 6 0.604091 5.45697e-05 7.5188e-05 
9 6 6 0.610633 0.000686645 0.00108242 
10 6 6 0.610428 -0.000101268 -0.000789532 
11 6 6 0.604604 -0.000372091 -0.00122418 
12 6 6 0.605843 -0.00015942 -9.48208e-05 
13 6 6 0.605672 -0.000169379 0.00040861 
14 6 6 0.604755 2.92884e-05 0.00113876 
15 6 6 0.624168 -0.00318176 -0.0054115 
0 7 7 0.783095 -0.000599073 0.00176475 
1 7 7 0.78176 -0.0011651 0.000576491 
2 7 7 0.782318 -0.00160289 -0.000634006 
3 7 7 0.784678 -0.0018127 -0.00173336 
4 7 7 0.78852 -0.0017465 -0.0025776 
5 7 7 0.793278 -0.00141909 -0.00303265 
6 7 7 0.798207 -0.000884209 -0.00301716 
7 7 7 0.802496 -0.000146915 -0.00252909 
8 7 7 0.805503 0.00102656 -0.00149208 
9 7 7 0.806846 0.00150548 -4.459e-05 
10 7 7 0.807227 -0.000529402 -0.000278641 
11 7 7 0.807028 -0.00112285 -1.09105e-05 
12 7 7 0.806569 -0.000643041 0.000459305 
13 7 7 0.80579 -0.000380616 0.000703754 
14 7 7 0.8049 -0.000233423 0.0012363 
15 7 7 0.814122 -0.00167496 -0.00597248 
0 8 8 0.797024 -0.00100865 0.00148117 
1 8 8 0.795803 -0.00123667 4.99643e-05 
2 8 8 0.796602 -0.00131951 -0.00130227 
3 8 8 0.799196 -0.001233 -0.00243626 
4 8 8 0.803217 -0.000964464 -0.00321696 
5 8 8 0.808116 -0.000542545 -0.00353583 
6 8 8 0.813217 -3.05431e-05 -0.00334936 
7 8 8 0.817845 0.00051454 -0.00271651 
8 8 8 0.821576 0.00101522 -0.00180818 
9 8 8 0.824232 0.000993606 -0.000853914 
10 8 8 0.825064 5.38805e-05 -9.06456e-05 
11 8 8 0.824154 -0.000615494 0.000374753 
12 8 8 0.822795 -0.000693569 0.000622807 
13 8 8 0.821505 -0.000602877 0.000720704 
14 8 8 0.820521 -0.000592814 0.00114289 
15 8 8 0.82848 0.000349045 -0.00616971 
0 9 9 0.63688 -0.00126568 0.000621956 
1 9 9 0.635936 -0.00116731 -0.000390225 
2 9 9 0.636823 -0.000921294 -0.00129664 
3 9 9 0.639325 -0.000572011 -0.00200544 
4 9 9 0.643075 -0.000161447 -0.00243468 
5 9 9 0.647564 0.000256816 -0.00252956 
6 9 9 0.652191 0.00061659 -0.00228755 
7 9 9 0.656377 0.000854206 -0.00177696 
8 9 9 0.659683 0.000897593 -0.00113702 
9 9 9 0.661824 0.000644701 -0.0005431 
10 9 9 0.662606 0.000126913 -0.000114918 
11 9 9 0.662193 -0.000348417 0.000145871 
12 9 9 0.661157 -0.000583064 0.00028125 
13 9 9 0.660007 -0.000636731 0.000335275 
14 9 9 0.65899 -0.000820432 0.000808673 
15 9 9 0.675674 0.00214095 -0.00604875 
0 10 10 0.372422 -0.000945589 -3.25215e-06 
1 10 10 0.371635 -0.000777128 -0.000396717 
2 10 10 0.37216 -0.000522795 -0.000720191 
3 10 10 0.373865 -0.000224019 -0.000946983 
4 10 10 0.376494 7.75441e-05 -0.00105566 
5 10 10 0.379676 0.000340227 -0.00103513 
6 10 10 0.382982 0.000521457 -0.000896357 
7 10 10 0.38599 0.000587383 -0.000676103 
8 10 10 0.388365 0.000516939 -0.000434086 
9 10 10 0.389889 0.000312632 -0.000233392 
10 10 10 0.390505 3.26149e-05 -0.000106164 
11 10 10 0.390362 -0.000211887 -3.89684e-05 
12 10 10 0.389767 -0.000350231 -5.91319e-06 
13 10 10 0.38901 -0.000401053 1.62373e-05 
14 10 10 0.388037 -0.000675867 0.000409996 
15 10 10 0.406001 0.00331868 -0.00522514 
0 11 11 0.104109 -0.000268013 -8.79536e-05 
1 11 11 0.103572 -0.000227248 -0.000140782 
2 11 11 0.103521 -0.000164831 -0.000176257 
3 11 11 0.103933 -9.0036e-05 -0.000193535 
4 11 11 0.104741 -1.36787e-05 -0.000192723 
5 11 11 0.105826 5.44381e-05 -0.000175169 
6 11 11 0.107034 0.000102228 -0.000144507 
7 11 11 0.108202 0.000120546 -0.000108178 
8 11 11 0.109179 0.000104433 -7.62233e-05 
9 11 11 0.109854 5.87069e-05 -5.68343e-05 
10 11 11 0.110189 -1.14376e-06 -4.99194e-05 
11 11 11 0.110229 -5.20215e-05 -4.77009e-05 
12 11 11 0.110075 -8.06902e-05 -4.39911e-05 
13 11 11 0.109823 -9.20385e-05 -3.66276e-05 
14 11 11 0.1094 -0.000155541 4.06763e-05 
15 11 11 0.110103 0.00284673 -0.00305601 
0 12 12 0 0 0 
1 12 12 0 0 0 
2 12 12 0 0 0 
3 12 12 0 0 0 
4 12 12 0 0 0 
5 12 12 0 0 0 
6 12 12 0 0 0 
7 12 12 0 0 0 
8 12 12 0 0 0 
9 12 12 0 0 0 
10 12 12 0 0 0 
11 12 12 0 0 0 
12 12 12 0 0 0 
13 12 12 0 0 0 
14 12 12 0 0 0 
15 12 12 0 0 0 
0 13 13 0 0 0 
1 13 13 0 0 0 
2 13 13 0 0 0 
3 13 13 0 0 0 
4 13 13 0 0 0 
5 13 13 0 0 0 
6 13 13 0 0 0 
7 13 13 0 0 0 
8 13 13 0 0 0 
9 13 13 0 0 0 
10 13 13 0 0 0 
11 13 13 0 0 0 
12 13 13 0 0 0 
13 13 13 0 0 0 
14 13 13 0 0 0 
15 13 13 0 0 0 
0 14 14 0 0 0 
1 14 14 0 0 0 
2 14 14 0 0 0 
3 14 14 0 0 0 
4 14 14 0 0 0 
5 14 14 0 0 0 
6 14 14 0 0 0 
7 14 14 0 0 0 
8 14 14 0 0 0 
9 14 14 0 0 0 
10 14 14 0 0 0 
11 14 14 0 0 0 
12 14 14 0 0 0 
13 14 14 0 0 0 
14 14 14 0 0 0 
15 14 14 0 0 0 
0 15 15 0 0 0 
1 15 15 0 0 0 
2 15 15 0 0 0 
3 15 15 0 0 0 
4 15 15 0 0 0 
5 15 15 0 0 0 
6 15 15 0 0 0 
7 15 15 0 0 0 
8 15 15 0 0 0 
9 15 15 0 0 0 
10 15 15 0 0 0 
11 15 15 0 0 0 
12 15 15 0 0 0 
13 15 15 0 0 0 
14 15 15 0 0 0 
15 15 15 0 0 0 
0 0 0 0 0 0 
1 0 0 0 0 0 
2 0 0 0 0 0 
3 0 0 0 0 0 
4 0 0 0 0 0 
5 0 0 0 0 0 
6 0 0 0 0 0 
7 0 0 0 0 0 
8 0 0 0 0 0 
9 0 0 0 0 0 
10 0 0 0 0 0 
11 0 0 0 0 0 
12 0 0 0 0 0 
13 0 0 0 0 0 
14 0 0 0 0 0 
15 0 0 0 0 0 
0 1 1 0 0 0 
1 1 1 0 0 0 
2 1 1 0 0 0 
3 1 1 0 0 0 
4 1 1 0 0 0 
5 1 1 0 0 0 
6 1 1 0 0 0 
7 1 1 0 0 0 
8 1 1 0 0 0 
9 1 1 0 0 0 
10 1 1 0 0 0 
11 1 1 0 0 0 
12 1 1 0 0 0 
13 1 1 0 0 0 
14 1 1 0 0 0 
15 1 1 0 0 0 
0 2 2 0 0 0 
1 2 2 0 0 0 
2 2 2 0 0 0 
3 2 2 0 0 0 
4 2 2 0 0 0 
5 2 2 0 0 0 
6 2 2 0 0 0 
7 2 2 0 0 0 
8 2 2 0 0 0 
9 2 2 0 0 0 
10 2 2 0 0 0 
11 2 2 0 0 0 
12 2 2 0 0 0 
13 2 2 0 0 0 
14 2 2 0 0 0 
15 2 2 0 0 0 
0 3 3 0 0 0 
1 3 3 0 0 0 
2 3 3 0 0 0 
3 3 3 0 0 0 
4 3 3 0 0 0 
5 3 3 0 0 0 
6 3 3 0 0 0 
7 3 3 0 0 0 
8 3 3 0 0 0 
9 3 3 0 0 0 
10 3 3 0 0 0 
11 3 3 0 0 0 
12 3 3 0 0 0 
13 3 3 0 0 0 
14 3 3 0 0 0 
15 3 3 0 0 0 
0 4 4 0.324917 0.000231683 0.000808684 
1 4 4 0.323648 -0.000161139 0.000779062 
2 4 4 0.323651 -0.000451059 0.000595122 
3 4 4 0.324807 -0.000644671 0.000327859 
4 4 4 0.326884 -0.000753525 5.82741e-05 
5 4 4 0.329544 -0.000784365 -0.000146828 
6 4 4 0.332378 -0.000750671 -0.00023757 
7 4 4 0.335002 -0.000681248 -0.000187001 
8 4 4 0.337183 -0.000585072 -4.18613e-05 
9 4 4 0.338733 -0.000306019 -5.30301e-05 
10 4 4 0.339063 0.000186627 -0.000309869 
11 4 4 0.338349 0.000371749 -0.000298708 
12 4 4 0.337475 0.000261905 -1.99112e-05 
13 4 4 0.336674 0.000123826 0.000244626 
14 4 4 0.335649 0.000375154 0.00061642 
15 4 4 0.352434 -0.00516365 -0.00326771 
0 5 5 0.732776 0.00116806 0.00167016 
1 5 5 0.73082 -0.000152834 0.00126633 
2 5 5 0.730941 -0.00122919 0.00062217 
3 5 5 0.732954 -0.00199812 -0.000138256 
4 5 5 0.736479 -0.0024332 -0.000848041 
5 5 5 0.740938 -0.00252801 -0.0013469 
6 5 5 0.745613 -0.00231887 -0.00151102 
7 5 5 0.749786 -0.00192477 -0.00125797 
8 5 5 0.753037 -0.00152581 -0.000566942 
9 5 5 0.755337 -0.000769506 -1.15161e-05 
10 5 5 0.755644 0.000575357 -0.000496293 
11 5 5 0.754297 0.0010915 -0.000510749 
12 5 5 0.752865 0.000904805 5.31299e-05 
13 5 5 0.751521 0.000597038 0.000560122 
14 5 5 0.750341 0.000695008 0.00119482 
15 5 5 0.759601 -0.00464866 -0.00378094 
0 6 6 1.27022 0.00307579 0.00300555 
1 6 6 1.26752 0.000705584 0.00137252 
2 6 6 1.26678 -0.00141141 -0.000445649 
3 6 6 1.26799 -0.00306348 -0.00224545 
4 6 6 1.27092 -0.00410156 -0.00376186 
5 6 6 1.27513 -0.00443794 -0.00471588 
6 6 6 1.27991 -0.00407636 -0.00488445 
7 6 6 1.28437 -0.00315578 -0.00413386 
8 6 6 1.28771 -0.00193746 -0.00229949 
9 6 6 1.28998 -0.000403362 -0.000209155 
10 6 6 1.29047 0.000876311 -0.000728678 
11 6 6 1.28965 0.00142087 -0.000457121 
12 6 6 1.28865 0.00147213 0.000513336 
13 6 6 1.28742 0.00121734 0.00116461 
14 6 6 1.28634 0.000857836 0.00151183 
15 6 6 1.28039 -0.00327343 -0.00440425 
0 7 7 1.60369 0.00388108 0.00473792 
1 7 7 1.60143 0.00187978 0.00138591 
2 7 7 1.60006 -3.57181e-05 -0.00196382 
3 7 7 1.59969 -0.00163112 -0.00500985 
4 7 7 1.60041 -0.00271097 -0.00740724 
5 7 7 1.60217 -0.00313907 -0.00879793 
6 7 7 1.60475 -0.00286695 -0.00890267 
7 7 7 1.60767 -0.0019386 -0.00763467 
8 7 7 1.61037 -0.000464885 -0.00515441 
9 7 7 1.61277 0.000959168 -0.00223807 
10 7 7 1.61401 0.00109384 -0.00050336 
11 7 7 1.61366 0.00104833 0.000695553 
12 7 7 1.61299 0.00117302 0.00167466 
13 7 7 1.61221 0.00110308 0.00208449 
14 7 7 1.61157 0.000795815 0.00184742 
15 7 7 1.60671 -0.000888968 -0.00394895 
0 8 8 1.62712 0.0019939 0.00515196 
1 8 8 1.62565 0.00146896 0.00113056 
2 8 8 1.62491 0.0010228 -0.0027682 
3 8 8 1.62493 0.000716975 -0.00617966 
4 8 8 1.6258 0.000594068 -0.00873212 
5 8 8 1.62753 0.000669511 -0.0100756 
6 8 8 1.63002 0.000920159 -0.00997292 
7 8 8 1.63295 0.00129322 -0.00843505 
8 8 8 1.63592 0.00169318 -0.00583066 
9 8 8 1.63849 0.00183941 -0.00289267 
10 8 8 1.64008 0.00142531 -0.00041804 
11 8 8 1.64039 0.000820132 0.00127202 
12 8 8 1.63993 0.000406992 0.00216791 
13 8 8 1.63926 0.000164977 0.00234416 
14 8 8 1.63883 4.76195e-05 0.00182692 
15 8 8 1.63429 0.000893642 -0.00410995 
0 9 9 1.3464 -0.000519529 0.00301582 
1 9 9 1.34541 0.000144871 -1.69088e-05 
2 9 9 1.34598 0.000930713 -0.00283451 
3 9 9 1.34805 0.00174802 -0.00516253 
4 9 9 1.35142 0.0024826 -0.00674667 
5 9 9 1.35579 0.00301709 -0.00737959 
6 9 9 1.36068 0.00325212 -0.0069708 
7 9 9 1.36549 0.0031368 -0.00563005 
8 9 9 1.36962 0.00267864 -0.00370391 
9 9 9 1.37258 0.00192337 -0.0016986 
10 9 9 1.37411 0.000993624 -7.31256e-05 
11 9 9 1.37432 0.000137887 0.00095784 
12 9 9 1.37367 -0.000446931 0.00140911 
13 9 9 1.37271 -0.000735429 0.00140504 
14 9 9 1.37211 -0.000792917 0.00111052 
15 9 9 1.36698 0.00264125 -0.00512034 
0 10 10 0.809316 -0.00117463 0.000619528 
1 10 10 0.808632 -0.000468666 -0.000667843 
2 10 10 0.809808 0.000324326 -0.00177478 
3 10 10 0.812679 0.00110099 -0.00259992 
4 10 10 0.816897 0.00174911 -0.00306307 
5 10 10 0.821943 0.0021688 -0.00311514 
6 10 10 0.827172 0.00229104 -0.00276644 
7 10 10 0.831927 0.00210043 -0.00211001 
8 10 10 0.835662 0.00164359 -0.00131436 
9 10 10 0.838062 0.00101886 -0.000573452 
10 10 10 0.839098 0.000360051 -3.07764e-05 
11 10 10 0.839019 -0.000191194 0.000269105 
12 10 10 0.838238 -0.00054634 0.000362202 
13 10 10 0.83719 -0.000715907 0.00032933 
14 10 10 0.836358 -0.00104494 0.000545372 
15 10 10 0.838975 0.00408623 -0.00481282 
0 11 11 0.379908 -0.000693704 -0.000137913 
1 11 11 0.379229 -0.000399879 -0.000464191 
2 11 11 0.379844 -6.23037e-05 -0.000710005 
3 11 11 0.38164 0.000272762 -0.000860621 
4 11 11 0.384362 0.000556906 -0.000909387 
5 11 11 0.387639 0.000749143 -0.000857377 
6 11 11 0.391026 0.000819889 -0.000720008 
7 11 11 0.394089 0.00076035 -0.000531047 
8 11 11 0.396483 0.000588702 -0.000336395 
9 11 11 0.398015 0.000347876 -0.000179409 
10 11 11 0.398677 9.46711e-05 -8.29612e-05 
11 11 11 0.398629 -0.00011451 -4.27496e-05 
12 11 11 0.398127 -0.000246848 -3.90476e-05 
13 11 11 0.397421 -0.000314764 -4.40614e-05 
14 11 11 0.396479 -0.000709196 0.000231335 
15 11 11 0.414473 0.00485898 -0.00393124 
0 12 12 0.0467181 -9.05684e-05 -4.79641e-05 
1 12 12 0.0464406 -6.84071e-05 -5.95987e-05 
2 12 12 0.046388 -3.98533e-05 -6.37039e-05 
3 12 12 0.0465571 -8.53295e-06 -6.14541e-05 
4 12 12 0.0469195 2.09375e-05 -5.44189e-05 
5 12 12 0.0474234 4.48284e-05 -4.43177e-05 
6 12 12 0.0479958 5.89253e-05 -3.2946e-05 
7 12 12 0.0485572 6.06679e-05 -2.27747e-05 
8 12 12 0.0490333 5.01695e-05 -1.59726e-05 
9 12 12 0.0493718 3.1427e-05 -1.37459e-05 
10 12 12 0.0495537 9.50351e-06 -1.51683e-05 
11 12 12 0.0495969 -9.62252e-06 -1.79494e-05 
12 12 12 0.0495427 -2.22622e-05 -2.02718e-05 
13 12 12 0.049433 -2.96796e-05 -2.10071e-05 
14 12 12 0.0492401 -6.85059e-05 -1.23095e-05 
15 12 12 0.0472797 0.0020275 -0.00135734 
0 13 13 0 0 0 
1 13 13 0 0 0 
2 13 13 0 0 0 
3 13 13 0 0 0 
4 13 13 0 0 0 
5 13 13 0 0 0 
6 13 13 0 0 0 
7 13 13 0 0 0 
8 13 13 0 0 0 
9 13 13 0 0 0 
10 13 13 0 0 0 
11 13 13 0 0 0 
12 13 13 0 0 0 
13 13 13 0 0 0 
14 13 13 0 0 0 
15 13 13 0 0 0 
0 14 14 0 0 0 
1 14 14 0 0 0 
2 14 14 0 0 0 
3 14 14 0 0 0 
4 14 14 0 0 0 
5 14 14 0 0 0 
6 14 14 0 0 0 
7 14 14 0 0 0 
8 14 14 0 0 0 
9 14 14 0 0 0 
10 14 14 0 0 0 
11 14 14 0 0 0 
12 14 14 0 0 0 
13 14 14 0 0 0 
14 14 14 0 0 0 
15 14 14 0 0 0 
0 15 15 0 0 0 
1 15 15 0 0 0 
2 15 15 0 0 0 
3 15 15 0 0 0 
4 15 15 0 0 0 
5 15 15 0 0 0 
6 15 15 0 0 0 
7 15 15 0 0 0 
8 15 15 0 0 0 
9 15 15 0 0 0 
10 15 15 0 0 0 
11 15 15 0 0 0 
12 15 15 0 0 0 
13 15 15 0 0 0 
14 15 15 0 0 0 
15 15 15 0 0 0 
0 0 0 0 0 0 
1 0 0 0 0 0 
2 0 0 0 0 0 
3 0 0 0 0 0 
4 0 0 0 0 0 
5 0 0 0 0 0 
6 0 0 0 0 0 
7 0 0 0 0 0 
8 0 0 0 0 0 
9 0 0 0 0 0 
10 0 0 0 0 0 
11 0 0 0 0 0 
12 0 0 0 0 0 
13 0 0 0 0 0 
14 0 0 0 0 0 
15 0 0 0 0 0 
0 1 1 0 0 0 
1 1 1 0 0 0 
2 1 1 0 0 0 
3 1 1 0 0 0 
4 1 1 0 0 0 
5 1 1 0 0 0 
6 1 1 0 0 0 
7 1 1 0 0 0 
8 1 1 0 0 0 
9 1 1 0 0 0 
10 1 1 0 0 0 
11 1 1 0 0 0 
12 1 1 0 0 0 
13 1 1 0 0 0 
14 1 1 0 0 0 
15 1 1 0 0 0 
0 2 2 0 0 0 
1 2 2 0 0 0 
2 2 2 0 0 0 
3 2 2 0 0 0 
4 2 2 0 0 0 
5 2 2 0 0 0 
6 2 2 0 0 0 
7 2 2 0 0 0 
8 2 2 0 0 0 
9 2 2 0 0 0 
10 2 2 0 0 0 
11 2 2 0 0 0 
12 2 2 0 0 0 
13 2 2 0 0 0 
14 2 2 0 0 0 
15 2 2 0 0 0 
0 3 3 0.140115 0.000167836 0.000225395 
1 3 3 0.139228 5.8928e-05 0.000243433 
2 3 3 0.139001 -4.05092e-05 0.000214158 
3 3 3 0.139398 -0.000124065 0.000152747 
4 3 3 0.140316 -0.000187955 8.3209e-05 
5 3 3 0.141601 -0.000227623 2.64748e-05 
6 3 3 0.143056 -0.000240206 -3.69602e-06 
7 3 3 0.144473 -0.000224283 -7.18932e-06 
8 3 3 0.145662 -0.000176679 -5.85502e-06 
9 3 3 0.146458 -9.54543e-05 -3.47762e-05 
10 3 3 0.14677 -4.69925e-06 -8.22582e-05 
11 3 3 0.146654 5.39734e-05 -8.14004e-05 
12 3 3 0.146309 6.74456e-05 -2.31617e-05 
13 3 3 0.14589 6.18986e-05 4.72562e-05 
14 3 3 0.145293 0.000168488 0.000144606 
15 3 3 0.147065 -0.00454789 -0.00164662 
0 4 4 0.56282 0.00127258 0.000880809 
1 4 4 0.560929 0.000385706 0.000810809 
2 4 4 0.560999 -0.000437134 0.000593508 
3 4 4 0.562802 -0.00111102 0.000271695 
4 4 4 0.565938 -0.00157483 -6.71429e-05 
5 4 4 0.569872 -0.001789 -0.000331078 
6 4 4 0.573989 -0.00174576 -0.000452129 
7 4 4 0.577697 -0.00147923 -0.000410137 
8 4 4 0.580548 -0.00104839 -0.000266786 
9 4 4 0.582255 -0.00049966 -0.000175024 
10 4 4 0.582627 7.33507e-05 -0.000198728 
11 4 4 0.581842 0.000472024 -0.000166613 
12 4 4 0.580486 0.000613741 1.11103e-05 
13 4 4 0.579051 0.000597211 0.000244792 
14 4 4 0.577688 0.00102649 0.000660083 
15 4 4 0.595592 -0.00572571 -0.00203649 
0 5 5 1.24616 0.00471762 0.0019146 
1 5 5 1.24262 0.00191024 0.00120266 
2 5 5 1.24149 -0.000795018 0.000316558 
3 5 5 1.24261 -0.00310009 -0.000669087 
4 5 5 1.2456 -0.00475816 -0.0015919 
5 5 5 1.24991 -0.0055863 -0.00225257 
6 5 5 1.25482 -0.00550738 -0.00248067 
7 5 5 1.25953 -0.00460789 -0.00219885 
8 5 5 1.26333 -0.00314085 -0.00150124 
9 5 5 1.26577 -0.00138321 -0.000763906 
10 5 5 1.26638 0.000380657 -0.00036631 
11 5 5 1.2652 0.00164734 -7.24369e-05 
12 5 5 1.26311 0.00218241 0.000330927 
13 5 5 1.26089 0.00215132 0.000727347 
14 5 5 1.25924 0.00187836 0.0010495 
15 5 5 1.25296 -0.00465403 -0.00240854 
0 6 6 1.87869 0.00957376 0.00375587 
1 6 6 1.8757 0.00551307 0.00138889 
2 6 6 1.87234 0.00131317 -0.00101275 
3 6 6 1.86887 -0.00256201 -0.00330999 
4 6 6 1.86562 -0.00567391 -0.0052741 
5 6 6 1.86298 -0.00763336 -0.00660271 
6 6 6 1.86127 -0.00816101 -0.00699731 
7 6 6 1.8606 -0.00719738 -0.00628417 
8 6 6 1.86085 -0.0050171 -0.00456949 
9 6 6 1.86167 -0.00219773 -0.00246291 
10 6 6 1.86235 0.000574724 -0.000823099 
11 6 6 1.86228 0.00267638 0.000320506 
12 6 6 1.86174 0.00379332 0.00115419 
13 6 6 1.86101 0.0039661 0.00159972 
14 6 6 1.86028 0.00326068 0.0015058 
15 6 6 1.8553 -0.000686474 -0.00164614 
0 7 7 2.20735 0.00950434 0.00683502 
1 7 7 2.20908 0.00716069 0.00279792 
2 7 7 2.20717 0.00441682 -0.0012618 
3 7 7 2.20194 0.00160632 -0.0050736 
4 7 7 2.19407 -0.000924744 -0.0083108 
5 7 7 2.18463 -0.00283744 -0.0105704 
6 7 7 2.17495 -0.00383575 -0.0114271 
7 7 7 2.16643 -0.00373712 -0.0105869 
8 7 7 2.16022 -0.00259267 -0.00814046 
9 7 7 2.15685 -0.000800811 -0.00480926 
10 7 7 2.15594 0.00102669 -0.00167043 
11 7 7 2.15662 0.00249113 0.000710577 
12 7 7 2.15824 0.00340711 0.00218623 
13 7 7 2.1602 0.00369975 0.00272798 
14 7 7 2.16187 0.00337272 0.00231945 
15 7 7 2.15816 0.00184456 -0.000748297 
0 8 8 2.22537 0.00424258 0.00825287 
1 8 8 2.22906 0.0048922 0.00363248 
2 8 8 2.2287 0.00518868 -0.00106569 
3 8 8 2.22453 0.00521895 -0.00546662 
4 8 8 2.21718 0.00505913 -0.00916363 
5 8 8 2.20775 0.0047569 -0.0117031 
6 8 8 2.19768 0.00433673 -0.0126381 
7 8 8 2.18857 0.00382109 -0.0116896 
8 8 8 2.18179 0.00324762 -0.00900214 
9 8 8 2.17803 0.00265687 -0.00530604 
10 8 8 2.17712 0.00211105 -0.00166265 
11 8 8 2.17831 0.00173095 0.00112415 
12 8 8 2.18076 0.00156004 0.00274212 
13 8 8 2.18368 0.00152902 0.00321718 
14 8 8 2.18634 0.00160636 0.00261216 
15 8 8 2.18342 0.00228721 -0.000638447 
0 9 9 1.93871 -0.000342194 0.0058069 
1 9 9 1.94 0.00222866 0.00189868 
2 9 9 1.93968 0.00461184 -0.00194717 
3 9 9 1.93794 0.00666963 -0.00537193 
4 9 9 1.93523 0.00822426 -0.00802284 
5 9 9 1.9322 0.00906638 -0.00956091 
6 9 9 1.92956 0.00901422 -0.00972578 
7 9 9 1.92791 0.00801383 -0.00846491 
8 9 9 1.92751 0.00623592 -0.00607096 
9 9 9 1.92819 0.00408058 -0.00318404 
10 9 9 1.92954 0.00204645 -0.000553293 
11 9 9 1.93116 0.000525818 0.00130438 
12 9 9 1.93279 -0.000338796 0.00223968 
13 9 9 1.93432 -0.000601915 0.00234679 
14 9 9 1.93566 -0.000253489 0.00167404 
15 9 9 1.93218 0.00279684 -0.00187526 
0 10 10 1.36891 -0.00152151 0.00181171 
1 10 10 1.36871 0.000729145 -0.000259698 
2 10 10 1.36982 0.00290614 -0.00213444 
3 10 10 1.37221 0.00480328 -0.00363009 
4 10 10 1.37574 0.00619537 -0.00459443 
5 10 10 1.38018 0.00687511 -0.00491512 
6 10 10 1.3851 0.00671748 -0.00455808 
7 10 10 1.38994 0.00575547 -0.00361746 
8 10 10 1.3941 0.00421653 -0.00233134 
9 10 10 1.39713 0.00246945 -0.0010235 
10 10 10 1.39886 0.000890538 1.86439e-05 
11 10 10 1.39946 -0.000265742 0.000649399 
12 10 10 1.3993 -0.000918884 0.000876064 
13 10 10 1.3988 -0.0011262 0.000795289 
14 10 10 1.39855 -0.00100347 0.000514925 
15 10 10 1.39378 0.00488395 -0.00330743 
0 11 11 0.651366 -0.000884837 2.87282e-05 
1 11 11 0.650884 -3.23119e-05 -0.000506172 
2 11 11 0.652093 0.000812086 -0.00093297 
3 11 11 0.654844 0.00155148 -0.00121843 
4 11 11 0.658811 0.00208942 -0.00134384 
5 11 11 0.663498 0.00234918 -0.001304 
6 11 11 0.668301 0.00229472 -0.00111611 
7 11 11 0.672613 0.00195083 -0.000827538 
8 11 11 0.675958 0.00140702 -0.000508117 
9 11 11 0.678087 0.000792758 -0.000229671 
10 11 11 0.679024 0.000234462 -4.03643e-05 
11 11 11 0.679011 -0.00017997 4.86449e-05 
12 11 11 0.678392 -0.000420352 5.8044e-05 
13 11 11 0.677506 -0.000525477 2.74336e-05 
14 11 11 0.676624 -0.0010247 0.000193976 
15 11 11 0.69356 0.00570188 -0.00296901 
0 12 12 0.197233 -0.000271865 -0.000103916 
1 12 12 0.196597 -0.000126302 -0.000159955 
2 12 12 0.196758 2.80988e-05 -0.000192713 
3 12 12 0.197669 0.000173229 -0.000203549 
4 12 12 0.199197 0.000290113 -0.000195936 
5 12 12 0.201129 0.000363186 -0.000173203 
6 12 12 0.203195 0.000382022 -0.000140072 
7 12 12 0.20512 0.000345001 -0.00010392 
8 12 12 0.206672 0.000263125 -7.26593e-05 
9 12 12 0.207712 0.000158492 -5.21268e-05 
10 12 12 0.208216 5.47708e-05 -4.40084e-05 
11 12 12 0.208274 -2.64408e-05 -4.48257e-05 
12 12 12 0.20803 -7.82752e-05 -4.9117e-05 
13 12 12 0.207622 -0.000107227 -5.0849e-05 
14 12 12 0.206928 -0.000315237 1.11208e-05 
15 12 12 0.217132 0.0052312 -0.00231551 
0 13 13 0 0 0 
1 13 13 0 0 0 
2 13 13 0 0 0 
3 13 13 0 0 0 
4 13 13 0 0 0 
5 13 13 0 0 0 
6 13 13 0 0 0 
7 13 13 0 0 0 
8 13 13 0 0 0 
9 13 13 0 0 0 
10 13 13 0 0 0 
11 13 13 0 0 0 
12 13 13 0 0 0 
13 13 13 0 0 0 
14 13 13 0 0 0 
15 13 13 0 0 0 
0 14 14 0 0 0 
1 14 14 0 0 0 
2 14 14 0 0 0 
3 14 14 0 0 0 
4 14 14 0 0 0 
5 14 14 0 0 0 
6 14 14 0 0 0 
7 14 14 0 0 0 
8 14 14 0 0 0 
9 14 14 0 0 0 
10 14 14 0 0 0 
11 14 14 0 0 0 
12 14 14 0 0 0 
13 14 14 0 0 0 
14 14 14 0 0 0 
15 14 14 0 0 0 
0 15 15 0 0 0 
1 15 15 0 0 0 
2 15 15 0 0 0 
3 15 15 0 0 0 
4 15 15 0 0 0 
5 15 15 0 0 0 
6 15 15 0 0 0 
7 15 15 0 0 0 
8 15 15 0 0 0 
9 15 15 0 0 0 
10 15 15 0 0 0 
11 15 15 0 0 0 
12 15 15 0 0 0 
13 15 15 0 0 0 
14 15 15 0 0 0 
15 15 15 0 0 0 
0 0 0 0 0 0 
1 0 0 0 0 0 
2 0 0 0 0 0 
3 0 0 0 0 0 
4 0 0 0 0 0 
5 0 0 0 0 0 
6 0 0 0 0 0 
7 0 0 0 0 0 
8 0 0 0 0 0 
9 0 0 0 0 0 
10 0 0 0 0 0 
11 0 0 0 0 0 
12 0 0 0 0 0 
13 0 0 0 0 0 
14 0 0 0 0 0 
15 0 0 0 0 0 
0 1 1 0 0 0 
1 1 1 0 0 0 
2 1 1 0 0 0 
3 1 1 0 0 0 
4 1 1 0 0 0 
5 1 1 0 0 0 
6 1 1 0 0 0 
7 1 1 0 0 0 
8 1 1 0 0 0 
9 1 1 0 0 0 
10 1 1 0 0 0 
11 1 1 0 0 0 
12 1 1 0 0 0 
13 1 1 0 0 0 
14 1 1 0 0 0 
15 1 1 0 0 0 
0 2 2 0 0 0 
1 2 2 0 0 0 
2 2 2 0 0 0 
3 2 2 0 0 0 
4 2 2 0 0 0 
5 2 2 0 0 0 
6 2 2 0 0 0 
7 2 2 0 0 0 
8 2 2 0 0 0 
9 2 2 0 0 0 
10 2 2 0 0 0 
11 2 2 0 0 0 
12 2 2 0 0 0 
13 2 2 0 0 0 
14 2 2 0 0 0 
15 2 2 0 0 0 
0 3 3 0.189253 0.000377213 0.000108594 
1 3 3 0.188194 0.00020823 0.000130966 
2 3 3 0.187983 3.1478e-05 0.000124834 
3 3 3 0.188565 -0.0001337 9.4476e-05 
4 3 3 0.189792 -0.0002685 5.50343e-05 
5 3 3 0.191452 -0.000355719 2.16616e-05 
6 3 3 0.193284 -0.000384876 5.0946e-06 
7 3 3 0.195016 -0.000354282 3.35402e-06 
8 3 3 0.19641 -0.000272213 8.81617e-07 
9 3 3 0.197305 -0.000157773 -2.15509e-05 
10 3 3 0.197643 -4.02527e-05 -5.66841e-05 
11 3 3 0.197504 5.18192e-05 -6.86625e-05 
12 3 3 0.19707 0.00010493 -4.36964e-05 
13 3 3 0.19651 0.000132671 -2.84692e-07 
14 3 3 0.195705 0.000392688 4.731e-05 
15 3 3 0.207397 -0.00554577 -0.000339323 
0 4 4 0.703732 0.00221667 0.000344811 
1 4 4 0.701379 0.000977401 0.000341345 
2 4 4 0.701238 -0.000257756 0.000276669 
3 4 4 0.703088 -0.00134658 0.00015123 
4 4 4 0.706486 -0.0021559 -1.61803e-06 
5 4 4 0.710828 -0.00258182 -0.000133014 
6 4 4 0.715402 -0.00257807 -0.000200134 
7 4 4 0.719505 -0.00217842 -0.000190343 
8 4 4 0.722571 -0.00149622 -0.000136069 
9 4 4 0.72428 -0.000695654 -0.000102009 
10 4 4 0.724592 4.88431e-05 -0.000113688 
11 4 4 0.723762 0.000596252 -0.000117234 
12 4 4 0.722267 0.000889342 -6.20819e-05 
13 4 4 0.720586 0.000983662 4.05196e-05 
14 4 4 0.719134 0.00143982 0.000222663 
15 4 4 0.729119 -0.0060164 -0.000672585 
0 5 5 1.55174 0.00778662 0.000706984 
1 5 5 1.54736 0.00397852 0.000364534 
2 5 5 1.54473 9.43889e-05 -8.56176e-06 
3 5 5 1.54388 -0.00345316 -0.000413738 
4 5 5 1.54466 -0.00624375 -0.000808344 
5 5 5 1.5468 -0.00790084 -0.00111195 
6 5 5 1.54984 -0.00817996 -0.00123603 
7 5 5 1.55319 -0.00707754 -0.00113164 
8 5 5 1.55612 -0.00490604 -0.000838303 
9 5 5 1.55801 -0.00223978 -0.000495867 
10 5 5 1.55849 0.000276174 -0.000239062 
11 5 5 1.55762 0.00214939 -6.70874e-05 
12 5 5 1.55583 0.00318202 8.21199e-05 
13 5 5 1.55372 0.00343275 0.000223338 
14 5 5 1.55199 0.00298335 0.000319267 
15 5 5 1.54639 -0.00347036 -0.000706827 
0 6 6 2.18691 0.0132489 0.00162498 
1 6 6 2.18658 0.0086451 0.000511422 
2 6 6 2.18311 0.00363224 -0.000564129 
3 6 6 2.17694 -0.00132528 -0.00156419 
4 6 6 2.16876 -0.00569855 -0.00242571 
5 6 6 2.15953 -0.00892054 -0.00304475 
6 6 6 2.15043 -0.0104661 -0.00329136 
7 6 6 2.14263 -0.0100072 -0.0030651 
8 6 6 2.13701 -0.00764192 -0.00238906 
9 6 6 2.13385 -0.00402608 -0.00147887 
10 6 6 2.13273 -0.000189016 -0.000631135 
11 6 6 2.13291 0.00293535 2.181e-06 
12 6 6 2.13371 0.00487046 0.000405745 
13 6 6 2.13463 0.00556158 0.000590404 
14 6 6 2.13521 0.00502508 0.000534206 
15 6 6 2.13068 0.00146656 -0.000394827 
0 7 7 2.52536 0.0107573 0.00334944 
1 7 7 2.53529 0.0088442 0.00158229 
2 7 7 2.53802 0.00637675 -0.000196091 
3 7 7 2.53367 0.00357908 -0.00189023 
4 7 7 2.52286 0.000752625 -0.00339035 
5 7 7 2.50682 -0.00173992 -0.00454477 
6 7 7 2.48747 -0.00350236 -0.00516095 
7 7 7 2.46747 -0.00417041 -0.00505455 
8 7 7 2.44978 -0.00356782 -0.00417721 
9 7 7 2.43695 -0.00188666 -0.00275648 
10 7 7 2.43017 0.00031049 -0.00123617 
11 7 7 2.42893 0.00238085 1.68355e-06 
12 7 7 2.43161 0.00389296 0.000784132 
13 7 7 2.43624 0.00467976 0.00109733 
14 7 7 2.44097 0.00471859 0.000981875 
15 7 7 2.43946 0.00353623 4.05317e-05 
0 8 8 2.54057 0.00236748 0.00417431 
1 8 8 2.55303 0.00428372 0.00223305 
2 8 8 2.55808 0.00581926 0.000207017 
3 8 8 2.5556 0.00691931 -0.00176233 
4 8 8 2.54604 0.00757917 -0.00352232 
5 8 8 2.53052 0.00778905 -0.00488626 
6 8 8 2.51098 0.00751539 -0.00563503 
7 8 8 2.49019 0.00673195 -0.00556677 
8 8 8 2.47143 0.00549936 -0.00462642 
9 8 8 2.45762 0.00404226 -0.00304384 
10 8 8 2.45029 0.00271545 -0.00129724 
11 8 8 2.44915 0.00183326 0.000147383 
12 8 8 2.45254 0.00149391 0.00104917 
13 8 8 2.45833 0.00159073 0.00138463 
14 8 8 2.46445 0.00196928 0.00121578 
15 8 8 2.46423 0.00286334 0.000193109 
0 9 9 2.24055 -0.00280459 0.0030867 
1 9 9 2.24623 0.00153574 0.00137726 
2 9 9 2.24752 0.0056179 -0.000360148 
3 9 9 2.24452 0.00918614 -0.00197434 
4 9 9 2.23782 0.0119757 -0.00331216 
5 9 9 2.22851 0.0136741 -0.00421309 
6 9 9 2.21816 0.0139628 -0.00452712 
7 9 9 2.20851 0.0126612 -0.00416787 
8 9 9 2.20113 0.00994164 -0.00319814 
9 9 9 2.19694 0.00644281 -0.00187476 
10 9 9 2.19597 0.00307677 -0.000568094 
11 9 9 2.1976 0.000588792 0.000419403 
12 9 9 2.20086 -0.000744485 0.000965571 
13 9 9 2.2048 -0.00102408 0.0010903 
14 9 9 2.20852 -0.000373912 0.000831146 
15 9 9 2.20648 0.00263284 -0.000300954 
0 10 10 1.66399 -0.00252279 0.00109286 
1 10 10 1.66466 0.00127565 8.19372e-05 
2 10 10 1.66538 0.00485792 -0.000855894 
3 10 10 1.66624 0.00791792 -0.00163147 
4 10 10 1.66743 0.0101358 -0.00216835 
5 10 10 1.66911 0.0112054 -0.0024041 
6 10 10 1.67139 0.0109246 -0.00230649 
7 10 10 1.67413 0.00932549 -0.00190024 
8 10 10 1.67701 0.0067693 -0.00128582 
9 10 10 1.6796 0.00388667 -0.000621748 
10 10 10 1.68159 0.00133868 -6.57628e-05 
11 10 10 1.68295 -0.000447293 0.000289694 
12 10 10 1.68379 -0.00137006 0.000435121 
13 10 10 1.68434 -0.00154195 0.000409327 
14 10 10 1.68491 -0.00100262 0.000229168 
15 10 10 1.68105 0.00466105 -0.00102813 
0 11 11 0.845116 -0.00103724 6.13884e-05 
1 11 11 0.844801 0.000407404 -0.000208582 
2 11 11 0.846274 0.00177097 -0.000427912 
3 11 11 0.849393 0.00291051 -0.00058108 
4 11 11 0.85384 0.00368832 -0.000658971 
5 11 11 0.859112 0.00399705 -0.000656152 
6 11 11 0.864561 0.00379504 -0.000577298 
7 11 11 0.86951 0.00314201 -0.000442299 
8 11 11 0.873399 0.00220246 -0.00028443 
9 11 11 0.875927 0.00119929 -0.000140366 
10 11 11 0.87711 0.000334903 -3.86241e-05 
11 11 11 0.877223 -0.000269283 1.22621e-05 
12 11 11 0.87665 -0.000589175 2.23834e-05 
13 11 11 0.875774 -0.000689425 1.11478e-05 
14 11 11 0.875027 -0.00102849 4.6859e-05 
15 11 11 0.880402 0.00624272 -0.00116407 
0 12 12 0.31655 -0.000342059 -4.27873e-05 
1 12 12 0.315918 -4.40908e-05 -7.74328e-05 
2 12 12 0.316422 0.000247828 -9.95172e-05 
3 12 12 0.317973 0.000501536 -0.000111078 
4 12 12 0.32036 0.00068604 -0.000114227 
5 12 12 0.323258 0.000778026 -0.00010822 
6 12 12 0.326273 0.000766016 -9.45905e-05 
7 12 12 0.329013 0.000657524 -7.6675e-05 
8 12 12 0.331168 0.000481196 -5.90064e-05 
9 12 12 0.332568 0.000280279 -4.50342e-05 
10 12 12 0.333212 9.64785e-05 -3.83748e-05 
11 12 12 0.333241 -3.94978e-05 -3.7823e-05 
12 12 12 0.332864 -0.000119803 -3.71286e-05 
13 12 12 0.332277 -0.000160841 -3.23705e-05 
14 12 12 0.331357 -0.000504052 3.34804e-05 
15 12 12 0.349129 0.00610549 -0.000982103 
0 13 13 0 0 0 
1 13 13 0 0 0 
2 13 13 0 0 0 
3 13 13 0 0 0 
4 13 13 0 0 0 
5 13 13 0 0 0 
6 13 13 0 0 0 
7 13 13 0 0 0 
8 13 13 0 0 0 
9 13 13 0 0 0 
10 13 13 0 0 0 
11 13 13 0 0 0 
12 13 13 0 0 0 
13 13 13 0 0 0 
14 13 13 0 0 0 
15 13 13 0 0 0 
0 14 14 0 0 0 
1 14 14 0 0 0 
2 14 14 0 0 0 
3 14 14 0 0 0 
4 14 14 0 0 0 
5 14 14 0 0 0 
6 14 14 0 0 0 
7 14 14 0 0 0 
8 14 14 0 0 0 
9 14 14 0 0 0 
10 14 14 0 0 0 
11 14 14 0 0 0 
12 14 14 0 0 0 
13 14 14 0 0 0 
14 14 14 0 0 0 
15 14 14 0 0 0 
0 15 15 0 0 0 
1 15 15 0 0 0 
2 15 15 0 0 0 
3 15 15 0 0 0 
4 15 15 0 0 0 
5 15 15 0 0 0 
6 15 15 0 0 0 
7 15 15 0 0 0 
8 15 15 0 0 0 
9 15 15 0 0 0 
10 15 15 0 0 0 
11 15 15 0 0 0 
12 15 15 0 0 0 
13 15 15 0 0 0 
14 15 15 0 0 0 
15 15 15 0 0 0 
0 0 0 0 0 0 
1 0 0 0 0 0 
2 0 0 0 0 0 
3 0 0 0 0 0 
4 0 0 0 0 0 
5 0 0 0 0 0 
6 0 0 0 0 0 
7 0 0 0 0 0 
8 0 0 0 0 0 
9 0 0 0 0 0 
10 0 0 0 0 0 
11 0 0 0 0 0 
12 0 0 0 0 0 
13 0 0 0 0 0 
14 0 0 0 0 0 
15 0 0 0 0 0 
0 1 1 0 0 0 
1 1 1 0 0 0 
2 1 1 0 0 0 
3 1 1 0 0 0 
4 1 1 0 0 0 
5 1 1 0 0 0 
6 1 1 0 0 0 
7 1 1 0 0 0 
8 1 1 0 0 0 
9 1 1 0 0 0 
10 1 1 0 0 0 
11 1 1 0 0 0 
12 1 1 0 0 0 
13 1 1 0 0 0 
14 1 1 0 0 0 
15 1 1 0 0 0 
0 2 2 0 0 0 
1 2 2 0 0 0 
2 2 2 0 0 0 
3 2 2 0 0 0 
4 2 2 0 0 0 
5 2 2 0 0 0 
6 2 2 0 0 0 
7 2 2 0 0 0 
8 2 2 0 0 0 
9 2 2 0 0 0 
10 2 2 0 0 0 
11 2 2 0 0 0 
12 2 2 0 0 0 
13 2 2 0 0 0 
14 2 2 0 0 0 
15 2 2 0 0 0 
0 3 3 0.189207 0.000377183 -0.000112571 
1 3 3 0.18814 0.000215565 -7.53385e-05 
2 3 3 0.187917 4.28622e-05 -3.67453e-05 
3 3 3 0.188491 -0.000122559 -1.53912e-06 
4 3 3 0.189719 -0.000259544 2.58661e-05 
5 3 3 0.191382 -0.000348466 4.55006e-05 
6 3 3 0.193213 -0.000377858 5.80138e-05 
7 3 3 0.194936 -0.000346659 5.93608e-05 
8 3 3 0.196311 -0.000266186 4.38462e-05 
9 3 3 0.197189 -0.00015906 8.47767e-06 
10 3 3 0.197531 -5.1768e-05 -3.60261e-05 
11 3 3 0.197419 3.46627e-05 -6.93199e-05 
12 3 3 0.197009 9.0798e-05 -7.93176e-05 
13 3 3 0.196454 0.000125867 -6.96956e-05 
14 3 3 0.195636 0.000392262 -6.86621e-05 
15 3 3 0.207304 -0.00554092 0.000337435 
0 4 4 0.703563 0.00220372 -0.000472364 
1 4 4 0.701202 0.000990773 -0.000310832 
2 4 4 0.701036 -0.000225499 -0.000120613 
3 4 4 0.702866 -0.00130972 6.48364e-05 
4 4 4 0.706262 -0.0021245 0.000217936 
5 4 4 0.710611 -0.00255769 0.000319954 
6 4 4 0.71519 -0.00255718 0.000363701 
7 4 4 0.719279 -0.00215493 0.000345849 
8 4 4 0.722301 -0.00147149 0.000265971 
9 4 4 0.723951 -0.00068521 0.000130392 
10 4 4 0.724242 2.81522e-05 -3.30335e-05 
11 4 4 0.723456 0.000550284 -0.000176095 
12 4 4 0.722023 0.000842602 -0.00026036 
13 4 4 0.720372 0.000955181 -0.000282944 
14 4 4 0.718909 0.00143446 -0.000348091 
15 4 4 0.728858 -0.00600467 0.000628052 
0 5 5 1.55127 0.00773445 -0.00120689 
1 5 5 1.54688 0.00396955 -0.000657522 
2 5 5 1.54423 0.000128909 -4.43813e-05 
3 5 5 1.54335 -0.00339236 0.0005611 
4 5 5 1.54413 -0.0061789 0.00107446 
5 5 5 1.54628 -0.00784607 0.00141462 
6 5 5 1.54936 -0.00813706 0.00152624 
7 5 5 1.55271 -0.00703876 0.00139537 
8 5 5 1.5556 -0.0048657 0.00105697 
9 5 5 1.5574 -0.00221201 0.000587607 
10 5 5 1.55781 0.000264184 9.08796e-05 
11 5 5 1.55693 0.00209476 -0.000327356 
12 5 5 1.5552 0.00311077 -0.000599558 
13 5 5 1.55313 0.00337533 -0.000713222 
14 5 5 1.5514 0.00295968 -0.000679204 
15 5 5 1.54578 -0.00346168 0.000491543 
0 6 6 2.18622 0.0131969 -0.00236851 
1 6 6 2.18582 0.00861416 -0.00115176 
2 6 6 2.1823 0.00363223 0.000114047 
3 6 6 2.1761 -0.00129544 0.00134375 
4 6 6 2.16792 -0.00565012 0.0024221 
5 6 6 2.15872 -0.00886805 0.00320591 
6 6 6 2.14967 -0.0104202 0.00355112 
7 6 6 2.14192 -0.00997162 0.00336331 
8 6 6 2.13631 -0.00761636 0.00266247 
9 6 6 2.1331 -0.004013 0.00161774 
10 6 6 2.13191 -0.000193648 0.000506387 
11 6 6 2.13205 0.00291295 -0.000405736 
12 6 6 2.13284 0.00483686 -0.000979962 
13 6 6 2.13373 0.00552782 -0.00120657 
14 6 6 2.13428 0.00500416 -0.00109098 
15 6 6 2.12972 0.00146514 -4.64504e-05 
0 7 7 2.52479 0.0107786 -0.0039718 
1 7 7 2.53462 0.00886095 -0.00219198 
2 7 7 2.53727 0.00638915 -0.000325672 
3 7 7 2.53287 0.0035888 0.00151149 
4 7 7 2.52203 0.000761354 0.00318143 
5 7 7 2.506 -0.00173197 0.00450476 
6 7 7 2.4867 -0.00349684 0.00526491 
7 7 7 2.46675 -0.0041707 0.00525804 
8 7 7 2.4491 -0.0035761 0.00440862 
9 7 7 2.43626 -0.00189649 0.00289782 
10 7 7 2.42945 0.000313212 0.00116067 
11 7 7 2.42819 0.00239897 -0.000325724 
12 7 7 2.43084 0.00391703 -0.00128368 
13 7 7 2.43542 0.00470221 -0.00167399 
14 7 7 2.44009 0.00473652 -0.00155547 
15 7 7 2.43852 0.00354976 -0.000557131 
0 8 8 2.54028 0.0024604 -0.00466955 
1 8 8 2.55267 0.00436044 -0.00273823 
2 8 8 2.55766 0.0058697 -0.000658559 
3 8 8 2.55512 0.00693982 0.00141571 
4 8 8 2.54552 0.00757241 0.00331208 
5 8 8 2.52998 0.00776212 0.00482182 
6 8 8 2.51045 0.0074771 0.00570099 
7 8 8 2.4897 0.00668982 0.00572271 
8 8 8 2.47096 0.00546099 0.00480327 
9 8 8 2.45715 0.00402167 0.00314712 
10 8 8 2.44982 0.00272814 0.00123859 
11 8 8 2.44867 0.00187955 -0.000395953 
12 8 8 2.45205 0.00155798 -0.00144613 
13 8 8 2.45779 0.00165479 -0.00186126 
14 8 8 2.46387 0.00202123 -0.00170942 
15 8 8 2.46359 0.00289809 -0.000657202 
0 9 9 2.24045 -0.00270121 -0.00356329 
1 9 9 2.24609 0.00161451 -0.00182721 
2 9 9 2.24734 0.00566109 -1.56242e-06 
3 9 9 2.2443 0.00919074 0.00174364 
4 9 9 2.23757 0.0119468 0.00322964 
5 9 9 2.22825 0.0136236 0.00426779 
6 9 9 2.21789 0.0139052 0.00467961 
7 9 9 2.20825 0.0126098 0.0043574 
8 9 9 2.20088 0.00990734 0.00335248 
9 9 9 2.19669 0.00643577 0.00192603 
10 9 9 2.19572 0.00310318 0.000471657 
11 9 9 2.19733 0.00064389 -0.000664469 
12 9 9 2.20058 -0.000675885 -0.00131727 
13 9 9 2.2045 -0.000958932 -0.00148912 
14 9 9 2.20819 -0.000324539 -0.00122239 
15 9 9 2.20612 0.00266231 -4.56208e-05 
0 10 10 1.66394 -0.00246841 -0.00141437 
1 10 10 1.66459 0.00130447 -0.000315427 
2 10 10 1.66529 0.00485737 0.000742512 
3 10 10 1.66613 0.00789111 0.00164419 
4 10 10 1.6673 0.0100918 0.00228544 
5 10 10 1.66898 0.0111567 0.00258279 
6 10 10 1.67125 0.0108825 0.00249288 
7 10 10 1.67399 0.00929774 0.00204231 
8 10 10 1.67687 0.00675982 0.00134407 
9 10 10 1.67945 0.00389706 0.000576883 
10 10 10 1.68144 0.00136767 -8.04522e-05 
11 10 10 1.68278 -0.000405948 -0.00051385 
12 10 10 1.68362 -0.00132599 -0.00069665 
13 10 10 1.68416 -0.00150506 -0.000664538 
14 10 10 1.68471 -0.000979743 -0.000443736 
15 10 10 1.68085 0.00467014 0.000866731 
0 11 11 0.845064 -0.00102741 -0.000138791 
1 11 11 0.844744 0.000404156 0.000202851 
2 11 11 0.846208 0.00175599 0.000492626 
3 11 11 0.849317 0.00288766 0.000697579 
4 11 11 0.853757 0.00366321 0.00079599 
5 11 11 0.859025 0.00397537 0.000782558 
6 11 11 0.864471 0.00378016 0.000668034 
7 11 11 0.869417 0.00313537 0.000482632 
8 11 11 0.873301 0.00220402 0.000270271 
9 11 11 0.875823 0.00120861 7.7573e-05 
10 11 11 0.877002 0.000350423 -6.25173e-05 
11 11 11 0.877114 -0.000250946 -0.000135919 
12 11 11 0.876543 -0.000571602 -0.000146026 
13 11 11 0.875669 -0.000676391 -0.000114039 
14 11 11 0.87492 -0.00102217 -0.000117746 
15 11 11 0.88029 0.00624364 0.00112344 
0 12 12 0.316516 -0.000341964 4.19855e-05 
1 12 12 0.315882 -4.86551e-05 0.000108985 
2 12 12 0.316381 0.000240422 0.000157765 
3 12 12 0.31793 0.000492612 0.00018206 
4 12 12 0.320315 0.00067734 0.000181 
5 12 12 0.32321 0.000771501 0.000160357 
6 12 12 0.326222 0.000762032 0.000125256 
7 12 12 0.32896 0.000656351 8.36498e-05 
8 12 12 0.331111 0.000482734 4.3028e-05 
9 12 12 0.33251 0.000284469 1.06013e-05 
10 12 12 0.333156 0.000102889 -1.08815e-05 
11 12 12 0.333187 -3.30573e-05 -1.96924e-05 
12 12 12 0.332812 -0.000113706 -1.6163e-05 
13 12 12 0.332228 -0.000156528 -7.63833e-06 
14 12 12 0.331305 -0.000502228 -5.78485e-05 
15 12 12 0.349073 0.00610559 0.000971679 
0 13 13 0 0 0 
1 13 13 0 0 0 
2 13 13 0 0 0 
3 13 13 0 0 0 
4 13 13 0 0 0 
5 13 13 0 0 0 
6 13 13 0 0 0 
7 13 13 0 0 0 
8 13 13 0 0 0 
9 13 13 0 0 0 
10 13 13 0 0 0 
11 13 13 0 0 0 
12 13 13 0 0 0 
13 13 13 0 0 0 
14 13 13 0 0 0 
15 13 13 0 0 0 
0 14 14 0 0 0 
1 14 14 0 0 0 
2 14 14 0 0 0 
3 14 14 0 0 0 
4 14 14 0 0 0 
5 14 14 0 0 0 
6 14 14 0 0 0 
7 14 14 0 0 0 
8 14 14 0 0 0 
9 14 14 0 0 0 
10 14 14 0 0 0 
11 14 14 0 0 0 
12 14 14 0 0 0 
13 14 14 0 0 0 
14 14 14 0 0 0 
15 14 14 0 0 0 
0 15 15 0 0 0 
1 15 15 0 0 0 
2 15 15 0 0 0 
3 15 15 0 0 0 
4 15 15 0 0 0 
5 15 15 0 0 0 
6 15 15 0 0 0 
7 15 15 0 0 0 
8 15 15 0 0 0 
9 15 15 0 0 0 
10 15 15 0 0 0 
11 15 15 0 0 0 
12 15 15 0 0 0 
13 15 15 0 0 0 
14 15 15 0 0 0 
15 15 15 0 0 0 
0 0 0 0 0 0 
1 0 0 0 0 0 
2 0 0 0 0 0 
3 0 0 0 0 0 
4 0 0 0 0 0 
5 0 0 0 0 0 
6 0 0 0 0 0 
7 0 0 0 0 0 
8 0 0 0 0 0 
9 0 0 0 0 0 
10 0 0 0 0 0 
11 0 0 0 0 0 
12 0 0 0 0 0 
13 0 0 0 0 0 
14 0 0 0 0 0 
15 0 0 0 0 0 
0 1 1 0 0 0 
1 1 1 0 0 0 
2 1 1 0 0 0 
3 1 1 0 0 0 
4 1 1 0 0 0 
5 1 1 0 0 0 
6 1 1 0 0 0 
7 1 1 0 0 0 
8 1 1 0 0 0 
9 1 1 0 0 0 
10 1 1 0 0 0 
11 1 1 0 0 0 
12 1 1 0 0 0 
13 1 1 0 0 0 
14 1 1 0 0 0 
15 1 1 0 0 0 
0 2 2 0 0 0 
1 2 2 0 0 0 
2 2 2 0 0 0 
3 2 2 0 0 0 
4 2 2 0 0 0 
5 2 2 0 0 0 
6 2 2 0 0 0 
7 2 2 0 0 0 
8 2 2 0 0 0 
9 2 2 0 0 0 
10 2 2 0 0 0 
11 2 2 0 0 0 
12 2 2 0 0 0 
13 2 2 0 0 0 
14 2 2 0 0 0 
15 2 2 0 0 0 
0 3 3 0.139952 0.000169968 -0.000221033 
1 3 3 0.139041 7.85002e-05 -0.000192131 
2 3 3 0.138783 -1.359e-05 -0.000144732 
3 3 3 0.139161 -0.000101244 -8.68032e-05 
4 3 3 0.140086 -0.000169983 -2.8193e-05 
5 3 3 0.141377 -0.000211919 2.15877e-05 
6 3 3 0.14283 -0.000222295 5.55916e-05 
7 3 3 0.144224 -0.000201121 6.75444e-05 
8 3 3 0.14536 -0.000155362 5.64061e-05 
9 3 3 0.14611 -9.74677e-05 2.50646e-05 
10 3 3 0.14644 -4.12747e-05 -1.57209e-05 
11 3 3 0.146406 3.30359e-06 -5.25512e-05 
12 3 3 0.146121 3.23928e-05 -7.64473e-05 
13 3 3 0.145702 5.05503e-05 -8.79787e-05 
14 3 3 0.145069 0.000172842 -0.000144624 
15 3 3 0.146783 -0.00452993 0.00165372 
0 4 4 0.562354 0.00124412 -0.00097691 
1 4 4 0.560415 0.000433097 -0.000748032 
2 4 4 0.560412 -0.000350245 -0.000437133 
3 4 4 0.562169 -0.00102401 -9.35245e-05 
4 4 4 0.565304 -0.00150717 0.000226645 
5 4 4 0.569259 -0.00173641 0.00046938 
6 4 4 0.57339 -0.00169107 0.000594965 
7 4 4 0.57706 -0.00140118 0.000587674 
8 4 4 0.579775 -0.000949614 0.000460001 
9 4 4 0.581286 -0.000450951 0.000249267 
10 4 4 0.581623 -1.26925e-05 9.77017e-06 
11 4 4 0.581033 0.000298358 -0.000203883 
12 4 4 0.579876 0.000465439 -0.000355302 
13 4 4 0.578496 0.000529363 -0.000444391 
14 4 4 0.577064 0.00103096 -0.000721298 
15 4 4 0.594854 -0.00568187 0.00204279 
0 5 5 1.24474 0.00458897 -0.00232959 
1 5 5 1.24113 0.00193032 -0.00137337 
2 5 5 1.23991 -0.000670849 -0.000279471 
3 5 5 1.24097 -0.00294111 0.000828972 
4 5 5 1.24397 -0.00461595 0.00179673 
5 5 5 1.24834 -0.00547588 0.00246189 
6 5 5 1.25332 -0.0054103 0.00270212 
7 5 5 1.25805 -0.00448074 0.00248111 
8 5 5 1.26171 -0.00295012 0.00187478 
9 5 5 1.26379 -0.00122305 0.00105161 
10 5 5 1.26419 0.000299404 0.000211406 
11 5 5 1.26321 0.0013621 -0.000485847 
12 5 5 1.26137 0.0018975 -0.000958338 
13 5 5 1.25924 0.00198606 -0.00120358 
14 5 5 1.25752 0.00185239 -0.00131703 
15 5 5 1.25112 -0.00459029 0.00229738 
0 6 6 1.87612 0.00943641 -0.00446636 
1 6 6 1.87294 0.0054717 -0.00193613 
2 6 6 1.86946 0.00136598 0.000678126 
3 6 6 1.86595 -0.00245044 0.00317527 
4 6 6 1.86276 -0.00554635 0.00529028 
5 6 6 1.86024 -0.00751888 0.00671762 
6 6 6 1.85868 -0.00806898 0.00718449 
7 6 6 1.85814 -0.00711932 0.00656519 
8 6 6 1.85839 -0.00493624 0.00499725 
9 6 6 1.85895 -0.00212944 0.00289764 
10 6 6 1.85934 0.000557027 0.000809494 
11 6 6 1.85929 0.0025553 -0.000838487 
12 6 6 1.85879 0.00363902 -0.00186415 
13 6 6 1.858 0.00385144 -0.00227607 
14 6 6 1.85715 0.00322809 -0.00203773 
15 6 6 1.85206 -0.000646832 0.00129365 
0 7 7 2.20511 0.00958869 -0.00743994 
1 7 7 2.2066 0.00722319 -0.00336142 
2 7 7 2.20451 0.00445468 0.000804071 
3 7 7 2.1992 0.00162538 0.00475868 
4 7 7 2.19137 -0.000914371 0.00814502 
5 7 7 2.18204 -0.002829 0.0105389 
6 7 7 2.17251 -0.00383434 0.0115111 
7 7 7 2.16414 -0.00376515 0.0107813 
8 7 7 2.15799 -0.00267948 0.00844314 
9 7 7 2.15448 -0.000916544 0.00509444 
10 7 7 2.15338 0.000994186 0.00165491 
11 7 7 2.15401 0.00256143 -0.00107476 
12 7 7 2.15557 0.00351417 -0.00272626 
13 7 7 2.1574 0.0038014 -0.00330637 
14 7 7 2.1589 0.00345281 -0.00285724 
15 7 7 2.15506 0.00189481 0.0003042 
0 8 8 2.22424 0.00448343 -0.00870099 
1 8 8 2.22776 0.00506454 -0.00406655 
2 8 8 2.22726 0.00526595 0.000698189 
3 8 8 2.22298 0.00520416 0.00520297 
4 8 8 2.21559 0.00498117 0.00902038 
5 8 8 2.20617 0.00465238 0.0116767 
6 8 8 2.19618 0.00422847 0.01271 
7 8 8 2.18716 0.00370781 0.0118337 
8 8 8 2.1804 0.00312122 0.00917754 
9 8 8 2.17658 0.00255631 0.00542605 
10 8 8 2.17557 0.00211913 0.0016115 
11 8 8 2.17669 0.00186263 -0.0013727 
12 8 8 2.17909 0.00175326 -0.00311868 
13 8 8 2.18193 0.00172026 -0.00364382 
14 8 8 2.18448 0.00175155 -0.0030329 
15 8 8 2.18147 0.00236566 0.000262402 
0 9 9 1.93829 -0.000117865 -0.00617203 
1 9 9 1.93951 0.0023693 -0.0022166 
2 9 9 1.93909 0.00464731 0.00171995 
3 9 9 1.93727 0.00660744 0.0052572 
4 9 9 1.93449 0.00809703 0.00801804 
5 9 9 1.93144 0.00891643 0.0096433 
6 9 9 1.92881 0.00887444 0.00985957 
7 9 9 1.92719 0.00789892 0.00860933 
8 9 9 1.92679 0.00615335 0.00618256 
9 9 9 1.92743 0.00405241 0.003216 
10 9 9 1.92872 0.00210217 0.000466045 
11 9 9 1.93029 0.000662534 -0.00151289 
12 9 9 1.93189 -0.000163628 -0.0025297 
13 9 9 1.93338 -0.000438739 -0.00266454 
14 9 9 1.93467 -0.00014005 -0.0019733 
15 9 9 1.93113 0.00284999 0.001622 
0 10 10 1.36868 -0.00142241 -0.00201146 
1 10 10 1.36846 0.00076022 0.000141451 
2 10 10 1.36952 0.00286632 0.00211246 
3 10 10 1.37185 0.00470912 0.00369539 
4 10 10 1.37534 0.00607628 0.00471835 
5 10 10 1.37976 0.00676094 0.00506148 
6 10 10 1.38467 0.00662753 0.00469249 
7 10 10 1.38951 0.00569718 0.00371283 
8 10 10 1.39365 0.00419253 0.00236818 
9 10 10 1.39664 0.0024858 0.000989295 
10 10 10 1.39833 0.000952628 -0.000128107 
11 10 10 1.39892 -0.000167586 -0.000820739 
12 10 10 1.39876 -0.000810726 -0.00107669 
13 10 10 1.39826 -0.00103732 -0.000986646 
14 10 10 1.398 -0.000953236 -0.000668697 
15 10 10 1.3932 0.00489815 0.00319864 
0 11 11 0.651159 -0.000868919 -6.98448e-05 
1 11 11 0.650668 -4.68002e-05 0.000521419 
2 11 11 0.651855 0.0007715 0.00099922 
3 11 11 0.654582 0.00149568 0.00131706 
4 11 11 0.65853 0.00203231 0.00144969 
5 11 11 0.663206 0.00230227 0.00139587 
6 11 11 0.668 0.00226275 0.00118055 
7 11 11 0.672302 0.00193496 0.00085796 
8 11 11 0.675627 0.00140733 0.000502006 
9 11 11 0.677737 0.000810394 0.000187377 
10 11 11 0.678664 0.000268932 -3.45908e-05 
11 11 11 0.678655 -0.00013537 -0.000145146 
12 11 11 0.678052 -0.000376447 -0.000156444 
13 11 11 0.677178 -0.000493225 -0.000107994 
14 11 11 0.676293 -0.00100942 -0.000247228 
15 11 11 0.693218 0.00570328 0.00293971 
0 12 12 0.197067 -0.000272259 0.000105534 
1 12 12 0.196428 -0.000135602 0.000183141 
2 12 12 0.19658 1.31384e-05 0.000231598 
3 12 12 0.197484 0.000155498 0.000249172 
4 12 12 0.199007 0.000273372 0.000237975 
5 12 12 0.200932 0.000350603 0.000205779 
6 12 12 0.202992 0.000373973 0.000159853 
7 12 12 0.204909 0.000341991 0.000109846 
8 12 12 0.206453 0.00026546 6.39766e-05 
9 12 12 0.207488 0.000166455 2.97957e-05 
10 12 12 0.207996 6.78509e-05 9.92428e-06 
11 12 12 0.208061 -1.20047e-05 5.06131e-06 
12 12 12 0.207824 -6.48532e-05 1.19553e-05 
13 12 12 0.207422 -9.79729e-05 2.39536e-05 
14 12 12 0.206725 -0.000311056 -2.62349e-05 
15 12 12 0.216916 0.00523001 0.00230941 
0 13 13 0 0 0 
1 13 13 0 0 0 
2 13 13 0 0 0 
3 13 13 0 0 0 
4 13 13 0 0 0 
5 13 13 0 0 0 
6 13 13 0 0 0 
7 13 13 0 0 0 
8 13 13 0 0 0 
9 13 13 0 0 0 
10 13 13 0 0 0 
11 13 13 0 0 0 
12 13 13 0 0 0 
13 13 13 0 0 0 
14 13 13 0 0 0 
15 13 13 0 0 0 
0 14 14 0 0 0 
1 14 14 0 0 0 
2 14 14 0 0 0 
3 14 14 0 0 0 
4 14 14 0 0 0 
5 14 14 0 0 0 
6 14 14 0 0 0 
7 14 14 0 0 0 
8 14 14 0 0 0 
9 14 14 0 0 0 
10 14 14 0 0 0 
11 14 14 0 0 0 
12 14 14 0 0 0 
13 14 14 0 0 0 
14 14 14 0 0 0 
15 14 14 0 0 0 
0 15 15 0 0 0 
1 15 15 0 0 0 
2 15 15 0 0 0 
3 15 15 0 0 0 
4 15 15 0 0 0 
5 15 15 0 0 0 
6 15 15 0 0 0 
7 15 15 0 0 0 
8 15 15 0 0 0 
9 15 15 0 0 0 
10 15 15 0 0 0 
11 15 15 0 0 0 
12 15 15 0 0 0 
13 15 15 0 0 0 
14 15 15 0 0 0 
15 15 15 0 0 0 
0 0 0 0 0 0 
1 0 0 0 0 0 
2 0 0 0 0 0 
3 0 0 0 0 0 
4 0 0 0 0 0 
5 0 0 0 0 0 
6 0 0 0 0 0 
7 0 0 0 0 0 
8 0 0 0 0 0 
9 0 0 0 0 0 
10 0 0 0 0 0 
11 0 0 0 0 0 
12 0 0 0 0 0 
13 0 0 0 0 0 
14 0 0 0 0 0 
15 0 0 0 0 0 
0 1 1 0 0 0 
1 1 1 0 0 0 
2 1 1 0 0 0 
3 1 1 0 0 0 
4 1 1 0 0 0 
5 1 1 0 0 0 
6 1 1 0 0 0 
7 1 1 0 0 0 
8 1 1 0 0 0 
9 1 1 0 0 0 
10 1 1 0 0 0 
11 1 1 0 0 0 
12 1 1 0 0 0 
13 1 1 0 0 0 
14 1 1 0 0 0 
15 1 1 0 0 0 
0 2 2 0 0 0 
1 2 2 0 0 0 
2 2 2 0 0 0 
3 2 2 0 0 0 
4 2 2 0 0 0 
5 2 2 0 0 0 
6 2 2 0 0 0 
7 2 2 0 0 0 
8 2 2 0 0 0 
9 2 2 0 0 0 
10 2 2 0 0 0 
11 2 2 0 0 0 
12 2 2 0 0 0 
13 2 2 0 0 0 
14 2 2 0 0 0 
15 2 2 0 0 0 
0 3 3 0 0 0 
1 3 3 0 0 0 
2 3 3 0 0 0 
3 3 3 0 0 0 
4 3 3 0 0 0 
5 3 3 0 0 0 
6 3 3 0 0 0 
7 3 3 0 0 0 
8 3 3 0 0 0 
9 3 3 0 0 0 
10 3 3 0 0 0 
11 3 3 0 0 0 
12 3 3 0 0 0 
13 3 3 0 0 0 
14 3 3 0 0 0 
15 3 3 0 0 0 
0 4 4 0.324282 0.000241524 -0.00081945 
1 4 4 0.322897 -7.45154e-05 -0.000683112 
2 4 4 0.322812 -0.000351532 -0.000472625 
3 4 4 0.323933 -0.00056604 -0.000224478 
4 4 4 0.326018 -0.00069859 2.18378e-05 
5 4 4 0.328703 -0.000737489 0.000221858 
6 4 4 0.331558 -0.000684699 0.000340723 
7 4 4 0.334154 -0.000556627 0.000362689 
8 4 4 0.336145 -0.00038429 0.000295286 
9 4 4 0.337342 -0.000206661 0.000164842 
10 4 4 0.337746 -5.9034e-05 9.48878e-06 
11 4 4 0.337502 3.8847e-05 -0.000134099 
12 4 4 0.336838 8.53505e-05 -0.000241543 
13 4 4 0.335968 0.000102015 -0.000312514 
14 4 4 0.334785 0.000426878 -0.00058553 
15 4 4 0.351408 -0.0050931 0.00331028 
0 5 5 0.729843 0.0011268 -0.00188161 
1 5 5 0.727665 -3.23019e-05 -0.00127347 
2 5 5 0.727653 -0.00105767 -0.000532322 
3 5 5 0.729627 -0.001848 0.000244755 
4 5 5 0.733177 -0.00232647 0.000939447 
5 5 5 0.737694 -0.00244881 0.00143264 
6 5 5 0.742447 -0.0022221 0.00163786 
7 5 5 0.746693 -0.001717 0.00153138 
8 5 5 0.74984 -0.00106252 0.00116529 
9 5 5 0.751586 -0.000412274 0.000649558 
10 5 5 0.751968 0.000103809 0.000111913 
11 5 5 0.751283 0.000419459 -0.000344319 
12 5 5 0.749948 0.000535972 -0.000663609 
13 5 5 0.748363 0.000517066 -0.000852608 
14 5 5 0.746907 0.000777454 -0.00128059 
15 5 5 0.755924 -0.00450456 0.00377956 
0 6 6 1.26193 0.00306946 -0.00354011 
1 6 6 1.25885 0.000793166 -0.00168816 
2 6 6 1.25796 -0.00127823 0.000285124 
3 6 6 1.25917 -0.00292544 0.00217699 
4 6 6 1.26218 -0.00398165 0.00374027 
5 6 6 1.26649 -0.00434177 0.00472557 
6 6 6 1.27142 -0.0039959 0.00495593 
7 6 6 1.27613 -0.00306014 0.00440206 
8 6 6 1.27986 -0.00178138 0.00322984 
9 6 6 1.28207 -0.000479355 0.00176023 
10 6 6 1.28268 0.000559958 0.000344287 
11 6 6 1.28197 0.00118052 -0.00076555 
12 6 6 1.28042 0.0013745 -0.00146672 
13 6 6 1.27857 0.00123993 -0.00178351 
14 6 6 1.27707 0.000955725 -0.00187362 
15 6 6 1.27084 -0.00314951 0.00422654 
0 7 7 1.59809 0.00412099 -0.00526145 
1 7 7 1.59548 0.00198177 -0.00182732 
2 7 7 1.59394 -2.02141e-05 0.00162918 
3 7 7 1.59357 -0.00164167 0.00478571 
4 7 7 1.59438 -0.00270916 0.00727876 
5 7 7 1.59629 -0.00312296 0.00874719 
6 7 7 1.59903 -0.0028788 0.00892977 
7 7 7 1.60216 -0.00208402 0.00779245 
8 7 7 1.60504 -0.000963055 0.0056269 
9 7 7 1.60711 0.000187995 0.00300643 
10 7 7 1.60807 0.00109462 0.000564756 
11 7 7 1.60798 0.00159795 -0.00125475 
12 7 7 1.60715 0.00168247 -0.0023008 
13 7 7 1.60599 0.0014338 -0.00263476 
14 7 7 1.60502 0.000954807 -0.00229309 
15 7 7 1.59998 -0.000860147 0.0036386 
0 8 8 1.62511 0.00231851 -0.00546002 
1 8 8 1.6235 0.00159579 -0.00140963 
2 8 8 1.62261 0.000976779 0.00254921 
3 8 8 1.62255 0.000581062 0.006036 
4 8 8 1.62342 0.000449093 0.0086621 
5 8 8 1.62521 0.00055108 0.0100698 
6 8 8 1.62779 0.000803164 0.0100243 
7 8 8 1.6308 0.00109639 0.00854562 
8 8 8 1.63369 0.00132913 0.0060035 
9 8 8 1.63594 0.00143408 0.0030575 
10 8 8 1.63722 0.00138562 0.000407517 
11 8 8 1.63757 0.00119463 -0.00147834 
12 8 8 1.63725 0.000896971 -0.00246615 
13 8 8 1.6366 0.000548491 -0.00265713 
14 8 8 1.63608 0.000238459 -0.00211485 
15 8 8 1.63142 0.000916568 0.00387264 
0 9 9 1.34569 -0.000326338 -0.00320152 
1 9 9 1.34465 0.000190094 -0.000112034 
2 9 9 1.34512 0.000839979 0.00277313 
3 9 9 1.34709 0.00157957 0.0051605 
4 9 9 1.35041 0.00230166 0.006786 
5 9 9 1.35477 0.00286037 0.00744517 
6 9 9 1.35968 0.00311563 0.0070538 
7 9 9 1.36449 0.00299011 0.00572418 
8 9 9 1.36853 0.00251167 0.00379313 
9 9 9 1.37131 0.00180859 0.00174231 
10 9 9 1.3727 0.00104844 1.94226e-05 
11 9 9 1.37291 0.000368571 -0.00111399 
12 9 9 1.37235 -0.000156269 -0.00161809 
13 9 9 1.37146 -0.000503845 -0.00160973 
14 9 9 1.37084 -0.000680454 -0.00127836 
15 9 9 1.36564 0.00265245 0.00499351 
0 10 10 0.808874 -0.00111583 -0.000690055 
1 10 10 0.808168 -0.000488148 0.000654389 
2 10 10 0.809289 0.000239442 0.00181388 
3 10 10 0.812098 0.000983237 0.00267218 
4 10 10 0.816275 0.00163233 0.00314539 
5 10 10 0.821303 0.00207159 0.0031931 
6 10 10 0.826524 0.0022135 0.00283444 
7 10 10 0.831252 0.00203509 0.002165 
8 10 10 0.834927 0.00159442 0.00134723 
9 10 10 0.83725 0.0010124 0.000566855 
10 10 10 0.838245 0.000424135 -3.14537e-05 
11 10 10 0.838188 -6.75034e-05 -0.000380158 
12 10 10 0.837467 -0.000411764 -0.00048991 
13 10 10 0.83646 -0.000618016 -0.000438725 
14 10 10 0.835623 -0.00100384 -0.000620102 
15 10 10 0.838206 0.00408542 0.00476649 
0 11 11 0.379552 -0.000686063 0.000126856 
1 11 11 0.378863 -0.000423955 0.000490078 
2 11 11 0.379451 -0.00010975 0.00076342 
3 11 11 0.381216 0.00021603 0.000925919 
4 11 11 0.383917 0.000504378 0.000970977 
5 11 11 0.387181 0.000707584 0.00090786 
6 11 11 0.390555 0.000788964 0.000757667 
7 11 11 0.393597 0.000739103 0.00055501 
8 11 11 0.395959 0.000580321 0.000341967 
9 11 11 0.397463 0.000360249 0.000159457 
10 11 11 0.398121 0.000132646 3.36514e-05 
11 11 11 0.398098 -5.94694e-05 -2.65909e-05 
12 11 11 0.397632 -0.000193806 -3.03342e-05 
13 11 11 0.396949 -0.000279432 -7.16197e-06 
14 11 11 0.396001 -0.000695479 -0.000259844 
15 11 11 0.413964 0.00485656 0.00391754 
0 12 12 0.0465735 -9.08911e-05 4.88346e-05 
1 12 12 0.0462954 -7.26984e-05 6.62024e-05 
2 12 12 0.0462393 -4.6826e-05 7.40077e-05 
3 12 12 0.0464038 -1.65151e-05 7.30571e-05 
4 12 12 0.0467628 1.37267e-05 6.46723e-05 
5 12 12 0.0472629 3.92402e-05 5.23691e-05 
6 12 12 0.0478314 5.5059e-05 3.8232e-05 
7 12 12 0.048388 5.88397e-05 2.49941e-05 
8 12 12 0.0488592 5.09419e-05 1.43177e-05 
9 12 12 0.0491951 3.52307e-05 7.79e-06 
10 12 12 0.0493784 1.61553e-05 5.16417e-06 
11 12 12 0.0494266 -1.6119e-06 6.17488e-06 
12 12 12 0.0493777 -1.53227e-05 9.55769e-06 
13 12 12 0.049271 -2.51882e-05 1.39064e-05 
14 12 12 0.0490775 -6.64756e-05 8.87442e-06 
15 12 12 0.0471164 0.00202434 0.0013538 
0 13 13 0 0 0 
1 13 13 0 0 0 
2 13 13 0 0 0 
3 13 13 0 0 0 
4 13 13 0 0 0 
5 13 13 0 0 0 
6 13 13 0 0 0 
7 13 13 0 0 0 
8 13 13 0 0 0 
9 13 13 0 0 0 
10 13 13 0 0 0 
11 13 13 0 0 0 
12 13 13 0 0 0 
13 13 13 0 0 0 
14 13 13 0 0 0 
15 13 13 0 0 0 
0 14 14 0 0 0 
1 14 14 0 0 0 
2 14 14 0 0 0 
3 14 14 0 0 0 
4 14 14 0 0 0 
5 14 14 0 0 0 
6 14 14 0 0 0 
7 14 14 0 0 0 
8 14 14 0 0 0 
9 14 14 0 0 0 
10 14 14 0 0 0 
11 14 14 0 0 0 
12 14 14 0 0 0 
13 14 14 0 0 0 
14 14 14 0 0 0 
15 14 14 0 0 0 
0 15 15 0 0 0 
1 15 15 0 0 0 
2 15 15 0 0 0 
3 15 15 0 0 0 
4 15 15 0 0 0 
5 15 15 0 0 0 
6 15 15 0 0 0 
7 15 15 0 0 0 
8 15 15 0 0 0 
9 15 15 0 0 0 
10 15 15 0 0 0 
11 15 15 0 0 0 
12 15 15 0 0 0 
13 15 15 0 0 0 
14 15 15 0 0 0 
15 15 15 0 0 0 
0 0 0 0 0 0 
1 0 0 0 0 0 
2 0 0 0 0 0 
3 0 0 0 0 0 
4 0 0 0 0 0 
5 0 0 0 0 0 
6 0 0 0 0 0 
7 0 0 0 0 0 
8 0 0 0 0 0 
9 0 0 0 0 0 
10 0 0 0 0 0 
11 0 0 0 0 0 
12 0 0 0 0 0 
13 0 0 0 0 0 
14 0 0 0 0 0 
15 0 0 0 0 0 
0 1 1 0 0 0 
1 1 1 0 0 0 
2 1 1 0 0 0 
3 1 1 0 0 0 
4 1 1 0 0 0 
5 1 1 0 0 0 
6 1 1 0 0 0 
7 1 1 0 0 0 
8 1 1 0 0 0 
9 1 1 0 0 0 
10 1 1 0 0 0 
11 1 1 0 0 0 
12 1 1 0 0 0 
13 1 1 0 0 0 
14 1 1 0 0 0 
15 1 1 0 0 0 
0 2 2 0 0 0 
1 2 2 0 0 0 
2 2 2 0 0 0 
3 2 2 0 0 0 
4 2 2 0 0 0 
5 2 2 0 0 0 
6 2 2 0 0 0 
7 2 2 0 0 0 
8 2 2 0 0 0 
9 2 2 0 0 0 
10 2 2 0 0 0 
11 2 2 0 0 0 
12 2 2 0 0 0 
13 2 2 0 0 0 
14 2 2 0 0 0 
15 2 2 0 0 0 
0 3 3 0 0 0 
1 3 3 0 0 0 
2 3 3 0 0 0 
3 3 3 0 0 0 
4 3 3 0 0 0 
5 3 3 0 0 0 
6 3 3 0 0 0 
7 3 3 0 0 0 
8 3 3 0 0 0 
9 3 3 0 0 0 
10 3 3 0 0 0 
11 3 3 0 0 0 
12 3 3 0 0 0 
13 3 3 0 0 0 
14 3 3 0 0 0 
15 3 3 0 0 0 
0 4 4 0.0610005 -5.41938e-05 -0.000168776 
1 4 4 0.0605588 -8.47262e-05 -0.000155236 
2 4 4 0.0604144 -0.000103576 -0.000125206 
3 4 4 0.0605636 -0.000110626 -8.44962e-05 
4 4 4 0.0609673 -0.000107897 -3.96043e-05 
5 4 4 0.0615544 -9.73286e-05 4.68941e-07 
6 4 4 0.0622305 -8.16979e-05 2.89247e-05 
7 4 4 0.0628905 -6.36686e-05 4.13874e-05 
8 4 4 0.0634404 -4.60625e-05 3.82493e-05 
9 4 4 0.0638148 -3.13002e-05 2.25418e-05 
10 4 4 0.0639958 -2.14809e-05 3.118e-07 
11 4 4 0.0640059 -1.71101e-05 -2.22476e-05 
12 4 4 0.0638947 -1.707e-05 -4.05267e-05 
13 4 4 0.0637107 -1.82733e-05 -5.32451e-05 
14 4 4 0.0634262 7.22872e-06 -8.59045e-05 
15 4 4 0.0612955 -0.00193943 0.00181898 
0 5 5 0.331318 -0.000209487 -0.000933932 
1 5 5 0.329988 -0.000518498 -0.000734784 
2 5 5 0.329956 -0.000734843 -0.000459288 
3 5 5 0.33113 -0.000845115 -0.000146835 
4 5 5 0.333268 -0.000854376 0.000151876 
5 5 5 0.33601 -0.000776451 0.000383692 
6 5 5 0.33892 -0.00063413 0.00050991 
7 5 5 0.341563 -0.000458256 0.000514466 
8 5 5 0.343593 -0.0002832 0.000411265 
9 5 5 0.344822 -0.000139044 0.000238108 
10 5 5 0.345252 -4.64864e-05 4.28207e-05 
11 5 5 0.345033 -9.623e-06 -0.000132082 
12 5 5 0.344392 -1.75307e-05 -0.000260856 
13 5 5 0.34354 -4.22501e-05 -0.000345345 
14 5 5 0.342372 0.000173017 -0.000707659 
15 5 5 0.359117 -0.00391795 0.00473099 
0 6 6 0.589702 -0.000285674 -0.00163977 
1 6 6 0.588085 -0.000956857 -0.000988422 
2 6 6 0.588333 -0.00142352 -0.000250709 
3 6 6 0.590289 -0.00165661 0.000484049 
4 6 6 0.593594 -0.00165901 0.00110752 
5 6 6 0.597708 -0.00146189 0.00151524 
6 6 6 0.601988 -0.00112593 0.00164365 
7 6 6 0.605795 -0.000728639 0.00148516 
8 6 6 0.608637 -0.000352913 0.00110097 
9 6 6 0.610267 -6.70097e-05 0.000601375 
10 6 6 0.610725 9.07615e-05 0.000104602 
11 6 6 0.610265 0.000120684 -0.000299295 
12 6 6 0.609237 5.38969e-05 -0.000567904 
13 6 6 0.60797 -5.4322e-05 -0.000719707 
14 6 6 0.60664 7.95202e-05 -0.00125695 
15 6 6 0.625503 -0.00315967 0.005394 
0 7 7 0.774223 -0.000446478 -0.00201404 
1 7 7 0.772577 -0.00119269 -0.000775803 
2 7 7 0.773003 -0.00166399 0.000487 
3 7 7 0.775332 -0.00183506 0.00163345 
4 7 7 0.779183 -0.00172598 0.0025121 
5 7 7 0.783967 -0.00139408 0.00299163 
6 7 7 0.788969 -0.000934272 0.00300166 
7 7 7 0.793452 -0.000453249 0.00256558 
8 7 7 0.796829 -5.09103e-05 0.0018121 
9 7 7 0.798798 0.00020339 0.000938043 
10 7 7 0.799392 0.000284668 0.000135324 
11 7 7 0.798911 0.000213751 -0.000466978 
12 7 7 0.797766 4.25379e-05 -0.000824895 
13 7 7 0.796353 -0.000163222 -0.000984899 
14 7 7 0.795076 -0.000245784 -0.00144303 
15 7 7 0.803857 -0.00175012 0.00577095 
0 8 8 0.795293 -0.000848216 -0.00159867 
1 8 8 0.793912 -0.00129471 -0.0001444 
2 8 8 0.79456 -0.00146476 0.0012368 
3 8 8 0.797078 -0.00136365 0.00239779 
4 8 8 0.801093 -0.00104749 0.00320051 
5 8 8 0.806033 -0.000605924 0.00354034 
6 8 8 0.811185 -0.00014862 0.00337796 
7 8 8 0.815817 0.000222384 0.00277242 
8 8 8 0.819339 0.000437659 0.00188408 
9 8 8 0.821445 0.000475569 0.000930517 
10 8 8 0.822166 0.000358617 0.000108248 
11 8 8 0.8218 0.000139667 -0.000464338 
12 8 8 0.820759 -0.000117919 -0.000762743 
13 8 8 0.819438 -0.000356389 -0.000855761 
14 8 8 0.818264 -0.000588087 -0.00125569 
15 8 8 0.826021 0.000244151 0.0060742 
0 9 9 0.636313 -0.00118196 -0.000677001 
1 9 9 0.635314 -0.00122415 0.000376757 
2 9 9 0.636099 -0.00105291 0.0013108 
3 9 9 0.638522 -0.000708486 0.0020307 
4 9 9 0.64224 -0.000268688 0.00246184 
5 9 9 0.646734 0.000169706 0.00256132 
6 9 9 0.651366 0.000511416 0.0023327 
7 9 9 0.655503 0.000688631 0.00184091 
8 9 9 0.65865 0.000681111 0.00120668 
9 9 9 0.660561 0.000518552 0.000574979 
10 9 9 0.661275 0.000261061 6.43086e-05 
11 9 9 0.661048 -2.40708e-05 -0.000262546 
12 9 9 0.660232 -0.000280302 -0.000403851 
13 9 9 0.659163 -0.000477239 -0.000422404 
14 9 9 0.658086 -0.000801274 -0.00085836 
15 9 9 0.674632 0.00208856 0.00601457 
0 10 10 0.371989 -0.000926657 -1.26912e-05 
1 10 10 0.371178 -0.000821201 0.000414869 
2 10 10 0.371651 -0.000602452 0.000759108 
3 10 10 0.37331 -0.000307867 0.000990537 
4 10 10 0.375911 7.22987e-06 0.00109358 
5 10 10 0.379082 0.000282077 0.00106884 
6 10 10 0.382374 0.000462866 0.000931374 
7 10 10 0.385342 0.000519543 0.000714232 
8 10 10 0.38764 0.000455072 0.000464701 
9 10 10 0.389089 0.000303029 0.000234687 
10 10 10 0.3897 0.000110545 6.1093e-05 
11 10 10 0.389637 -7.685e-05 -3.89216e-05 
12 10 10 0.389135 -0.000227579 -7.00475e-05 
13 10 10 0.388419 -0.000335108 -6.49003e-05 
14 10 10 0.387421 -0.000665796 -0.000430364 
15 10 10 0.405322 0.0033014 0.0052143 
0 11 11 0.103738 -0.000268116 8.82236e-05 
1 11 11 0.103196 -0.00024179 0.000153762 
2 11 11 0.103128 -0.000187417 0.000196116 
3 11 11 0.103525 -0.000113749 0.000214412 
4 11 11 0.10432 -3.41693e-05 0.0002104 
5 11 11 0.105396 3.7493e-05 0.000189964 
6 11 11 0.106594 8.71147e-05 0.000157381 
7 11 11 0.107745 0.000107186 0.000118885 
8 11 11 0.1087 9.75862e-05 8.05146e-05 
9 11 11 0.109362 6.59012e-05 4.92944e-05 
10 11 11 0.109704 2.33105e-05 2.81121e-05 
11 11 11 0.10977 -1.91224e-05 1.869e-05 
12 11 11 0.109641 -5.36401e-05 1.89078e-05 
13 11 11 0.109399 -7.80672e-05 2.25017e-05 
14 11 11 0.108968 -0.000153019 -4.51376e-05 
15 11 11 0.109641 0.00283904 0.00305037 
0 12 12 0 0 0 
1 12 12 0 0 0 
2 12 12 0 0 0 
3 12 12 0 0 0 
4 12 12 0 0 0 
5 12 12 0 0 0 
6 12 12 0 0 0 
7 12 12 0 0 0 
8 12 12 0 0 0 
9 12 12 0 0 0 
10 12 12 0 0 0 
11 12 12 0 0 0 
12 12 12 0 0 0 
13 12 12 0 0 0 
14 12 12 0 0 0 
15 12 12 0 0 0 
0 13 13 0 0 0 
1 13 13 0 0 0 
2 13 13 0 0 0 
3 13 13 0 0 0 
4 13 13 0 0 0 
5 13 13 0 0 0 
6 13 13 0 0 0 
7 13 13 0 0 0 
8 13 13 0 0 0 
9 13 13 0 0 0 
10 13 13 0 0 0 
11 13 13 0 0 0 
12 13 13 0 0 0 
13 13 13 0 0 0 
14 13 13 0 0 0 
15 13 13 0 0 0 
0 14 14 0 0 0 
1 14 14 0 0 0 
2 14 14 0 0 0 
3 14 14 0 0 0 
4 14 14 0 0 0 
5 14 14 0 0 0 
6 14 14 0 0 0 
7 14 14 0 0 0 
8 14 14 0 0 0 
9 14 14 0 0 0 
10 14 14 0 0 0 
11 14 14 0 0 0 
12 14 14 0 0 0 
13 14 14 0 0 0 
14 14 14 0 0 0 
15 14 14 0 0 0 
0 15 15 0 0 0 
1 15 15 0 0 0 
2 15 15 0 0 0 
3 15 15 0 0 0 
4 15 15 0 0 0 
5 15 15 0 0 0 
6 15 15 0 0 0 
7 15 15 0 0 0 
8 15 15 0 0 0 
9 15 15 0 0 0 
10 15 15 0 0 0 
11 15 15 0 0 0 
12 15 15 0 0 0 
13 15 15 0 0 0 
14 15 15 0 0 0 
15 15 15 0 0 0 
0 0 0 0 0 0 
1 0 0 0 0 0 
2 0 0 0 0 0 
3 0 0 0 0 0 
4 0 0 0 0 0 
5 0 0 0 0 0 
6 0 0 0 0 0 
7 0 0 0 0 0 
8 0 0 0 0 0 
9 0 0 0 0 0 
10 0 0 0 0 0 
11 0 0 0 0 0 
12 0 0 0 0 0 
13 0 0 0 0 0 
14 0 0 0 0 0 
15 0 0 0 0 0 
0 1 1 0 0 0 
1 1 1 0 0 0 
2 1 1 0 0 0 
3 1 1 0 0 0 
4 1 1 0 0 0 
5 1 1 0 0 0 
6 1 1 0 0 0 
7 1 1 0 0 0 
8 1 1 0 0 0 
9 1 1 0 0 0 
10 1 1 0 0 0 
11 1 1 0 0 0 
12 1 1 0 0 0 
13 1 1 0 0 0 
14 1 1 0 0 0 
15 1 1 0 0 0 
0 2 2 0 0 0 
1 2 2 0 0 0 
2 2 2 0 0 0 
3 2 2 0 0 0 
4 2 2 0 0 0 
5 2 2 0 0 0 
6 2 2 0 0 0 
7 2 2 0 0 0 
8 2 2 0 0 0 
9 2 2 0 0 0 
10 2 2 0 0 0 
11 2 2 0 0 0 
12 2 2 0 0 0 
13 2 2 0 0 0 
14 2 2 0 0 0 
15 2 2 0 0 0 
0 3 3 0 0 0 
1 3 3 0 0 0 
2 3 3 0 0 0 
3 3 3 0 0 0 
4 3 3 0 0 0 
5 3 3 0 0 0 
6 3 3 0 0 0 
7 3 3 0 0 0 
8 3 3 0 0 0 
9 3 3 0 0 0 
10 3 3 0 0 0 
11 3 3 0 0 0 
12 3 3 0 0 0 
13 3 3 0 0 0 
14 3 3 0 0 0 
15 3 3 0 0 0 
0 4 4 0 0 0 
1 4 4 0 0 0 
2 4 4 0 0 0 
3 4 4 0 0 0 
4 4 4 0 0 0 
5 4 4 0 0 0 
6 4 4 0 0 0 
7 4 4 0 0 0 
8 4 4 0 0 0 
9 4 4 0 0 0 
10 4 4 0 0 0 
11 4 4 0 0 0 
12 4 4 0 0 0 
13 4 4 0 0 0 
14 4 4 0 0 0 
15 4 4 0 0 0 
0 5 5 0 0 0 
1 5 5 0 0 0 
2 5 5 0 0 0 
3 5 5 0 0 0 
4 5 5 0 0 0 
5 5 5 0 0 0 
6 5 5 0 0 0 
7 5 5 0 0 0 
8 5 5 0 0 0 
9 5 5 0 0 0 
10 5 5 0 0 0 
11 5 5 0 0 0 
12 5 5 0 0 0 
13 5 5 0 0 0 
14 5 5 0 0 0 
15 5 5 0 0 0 
0 6 6 0.144775 -0.000387025 -0.000369265 
1 6 6 0.14401 -0.000453889 -0.000287291 
2 6 6 0.143868 -0.000460473 -0.000179072 
3 6 6 0.144328 -0.000417479 -5.46518e-05 
4 6 6 0.145324 -0.00033831 6.28341e-05 
5 6 6 0.146654 -0.000241307 0.000153375 
6 6 6 0.148121 -0.000149291 0.000203812 
7 6 6 0.149508 -7.69264e-05 0.000207148 
8 6 6 0.150631 -3.33007e-05 0.000167892 
9 6 6 0.15137 -1.86971e-05 0.000101834 
10 6 6 0.151704 -2.91642e-05 2.66224e-05 
11 6 6 0.151693 -5.61342e-05 -4.06251e-05 
12 6 6 0.151444 -8.95119e-05 -8.99591e-05 
13 6 6 0.151061 -0.000118937 -0.000122409 
14 6 6 0.150482 -9.274e-05 -0.000243951 
15 6 6 0.151345 -0.00208847 0.00434969 
0 7 7 0.268596 -0.000790161 -0.000582132 
1 7 7 0.267563 -0.000885589 -0.00034576 
2 7 7 0.26761 -0.000862016 -8.43663e-05 
3 7 7 0.268668 -0.000743723 0.000170258 
4 7 7 0.270549 -0.000561436 0.000383515 
5 7 7 0.272949 -0.000355015 0.000524018 
6 7 7 0.275507 -0.00017109 0.000570165 
7 7 7 0.277855 -3.99829e-05 0.000519951 
8 7 7 0.279698 2.39065e-05 0.000393091 
9 7 7 0.280867 2.40598e-05 0.000226896 
10 7 7 0.281351 -2.42897e-05 6.04743e-05 
11 7 7 0.281269 -9.94258e-05 -7.47648e-05 
12 7 7 0.280808 -0.000179103 -0.000164274 
13 7 7 0.280142 -0.000244637 -0.000219734 
14 7 7 0.279116 -0.00023667 -0.000554963 
15 7 7 0.293875 -0.0013454 0.00580078 
0 8 8 0.279765 -0.000845888 -0.000332859 
1 8 8 0.278765 -0.000934475 -5.85497e-05 
2 8 8 0.278878 -0.000897757 0.000205374 
3 8 8 0.280032 -0.000758454 0.000431506 
4 8 8 0.282028 -0.000554729 0.000594285 
5 8 8 0.284554 -0.000330948 0.000675058 
6 8 8 0.287235 -0.000134344 0.000664059 
7 8 8 0.28969 1.33357e-06 0.000568725 
8 8 8 0.291615 6.16391e-05 0.000414189 
9 8 8 0.29284 5.20199e-05 0.000238703 
10 8 8 0.293353 -8.95453e-06 7.85702e-05 
11 8 8 0.293282 -9.59812e-05 -4.04871e-05 
12 8 8 0.292821 -0.000183823 -0.000110485 
13 8 8 0.292148 -0.00025015 -0.000150321 
14 8 8 0.291094 -0.000309032 -0.000511408 
15 8 8 0.307735 0.000344547 0.00587446 
0 9 9 0.178426 -0.0005935 -3.78432e-05 
1 9 9 0.177681 -0.000625724 0.000112098 
2 9 9 0.177677 -0.000577442 0.000238846 
3 9 9 0.178381 -0.000464373 0.000332107 
4 9 9 0.179675 -0.000314155 0.000384924 
5 9 9 0.181358 -0.000158298 0.000395486 
6 9 9 0.18318 -2.82619e-05 0.00036435 
7 9 9 0.184883 5.39733e-05 0.000299316 
8 9 9 0.186252 8.06384e-05 0.00021388 
9 9 9 0.187158 5.97823e-05 0.000126939 
10 9 9 0.187577 5.62541e-06 5.37531e-05 
11 9 9 0.187589 -6.19189e-05 4.52513e-06 
12 9 9 0.187322 -0.000124987 -1.98072e-05 
13 9 9 0.186903 -0.000169476 -3.09653e-05 
14 9 9 0.186261 -0.000232068 -0.000182153 
15 9 9 0.191747 0.00179939 0.00518214 
0 10 10 0.0512436 -0.000169817 2.81285e-05 
1 10 10 0.0509236 -0.000170604 5.71761e-05 
2 10 10 0.0508468 -0.00015106 7.73233e-05 
3 10 10 0.0510117 -0.000115516 8.79464e-05 
4 10 10 0.0513879 -7.13921e-05 8.96961e-05 
5 10 10 0.0519194 -2.80796e-05 8.37977e-05 
6 10 10 0.052524 6.80756e-06 7.239e-05 
7 10 10 0.0531157 2.7144e-05 5.7235e-05 
8 10 10 0.0536134 3.12587e-05 4.04708e-05 
9 10 10 0.0539628 2.24839e-05 2.633e-05 
10 10 10 0.0541543 4.8294e-06 1.5223e-05 
11 10 10 0.0541959 -1.54744e-05 9.08214e-06 
12 10 10 0.0541325 -3.35465e-05 7.32197e-06 
13 10 10 0.0540084 -4.69596e-05 7.54598e-06 
14 10 10 0.053799 -6.89731e-05 -2.02825e-05 
15 10 10 0.051669 0.00139827 0.00219929 
0 11 11 0 0 0 
1 11 11 0 0 0 
2 11 11 0 0 0 
3 11 11 0 0 0 
4 11 11 0 0 0 
5 11 11 0 0 0 
6 11 11 0 0 0 
7 11 11 0 0 0 
8 11 11 0 0 0 
9 11 11 0 0 0 
10 11 11 0 0 0 
11 11 11 0 0 0 
12 11 11 0 0 0 
13 11 11 0 0 0 
14 11 11 0 0 0 
15 11 11 0 0 0 
0 12 12 0 0 0 
1 12 12 0 0 0 
2 12 12 0 0 0 
3 12 12 0 0 0 
4 12 12 0 0 0 
5 12 12 0 0 0 
6 12 12 0 0 0 
7 12 12 0 0 0 
8 12 12 0 0 0 
9 12 12 0 0 0 
10 12 12 0 0 0 
11 12 12 0 0 0 
12 12 12 0 0 0 
13 12 12 0 0 0 
14 12 12 0 0 0 
15 12 12 0 0 0 
0 13 13 0 0 0 
1 13 13 0 0 0 
2 13 13 0 0 0 
3 13 13 0 0 0 
4 13 13 0 0 0 
5 13 13 0 0 0 
6 13 13 0 0 0 
7 13 13 0 0 0 
8 13 13 0 0 0 
9 13 13 0 0 0 
10 13 13 0 0 0 
11 13 13 0 0 0 
12 13 13 0 0 0 
13 13 13 0 0 0 
14 13 13 0 0 0 
15 13 13 0 0 0 
0 14 14 0 0 0 
1 14 14 0 0 0 
2 14 14 0 0 0 
3 14 14 0 0 0 
4 14 14 0 0 0 
5 14 14 0 0 0 
6 14 14 0 0 0 
7 14 14 0 0 0 
8 14 14 0 0 0 
9 14 14 0 0 0 
10 14 14 0 0 0 
11 14 14 0 0 0 
12 14 14 0 0 0 
13 14 14 0 0 0 
14 14 14 0 0 0 
15 14 14 0 0 0 
0 15 15 0 0 0 
1 15 15 0 0 0 
2 15 15 0 0 0 
3 15 15 0 0 0 
4 15 15 0 0 0 
5 15 15 0 0 0 
6 15 15 0 0 0 
7 15 15 0 0 0 
8 15 15 0 0 0 
9 15 15 0 0 0 
10 15 15 0 0 0 
11 15 15 0 0 0 
12 15 15 0 0 0 
13 15 15 0 0 0 
14 15 15 0 0 0 
15 15 15 0 0 0 
0 0 0 0 0 0 
1 0 0 0 0 0 
2 0 0 0 0 0 
3 0 0 0 0 0 
4 0 0 0 0 0 
5 0 0 0 0 0 
6 0 0 0 0 0 
7 0 0 0 0 0 
8 0 0 0 0 0 
9 0 0 0 0 0 
10 0 0 0 0 0 
11 0 0 0 0 0 
12 0 0 0 0 0 
13 0 0 0 0 0 
14 0 0 0 0 0 
15 0 0 0 0 0 
0 1 1 0 0 0 
1 1 1 0 0 0 
2 1 1 0 0 0 
3 1 1 0 0 0 
4 1 1 0 0 0 
5 1 1 0 0 0 
6 1 1 0 0 0 
7 1 1 0 0 0 
8 1 1 0 0 0 
9 1 1 0 0 0 
10 1 1 0 0 0 
11 1 1 0 0 0 
12 1 1 0 0 0 
13 1 1 0 0 0 
14 1 1 0 0 0 
15 1 1 0 0 0 
0 2 2 0 0 0 
1 2 2 0 0 0 
2 2 2 0 0 0 
3 2 2 0 0 0 
4 2 2 0 0 0 
5 2 2 0 0 0 
6 2 2 0 0 0 
7 2 2 0 0 0 
8 2 2 0 0 0 
9 2 2 0 0 0 
10 2 2 0 0 0 
11 2 2 0 0 0 
12 2 2 0 0 0 
13 2 2 0 0 0 
14 2 2 0 0 0 
15 2 2 0 0 0 
0 3 3 0 0 0 
1 3 3 0 0 0 
2 3 3 0 0 0 
3 3 3 0 0 0 
4 3 3 0 0 0 
5 3 3 0 0 0 
6 3 3 0 0 0 
7 3 3 0 0 0 
8 3 3 0 0 0 
9 3 3 0 0 0 
10 3 3 0 0 0 
11 3 3 0 0 0 
12 3 3 0 0 0 
13 3 3 0 0 0 
14 3 3 0 0 0 
15 3 3 0 0 0 
0 4 4 0 0 0 
1 4 4 0 0 0 
2 4 4 0 0 0 
3 4 4 0 0 0 
4 4 4 0 0 0 
5 4 4 0 0 0 
6 4 4 0 0 0 
7 4 4 0 0 0 
8 4 4 0 0 0 
9 4 4 0 0 0 
10 4 4 0 0 0 
11 4 4 0 0 0 
12 4 4 0 0 0 
13 4 4 0 0 0 
14 4 4 0 0 0 
15 4 4 0 0 0 
0 5 5 0 0 0 
1 5 5 0 0 0 
2 5 5 0 0 0 
3 5 5 0 0 0 
4 5 5 0 0 0 
5 5 5 0 0 0 
6 5 5 0 0 0 
7 5 5 0 0 0 
8 5 5 0 0 0 
9 5 5 0 0 0 
10 5 5 0 0 0 
11 5 5 0 0 0 
12 5 5 0 0 0 
13 5 5 0 0 0 
14 5 5 0 0 0 
15 5 5 0 0 0 
0 6 6 0 0 0 
1 6 6 0 0 0 
2 6 6 0 0 0 
3 6 6 0 0 0 
4 6 6 0 0 0 
5 6 6 0 0 0 
6 6 6 0 0 0 
7 6 6 0 0 0 
8 6 6 0 0 0 
9 6 6 0 0 0 
10 6 6 0 0 0 
11 6 6 0 0 0 
12 6 6 0 0 0 
13 6 6 0 0 0 
14 6 6 0 0 0 
15 6 6 0 0 0 
0 7 7 0 0 0 
1 7 7 0 0 0 
2 7 7 0 0 0 
3 7 7 0 0 0 
4 7 7 0 0 0 
5 7 7 0 0 0 
6 7 7 0 0 0 
7 7 7 0 0 0 
8 7 7 0 0 0 
9 7 7 0 0 0 
10 7 7 0 0 0 
11 7 7 0 0 0 
12 7 7 0 0 0 
13 7 7 0 0 0 
14 7 7 0 0 0 
15 7 7 0 0 0 
0 8 8 0 0 0 
1 8 8 0 0 0 
2 8 8 0 0 0 
3 8 8 0 0 0 
4 8 8 0 0 0 
5 8 8 0 0 0 
6 8 8 0 0 0 
7 8 8 0 0 0 
8 8 8 0 0 0 
9 8 8 0 0 0 
10 8 8 0 0 0 
11 8 8 0 0 0 
12 8 8 0 0 0 
13 8 8 0 0 0 
14 8 8 0 0 0 
15 8 8 0 0 0 
0 9 9 0 0 0 
1 9 9 0 0 0 
2 9 9 0 0 0 
3 9 9 0 0 0 
4 9 9 0 0 0 
5 9 9 0 0 0 
6 9 9 0 0 0 
7 9 9 0 0 0 
8 9 9 0 0 0 
9 9 9 0 0 0 
10 9 9 0 0 0 
11 9 9 0 0 0 
12 9 9 0 0 0 
13 9 9 0 0 0 
14 9 9 0 0 0 
15 9 9 0 0 0 
0 10 10 0 0 0 
1 10 10 0 0 0 
2 10 10 0 0 0 
3 10 10 0 0 0 
4 10 10 0 0 0 
5 10 10 0 0 0 
6 10 10 0 0 0 
7 10 10 0 0 0 
8 10 10 0 0 0 
9 10 10 0 0 0 
10 10 10 0 0 0 
11 10 10 0 0 0 
12 10 10 0 0 0 
13 10 10 0 0 0 
14 10 10 0 0 0 
15 10 10 0 0 0 
0 11 11 0 0 0 
1 11 11 0 0 0 
2 11 11 0 0 0 
3 11 11 0 0 0 
4 11 11 0 0 0 
5 11 11 0 0 0 
6 11 11 0 0 0 
7 11 11 0 0 0 
8 11 11 0 0 0 
9 11 11 0 0 0 
10 11 11 0 0 0 
11 11 11 0 0 0 
12 11 11 0 0 0 
13 11 11 0 0 0 
14 11 11 0 0 0 
15 11 11 0 0 0 
0 12 12 0 0 0 
1 12 12 0 0 0 
2 12 12 0 0 0 
3 12 12 0 0 0 
4 12 12 0 0 0 
5 12 12 0 0 0 
6 12 12 0 0 0 
7 12 12 0 0 0 
8 12 12 0 0 0 
9 12 12 0 0 0 
10 12 12 0 0 0 
11 12 12 0 0 0 
12 12 12 0 0 0 
13 12 12 0 0 0 
14 12 12 0 0 0 
15 12 12 0 0 0 
0 13 13 0 0 0 
1 13 13 0 0 0 
2 13 13 0 0 0 
3 13 13 0 0 0 
4 13 13 0 0 0 
5 13 13 0 0 0 
6 13 13 0 0 0 
7 13 13 0 0 0 
8 13 13 0 0 0 
9 13 13 0 0 0 
10 13 13 0 0 0 
11 13 13 0 0 0 
12 13 13 0 0 0 
13 13 13 0 0 0 
14 13 13 0 0 0 
15 13 13 0 0 0 
0 14 14 0 0 0 
1 14 14 0 0 0 
2 14 14 0 0 0 
3 14 14 0 0 0 
4 14 14 0 0 0 
5 14 14 0 0 0 
6 14 14 0 0 0 
7 14 14 0 0 0 
8 14 14 0 0 0 
9 14 14 0 0 0 
10 14 14 0 0 0 
11 14 14 0 0 0 
12 14 14 0 0 0 
13 14 14 0 0 0 
14 14 14 0 0 0 
15 14 14 0 0 0 
0 15 15 0 0 0 
1 15 15 0 0 0 
2 15 15 0 0 0 
3 15 15 0 0 0 
4 15 15 0 0 0 
5 15 15 0 0 0 
6 15 15 0 0 0 
7 15 15 0 0 0 
8 15 15 0 0 0 
9 15 15 0 0 0 
10 15 15 0 0 0 
11 15 15 0 0 0 
12 15 15 0 0 0 
13 15 15 0 0 0 
14 15 15 0 0 0 
15 15 15 0 0 0 
0 0 0 0 0 0 
1 0 0 0 0 0 
2 0 0 0 0 0 
3 0 0 0 0 0 
4 0 0 0 0 0 
5 0 0 0 0 0 
6 0 0 0 0 0 
7 0 0 0 0 0 
8 0 0 0 0 0 
9 0 0 0 0 0 
10 0 0 0 0 0 
11 0 0 0 0 0 
12 0 0 0 0 0 
13 0 0 0 0 0 
14 0 0 0 0 0 
15 0 0 0 0 0 
0 1 1 0 0 0 
1 1 1 0 0 0 
2 1 1 0 0 0 
3 1 1 0 0 0 
4 1 1 0 0 0 
5 1 1 0 0 0 
6 1 1 0 0 0 
7 1 1 0 0 0 
8 1 1 0 0 0 
9 1 1 0 0 0 
10 1 1 0 0 0 
11 1 1 0 0 0 
12 1 1 0 0 0 
13 1 1 0 0 0 
14 1 1 0 0 0 
15 1 1 0 0 0 
0 2 2 0 0 0 
1 2 2 0 0 0 
2 2 2 0 0 0 
3 2 2 0 0 0 
4 2 2 0 0 0 
5 2 2 0 0 0 
6 2 2 0 0 0 
7 2 2 0 0 0 
8 2 2 0 0 0 
9 2 2 0 0 0 
10 2 2 0 0 0 
11 2 2 0 0 0 
12 2 2 0 0 0 
13 2 2 0 0 0 
14 2 2 0 0 0 
15 2 2 0 0 0 
0 3 3 0 0 0 
1 3 3 0 0 0 
2 3 3 0 0 0 
3 3 3 0 0 0 
4 3 3 0 0 0 
5 3 3 0 0 0 
6 3 3 0 0 0 
7 3 3 0 0 0 
8 3 3 0 0 0 
9 3 3 0 0 0 
10 3 3 0 0 0 
11 3 3 0 0 0 
12 3 3 0 0 0 
13 3 3 0 0 0 
14 3 3 0 0 0 
15 3 3 0 0 0 
0 4 4 0 0 0 
1 4 4 0 0 0 
2 4 4 0 0 0 
3 4 4 0 0 0 
4 4 4 0 0 0 
5 4 4 0 0 0 
6 4 4 0 0 0 
7 4 4 0 0 0 
8 4 4 0 0 0 
9 4 4 0 0 0 
10 4 4 0 0 0 
11 4 4 0 0 0 
12 4 4 0 0 0 
13 4 4 0 0 0 
14 4 4 0 0 0 
15 4 4 0 0 0 
0 5 5 0 0 0 
1 5 5 0 0 0 
2 5 5 0 0 0 
3 5 5 0 0 0 
4 5 5 0 0 0 
5 5 5 0 0 0 
6 5 5 0 0 0 
7 5 5 0 0 0 
8 5 5 0 0 0 
9 5 5 0 0 0 
10 5 5 0 0 0 
11 5 5 0 0 0 
12 5 5 0 0 0 
13 5 5 0 0 0 
14 5 5 0 0 0 
15 5 5 0 0 0 
0 6 6 0 0 0 
1 6 6 0 0 0 
2 6 6 0 0 0 
3 6 6 0 0 0 
4 6 6 0 0 0 
5 6 6 0 0 0 
6 6 6 0 0 0 
7 6 6 0 0 0 
8 6 6 0 0 0 
9 6 6 0 0 0 
10 6 6 0 0 0 
11 6 6 0 0 0 
12 6 6 0 0 0 
13 6 6 0 0 0 
14 6 6 0 0 0 
15 6 6 0 0 0 
0 7 7 0 0 0 
1 7 7 0 0 0 
2 7 7 0 0 0 
3 7 7 0 0 0 
4 7 7 0 0 0 
5 7 7 0 0 0 
6 7 7 0 0 0 
7 7 7 0 0 0 
8 7 7 0 0 0 
9 7 7 0 0 0 
10 7 7 0 0 0 
11 7 7 0 0 0 
12 7 7 0 0 0 
13 7 7 0 0 0 
14 7 7 0 0 0 
15 7 7 0 0 0 
0 8 8 0 0 0 
1 8 8 0 0 0 
2 8 8 0 0 0 
3 8 8 0 0 0 
4 8 8 0 0 0 
5 8 8 0 0 0 
6 8 8 0 0 0 
7 8 8 0 0 0 
8 8 8 0 0 0 
9 8 8 0 0 0 
10 8 8 0 0 0 
11 8 8 0 0 0 
12 8 8 0 0 0 
13 8 8 0 0 0 
14 8 8 0 0 0 
15 8 8 0 0 0 
0 9 9 0 0 0 
1 9 9 0 0 0 
2 9 9 0 0 0 
3 9 9 0 0 0 
4 9 9 0 0 0 
5 9 9 0 0 0 
6 9 9 0 0 0 
7 9 9 0 0 0 
8 9 9 0 0 0 
9 9 9 0 0 0 
10 9 9 0 0 0 
11 9 9 0 0 0 
12 9 9 0 0 0 
13 9 9 0 0 0 
14 9 9 0 0 0 
15 9 9 0 0 0 
0 10 10 0 0 0 
1 10 10 0 0 0 
2 10 10 0 0 0 
3 10 10 0 0 0 
4 10 10 0 0 0 
5 10 10 0 0 0 
6 10 10 0 0 0 
7 10 10 0 0 0 
8 10 10 0 0 0 
9 10 10 0 0 0 
10 10 10 0 0 0 
11 10 10 0 0 0 
12 10 10 0 0 0 
13 10 10 0 0 0 
14 10 10 0 0 0 
15 10 10 0 0 0 
0 11 11 0 0 0 
1 11 11 0 0 0 
2 11 11 0 0 0 
3 11 11 0 0 0 
4 11 11 0 0 0 
5 11 11 0 0 0 
6 11 11 0 0 0 
7 11 11 0 0 0 
8 11 11 0 0 0 
9 11 11 0 0 0 
10 11 11 0 0 0 
11 11 11 0 0 0 
12 11 11 0 0 0 
13 11 11 0 0 0 
14 11 11 0 0 0 
15 11 11 0 0 0 
0 12 12 0 0 0 
1 12 12 0 0 0 
2 12 12 0 0 0 
3 12 12 0 0 0 
4 12 12 0 0 0 
5 12 12 0 0 0 
6 12 12 0 0 0 
7 12 12 0 0 0 
8 12 12 0 0 0 
9 12 12 0 0 0 
10 12 12 0 0 0 
11 12 12 0 0 0 
12 12 12 0 0 0 
13 12 12 0 0 0 
14 12 12 0 0 0 
15 12 12 0 0 0 
0 13 13 0 0 0 
1 13 13 0 0 0 
2 13 13 0 0 0 
3 13 13 0 0 0 
4 13 13 0 0 0 
5 13 13 0 0 0 
6 13 13 0 0 0 
7 13 13 0 0 0 
8 13 13 0 0 0 
9 13 13 0 0 0 
10 13 13 0 0 0 
11 13 13 0 0 0 
12 13 13 0 0 0 
13 13 13 0 0 0 
14 13 13 0 0 0 
15 13 13 0 0 0 
0 14 14 0 0 0 
1 14 14 0 0 0 
2 14 14 0 0 0 
3 14 14 0 0 0 
4 14 14 0 0 0 
5 14 14 0 0 0 
6 14 14 0 0 0 
7 14 14 0 0 0 
8 14 14 0 0 0 
9 14 14 0 0 0 
10 14 14 0 0 0 
11 14 14 0 0 0 
12 14 14 0 0 0 
13 14 14 0 0 0 
14 14 14 0 0 0 
15 14 14 0 0 0 
0 15 15 0 0 0 
1 15 15 0 0 0 
2 15 15 0 0 0 
3 15 15 0 0 0 
4 15 15 0 0 0 
5 15 15 0 0 0 
6 15 15 0 0 0 
7 15 15 0 0 0 
8 15 15 0 0 0 
9 15 15 0 0 0 
10 15 15 0 0 0 
11 15 15 0 0 0 
12 15 15 0 0 0 
13 15 15 0 0 0 
14 15 15 0 0 0 
15 15 15 0 0 0 
0 0 0 0 0 0 
1 0 0 0 0 0 
2 0 0 0 0 0 
3 0 0 0 0 0 
4 0 0 0 0 0 
5 0 0 0 0 0 
6 0 0 0 0 0 
7 0 0 0 0 0 
8 0 0 0 0 0 
9 0 0 0 0 0 
10 0 0 0 0 0 
11 0 0 0 0 0 
12 0 0 0 0 0 
13 0 0 0 0 0 
14 0 0 0 0 0 
15 0 0 0 0 0 
0 1 1 0 0 0 
1 1 1 0 0 0 
2 1 1 0 0 0 
3 1 1 0 0 0 
4 1 1 0 0 0 
5 1 1 0 0 0 
6 1 1 0 0 0 
7 1 1 0 0 0 
8 1 1 0 0 0 
9 1 1 0 0 0 
10 1 1 0 0 0 
11 1 1 0 0 0 
12 1 1 0 0 0 
13 1 1 0 0 0 
14 1 1 0 0 0 
15 1 1 0 0 0 
0 2 2 0 0 0 
1 2 2 0 0 0 
2 2 2 0 0 0 
3 2 2 0 0 0 
4 2 2 0 0 0 
5 2 2 0 0 0 
6 2 2 0 0 0 
7 2 2 0 0 0 
8 2 2 0 0 0 
9 2 2 0 0 0 
10 2 2 0 0 0 
11 2 2 0 0 0 
12 2 2 0 0 0 
13 2 2 0 0 0 
14 2 2 0 0 0 
15 2 2 0 0 0 
0 3 3 0 0 0 
1 3 3 0 0 0 
2 3 3 0 0 0 
3 3 3 0 0 0 
4 3 3 0 0 0 
5 3 3 0 0 0 
6 3 3 0 0 0 
7 3 3 0 0 0 
8 3 3 0 0 0 
9 3 3 0 0 0 
10 3 3 0 0 0 
11 3 3 0 0 0 
12 3 3 0 0 0 
13 3 3 0 0 0 
14 3 3 0 0 0 
15 3 3 0 0 0 
0 4 4 0 0 0 
1 4 4 0 0 0 
2 4 4 0 0 0 
3 4 4 0 0 0 
4 4 4 0 0 0 
5 4 4 0 0 0 
6 4 4 0 0 0 
7 4 4 0 0 0 
8 4 4 0 0 0 
9 4 4 0 0 0 
10 4 4 0 0 0 
11 4 4 0 0 0 
12 4 4 0 0 0 
13 4 4 0 0 0 
14 4 4 0 0 0 
15 4 4 0 0 0 
0 5 5 0 0 0 
1 5 5 0 0 0 
2 5 5 0 0 0 
3 5 5 0 0 0 
4 5 5 0 0 0 
5 5 5 0 0 0 
6 5 5 0 0 0 
7 5 5 0 0 0 
8 5 5 0 0 0 
9 5 5 0 0 0 
10 5 5 0 0 0 
11 5 5 0 0 0 
12 5 5 0 0 0 
13 5 5 0 0 0 
14 5 5 0 0 0 
15 5 5 0 0 0 
0 6 6 0 0 0 
1 6 6 0 0 0 
2 6 6 0 0 0 
3 6 6 0 0 0 
4 6 6 0 0 0 
5 6 6 0 0 0 
6 6 6 0 0 0 
7 6 6 0 0 0 
8 6 6 0 0 0 
9 6 6 0 0 0 
10 6 6 0 0 0 
11 6 6 0 0 0 
12 6 6 0 0 0 
13 6 6 0 0 0 
14 6 6 0 0 0 
15 6 6 0 0 0 
0 7 7 0 0 0 
1 7 7 0 0 0 
2 7 7 0 0 0 
3 7 7 0 0 0 
4 7 7 0 0 0 
5 7 7 0 0 0 
6 7 7 0 0 0 
7 7 7 0 0 0 
8 7 7 0 0 0 
9 7 7 0 0 0 
10 7 7 0 0 0 
11 7 7 0 0 0 
12 7 7 0 0 0 
13 7 7 0 0 0 
14 7 7 0 0 0 
15 7 7 0 0 0 
0 8 8 0 0 0 
1 8 8 0 0 0 
2 8 8 0 0 0 
3 8 8 0 0 0 
4 8 8 0 0 0 
5 8 8 0 0 0 
6 8 8 0 0 0 
7 8 8 0 0 0 
8 8 8 0 0 0 
9 8 8 0 0 0 
10 8 8 0 0 0 
11 8 8 0 0 0 
12 8 8 0 0 0 
13 8 8 0 0 0 
14 8 8 0 0 0 
15 8 8 0 0 0 
0 9 9 0 0 0 
1 9 9 0 0 0 
2 9 9 0 0 0 
3 9 9 0 0 0 
4 9 9 0 0 0 
5 9 9 0 0 0 
6 9 9 0 0 0 
7 9 9 0 0 0 
8 9 9 0 0 0 
9 9 9 0 0 0 
10 9 9 0 0 0 
11 9 9 0 0 0 
12 9 9 0 0 0 
13 9 9 0 0 0 
14 9 9 0 0 0 
15 9 9 0 0 0 
0 10 10 0 0 0 
1 10 10 0 0 0 
2 10 10 0 0 0 
3 10 10 0 0 0 
4 10 10 0 0 0 
5 10 10 0 0 0 
6 10 10 0 0 0 
7 10 10 0 0 0 
8 10 10 0 0 0 
9 10 10 0 0 0 
10 10 10 0 0 0 
11 10 10 0 0 0 
12 10 10 0 0 0 
13 10 10 0 0 0 
14 10 10 0 0 0 
15 10 10 0 0 0 
0 11 11 0 0 0 
1 11 11 0 0 0 
2 11 11 0 0 0 
3 11 11 0 0 0 
4 11 11 0 0 0 
5 11 11 0 0 0 
6 11 11 0 0 0 
7 11 11 0 0 0 
8 11 11 0 0 0 
9 11 11 0 0 0 
10 11 11 0 0 0 
11 11 11 0 0 0 
12 11 11 0 0 0 
13 11 11 0 0 0 
14 11 11 0 0 0 
15 11 11 0 0 0 
0 12 12 0 0 0 
1 12 12 0 0 0 
2 12 12 0 0 0 
3 12 12 0 0 0 
4 12 12 0 0 0 
5 12 12 0 0 0 
6 12 12 0 0 0 
7 12 12 0 0 0 
8 12 12 0 0 0 
9 12 12 0 0 0 
10 12 12 0 0 0 
11 12 12 0 0 0 
12 12 12 0 0 0 
13 12 12 0 0 0 
14 12 12 0 0 0 
15 12 12 0 0 0 
0 13 13 0 0 0 
1 13 13 0 0 0 
2 13 13 0 0 0 
3 13 13 0 0 0 
4 13 13 0 0 0 
5 13 13 0 0 0 
6 13 13 0 0 0 
7 13 13 0 0 0 
8 13 13 0 0 0 
9 13 13 0 0 0 
10 13 13 0 0 0 
11 13 13 0 0 0 
12 13 13 0 0 0 
13 13 13 0 0 0 
14 13 13 0 0 0 
15 13 13 0 0 0 
0 14 14 0 0 0 
1 14 14 0 0 0 
2 14 14 0 0 0 
3 14 14 0 0 0 
4 14 14 0 0 0 
5 14 14 0 0 0 
6 14 14 0 0 0 
7 14 14 0 0 0 
8 14 14 0 0 0 
9 14 14 0 0 0 
10 14 14 0 0 0 
11 14 14 0 0 0 
12 14 14 0 0 0 
13 14 14 0 0 0 
14 14 14 0 0 0 
15 14 14 0 0 0 
0 15 15 0 0 0 
1 15 15 0 0 0 
2 15 15 0 0 0 
3 15 15 0 0 0 
4 15 15 0 0 0 
5 15 15 0 0 0 
6 15 15 0 0 0 
7 15 15 0 0 0 
8 15 15 0 0 0 
9 15 15 0 0 0 
10 15 15 0 0 0 
11 15 15 0 0 0 
12 15 15 0 0 0 
13 15 15 0 0 0 
14 15 15 0 0 0 
15 15 15 0 0 0 
