0 0 0 0 0 0 
1 0 0 0 0 0 
2 0 0 0 0 0 
3 0 0 0 0 0 
4 0 0 0 0 0 
5 0 0 0 0 0 
6 0 0 0 0 0 
7 0 0 0 0 0 
8 0 0 0 0 0 
9 0 0 0 0 0 
10 0 0 0 0 0 
11 0 0 0 0 0 
12 0 0 0 0 0 
13 0 0 0 0 0 
14 0 0 0 0 0 
15 0 0 0 0 0 
0 1 1 0 0 0 
1 1 1 0 0 0 
2 1 1 0 0 0 
3 1 1 0 0 0 
4 1 1 0 0 0 
5 1 1 0 0 0 
6 1 1 0 0 0 
7 1 1 0 0 0 
8 1 1 0 0 0 
9 1 1 0 0 0 
10 1 1 0 0 0 
11 1 1 0 0 0 
12 1 1 0 0 0 
13 1 1 0 0 0 
14 1 1 0 0 0 
15 1 1 0 0 0 
0 2 2 0 0 0 
1 2 2 0 0 0 
2 2 2 0 0 0 
3 2 2 0 0 0 
4 2 2 0 0 0 
5 2 2 0 0 0 
6 2 2 0 0 0 
7 2 2 0 0 0 
8 2 2 0 0 0 
9 2 2 0 0 0 
10 2 2 0 0 0 
11 2 2 0 0 0 
12 2 2 0 0 0 
13 2 2 0 0 0 
14 2 2 0 0 0 
15 2 2 0 0 0 
0 3 3 0 0 0 
1 3 3 0 0 0 
2 3 3 0 0 0 
3 3 3 0 0 0 
4 3 3 0 0 0 
5 3 3 0 0 0 
6 3 3 0 0 0 
7 3 3 0 0 0 
8 3 3 0 0 0 
9 3 3 0 0 0 
10 3 3 0 0 0 
11 3 3 0 0 0 
12 3 3 0 0 0 
13 3 3 0 0 0 
14 3 3 0 0 0 
15 3 3 0 0 0 
0 4 4 0 0 0 
1 4 4 0 0 0 
2 4 4 0 0 0 
3 4 4 0 0 0 
4 4 4 0 0 0 
5 4 4 0 0 0 
6 4 4 0 0 0 
7 4 4 0 0 0 
8 4 4 0 0 0 
9 4 4 0 0 0 
10 4 4 0 0 0 
11 4 4 0 0 0 
12 4 4 0 0 0 
13 4 4 0 0 0 
14 4 4 0 0 0 
15 4 4 0 0 0 
0 5 5 0 0 0 
1 5 5 0 0 0 
2 5 5 0 0 0 
3 5 5 0 0 0 
4 5 5 0 0 0 
5 5 5 0 0 0 
6 5 5 0 0 0 
7 5 5 0 0 0 
8 5 5 0 0 0 
9 5 5 0 0 0 
10 5 5 0 0 0 
11 5 5 0 0 0 
12 5 5 0 0 0 
13 5 5 0 0 0 
14 5 5 0 0 0 
15 5 5 0 0 0 
0 6 6 0 0 0 
1 6 6 0 0 0 
2 6 6 0 0 0 
3 6 6 0 0 0 
4 6 6 0 0 0 
5 6 6 0 0 0 
6 6 6 0 0 0 
7 6 6 0 0 0 
8 6 6 0 0 0 
9 6 6 0 0 0 
10 6 6 0 0 0 
11 6 6 0 0 0 
12 6 6 0 0 0 
13 6 6 0 0 0 
14 6 6 0 0 0 
15 6 6 0 0 0 
0 7 7 0 0 0 
1 7 7 0 0 0 
2 7 7 0 0 0 
3 7 7 0 0 0 
4 7 7 0 0 0 
5 7 7 0 0 0 
6 7 7 0 0 0 
7 7 7 0 0 0 
8 7 7 0 0 0 
9 7 7 0 0 0 
10 7 7 0 0 0 
11 7 7 0 0 0 
12 7 7 0 0 0 
13 7 7 0 0 0 
14 7 7 0 0 0 
15 7 7 0 0 0 
0 8 8 0 0 0 
1 8 8 0 0 0 
2 8 8 0 0 0 
3 8 8 0 0 0 
4 8 8 0 0 0 
5 8 8 0 0 0 
6 8 8 0 0 0 
7 8 8 0 0 0 
8 8 8 0 0 0 
9 8 8 0 0 0 
10 8 8 0 0 0 
11 8 8 0 0 0 
12 8 8 0 0 0 
13 8 8 0 0 0 
14 8 8 0 0 0 
15 8 8 0 0 0 
0 9 9 0 0 0 
1 9 9 0 0 0 
2 9 9 0 0 0 
3 9 9 0 0 0 
4 9 9 0 0 0 
5 9 9 0 0 0 
6 9 9 0 0 0 
7 9 9 0 0 0 
8 9 9 0 0 0 
9 9 9 0 0 0 
10 9 9 0 0 0 
11 9 9 0 0 0 
12 9 9 0 0 0 
13 9 9 0 0 0 
14 9 9 0 0 0 
15 9 9 0 0 0 
0 10 10 0 0 0 
1 10 10 0 0 0 
2 10 10 0 0 0 
3 10 10 0 0 0 
4 10 10 0 0 0 
5 10 10 0 0 0 
6 10 10 0 0 0 
7 10 10 0 0 0 
8 10 10 0 0 0 
9 10 10 0 0 0 
10 10 10 0 0 0 
11 10 10 0 0 0 
12 10 10 0 0 0 
13 10 10 0 0 0 
14 10 10 0 0 0 
15 10 10 0 0 0 
0 11 11 0 0 0 
1 11 11 0 0 0 
2 11 11 0 0 0 
3 11 11 0 0 0 
4 11 11 0 0 0 
5 11 11 0 0 0 
6 11 11 0 0 0 
7 11 11 0 0 0 
8 11 11 0 0 0 
9 11 11 0 0 0 
10 11 11 0 0 0 
11 11 11 0 0 0 
12 11 11 0 0 0 
13 11 11 0 0 0 
14 11 11 0 0 0 
15 11 11 0 0 0 
0 12 12 0 0 0 
1 12 12 0 0 0 
2 12 12 0 0 0 
3 12 12 0 0 0 
4 12 12 0 0 0 
5 12 12 0 0 0 
6 12 12 0 0 0 
7 12 12 0 0 0 
8 12 12 0 0 0 
9 12 12 0 0 0 
10 12 12 0 0 0 
11 12 12 0 0 0 
12 12 12 0 0 0 
13 12 12 0 0 0 
14 12 12 0 0 0 
15 12 12 0 0 0 
0 13 13 0 0 0 
1 13 13 0 0 0 
2 13 13 0 0 0 
3 13 13 0 0 0 
4 13 13 0 0 0 
5 13 13 0 0 0 
6 13 13 0 0 0 
7 13 13 0 0 0 
8 13 13 0 0 0 
9 13 13 0 0 0 
10 13 13 0 0 0 
11 13 13 0 0 0 
12 13 13 0 0 0 
13 13 13 0 0 0 
14 13 13 0 0 0 
15 13 13 0 0 0 
0 14 14 0 0 0 
1 14 14 0 0 0 
2 14 14 0 0 0 
3 14 14 0 0 0 
4 14 14 0 0 0 
5 14 14 0 0 0 
6 14 14 0 0 0 
7 14 14 0 0 0 
8 14 14 0 0 0 
9 14 14 0 0 0 
10 14 14 0 0 0 
11 14 14 0 0 0 
12 14 14 0 0 0 
13 14 14 0 0 0 
14 14 14 0 0 0 
15 14 14 0 0 0 
0 15 15 0 0 0 
1 15 15 0 0 0 
2 15 15 0 0 0 
3 15 15 0 0 0 
4 15 15 0 0 0 
5 15 15 0 0 0 
6 15 15 0 0 0 
7 15 15 0 0 0 
8 15 15 0 0 0 
9 15 15 0 0 0 
10 15 15 0 0 0 
11 15 15 0 0 0 
12 15 15 0 0 0 
13 15 15 0 0 0 
14 15 15 0 0 0 
15 15 15 0 0 0 
0 0 0 0 0 0 
1 0 0 0 0 0 
2 0 0 0 0 0 
3 0 0 0 0 0 
4 0 0 0 0 0 
5 0 0 0 0 0 
6 0 0 0 0 0 
7 0 0 0 0 0 
8 0 0 0 0 0 
9 0 0 0 0 0 
10 0 0 0 0 0 
11 0 0 0 0 0 
12 0 0 0 0 0 
13 0 0 0 0 0 
14 0 0 0 0 0 
15 0 0 0 0 0 
0 1 1 0 0 0 
1 1 1 0 0 0 
2 1 1 0 0 0 
3 1 1 0 0 0 
4 1 1 0 0 0 
5 1 1 0 0 0 
6 1 1 0 0 0 
7 1 1 0 0 0 
8 1 1 0 0 0 
9 1 1 0 0 0 
10 1 1 0 0 0 
11 1 1 0 0 0 
12 1 1 0 0 0 
13 1 1 0 0 0 
14 1 1 0 0 0 
15 1 1 0 0 0 
0 2 2 0 0 0 
1 2 2 0 0 0 
2 2 2 0 0 0 
3 2 2 0 0 0 
4 2 2 0 0 0 
5 2 2 0 0 0 
6 2 2 0 0 0 
7 2 2 0 0 0 
8 2 2 0 0 0 
9 2 2 0 0 0 
10 2 2 0 0 0 
11 2 2 0 0 0 
12 2 2 0 0 0 
13 2 2 0 0 0 
14 2 2 0 0 0 
15 2 2 0 0 0 
0 3 3 0 0 0 
1 3 3 0 0 0 
2 3 3 0 0 0 
3 3 3 0 0 0 
4 3 3 0 0 0 
5 3 3 0 0 0 
6 3 3 0 0 0 
7 3 3 0 0 0 
8 3 3 0 0 0 
9 3 3 0 0 0 
10 3 3 0 0 0 
11 3 3 0 0 0 
12 3 3 0 0 0 
13 3 3 0 0 0 
14 3 3 0 0 0 
15 3 3 0 0 0 
0 4 4 0 0 0 
1 4 4 0 0 0 
2 4 4 0 0 0 
3 4 4 0 0 0 
4 4 4 0 0 0 
5 4 4 0 0 0 
6 4 4 0 0 0 
7 4 4 0 0 0 
8 4 4 0 0 0 
9 4 4 0 0 0 
10 4 4 0 0 0 
11 4 4 0 0 0 
12 4 4 0 0 0 
13 4 4 0 0 0 
14 4 4 0 0 0 
15 4 4 0 0 0 
0 5 5 0 0 0 
1 5 5 0 0 0 
2 5 5 0 0 0 
3 5 5 0 0 0 
4 5 5 0 0 0 
5 5 5 0 0 0 
6 5 5 0 0 0 
7 5 5 0 0 0 
8 5 5 0 0 0 
9 5 5 0 0 0 
10 5 5 0 0 0 
11 5 5 0 0 0 
12 5 5 0 0 0 
13 5 5 0 0 0 
14 5 5 0 0 0 
15 5 5 0 0 0 
0 6 6 0 0 0 
1 6 6 0 0 0 
2 6 6 0 0 0 
3 6 6 0 0 0 
4 6 6 0 0 0 
5 6 6 0 0 0 
6 6 6 0 0 0 
7 6 6 0 0 0 
8 6 6 0 0 0 
9 6 6 0 0 0 
10 6 6 0 0 0 
11 6 6 0 0 0 
12 6 6 0 0 0 
13 6 6 0 0 0 
14 6 6 0 0 0 
15 6 6 0 0 0 
0 7 7 0 0 0 
1 7 7 0 0 0 
2 7 7 0 0 0 
3 7 7 0 0 0 
4 7 7 0 0 0 
5 7 7 0 0 0 
6 7 7 0 0 0 
7 7 7 0 0 0 
8 7 7 0 0 0 
9 7 7 0 0 0 
10 7 7 0 0 0 
11 7 7 0 0 0 
12 7 7 0 0 0 
13 7 7 0 0 0 
14 7 7 0 0 0 
15 7 7 0 0 0 
0 8 8 0 0 0 
1 8 8 0 0 0 
2 8 8 0 0 0 
3 8 8 0 0 0 
4 8 8 0 0 0 
5 8 8 0 0 0 
6 8 8 0 0 0 
7 8 8 0 0 0 
8 8 8 0 0 0 
9 8 8 0 0 0 
10 8 8 0 0 0 
11 8 8 0 0 0 
12 8 8 0 0 0 
13 8 8 0 0 0 
14 8 8 0 0 0 
15 8 8 0 0 0 
0 9 9 0 0 0 
1 9 9 0 0 0 
2 9 9 0 0 0 
3 9 9 0 0 0 
4 9 9 0 0 0 
5 9 9 0 0 0 
6 9 9 0 0 0 
7 9 9 0 0 0 
8 9 9 0 0 0 
9 9 9 0 0 0 
10 9 9 0 0 0 
11 9 9 0 0 0 
12 9 9 0 0 0 
13 9 9 0 0 0 
14 9 9 0 0 0 
15 9 9 0 0 0 
0 10 10 0 0 0 
1 10 10 0 0 0 
2 10 10 0 0 0 
3 10 10 0 0 0 
4 10 10 0 0 0 
5 10 10 0 0 0 
6 10 10 0 0 0 
7 10 10 0 0 0 
8 10 10 0 0 0 
9 10 10 0 0 0 
10 10 10 0 0 0 
11 10 10 0 0 0 
12 10 10 0 0 0 
13 10 10 0 0 0 
14 10 10 0 0 0 
15 10 10 0 0 0 
0 11 11 0 0 0 
1 11 11 0 0 0 
2 11 11 0 0 0 
3 11 11 0 0 0 
4 11 11 0 0 0 
5 11 11 0 0 0 
6 11 11 0 0 0 
7 11 11 0 0 0 
8 11 11 0 0 0 
9 11 11 0 0 0 
10 11 11 0 0 0 
11 11 11 0 0 0 
12 11 11 0 0 0 
13 11 11 0 0 0 
14 11 11 0 0 0 
15 11 11 0 0 0 
0 12 12 0 0 0 
1 12 12 0 0 0 
2 12 12 0 0 0 
3 12 12 0 0 0 
4 12 12 0 0 0 
5 12 12 0 0 0 
6 12 12 0 0 0 
7 12 12 0 0 0 
8 12 12 0 0 0 
9 12 12 0 0 0 
10 12 12 0 0 0 
11 12 12 0 0 0 
12 12 12 0 0 0 
13 12 12 0 0 0 
14 12 12 0 0 0 
15 12 12 0 0 0 
0 13 13 0 0 0 
1 13 13 0 0 0 
2 13 13 0 0 0 
3 13 13 0 0 0 
4 13 13 0 0 0 
5 13 13 0 0 0 
6 13 13 0 0 0 
7 13 13 0 0 0 
8 13 13 0 0 0 
9 13 13 0 0 0 
10 13 13 0 0 0 
11 13 13 0 0 0 
12 13 13 0 0 0 
13 13 13 0 0 0 
14 13 13 0 0 0 
15 13 13 0 0 0 
0 14 14 0 0 0 
1 14 14 0 0 0 
2 14 14 0 0 0 
3 14 14 0 0 0 
4 14 14 0 0 0 
5 14 14 0 0 0 
6 14 14 0 0 0 
7 14 14 0 0 0 
8 14 14 0 0 0 
9 14 14 0 0 0 
10 14 14 0 0 0 
11 14 14 0 0 0 
12 14 14 0 0 0 
13 14 14 0 0 0 
14 14 14 0 0 0 
15 14 14 0 0 0 
0 15 15 0 0 0 
1 15 15 0 0 0 
2 15 15 0 0 0 
3 15 15 0 0 0 
4 15 15 0 0 0 
5 15 15 0 0 0 
6 15 15 0 0 0 
7 15 15 0 0 0 
8 15 15 0 0 0 
9 15 15 0 0 0 
10 15 15 0 0 0 
11 15 15 0 0 0 
12 15 15 0 0 0 
13 15 15 0 0 0 
14 15 15 0 0 0 
15 15 15 0 0 0 
0 0 0 0 0 0 
1 0 0 0 0 0 
2 0 0 0 0 0 
3 0 0 0 0 0 
4 0 0 0 0 0 
5 0 0 0 0 0 
6 0 0 0 0 0 
7 0 0 0 0 0 
8 0 0 0 0 0 
9 0 0 0 0 0 
10 0 0 0 0 0 
11 0 0 0 0 0 
12 0 0 0 0 0 
13 0 0 0 0 0 
14 0 0 0 0 0 
15 0 0 0 0 0 
0 1 1 0 0 0 
1 1 1 0 0 0 
2 1 1 0 0 0 
3 1 1 0 0 0 
4 1 1 0 0 0 
5 1 1 0 0 0 
6 1 1 0 0 0 
7 1 1 0 0 0 
8 1 1 0 0 0 
9 1 1 0 0 0 
10 1 1 0 0 0 
11 1 1 0 0 0 
12 1 1 0 0 0 
13 1 1 0 0 0 
14 1 1 0 0 0 
15 1 1 0 0 0 
0 2 2 0 0 0 
1 2 2 0 0 0 
2 2 2 0 0 0 
3 2 2 0 0 0 
4 2 2 0 0 0 
5 2 2 0 0 0 
6 2 2 0 0 0 
7 2 2 0 0 0 
8 2 2 0 0 0 
9 2 2 0 0 0 
10 2 2 0 0 0 
11 2 2 0 0 0 
12 2 2 0 0 0 
13 2 2 0 0 0 
14 2 2 0 0 0 
15 2 2 0 0 0 
0 3 3 0 0 0 
1 3 3 0 0 0 
2 3 3 0 0 0 
3 3 3 0 0 0 
4 3 3 0 0 0 
5 3 3 0 0 0 
6 3 3 0 0 0 
7 3 3 0 0 0 
8 3 3 0 0 0 
9 3 3 0 0 0 
10 3 3 0 0 0 
11 3 3 0 0 0 
12 3 3 0 0 0 
13 3 3 0 0 0 
14 3 3 0 0 0 
15 3 3 0 0 0 
0 4 4 0 0 0 
1 4 4 0 0 0 
2 4 4 0 0 0 
3 4 4 0 0 0 
4 4 4 0 0 0 
5 4 4 0 0 0 
6 4 4 0 0 0 
7 4 4 0 0 0 
8 4 4 0 0 0 
9 4 4 0 0 0 
10 4 4 0 0 0 
11 4 4 0 0 0 
12 4 4 0 0 0 
13 4 4 0 0 0 
14 4 4 0 0 0 
15 4 4 0 0 0 
0 5 5 0 0 0 
1 5 5 0 0 0 
2 5 5 0 0 0 
3 5 5 0 0 0 
4 5 5 0 0 0 
5 5 5 0 0 0 
6 5 5 0 0 0 
7 5 5 0 0 0 
8 5 5 0 0 0 
9 5 5 0 0 0 
10 5 5 0 0 0 
11 5 5 0 0 0 
12 5 5 0 0 0 
13 5 5 0 0 0 
14 5 5 0 0 0 
15 5 5 0 0 0 
0 6 6 0 0 0 
1 6 6 0 0 0 
2 6 6 0 0 0 
3 6 6 0 0 0 
4 6 6 0 0 0 
5 6 6 0 0 0 
6 6 6 0 0 0 
7 6 6 0 0 0 
8 6 6 0 0 0 
9 6 6 0 0 0 
10 6 6 0 0 0 
11 6 6 0 0 0 
12 6 6 0 0 0 
13 6 6 0 0 0 
14 6 6 0 0 0 
15 6 6 0 0 0 
0 7 7 0 0 0 
1 7 7 0 0 0 
2 7 7 0 0 0 
3 7 7 0 0 0 
4 7 7 0 0 0 
5 7 7 0 0 0 
6 7 7 0 0 0 
7 7 7 0 0 0 
8 7 7 0 0 0 
9 7 7 0 0 0 
10 7 7 0 0 0 
11 7 7 0 0 0 
12 7 7 0 0 0 
13 7 7 0 0 0 
14 7 7 0 0 0 
15 7 7 0 0 0 
0 8 8 0 0 0 
1 8 8 0 0 0 
2 8 8 0 0 0 
3 8 8 0 0 0 
4 8 8 0 0 0 
5 8 8 0 0 0 
6 8 8 0 0 0 
7 8 8 0 0 0 
8 8 8 0 0 0 
9 8 8 0 0 0 
10 8 8 0 0 0 
11 8 8 0 0 0 
12 8 8 0 0 0 
13 8 8 0 0 0 
14 8 8 0 0 0 
15 8 8 0 0 0 
0 9 9 0 0 0 
1 9 9 0 0 0 
2 9 9 0 0 0 
3 9 9 0 0 0 
4 9 9 0 0 0 
5 9 9 0 0 0 
6 9 9 0 0 0 
7 9 9 0 0 0 
8 9 9 0 0 0 
9 9 9 0 0 0 
10 9 9 0 0 0 
11 9 9 0 0 0 
12 9 9 0 0 0 
13 9 9 0 0 0 
14 9 9 0 0 0 
15 9 9 0 0 0 
0 10 10 0 0 0 
1 10 10 0 0 0 
2 10 10 0 0 0 
3 10 10 0 0 0 
4 10 10 0 0 0 
5 10 10 0 0 0 
6 10 10 0 0 0 
7 10 10 0 0 0 
8 10 10 0 0 0 
9 10 10 0 0 0 
10 10 10 0 0 0 
11 10 10 0 0 0 
12 10 10 0 0 0 
13 10 10 0 0 0 
14 10 10 0 0 0 
15 10 10 0 0 0 
0 11 11 0 0 0 
1 11 11 0 0 0 
2 11 11 0 0 0 
3 11 11 0 0 0 
4 11 11 0 0 0 
5 11 11 0 0 0 
6 11 11 0 0 0 
7 11 11 0 0 0 
8 11 11 0 0 0 
9 11 11 0 0 0 
10 11 11 0 0 0 
11 11 11 0 0 0 
12 11 11 0 0 0 
13 11 11 0 0 0 
14 11 11 0 0 0 
15 11 11 0 0 0 
0 12 12 0 0 0 
1 12 12 0 0 0 
2 12 12 0 0 0 
3 12 12 0 0 0 
4 12 12 0 0 0 
5 12 12 0 0 0 
6 12 12 0 0 0 
7 12 12 0 0 0 
8 12 12 0 0 0 
9 12 12 0 0 0 
10 12 12 0 0 0 
11 12 12 0 0 0 
12 12 12 0 0 0 
13 12 12 0 0 0 
14 12 12 0 0 0 
15 12 12 0 0 0 
0 13 13 0 0 0 
1 13 13 0 0 0 
2 13 13 0 0 0 
3 13 13 0 0 0 
4 13 13 0 0 0 
5 13 13 0 0 0 
6 13 13 0 0 0 
7 13 13 0 0 0 
8 13 13 0 0 0 
9 13 13 0 0 0 
10 13 13 0 0 0 
11 13 13 0 0 0 
12 13 13 0 0 0 
13 13 13 0 0 0 
14 13 13 0 0 0 
15 13 13 0 0 0 
0 14 14 0 0 0 
1 14 14 0 0 0 
2 14 14 0 0 0 
3 14 14 0 0 0 
4 14 14 0 0 0 
5 14 14 0 0 0 
6 14 14 0 0 0 
7 14 14 0 0 0 
8 14 14 0 0 0 
9 14 14 0 0 0 
10 14 14 0 0 0 
11 14 14 0 0 0 
12 14 14 0 0 0 
13 14 14 0 0 0 
14 14 14 0 0 0 
15 14 14 0 0 0 
0 15 15 0 0 0 
1 15 15 0 0 0 
2 15 15 0 0 0 
3 15 15 0 0 0 
4 15 15 0 0 0 
5 15 15 0 0 0 
6 15 15 0 0 0 
7 15 15 0 0 0 
8 15 15 0 0 0 
9 15 15 0 0 0 
10 15 15 0 0 0 
11 15 15 0 0 0 
12 15 15 0 0 0 
13 15 15 0 0 0 
14 15 15 0 0 0 
15 15 15 0 0 0 
0 0 0 0 0 0 
1 0 0 0 0 0 
2 0 0 0 0 0 
3 0 0 0 0 0 
4 0 0 0 0 0 
5 0 0 0 0 0 
6 0 0 0 0 0 
7 0 0 0 0 0 
8 0 0 0 0 0 
9 0 0 0 0 0 
10 0 0 0 0 0 
11 0 0 0 0 0 
12 0 0 0 0 0 
13 0 0 0 0 0 
14 0 0 0 0 0 
15 0 0 0 0 0 
0 1 1 0 0 0 
1 1 1 0 0 0 
2 1 1 0 0 0 
3 1 1 0 0 0 
4 1 1 0 0 0 
5 1 1 0 0 0 
6 1 1 0 0 0 
7 1 1 0 0 0 
8 1 1 0 0 0 
9 1 1 0 0 0 
10 1 1 0 0 0 
11 1 1 0 0 0 
12 1 1 0 0 0 
13 1 1 0 0 0 
14 1 1 0 0 0 
15 1 1 0 0 0 
0 2 2 0 0 0 
1 2 2 0 0 0 
2 2 2 0 0 0 
3 2 2 0 0 0 
4 2 2 0 0 0 
5 2 2 0 0 0 
6 2 2 0 0 0 
7 2 2 0 0 0 
8 2 2 0 0 0 
9 2 2 0 0 0 
10 2 2 0 0 0 
11 2 2 0 0 0 
12 2 2 0 0 0 
13 2 2 0 0 0 
14 2 2 0 0 0 
15 2 2 0 0 0 
0 3 3 0 0 0 
1 3 3 0 0 0 
2 3 3 0 0 0 
3 3 3 0 0 0 
4 3 3 0 0 0 
5 3 3 0 0 0 
6 3 3 0 0 0 
7 3 3 0 0 0 
8 3 3 0 0 0 
9 3 3 0 0 0 
10 3 3 0 0 0 
11 3 3 0 0 0 
12 3 3 0 0 0 
13 3 3 0 0 0 
14 3 3 0 0 0 
15 3 3 0 0 0 
0 4 4 0 0 0 
1 4 4 0 0 0 
2 4 4 0 0 0 
3 4 4 0 0 0 
4 4 4 0 0 0 
5 4 4 0 0 0 
6 4 4 0 0 0 
7 4 4 0 0 0 
8 4 4 0 0 0 
9 4 4 0 0 0 
10 4 4 0 0 0 
11 4 4 0 0 0 
12 4 4 0 0 0 
13 4 4 0 0 0 
14 4 4 0 0 0 
15 4 4 0 0 0 
0 5 5 0 0 0 
1 5 5 0 0 0 
2 5 5 0 0 0 
3 5 5 0 0 0 
4 5 5 0 0 0 
5 5 5 0 0 0 
6 5 5 0 0 0 
7 5 5 0 0 0 
8 5 5 0 0 0 
9 5 5 0 0 0 
10 5 5 0 0 0 
11 5 5 0 0 0 
12 5 5 0 0 0 
13 5 5 0 0 0 
14 5 5 0 0 0 
15 5 5 0 0 0 
0 6 6 0.0913536 -0.000202386 0.000353192 
1 6 6 0.0899789 -0.000302705 0.000350809 
2 6 6 0.0889563 -0.000378316 0.000302302 
3 6 6 0.088436 -0.000409894 0.000219186 
4 6 6 0.0884673 -0.000393952 0.000113941 
5 6 6 0.0890036 -0.000336776 3.34685e-06 
6 6 6 0.0899253 -0.000251174 -9.3707e-05 
7 6 6 0.0910063 -0.000139888 -0.000154984 
8 6 6 0.0916199 0.000163665 -3.93903e-05 
9 6 6 0.0940494 0.000712899 0.000579432 
10 6 6 0.0927834 -0.000786646 -0.000646267 
11 6 6 0.0935411 -0.000342428 -0.000358264 
12 6 6 0.0950064 -0.000111587 -9.71011e-05 
13 6 6 0.0953224 -7.60379e-05 1.59305e-05 
14 6 6 0.0948844 7.26138e-06 0.000260294 
15 6 6 0.0948922 -0.00195309 -0.00396073 
0 7 7 0.181511 -0.000472246 0.000689136 
1 7 7 0.179446 -0.000597313 0.000572166 
2 7 7 0.178074 -0.000706791 0.000403484 
3 7 7 0.177545 -0.000749186 0.000199388 
4 7 7 0.177899 -0.000698951 -1.97351e-05 
5 7 7 0.179048 -0.000558432 -0.000226634 
6 7 7 0.180796 -0.000346058 -0.00039369 
7 7 7 0.182864 -5.22048e-05 -0.000505233 
8 7 7 0.184986 0.000429718 -0.000550229 
9 7 7 0.187036 0.000583785 -0.000340135 
10 7 7 0.187973 -0.000724487 -0.00016559 
11 7 7 0.188477 -0.000683523 -0.000113469 
12 7 7 0.189073 -0.000297872 -4.61512e-05 
13 7 7 0.189195 -0.000142947 6.17139e-05 
14 7 7 0.188438 -7.26261e-05 0.000583875 
15 7 7 0.198324 -0.00109161 -0.00539807 
0 8 8 0.187114 -0.000567226 0.000579699 
1 8 8 0.184969 -0.000663697 0.000406902 
2 8 8 0.183618 -0.000737526 0.000194279 
3 8 8 0.183151 -0.000752217 -3.01676e-05 
4 8 8 0.183579 -0.000682248 -0.000240294 
5 8 8 0.184816 -0.000525068 -0.000411336 
6 8 8 0.186678 -0.000300334 -0.000522636 
7 8 8 0.188924 -2.79949e-05 -0.000563058 
8 8 8 0.19134 0.000243675 -0.000540788 
9 8 8 0.193646 0.000221974 -0.000455257 
10 8 8 0.195049 -0.000229289 -0.00030745 
11 8 8 0.195471 -0.000418027 -0.000180438 
12 8 8 0.195565 -0.000306318 -6.58555e-05 
13 8 8 0.195412 -0.000188369 5.54622e-05 
14 8 8 0.194524 -0.000172833 0.000614391 
15 8 8 0.205814 0.000421884 -0.00544078 
0 9 9 0.113579 -0.000436714 0.000205991 
1 9 9 0.11205 -0.00049152 0.000104442 
2 9 9 0.111058 -0.00051179 -1.10698e-05 
3 9 9 0.110667 -0.000489173 -0.000123304 
4 9 9 0.110885 -0.000417271 -0.000217241 
5 9 9 0.111663 -0.00029786 -0.000281514 
6 9 9 0.112891 -0.000148191 -0.000309392 
7 9 9 0.114411 5.3304e-06 -0.000300679 
8 9 9 0.116041 0.000115861 -0.000265784 
9 9 9 0.11754 0.000105338 -0.000226923 
10 9 9 0.118601 -2.88743e-05 -0.00019271 
11 9 9 0.119118 -0.00013476 -0.000143259 
12 9 9 0.119257 -0.000152248 -7.71453e-05 
13 9 9 0.119145 -0.00013344 -7.0576e-06 
14 9 9 0.118601 -0.000175316 0.000243912 
15 9 9 0.12049 0.00164404 -0.00458982 
0 10 10 0.028497 -0.00013188 1.10693e-05 
1 10 10 0.0279402 -0.000143902 -1.02848e-05 
2 10 10 0.027546 -0.000143306 -3.12909e-05 
3 10 10 0.0273442 -0.000129879 -4.90114e-05 
4 10 10 0.0273518 -0.000104497 -6.13678e-05 
5 10 10 0.0275543 -6.87924e-05 -6.66421e-05 
6 10 10 0.0279235 -2.88091e-05 -6.51043e-05 
7 10 10 0.0284101 7.52867e-06 -5.85146e-05 
8 10 10 0.0289473 2.95599e-05 -5.02829e-05 
9 10 10 0.0294523 2.83303e-05 -4.43348e-05 
10 10 10 0.0298451 7.52529e-06 -4.06056e-05 
11 10 10 0.0300871 -1.5286e-05 -3.48995e-05 
12 10 10 0.0301903 -2.87501e-05 -2.55305e-05 
13 10 10 0.0301839 -3.57897e-05 -1.4036e-05 
14 10 10 0.0300133 -6.08677e-05 3.19303e-05 
15 10 10 0.0275167 0.00117083 -0.00183505 
0 11 11 0 0 0 
1 11 11 0 0 0 
2 11 11 0 0 0 
3 11 11 0 0 0 
4 11 11 0 0 0 
5 11 11 0 0 0 
6 11 11 0 0 0 
7 11 11 0 0 0 
8 11 11 0 0 0 
9 11 11 0 0 0 
10 11 11 0 0 0 
11 11 11 0 0 0 
12 11 11 0 0 0 
13 11 11 0 0 0 
14 11 11 0 0 0 
15 11 11 0 0 0 
0 12 12 0 0 0 
1 12 12 0 0 0 
2 12 12 0 0 0 
3 12 12 0 0 0 
4 12 12 0 0 0 
5 12 12 0 0 0 
6 12 12 0 0 0 
7 12 12 0 0 0 
8 12 12 0 0 0 
9 12 12 0 0 0 
10 12 12 0 0 0 
11 12 12 0 0 0 
12 12 12 0 0 0 
13 12 12 0 0 0 
14 12 12 0 0 0 
15 12 12 0 0 0 
0 13 13 0 0 0 
1 13 13 0 0 0 
2 13 13 0 0 0 
3 13 13 0 0 0 
4 13 13 0 0 0 
5 13 13 0 0 0 
6 13 13 0 0 0 
7 13 13 0 0 0 
8 13 13 0 0 0 
9 13 13 0 0 0 
10 13 13 0 0 0 
11 13 13 0 0 0 
12 13 13 0 0 0 
13 13 13 0 0 0 
14 13 13 0 0 0 
15 13 13 0 0 0 
0 14 14 0 0 0 
1 14 14 0 0 0 
2 14 14 0 0 0 
3 14 14 0 0 0 
4 14 14 0 0 0 
5 14 14 0 0 0 
6 14 14 0 0 0 
7 14 14 0 0 0 
8 14 14 0 0 0 
9 14 14 0 0 0 
10 14 14 0 0 0 
11 14 14 0 0 0 
12 14 14 0 0 0 
13 14 14 0 0 0 
14 14 14 0 0 0 
15 14 14 0 0 0 
0 15 15 0 0 0 
1 15 15 0 0 0 
2 15 15 0 0 0 
3 15 15 0 0 0 
4 15 15 0 0 0 
5 15 15 0 0 0 
6 15 15 0 0 0 
7 15 15 0 0 0 
8 15 15 0 0 0 
9 15 15 0 0 0 
10 15 15 0 0 0 
11 15 15 0 0 0 
12 15 15 0 0 0 
13 15 15 0 0 0 
14 15 15 0 0 0 
15 15 15 0 0 0 
0 0 0 0 0 0 
1 0 0 0 0 0 
2 0 0 0 0 0 
3 0 0 0 0 0 
4 0 0 0 0 0 
5 0 0 0 0 0 
6 0 0 0 0 0 
7 0 0 0 0 0 
8 0 0 0 0 0 
9 0 0 0 0 0 
10 0 0 0 0 0 
11 0 0 0 0 0 
12 0 0 0 0 0 
13 0 0 0 0 0 
14 0 0 0 0 0 
15 0 0 0 0 0 
0 1 1 0 0 0 
1 1 1 0 0 0 
2 1 1 0 0 0 
3 1 1 0 0 0 
4 1 1 0 0 0 
5 1 1 0 0 0 
6 1 1 0 0 0 
7 1 1 0 0 0 
8 1 1 0 0 0 
9 1 1 0 0 0 
10 1 1 0 0 0 
11 1 1 0 0 0 
12 1 1 0 0 0 
13 1 1 0 0 0 
14 1 1 0 0 0 
15 1 1 0 0 0 
0 2 2 0 0 0 
1 2 2 0 0 0 
2 2 2 0 0 0 
3 2 2 0 0 0 
4 2 2 0 0 0 
5 2 2 0 0 0 
6 2 2 0 0 0 
7 2 2 0 0 0 
8 2 2 0 0 0 
9 2 2 0 0 0 
10 2 2 0 0 0 
11 2 2 0 0 0 
12 2 2 0 0 0 
13 2 2 0 0 0 
14 2 2 0 0 0 
15 2 2 0 0 0 
0 3 3 0 0 0 
1 3 3 0 0 0 
2 3 3 0 0 0 
3 3 3 0 0 0 
4 3 3 0 0 0 
5 3 3 0 0 0 
6 3 3 0 0 0 
7 3 3 0 0 0 
8 3 3 0 0 0 
9 3 3 0 0 0 
10 3 3 0 0 0 
11 3 3 0 0 0 
12 3 3 0 0 0 
13 3 3 0 0 0 
14 3 3 0 0 0 
15 3 3 0 0 0 
0 4 4 0.0352252 -1.27857e-05 0.00014826 
1 4 4 0.0345479 -6.19647e-05 0.000177737 
2 4 4 0.0340445 -9.11492e-05 0.0001761 
3 4 4 0.0337634 -0.000103996 0.000151127 
4 4 4 0.033725 -0.000107421 0.000112971 
5 4 4 0.0339191 -0.000105469 7.17287e-05 
6 4 4 0.0343088 -0.000103777 3.76792e-05 
7 4 4 0.0348378 -0.000111237 2.3524e-05 
8 4 4 0.0354645 -0.000135904 3.57979e-05 
9 4 4 0.0361347 -8.46508e-05 -7.08196e-06 
10 4 4 0.0364642 8.63044e-05 -0.000137278 
11 4 4 0.0365639 8.13998e-05 -0.00011466 
12 4 4 0.0366799 1.67305e-05 -3.15227e-05 
13 4 4 0.0367045 -1.98801e-05 2.92426e-05 
14 4 4 0.0365118 3.98939e-06 9.52176e-05 
15 4 4 0.033926 -0.00165788 -0.00151097 
0 5 5 0.229326 0.000174221 0.000913981 
1 5 5 0.226851 -0.000185451 0.000963078 
2 5 5 0.225181 -0.000458516 0.000859499 
3 5 5 0.224502 -0.000636631 0.000640628 
4 5 5 0.224854 -0.000729979 0.00035749 
5 5 5 0.226124 -0.000752774 6.73544e-05 
6 5 5 0.228072 -0.000729216 -0.000168551 
7 5 5 0.23035 -0.000718725 -0.000271542 
8 5 5 0.232561 -0.000846984 -6.85818e-05 
9 5 5 0.237761 -0.00057319 0.000218483 
10 5 5 0.236817 0.000397836 -0.000828619 
11 5 5 0.236106 0.000398118 -0.000743588 
12 5 5 0.236917 0.00010603 -0.000247558 
13 5 5 0.237059 -3.46038e-05 9.81452e-05 
14 5 5 0.236252 0.000224467 0.000736139 
15 5 5 0.246745 -0.00367473 -0.004394 
0 6 6 0.452255 0.000531383 0.00188249 
1 6 6 0.44891 -0.000112923 0.0016635 
2 6 6 0.446735 -0.000697953 0.0012302 
3 6 6 0.446001 -0.00114081 0.000650383 
4 6 6 0.44676 -0.00140013 4.96873e-06 
5 6 6 0.448838 -0.00146601 -0.000607248 
6 6 6 0.451851 -0.00135593 -0.00107931 
7 6 6 0.455187 -0.00110585 -0.00128684 
8 6 6 0.457759 -0.000609288 -0.000806818 
9 6 6 0.464803 -4.39471e-05 -0.000215891 
10 6 6 0.466213 -0.000196107 -0.00100741 
11 6 6 0.462668 -0.000242157 -0.00119636 
12 6 6 0.464369 -7.04819e-05 -0.00043147 
13 6 6 0.46473 -2.24772e-05 0.000132928 
14 6 6 0.464026 0.000304008 0.00122289 
15 6 6 0.481221 -0.00299741 -0.00537586 
0 7 7 0.628316 0.000371015 0.00298739 
1 7 7 0.624541 -0.000260881 0.00222304 
2 7 7 0.622234 -0.000873716 0.00125871 
3 7 7 0.621582 -0.00134977 0.000200662 
4 7 7 0.622601 -0.00160735 -0.000840689 
5 7 7 0.625105 -0.00160592 -0.00174054 
6 7 7 0.628704 -0.00134576 -0.00237267 
7 7 7 0.632812 -0.000821706 -0.00263063 
8 7 7 0.636743 7.86639e-05 -0.00236251 
9 7 7 0.639784 0.000642158 -0.00152755 
10 7 7 0.642043 -0.000279383 -0.00126894 
11 7 7 0.643545 -0.000668844 -0.000799324 
12 7 7 0.64426 -0.00037497 -0.000166612 
13 7 7 0.644181 -0.000171178 0.000368686 
14 7 7 0.643558 8.53101e-06 0.00141584 
15 7 7 0.652786 -0.00148498 -0.00600022 
0 8 8 0.640831 -0.000378851 0.003009 
1 8 8 0.637117 -0.000787327 0.00198536 
2 8 8 0.635008 -0.00110382 0.000807643 
3 8 8 0.634592 -0.00127494 -0.000389256 
4 8 8 0.635819 -0.001259 -0.00148044 
5 8 8 0.63849 -0.00103969 -0.00234361 
6 8 8 0.642248 -0.000638317 -0.00287069 
7 8 8 0.646611 -0.000100549 -0.00299279 
8 8 8 0.651078 0.000487642 -0.00271123 
9 8 8 0.655151 0.000752993 -0.00209608 
10 8 8 0.657908 0.000305372 -0.00132426 
11 8 8 0.658981 -0.000155658 -0.000612426 
12 8 8 0.659031 -0.000286829 -2.56528e-05 
13 8 8 0.658491 -0.000302853 0.000439881 
14 8 8 0.657711 -0.000406989 0.00141126 
15 8 8 0.665946 0.000525683 -0.00611712 
0 9 9 0.496096 -0.00103749 0.00179513 
1 9 9 0.492908 -0.00118382 0.00101231 
2 9 9 0.491164 -0.00118031 0.000160854 
3 9 9 0.49095 -0.00103334 -0.000658004 
4 9 9 0.492208 -0.000756897 -0.00135704 
5 9 9 0.494739 -0.000377869 -0.00185864 
6 9 9 0.498213 5.2953e-05 -0.0021054 
7 9 9 0.502196 0.000461679 -0.00207515 
8 9 9 0.506193 0.000747 -0.00179938 
9 9 9 0.509682 0.000775256 -0.00136828 
10 9 9 0.512142 0.000503216 -0.000892572 
11 9 9 0.513341 0.000126303 -0.000448669 
12 9 9 0.513511 -0.000160121 -8.1309e-05 
13 9 9 0.513032 -0.000341489 0.000212649 
14 9 9 0.51214 -0.000739229 0.00109527 
15 9 9 0.527203 0.0022382 -0.00586477 
0 10 10 0.265004 -0.00090258 0.000513189 
1 10 10 0.262647 -0.000908189 0.000180187 
2 10 10 0.261285 -0.000807952 -0.000155692 
3 10 10 0.261016 -0.000620349 -0.00045516 
4 10 10 0.261815 -0.000369802 -0.00068858 
5 10 10 0.26355 -8.58686e-05 -0.000832021 
6 10 10 0.265982 0.000189555 -0.000874112 
7 10 10 0.268793 0.000406718 -0.000819638 
8 10 10 0.271612 0.000514312 -0.000692625 
9 10 10 0.274062 0.000476234 -0.000531695 
10 10 10 0.275837 0.000308234 -0.000372339 
11 10 10 0.27681 9.14075e-05 -0.00023076 
12 10 10 0.277076 -9.4241e-05 -0.000112171 
13 10 10 0.276825 -0.000235016 -5.19216e-06 
14 10 10 0.275887 -0.000692038 0.000585773 
15 10 10 0.289535 0.00323286 -0.0049078 
0 11 11 0.059771 -0.000243208 5.45705e-06 
1 11 11 0.0587331 -0.000245882 -4.74104e-05 
2 11 11 0.0580207 -0.00022308 -9.46775e-05 
3 11 11 0.0576961 -0.000178426 -0.000130465 
4 11 11 0.0577759 -0.000118179 -0.000151915 
5 11 11 0.058235 -4.86066e-05 -0.000157895 
6 11 11 0.0590052 1.87835e-05 -0.000149983 
7 11 11 0.0599804 7.17027e-05 -0.000132703 
8 11 11 0.0610237 9.83728e-05 -0.000112043 
9 11 11 0.0619856 9.27998e-05 -9.35252e-05 
10 11 11 0.0627378 5.99482e-05 -7.89731e-05 
11 11 11 0.0632131 1.61539e-05 -6.58683e-05 
12 11 11 0.0634179 -2.30706e-05 -5.20435e-05 
13 11 11 0.0633964 -5.47647e-05 -3.5202e-05 
14 11 11 0.0630097 -0.000160417 7.22292e-05 
15 11 11 0.0615179 0.00247398 -0.0026633 
0 12 12 0 0 0 
1 12 12 0 0 0 
2 12 12 0 0 0 
3 12 12 0 0 0 
4 12 12 0 0 0 
5 12 12 0 0 0 
6 12 12 0 0 0 
7 12 12 0 0 0 
8 12 12 0 0 0 
9 12 12 0 0 0 
10 12 12 0 0 0 
11 12 12 0 0 0 
12 12 12 0 0 0 
13 12 12 0 0 0 
14 12 12 0 0 0 
15 12 12 0 0 0 
0 13 13 0 0 0 
1 13 13 0 0 0 
2 13 13 0 0 0 
3 13 13 0 0 0 
4 13 13 0 0 0 
5 13 13 0 0 0 
6 13 13 0 0 0 
7 13 13 0 0 0 
8 13 13 0 0 0 
9 13 13 0 0 0 
10 13 13 0 0 0 
11 13 13 0 0 0 
12 13 13 0 0 0 
13 13 13 0 0 0 
14 13 13 0 0 0 
15 13 13 0 0 0 
0 14 14 0 0 0 
1 14 14 0 0 0 
2 14 14 0 0 0 
3 14 14 0 0 0 
4 14 14 0 0 0 
5 14 14 0 0 0 
6 14 14 0 0 0 
7 14 14 0 0 0 
8 14 14 0 0 0 
9 14 14 0 0 0 
10 14 14 0 0 0 
11 14 14 0 0 0 
12 14 14 0 0 0 
13 14 14 0 0 0 
14 14 14 0 0 0 
15 14 14 0 0 0 
0 15 15 0 0 0 
1 15 15 0 0 0 
2 15 15 0 0 0 
3 15 15 0 0 0 
4 15 15 0 0 0 
5 15 15 0 0 0 
6 15 15 0 0 0 
7 15 15 0 0 0 
8 15 15 0 0 0 
9 15 15 0 0 0 
10 15 15 0 0 0 
11 15 15 0 0 0 
12 15 15 0 0 0 
13 15 15 0 0 0 
14 15 15 0 0 0 
15 15 15 0 0 0 
0 0 0 0 0 0 
1 0 0 0 0 0 
2 0 0 0 0 0 
3 0 0 0 0 0 
4 0 0 0 0 0 
5 0 0 0 0 0 
6 0 0 0 0 0 
7 0 0 0 0 0 
8 0 0 0 0 0 
9 0 0 0 0 0 
10 0 0 0 0 0 
11 0 0 0 0 0 
12 0 0 0 0 0 
13 0 0 0 0 0 
14 0 0 0 0 0 
15 0 0 0 0 0 
0 1 1 0 0 0 
1 1 1 0 0 0 
2 1 1 0 0 0 
3 1 1 0 0 0 
4 1 1 0 0 0 
5 1 1 0 0 0 
6 1 1 0 0 0 
7 1 1 0 0 0 
8 1 1 0 0 0 
9 1 1 0 0 0 
10 1 1 0 0 0 
11 1 1 0 0 0 
12 1 1 0 0 0 
13 1 1 0 0 0 
14 1 1 0 0 0 
15 1 1 0 0 0 
0 2 2 0 0 0 
1 2 2 0 0 0 
2 2 2 0 0 0 
3 2 2 0 0 0 
4 2 2 0 0 0 
5 2 2 0 0 0 
6 2 2 0 0 0 
7 2 2 0 0 0 
8 2 2 0 0 0 
9 2 2 0 0 0 
10 2 2 0 0 0 
11 2 2 0 0 0 
12 2 2 0 0 0 
13 2 2 0 0 0 
14 2 2 0 0 0 
15 2 2 0 0 0 
0 3 3 0 0 0 
1 3 3 0 0 0 
2 3 3 0 0 0 
3 3 3 0 0 0 
4 3 3 0 0 0 
5 3 3 0 0 0 
6 3 3 0 0 0 
7 3 3 0 0 0 
8 3 3 0 0 0 
9 3 3 0 0 0 
10 3 3 0 0 0 
11 3 3 0 0 0 
12 3 3 0 0 0 
13 3 3 0 0 0 
14 3 3 0 0 0 
15 3 3 0 0 0 
0 4 4 0.225793 0.000614203 0.000721415 
1 4 4 0.223093 0.000290319 0.000836742 
2 4 4 0.22135 -7.77222e-06 0.000811374 
3 4 4 0.220655 -0.00025483 0.000662399 
4 4 4 0.220995 -0.000446671 0.000438312 
5 4 4 0.222258 -0.000583641 0.000197884 
6 4 4 0.224229 -0.000668415 -1.19572e-06 
7 4 4 0.226623 -0.000709068 -0.000111683 
8 4 4 0.229151 -0.000699295 -0.00013189 
9 4 4 0.231475 -0.000522181 -0.000203465 
10 4 4 0.23295 -0.000128336 -0.000408349 
11 4 4 0.233424 0.000119798 -0.00042525 
12 4 4 0.233385 0.000149605 -0.000205371 
13 4 4 0.233025 0.000125797 6.78384e-05 
14 4 4 0.23199 0.000542592 0.0005916 
15 4 4 0.243729 -0.00479829 -0.00307229 
0 5 5 0.584638 0.00244237 0.00199252 
1 5 5 0.580248 0.00138276 0.00192861 
2 5 5 0.577487 0.000318981 0.0016073 
3 5 5 0.57649 -0.000626219 0.00106126 
4 5 5 0.577223 -0.0013807 0.00038008 
5 5 5 0.579471 -0.00190225 -0.000307816 
6 5 5 0.582844 -0.00217292 -0.000860125 
7 5 5 0.586811 -0.0022177 -0.00113576 
8 5 5 0.590845 -0.00210094 -0.00102454 
9 5 5 0.594488 -0.00156029 -0.000792797 
10 5 5 0.596729 -0.000429848 -0.00103836 
11 5 5 0.597407 0.000317273 -0.000990156 
12 5 5 0.597315 0.000541712 -0.000463533 
13 5 5 0.596675 0.000579804 0.00014012 
14 5 5 0.595667 0.00106094 0.00112621 
15 5 5 0.605201 -0.0044638 -0.0039132 
0 6 6 1.09015 0.0052784 0.00477517 
1 6 6 1.08521 0.0034706 0.00380379 
2 6 6 1.08175 0.00148045 0.00247547 
3 6 6 1.07998 -0.000419875 0.000900895 
4 6 6 1.07998 -0.00202333 -0.000766665 
5 6 6 1.08163 -0.00317797 -0.00231622 
6 6 6 1.08464 -0.00378701 -0.00349889 
7 6 6 1.08846 -0.00382459 -0.00404754 
8 6 6 1.0924 -0.00334164 -0.00363614 
9 6 6 1.096 -0.00223244 -0.00253796 
10 6 6 1.0986 -0.000869555 -0.00242599 
11 6 6 1.10007 0.000174103 -0.00184439 
12 6 6 1.10066 0.000835143 -0.000678116 
13 6 6 1.10038 0.00114233 0.000374894 
14 6 6 1.09985 0.00126773 0.00129987 
15 6 6 1.09487 -0.00306566 -0.00486914 
0 7 7 1.42047 0.00550971 0.00827946 
1 7 7 1.41734 0.0040861 0.00597825 
2 7 7 1.41481 0.00235475 0.00323364 
3 7 7 1.41303 0.000591973 0.000309807 
4 7 7 1.41212 -0.000961526 -0.00254008 
5 7 7 1.41215 -0.00210964 -0.00502876 
6 7 7 1.41315 -0.00271131 -0.00683855 
7 7 7 1.41496 -0.00267848 -0.00765718 
8 7 7 1.41733 -0.00196714 -0.00723313 
9 7 7 1.42008 -0.000874575 -0.00568836 
10 7 7 1.4225 -0.000286817 -0.00399269 
11 7 7 1.4239 0.000213173 -0.00219838 
12 7 7 1.42462 0.000793371 -0.000393286 
13 7 7 1.42473 0.00114144 0.000954376 
14 7 7 1.42472 0.00115574 0.00159188 
15 7 7 1.42023 -0.000557125 -0.00444152 
0 8 8 1.44356 0.00209679 0.00929075 
1 8 8 1.44139 0.00170721 0.00644189 
2 8 8 1.43973 0.00121672 0.00311607 
3 8 8 1.43865 0.000745468 -0.000318928 
4 8 8 1.43821 0.000399509 -0.00353984 
5 8 8 1.43847 0.000253454 -0.0062256 
6 8 8 1.43951 0.000339406 -0.00805924 
7 8 8 1.44131 0.000643818 -0.00877122 
8 8 8 1.44377 0.00109496 -0.00823344 
9 8 8 1.44662 0.00146402 -0.00659802 
10 8 8 1.44923 0.00143046 -0.00433942 
11 8 8 1.45096 0.00112853 -0.00199504 
12 8 8 1.45176 0.000847462 -1.83478e-05 
13 8 8 1.45194 0.000622323 0.00129556 
14 8 8 1.45208 0.000445915 0.00176301 
15 8 8 1.44783 0.00135038 -0.00437883 
0 9 9 1.16372 -0.00136293 0.00624853 
1 9 9 1.1608 -0.00102043 0.00398545 
2 9 9 1.1591 -0.000522787 0.00144338 
3 9 9 1.15872 0.000108678 -0.00107686 
4 9 9 1.15966 0.000833425 -0.00332234 
5 9 9 1.16184 0.0015816 -0.00506232 
6 9 9 1.16509 0.00225462 -0.00609694 
7 9 9 1.1691 0.002737 -0.00629317 
8 9 9 1.17346 0.00291309 -0.00564595 
9 9 9 1.17759 0.00269021 -0.00433248 
10 9 9 1.1809 0.00207602 -0.00269339 
11 9 9 1.18298 0.0012621 -0.00110837 
12 9 9 1.18382 0.000497539 0.000134426 
13 9 9 1.18381 -8.7537e-05 0.000917197 
14 9 9 1.18374 -0.000517573 0.00135838 
15 9 9 1.1793 0.003084 -0.00516082 
0 10 10 0.653823 -0.00183118 0.00212661 
1 10 10 0.650764 -0.0014632 0.00108164 
2 10 10 0.649169 -0.000916403 -1.07602e-05 
3 10 10 0.649159 -0.000251803 -0.00101938 
4 10 10 0.650695 0.000457555 -0.0018447 
5 10 10 0.653587 0.00112628 -0.0024062 
6 10 10 0.657499 0.00165945 -0.00264849 
7 10 10 0.661962 0.00196788 -0.00255633 
8 10 10 0.666417 0.00198997 -0.0021711 
9 10 10 0.670295 0.00171628 -0.00159546 
10 10 10 0.673149 0.00121444 -0.000968159 
11 10 10 0.674786 0.000624118 -0.000415727 
12 10 10 0.675315 8.97654e-05 -1.35784e-05 
13 10 10 0.675047 -0.000333506 0.000247809 
14 10 10 0.674504 -0.00106917 0.000851979 
15 10 10 0.678646 0.00420749 -0.00470362 
0 11 11 0.271127 -0.000895602 0.000317854 
1 11 11 0.268862 -0.000760812 2.05823e-05 
2 11 11 0.267578 -0.000538489 -0.000259711 
3 11 11 0.267382 -0.000259369 -0.000490623 
4 11 11 0.268259 4.13984e-05 -0.000653527 
5 11 11 0.270076 0.00032688 -0.000737183 
6 11 11 0.272588 0.000556277 -0.000739768 
7 11 11 0.275464 0.000691851 -0.000671618 
8 11 11 0.278322 0.000710036 -0.000553766 
9 11 11 0.280797 0.000610394 -0.000415065 
10 11 11 0.282617 0.000422616 -0.000283347 
11 11 11 0.283673 0.000200675 -0.000176842 
12 11 11 0.284028 -2.08992e-06 -0.000101382 
13 11 11 0.283837 -0.000173829 -4.07751e-05 
14 11 11 0.282951 -0.000799577 0.000377794 
15 11 11 0.296644 0.00462611 -0.00374375 
0 12 12 0.0254061 -9.31953e-05 -1.99722e-05 
1 12 12 0.0249031 -8.75934e-05 -3.54429e-05 
2 12 12 0.0245454 -7.28745e-05 -4.64813e-05 
3 12 12 0.0243671 -5.09746e-05 -5.19654e-05 
4 12 12 0.0243801 -2.50268e-05 -5.20785e-05 
5 12 12 0.0245764 2.44114e-06 -4.76732e-05 
6 12 12 0.0249255 2.70458e-05 -4.02667e-05 
7 12 12 0.0253792 4.46634e-05 -3.21586e-05 
8 12 12 0.0258735 5.22218e-05 -2.51809e-05 
9 12 12 0.0263386 4.87836e-05 -2.05782e-05 
10 12 12 0.026714 3.60752e-05 -1.8434e-05 
11 12 12 0.026964 1.84678e-05 -1.79813e-05 
12 12 12 0.0270847 9.13793e-07 -1.81149e-05 
13 12 12 0.0270912 -1.54541e-05 -1.79196e-05 
14 12 12 0.0269268 -7.39495e-05 -6.34404e-06 
15 12 12 0.0246133 0.00172455 -0.00111513 
0 13 13 0 0 0 
1 13 13 0 0 0 
2 13 13 0 0 0 
3 13 13 0 0 0 
4 13 13 0 0 0 
5 13 13 0 0 0 
6 13 13 0 0 0 
7 13 13 0 0 0 
8 13 13 0 0 0 
9 13 13 0 0 0 
10 13 13 0 0 0 
11 13 13 0 0 0 
12 13 13 0 0 0 
13 13 13 0 0 0 
14 13 13 0 0 0 
15 13 13 0 0 0 
0 14 14 0 0 0 
1 14 14 0 0 0 
2 14 14 0 0 0 
3 14 14 0 0 0 
4 14 14 0 0 0 
5 14 14 0 0 0 
6 14 14 0 0 0 
7 14 14 0 0 0 
8 14 14 0 0 0 
9 14 14 0 0 0 
10 14 14 0 0 0 
11 14 14 0 0 0 
12 14 14 0 0 0 
13 14 14 0 0 0 
14 14 14 0 0 0 
15 14 14 0 0 0 
0 15 15 0 0 0 
1 15 15 0 0 0 
2 15 15 0 0 0 
3 15 15 0 0 0 
4 15 15 0 0 0 
5 15 15 0 0 0 
6 15 15 0 0 0 
7 15 15 0 0 0 
8 15 15 0 0 0 
9 15 15 0 0 0 
10 15 15 0 0 0 
11 15 15 0 0 0 
12 15 15 0 0 0 
13 15 15 0 0 0 
14 15 15 0 0 0 
15 15 15 0 0 0 
0 0 0 0 0 0 
1 0 0 0 0 0 
2 0 0 0 0 0 
3 0 0 0 0 0 
4 0 0 0 0 0 
5 0 0 0 0 0 
6 0 0 0 0 0 
7 0 0 0 0 0 
8 0 0 0 0 0 
9 0 0 0 0 0 
10 0 0 0 0 0 
11 0 0 0 0 0 
12 0 0 0 0 0 
13 0 0 0 0 0 
14 0 0 0 0 0 
15 0 0 0 0 0 
0 1 1 0 0 0 
1 1 1 0 0 0 
2 1 1 0 0 0 
3 1 1 0 0 0 
4 1 1 0 0 0 
5 1 1 0 0 0 
6 1 1 0 0 0 
7 1 1 0 0 0 
8 1 1 0 0 0 
9 1 1 0 0 0 
10 1 1 0 0 0 
11 1 1 0 0 0 
12 1 1 0 0 0 
13 1 1 0 0 0 
14 1 1 0 0 0 
15 1 1 0 0 0 
0 2 2 0 0 0 
1 2 2 0 0 0 
2 2 2 0 0 0 
3 2 2 0 0 0 
4 2 2 0 0 0 
5 2 2 0 0 0 
6 2 2 0 0 0 
7 2 2 0 0 0 
8 2 2 0 0 0 
9 2 2 0 0 0 
10 2 2 0 0 0 
11 2 2 0 0 0 
12 2 2 0 0 0 
13 2 2 0 0 0 
14 2 2 0 0 0 
15 2 2 0 0 0 
0 3 3 0.0848906 0.000247495 0.000172791 
1 3 3 0.0833611 0.000177695 0.000226455 
2 3 3 0.0822812 9.74567e-05 0.000242308 
3 3 3 0.0817271 1.68332e-05 0.000219353 
4 3 3 0.0817093 -5.87602e-05 0.000169394 
5 3 3 0.0821932 -0.00012401 0.000109662 
6 3 3 0.0830906 -0.00017435 5.66235e-05 
7 3 3 0.0842688 -0.000204296 1.86164e-05 
8 3 3 0.0855498 -0.000205035 -1.04477e-05 
9 3 3 0.0867252 -0.000166156 -5.1257e-05 
10 3 3 0.0875962 -9.76361e-05 -9.92242e-05 
11 3 3 0.0880661 -3.16103e-05 -0.000108648 
12 3 3 0.0881918 1.02707e-05 -6.54024e-05 
13 3 3 0.08806 3.74228e-05 3.93937e-06 
14 3 3 0.0874957 0.00020832 0.000134509 
15 3 3 0.0867116 -0.00397672 -0.00142388 
0 4 4 0.430193 0.0020388 0.000868071 
1 4 4 0.426137 0.00142344 0.000963079 
2 4 4 0.423615 0.000718108 0.000925721 
3 4 4 0.422727 1.40949e-05 0.000746838 
4 4 4 0.423398 -0.000617571 0.000464842 
5 4 4 0.42541 -0.00111954 0.000148345 
6 4 4 0.428409 -0.00144593 -0.000126014 
7 4 4 0.43194 -0.00156706 -0.000300081 
8 4 4 0.435492 -0.00146696 -0.000367035 
9 4 4 0.438539 -0.00113579 -0.000399702 
10 4 4 0.440568 -0.000628481 -0.000449592 
11 4 4 0.441365 -0.000127088 -0.00041856 
12 4 4 0.441181 0.000224351 -0.000239205 
13 4 4 0.44038 0.000446492 3.37828e-05 
14 4 4 0.43907 0.00126898 0.000623195 
15 4 4 0.454644 -0.00552811 -0.0020518 
0 5 5 1.06691 0.00713614 0.00263901 
1 5 5 1.0609 0.00520553 0.00232052 
2 5 5 1.05675 0.00291865 0.00179239 
3 5 5 1.05464 0.000568265 0.00105148 
4 5 5 1.05453 -0.00159231 0.000159855 
5 5 5 1.05622 -0.00334287 -0.000752829 
6 5 5 1.05936 -0.0045012 -0.00151526 
7 5 5 1.06344 -0.00494523 -0.00195947 
8 5 5 1.06785 -0.00463792 -0.00199436 
9 5 5 1.07192 -0.00360651 -0.00173796 
10 5 5 1.07481 -0.00201298 -0.00144115 
11 5 5 1.07597 -0.000368397 -0.00105125 
12 5 5 1.07566 0.000868736 -0.000485305 
13 5 5 1.07446 0.00160185 0.000135937 
14 5 5 1.07324 0.00209879 0.000799663 
15 5 5 1.06784 -0.00467635 -0.00278194 
0 6 6 1.69466 0.012601 0.00636317 
1 6 6 1.69279 0.0100904 0.004737 
2 6 6 1.6904 0.00680279 0.00284027 
3 6 6 1.68764 0.00316849 0.000785355 
4 6 6 1.6847 -0.000403474 -0.00131303 
5 6 6 1.68182 -0.00352563 -0.00327723 
6 6 6 1.6793 -0.00584478 -0.00485832 
7 6 6 1.67743 -0.0070683 -0.00576877 
8 6 6 1.67645 -0.00702488 -0.0057754 
9 6 6 1.67642 -0.00573553 -0.00493054 
10 6 6 1.67697 -0.00348886 -0.00367135 
11 6 6 1.67743 -0.000912606 -0.00223142 
12 6 6 1.6776 0.00130056 -0.000768687 
13 6 6 1.67747 0.00272512 0.000400345 
14 6 6 1.67725 0.00308176 0.000934833 
15 6 6 1.67243 -0.00070132 -0.00224297 
0 7 7 2.01138 0.0103673 0.0108844 
1 7 7 2.01771 0.00935878 0.00812747 
2 7 7 2.02109 0.00756145 0.00483435 
3 7 7 2.02132 0.00523984 0.00132761 
4 7 7 2.01852 0.00270041 -0.00214789 
5 7 7 2.01308 0.000263524 -0.00532998 
6 7 7 2.0057 -0.0017605 -0.00789839 
7 7 7 1.99739 -0.00309065 -0.00947958 
8 7 7 1.98933 -0.00351855 -0.00973635 
9 7 7 1.9827 -0.0030109 -0.00859421 
10 7 7 1.97817 -0.00178146 -0.00640253 
11 7 7 1.97583 -0.000170646 -0.00368629 
12 7 7 1.97536 0.00141065 -0.00107262 
13 7 7 1.97622 0.0025694 0.000825715 
14 7 7 1.97763 0.00302307 0.00152642 
15 7 7 1.97404 0.00187441 -0.0011925 
0 8 8 2.02741 0.00228824 0.012561 
1 8 8 2.03584 0.00327831 0.00952222 
2 8 8 2.04117 0.00394039 0.00574283 
3 8 8 2.04306 0.00426219 0.00165994 
4 8 8 2.0415 0.00432603 -0.00237664 
5 8 8 2.03679 0.00423001 -0.00602441 
6 8 8 2.02965 0.00404862 -0.00891278 
7 8 8 2.02114 0.00381809 -0.0106491 
8 8 8 2.0126 0.00353618 -0.0109014 
9 8 8 2.00534 0.00316646 -0.00957556 
10 8 8 2.0003 0.00269352 -0.00698118 
11 8 8 1.99779 0.00221265 -0.00379066 
12 8 8 1.99755 0.00185398 -0.000824035 
13 8 8 1.99894 0.0016713 0.00124379 
14 8 8 2.00107 0.00169361 0.00193584 
15 8 8 1.99821 0.00246498 -0.000850509 
0 9 9 1.75155 -0.00382059 0.00956014 
1 9 9 1.75469 -0.00174935 0.00686722 
2 9 9 1.75659 0.000431422 0.00362533 
3 9 9 1.75711 0.0025433 0.00023308 
4 9 9 1.7563 0.00447633 -0.00297731 
5 9 9 1.75439 0.0061094 -0.00569769 
6 9 9 1.75187 0.00728421 -0.00763191 
7 9 9 1.74932 0.00782193 -0.00851877 
8 9 9 1.74734 0.00758013 -0.00820487 
9 9 9 1.74635 0.00654015 -0.00675561 
10 9 9 1.74641 0.00489553 -0.00452804 
11 9 9 1.74726 0.00305009 -0.00209612 
12 9 9 1.74858 0.00144631 -3.6626e-05 
13 9 9 1.75009 0.000378438 0.0012685 
14 9 9 1.75171 9.17571e-05 0.00153956 
15 9 9 1.74842 0.00316453 -0.00189391 
0 10 10 1.18539 -0.00419011 0.0040388 
1 10 10 1.18337 -0.00256026 0.00244537 
2 10 10 1.1824 -0.000693589 0.000694503 
3 10 10 1.18256 0.00122502 -0.000994781 
4 10 10 1.18385 0.00302802 -0.00245129 
5 10 10 1.18623 0.00453586 -0.00353284 
6 10 10 1.18955 0.00555964 -0.00412671 
7 10 10 1.19358 0.00593759 -0.00416853 
8 10 10 1.1979 0.00559513 -0.00367366 
9 10 10 1.202 0.00460246 -0.00276663 
10 10 10 1.20537 0.00319431 -0.00167145 
11 10 10 1.20767 0.00170891 -0.000643751 
12 10 10 1.20889 0.000454363 0.000123021 
13 10 10 1.20929 -0.000416927 0.000560216 
14 10 10 1.20961 -0.00096906 0.000733162 
15 10 10 1.2055 0.005209 -0.00330419 
0 11 11 0.508803 -0.00178541 0.000705307 
1 11 11 0.506113 -0.00121947 0.000239846 
2 11 11 0.504749 -0.000526346 -0.000216916 
3 11 11 0.50483 0.000210926 -0.000610463 
4 11 11 0.506329 0.000912342 -0.000906403 
5 11 11 0.509066 0.00149773 -0.00108193 
6 11 11 0.512714 0.00189006 -0.00112652 
7 11 11 0.516823 0.0020308 -0.00104659 
8 11 11 0.52087 0.00190309 -0.00086689 
9 11 11 0.524355 0.00154435 -0.000630825 
10 11 11 0.526916 0.00104484 -0.000390843 
11 11 11 0.528418 0.000521621 -0.000192892 
12 11 11 0.528954 7.38174e-05 -6.0254e-05 
13 11 11 0.528758 -0.000281735 2.0241e-05 
14 11 11 0.528066 -0.00121667 0.00035089 
15 11 11 0.543523 0.00561754 -0.00291305 
0 12 12 0.12545 -0.00038632 -4.0905e-06 
1 12 12 0.123901 -0.000306848 -6.38598e-05 
2 12 12 0.122919 -0.00019494 -0.000112602 
3 12 12 0.122593 -6.57206e-05 -0.000145287 
4 12 12 0.122937 6.52439e-05 -0.000161656 
5 12 12 0.123891 0.000183523 -0.000162688 
6 12 12 0.125318 0.000273844 -0.000151386 
7 12 12 0.127025 0.000322311 -0.000132716 
8 12 12 0.128779 0.00032224 -0.000111114 
9 12 12 0.13035 0.000276215 -9.04523e-05 
10 12 12 0.131555 0.000197178 -7.35584e-05 
11 12 12 0.132311 0.000106325 -6.18554e-05 
12 12 12 0.132628 2.16028e-05 -5.43984e-05 
13 12 12 0.132573 -5.41368e-05 -4.76619e-05 
14 12 12 0.131918 -0.000373422 3.58817e-05 
15 12 12 0.137139 0.00468567 -0.00213719 
0 13 13 0 0 0 
1 13 13 0 0 0 
2 13 13 0 0 0 
3 13 13 0 0 0 
4 13 13 0 0 0 
5 13 13 0 0 0 
6 13 13 0 0 0 
7 13 13 0 0 0 
8 13 13 0 0 0 
9 13 13 0 0 0 
10 13 13 0 0 0 
11 13 13 0 0 0 
12 13 13 0 0 0 
13 13 13 0 0 0 
14 13 13 0 0 0 
15 13 13 0 0 0 
0 14 14 0 0 0 
1 14 14 0 0 0 
2 14 14 0 0 0 
3 14 14 0 0 0 
4 14 14 0 0 0 
5 14 14 0 0 0 
6 14 14 0 0 0 
7 14 14 0 0 0 
8 14 14 0 0 0 
9 14 14 0 0 0 
10 14 14 0 0 0 
11 14 14 0 0 0 
12 14 14 0 0 0 
13 14 14 0 0 0 
14 14 14 0 0 0 
15 14 14 0 0 0 
0 15 15 0 0 0 
1 15 15 0 0 0 
2 15 15 0 0 0 
3 15 15 0 0 0 
4 15 15 0 0 0 
5 15 15 0 0 0 
6 15 15 0 0 0 
7 15 15 0 0 0 
8 15 15 0 0 0 
9 15 15 0 0 0 
10 15 15 0 0 0 
11 15 15 0 0 0 
12 15 15 0 0 0 
13 15 15 0 0 0 
14 15 15 0 0 0 
15 15 15 0 0 0 
0 0 0 0 0 0 
1 0 0 0 0 0 
2 0 0 0 0 0 
3 0 0 0 0 0 
4 0 0 0 0 0 
5 0 0 0 0 0 
6 0 0 0 0 0 
7 0 0 0 0 0 
8 0 0 0 0 0 
9 0 0 0 0 0 
10 0 0 0 0 0 
11 0 0 0 0 0 
12 0 0 0 0 0 
13 0 0 0 0 0 
14 0 0 0 0 0 
15 0 0 0 0 0 
0 1 1 0 0 0 
1 1 1 0 0 0 
2 1 1 0 0 0 
3 1 1 0 0 0 
4 1 1 0 0 0 
5 1 1 0 0 0 
6 1 1 0 0 0 
7 1 1 0 0 0 
8 1 1 0 0 0 
9 1 1 0 0 0 
10 1 1 0 0 0 
11 1 1 0 0 0 
12 1 1 0 0 0 
13 1 1 0 0 0 
14 1 1 0 0 0 
15 1 1 0 0 0 
0 2 2 0 0 0 
1 2 2 0 0 0 
2 2 2 0 0 0 
3 2 2 0 0 0 
4 2 2 0 0 0 
5 2 2 0 0 0 
6 2 2 0 0 0 
7 2 2 0 0 0 
8 2 2 0 0 0 
9 2 2 0 0 0 
10 2 2 0 0 0 
11 2 2 0 0 0 
12 2 2 0 0 0 
13 2 2 0 0 0 
14 2 2 0 0 0 
15 2 2 0 0 0 
0 3 3 0.121937 0.000483871 8.08165e-05 
1 3 3 0.120034 0.000394118 0.00012113 
2 3 3 0.118725 0.000268741 0.00014125 
3 3 3 0.118101 0.000124633 0.000135498 
4 3 3 0.118165 -2.21736e-05 0.000109321 
5 3 3 0.118856 -0.000154781 7.31493e-05 
6 3 3 0.120044 -0.000257601 3.96707e-05 
7 3 3 0.121542 -0.0003179 1.43947e-05 
8 3 3 0.123117 -0.000326464 -6.61606e-06 
9 3 3 0.124525 -0.000281186 -3.5589e-05 
10 3 3 0.125562 -0.000195793 -6.93567e-05 
11 3 3 0.126128 -9.58737e-05 -8.39446e-05 
12 3 3 0.12626 -5.90533e-06 -6.63459e-05 
13 3 3 0.126053 7.24071e-05 -2.55794e-05 
14 3 3 0.1253 0.000444774 4.52599e-05 
15 3 3 0.132005 -0.00511007 -0.000292879 
0 4 4 0.559287 0.00325481 0.000338909 
1 4 4 0.554535 0.00245916 0.000403377 
2 4 4 0.551512 0.0014712 0.000421968 
3 4 4 0.550357 0.000412276 0.000373463 
4 4 4 0.550994 -0.000598514 0.000262754 
5 4 4 0.553174 -0.00144536 0.000117225 
6 4 4 0.556486 -0.00202513 -2.25914e-05 
7 4 4 0.560396 -0.00226502 -0.000123546 
8 4 4 0.564292 -0.00213985 -0.000178366 
9 4 4 0.567573 -0.00169008 -0.000213296 
10 4 4 0.569773 -0.00103317 -0.000246257 
11 4 4 0.570701 -0.000339974 -0.000249216 
12 4 4 0.570512 0.000238712 -0.00018956 
13 4 4 0.569561 0.000670569 -7.0869e-05 
14 4 4 0.568277 0.0016416 0.000185213 
15 4 4 0.578012 -0.00598782 -0.000716057 
0 5 5 1.36931 0.0109768 0.00112128 
1 5 5 1.36354 0.00852811 0.00092456 
2 5 5 1.35899 0.00545289 0.000686738 
3 5 5 1.35591 0.00210165 0.000387487 
4 5 5 1.35439 -0.00117525 2.60145e-05 
5 5 5 1.35437 -0.00402015 -0.000364732 
6 5 5 1.35568 -0.00608929 -0.000718103 
7 5 5 1.35803 -0.00710029 -0.000955764 
8 5 5 1.36098 -0.00690524 -0.00102614 
9 5 5 1.36392 -0.00557652 -0.000947867 
10 5 5 1.3662 -0.00346152 -0.000788183 
11 5 5 1.36731 -0.00112119 -0.000583239 
12 5 5 1.36716 0.000890499 -0.000341495 
13 5 5 1.36608 0.00224994 -8.76643e-05 
14 5 5 1.36489 0.00283399 0.000136665 
15 5 5 1.35955 -0.00380004 -0.000939598 
0 6 6 1.99309 0.0164992 0.00289082 
1 6 6 1.99713 0.0138839 0.0020699 
2 6 6 1.99841 0.0102509 0.00117254 
3 6 6 1.99698 0.00599962 0.000257847 
4 6 6 1.99306 0.00153458 -0.000642129 
5 6 6 1.98708 -0.0026977 -0.00148311 
6 6 6 1.97971 -0.00621698 -0.00218889 
7 6 6 1.97182 -0.00854141 -0.00265186 
8 6 6 1.96441 -0.00927096 -0.00276961 
9 6 6 1.95838 -0.00824064 -0.00251498 
10 6 6 1.95426 -0.00570362 -0.00196845 
11 6 6 1.95204 -0.00237136 -0.00126463 
12 6 6 1.95132 0.000837339 -0.000563931 
13 6 6 1.95153 0.00316588 -2.47233e-05 
14 6 6 1.95205 0.00406007 0.000203582 
15 6 6 1.94764 0.00106752 -0.000665031 
0 7 7 2.30669 0.0111681 0.00505052 
1 7 7 2.32445 0.0105713 0.0038658 
2 7 7 2.33692 0.00922607 0.00242711 
3 7 7 2.34332 0.00725166 0.000896333 
4 7 7 2.34344 0.00483327 -0.000627901 
5 7 7 2.33754 0.00222659 -0.00205588 
6 7 7 2.32633 -0.000260254 -0.00327725 
7 7 7 2.3111 -0.00228572 -0.0041459 
8 7 7 2.29376 -0.00351016 -0.0045014 
9 7 7 2.27671 -0.00367755 -0.00423885 
10 7 7 2.26242 -0.00275219 -0.00339311 
11 7 7 2.2527 -0.00101909 -0.00216864 
12 7 7 2.24814 0.000976092 -0.000903565 
13 7 7 2.24794 0.00265997 6.15604e-05 
14 7 7 2.25027 0.00361251 0.000495611 
15 7 7 2.24818 0.00302489 -0.000178584 
0 8 8 2.31937 -0.000500829 0.0058404 
1 8 8 2.33948 0.00128219 0.00464909 
2 8 8 2.35443 0.00303961 0.00308118 
3 8 8 2.3632 0.00450989 0.00133647 
4 8 8 2.36536 0.00560535 -0.000441682 
5 8 8 2.36095 0.00632424 -0.00212119 
6 8 8 2.35057 0.00668501 -0.00355688 
7 8 8 2.33548 0.00668557 -0.00457777 
8 8 8 2.31765 0.00629956 -0.00500397 
9 8 8 2.29968 0.00551642 -0.00470979 
10 8 8 2.28434 0.00442258 -0.00372559 
11 8 8 2.27384 0.00325464 -0.00230111 
12 8 8 2.269 0.00231503 -0.000846322 
13 8 8 2.26911 0.00181415 0.000247203 
14 8 8 2.27224 0.00181493 0.000730708 
15 8 8 2.27117 0.00262892 4.95647e-05 
0 9 9 2.04067 -0.00792305 0.00462216 
1 9 9 2.05114 -0.00459677 0.00351299 
2 9 9 2.05844 -0.000904146 0.00211048 
3 9 9 2.06205 0.00273691 0.000593163 
4 9 9 2.06181 0.00607543 -0.000894723 
5 9 9 2.05795 0.00890381 -0.0022199 
6 9 9 2.05116 0.0109891 -0.00324955 
7 9 9 2.04256 0.0120613 -0.00385246 
8 9 9 2.03358 0.0118777 -0.00392239 
9 9 9 2.0257 0.010367 -0.00343022 
10 9 9 2.02012 0.00779961 -0.00248437 
11 9 9 2.01738 0.00481474 -0.0013349 
12 9 9 2.01731 0.00217986 -0.000286343 
13 9 9 2.01925 0.000463606 0.000423096 
14 9 9 2.02217 2.46545e-05 0.000634421 
15 9 9 2.02009 0.00271776 -0.00032382 
0 10 10 1.47945 -0.00699484 0.00213945 
1 10 10 1.47977 -0.00413132 0.00138532 
2 10 10 1.48018 -0.00093785 0.000536983 
3 10 10 1.48064 0.00225069 -0.000299705 
4 10 10 1.48119 0.00516776 -0.00104222 
5 10 10 1.48194 0.00755238 -0.00162129 
6 10 10 1.48306 0.00913565 -0.00197888 
7 10 10 1.48469 0.00968133 -0.00207443 
8 10 10 1.48685 0.00907595 -0.00189868 
9 10 10 1.48937 0.00743096 -0.00149358 
10 10 10 1.4919 0.00512895 -0.000958928 
11 10 10 1.49409 0.0027285 -0.000427035 
12 10 10 1.49575 0.000745299 -1.13021e-05 
13 10 10 1.49693 -0.000530718 0.000230483 
14 10 10 1.49804 -0.000918089 0.000260896 
15 10 10 1.49451 0.00495265 -0.00104851 
0 11 11 0.685483 -0.00268396 0.000395866 
1 11 11 0.682756 -0.00163676 0.000166795 
2 11 11 0.681448 -0.000439035 -5.93749e-05 
3 11 11 0.681675 0.000771234 -0.000257952 
4 11 11 0.683414 0.00187153 -0.000413797 
5 11 11 0.686495 0.00274454 -0.000515496 
6 11 11 0.69059 0.00328127 -0.000556448 
7 11 11 0.69523 0.00340565 -0.000536576 
8 11 11 0.699846 0.00310855 -0.000463392 
9 11 11 0.703873 0.00246752 -0.000354309 
10 11 11 0.706888 0.00163905 -0.000235362 
11 11 11 0.708719 0.000810604 -0.00013222 
12 11 11 0.709457 0.000131559 -5.88402e-05 
13 11 11 0.709373 -0.000365846 -1.10843e-05 
14 11 11 0.70893 -0.00126726 9.69009e-05 
15 11 11 0.715145 0.00620204 -0.00117206 
0 12 12 0.217249 -0.000639874 1.63761e-05 
1 12 12 0.215224 -0.000446204 -1.6677e-05 
2 12 12 0.214045 -0.000207648 -4.40487e-05 
3 12 12 0.213819 4.49568e-05 -6.44649e-05 
4 12 12 0.214547 0.00028335 -7.90628e-05 
5 12 12 0.216119 0.000482224 -8.74111e-05 
6 12 12 0.218321 0.000617157 -9.03241e-05 
7 12 12 0.220861 0.000669553 -8.88953e-05 
8 12 12 0.223402 0.000634562 -8.38029e-05 
9 12 12 0.225623 0.000523846 -7.55196e-05 
10 12 12 0.227286 0.000365306 -6.64557e-05 
11 12 12 0.228294 0.00019639 -5.86178e-05 
12 12 12 0.228685 4.75314e-05 -4.99657e-05 
13 12 12 0.228566 -8.04859e-05 -3.75502e-05 
14 12 12 0.22767 -0.00062668 4.78683e-05 
15 12 12 0.240134 0.00562107 -0.000961972 
0 13 13 0 0 0 
1 13 13 0 0 0 
2 13 13 0 0 0 
3 13 13 0 0 0 
4 13 13 0 0 0 
5 13 13 0 0 0 
6 13 13 0 0 0 
7 13 13 0 0 0 
8 13 13 0 0 0 
9 13 13 0 0 0 
10 13 13 0 0 0 
11 13 13 0 0 0 
12 13 13 0 0 0 
13 13 13 0 0 0 
14 13 13 0 0 0 
15 13 13 0 0 0 
0 14 14 0 0 0 
1 14 14 0 0 0 
2 14 14 0 0 0 
3 14 14 0 0 0 
4 14 14 0 0 0 
5 14 14 0 0 0 
6 14 14 0 0 0 
7 14 14 0 0 0 
8 14 14 0 0 0 
9 14 14 0 0 0 
10 14 14 0 0 0 
11 14 14 0 0 0 
12 14 14 0 0 0 
13 14 14 0 0 0 
14 14 14 0 0 0 
15 14 14 0 0 0 
0 15 15 0 0 0 
1 15 15 0 0 0 
2 15 15 0 0 0 
3 15 15 0 0 0 
4 15 15 0 0 0 
5 15 15 0 0 0 
6 15 15 0 0 0 
7 15 15 0 0 0 
8 15 15 0 0 0 
9 15 15 0 0 0 
10 15 15 0 0 0 
11 15 15 0 0 0 
12 15 15 0 0 0 
13 15 15 0 0 0 
14 15 15 0 0 0 
15 15 15 0 0 0 
0 0 0 0 0 0 
1 0 0 0 0 0 
2 0 0 0 0 0 
3 0 0 0 0 0 
4 0 0 0 0 0 
5 0 0 0 0 0 
6 0 0 0 0 0 
7 0 0 0 0 0 
8 0 0 0 0 0 
9 0 0 0 0 0 
10 0 0 0 0 0 
11 0 0 0 0 0 
12 0 0 0 0 0 
13 0 0 0 0 0 
14 0 0 0 0 0 
15 0 0 0 0 0 
0 1 1 0 0 0 
1 1 1 0 0 0 
2 1 1 0 0 0 
3 1 1 0 0 0 
4 1 1 0 0 0 
5 1 1 0 0 0 
6 1 1 0 0 0 
7 1 1 0 0 0 
8 1 1 0 0 0 
9 1 1 0 0 0 
10 1 1 0 0 0 
11 1 1 0 0 0 
12 1 1 0 0 0 
13 1 1 0 0 0 
14 1 1 0 0 0 
15 1 1 0 0 0 
0 2 2 0 0 0 
1 2 2 0 0 0 
2 2 2 0 0 0 
3 2 2 0 0 0 
4 2 2 0 0 0 
5 2 2 0 0 0 
6 2 2 0 0 0 
7 2 2 0 0 0 
8 2 2 0 0 0 
9 2 2 0 0 0 
10 2 2 0 0 0 
11 2 2 0 0 0 
12 2 2 0 0 0 
13 2 2 0 0 0 
14 2 2 0 0 0 
15 2 2 0 0 0 
0 3 3 0.121897 0.000479746 -0.000117054 
1 3 3 0.119991 0.000397343 -9.70313e-05 
2 3 3 0.118673 0.00027779 -6.88696e-05 
3 3 3 0.11804 0.000136211 -3.80851e-05 
4 3 3 0.118101 -1.07867e-05 -9.26155e-06 
5 3 3 0.118793 -0.000144945 1.49958e-05 
6 3 3 0.119981 -0.000249341 3.45164e-05 
7 3 3 0.121474 -0.000310739 4.58701e-05 
8 3 3 0.123035 -0.000321328 4.46946e-05 
9 3 3 0.124428 -0.000281819 2.47658e-05 
10 3 3 0.125464 -0.000204909 -8.50968e-06 
11 3 3 0.126049 -0.000111031 -4.04339e-05 
12 3 3 0.126202 -2.06509e-05 -5.8756e-05 
13 3 3 0.126002 6.28321e-05 -6.27941e-05 
14 3 3 0.125244 0.000441242 -8.8307e-05 
15 3 3 0.131929 -0.00510721 0.000281991 
0 4 4 0.559119 0.00322764 -0.00054794 
1 4 4 0.554368 0.00245562 -0.00047153 
2 4 4 0.551327 0.00149084 -0.000342436 
3 4 4 0.55015 0.00044648 -0.000183744 
4 4 4 0.550776 -0.000560022 -1.85725e-05 
5 4 4 0.552956 -0.00140976 0.000129973 
6 4 4 0.556273 -0.00199469 0.000244504 
7 4 4 0.560177 -0.00223769 0.000309998 
8 4 4 0.564043 -0.0021159 0.000314036 
9 4 4 0.567279 -0.00167928 0.000247408 
10 4 4 0.569454 -0.00104901 0.000122663 
11 4 4 0.570405 -0.000381275 -2.13321e-05 
12 4 4 0.570264 0.000190047 -0.000141553 
13 4 4 0.569344 0.000632353 -0.00022168 
14 4 4 0.56806 0.00162264 -0.000383433 
15 4 4 0.577771 -0.00598829 0.000606047 
0 5 5 1.36886 0.0109036 -0.00168104 
1 5 5 1.36308 0.00848424 -0.00136263 
2 5 5 1.3585 0.00545022 -0.000921839 
3 5 5 1.35539 0.00213761 -0.000399888 
4 5 5 1.35384 -0.00111462 0.000151382 
5 5 5 1.35382 -0.00395177 0.00066487 
6 5 5 1.35515 -0.00602492 0.00106892 
7 5 5 1.35752 -0.00704264 0.00129983 
8 5 5 1.36046 -0.00685347 0.00131642 
9 5 5 1.36335 -0.00554023 0.00111134 
10 5 5 1.36557 -0.0034619 0.000730459 
11 5 5 1.36666 -0.00116567 0.000274474 
12 5 5 1.36653 0.000820047 -0.00014246 
13 5 5 1.36548 0.00217941 -0.000445737 
14 5 5 1.3643 0.0027841 -0.000611304 
15 5 5 1.35894 -0.0038217 0.000577211 
0 6 6 1.99249 0.0164414 -0.00354488 
1 6 6 1.99644 0.0138311 -0.00273816 
2 6 6 1.99766 0.0102179 -0.00175314 
3 6 6 1.99616 0.00599546 -0.000672558 
4 6 6 1.9922 0.00155917 0.000435872 
5 6 6 1.98622 -0.00265291 0.00148568 
6 6 6 1.97887 -0.00616376 0.00236262 
7 6 6 1.97103 -0.00848923 0.00293593 
8 6 6 1.96366 -0.00922567 0.00308737 
9 6 6 1.95763 -0.00820784 0.00275867 
10 6 6 1.95348 -0.00569073 0.00201089 
11 6 6 1.95124 -0.00238148 0.00104504 
12 6 6 1.95049 0.000809216 0.000123875 
13 6 6 1.95067 0.00312849 -0.000542796 
14 6 6 1.95116 0.0040242 -0.00080417 
15 6 6 1.94671 0.00104251 0.000109706 
0 7 7 2.30623 0.011188 -0.00552812 
1 7 7 2.32389 0.0105865 -0.00440969 
2 7 7 2.33626 0.00923665 -0.00297186 
3 7 7 2.34257 0.00725897 -0.00137707 
4 7 7 2.34263 0.00483881 0.000265632 
5 7 7 2.33669 0.00223131 0.0018476 
6 7 7 2.32548 -0.000256431 0.0032319 
7 7 7 2.31029 -0.00228435 0.00424472 
8 7 7 2.29299 -0.00351289 0.00469269 
9 7 7 2.27597 -0.00368118 0.00442593 
10 7 7 2.26169 -0.00274818 0.00345282 
11 7 7 2.25198 -0.00100389 0.00202616 
12 7 7 2.24741 0.000997686 0.000567029 
13 7 7 2.24718 0.0026815 -0.000535735 
14 7 7 2.24945 0.00363074 -0.0010404 
15 7 7 2.24731 0.00303906 -0.000371097 
0 8 8 2.31914 -0.000416832 -0.00620264 
1 8 8 2.3392 0.00136545 -0.00508266 
2 8 8 2.35408 0.00310949 -0.00353541 
3 8 8 2.36278 0.00455735 -0.00175597 
4 8 8 2.36487 0.00562549 0.000106556 
5 8 8 2.36041 0.00631735 0.00190694 
6 8 8 2.35002 0.00665606 0.00347879 
7 8 8 2.33493 0.00664224 0.00462516 
8 8 8 2.31711 0.00625197 0.00513433 
9 8 8 2.29916 0.00547947 0.00484688 
10 8 8 2.28384 0.00441301 0.00377738 
11 8 8 2.27335 0.00327849 0.00220483 
12 8 8 2.26852 0.00236392 0.000592787 
13 8 8 2.26861 0.0018744 -0.000626131 
14 8 8 2.27171 0.00187451 -0.00118531 
15 8 8 2.27059 0.00267953 -0.000524922 
0 9 9 2.04059 -0.00782076 -0.00500556 
1 9 9 2.05103 -0.0044999 -0.0039476 
2 9 9 2.0583 -0.000828878 -0.00253203 
3 9 9 2.06187 0.00277985 -0.000942126 
4 9 9 2.06158 0.00608164 0.000662244 
5 9 9 2.05769 0.00887626 0.00212605 
6 9 9 2.05088 0.0109372 0.00328905 
7 9 9 2.04226 0.0119987 0.00399032 
8 9 9 2.03328 0.0118202 0.00409805 
9 9 9 2.02542 0.0103306 0.00356971 
10 9 9 2.01985 0.00779664 0.0025196 
11 9 9 2.01711 0.00484708 0.00122797 
12 9 9 2.01705 0.00223783 4.00674e-05 
13 9 9 2.01897 0.000532432 -0.000771454 
14 9 9 2.02186 9.01664e-05 -0.00103256 
15 9 9 2.01976 0.00277106 -7.30105e-05 
0 10 10 1.47941 -0.00692691 -0.00247386 
1 10 10 1.47971 -0.00407866 -0.00169248 
2 10 10 1.48011 -0.000910164 -0.000761944 
3 10 10 1.48055 0.00224965 0.000190126 
4 10 10 1.48107 0.00514041 0.00105509 
5 10 10 1.4818 0.00750683 0.00173916 
6 10 10 1.4829 0.00908298 0.00216227 
7 10 10 1.48453 0.00963355 0.00226819 
8 10 10 1.48669 0.00904336 0.00204596 
9 10 10 1.48921 0.00742076 0.00154984 
10 10 10 1.49174 0.00514366 0.00090178 
11 10 10 1.49393 0.00276442 0.000259716 
12 10 10 1.49559 0.000793549 -0.00023821 
13 10 10 1.49676 -0.000481238 -0.000517446 
14 10 10 1.49787 -0.000877148 -0.000539929 
15 10 10 1.49432 0.00498137 0.000807012 
0 11 11 0.685437 -0.00266398 -0.000524345 
1 11 11 0.682708 -0.00162813 -0.000238206 
2 11 11 0.681394 -0.000443496 6.20619e-05 
3 11 11 0.681611 0.000754774 0.000331781 
4 11 11 0.68334 0.00184698 0.000538508 
5 11 11 0.686411 0.00271761 0.000662417 
6 11 11 0.690499 0.00325718 0.000692866 
7 11 11 0.695134 0.00338898 0.000632081 
8 11 11 0.699747 0.00310202 0.000497915 
9 11 11 0.703771 0.00247209 0.00032245 
10 11 11 0.706785 0.00165347 0.000144081 
11 11 11 0.708616 0.000831512 -2.61245e-06 
12 11 11 0.709357 0.000154729 -9.46454e-05 
13 11 11 0.709275 -0.000345238 -0.000133768 
14 11 11 0.708832 -0.00125297 -0.000212374 
15 11 11 0.715042 0.00620987 0.00109121 
0 12 12 0.217221 -0.000636242 -4.46718e-05 
1 12 12 0.215195 -0.00044714 2.08074e-05 
2 12 12 0.214014 -0.000212535 8.18775e-05 
3 12 12 0.213785 3.6808e-05 0.000127976 
4 12 12 0.21451 0.000273608 0.000153204 
5 12 12 0.216077 0.000473264 0.000158209 
6 12 12 0.218276 0.000610113 0.000144136 
7 12 12 0.220814 0.000665766 0.000115879 
8 12 12 0.223353 0.000634502 7.98148e-05 
9 12 12 0.225572 0.000527508 4.35035e-05 
10 12 12 0.227236 0.000371998 1.24657e-05 
11 12 12 0.228247 0.000204197 -9.27265e-06 
12 12 12 0.22864 5.55862e-05 -1.83503e-05 
13 12 12 0.228523 -7.39112e-05 -1.94042e-05 
14 12 12 0.227627 -0.00062275 -8.66421e-05 
15 12 12 0.240087 0.00562244 0.000941962 
0 13 13 0 0 0 
1 13 13 0 0 0 
2 13 13 0 0 0 
3 13 13 0 0 0 
4 13 13 0 0 0 
5 13 13 0 0 0 
6 13 13 0 0 0 
7 13 13 0 0 0 
8 13 13 0 0 0 
9 13 13 0 0 0 
10 13 13 0 0 0 
11 13 13 0 0 0 
12 13 13 0 0 0 
13 13 13 0 0 0 
14 13 13 0 0 0 
15 13 13 0 0 0 
0 14 14 0 0 0 
1 14 14 0 0 0 
2 14 14 0 0 0 
3 14 14 0 0 0 
4 14 14 0 0 0 
5 14 14 0 0 0 
6 14 14 0 0 0 
7 14 14 0 0 0 
8 14 14 0 0 0 
9 14 14 0 0 0 
10 14 14 0 0 0 
11 14 14 0 0 0 
12 14 14 0 0 0 
13 14 14 0 0 0 
14 14 14 0 0 0 
15 14 14 0 0 0 
0 15 15 0 0 0 
1 15 15 0 0 0 
2 15 15 0 0 0 
3 15 15 0 0 0 
4 15 15 0 0 0 
5 15 15 0 0 0 
6 15 15 0 0 0 
7 15 15 0 0 0 
8 15 15 0 0 0 
9 15 15 0 0 0 
10 15 15 0 0 0 
11 15 15 0 0 0 
12 15 15 0 0 0 
13 15 15 0 0 0 
14 15 15 0 0 0 
15 15 15 0 0 0 
0 0 0 0 0 0 
1 0 0 0 0 0 
2 0 0 0 0 0 
3 0 0 0 0 0 
4 0 0 0 0 0 
5 0 0 0 0 0 
6 0 0 0 0 0 
7 0 0 0 0 0 
8 0 0 0 0 0 
9 0 0 0 0 0 
10 0 0 0 0 0 
11 0 0 0 0 0 
12 0 0 0 0 0 
13 0 0 0 0 0 
14 0 0 0 0 0 
15 0 0 0 0 0 
0 1 1 0 0 0 
1 1 1 0 0 0 
2 1 1 0 0 0 
3 1 1 0 0 0 
4 1 1 0 0 0 
5 1 1 0 0 0 
6 1 1 0 0 0 
7 1 1 0 0 0 
8 1 1 0 0 0 
9 1 1 0 0 0 
10 1 1 0 0 0 
11 1 1 0 0 0 
12 1 1 0 0 0 
13 1 1 0 0 0 
14 1 1 0 0 0 
15 1 1 0 0 0 
0 2 2 0 0 0 
1 2 2 0 0 0 
2 2 2 0 0 0 
3 2 2 0 0 0 
4 2 2 0 0 0 
5 2 2 0 0 0 
6 2 2 0 0 0 
7 2 2 0 0 0 
8 2 2 0 0 0 
9 2 2 0 0 0 
10 2 2 0 0 0 
11 2 2 0 0 0 
12 2 2 0 0 0 
13 2 2 0 0 0 
14 2 2 0 0 0 
15 2 2 0 0 0 
0 3 3 0.0847642 0.000239292 -0.000195548 
1 3 3 0.0832252 0.000187968 -0.00019969 
2 3 3 0.0821224 0.000120098 -0.000182509 
3 3 3 0.081547 4.20868e-05 -0.00014763 
4 3 3 0.0815276 -3.50034e-05 -0.000100297 
5 3 3 0.0820136 -0.00010336 -4.91463e-05 
6 3 3 0.0829106 -0.000155428 -1.72554e-06 
7 3 3 0.0840733 -0.000184672 3.32938e-05 
8 3 3 0.0853171 -0.000187949 5.12722e-05 
9 3 3 0.0864532 -0.00016585 4.66988e-05 
10 3 3 0.0873263 -0.000124884 2.41327e-05 
11 3 3 0.0878518 -7.51372e-05 -7.01167e-06 
12 3 3 0.08803 -2.68625e-05 -3.72366e-05 
13 3 3 0.0879108 1.77441e-05 -6.35315e-05 
14 3 3 0.0873275 0.000204611 -0.000153323 
15 3 3 0.086499 -0.0039631 0.00142713 
0 4 4 0.429733 0.00197208 -0.0010371 
1 4 4 0.425659 0.0014289 -0.000983182 
2 4 4 0.423078 0.0007804 -0.000820338 
3 4 4 0.422135 0.000103197 -0.000570893 
4 4 4 0.422784 -0.000527877 -0.000269161 
5 4 4 0.424803 -0.00104079 3.78141e-05 
6 4 4 0.427816 -0.0013753 0.000299845 
7 4 4 0.43133 -0.00149118 0.000473649 
8 4 4 0.434791 -0.00138305 0.000532281 
9 4 4 0.437685 -0.00108937 0.000469388 
10 4 4 0.439657 -0.000688818 0.000309074 
11 4 4 0.440579 -0.000275582 0.000100436 
12 4 4 0.440554 7.28463e-05 -0.000104908 
13 4 4 0.439823 0.000348232 -0.000287456 
14 4 4 0.438483 0.00123556 -0.000756101 
15 4 4 0.453967 -0.00551049 0.00200587 
0 5 5 1.06549 0.00694299 -0.00311259 
1 5 5 1.05941 0.00513276 -0.00261753 
2 5 5 1.05516 0.00296435 -0.00188541 
3 5 5 1.05295 0.000694815 -0.00097473 
4 5 5 1.05281 -0.00143348 2.74054e-05 
5 5 5 1.05453 -0.00318758 0.000995172 
6 5 5 1.05773 -0.00435903 0.00178282 
7 5 5 1.06186 -0.00479627 0.00225669 
8 5 5 1.06622 -0.00445586 0.00233376 
9 5 5 1.07006 -0.00344943 0.00201256 
10 5 5 1.07277 -0.00204724 0.00138901 
11 5 5 1.07402 -0.00059944 0.000632152 
12 5 5 1.07389 0.000591378 -8.48608e-05 
13 5 5 1.07275 0.00138867 -0.000661433 
14 5 5 1.07148 0.00199283 -0.00118855 
15 5 5 1.06599 -0.00468472 0.00253912 
0 6 6 1.69222 0.0124255 -0.00699104 
1 6 6 1.69012 0.00997183 -0.00531806 
2 6 6 1.68752 0.00676689 -0.00328917 
3 6 6 1.68462 0.00321271 -0.00106191 
4 6 6 1.68163 -0.000303989 0.00120837 
5 6 6 1.6788 -0.00340231 0.00331768 
6 6 6 1.67641 -0.00572032 0.00501114 
7 6 6 1.67469 -0.00694904 0.00602165 
8 6 6 1.67382 -0.00690486 0.00614472 
9 6 6 1.67372 -0.00563043 0.00533884 
10 6 6 1.6741 -0.00346901 0.003801 
11 6 6 1.67453 -0.00100396 0.00194129 
12 6 6 1.67469 0.0011541 0.000219353 
13 6 6 1.67448 0.00258456 -0.00103123 
14 6 6 1.67411 0.00299023 -0.00153253 
15 6 6 1.66915 -0.000729263 0.00175862 
0 7 7 2.0094 0.0104353 -0.0113466 
1 7 7 2.01544 0.00941408 -0.00863191 
2 7 7 2.01856 0.00759843 -0.00531584 
3 7 7 2.0186 0.00525879 -0.00173063 
4 7 7 2.0157 0.00270597 0.00186178 
5 7 7 2.01026 0.000262296 0.00517852 
6 7 7 2.00298 -0.00176585 0.0078807 
7 7 7 1.99481 -0.00310876 0.00958914 
8 7 7 1.98689 -0.0035689 0.00996454 
9 7 7 1.98027 -0.0030861 0.00886178 
10 7 7 1.97569 -0.00181501 0.00650347 
11 7 7 1.97331 -0.000131626 0.00351536 
12 7 7 1.9728 0.00148982 0.00069566 
13 7 7 1.97354 0.0026563 -0.00131455 
14 7 7 1.97476 0.00310277 -0.00205414 
15 7 7 1.97101 0.00193511 0.00069688 
0 8 8 2.02644 0.00252463 -0.0129002 
1 8 8 2.03471 0.00349043 -0.00990769 
2 8 8 2.03987 0.00408955 -0.00612556 
3 8 8 2.0416 0.00432676 -0.00199329 
4 8 8 2.03991 0.00430624 0.00212943 
5 8 8 2.03514 0.0041465 0.00588571 
6 8 8 2.028 0.00392871 0.00888632 
7 8 8 2.01954 0.00368066 0.0107213 
8 8 8 2.01106 0.00339128 0.0110404 
9 8 8 2.00382 0.00304461 0.00971471 
10 8 8 1.99876 0.00265675 0.00702116 
11 8 8 1.99623 0.00228808 0.00367334 
12 8 8 1.99596 0.00200896 0.000563383 
13 8 8 1.99729 0.00185768 -0.00160125 
14 8 8 1.99932 0.00187099 -0.00234101 
15 8 8 1.99635 0.00260327 0.00044689 
0 9 9 1.75119 -0.00357023 -0.00987961 
1 9 9 1.75427 -0.00154036 -0.00719937 
2 9 9 1.75609 0.000560072 -0.00391753 
3 9 9 1.75651 0.00257305 -0.000444713 
4 9 9 1.7556 0.00441203 0.00286796 
5 9 9 1.75362 0.00597702 0.005693 
6 9 9 1.75105 0.00711925 0.00771438 
7 9 9 1.7485 0.00765699 0.00865338 
8 9 9 1.74653 0.00744214 0.00834555 
9 9 9 1.74554 0.00645848 0.00685024 
10 9 9 1.74558 0.00490079 0.00452759 
11 9 9 1.74641 0.00314841 0.00197601 
12 9 9 1.74771 0.00160926 -0.0001917 
13 9 9 1.7492 0.000562507 -0.00156678 
14 9 9 1.75077 0.000256649 -0.00186206 
15 9 9 1.74743 0.00328735 0.00158712 
0 10 10 1.18518 -0.00404852 -0.00426879 
1 10 10 1.18315 -0.00246897 -0.00262994 
2 10 10 1.18214 -0.000670918 -0.000798222 
3 10 10 1.18224 0.00117842 0.000984586 
4 10 10 1.18347 0.00292769 0.00252473 
5 10 10 1.1858 0.0044079 0.00366567 
6 10 10 1.1891 0.00543132 0.00428458 
7 10 10 1.19311 0.00583171 0.00431226 
8 10 10 1.19742 0.00552826 0.0037682 
9 10 10 1.2015 0.00458719 0.00278664 
10 10 10 1.20485 0.00323761 0.00160457 
11 10 10 1.20715 0.00180367 0.000494888 
12 10 10 1.20837 0.000577291 -0.000328838 
13 10 10 1.20877 -0.000296085 -0.000784483 
14 10 10 1.20908 -0.000875683 -0.000939494 
15 10 10 1.20495 0.00526793 0.00313609 
0 11 11 0.508633 -0.00174655 -0.000785577 
1 11 11 0.505941 -0.00120864 -0.000271032 
2 11 11 0.504562 -0.000546231 0.000243616 
3 11 11 0.504619 0.000165295 0.000687252 
4 11 11 0.506091 0.000851997 0.00101346 
5 11 11 0.508806 0.00143606 0.00119652 
6 11 11 0.512437 0.00183757 0.0012264 
7 11 11 0.516534 0.00199575 0.00111248 
8 11 11 0.520568 0.00189007 0.000886942 
9 11 11 0.524041 0.00155552 0.000601719 
10 11 11 0.526597 0.00107892 0.00031707 
11 11 11 0.528104 0.00057185 8.60413e-05 
12 11 11 0.528652 0.000129221 -5.96905e-05 
13 11 11 0.528468 -0.000233646 -0.000130381 
14 11 11 0.527778 -0.00118464 -0.000434794 
15 11 11 0.543226 0.00563311 0.00285728 
0 12 12 0.125337 -0.000380156 -1.07954e-05 
1 12 12 0.123789 -0.000309536 7.05814e-05 
2 12 12 0.122803 -0.000205371 0.000139872 
3 12 12 0.122471 -8.21091e-05 0.000187473 
4 12 12 0.122808 4.65272e-05 0.000208706 
5 12 12 0.123753 0.000166521 0.000206527 
6 12 12 0.125172 0.000260635 0.000184247 
7 12 12 0.126872 0.000315178 0.000149032 
8 12 12 0.128621 0.000322093 0.000108201 
9 12 12 0.130187 0.000283227 6.94544e-05 
10 12 12 0.131394 0.000210296 3.79872e-05 
11 12 12 0.132154 0.00012237 1.758e-05 
12 12 12 0.132478 3.79316e-05 9.86252e-06 
13 12 12 0.132428 -4.11191e-05 1.1446e-05 
14 12 12 0.131775 -0.0003656 -5.92075e-05 
15 12 12 0.136987 0.00468666 0.00212624 
0 13 13 0 0 0 
1 13 13 0 0 0 
2 13 13 0 0 0 
3 13 13 0 0 0 
4 13 13 0 0 0 
5 13 13 0 0 0 
6 13 13 0 0 0 
7 13 13 0 0 0 
8 13 13 0 0 0 
9 13 13 0 0 0 
10 13 13 0 0 0 
11 13 13 0 0 0 
12 13 13 0 0 0 
13 13 13 0 0 0 
14 13 13 0 0 0 
15 13 13 0 0 0 
0 14 14 0 0 0 
1 14 14 0 0 0 
2 14 14 0 0 0 
3 14 14 0 0 0 
4 14 14 0 0 0 
5 14 14 0 0 0 
6 14 14 0 0 0 
7 14 14 0 0 0 
8 14 14 0 0 0 
9 14 14 0 0 0 
10 14 14 0 0 0 
11 14 14 0 0 0 
12 14 14 0 0 0 
13 14 14 0 0 0 
14 14 14 0 0 0 
15 14 14 0 0 0 
0 15 15 0 0 0 
1 15 15 0 0 0 
2 15 15 0 0 0 
3 15 15 0 0 0 
4 15 15 0 0 0 
5 15 15 0 0 0 
6 15 15 0 0 0 
7 15 15 0 0 0 
8 15 15 0 0 0 
9 15 15 0 0 0 
10 15 15 0 0 0 
11 15 15 0 0 0 
12 15 15 0 0 0 
13 15 15 0 0 0 
14 15 15 0 0 0 
15 15 15 0 0 0 
0 0 0 0 0 0 
1 0 0 0 0 0 
2 0 0 0 0 0 
3 0 0 0 0 0 
4 0 0 0 0 0 
5 0 0 0 0 0 
6 0 0 0 0 0 
7 0 0 0 0 0 
8 0 0 0 0 0 
9 0 0 0 0 0 
10 0 0 0 0 0 
11 0 0 0 0 0 
12 0 0 0 0 0 
13 0 0 0 0 0 
14 0 0 0 0 0 
15 0 0 0 0 0 
0 1 1 0 0 0 
1 1 1 0 0 0 
2 1 1 0 0 0 
3 1 1 0 0 0 
4 1 1 0 0 0 
5 1 1 0 0 0 
6 1 1 0 0 0 
7 1 1 0 0 0 
8 1 1 0 0 0 
9 1 1 0 0 0 
10 1 1 0 0 0 
11 1 1 0 0 0 
12 1 1 0 0 0 
13 1 1 0 0 0 
14 1 1 0 0 0 
15 1 1 0 0 0 
0 2 2 0 0 0 
1 2 2 0 0 0 
2 2 2 0 0 0 
3 2 2 0 0 0 
4 2 2 0 0 0 
5 2 2 0 0 0 
6 2 2 0 0 0 
7 2 2 0 0 0 
8 2 2 0 0 0 
9 2 2 0 0 0 
10 2 2 0 0 0 
11 2 2 0 0 0 
12 2 2 0 0 0 
13 2 2 0 0 0 
14 2 2 0 0 0 
15 2 2 0 0 0 
0 3 3 0 0 0 
1 3 3 0 0 0 
2 3 3 0 0 0 
3 3 3 0 0 0 
4 3 3 0 0 0 
5 3 3 0 0 0 
6 3 3 0 0 0 
7 3 3 0 0 0 
8 3 3 0 0 0 
9 3 3 0 0 0 
10 3 3 0 0 0 
11 3 3 0 0 0 
12 3 3 0 0 0 
13 3 3 0 0 0 
14 3 3 0 0 0 
15 3 3 0 0 0 
0 4 4 0.225167 0.000573925 -0.000791546 
1 4 4 0.222388 0.000335799 -0.0007923 
2 4 4 0.220564 8.00405e-05 -0.000704805 
3 4 4 0.219818 -0.000162427 -0.000543511 
4 4 4 0.220147 -0.000367669 -0.000330143 
5 4 4 0.221426 -0.000517459 -0.000101088 
6 4 4 0.223417 -0.000599766 0.000104304 
7 4 4 0.225798 -0.000608819 0.000251139 
8 4 4 0.228199 -0.000548526 0.000318527 
9 4 4 0.23027 -0.000434019 0.000299771 
10 4 4 0.231759 -0.000291997 0.000208849 
11 4 4 0.232555 -0.000152023 7.73047e-05 
12 4 4 0.232702 -3.77202e-05 -6.12027e-05 
13 4 4 0.232322 5.52596e-05 -0.000193275 
14 4 4 0.231173 0.000551432 -0.000615071 
15 4 4 0.242758 -0.00474059 0.00309396 
0 5 5 0.581712 0.00231137 -0.00224913 
1 5 5 0.57711 0.00141321 -0.00200797 
2 5 5 0.574192 0.000446587 -0.00156129 
3 5 5 0.573118 -0.000467083 -0.000954452 
4 5 5 0.573845 -0.00123331 -0.000258256 
5 5 5 0.576137 -0.0017784 0.000428658 
6 5 5 0.579584 -0.00205195 0.000996864 
7 5 5 0.583626 -0.00203486 0.00135074 
8 5 5 0.587626 -0.00175156 0.00143524 
9 5 5 0.590985 -0.00127589 0.00125311 
10 5 5 0.59328 -0.00072296 0.000867873 
11 5 5 0.594355 -0.000213291 0.000387818 
12 5 5 0.594328 0.000166689 -7.92603e-05 
13 5 5 0.593488 0.000414698 -0.000487518 
14 5 5 0.592215 0.00105221 -0.00130762 
15 5 5 0.601489 -0.00437821 0.00382786 
0 6 6 1.08244 0.00518307 -0.00523014 
1 6 6 1.07705 0.0034673 -0.00412366 
2 6 6 1.07333 0.00154862 -0.00266901 
3 6 6 1.07146 -0.000309752 -0.000995307 
4 6 6 1.07148 -0.00189902 0.000739495 
5 6 6 1.07323 -0.00305709 0.00233336 
6 6 6 1.07639 -0.0036729 0.00356284 
7 6 6 1.08044 -0.00369782 0.00422724 
8 6 6 1.08475 -0.00316899 0.00421138 
9 6 6 1.08861 -0.00222666 0.0035452 
10 6 6 1.09141 -0.00110563 0.0024168 
11 6 6 1.09283 -6.83135e-05 0.00112149 
12 6 6 1.09293 0.00068521 -5.58242e-05 
13 6 6 1.09205 0.00108933 -0.000958729 
14 6 6 1.09102 0.00129558 -0.00172801 
15 6 6 1.08571 -0.00298455 0.00456386 
0 7 7 1.41501 0.00571724 -0.00866223 
1 7 7 1.41144 0.00419833 -0.00635611 
2 7 7 1.40861 0.00238452 -0.00356762 
3 7 7 1.40669 0.000573514 -0.000573437 
4 7 7 1.40577 -0.000990658 0.00235778 
5 7 7 1.4059 -0.00212779 0.00492686 
6 7 7 1.40706 -0.00273032 0.00681386 
7 7 7 1.4091 -0.00276386 0.00773054 
8 7 7 1.41173 -0.00227704 0.00751127 
9 7 7 1.41448 -0.00141033 0.00621791 
10 7 7 1.4168 -0.00038739 0.00418257 
11 7 7 1.4183 0.000540954 0.00192651 
12 7 7 1.41882 0.00117937 -4.28876e-05 
13 7 7 1.41855 0.00144678 -0.0014182 
14 7 7 1.41814 0.00135581 -0.00203586 
15 7 7 1.41338 -0.000461647 0.00407145 
0 8 8 1.44162 0.00244986 -0.00952613 
1 8 8 1.43928 0.00192619 -0.00669068 
2 8 8 1.43744 0.00127312 -0.0033439 
3 8 8 1.43621 0.00066806 0.000137 
4 8 8 1.43569 0.000249041 0.00341764 
5 8 8 1.43595 8.61445e-05 0.00616842 
6 8 8 1.43705 0.00017396 0.00806468 
7 8 8 1.43894 0.000446023 0.00883481 
8 8 8 1.44142 0.000799496 0.00835115 
9 8 8 1.4441 0.00112422 0.00673294 
10 8 8 1.44651 0.00133142 0.00438393 
11 8 8 1.44823 0.00137547 0.00189123 
12 8 8 1.44911 0.00125815 -0.000197323 
13 8 8 1.44928 0.00101697 -0.00156723 
14 8 8 1.44933 0.000727992 -0.00205094 
15 8 8 1.44495 0.00148861 0.0041114 
0 9 9 1.16304 -0.00110816 -0.00642866 
1 9 9 1.16008 -0.000878262 -0.00413697 
2 9 9 1.1583 -0.0005181 -0.00154217 
3 9 9 1.15781 -4.6415e-06 0.00103643 
4 9 9 1.15865 0.000650224 0.00333231 
5 9 9 1.16078 0.00137862 0.00511215 
6 9 9 1.16401 0.00206029 0.00617487 
7 9 9 1.16802 0.00255301 0.0063857 
8 9 9 1.17233 0.00273877 0.00573469 
9 9 9 1.17636 0.00257076 0.00438649 
10 9 9 1.17956 0.00209849 0.00267161 
11 9 9 1.18162 0.0014505 0.000993494 
12 9 9 1.18253 0.000776797 -0.000317395 
13 9 9 1.18256 0.000182502 -0.00112375 
14 9 9 1.1825 -0.000325891 -0.00155266 
15 9 9 1.17801 0.00318256 0.00499645 
0 10 10 0.653436 -0.00172658 -0.00222244 
1 10 10 0.650372 -0.00142824 -0.0011313 
2 10 10 0.648738 -0.000956554 1.6979e-05 
3 10 10 0.648666 -0.00035056 0.0010729 
4 10 10 0.650141 0.000329095 0.00192617 
5 10 10 0.65299 0.000995893 0.00249826 
6 10 10 0.656874 0.00154423 0.0027371 
7 10 10 0.661312 0.00187527 0.00262884 
8 10 10 0.665727 0.00192763 0.00221496 
9 10 10 0.669554 0.0017028 0.00159663 
10 10 10 0.672375 0.00127047 0.000914595 
11 10 10 0.674025 0.000744271 0.00031022 
12 10 10 0.674599 0.000236512 -0.00012014 
13 10 10 0.674372 -0.000204791 -0.000377775 
14 10 10 0.673835 -0.00098696 -0.000955551 
15 10 10 0.677959 0.00424468 0.00462949 
0 11 11 0.270848 -0.000867476 -0.000350468 
1 11 11 0.268585 -0.000763999 -1.76309e-05 
2 11 11 0.267283 -0.000571553 0.000297496 
3 11 11 0.267058 -0.00031301 0.000552541 
4 11 11 0.267907 -1.95522e-05 0.00072356 
5 11 11 0.269701 0.00027004 0.000803633 
6 11 11 0.272194 0.00050997 0.000794069 
7 11 11 0.275051 0.000660314 0.000706724 
8 11 11 0.277886 0.000696999 0.000563838 
9 11 11 0.280341 0.000621084 0.000395668 
10 11 11 0.282155 0.000459804 0.000233496 
11 11 11 0.283228 0.000257668 0.000104157 
12 11 11 0.283613 5.88445e-05 2.28316e-05 
13 11 11 0.283445 -0.000125136 -2.54594e-05 
14 11 11 0.282562 -0.000771386 -0.000421838 
15 11 11 0.296232 0.00463434 0.00371932 
0 12 12 0.0253196 -9.0724e-05 1.69684e-05 
1 12 12 0.0248182 -8.91151e-05 3.8072e-05 
2 12 12 0.0244595 -7.78618e-05 5.40309e-05 
3 12 12 0.0242781 -5.82793e-05 6.27875e-05 
4 12 12 0.0242879 -3.29004e-05 6.34057e-05 
5 12 12 0.0244799 -4.7463e-06 5.80772e-05 
6 12 12 0.0248252 2.14274e-05 4.81133e-05 
7 12 12 0.0252747 4.14836e-05 3.62649e-05 
8 12 12 0.025765 5.19997e-05 2.46636e-05 
9 12 12 0.0262273 5.18314e-05 1.53901e-05 
10 12 12 0.0266026 4.2057e-05 9.11486e-06 
11 12 12 0.0268556 2.62368e-05 6.25722e-06 
12 12 12 0.0269803 8.48597e-06 6.55603e-06 
13 12 12 0.0269899 -9.65429e-06 8.97605e-06 
14 12 12 0.0268263 -7.05183e-05 1.03092e-06 
15 12 12 0.0245149 0.00172257 0.00111134 
0 13 13 0 0 0 
1 13 13 0 0 0 
2 13 13 0 0 0 
3 13 13 0 0 0 
4 13 13 0 0 0 
5 13 13 0 0 0 
6 13 13 0 0 0 
7 13 13 0 0 0 
8 13 13 0 0 0 
9 13 13 0 0 0 
10 13 13 0 0 0 
11 13 13 0 0 0 
12 13 13 0 0 0 
13 13 13 0 0 0 
14 13 13 0 0 0 
15 13 13 0 0 0 
0 14 14 0 0 0 
1 14 14 0 0 0 
2 14 14 0 0 0 
3 14 14 0 0 0 
4 14 14 0 0 0 
5 14 14 0 0 0 
6 14 14 0 0 0 
7 14 14 0 0 0 
8 14 14 0 0 0 
9 14 14 0 0 0 
10 14 14 0 0 0 
11 14 14 0 0 0 
12 14 14 0 0 0 
13 14 14 0 0 0 
14 14 14 0 0 0 
15 14 14 0 0 0 
0 15 15 0 0 0 
1 15 15 0 0 0 
2 15 15 0 0 0 
3 15 15 0 0 0 
4 15 15 0 0 0 
5 15 15 0 0 0 
6 15 15 0 0 0 
7 15 15 0 0 0 
8 15 15 0 0 0 
9 15 15 0 0 0 
10 15 15 0 0 0 
11 15 15 0 0 0 
12 15 15 0 0 0 
13 15 15 0 0 0 
14 15 15 0 0 0 
15 15 15 0 0 0 
0 0 0 0 0 0 
1 0 0 0 0 0 
2 0 0 0 0 0 
3 0 0 0 0 0 
4 0 0 0 0 0 
5 0 0 0 0 0 
6 0 0 0 0 0 
7 0 0 0 0 0 
8 0 0 0 0 0 
9 0 0 0 0 0 
10 0 0 0 0 0 
11 0 0 0 0 0 
12 0 0 0 0 0 
13 0 0 0 0 0 
14 0 0 0 0 0 
15 0 0 0 0 0 
0 1 1 0 0 0 
1 1 1 0 0 0 
2 1 1 0 0 0 
3 1 1 0 0 0 
4 1 1 0 0 0 
5 1 1 0 0 0 
6 1 1 0 0 0 
7 1 1 0 0 0 
8 1 1 0 0 0 
9 1 1 0 0 0 
10 1 1 0 0 0 
11 1 1 0 0 0 
12 1 1 0 0 0 
13 1 1 0 0 0 
14 1 1 0 0 0 
15 1 1 0 0 0 
0 2 2 0 0 0 
1 2 2 0 0 0 
2 2 2 0 0 0 
3 2 2 0 0 0 
4 2 2 0 0 0 
5 2 2 0 0 0 
6 2 2 0 0 0 
7 2 2 0 0 0 
8 2 2 0 0 0 
9 2 2 0 0 0 
10 2 2 0 0 0 
11 2 2 0 0 0 
12 2 2 0 0 0 
13 2 2 0 0 0 
14 2 2 0 0 0 
15 2 2 0 0 0 
0 3 3 0 0 0 
1 3 3 0 0 0 
2 3 3 0 0 0 
3 3 3 0 0 0 
4 3 3 0 0 0 
5 3 3 0 0 0 
6 3 3 0 0 0 
7 3 3 0 0 0 
8 3 3 0 0 0 
9 3 3 0 0 0 
10 3 3 0 0 0 
11 3 3 0 0 0 
12 3 3 0 0 0 
13 3 3 0 0 0 
14 3 3 0 0 0 
15 3 3 0 0 0 
0 4 4 0.0349305 -4.52684e-06 -0.000142704 
1 4 4 0.0342138 -3.56229e-05 -0.000153847 
2 4 4 0.0336875 -6.18956e-05 -0.000148342 
3 4 4 0.0333967 -7.97857e-05 -0.000127634 
4 4 4 0.0333575 -8.87555e-05 -9.42936e-05 
5 4 4 0.0335572 -8.95392e-05 -5.52038e-05 
6 4 4 0.0339556 -8.41844e-05 -1.7067e-05 
7 4 4 0.0344873 -7.46613e-05 1.3211e-05 
8 4 4 0.0350692 -6.26836e-05 3.20984e-05 
9 4 4 0.0356121 -4.97406e-05 3.65944e-05 
10 4 4 0.0360417 -3.77475e-05 2.7811e-05 
11 4 4 0.0363137 -2.80427e-05 1.02871e-05 
12 4 4 0.0364224 -2.15106e-05 -1.0622e-05 
13 4 4 0.0363845 -1.65989e-05 -3.1483e-05 
14 4 4 0.0361341 2.1337e-05 -8.34099e-05 
15 4 4 0.033518 -0.00163229 0.00151472 
0 5 5 0.231216 0.00021761 -0.000961108 
1 5 5 0.228478 -8.08028e-05 -0.000928126 
2 5 5 0.226691 -0.000348153 -0.000794697 
3 5 5 0.225981 -0.00054991 -0.000577688 
4 5 5 0.226347 -0.000672454 -0.000306406 
5 5 5 0.227666 -0.000714352 -2.39786e-05 
6 5 5 0.229702 -0.000683716 0.000223825 
7 5 5 0.232128 -0.000596018 0.000395482 
8 5 5 0.234575 -0.000471657 0.000465847 
9 5 5 0.236687 -0.000333141 0.000431442 
10 5 5 0.238212 -0.000205842 0.000310405 
11 5 5 0.23904 -0.000108962 0.000142001 
12 5 5 0.239215 -5.15627e-05 -3.24857e-05 
13 5 5 0.238856 -1.7678e-05 -0.000196617 
14 5 5 0.237725 0.000317493 -0.000752882 
15 5 5 0.249508 -0.00365616 0.0044097 
0 6 6 0.454877 0.000596162 -0.00209984 
1 6 6 0.451113 -6.73672e-05 -0.0017862 
2 6 6 0.448789 -0.000661466 -0.00129433 
3 6 6 0.448047 -0.00110882 -0.000678176 
4 6 6 0.448857 -0.00137099 -1.09721e-05 
5 6 6 0.451014 -0.0014405 0.000615125 
6 6 6 0.454155 -0.00133858 0.00110734 
7 6 6 0.457792 -0.00110568 0.00138713 
8 6 6 0.461376 -0.00079752 0.0014144 
9 6 6 0.464396 -0.000476169 0.00120456 
10 6 6 0.466495 -0.00020283 0.000823899 
11 6 6 0.467548 -2.04193e-05 0.000373809 
12 6 6 0.467654 5.73875e-05 -4.96837e-05 
13 6 6 0.467043 6.04244e-05 -0.00041576 
14 6 6 0.46583 0.000346822 -0.00135945 
15 6 6 0.482302 -0.00295787 0.00529494 
0 7 7 0.620774 0.000539541 -0.0031532 
1 7 7 0.616672 -0.000257159 -0.00237915 
2 7 7 0.614193 -0.000941838 -0.0013927 
3 7 7 0.613484 -0.00141708 -0.000305132 
4 7 7 0.614512 -0.00163888 0.000765157 
5 7 7 0.617057 -0.00160901 0.00168909 
6 7 7 0.620728 -0.00137285 0.00234075 
7 7 7 0.624982 -0.00100177 0.00262377 
8 7 7 0.629198 -0.000582041 0.00250269 
9 7 7 0.632776 -0.000198676 0.00202926 
10 7 7 0.635289 7.83026e-05 0.00133244 
11 7 7 0.636578 0.000211176 0.000581983 
12 7 7 0.636755 0.000202762 -7.43205e-05 
13 7 7 0.636103 9.4002e-05 -0.000595815 
14 7 7 0.635045 7.75244e-05 -0.00161334 
15 7 7 0.643905 -0.00147771 0.00576625 
0 8 8 0.639065 -0.000157955 -0.00309664 
1 8 8 0.635217 -0.00076482 -0.00206669 
2 8 8 0.632957 -0.00121188 -0.000872622 
3 8 8 0.632432 -0.00142784 0.000342618 
4 8 8 0.633615 -0.00139587 0.0014515 
5 8 8 0.636299 -0.00114757 0.00233361 
6 8 8 0.640101 -0.000756115 0.00288074 
7 8 8 0.644487 -0.000316649 0.00302182 
8 8 8 0.648836 7.49859e-05 0.00275051 
9 8 8 0.652551 0.000343825 0.00214633 
10 8 8 0.655197 0.000451077 0.00136039 
11 8 8 0.656613 0.000401129 0.000571669 
12 8 8 0.656907 0.000234929 -7.62053e-05 
13 8 8 0.656362 9.57068e-06 -0.00055861 
14 8 8 0.65543 -0.000296288 -0.00152666 
15 8 8 0.663472 0.000498477 0.00600692 
0 9 9 0.495542 -0.00090008 -0.0018549 
1 9 9 0.492334 -0.00117675 -0.00103697 
2 9 9 0.49051 -0.00127632 -0.000154071 
3 9 9 0.490208 -0.00117858 0.000682869 
4 9 9 0.491404 -0.000903185 0.00138758 
5 9 9 0.493911 -0.000505296 0.0018925 
6 9 9 0.497381 -6.79419e-05 0.00214614 
7 9 9 0.501334 0.000317926 0.00212561 
8 9 9 0.505226 0.00057622 0.00185135 
9 9 9 0.508542 0.000665809 0.0013937 
10 9 9 0.510921 0.000589853 0.000857895 
11 9 9 0.512234 0.000390935 0.000355818 
12 9 9 0.512578 0.000132527 -3.09805e-05 
13 9 9 0.512192 -0.000136201 -0.000307684 
14 9 9 0.511283 -0.00065286 -0.00116122 
15 9 9 0.526241 0.00223497 0.00581652 
0 10 10 0.264653 -0.000853924 -0.000541865 
1 10 10 0.262295 -0.000921526 -0.000176225 
2 10 10 0.260897 -0.000871129 0.000187361 
3 10 10 0.26058 -0.000708692 0.000501142 
4 10 10 0.261339 -0.000459616 0.000734947 
5 10 10 0.263048 -0.000165461 0.000874529 
6 10 10 0.26546 0.000119462 0.000913129 
7 10 10 0.26824 0.000341807 0.000854639 
8 10 10 0.271005 0.000462368 0.000716824 
9 10 10 0.273396 0.000467624 0.000530976 
10 10 10 0.275155 0.000372061 0.000333504 
11 10 10 0.27618 0.000212521 0.000160228 
12 10 10 0.276522 3.24429e-05 3.53482e-05 
13 10 10 0.276318 -0.000146137 -5.4403e-05 
14 10 10 0.275378 -0.000653832 -0.000619722 
15 10 10 0.288978 0.00323312 0.00488883 
0 11 11 0.0595247 -0.000235556 -1.12237e-05 
1 11 11 0.0584891 -0.000252957 5.45005e-05 
2 11 11 0.0577688 -0.000241463 0.000111427 
3 11 11 0.057431 -0.000202458 0.000151915 
4 11 11 0.057498 -0.000142296 0.000172455 
5 11 11 0.057946 -6.99392e-05 0.000176178 
6 11 11 0.0587048 9.56265e-07 0.000164995 
7 11 11 0.0596657 5.81308e-05 0.000143337 
8 11 11 0.0606919 9.18515e-05 0.000115451 
9 11 11 0.061641 9.83746e-05 8.65931e-05 
10 11 11 0.0623945 8.03689e-05 5.98837e-05 
11 11 11 0.0628869 4.60218e-05 3.90614e-05 
12 11 11 0.0631125 5.44998e-06 2.61078e-05 
13 11 11 0.0631031 -3.56059e-05 1.68995e-05 
14 11 11 0.0627155 -0.000152238 -8.11173e-05 
15 11 11 0.0612072 0.00246963 0.00265689 
0 12 12 0 0 0 
1 12 12 0 0 0 
2 12 12 0 0 0 
3 12 12 0 0 0 
4 12 12 0 0 0 
5 12 12 0 0 0 
6 12 12 0 0 0 
7 12 12 0 0 0 
8 12 12 0 0 0 
9 12 12 0 0 0 
10 12 12 0 0 0 
11 12 12 0 0 0 
12 12 12 0 0 0 
13 12 12 0 0 0 
14 12 12 0 0 0 
15 12 12 0 0 0 
0 13 13 0 0 0 
1 13 13 0 0 0 
2 13 13 0 0 0 
3 13 13 0 0 0 
4 13 13 0 0 0 
5 13 13 0 0 0 
6 13 13 0 0 0 
7 13 13 0 0 0 
8 13 13 0 0 0 
9 13 13 0 0 0 
10 13 13 0 0 0 
11 13 13 0 0 0 
12 13 13 0 0 0 
13 13 13 0 0 0 
14 13 13 0 0 0 
15 13 13 0 0 0 
0 14 14 0 0 0 
1 14 14 0 0 0 
2 14 14 0 0 0 
3 14 14 0 0 0 
4 14 14 0 0 0 
5 14 14 0 0 0 
6 14 14 0 0 0 
7 14 14 0 0 0 
8 14 14 0 0 0 
9 14 14 0 0 0 
10 14 14 0 0 0 
11 14 14 0 0 0 
12 14 14 0 0 0 
13 14 14 0 0 0 
14 14 14 0 0 0 
15 14 14 0 0 0 
0 15 15 0 0 0 
1 15 15 0 0 0 
2 15 15 0 0 0 
3 15 15 0 0 0 
4 15 15 0 0 0 
5 15 15 0 0 0 
6 15 15 0 0 0 
7 15 15 0 0 0 
8 15 15 0 0 0 
9 15 15 0 0 0 
10 15 15 0 0 0 
11 15 15 0 0 0 
12 15 15 0 0 0 
13 15 15 0 0 0 
14 15 15 0 0 0 
15 15 15 0 0 0 
0 0 0 0 0 0 
1 0 0 0 0 0 
2 0 0 0 0 0 
3 0 0 0 0 0 
4 0 0 0 0 0 
5 0 0 0 0 0 
6 0 0 0 0 0 
7 0 0 0 0 0 
8 0 0 0 0 0 
9 0 0 0 0 0 
10 0 0 0 0 0 
11 0 0 0 0 0 
12 0 0 0 0 0 
13 0 0 0 0 0 
14 0 0 0 0 0 
15 0 0 0 0 0 
0 1 1 0 0 0 
1 1 1 0 0 0 
2 1 1 0 0 0 
3 1 1 0 0 0 
4 1 1 0 0 0 
5 1 1 0 0 0 
6 1 1 0 0 0 
7 1 1 0 0 0 
8 1 1 0 0 0 
9 1 1 0 0 0 
10 1 1 0 0 0 
11 1 1 0 0 0 
12 1 1 0 0 0 
13 1 1 0 0 0 
14 1 1 0 0 0 
15 1 1 0 0 0 
0 2 2 0 0 0 
1 2 2 0 0 0 
2 2 2 0 0 0 
3 2 2 0 0 0 
4 2 2 0 0 0 
5 2 2 0 0 0 
6 2 2 0 0 0 
7 2 2 0 0 0 
8 2 2 0 0 0 
9 2 2 0 0 0 
10 2 2 0 0 0 
11 2 2 0 0 0 
12 2 2 0 0 0 
13 2 2 0 0 0 
14 2 2 0 0 0 
15 2 2 0 0 0 
0 3 3 0 0 0 
1 3 3 0 0 0 
2 3 3 0 0 0 
3 3 3 0 0 0 
4 3 3 0 0 0 
5 3 3 0 0 0 
6 3 3 0 0 0 
7 3 3 0 0 0 
8 3 3 0 0 0 
9 3 3 0 0 0 
10 3 3 0 0 0 
11 3 3 0 0 0 
12 3 3 0 0 0 
13 3 3 0 0 0 
14 3 3 0 0 0 
15 3 3 0 0 0 
0 4 4 0 0 0 
1 4 4 0 0 0 
2 4 4 0 0 0 
3 4 4 0 0 0 
4 4 4 0 0 0 
5 4 4 0 0 0 
6 4 4 0 0 0 
7 4 4 0 0 0 
8 4 4 0 0 0 
9 4 4 0 0 0 
10 4 4 0 0 0 
11 4 4 0 0 0 
12 4 4 0 0 0 
13 4 4 0 0 0 
14 4 4 0 0 0 
15 4 4 0 0 0 
0 5 5 0 0 0 
1 5 5 0 0 0 
2 5 5 0 0 0 
3 5 5 0 0 0 
4 5 5 0 0 0 
5 5 5 0 0 0 
6 5 5 0 0 0 
7 5 5 0 0 0 
8 5 5 0 0 0 
9 5 5 0 0 0 
10 5 5 0 0 0 
11 5 5 0 0 0 
12 5 5 0 0 0 
13 5 5 0 0 0 
14 5 5 0 0 0 
15 5 5 0 0 0 
0 6 6 0.0907068 -0.000213581 -0.000379615 
1 6 6 0.0892949 -0.000322401 -0.000363432 
2 6 6 0.0883104 -0.000389805 -0.000309701 
3 6 6 0.0878333 -0.000409419 -0.000222947 
4 6 6 0.0879032 -0.000382695 -0.000117088 
5 6 6 0.0884556 -0.000319908 -7.89672e-06 
6 6 6 0.0893977 -0.000239163 8.85366e-05 
7 6 6 0.0905826 -0.000157389 0.000156554 
8 6 6 0.0918337 -8.96308e-05 0.000185283 
9 6 6 0.0929661 -4.36999e-05 0.000174904 
10 6 6 0.0938366 -2.36393e-05 0.000130081 
11 6 6 0.0943682 -2.66705e-05 6.60735e-05 
12 6 6 0.0945615 -4.64011e-05 -1.25223e-06 
13 6 6 0.0944633 -7.35021e-05 -6.54523e-05 
14 6 6 0.0939385 -4.22571e-05 -0.000258319 
15 6 6 0.0927582 -0.00182041 0.00380783 
0 7 7 0.17832 -0.000488509 -0.000736963 
1 7 7 0.176085 -0.000682441 -0.000621791 
2 7 7 0.174634 -0.000787756 -0.000444605 
3 7 7 0.174076 -0.000794796 -0.00022866 
4 7 7 0.174424 -0.000710809 2.53094e-07 
5 7 7 0.175581 -0.000559193 0.000213451 
6 7 7 0.177355 -0.000378615 0.000379871 
7 7 7 0.179476 -0.000205864 0.000475824 
8 7 7 0.181636 -7.19109e-05 0.000487988 
9 7 7 0.183533 6.45909e-06 0.000422489 
10 7 7 0.184942 2.59418e-05 0.000299127 
11 7 7 0.185762 -3.71664e-06 0.000150672 
12 7 7 0.186015 -6.45596e-05 8.72143e-06 
13 7 7 0.185786 -0.000137067 -0.000122538 
14 7 7 0.184785 -0.000149799 -0.00064079 
15 7 7 0.194232 -0.00116208 0.00531224 
0 8 8 0.18625 -0.000541008 -0.000594917 
1 8 8 0.183995 -0.000740205 -0.000414741 
2 8 8 0.182549 -0.000843033 -0.000197346 
3 8 8 0.182028 -0.000838895 2.86787e-05 
4 8 8 0.182438 -0.00073849 0.000239277 
5 8 8 0.183683 -0.000567951 0.000413612 
6 8 8 0.18556 -0.000367803 0.000530179 
7 8 8 0.187791 -0.000178852 0.000575464 
8 8 8 0.190052 -3.49498e-05 0.000545011 
9 8 8 0.192035 4.52898e-05 0.000450199 
10 8 8 0.193508 5.96094e-05 0.000313683 
11 8 8 0.194369 2.04643e-05 0.000166331 
12 8 8 0.194644 -4.98247e-05 3.53205e-05 
13 8 8 0.194419 -0.000124645 -8.24967e-05 
14 8 8 0.19338 -0.000213171 -0.000634948 
15 8 8 0.204485 0.000335173 0.00540838 
0 9 9 0.11333 -0.000413131 -0.000213267 
1 9 9 0.111772 -0.000527833 -9.52289e-05 
2 9 9 0.110733 -0.000576045 2.79195e-05 
3 9 9 0.110303 -0.000553331 0.000139918 
4 9 9 0.110501 -0.000468446 0.000229865 
5 9 9 0.111273 -0.000340027 0.000293034 
6 9 9 0.112496 -0.000196662 0.000324029 
7 9 9 0.113989 -6.65818e-05 0.000321981 
8 9 9 0.115538 2.70335e-05 0.000288692 
9 9 9 0.116929 7.33003e-05 0.000232169 
10 9 9 0.117994 7.16144e-05 0.000162695 
11 9 9 0.11865 3.36675e-05 9.38961e-05 
12 9 9 0.118903 -2.2904e-05 3.66344e-05 
13 9 9 0.118814 -7.93086e-05 -1.29915e-05 
14 9 9 0.118227 -0.000179217 -0.00024816 
15 9 9 0.120036 0.0016068 0.0045842 
0 10 10 0.0284455 -0.000127233 -1.32316e-05 
1 10 10 0.0278859 -0.000151875 1.41518e-05 
2 10 10 0.0274822 -0.000158957 3.88309e-05 
3 10 10 0.027272 -0.000147576 5.75044e-05 
4 10 10 0.0272697 -0.000120273 6.86553e-05 
5 10 10 0.0274678 -8.25925e-05 7.29059e-05 
6 10 10 0.027832 -4.18221e-05 7.12097e-05 
7 10 10 0.0283094 -5.97212e-06 6.4722e-05 
8 10 10 0.02883 1.86967e-05 5.45778e-05 
9 10 10 0.0293194 2.97404e-05 4.33689e-05 
10 10 10 0.0297183 2.68994e-05 3.13725e-05 
11 10 10 0.0299823 1.40647e-05 2.08731e-05 
12 10 10 0.0301071 -3.71908e-06 1.31045e-05 
13 10 10 0.030109 -2.25568e-05 6.91882e-06 
14 10 10 0.029933 -5.84742e-05 -3.40055e-05 
15 10 10 0.0274228 0.00116584 0.00183251 
0 11 11 0 0 0 
1 11 11 0 0 0 
2 11 11 0 0 0 
3 11 11 0 0 0 
4 11 11 0 0 0 
5 11 11 0 0 0 
6 11 11 0 0 0 
7 11 11 0 0 0 
8 11 11 0 0 0 
9 11 11 0 0 0 
10 11 11 0 0 0 
11 11 11 0 0 0 
12 11 11 0 0 0 
13 11 11 0 0 0 
14 11 11 0 0 0 
15 11 11 0 0 0 
0 12 12 0 0 0 
1 12 12 0 0 0 
2 12 12 0 0 0 
3 12 12 0 0 0 
4 12 12 0 0 0 
5 12 12 0 0 0 
6 12 12 0 0 0 
7 12 12 0 0 0 
8 12 12 0 0 0 
9 12 12 0 0 0 
10 12 12 0 0 0 
11 12 12 0 0 0 
12 12 12 0 0 0 
13 12 12 0 0 0 
14 12 12 0 0 0 
15 12 12 0 0 0 
0 13 13 0 0 0 
1 13 13 0 0 0 
2 13 13 0 0 0 
3 13 13 0 0 0 
4 13 13 0 0 0 
5 13 13 0 0 0 
6 13 13 0 0 0 
7 13 13 0 0 0 
8 13 13 0 0 0 
9 13 13 0 0 0 
10 13 13 0 0 0 
11 13 13 0 0 0 
12 13 13 0 0 0 
13 13 13 0 0 0 
14 13 13 0 0 0 
15 13 13 0 0 0 
0 14 14 0 0 0 
1 14 14 0 0 0 
2 14 14 0 0 0 
3 14 14 0 0 0 
4 14 14 0 0 0 
5 14 14 0 0 0 
6 14 14 0 0 0 
7 14 14 0 0 0 
8 14 14 0 0 0 
9 14 14 0 0 0 
10 14 14 0 0 0 
11 14 14 0 0 0 
12 14 14 0 0 0 
13 14 14 0 0 0 
14 14 14 0 0 0 
15 14 14 0 0 0 
0 15 15 0 0 0 
1 15 15 0 0 0 
2 15 15 0 0 0 
3 15 15 0 0 0 
4 15 15 0 0 0 
5 15 15 0 0 0 
6 15 15 0 0 0 
7 15 15 0 0 0 
8 15 15 0 0 0 
9 15 15 0 0 0 
10 15 15 0 0 0 
11 15 15 0 0 0 
12 15 15 0 0 0 
13 15 15 0 0 0 
14 15 15 0 0 0 
15 15 15 0 0 0 
0 0 0 0 0 0 
1 0 0 0 0 0 
2 0 0 0 0 0 
3 0 0 0 0 0 
4 0 0 0 0 0 
5 0 0 0 0 0 
6 0 0 0 0 0 
7 0 0 0 0 0 
8 0 0 0 0 0 
9 0 0 0 0 0 
10 0 0 0 0 0 
11 0 0 0 0 0 
12 0 0 0 0 0 
13 0 0 0 0 0 
14 0 0 0 0 0 
15 0 0 0 0 0 
0 1 1 0 0 0 
1 1 1 0 0 0 
2 1 1 0 0 0 
3 1 1 0 0 0 
4 1 1 0 0 0 
5 1 1 0 0 0 
6 1 1 0 0 0 
7 1 1 0 0 0 
8 1 1 0 0 0 
9 1 1 0 0 0 
10 1 1 0 0 0 
11 1 1 0 0 0 
12 1 1 0 0 0 
13 1 1 0 0 0 
14 1 1 0 0 0 
15 1 1 0 0 0 
0 2 2 0 0 0 
1 2 2 0 0 0 
2 2 2 0 0 0 
3 2 2 0 0 0 
4 2 2 0 0 0 
5 2 2 0 0 0 
6 2 2 0 0 0 
7 2 2 0 0 0 
8 2 2 0 0 0 
9 2 2 0 0 0 
10 2 2 0 0 0 
11 2 2 0 0 0 
12 2 2 0 0 0 
13 2 2 0 0 0 
14 2 2 0 0 0 
15 2 2 0 0 0 
0 3 3 0 0 0 
1 3 3 0 0 0 
2 3 3 0 0 0 
3 3 3 0 0 0 
4 3 3 0 0 0 
5 3 3 0 0 0 
6 3 3 0 0 0 
7 3 3 0 0 0 
8 3 3 0 0 0 
9 3 3 0 0 0 
10 3 3 0 0 0 
11 3 3 0 0 0 
12 3 3 0 0 0 
13 3 3 0 0 0 
14 3 3 0 0 0 
15 3 3 0 0 0 
0 4 4 0 0 0 
1 4 4 0 0 0 
2 4 4 0 0 0 
3 4 4 0 0 0 
4 4 4 0 0 0 
5 4 4 0 0 0 
6 4 4 0 0 0 
7 4 4 0 0 0 
8 4 4 0 0 0 
9 4 4 0 0 0 
10 4 4 0 0 0 
11 4 4 0 0 0 
12 4 4 0 0 0 
13 4 4 0 0 0 
14 4 4 0 0 0 
15 4 4 0 0 0 
0 5 5 0 0 0 
1 5 5 0 0 0 
2 5 5 0 0 0 
3 5 5 0 0 0 
4 5 5 0 0 0 
5 5 5 0 0 0 
6 5 5 0 0 0 
7 5 5 0 0 0 
8 5 5 0 0 0 
9 5 5 0 0 0 
10 5 5 0 0 0 
11 5 5 0 0 0 
12 5 5 0 0 0 
13 5 5 0 0 0 
14 5 5 0 0 0 
15 5 5 0 0 0 
0 6 6 0 0 0 
1 6 6 0 0 0 
2 6 6 0 0 0 
3 6 6 0 0 0 
4 6 6 0 0 0 
5 6 6 0 0 0 
6 6 6 0 0 0 
7 6 6 0 0 0 
8 6 6 0 0 0 
9 6 6 0 0 0 
10 6 6 0 0 0 
11 6 6 0 0 0 
12 6 6 0 0 0 
13 6 6 0 0 0 
14 6 6 0 0 0 
15 6 6 0 0 0 
0 7 7 0 0 0 
1 7 7 0 0 0 
2 7 7 0 0 0 
3 7 7 0 0 0 
4 7 7 0 0 0 
5 7 7 0 0 0 
6 7 7 0 0 0 
7 7 7 0 0 0 
8 7 7 0 0 0 
9 7 7 0 0 0 
10 7 7 0 0 0 
11 7 7 0 0 0 
12 7 7 0 0 0 
13 7 7 0 0 0 
14 7 7 0 0 0 
15 7 7 0 0 0 
0 8 8 0 0 0 
1 8 8 0 0 0 
2 8 8 0 0 0 
3 8 8 0 0 0 
4 8 8 0 0 0 
5 8 8 0 0 0 
6 8 8 0 0 0 
7 8 8 0 0 0 
8 8 8 0 0 0 
9 8 8 0 0 0 
10 8 8 0 0 0 
11 8 8 0 0 0 
12 8 8 0 0 0 
13 8 8 0 0 0 
14 8 8 0 0 0 
15 8 8 0 0 0 
0 9 9 0 0 0 
1 9 9 0 0 0 
2 9 9 0 0 0 
3 9 9 0 0 0 
4 9 9 0 0 0 
5 9 9 0 0 0 
6 9 9 0 0 0 
7 9 9 0 0 0 
8 9 9 0 0 0 
9 9 9 0 0 0 
10 9 9 0 0 0 
11 9 9 0 0 0 
12 9 9 0 0 0 
13 9 9 0 0 0 
14 9 9 0 0 0 
15 9 9 0 0 0 
0 10 10 0 0 0 
1 10 10 0 0 0 
2 10 10 0 0 0 
3 10 10 0 0 0 
4 10 10 0 0 0 
5 10 10 0 0 0 
6 10 10 0 0 0 
7 10 10 0 0 0 
8 10 10 0 0 0 
9 10 10 0 0 0 
10 10 10 0 0 0 
11 10 10 0 0 0 
12 10 10 0 0 0 
13 10 10 0 0 0 
14 10 10 0 0 0 
15 10 10 0 0 0 
0 11 11 0 0 0 
1 11 11 0 0 0 
2 11 11 0 0 0 
3 11 11 0 0 0 
4 11 11 0 0 0 
5 11 11 0 0 0 
6 11 11 0 0 0 
7 11 11 0 0 0 
8 11 11 0 0 0 
9 11 11 0 0 0 
10 11 11 0 0 0 
11 11 11 0 0 0 
12 11 11 0 0 0 
13 11 11 0 0 0 
14 11 11 0 0 0 
15 11 11 0 0 0 
0 12 12 0 0 0 
1 12 12 0 0 0 
2 12 12 0 0 0 
3 12 12 0 0 0 
4 12 12 0 0 0 
5 12 12 0 0 0 
6 12 12 0 0 0 
7 12 12 0 0 0 
8 12 12 0 0 0 
9 12 12 0 0 0 
10 12 12 0 0 0 
11 12 12 0 0 0 
12 12 12 0 0 0 
13 12 12 0 0 0 
14 12 12 0 0 0 
15 12 12 0 0 0 
0 13 13 0 0 0 
1 13 13 0 0 0 
2 13 13 0 0 0 
3 13 13 0 0 0 
4 13 13 0 0 0 
5 13 13 0 0 0 
6 13 13 0 0 0 
7 13 13 0 0 0 
8 13 13 0 0 0 
9 13 13 0 0 0 
10 13 13 0 0 0 
11 13 13 0 0 0 
12 13 13 0 0 0 
13 13 13 0 0 0 
14 13 13 0 0 0 
15 13 13 0 0 0 
0 14 14 0 0 0 
1 14 14 0 0 0 
2 14 14 0 0 0 
3 14 14 0 0 0 
4 14 14 0 0 0 
5 14 14 0 0 0 
6 14 14 0 0 0 
7 14 14 0 0 0 
8 14 14 0 0 0 
9 14 14 0 0 0 
10 14 14 0 0 0 
11 14 14 0 0 0 
12 14 14 0 0 0 
13 14 14 0 0 0 
14 14 14 0 0 0 
15 14 14 0 0 0 
0 15 15 0 0 0 
1 15 15 0 0 0 
2 15 15 0 0 0 
3 15 15 0 0 0 
4 15 15 0 0 0 
5 15 15 0 0 0 
6 15 15 0 0 0 
7 15 15 0 0 0 
8 15 15 0 0 0 
9 15 15 0 0 0 
10 15 15 0 0 0 
11 15 15 0 0 0 
12 15 15 0 0 0 
13 15 15 0 0 0 
14 15 15 0 0 0 
15 15 15 0 0 0 
0 0 0 0 0 0 
1 0 0 0 0 0 
2 0 0 0 0 0 
3 0 0 0 0 0 
4 0 0 0 0 0 
5 0 0 0 0 0 
6 0 0 0 0 0 
7 0 0 0 0 0 
8 0 0 0 0 0 
9 0 0 0 0 0 
10 0 0 0 0 0 
11 0 0 0 0 0 
12 0 0 0 0 0 
13 0 0 0 0 0 
14 0 0 0 0 0 
15 0 0 0 0 0 
0 1 1 0 0 0 
1 1 1 0 0 0 
2 1 1 0 0 0 
3 1 1 0 0 0 
4 1 1 0 0 0 
5 1 1 0 0 0 
6 1 1 0 0 0 
7 1 1 0 0 0 
8 1 1 0 0 0 
9 1 1 0 0 0 
10 1 1 0 0 0 
11 1 1 0 0 0 
12 1 1 0 0 0 
13 1 1 0 0 0 
14 1 1 0 0 0 
15 1 1 0 0 0 
0 2 2 0 0 0 
1 2 2 0 0 0 
2 2 2 0 0 0 
3 2 2 0 0 0 
4 2 2 0 0 0 
5 2 2 0 0 0 
6 2 2 0 0 0 
7 2 2 0 0 0 
8 2 2 0 0 0 
9 2 2 0 0 0 
10 2 2 0 0 0 
11 2 2 0 0 0 
12 2 2 0 0 0 
13 2 2 0 0 0 
14 2 2 0 0 0 
15 2 2 0 0 0 
0 3 3 0 0 0 
1 3 3 0 0 0 
2 3 3 0 0 0 
3 3 3 0 0 0 
4 3 3 0 0 0 
5 3 3 0 0 0 
6 3 3 0 0 0 
7 3 3 0 0 0 
8 3 3 0 0 0 
9 3 3 0 0 0 
10 3 3 0 0 0 
11 3 3 0 0 0 
12 3 3 0 0 0 
13 3 3 0 0 0 
14 3 3 0 0 0 
15 3 3 0 0 0 
0 4 4 0 0 0 
1 4 4 0 0 0 
2 4 4 0 0 0 
3 4 4 0 0 0 
4 4 4 0 0 0 
5 4 4 0 0 0 
6 4 4 0 0 0 
7 4 4 0 0 0 
8 4 4 0 0 0 
9 4 4 0 0 0 
10 4 4 0 0 0 
11 4 4 0 0 0 
12 4 4 0 0 0 
13 4 4 0 0 0 
14 4 4 0 0 0 
15 4 4 0 0 0 
0 5 5 0 0 0 
1 5 5 0 0 0 
2 5 5 0 0 0 
3 5 5 0 0 0 
4 5 5 0 0 0 
5 5 5 0 0 0 
6 5 5 0 0 0 
7 5 5 0 0 0 
8 5 5 0 0 0 
9 5 5 0 0 0 
10 5 5 0 0 0 
11 5 5 0 0 0 
12 5 5 0 0 0 
13 5 5 0 0 0 
14 5 5 0 0 0 
15 5 5 0 0 0 
0 6 6 0 0 0 
1 6 6 0 0 0 
2 6 6 0 0 0 
3 6 6 0 0 0 
4 6 6 0 0 0 
5 6 6 0 0 0 
6 6 6 0 0 0 
7 6 6 0 0 0 
8 6 6 0 0 0 
9 6 6 0 0 0 
10 6 6 0 0 0 
11 6 6 0 0 0 
12 6 6 0 0 0 
13 6 6 0 0 0 
14 6 6 0 0 0 
15 6 6 0 0 0 
0 7 7 0 0 0 
1 7 7 0 0 0 
2 7 7 0 0 0 
3 7 7 0 0 0 
4 7 7 0 0 0 
5 7 7 0 0 0 
6 7 7 0 0 0 
7 7 7 0 0 0 
8 7 7 0 0 0 
9 7 7 0 0 0 
10 7 7 0 0 0 
11 7 7 0 0 0 
12 7 7 0 0 0 
13 7 7 0 0 0 
14 7 7 0 0 0 
15 7 7 0 0 0 
0 8 8 0 0 0 
1 8 8 0 0 0 
2 8 8 0 0 0 
3 8 8 0 0 0 
4 8 8 0 0 0 
5 8 8 0 0 0 
6 8 8 0 0 0 
7 8 8 0 0 0 
8 8 8 0 0 0 
9 8 8 0 0 0 
10 8 8 0 0 0 
11 8 8 0 0 0 
12 8 8 0 0 0 
13 8 8 0 0 0 
14 8 8 0 0 0 
15 8 8 0 0 0 
0 9 9 0 0 0 
1 9 9 0 0 0 
2 9 9 0 0 0 
3 9 9 0 0 0 
4 9 9 0 0 0 
5 9 9 0 0 0 
6 9 9 0 0 0 
7 9 9 0 0 0 
8 9 9 0 0 0 
9 9 9 0 0 0 
10 9 9 0 0 0 
11 9 9 0 0 0 
12 9 9 0 0 0 
13 9 9 0 0 0 
14 9 9 0 0 0 
15 9 9 0 0 0 
0 10 10 0 0 0 
1 10 10 0 0 0 
2 10 10 0 0 0 
3 10 10 0 0 0 
4 10 10 0 0 0 
5 10 10 0 0 0 
6 10 10 0 0 0 
7 10 10 0 0 0 
8 10 10 0 0 0 
9 10 10 0 0 0 
10 10 10 0 0 0 
11 10 10 0 0 0 
12 10 10 0 0 0 
13 10 10 0 0 0 
14 10 10 0 0 0 
15 10 10 0 0 0 
0 11 11 0 0 0 
1 11 11 0 0 0 
2 11 11 0 0 0 
3 11 11 0 0 0 
4 11 11 0 0 0 
5 11 11 0 0 0 
6 11 11 0 0 0 
7 11 11 0 0 0 
8 11 11 0 0 0 
9 11 11 0 0 0 
10 11 11 0 0 0 
11 11 11 0 0 0 
12 11 11 0 0 0 
13 11 11 0 0 0 
14 11 11 0 0 0 
15 11 11 0 0 0 
0 12 12 0 0 0 
1 12 12 0 0 0 
2 12 12 0 0 0 
3 12 12 0 0 0 
4 12 12 0 0 0 
5 12 12 0 0 0 
6 12 12 0 0 0 
7 12 12 0 0 0 
8 12 12 0 0 0 
9 12 12 0 0 0 
10 12 12 0 0 0 
11 12 12 0 0 0 
12 12 12 0 0 0 
13 12 12 0 0 0 
14 12 12 0 0 0 
15 12 12 0 0 0 
0 13 13 0 0 0 
1 13 13 0 0 0 
2 13 13 0 0 0 
3 13 13 0 0 0 
4 13 13 0 0 0 
5 13 13 0 0 0 
6 13 13 0 0 0 
7 13 13 0 0 0 
8 13 13 0 0 0 
9 13 13 0 0 0 
10 13 13 0 0 0 
11 13 13 0 0 0 
12 13 13 0 0 0 
13 13 13 0 0 0 
14 13 13 0 0 0 
15 13 13 0 0 0 
0 14 14 0 0 0 
1 14 14 0 0 0 
2 14 14 0 0 0 
3 14 14 0 0 0 
4 14 14 0 0 0 
5 14 14 0 0 0 
6 14 14 0 0 0 
7 14 14 0 0 0 
8 14 14 0 0 0 
9 14 14 0 0 0 
10 14 14 0 0 0 
11 14 14 0 0 0 
12 14 14 0 0 0 
13 14 14 0 0 0 
14 14 14 0 0 0 
15 14 14 0 0 0 
0 15 15 0 0 0 
1 15 15 0 0 0 
2 15 15 0 0 0 
3 15 15 0 0 0 
4 15 15 0 0 0 
5 15 15 0 0 0 
6 15 15 0 0 0 
7 15 15 0 0 0 
8 15 15 0 0 0 
9 15 15 0 0 0 
10 15 15 0 0 0 
11 15 15 0 0 0 
12 15 15 0 0 0 
13 15 15 0 0 0 
14 15 15 0 0 0 
15 15 15 0 0 0 
0 0 0 0 0 0 
1 0 0 0 0 0 
2 0 0 0 0 0 
3 0 0 0 0 0 
4 0 0 0 0 0 
5 0 0 0 0 0 
6 0 0 0 0 0 
7 0 0 0 0 0 
8 0 0 0 0 0 
9 0 0 0 0 0 
10 0 0 0 0 0 
11 0 0 0 0 0 
12 0 0 0 0 0 
13 0 0 0 0 0 
14 0 0 0 0 0 
15 0 0 0 0 0 
0 1 1 0 0 0 
1 1 1 0 0 0 
2 1 1 0 0 0 
3 1 1 0 0 0 
4 1 1 0 0 0 
5 1 1 0 0 0 
6 1 1 0 0 0 
7 1 1 0 0 0 
8 1 1 0 0 0 
9 1 1 0 0 0 
10 1 1 0 0 0 
11 1 1 0 0 0 
12 1 1 0 0 0 
13 1 1 0 0 0 
14 1 1 0 0 0 
15 1 1 0 0 0 
0 2 2 0 0 0 
1 2 2 0 0 0 
2 2 2 0 0 0 
3 2 2 0 0 0 
4 2 2 0 0 0 
5 2 2 0 0 0 
6 2 2 0 0 0 
7 2 2 0 0 0 
8 2 2 0 0 0 
9 2 2 0 0 0 
10 2 2 0 0 0 
11 2 2 0 0 0 
12 2 2 0 0 0 
13 2 2 0 0 0 
14 2 2 0 0 0 
15 2 2 0 0 0 
0 3 3 0 0 0 
1 3 3 0 0 0 
2 3 3 0 0 0 
3 3 3 0 0 0 
4 3 3 0 0 0 
5 3 3 0 0 0 
6 3 3 0 0 0 
7 3 3 0 0 0 
8 3 3 0 0 0 
9 3 3 0 0 0 
10 3 3 0 0 0 
11 3 3 0 0 0 
12 3 3 0 0 0 
13 3 3 0 0 0 
14 3 3 0 0 0 
15 3 3 0 0 0 
0 4 4 0 0 0 
1 4 4 0 0 0 
2 4 4 0 0 0 
3 4 4 0 0 0 
4 4 4 0 0 0 
5 4 4 0 0 0 
6 4 4 0 0 0 
7 4 4 0 0 0 
8 4 4 0 0 0 
9 4 4 0 0 0 
10 4 4 0 0 0 
11 4 4 0 0 0 
12 4 4 0 0 0 
13 4 4 0 0 0 
14 4 4 0 0 0 
15 4 4 0 0 0 
0 5 5 0 0 0 
1 5 5 0 0 0 
2 5 5 0 0 0 
3 5 5 0 0 0 
4 5 5 0 0 0 
5 5 5 0 0 0 
6 5 5 0 0 0 
7 5 5 0 0 0 
8 5 5 0 0 0 
9 5 5 0 0 0 
10 5 5 0 0 0 
11 5 5 0 0 0 
12 5 5 0 0 0 
13 5 5 0 0 0 
14 5 5 0 0 0 
15 5 5 0 0 0 
0 6 6 0 0 0 
1 6 6 0 0 0 
2 6 6 0 0 0 
3 6 6 0 0 0 
4 6 6 0 0 0 
5 6 6 0 0 0 
6 6 6 0 0 0 
7 6 6 0 0 0 
8 6 6 0 0 0 
9 6 6 0 0 0 
10 6 6 0 0 0 
11 6 6 0 0 0 
12 6 6 0 0 0 
13 6 6 0 0 0 
14 6 6 0 0 0 
15 6 6 0 0 0 
0 7 7 0 0 0 
1 7 7 0 0 0 
2 7 7 0 0 0 
3 7 7 0 0 0 
4 7 7 0 0 0 
5 7 7 0 0 0 
6 7 7 0 0 0 
7 7 7 0 0 0 
8 7 7 0 0 0 
9 7 7 0 0 0 
10 7 7 0 0 0 
11 7 7 0 0 0 
12 7 7 0 0 0 
13 7 7 0 0 0 
14 7 7 0 0 0 
15 7 7 0 0 0 
0 8 8 0 0 0 
1 8 8 0 0 0 
2 8 8 0 0 0 
3 8 8 0 0 0 
4 8 8 0 0 0 
5 8 8 0 0 0 
6 8 8 0 0 0 
7 8 8 0 0 0 
8 8 8 0 0 0 
9 8 8 0 0 0 
10 8 8 0 0 0 
11 8 8 0 0 0 
12 8 8 0 0 0 
13 8 8 0 0 0 
14 8 8 0 0 0 
15 8 8 0 0 0 
0 9 9 0 0 0 
1 9 9 0 0 0 
2 9 9 0 0 0 
3 9 9 0 0 0 
4 9 9 0 0 0 
5 9 9 0 0 0 
6 9 9 0 0 0 
7 9 9 0 0 0 
8 9 9 0 0 0 
9 9 9 0 0 0 
10 9 9 0 0 0 
11 9 9 0 0 0 
12 9 9 0 0 0 
13 9 9 0 0 0 
14 9 9 0 0 0 
15 9 9 0 0 0 
0 10 10 0 0 0 
1 10 10 0 0 0 
2 10 10 0 0 0 
3 10 10 0 0 0 
4 10 10 0 0 0 
5 10 10 0 0 0 
6 10 10 0 0 0 
7 10 10 0 0 0 
8 10 10 0 0 0 
9 10 10 0 0 0 
10 10 10 0 0 0 
11 10 10 0 0 0 
12 10 10 0 0 0 
13 10 10 0 0 0 
14 10 10 0 0 0 
15 10 10 0 0 0 
0 11 11 0 0 0 
1 11 11 0 0 0 
2 11 11 0 0 0 
3 11 11 0 0 0 
4 11 11 0 0 0 
5 11 11 0 0 0 
6 11 11 0 0 0 
7 11 11 0 0 0 
8 11 11 0 0 0 
9 11 11 0 0 0 
10 11 11 0 0 0 
11 11 11 0 0 0 
12 11 11 0 0 0 
13 11 11 0 0 0 
14 11 11 0 0 0 
15 11 11 0 0 0 
0 12 12 0 0 0 
1 12 12 0 0 0 
2 12 12 0 0 0 
3 12 12 0 0 0 
4 12 12 0 0 0 
5 12 12 0 0 0 
6 12 12 0 0 0 
7 12 12 0 0 0 
8 12 12 0 0 0 
9 12 12 0 0 0 
10 12 12 0 0 0 
11 12 12 0 0 0 
12 12 12 0 0 0 
13 12 12 0 0 0 
14 12 12 0 0 0 
15 12 12 0 0 0 
0 13 13 0 0 0 
1 13 13 0 0 0 
2 13 13 0 0 0 
3 13 13 0 0 0 
4 13 13 0 0 0 
5 13 13 0 0 0 
6 13 13 0 0 0 
7 13 13 0 0 0 
8 13 13 0 0 0 
9 13 13 0 0 0 
10 13 13 0 0 0 
11 13 13 0 0 0 
12 13 13 0 0 0 
13 13 13 0 0 0 
14 13 13 0 0 0 
15 13 13 0 0 0 
0 14 14 0 0 0 
1 14 14 0 0 0 
2 14 14 0 0 0 
3 14 14 0 0 0 
4 14 14 0 0 0 
5 14 14 0 0 0 
6 14 14 0 0 0 
7 14 14 0 0 0 
8 14 14 0 0 0 
9 14 14 0 0 0 
10 14 14 0 0 0 
11 14 14 0 0 0 
12 14 14 0 0 0 
13 14 14 0 0 0 
14 14 14 0 0 0 
15 14 14 0 0 0 
0 15 15 0 0 0 
1 15 15 0 0 0 
2 15 15 0 0 0 
3 15 15 0 0 0 
4 15 15 0 0 0 
5 15 15 0 0 0 
6 15 15 0 0 0 
7 15 15 0 0 0 
8 15 15 0 0 0 
9 15 15 0 0 0 
10 15 15 0 0 0 
11 15 15 0 0 0 
12 15 15 0 0 0 
13 15 15 0 0 0 
14 15 15 0 0 0 
15 15 15 0 0 0 
