0 0 0 0 0 0 
1 0 0 0 0 0 
2 0 0 0 0 0 
3 0 0 0 0 0 
4 0 0 0 0 0 
5 0 0 0 0 0 
6 0 0 0 0 0 
7 0 0 0 0 0 
8 0 0 0 0 0 
9 0 0 0 0 0 
10 0 0 0 0 0 
11 0 0 0 0 0 
12 0 0 0 0 0 
13 0 0 0 0 0 
14 0 0 0 0 0 
15 0 0 0 0 0 
0 1 1 0 0 0 
1 1 1 0 0 0 
2 1 1 0 0 0 
3 1 1 0 0 0 
4 1 1 0 0 0 
5 1 1 0 0 0 
6 1 1 0 0 0 
7 1 1 0 0 0 
8 1 1 0 0 0 
9 1 1 0 0 0 
10 1 1 0 0 0 
11 1 1 0 0 0 
12 1 1 0 0 0 
13 1 1 0 0 0 
14 1 1 0 0 0 
15 1 1 0 0 0 
0 2 2 0 0 0 
1 2 2 0 0 0 
2 2 2 0 0 0 
3 2 2 0 0 0 
4 2 2 0 0 0 
5 2 2 0 0 0 
6 2 2 0 0 0 
7 2 2 0 0 0 
8 2 2 0 0 0 
9 2 2 0 0 0 
10 2 2 0 0 0 
11 2 2 0 0 0 
12 2 2 0 0 0 
13 2 2 0 0 0 
14 2 2 0 0 0 
15 2 2 0 0 0 
0 3 3 0 0 0 
1 3 3 0 0 0 
2 3 3 0 0 0 
3 3 3 0 0 0 
4 3 3 0 0 0 
5 3 3 0 0 0 
6 3 3 0 0 0 
7 3 3 0 0 0 
8 3 3 0 0 0 
9 3 3 0 0 0 
10 3 3 0 0 0 
11 3 3 0 0 0 
12 3 3 0 0 0 
13 3 3 0 0 0 
14 3 3 0 0 0 
15 3 3 0 0 0 
0 4 4 0 0 0 
1 4 4 0 0 0 
2 4 4 0 0 0 
3 4 4 0 0 0 
4 4 4 0 0 0 
5 4 4 0 0 0 
6 4 4 0 0 0 
7 4 4 0 0 0 
8 4 4 0 0 0 
9 4 4 0 0 0 
10 4 4 0 0 0 
11 4 4 0 0 0 
12 4 4 0 0 0 
13 4 4 0 0 0 
14 4 4 0 0 0 
15 4 4 0 0 0 
0 5 5 0 0 0 
1 5 5 0 0 0 
2 5 5 0 0 0 
3 5 5 0 0 0 
4 5 5 0 0 0 
5 5 5 0 0 0 
6 5 5 0 0 0 
7 5 5 0 0 0 
8 5 5 0 0 0 
9 5 5 0 0 0 
10 5 5 0 0 0 
11 5 5 0 0 0 
12 5 5 0 0 0 
13 5 5 0 0 0 
14 5 5 0 0 0 
15 5 5 0 0 0 
0 6 6 0 0 0 
1 6 6 0 0 0 
2 6 6 0 0 0 
3 6 6 0 0 0 
4 6 6 0 0 0 
5 6 6 0 0 0 
6 6 6 0 0 0 
7 6 6 0 0 0 
8 6 6 0 0 0 
9 6 6 0 0 0 
10 6 6 0 0 0 
11 6 6 0 0 0 
12 6 6 0 0 0 
13 6 6 0 0 0 
14 6 6 0 0 0 
15 6 6 0 0 0 
0 7 7 0 0 0 
1 7 7 0 0 0 
2 7 7 0 0 0 
3 7 7 0 0 0 
4 7 7 0 0 0 
5 7 7 0 0 0 
6 7 7 0 0 0 
7 7 7 0 0 0 
8 7 7 0 0 0 
9 7 7 0 0 0 
10 7 7 0 0 0 
11 7 7 0 0 0 
12 7 7 0 0 0 
13 7 7 0 0 0 
14 7 7 0 0 0 
15 7 7 0 0 0 
0 8 8 0 0 0 
1 8 8 0 0 0 
2 8 8 0 0 0 
3 8 8 0 0 0 
4 8 8 0 0 0 
5 8 8 0 0 0 
6 8 8 0 0 0 
7 8 8 0 0 0 
8 8 8 0 0 0 
9 8 8 0 0 0 
10 8 8 0 0 0 
11 8 8 0 0 0 
12 8 8 0 0 0 
13 8 8 0 0 0 
14 8 8 0 0 0 
15 8 8 0 0 0 
0 9 9 0 0 0 
1 9 9 0 0 0 
2 9 9 0 0 0 
3 9 9 0 0 0 
4 9 9 0 0 0 
5 9 9 0 0 0 
6 9 9 0 0 0 
7 9 9 0 0 0 
8 9 9 0 0 0 
9 9 9 0 0 0 
10 9 9 0 0 0 
11 9 9 0 0 0 
12 9 9 0 0 0 
13 9 9 0 0 0 
14 9 9 0 0 0 
15 9 9 0 0 0 
0 10 10 0 0 0 
1 10 10 0 0 0 
2 10 10 0 0 0 
3 10 10 0 0 0 
4 10 10 0 0 0 
5 10 10 0 0 0 
6 10 10 0 0 0 
7 10 10 0 0 0 
8 10 10 0 0 0 
9 10 10 0 0 0 
10 10 10 0 0 0 
11 10 10 0 0 0 
12 10 10 0 0 0 
13 10 10 0 0 0 
14 10 10 0 0 0 
15 10 10 0 0 0 
0 11 11 0 0 0 
1 11 11 0 0 0 
2 11 11 0 0 0 
3 11 11 0 0 0 
4 11 11 0 0 0 
5 11 11 0 0 0 
6 11 11 0 0 0 
7 11 11 0 0 0 
8 11 11 0 0 0 
9 11 11 0 0 0 
10 11 11 0 0 0 
11 11 11 0 0 0 
12 11 11 0 0 0 
13 11 11 0 0 0 
14 11 11 0 0 0 
15 11 11 0 0 0 
0 12 12 0 0 0 
1 12 12 0 0 0 
2 12 12 0 0 0 
3 12 12 0 0 0 
4 12 12 0 0 0 
5 12 12 0 0 0 
6 12 12 0 0 0 
7 12 12 0 0 0 
8 12 12 0 0 0 
9 12 12 0 0 0 
10 12 12 0 0 0 
11 12 12 0 0 0 
12 12 12 0 0 0 
13 12 12 0 0 0 
14 12 12 0 0 0 
15 12 12 0 0 0 
0 13 13 0 0 0 
1 13 13 0 0 0 
2 13 13 0 0 0 
3 13 13 0 0 0 
4 13 13 0 0 0 
5 13 13 0 0 0 
6 13 13 0 0 0 
7 13 13 0 0 0 
8 13 13 0 0 0 
9 13 13 0 0 0 
10 13 13 0 0 0 
11 13 13 0 0 0 
12 13 13 0 0 0 
13 13 13 0 0 0 
14 13 13 0 0 0 
15 13 13 0 0 0 
0 14 14 0 0 0 
1 14 14 0 0 0 
2 14 14 0 0 0 
3 14 14 0 0 0 
4 14 14 0 0 0 
5 14 14 0 0 0 
6 14 14 0 0 0 
7 14 14 0 0 0 
8 14 14 0 0 0 
9 14 14 0 0 0 
10 14 14 0 0 0 
11 14 14 0 0 0 
12 14 14 0 0 0 
13 14 14 0 0 0 
14 14 14 0 0 0 
15 14 14 0 0 0 
0 15 15 0 0 0 
1 15 15 0 0 0 
2 15 15 0 0 0 
3 15 15 0 0 0 
4 15 15 0 0 0 
5 15 15 0 0 0 
6 15 15 0 0 0 
7 15 15 0 0 0 
8 15 15 0 0 0 
9 15 15 0 0 0 
10 15 15 0 0 0 
11 15 15 0 0 0 
12 15 15 0 0 0 
13 15 15 0 0 0 
14 15 15 0 0 0 
15 15 15 0 0 0 
0 0 0 0 0 0 
1 0 0 0 0 0 
2 0 0 0 0 0 
3 0 0 0 0 0 
4 0 0 0 0 0 
5 0 0 0 0 0 
6 0 0 0 0 0 
7 0 0 0 0 0 
8 0 0 0 0 0 
9 0 0 0 0 0 
10 0 0 0 0 0 
11 0 0 0 0 0 
12 0 0 0 0 0 
13 0 0 0 0 0 
14 0 0 0 0 0 
15 0 0 0 0 0 
0 1 1 0 0 0 
1 1 1 0 0 0 
2 1 1 0 0 0 
3 1 1 0 0 0 
4 1 1 0 0 0 
5 1 1 0 0 0 
6 1 1 0 0 0 
7 1 1 0 0 0 
8 1 1 0 0 0 
9 1 1 0 0 0 
10 1 1 0 0 0 
11 1 1 0 0 0 
12 1 1 0 0 0 
13 1 1 0 0 0 
14 1 1 0 0 0 
15 1 1 0 0 0 
0 2 2 0 0 0 
1 2 2 0 0 0 
2 2 2 0 0 0 
3 2 2 0 0 0 
4 2 2 0 0 0 
5 2 2 0 0 0 
6 2 2 0 0 0 
7 2 2 0 0 0 
8 2 2 0 0 0 
9 2 2 0 0 0 
10 2 2 0 0 0 
11 2 2 0 0 0 
12 2 2 0 0 0 
13 2 2 0 0 0 
14 2 2 0 0 0 
15 2 2 0 0 0 
0 3 3 0 0 0 
1 3 3 0 0 0 
2 3 3 0 0 0 
3 3 3 0 0 0 
4 3 3 0 0 0 
5 3 3 0 0 0 
6 3 3 0 0 0 
7 3 3 0 0 0 
8 3 3 0 0 0 
9 3 3 0 0 0 
10 3 3 0 0 0 
11 3 3 0 0 0 
12 3 3 0 0 0 
13 3 3 0 0 0 
14 3 3 0 0 0 
15 3 3 0 0 0 
0 4 4 0 0 0 
1 4 4 0 0 0 
2 4 4 0 0 0 
3 4 4 0 0 0 
4 4 4 0 0 0 
5 4 4 0 0 0 
6 4 4 0 0 0 
7 4 4 0 0 0 
8 4 4 0 0 0 
9 4 4 0 0 0 
10 4 4 0 0 0 
11 4 4 0 0 0 
12 4 4 0 0 0 
13 4 4 0 0 0 
14 4 4 0 0 0 
15 4 4 0 0 0 
0 5 5 0 0 0 
1 5 5 0 0 0 
2 5 5 0 0 0 
3 5 5 0 0 0 
4 5 5 0 0 0 
5 5 5 0 0 0 
6 5 5 0 0 0 
7 5 5 0 0 0 
8 5 5 0 0 0 
9 5 5 0 0 0 
10 5 5 0 0 0 
11 5 5 0 0 0 
12 5 5 0 0 0 
13 5 5 0 0 0 
14 5 5 0 0 0 
15 5 5 0 0 0 
0 6 6 0 0 0 
1 6 6 0 0 0 
2 6 6 0 0 0 
3 6 6 0 0 0 
4 6 6 0 0 0 
5 6 6 0 0 0 
6 6 6 0 0 0 
7 6 6 0 0 0 
8 6 6 0 0 0 
9 6 6 0 0 0 
10 6 6 0 0 0 
11 6 6 0 0 0 
12 6 6 0 0 0 
13 6 6 0 0 0 
14 6 6 0 0 0 
15 6 6 0 0 0 
0 7 7 0 0 0 
1 7 7 0 0 0 
2 7 7 0 0 0 
3 7 7 0 0 0 
4 7 7 0 0 0 
5 7 7 0 0 0 
6 7 7 0 0 0 
7 7 7 0 0 0 
8 7 7 0 0 0 
9 7 7 0 0 0 
10 7 7 0 0 0 
11 7 7 0 0 0 
12 7 7 0 0 0 
13 7 7 0 0 0 
14 7 7 0 0 0 
15 7 7 0 0 0 
0 8 8 0 0 0 
1 8 8 0 0 0 
2 8 8 0 0 0 
3 8 8 0 0 0 
4 8 8 0 0 0 
5 8 8 0 0 0 
6 8 8 0 0 0 
7 8 8 0 0 0 
8 8 8 0 0 0 
9 8 8 0 0 0 
10 8 8 0 0 0 
11 8 8 0 0 0 
12 8 8 0 0 0 
13 8 8 0 0 0 
14 8 8 0 0 0 
15 8 8 0 0 0 
0 9 9 0 0 0 
1 9 9 0 0 0 
2 9 9 0 0 0 
3 9 9 0 0 0 
4 9 9 0 0 0 
5 9 9 0 0 0 
6 9 9 0 0 0 
7 9 9 0 0 0 
8 9 9 0 0 0 
9 9 9 0 0 0 
10 9 9 0 0 0 
11 9 9 0 0 0 
12 9 9 0 0 0 
13 9 9 0 0 0 
14 9 9 0 0 0 
15 9 9 0 0 0 
0 10 10 0 0 0 
1 10 10 0 0 0 
2 10 10 0 0 0 
3 10 10 0 0 0 
4 10 10 0 0 0 
5 10 10 0 0 0 
6 10 10 0 0 0 
7 10 10 0 0 0 
8 10 10 0 0 0 
9 10 10 0 0 0 
10 10 10 0 0 0 
11 10 10 0 0 0 
12 10 10 0 0 0 
13 10 10 0 0 0 
14 10 10 0 0 0 
15 10 10 0 0 0 
0 11 11 0 0 0 
1 11 11 0 0 0 
2 11 11 0 0 0 
3 11 11 0 0 0 
4 11 11 0 0 0 
5 11 11 0 0 0 
6 11 11 0 0 0 
7 11 11 0 0 0 
8 11 11 0 0 0 
9 11 11 0 0 0 
10 11 11 0 0 0 
11 11 11 0 0 0 
12 11 11 0 0 0 
13 11 11 0 0 0 
14 11 11 0 0 0 
15 11 11 0 0 0 
0 12 12 0 0 0 
1 12 12 0 0 0 
2 12 12 0 0 0 
3 12 12 0 0 0 
4 12 12 0 0 0 
5 12 12 0 0 0 
6 12 12 0 0 0 
7 12 12 0 0 0 
8 12 12 0 0 0 
9 12 12 0 0 0 
10 12 12 0 0 0 
11 12 12 0 0 0 
12 12 12 0 0 0 
13 12 12 0 0 0 
14 12 12 0 0 0 
15 12 12 0 0 0 
0 13 13 0 0 0 
1 13 13 0 0 0 
2 13 13 0 0 0 
3 13 13 0 0 0 
4 13 13 0 0 0 
5 13 13 0 0 0 
6 13 13 0 0 0 
7 13 13 0 0 0 
8 13 13 0 0 0 
9 13 13 0 0 0 
10 13 13 0 0 0 
11 13 13 0 0 0 
12 13 13 0 0 0 
13 13 13 0 0 0 
14 13 13 0 0 0 
15 13 13 0 0 0 
0 14 14 0 0 0 
1 14 14 0 0 0 
2 14 14 0 0 0 
3 14 14 0 0 0 
4 14 14 0 0 0 
5 14 14 0 0 0 
6 14 14 0 0 0 
7 14 14 0 0 0 
8 14 14 0 0 0 
9 14 14 0 0 0 
10 14 14 0 0 0 
11 14 14 0 0 0 
12 14 14 0 0 0 
13 14 14 0 0 0 
14 14 14 0 0 0 
15 14 14 0 0 0 
0 15 15 0 0 0 
1 15 15 0 0 0 
2 15 15 0 0 0 
3 15 15 0 0 0 
4 15 15 0 0 0 
5 15 15 0 0 0 
6 15 15 0 0 0 
7 15 15 0 0 0 
8 15 15 0 0 0 
9 15 15 0 0 0 
10 15 15 0 0 0 
11 15 15 0 0 0 
12 15 15 0 0 0 
13 15 15 0 0 0 
14 15 15 0 0 0 
15 15 15 0 0 0 
0 0 0 0 0 0 
1 0 0 0 0 0 
2 0 0 0 0 0 
3 0 0 0 0 0 
4 0 0 0 0 0 
5 0 0 0 0 0 
6 0 0 0 0 0 
7 0 0 0 0 0 
8 0 0 0 0 0 
9 0 0 0 0 0 
10 0 0 0 0 0 
11 0 0 0 0 0 
12 0 0 0 0 0 
13 0 0 0 0 0 
14 0 0 0 0 0 
15 0 0 0 0 0 
0 1 1 0 0 0 
1 1 1 0 0 0 
2 1 1 0 0 0 
3 1 1 0 0 0 
4 1 1 0 0 0 
5 1 1 0 0 0 
6 1 1 0 0 0 
7 1 1 0 0 0 
8 1 1 0 0 0 
9 1 1 0 0 0 
10 1 1 0 0 0 
11 1 1 0 0 0 
12 1 1 0 0 0 
13 1 1 0 0 0 
14 1 1 0 0 0 
15 1 1 0 0 0 
0 2 2 0 0 0 
1 2 2 0 0 0 
2 2 2 0 0 0 
3 2 2 0 0 0 
4 2 2 0 0 0 
5 2 2 0 0 0 
6 2 2 0 0 0 
7 2 2 0 0 0 
8 2 2 0 0 0 
9 2 2 0 0 0 
10 2 2 0 0 0 
11 2 2 0 0 0 
12 2 2 0 0 0 
13 2 2 0 0 0 
14 2 2 0 0 0 
15 2 2 0 0 0 
0 3 3 0 0 0 
1 3 3 0 0 0 
2 3 3 0 0 0 
3 3 3 0 0 0 
4 3 3 0 0 0 
5 3 3 0 0 0 
6 3 3 0 0 0 
7 3 3 0 0 0 
8 3 3 0 0 0 
9 3 3 0 0 0 
10 3 3 0 0 0 
11 3 3 0 0 0 
12 3 3 0 0 0 
13 3 3 0 0 0 
14 3 3 0 0 0 
15 3 3 0 0 0 
0 4 4 0 0 0 
1 4 4 0 0 0 
2 4 4 0 0 0 
3 4 4 0 0 0 
4 4 4 0 0 0 
5 4 4 0 0 0 
6 4 4 0 0 0 
7 4 4 0 0 0 
8 4 4 0 0 0 
9 4 4 0 0 0 
10 4 4 0 0 0 
11 4 4 0 0 0 
12 4 4 0 0 0 
13 4 4 0 0 0 
14 4 4 0 0 0 
15 4 4 0 0 0 
0 5 5 0 0 0 
1 5 5 0 0 0 
2 5 5 0 0 0 
3 5 5 0 0 0 
4 5 5 0 0 0 
5 5 5 0 0 0 
6 5 5 0 0 0 
7 5 5 0 0 0 
8 5 5 0 0 0 
9 5 5 0 0 0 
10 5 5 0 0 0 
11 5 5 0 0 0 
12 5 5 0 0 0 
13 5 5 0 0 0 
14 5 5 0 0 0 
15 5 5 0 0 0 
0 6 6 0 0 0 
1 6 6 0 0 0 
2 6 6 0 0 0 
3 6 6 0 0 0 
4 6 6 0 0 0 
5 6 6 0 0 0 
6 6 6 0 0 0 
7 6 6 0 0 0 
8 6 6 0 0 0 
9 6 6 0 0 0 
10 6 6 0 0 0 
11 6 6 0 0 0 
12 6 6 0 0 0 
13 6 6 0 0 0 
14 6 6 0 0 0 
15 6 6 0 0 0 
0 7 7 0 0 0 
1 7 7 0 0 0 
2 7 7 0 0 0 
3 7 7 0 0 0 
4 7 7 0 0 0 
5 7 7 0 0 0 
6 7 7 0 0 0 
7 7 7 0 0 0 
8 7 7 0 0 0 
9 7 7 0 0 0 
10 7 7 0 0 0 
11 7 7 0 0 0 
12 7 7 0 0 0 
13 7 7 0 0 0 
14 7 7 0 0 0 
15 7 7 0 0 0 
0 8 8 0 0 0 
1 8 8 0 0 0 
2 8 8 0 0 0 
3 8 8 0 0 0 
4 8 8 0 0 0 
5 8 8 0 0 0 
6 8 8 0 0 0 
7 8 8 0 0 0 
8 8 8 0 0 0 
9 8 8 0 0 0 
10 8 8 0 0 0 
11 8 8 0 0 0 
12 8 8 0 0 0 
13 8 8 0 0 0 
14 8 8 0 0 0 
15 8 8 0 0 0 
0 9 9 0 0 0 
1 9 9 0 0 0 
2 9 9 0 0 0 
3 9 9 0 0 0 
4 9 9 0 0 0 
5 9 9 0 0 0 
6 9 9 0 0 0 
7 9 9 0 0 0 
8 9 9 0 0 0 
9 9 9 0 0 0 
10 9 9 0 0 0 
11 9 9 0 0 0 
12 9 9 0 0 0 
13 9 9 0 0 0 
14 9 9 0 0 0 
15 9 9 0 0 0 
0 10 10 0 0 0 
1 10 10 0 0 0 
2 10 10 0 0 0 
3 10 10 0 0 0 
4 10 10 0 0 0 
5 10 10 0 0 0 
6 10 10 0 0 0 
7 10 10 0 0 0 
8 10 10 0 0 0 
9 10 10 0 0 0 
10 10 10 0 0 0 
11 10 10 0 0 0 
12 10 10 0 0 0 
13 10 10 0 0 0 
14 10 10 0 0 0 
15 10 10 0 0 0 
0 11 11 0 0 0 
1 11 11 0 0 0 
2 11 11 0 0 0 
3 11 11 0 0 0 
4 11 11 0 0 0 
5 11 11 0 0 0 
6 11 11 0 0 0 
7 11 11 0 0 0 
8 11 11 0 0 0 
9 11 11 0 0 0 
10 11 11 0 0 0 
11 11 11 0 0 0 
12 11 11 0 0 0 
13 11 11 0 0 0 
14 11 11 0 0 0 
15 11 11 0 0 0 
0 12 12 0 0 0 
1 12 12 0 0 0 
2 12 12 0 0 0 
3 12 12 0 0 0 
4 12 12 0 0 0 
5 12 12 0 0 0 
6 12 12 0 0 0 
7 12 12 0 0 0 
8 12 12 0 0 0 
9 12 12 0 0 0 
10 12 12 0 0 0 
11 12 12 0 0 0 
12 12 12 0 0 0 
13 12 12 0 0 0 
14 12 12 0 0 0 
15 12 12 0 0 0 
0 13 13 0 0 0 
1 13 13 0 0 0 
2 13 13 0 0 0 
3 13 13 0 0 0 
4 13 13 0 0 0 
5 13 13 0 0 0 
6 13 13 0 0 0 
7 13 13 0 0 0 
8 13 13 0 0 0 
9 13 13 0 0 0 
10 13 13 0 0 0 
11 13 13 0 0 0 
12 13 13 0 0 0 
13 13 13 0 0 0 
14 13 13 0 0 0 
15 13 13 0 0 0 
0 14 14 0 0 0 
1 14 14 0 0 0 
2 14 14 0 0 0 
3 14 14 0 0 0 
4 14 14 0 0 0 
5 14 14 0 0 0 
6 14 14 0 0 0 
7 14 14 0 0 0 
8 14 14 0 0 0 
9 14 14 0 0 0 
10 14 14 0 0 0 
11 14 14 0 0 0 
12 14 14 0 0 0 
13 14 14 0 0 0 
14 14 14 0 0 0 
15 14 14 0 0 0 
0 15 15 0 0 0 
1 15 15 0 0 0 
2 15 15 0 0 0 
3 15 15 0 0 0 
4 15 15 0 0 0 
5 15 15 0 0 0 
6 15 15 0 0 0 
7 15 15 0 0 0 
8 15 15 0 0 0 
9 15 15 0 0 0 
10 15 15 0 0 0 
11 15 15 0 0 0 
12 15 15 0 0 0 
13 15 15 0 0 0 
14 15 15 0 0 0 
15 15 15 0 0 0 
0 0 0 0 0 0 
1 0 0 0 0 0 
2 0 0 0 0 0 
3 0 0 0 0 0 
4 0 0 0 0 0 
5 0 0 0 0 0 
6 0 0 0 0 0 
7 0 0 0 0 0 
8 0 0 0 0 0 
9 0 0 0 0 0 
10 0 0 0 0 0 
11 0 0 0 0 0 
12 0 0 0 0 0 
13 0 0 0 0 0 
14 0 0 0 0 0 
15 0 0 0 0 0 
0 1 1 0 0 0 
1 1 1 0 0 0 
2 1 1 0 0 0 
3 1 1 0 0 0 
4 1 1 0 0 0 
5 1 1 0 0 0 
6 1 1 0 0 0 
7 1 1 0 0 0 
8 1 1 0 0 0 
9 1 1 0 0 0 
10 1 1 0 0 0 
11 1 1 0 0 0 
12 1 1 0 0 0 
13 1 1 0 0 0 
14 1 1 0 0 0 
15 1 1 0 0 0 
0 2 2 0 0 0 
1 2 2 0 0 0 
2 2 2 0 0 0 
3 2 2 0 0 0 
4 2 2 0 0 0 
5 2 2 0 0 0 
6 2 2 0 0 0 
7 2 2 0 0 0 
8 2 2 0 0 0 
9 2 2 0 0 0 
10 2 2 0 0 0 
11 2 2 0 0 0 
12 2 2 0 0 0 
13 2 2 0 0 0 
14 2 2 0 0 0 
15 2 2 0 0 0 
0 3 3 0 0 0 
1 3 3 0 0 0 
2 3 3 0 0 0 
3 3 3 0 0 0 
4 3 3 0 0 0 
5 3 3 0 0 0 
6 3 3 0 0 0 
7 3 3 0 0 0 
8 3 3 0 0 0 
9 3 3 0 0 0 
10 3 3 0 0 0 
11 3 3 0 0 0 
12 3 3 0 0 0 
13 3 3 0 0 0 
14 3 3 0 0 0 
15 3 3 0 0 0 
0 4 4 0 0 0 
1 4 4 0 0 0 
2 4 4 0 0 0 
3 4 4 0 0 0 
4 4 4 0 0 0 
5 4 4 0 0 0 
6 4 4 0 0 0 
7 4 4 0 0 0 
8 4 4 0 0 0 
9 4 4 0 0 0 
10 4 4 0 0 0 
11 4 4 0 0 0 
12 4 4 0 0 0 
13 4 4 0 0 0 
14 4 4 0 0 0 
15 4 4 0 0 0 
0 5 5 0 0 0 
1 5 5 0 0 0 
2 5 5 0 0 0 
3 5 5 0 0 0 
4 5 5 0 0 0 
5 5 5 0 0 0 
6 5 5 0 0 0 
7 5 5 0 0 0 
8 5 5 0 0 0 
9 5 5 0 0 0 
10 5 5 0 0 0 
11 5 5 0 0 0 
12 5 5 0 0 0 
13 5 5 0 0 0 
14 5 5 0 0 0 
15 5 5 0 0 0 
0 6 6 0.0425935 -2.45744e-05 9.97884e-05 
1 6 6 0.0417014 -6.43204e-05 0.000217329 
2 6 6 0.0404842 -0.000142175 0.000285122 
3 6 6 0.0392374 -0.000224881 0.000307731 
4 6 6 0.0381703 -0.000288152 0.000290517 
5 6 6 0.0374093 -0.00031672 0.000240422 
6 6 6 0.0370228 -0.000307088 0.000166512 
7 6 6 0.0370106 -0.000261108 8.08437e-05 
8 6 6 0.037254 -0.000161351 1.30652e-05 
9 6 6 0.0394488 -3.09725e-05 -5.75273e-07 
10 6 6 0.0393829 -0.000184757 -0.000152131 
11 6 6 0.0393527 -0.000142682 -0.000177822 
12 6 6 0.0405879 -8.45126e-05 -0.000160439 
13 6 6 0.0414441 -5.02442e-05 -9.60412e-05 
14 6 6 0.0413815 0.000104339 0.000282268 
15 6 6 0.0389584 -0.00116997 -0.00247019 
0 7 7 0.0890829 -8.86915e-05 0.000296498 
1 7 7 0.0874349 -0.000171739 0.000482082 
2 7 7 0.0854264 -0.00031652 0.000554602 
3 7 7 0.0834818 -0.000467764 0.000537781 
4 7 7 0.0819009 -0.000579951 0.000452891 
5 7 7 0.0808666 -0.000620054 0.000318673 
6 7 7 0.0804716 -0.000574622 0.000153306 
7 7 7 0.0807245 -0.000438607 -2.58532e-05 
8 7 7 0.0815626 -0.000201185 -0.000199977 
9 7 7 0.0828627 -1.69183e-05 -0.00030278 
10 7 7 0.0842711 -0.000226516 -0.000308761 
11 7 7 0.0857174 -0.000309579 -0.000310983 
12 7 7 0.0871728 -0.000197274 -0.000290201 
13 7 7 0.0882591 -9.89448e-05 -0.000168184 
14 7 7 0.0879508 -5.49861e-06 0.00070009 
15 7 7 0.0908131 -0.000608126 -0.00365896 
0 8 8 0.0912085 -0.000119304 0.000283517 
1 8 8 0.0894643 -0.000219588 0.000444221 
2 8 8 0.0874069 -0.000361557 0.000471877 
3 8 8 0.0854478 -0.000502982 0.000407381 
4 8 8 0.0838734 -0.000604378 0.000285987 
5 8 8 0.0828609 -0.00063379 0.000135722 
6 8 8 0.0825047 -0.000577422 -2.16096e-05 
7 8 8 0.0828293 -0.000435801 -0.000169212 
8 8 8 0.0838042 -0.000229458 -0.000295808 
9 8 8 0.0853112 -7.55639e-05 -0.000385636 
10 8 8 0.0869821 -0.000125978 -0.000415844 
11 8 8 0.0884839 -0.000206171 -0.000399251 
12 8 8 0.0897854 -0.000166728 -0.000334993 
13 8 8 0.0907228 -9.02133e-05 -0.000181738 
14 8 8 0.0902417 -9.49848e-05 0.000764226 
15 8 8 0.0939512 0.000248866 -0.00372143 
0 9 9 0.0544623 -9.96222e-05 0.000105919 
1 9 9 0.0533317 -0.000191526 0.000178983 
2 9 9 0.0519479 -0.000287327 0.000177154 
3 9 9 0.0506051 -0.000368509 0.000127986 
4 9 9 0.0495034 -0.00041773 5.54477e-05 
5 9 9 0.0487675 -0.000419466 -2.22525e-05 
6 9 9 0.0484679 -0.000369779 -9.24002e-05 
7 9 9 0.0486298 -0.00027447 -0.000147922 
8 9 9 0.0492348 -0.000155152 -0.000187411 
9 9 9 0.0501979 -5.80494e-05 -0.000215399 
10 9 9 0.0513364 -3.19435e-05 -0.000234448 
11 9 9 0.0524365 -4.63676e-05 -0.000232194 
12 9 9 0.0533777 -4.55188e-05 -0.000195985 
13 9 9 0.0540511 -3.31839e-05 -0.000114381 
14 9 9 0.0538834 -0.000132341 0.00032555 
15 9 9 0.0521164 0.000967481 -0.00286879 
0 10 10 0.0125956 -3.16297e-05 4.00401e-06 
1 10 10 0.0122648 -6.20484e-05 1.55095e-05 
2 10 10 0.0118123 -8.86049e-05 1.21876e-05 
3 10 10 0.0113469 -0.000107663 5.01119e-07 
4 10 10 0.0109465 -0.000116685 -1.39621e-05 
5 10 10 0.0106569 -0.000112686 -2.71416e-05 
6 10 10 0.0105074 -9.65139e-05 -3.66102e-05 
7 10 10 0.0105114 -7.05516e-05 -4.18475e-05 
8 10 10 0.0106657 -4.06483e-05 -4.38719e-05 
9 10 10 0.0109455 -1.50283e-05 -4.49262e-05 
10 10 10 0.0113047 -8.76876e-07 -4.61213e-05 
11 10 10 0.0116851 2.63084e-06 -4.56961e-05 
12 10 10 0.0120319 1.40152e-06 -4.08411e-05 
13 10 10 0.0122916 -5.03224e-06 -2.88131e-05 
14 10 10 0.01227 -5.52039e-05 4.77875e-05 
15 10 10 0.00986351 0.000644855 -0.000985899 
0 11 11 0 0 0 
1 11 11 0 0 0 
2 11 11 0 0 0 
3 11 11 0 0 0 
4 11 11 0 0 0 
5 11 11 0 0 0 
6 11 11 0 0 0 
7 11 11 0 0 0 
8 11 11 0 0 0 
9 11 11 0 0 0 
10 11 11 0 0 0 
11 11 11 0 0 0 
12 11 11 0 0 0 
13 11 11 0 0 0 
14 11 11 0 0 0 
15 11 11 0 0 0 
0 12 12 0 0 0 
1 12 12 0 0 0 
2 12 12 0 0 0 
3 12 12 0 0 0 
4 12 12 0 0 0 
5 12 12 0 0 0 
6 12 12 0 0 0 
7 12 12 0 0 0 
8 12 12 0 0 0 
9 12 12 0 0 0 
10 12 12 0 0 0 
11 12 12 0 0 0 
12 12 12 0 0 0 
13 12 12 0 0 0 
14 12 12 0 0 0 
15 12 12 0 0 0 
0 13 13 0 0 0 
1 13 13 0 0 0 
2 13 13 0 0 0 
3 13 13 0 0 0 
4 13 13 0 0 0 
5 13 13 0 0 0 
6 13 13 0 0 0 
7 13 13 0 0 0 
8 13 13 0 0 0 
9 13 13 0 0 0 
10 13 13 0 0 0 
11 13 13 0 0 0 
12 13 13 0 0 0 
13 13 13 0 0 0 
14 13 13 0 0 0 
15 13 13 0 0 0 
0 14 14 0 0 0 
1 14 14 0 0 0 
2 14 14 0 0 0 
3 14 14 0 0 0 
4 14 14 0 0 0 
5 14 14 0 0 0 
6 14 14 0 0 0 
7 14 14 0 0 0 
8 14 14 0 0 0 
9 14 14 0 0 0 
10 14 14 0 0 0 
11 14 14 0 0 0 
12 14 14 0 0 0 
13 14 14 0 0 0 
14 14 14 0 0 0 
15 14 14 0 0 0 
0 15 15 0 0 0 
1 15 15 0 0 0 
2 15 15 0 0 0 
3 15 15 0 0 0 
4 15 15 0 0 0 
5 15 15 0 0 0 
6 15 15 0 0 0 
7 15 15 0 0 0 
8 15 15 0 0 0 
9 15 15 0 0 0 
10 15 15 0 0 0 
11 15 15 0 0 0 
12 15 15 0 0 0 
13 15 15 0 0 0 
14 15 15 0 0 0 
15 15 15 0 0 0 
0 0 0 0 0 0 
1 0 0 0 0 0 
2 0 0 0 0 0 
3 0 0 0 0 0 
4 0 0 0 0 0 
5 0 0 0 0 0 
6 0 0 0 0 0 
7 0 0 0 0 0 
8 0 0 0 0 0 
9 0 0 0 0 0 
10 0 0 0 0 0 
11 0 0 0 0 0 
12 0 0 0 0 0 
13 0 0 0 0 0 
14 0 0 0 0 0 
15 0 0 0 0 0 
0 1 1 0 0 0 
1 1 1 0 0 0 
2 1 1 0 0 0 
3 1 1 0 0 0 
4 1 1 0 0 0 
5 1 1 0 0 0 
6 1 1 0 0 0 
7 1 1 0 0 0 
8 1 1 0 0 0 
9 1 1 0 0 0 
10 1 1 0 0 0 
11 1 1 0 0 0 
12 1 1 0 0 0 
13 1 1 0 0 0 
14 1 1 0 0 0 
15 1 1 0 0 0 
0 2 2 0 0 0 
1 2 2 0 0 0 
2 2 2 0 0 0 
3 2 2 0 0 0 
4 2 2 0 0 0 
5 2 2 0 0 0 
6 2 2 0 0 0 
7 2 2 0 0 0 
8 2 2 0 0 0 
9 2 2 0 0 0 
10 2 2 0 0 0 
11 2 2 0 0 0 
12 2 2 0 0 0 
13 2 2 0 0 0 
14 2 2 0 0 0 
15 2 2 0 0 0 
0 3 3 0 0 0 
1 3 3 0 0 0 
2 3 3 0 0 0 
3 3 3 0 0 0 
4 3 3 0 0 0 
5 3 3 0 0 0 
6 3 3 0 0 0 
7 3 3 0 0 0 
8 3 3 0 0 0 
9 3 3 0 0 0 
10 3 3 0 0 0 
11 3 3 0 0 0 
12 3 3 0 0 0 
13 3 3 0 0 0 
14 3 3 0 0 0 
15 3 3 0 0 0 
0 4 4 0.0154574 1.94188e-05 1.90308e-05 
1 4 4 0.0150404 7.45404e-06 7.40343e-05 
2 4 4 0.0144801 -1.47447e-05 0.000115049 
3 4 4 0.0139005 -3.7618e-05 0.000138122 
4 4 4 0.0133908 -5.61848e-05 0.000142846 
5 4 4 0.0130107 -6.83489e-05 0.000132117 
6 4 4 0.0127973 -7.58816e-05 0.000111083 
7 4 4 0.0127674 -8.2665e-05 8.69323e-05 
8 4 4 0.0129237 -9.40655e-05 6.68828e-05 
9 4 4 0.0132516 -8.5908e-05 3.33318e-05 
10 4 4 0.0136312 -2.16971e-05 -4.03346e-05 
11 4 4 0.0139945 1.46128e-05 -8.04246e-05 
12 4 4 0.0143675 6.3542e-06 -6.82096e-05 
13 4 4 0.0146709 -5.12994e-06 -3.44066e-05 
14 4 4 0.0146373 5.61066e-05 6.11196e-05 
15 4 4 0.0120103 -0.000916015 -0.000827384 
0 5 5 0.121478 0.000346458 0.000256067 
1 5 5 0.119433 0.000286562 0.000575696 
2 5 5 0.117013 0.000124153 0.000772771 
3 5 5 0.114699 -7.17599e-05 0.000847535 
4 5 5 0.112828 -0.000252736 0.000810076 
5 5 5 0.111604 -0.00039337 0.000680345 
6 5 5 0.111125 -0.000489484 0.000489 
7 5 5 0.111388 -0.000556345 0.000279504 
8 5 5 0.112285 -0.000627423 0.00011807 
9 5 5 0.115423 -0.000593721 -2.51378e-05 
10 5 5 0.116002 -0.000255047 -0.000364248 
11 5 5 0.116793 -6.2604e-05 -0.000552692 
12 5 5 0.118481 -5.40367e-05 -0.000489319 
13 5 5 0.119714 -3.68218e-05 -0.000270141 
14 5 5 0.119454 0.000528815 0.000681636 
15 5 5 0.123547 -0.00241906 -0.00310477 
0 6 6 0.274851 0.000843742 0.000907719 
1 6 6 0.271719 0.000777926 0.00144063 
2 6 6 0.268172 0.000457941 0.00166381 
3 6 6 0.264894 2.58843e-05 0.00163339 
4 6 6 0.262345 -0.000402264 0.00139929 
5 6 6 0.260795 -0.000747976 0.00101074 
6 6 6 0.260353 -0.000971187 0.000525233 
7 6 6 0.26096 -0.00106133 1.77934e-05 
8 6 6 0.262314 -0.00100659 -0.000380541 
9 6 6 0.267443 -0.000829873 -0.000653092 
10 6 6 0.26965 -0.000646955 -0.000970068 
11 6 6 0.26895 -0.000483203 -0.00116537 
12 6 6 0.271646 -0.000310088 -0.00103962 
13 6 6 0.273565 -0.000107273 -0.00059373 
14 6 6 0.273901 0.000674618 0.00122633 
15 6 6 0.286429 -0.00207094 -0.004344 
0 7 7 0.405712 0.000899293 0.00184136 
1 7 7 0.402011 0.00080179 0.00247687 
2 7 7 0.397975 0.000417129 0.00256351 
3 7 7 0.394334 -0.000106377 0.00226056 
4 7 7 0.391566 -0.00062703 0.0016927 
5 7 7 0.389946 -0.00103198 0.000958779 
6 7 7 0.389589 -0.00124893 0.000148227 
7 7 7 0.390454 -0.00123579 -0.000646401 
8 7 7 0.392337 -0.000960836 -0.001309 
9 7 7 0.394855 -0.000602824 -0.00169747 
10 7 7 0.397788 -0.000559836 -0.00185838 
11 7 7 0.400845 -0.000586436 -0.0018047 
12 7 7 0.403619 -0.000406849 -0.00149655 
13 7 7 0.405632 -0.0001439 -0.000822748 
14 7 7 0.406496 0.000299954 0.00139474 
15 7 7 0.415501 -0.000920697 -0.00520745 
0 8 8 0.415016 0.000418531 0.00206633 
1 8 8 0.411327 0.000157946 0.00262528 
2 8 8 0.407405 -0.000212529 0.00255363 
3 8 8 0.403945 -0.000615039 0.0020662 
4 8 8 0.40138 -0.000958488 0.00133377 
5 8 8 0.39995 -0.00116196 0.000487158 
6 8 8 0.399757 -0.00117448 -0.000368613 
7 8 8 0.400791 -0.000978621 -0.00114236 
8 8 8 0.402931 -0.000597312 -0.00175233 
9 8 8 0.405929 -0.000184873 -0.00211614 
10 8 8 0.409263 -1.86046e-05 -0.00217989 
11 8 8 0.412341 -3.49552e-05 -0.0019788 
12 8 8 0.414862 -1.03411e-05 -0.00154202 
13 8 8 0.416594 3.8021e-05 -0.000793432 
14 8 8 0.41731 -0.000140072 0.00146032 
15 8 8 0.425836 0.00066627 -0.00523518 
0 9 9 0.306084 -0.000121674 0.00135201 
1 9 9 0.302942 -0.000493023 0.00166855 
2 9 9 0.299569 -0.00079535 0.00153961 
3 9 9 0.296599 -0.00100903 0.00113199 
4 9 9 0.294421 -0.00110648 0.000581344 
5 9 9 0.293249 -0.00106311 -9.21612e-06 
6 9 9 0.293174 -0.000873933 -0.000563185 
7 9 9 0.294183 -0.000559945 -0.00102299 
8 9 9 0.296161 -0.000175814 -0.00134775 
9 9 9 0.298863 0.000176626 -0.001515 
10 9 9 0.301878 0.00037497 -0.00151806 
11 9 9 0.304715 0.000398795 -0.00135823 
12 9 9 0.307011 0.00032571 -0.00104294 
13 9 9 0.308522 0.000168849 -0.000526162 
14 9 9 0.30876 -0.000578454 0.00132574 
15 9 9 0.320297 0.00192274 -0.00459003 
0 10 10 0.142836 -0.000250307 0.000420159 
1 10 10 0.140752 -0.000516098 0.00052544 
2 10 10 0.138379 -0.00068752 0.000450654 
3 10 10 0.136209 -0.000765914 0.000271876 
4 10 10 0.134557 -0.000753456 5.04721e-05 
5 10 10 0.133604 -0.000652447 -0.000168392 
6 10 10 0.133432 -0.000476302 -0.00035582 
7 10 10 0.134042 -0.000249971 -0.000495121 
8 10 10 0.135352 -1.2288e-05 -0.000580265 
9 10 10 0.137181 0.00018704 -0.000613142 
10 10 10 0.139262 0.000300771 -0.000599507 
11 10 10 0.141289 0.00031626 -0.000539993 
12 10 10 0.142989 0.000253709 -0.000429873 
13 10 10 0.144117 0.000105082 -0.00023948 
14 10 10 0.143761 -0.000686501 0.000805247 
15 10 10 0.150475 0.00241461 -0.00341075 
0 11 11 0.0253681 -6.20512e-05 1.11156e-05 
1 11 11 0.0247074 -0.000128792 2.71732e-05 
2 11 11 0.0238294 -0.000172985 1.27429e-05 
3 11 11 0.0229455 -0.000193993 -1.68702e-05 
4 11 11 0.0221995 -0.000193108 -4.95444e-05 
5 11 11 0.0216823 -0.000170371 -7.71121e-05 
6 11 11 0.0214431 -0.000130422 -9.55096e-05 
7 11 11 0.0215008 -7.92993e-05 -0.000104509 
8 11 11 0.0218406 -2.60463e-05 -0.000106365 
9 11 11 0.022411 1.99124e-05 -0.000104334 
10 11 11 0.0231268 4.87097e-05 -0.000100731 
11 11 11 0.0238824 5.72518e-05 -9.47463e-05 
12 11 11 0.024567 4.83657e-05 -8.28337e-05 
13 11 11 0.0250605 1.97483e-05 -5.7997e-05 
14 11 11 0.0249073 -0.000165932 0.000131102 
15 11 11 0.021914 0.00144988 -0.00155689 
0 12 12 0 0 0 
1 12 12 0 0 0 
2 12 12 0 0 0 
3 12 12 0 0 0 
4 12 12 0 0 0 
5 12 12 0 0 0 
6 12 12 0 0 0 
7 12 12 0 0 0 
8 12 12 0 0 0 
9 12 12 0 0 0 
10 12 12 0 0 0 
11 12 12 0 0 0 
12 12 12 0 0 0 
13 12 12 0 0 0 
14 12 12 0 0 0 
15 12 12 0 0 0 
0 13 13 0 0 0 
1 13 13 0 0 0 
2 13 13 0 0 0 
3 13 13 0 0 0 
4 13 13 0 0 0 
5 13 13 0 0 0 
6 13 13 0 0 0 
7 13 13 0 0 0 
8 13 13 0 0 0 
9 13 13 0 0 0 
10 13 13 0 0 0 
11 13 13 0 0 0 
12 13 13 0 0 0 
13 13 13 0 0 0 
14 13 13 0 0 0 
15 13 13 0 0 0 
0 14 14 0 0 0 
1 14 14 0 0 0 
2 14 14 0 0 0 
3 14 14 0 0 0 
4 14 14 0 0 0 
5 14 14 0 0 0 
6 14 14 0 0 0 
7 14 14 0 0 0 
8 14 14 0 0 0 
9 14 14 0 0 0 
10 14 14 0 0 0 
11 14 14 0 0 0 
12 14 14 0 0 0 
13 14 14 0 0 0 
14 14 14 0 0 0 
15 14 14 0 0 0 
0 15 15 0 0 0 
1 15 15 0 0 0 
2 15 15 0 0 0 
3 15 15 0 0 0 
4 15 15 0 0 0 
5 15 15 0 0 0 
6 15 15 0 0 0 
7 15 15 0 0 0 
8 15 15 0 0 0 
9 15 15 0 0 0 
10 15 15 0 0 0 
11 15 15 0 0 0 
12 15 15 0 0 0 
13 15 15 0 0 0 
14 15 15 0 0 0 
15 15 15 0 0 0 
0 0 0 0 0 0 
1 0 0 0 0 0 
2 0 0 0 0 0 
3 0 0 0 0 0 
4 0 0 0 0 0 
5 0 0 0 0 0 
6 0 0 0 0 0 
7 0 0 0 0 0 
8 0 0 0 0 0 
9 0 0 0 0 0 
10 0 0 0 0 0 
11 0 0 0 0 0 
12 0 0 0 0 0 
13 0 0 0 0 0 
14 0 0 0 0 0 
15 0 0 0 0 0 
0 1 1 0 0 0 
1 1 1 0 0 0 
2 1 1 0 0 0 
3 1 1 0 0 0 
4 1 1 0 0 0 
5 1 1 0 0 0 
6 1 1 0 0 0 
7 1 1 0 0 0 
8 1 1 0 0 0 
9 1 1 0 0 0 
10 1 1 0 0 0 
11 1 1 0 0 0 
12 1 1 0 0 0 
13 1 1 0 0 0 
14 1 1 0 0 0 
15 1 1 0 0 0 
0 2 2 0 0 0 
1 2 2 0 0 0 
2 2 2 0 0 0 
3 2 2 0 0 0 
4 2 2 0 0 0 
5 2 2 0 0 0 
6 2 2 0 0 0 
7 2 2 0 0 0 
8 2 2 0 0 0 
9 2 2 0 0 0 
10 2 2 0 0 0 
11 2 2 0 0 0 
12 2 2 0 0 0 
13 2 2 0 0 0 
14 2 2 0 0 0 
15 2 2 0 0 0 
0 3 3 0 0 0 
1 3 3 0 0 0 
2 3 3 0 0 0 
3 3 3 0 0 0 
4 3 3 0 0 0 
5 3 3 0 0 0 
6 3 3 0 0 0 
7 3 3 0 0 0 
8 3 3 0 0 0 
9 3 3 0 0 0 
10 3 3 0 0 0 
11 3 3 0 0 0 
12 3 3 0 0 0 
13 3 3 0 0 0 
14 3 3 0 0 0 
15 3 3 0 0 0 
0 4 4 0.118454 0.000450491 0.000142566 
1 4 4 0.116207 0.000509278 0.000427828 
2 4 4 0.113671 0.000433591 0.000633163 
3 4 4 0.111302 0.000288499 0.000737353 
4 4 4 0.109401 0.000119286 0.000738525 
5 4 4 0.10816 -4.85749e-05 0.000651243 
6 4 4 0.107676 -0.000204379 0.000504459 
7 4 4 0.107966 -0.000345224 0.000334258 
8 4 4 0.108972 -0.000464912 0.000170564 
9 4 4 0.110547 -0.000510712 -7.91059e-06 
10 4 4 0.112333 -0.000407982 -0.000243169 
11 4 4 0.11396 -0.000255587 -0.000417744 
12 4 4 0.115312 -0.00015917 -0.000411726 
13 4 4 0.116226 -5.81328e-05 -0.000240966 
14 4 4 0.115718 0.000761168 0.000502972 
15 4 4 0.120231 -0.00323437 -0.00216569 
0 5 5 0.37499 0.00196537 0.000823551 
1 5 5 0.370833 0.00215179 0.00145341 
2 5 5 0.366411 0.00186572 0.00180282 
3 5 5 0.362447 0.00130943 0.00188872 
4 5 5 0.359408 0.000641574 0.00173372 
5 5 5 0.35756 -2.96584e-05 0.00137628 
6 5 5 0.357015 -0.000638201 0.000880053 
7 5 5 0.357737 -0.00114929 0.000335596 
8 5 5 0.359569 -0.00154345 -0.000150129 
9 5 5 0.362222 -0.00169674 -0.000554565 
10 5 5 0.365169 -0.00143195 -0.000990153 
11 5 5 0.367924 -0.000979644 -0.00130086 
12 5 5 0.370231 -0.000580365 -0.00123665 
13 5 5 0.371789 -0.000142747 -0.000765821 
14 5 5 0.372161 0.00132728 0.000885374 
15 5 5 0.381331 -0.00346613 -0.00348843 
0 6 6 0.789093 0.00403991 0.00286918 
1 6 6 0.784757 0.00459521 0.00398594 
2 6 6 0.779927 0.00418935 0.00425387 
3 6 6 0.775447 0.00316199 0.0039244 
4 6 6 0.771851 0.00182192 0.00316199 
5 6 6 0.76945 0.000416331 0.0020853 
6 6 6 0.768387 -0.000872913 0.00081574 
7 6 6 0.768646 -0.00192042 -0.000488822 
8 6 6 0.770046 -0.00264185 -0.00160905 
9 6 6 0.7723 -0.00290725 -0.00238387 
10 6 6 0.77511 -0.00263934 -0.00297535 
11 6 6 0.778236 -0.00205027 -0.00323209 
12 6 6 0.781228 -0.00130027 -0.00287932 
13 6 6 0.783558 -0.000410978 -0.00186212 
14 6 6 0.785488 0.000946889 0.000244801 
15 6 6 0.784724 -0.00289372 -0.00551646 
0 7 7 1.08879 0.00390231 0.00541291 
1 7 7 1.08669 0.00457367 0.00710051 
2 7 7 1.08398 0.00438648 0.00712079 
3 7 7 1.08124 0.00353946 0.00608066 
4 7 7 1.07884 0.0022961 0.00439629 
5 7 7 1.07695 0.00092173 0.00234419 
6 7 7 1.07572 -0.000353949 0.00014121 
7 7 7 1.0752 -0.00134778 -0.001995 
8 7 7 1.07539 -0.0019185 -0.00381123 
9 7 7 1.07627 -0.00203164 -0.00504192 
10 7 7 1.07777 -0.00189881 -0.0056025 
11 7 7 1.07974 -0.00157942 -0.00547859 
12 7 7 1.08188 -0.000986683 -0.0045845 
13 7 7 1.0839 -0.000210523 -0.00295286 
14 7 7 1.08617 0.000602669 -0.00069077 
15 7 7 1.08484 -0.000706816 -0.00637877 
0 8 8 1.11021 0.00161228 0.00624273 
1 8 8 1.10887 0.00160324 0.00802447 
2 8 8 1.10702 0.00148525 0.00785768 
3 8 8 1.10518 0.00117417 0.00645061 
4 8 8 1.10361 0.000725814 0.00432982 
5 8 8 1.10241 0.000264456 0.00186757 
6 8 8 1.10166 -8.17039e-05 -0.000652379 
7 8 8 1.10143 -0.000216987 -0.00298085 
8 8 8 1.1018 -9.77204e-05 -0.00487715 
9 8 8 1.10282 0.000222602 -0.00611328 
10 8 8 1.10443 0.000541771 -0.0065271 
11 8 8 1.10637 0.000720578 -0.00608019 
12 8 8 1.10835 0.000815686 -0.00484244 
13 8 8 1.11021 0.000848111 -0.00295738 
14 8 8 1.11244 0.00074547 -0.000605147 
15 8 8 1.11109 0.00182003 -0.0062637 
0 9 9 0.852392 -0.000540698 0.00458658 
1 9 9 0.849654 -0.00115412 0.00561698 
2 9 9 0.846568 -0.00135187 0.0052792 
3 9 9 0.843836 -0.00131133 0.00407658 
4 9 9 0.841825 -0.00110283 0.0024073 
5 9 9 0.840706 -0.000737145 0.000567808 
6 9 9 0.840553 -0.00022029 -0.00121744 
7 9 9 0.841389 0.000415744 -0.00276646 
8 9 9 0.843172 0.00109734 -0.0039255 
9 9 9 0.845771 0.00170267 -0.00457247 
10 9 9 0.848911 0.00207724 -0.00463941 
11 9 9 0.852173 0.00211959 -0.0041333 
12 9 9 0.855111 0.00184084 -0.0031365 
13 9 9 0.857433 0.00126902 -0.00173114 
14 9 9 0.859649 0.000176993 0.000416262 
15 9 9 0.858956 0.00366316 -0.0055289 
0 10 10 0.42698 -0.000877224 0.00177742 
1 10 10 0.423844 -0.00141508 0.00206571 
2 10 10 0.420456 -0.00158888 0.00180925 
3 10 10 0.417505 -0.00149989 0.00122868 
4 10 10 0.4154 -0.00121606 0.000501347 
5 10 10 0.414359 -0.000783292 -0.000241959 
6 10 10 0.414466 -0.000249789 -0.000909599 
7 10 10 0.415702 0.000323211 -0.00143768 
8 10 10 0.417936 0.000859059 -0.00178244 
9 10 10 0.42091 0.00127102 -0.00191941 
10 10 10 0.424249 0.00147854 -0.00184726 
11 10 10 0.427512 0.00144174 -0.0015878 
12 10 10 0.430271 0.00117393 -0.00117564 
13 10 10 0.432188 0.000654832 -0.000589084 
14 10 10 0.433127 -0.000933809 0.00103342 
15 10 10 0.439374 0.00377128 -0.00386759 
0 11 11 0.146464 -0.000359701 0.000326301 
1 11 11 0.144442 -0.000618244 0.000377107 
2 11 11 0.142122 -0.00072202 0.000285285 
3 11 11 0.139999 -0.000704471 0.000119214 
4 11 11 0.138395 -0.000595209 -6.81053e-05 
5 11 11 0.137494 -0.000416853 -0.000240032 
6 11 11 0.137378 -0.000194741 -0.000376066 
7 11 11 0.138043 4.15553e-05 -0.000467676 
8 11 11 0.139398 0.000259568 -0.000513666 
9 11 11 0.141264 0.000426296 -0.000517577 
10 11 11 0.143386 0.000512772 -0.000485787 
11 11 11 0.145475 0.000505497 -0.000424314 
12 11 11 0.147254 0.000408797 -0.000334278 
13 11 11 0.148449 0.000203341 -0.00018969 
14 11 11 0.148163 -0.000875851 0.000596376 
15 11 11 0.155027 0.00331255 -0.00265977 
0 12 12 0.0109697 -2.17919e-05 -5.04452e-06 
1 12 12 0.0106804 -5.09887e-05 -5.77096e-06 
2 12 12 0.0102721 -6.68865e-05 -1.31383e-05 
3 12 12 0.00984972 -7.12476e-05 -2.26544e-05 
4 12 12 0.00948514 -6.66745e-05 -3.09593e-05 
5 12 12 0.00922483 -5.4253e-05 -3.60239e-05 
6 12 12 0.00909361 -3.66468e-05 -3.7259e-05 
7 12 12 0.00910271 -1.64124e-05 -3.54899e-05 
8 12 12 0.00924697 3.56409e-06 -3.19443e-05 
9 12 12 0.00950504 2.07588e-05 -2.8024e-05 
10 12 12 0.00983959 3.20124e-05 -2.46826e-05 
11 12 12 0.0102028 3.54877e-05 -2.23194e-05 
12 12 12 0.0105411 3.12295e-05 -2.01992e-05 
13 12 12 0.010794 1.71204e-05 -1.67264e-05 
14 12 12 0.0107694 -7.73213e-05 1.11703e-05 
15 12 12 0.00855557 0.000960135 -0.000587865 
0 13 13 0 0 0 
1 13 13 0 0 0 
2 13 13 0 0 0 
3 13 13 0 0 0 
4 13 13 0 0 0 
5 13 13 0 0 0 
6 13 13 0 0 0 
7 13 13 0 0 0 
8 13 13 0 0 0 
9 13 13 0 0 0 
10 13 13 0 0 0 
11 13 13 0 0 0 
12 13 13 0 0 0 
13 13 13 0 0 0 
14 13 13 0 0 0 
15 13 13 0 0 0 
0 14 14 0 0 0 
1 14 14 0 0 0 
2 14 14 0 0 0 
3 14 14 0 0 0 
4 14 14 0 0 0 
5 14 14 0 0 0 
6 14 14 0 0 0 
7 14 14 0 0 0 
8 14 14 0 0 0 
9 14 14 0 0 0 
10 14 14 0 0 0 
11 14 14 0 0 0 
12 14 14 0 0 0 
13 14 14 0 0 0 
14 14 14 0 0 0 
15 14 14 0 0 0 
0 15 15 0 0 0 
1 15 15 0 0 0 
2 15 15 0 0 0 
3 15 15 0 0 0 
4 15 15 0 0 0 
5 15 15 0 0 0 
6 15 15 0 0 0 
7 15 15 0 0 0 
8 15 15 0 0 0 
9 15 15 0 0 0 
10 15 15 0 0 0 
11 15 15 0 0 0 
12 15 15 0 0 0 
13 15 15 0 0 0 
14 15 15 0 0 0 
15 15 15 0 0 0 
0 0 0 0 0 0 
1 0 0 0 0 0 
2 0 0 0 0 0 
3 0 0 0 0 0 
4 0 0 0 0 0 
5 0 0 0 0 0 
6 0 0 0 0 0 
7 0 0 0 0 0 
8 0 0 0 0 0 
9 0 0 0 0 0 
10 0 0 0 0 0 
11 0 0 0 0 0 
12 0 0 0 0 0 
13 0 0 0 0 0 
14 0 0 0 0 0 
15 0 0 0 0 0 
0 1 1 0 0 0 
1 1 1 0 0 0 
2 1 1 0 0 0 
3 1 1 0 0 0 
4 1 1 0 0 0 
5 1 1 0 0 0 
6 1 1 0 0 0 
7 1 1 0 0 0 
8 1 1 0 0 0 
9 1 1 0 0 0 
10 1 1 0 0 0 
11 1 1 0 0 0 
12 1 1 0 0 0 
13 1 1 0 0 0 
14 1 1 0 0 0 
15 1 1 0 0 0 
0 2 2 0 0 0 
1 2 2 0 0 0 
2 2 2 0 0 0 
3 2 2 0 0 0 
4 2 2 0 0 0 
5 2 2 0 0 0 
6 2 2 0 0 0 
7 2 2 0 0 0 
8 2 2 0 0 0 
9 2 2 0 0 0 
10 2 2 0 0 0 
11 2 2 0 0 0 
12 2 2 0 0 0 
13 2 2 0 0 0 
14 2 2 0 0 0 
15 2 2 0 0 0 
0 3 3 0.0386716 0.000105289 9.98147e-06 
1 3 3 0.0376416 0.00016542 8.77079e-05 
2 3 3 0.036362 0.000176164 0.00015383 
3 3 3 0.0350942 0.000154913 0.00019614 
4 3 3 0.0340126 0.000114814 0.000210118 
5 3 3 0.0332349 6.50084e-05 0.000197346 
6 3 3 0.0328302 1.06714e-05 0.000165325 
7 3 3 0.0328268 -4.39873e-05 0.000123098 
8 3 3 0.0332013 -9.27177e-05 7.59162e-05 
9 3 3 0.033886 -0.000125054 2.07275e-05 
10 3 3 0.0347523 -0.000132221 -4.32837e-05 
11 3 3 0.0356408 -0.000117932 -9.38671e-05 
12 3 3 0.0364222 -9.25876e-05 -0.00010371 
13 3 3 0.0369721 -4.95313e-05 -6.7356e-05 
14 3 3 0.0367415 0.000267252 9.85373e-05 
15 3 3 0.0337479 -0.0023963 -0.000840802 
0 4 4 0.258138 0.00132491 0.000221545 
1 4 4 0.254393 0.00164053 0.00055288 
2 4 4 0.250428 0.00159544 0.000798151 
3 4 4 0.246893 0.00131526 0.000928406 
4 4 4 0.244194 0.000900492 0.000932072 
5 4 4 0.242558 0.00042401 0.000817065 
6 4 4 0.242078 -5.99999e-05 0.000613543 
7 4 4 0.242727 -0.00050616 0.000365416 
8 4 4 0.244359 -0.000867624 0.000113248 
9 4 4 0.246709 -0.0010851 -0.000131439 
10 4 4 0.249355 -0.00110205 -0.000371126 
11 4 4 0.251813 -0.000935103 -0.00054667 
12 4 4 0.25374 -0.000656287 -0.000562701 
13 4 4 0.254892 -0.000243268 -0.000369164 
14 4 4 0.254593 0.00145244 0.000506336 
15 4 4 0.265516 -0.00419901 -0.0017086 
0 5 5 0.768756 0.00490027 0.00135421 
1 5 5 0.763467 0.00592026 0.00206212 
2 5 5 0.7578 0.00574753 0.00238481 
3 5 5 0.752666 0.00478012 0.00240359 
4 5 5 0.748617 0.00334304 0.00215624 
5 5 5 0.745954 0.00168633 0.00167252 
6 5 5 0.744797 8.21368e-06 0.00100738 
7 5 5 0.745122 -0.00152358 0.000253135 
8 5 5 0.746777 -0.00275581 -0.000473159 
9 5 5 0.749487 -0.0035216 -0.00108503 
10 5 5 0.752763 -0.00364815 -0.00156865 
11 5 5 0.755955 -0.00314429 -0.00185026 
12 5 5 0.758558 -0.00220295 -0.00176882 
13 5 5 0.760295 -0.000924151 -0.00123288 
14 5 5 0.761603 0.00124387 7.60596e-05 
15 5 5 0.760471 -0.00486313 -0.00327063 
0 6 6 1.3507 0.00768766 0.00390175 
1 6 6 1.35083 0.00991269 0.00536822 
2 6 6 1.35019 0.0101752 0.0055116 
3 6 6 1.34897 0.0090262 0.00487639 
4 6 6 1.34734 0.00695133 0.00378166 
5 6 6 1.34543 0.00435321 0.00239122 
6 6 6 1.34338 0.0015772 0.000816126 
7 6 6 1.34132 -0.00106773 -0.000812871 
8 6 6 1.33942 -0.00330102 -0.00231588 
9 6 6 1.33788 -0.00485834 -0.00349681 
10 6 6 1.33686 -0.00549613 -0.00424677 
11 6 6 1.33639 -0.00512359 -0.00448404 
12 6 6 1.3364 -0.00387788 -0.00406201 
13 6 6 1.33683 -0.00203338 -0.00297535 
14 6 6 1.33799 -0.000104818 -0.00157266 
15 6 6 1.33518 -0.0031583 -0.00455137 
0 7 7 1.65032 0.00543388 0.00586466 
1 7 7 1.65724 0.00740579 0.00874291 
2 7 7 1.66431 0.00823513 0.00909827 
3 7 7 1.67027 0.00802959 0.00793001 
4 7 7 1.67441 0.00698084 0.00592437 
5 7 7 1.67638 0.00532966 0.0034813 
6 7 7 1.67607 0.00334583 0.000848786 
7 7 7 1.67359 0.00130768 -0.00176615 
8 7 7 1.66928 -0.000519759 -0.00413606 
9 7 7 1.66369 -0.00190795 -0.00600604 
10 7 7 1.65759 -0.00269728 -0.00714512 
11 7 7 1.65178 -0.00280409 -0.00736831 
12 7 7 1.64702 -0.00222442 -0.00656289 
13 7 7 1.6439 -0.0011106 -0.00487441 
14 7 7 1.64265 0.000106689 -0.00304108 
15 7 7 1.63797 -0.000351688 -0.00503297 
0 8 8 1.6651 0.0010989 0.00652322 
1 8 8 1.67329 0.000981071 0.00985947 
2 8 8 1.68195 0.00155116 0.0103707 
3 8 8 1.68967 0.00223974 0.00906927 
4 8 8 1.69559 0.00273904 0.00671628 
5 8 8 1.69915 0.00296881 0.00381268 
6 8 8 1.70012 0.0029819 0.000704574 
7 8 8 1.69851 0.00288085 -0.00232535 
8 8 8 1.69463 0.00275991 -0.00500438 
9 8 8 1.68906 0.00266714 -0.00705207 
10 8 8 1.68265 0.00258559 -0.00820256 
11 8 8 1.67635 0.00246579 -0.00825329 
12 8 8 1.67108 0.00228491 -0.00715045 
13 8 8 1.66758 0.00206616 -0.00513842 
14 8 8 1.66616 0.00193098 -0.00305193 
15 8 8 1.66153 0.00277508 -0.00484143 
0 9 9 1.40479 -0.00252702 0.00585107 
1 9 9 1.40856 -0.00382635 0.00791645 
2 9 9 1.412 -0.00355064 0.00793055 
3 9 9 1.41493 -0.00247613 0.0066042 
4 9 9 1.41711 -0.00107793 0.00450209 
5 9 9 1.41834 0.000411213 0.00203533 
6 9 9 1.41853 0.00188318 -0.000487739 
7 9 9 1.41773 0.00326308 -0.00281472 
8 9 9 1.41619 0.00445761 -0.00472034 
9 9 9 1.41428 0.00533638 -0.00599926 
10 9 9 1.41245 0.00574507 -0.00648818 
11 9 9 1.41109 0.00556336 -0.00611007 
12 9 9 1.41049 0.00478037 -0.00492565 
13 9 9 1.41079 0.00353352 -0.00317237 
14 9 9 1.41229 0.00225494 -0.00142122 
15 9 9 1.40991 0.0050831 -0.00419042 
0 10 10 0.870781 -0.00287539 0.00308666 
1 10 10 0.868746 -0.00387572 0.00369478 
2 10 10 0.866385 -0.00375769 0.00338403 
3 10 10 0.86434 -0.00296712 0.00250225 
4 10 10 0.862924 -0.00180268 0.00133216 
5 10 10 0.862277 -0.00045035 8.54744e-05 
6 10 10 0.862459 0.000953275 -0.00108353 
7 10 10 0.863491 0.00227825 -0.00206004 
8 10 10 0.865346 0.00338491 -0.00275444 
9 10 10 0.867918 0.00412928 -0.00310065 
10 10 10 0.87099 0.00438815 -0.00306761 
11 10 10 0.87424 0.00410343 -0.00267441 
12 10 10 0.87728 0.00331134 -0.00199056 
13 10 10 0.879801 0.00206743 -0.0010846 
14 10 10 0.882298 5.9891e-05 0.000206012 
15 10 10 0.881799 0.00585259 -0.00349877 
0 11 11 0.314821 -0.00106513 0.000670546 
1 11 11 0.312079 -0.00150413 0.000747576 
2 11 11 0.309069 -0.00153731 0.000604461 
3 11 11 0.306422 -0.00129641 0.000341292 
4 11 11 0.304527 -0.000883973 3.6322e-05 
5 11 11 0.3036 -0.000374028 -0.00025518 
6 11 11 0.303728 0.000170613 -0.000499347 
7 11 11 0.304893 0.000687749 -0.000678074 
8 11 11 0.306965 0.0011162 -0.000781399 
9 11 11 0.309698 0.00139951 -0.000805996 
10 11 11 0.31275 0.00149506 -0.000756281 
11 11 11 0.315732 0.00138793 -0.000644741 
12 11 11 0.318264 0.00109234 -0.000484925 
13 11 11 0.320006 0.000569655 -0.000259306 
14 11 11 0.320459 -0.00132336 0.000534495 
15 11 11 0.332613 0.0045363 -0.00228061 
0 12 12 0.0593151 -0.000147333 1.85148e-05 
1 12 12 0.0581702 -0.000264108 2.48e-05 
2 12 12 0.0567343 -0.00030256 3.70217e-06 
3 12 12 0.055343 -0.000283414 -2.88409e-05 
4 12 12 0.054221 -0.000225665 -6.14055e-05 
5 12 12 0.053507 -0.00014261 -8.66328e-05 
6 12 12 0.0532678 -4.64085e-05 -0.00010232 
7 12 12 0.0535193 5.05426e-05 -0.000109699 
8 12 12 0.0542195 0.000136645 -0.000110852 
9 12 12 0.0552718 0.000201487 -0.000107595 
10 12 12 0.0565308 0.0002351 -0.00010173 
11 12 12 0.0578253 0.000232265 -9.40659e-05 
12 12 12 0.058975 0.000192175 -8.31305e-05 
13 12 12 0.0597835 0.000102919 -6.29284e-05 
14 12 12 0.0595253 -0.000442434 9.89821e-05 
15 12 12 0.0593747 0.00298748 -0.00138188 
0 13 13 0 0 0 
1 13 13 0 0 0 
2 13 13 0 0 0 
3 13 13 0 0 0 
4 13 13 0 0 0 
5 13 13 0 0 0 
6 13 13 0 0 0 
7 13 13 0 0 0 
8 13 13 0 0 0 
9 13 13 0 0 0 
10 13 13 0 0 0 
11 13 13 0 0 0 
12 13 13 0 0 0 
13 13 13 0 0 0 
14 13 13 0 0 0 
15 13 13 0 0 0 
0 14 14 0 0 0 
1 14 14 0 0 0 
2 14 14 0 0 0 
3 14 14 0 0 0 
4 14 14 0 0 0 
5 14 14 0 0 0 
6 14 14 0 0 0 
7 14 14 0 0 0 
8 14 14 0 0 0 
9 14 14 0 0 0 
10 14 14 0 0 0 
11 14 14 0 0 0 
12 14 14 0 0 0 
13 14 14 0 0 0 
14 14 14 0 0 0 
15 14 14 0 0 0 
0 15 15 0 0 0 
1 15 15 0 0 0 
2 15 15 0 0 0 
3 15 15 0 0 0 
4 15 15 0 0 0 
5 15 15 0 0 0 
6 15 15 0 0 0 
7 15 15 0 0 0 
8 15 15 0 0 0 
9 15 15 0 0 0 
10 15 15 0 0 0 
11 15 15 0 0 0 
12 15 15 0 0 0 
13 15 15 0 0 0 
14 15 15 0 0 0 
15 15 15 0 0 0 
0 0 0 0 0 0 
1 0 0 0 0 0 
2 0 0 0 0 0 
3 0 0 0 0 0 
4 0 0 0 0 0 
5 0 0 0 0 0 
6 0 0 0 0 0 
7 0 0 0 0 0 
8 0 0 0 0 0 
9 0 0 0 0 0 
10 0 0 0 0 0 
11 0 0 0 0 0 
12 0 0 0 0 0 
13 0 0 0 0 0 
14 0 0 0 0 0 
15 0 0 0 0 0 
0 1 1 0 0 0 
1 1 1 0 0 0 
2 1 1 0 0 0 
3 1 1 0 0 0 
4 1 1 0 0 0 
5 1 1 0 0 0 
6 1 1 0 0 0 
7 1 1 0 0 0 
8 1 1 0 0 0 
9 1 1 0 0 0 
10 1 1 0 0 0 
11 1 1 0 0 0 
12 1 1 0 0 0 
13 1 1 0 0 0 
14 1 1 0 0 0 
15 1 1 0 0 0 
0 2 2 0 0 0 
1 2 2 0 0 0 
2 2 2 0 0 0 
3 2 2 0 0 0 
4 2 2 0 0 0 
5 2 2 0 0 0 
6 2 2 0 0 0 
7 2 2 0 0 0 
8 2 2 0 0 0 
9 2 2 0 0 0 
10 2 2 0 0 0 
11 2 2 0 0 0 
12 2 2 0 0 0 
13 2 2 0 0 0 
14 2 2 0 0 0 
15 2 2 0 0 0 
0 3 3 0.0601831 0.000190915 -6.56433e-06 
1 3 3 0.0587989 0.000318852 4.16817e-05 
2 3 3 0.0571461 0.000362422 8.74524e-05 
3 3 3 0.0555493 0.000343509 0.000120225 
4 3 3 0.0542227 0.00028151 0.000135111 
5 3 3 0.0533048 0.000192217 0.000130067 
6 3 3 0.0528698 8.80083e-05 0.000109587 
7 3 3 0.0529369 -1.9141e-05 8.00708e-05 
8 3 3 0.0534617 -0.000116982 4.61347e-05 
9 3 3 0.0543487 -0.00019159 6.32698e-06 
10 3 3 0.0554436 -0.000231391 -3.82043e-05 
11 3 3 0.0565633 -0.000231312 -7.53103e-05 
12 3 3 0.0575356 -0.000192345 -8.8237e-05 
13 3 3 0.0581935 -0.000101674 -6.8851e-05 
14 3 3 0.0578633 0.000506724 2.55999e-05 
15 3 3 0.0588728 -0.00334276 -0.000221707 
0 4 4 0.357662 0.00202751 5.15025e-05 
1 4 4 0.353227 0.00259336 0.000206058 
2 4 4 0.348568 0.00262642 0.000340375 
3 4 4 0.34444 0.00228485 0.000432979 
4 4 4 0.341305 0.00170018 0.000468063 
5 4 4 0.339414 0.00097749 0.000438237 
6 4 4 0.338856 0.000207459 0.000351446 
7 4 4 0.339575 -0.000523633 0.000227523 
8 4 4 0.341382 -0.00113003 8.88734e-05 
9 4 4 0.343962 -0.00153188 -5.4007e-05 
10 4 4 0.346882 -0.00166929 -0.000193688 
11 4 4 0.349654 -0.00152865 -0.000304873 
12 4 4 0.351853 -0.00114444 -0.000343909 
13 4 4 0.353167 -0.000490532 -0.000272582 
14 4 4 0.353302 0.00162883 9.68341e-05 
15 4 4 0.362152 -0.00494543 -0.000693293 
0 5 5 1.04177 0.00706627 0.000611866 
1 5 5 1.03747 0.00891781 0.000902035 
2 5 5 1.03252 0.00900816 0.00101839 
3 5 5 1.02775 0.00788756 0.00102497 
4 5 5 1.02371 0.00598593 0.000940493 
5 5 5 1.0207 0.00363311 0.000762746 
6 5 5 1.01886 0.0011116 0.000495811 
7 5 5 1.01822 -0.00130904 0.000164775 
8 5 5 1.0187 -0.00336035 -0.000185352 
9 5 5 1.02011 -0.00478583 -0.00050913 
10 5 5 1.02216 -0.00537729 -0.000772788 
11 5 5 1.02444 -0.00504436 -0.000940659 
12 5 5 1.02648 -0.003868 -0.000957229 
13 5 5 1.02797 -0.00202267 -0.000773106 
14 5 5 1.02946 0.000458922 -0.000344221 
15 5 5 1.02758 -0.00558821 -0.00141743 
0 6 6 1.63355 0.00898997 0.00164623 
1 6 6 1.639 0.0125129 0.00240431 
2 6 6 1.64425 0.0134336 0.00245095 
3 6 6 1.64827 0.0125226 0.00211872 
4 6 6 1.65055 0.0103754 0.00160636 
5 6 6 1.65094 0.00742301 0.00100324 
6 6 6 1.64947 0.00402615 0.000346268 
7 6 6 1.64633 0.000538186 -0.000333911 
8 6 6 1.64183 -0.00267359 -0.000989398 
9 6 6 1.63646 -0.00523106 -0.00155507 
10 6 6 1.63083 -0.0067774 -0.00196149 
11 6 6 1.62559 -0.00704989 -0.00214066 
12 6 6 1.62133 -0.00599157 -0.00203223 
13 6 6 1.61848 -0.00387816 -0.00164013 
14 6 6 1.61723 -0.00158847 -0.00115766 
15 6 6 1.61234 -0.00357753 -0.00190259 
0 7 7 1.92027 0.00532922 0.00207853 
1 7 7 1.93283 0.0077555 0.00376162 
2 7 7 1.94887 0.00898241 0.00412174 
3 7 7 1.96441 0.0092196 0.00368051 
4 7 7 1.97712 0.00863666 0.00282118 
5 7 7 1.98579 0.00737178 0.00176259 
6 7 7 1.98984 0.00558554 0.000622476 
7 7 7 1.98914 0.003485 -0.000521638 
8 7 7 1.98396 0.00131774 -0.00159589 
9 7 7 1.9749 -0.000646301 -0.0025133 
10 7 7 1.96302 -0.002137 -0.00317173 
11 7 7 1.94979 -0.00291444 -0.00345752 
12 7 7 1.93702 -0.00282995 -0.0032792 
13 7 7 1.92645 -0.00194644 -0.00266683 
14 7 7 1.91909 -0.000695354 -0.00191 
15 7 7 1.91049 -0.000625508 -0.00215601 
0 8 8 1.93162 0.000589403 0.00222559 
1 8 8 1.94511 -0.000732416 0.00418094 
2 8 8 1.96269 -0.000465245 0.00471569 
3 8 8 1.98022 0.000611493 0.00432018 
4 8 8 1.99519 0.00189899 0.00338436 
5 8 8 2.00612 0.00305605 0.00215884 
6 8 8 2.01221 0.00394242 0.000803975 
7 8 8 2.01314 0.00453928 -0.000561616 
8 8 8 2.00901 0.00488061 -0.00183003 
9 8 8 2.00039 0.00500086 -0.00288833 
10 8 8 1.98836 0.0049077 -0.00361371 
11 8 8 1.97452 0.00458718 -0.00388195 
12 8 8 1.96086 0.00404539 -0.00361145 
13 8 8 1.94941 0.00337011 -0.00286233 
14 8 8 1.94141 0.00280549 -0.00196352 
15 8 8 1.93261 0.00318116 -0.00208551 
0 9 9 1.67732 -0.00405175 0.00235703 
1 9 9 1.68665 -0.0068374 0.00358258 
2 9 9 1.6968 -0.00675725 0.00378152 
3 9 9 1.70625 -0.00505912 0.00329904 
4 9 9 1.71393 -0.00262857 0.00241321 
5 9 9 1.71912 2.08052e-05 0.00132104 
6 9 9 1.72144 0.0026102 0.000164748 
7 9 9 1.72079 0.00496794 -0.000943308 
8 9 9 1.71744 0.00694464 -0.00190337 
9 9 9 1.71197 0.00836873 -0.00262011 
10 9 9 1.70529 0.00904584 -0.00300535 
11 9 9 1.69851 0.00881288 -0.00299374 
12 9 9 1.69272 0.00764318 -0.0025759 
13 9 9 1.68885 0.00578015 -0.00184947 
14 9 9 1.68727 0.00398772 -0.00111453 
15 9 9 1.68272 0.0058153 -0.00167999 
0 10 10 1.14402 -0.00489091 0.00151321 
1 10 10 1.14458 -0.00650019 0.00188272 
2 10 10 1.14477 -0.00615557 0.00177753 
3 10 10 1.14493 -0.00466729 0.00137478 
4 10 10 1.14514 -0.00259738 0.000815933 
5 10 10 1.14538 -0.000298754 0.000204975 
6 10 10 1.14564 0.00199047 -0.000383537 
7 10 10 1.14599 0.00407285 -0.000894798 
8 10 10 1.14653 0.00575439 -0.00128412 
9 10 10 1.1474 0.00684133 -0.00151421 
10 10 10 1.14869 0.00716996 -0.00155983 
11 10 10 1.15039 0.00666452 -0.00141778 
12 10 10 1.15236 0.00538963 -0.00111294 
13 10 10 1.15445 0.00352436 -0.000691822 
14 10 10 1.1571 0.001329 -0.000223844 
15 10 10 1.15606 0.0067698 -0.00140939 
0 11 11 0.450398 -0.0018593 0.000351752 
1 11 11 0.447493 -0.00243776 0.000399486 
2 11 11 0.444325 -0.00235091 0.000337992 
3 11 11 0.441575 -0.00184143 0.000216264 
4 11 11 0.439647 -0.00109293 7.06367e-05 
5 11 11 0.438758 -0.000234173 -7.32422e-05 
6 11 11 0.438999 0.00063435 -0.00020068 
7 11 11 0.440356 0.00142176 -0.000303803 
8 11 11 0.442702 0.00204199 -0.000376199 
9 11 11 0.445788 0.00241874 -0.000411914 
10 11 11 0.449254 0.00249901 -0.000408472 
11 11 11 0.452676 0.00227159 -0.000368369 
12 11 11 0.455631 0.00176787 -0.000295902 
13 11 11 0.457754 0.000960057 -0.000182278 
14 11 11 0.458881 -0.0012537 0.000134241 
15 11 11 0.466305 0.00539817 -0.00099359 
0 12 12 0.111105 -0.000319179 1.3743e-05 
1 12 12 0.10939 -0.000497744 2.46795e-05 
2 12 12 0.107355 -0.000526845 1.96592e-05 
3 12 12 0.105455 -0.000453523 6.84208e-06 
4 12 12 0.10399 -0.000317516 -8.73269e-06 
5 12 12 0.103138 -0.000146834 -2.32088e-05 
6 12 12 0.102979 3.54909e-05 -3.66103e-05 
7 12 12 0.10352 0.000208311 -4.97094e-05 
8 12 12 0.104681 0.000352437 -6.23504e-05 
9 12 12 0.10631 0.000451086 -7.26918e-05 
10 12 12 0.108188 0.000490586 -7.97811e-05 
11 12 12 0.110068 0.000465082 -8.25908e-05 
12 12 12 0.111698 0.000375586 -7.82388e-05 
13 12 12 0.112815 0.000199576 -5.8726e-05 
14 12 12 0.11246 -0.000768117 8.25762e-05 
15 12 12 0.117334 0.00385563 -0.000701074 
0 13 13 0 0 0 
1 13 13 0 0 0 
2 13 13 0 0 0 
3 13 13 0 0 0 
4 13 13 0 0 0 
5 13 13 0 0 0 
6 13 13 0 0 0 
7 13 13 0 0 0 
8 13 13 0 0 0 
9 13 13 0 0 0 
10 13 13 0 0 0 
11 13 13 0 0 0 
12 13 13 0 0 0 
13 13 13 0 0 0 
14 13 13 0 0 0 
15 13 13 0 0 0 
0 14 14 0 0 0 
1 14 14 0 0 0 
2 14 14 0 0 0 
3 14 14 0 0 0 
4 14 14 0 0 0 
5 14 14 0 0 0 
6 14 14 0 0 0 
7 14 14 0 0 0 
8 14 14 0 0 0 
9 14 14 0 0 0 
10 14 14 0 0 0 
11 14 14 0 0 0 
12 14 14 0 0 0 
13 14 14 0 0 0 
14 14 14 0 0 0 
15 14 14 0 0 0 
0 15 15 0 0 0 
1 15 15 0 0 0 
2 15 15 0 0 0 
3 15 15 0 0 0 
4 15 15 0 0 0 
5 15 15 0 0 0 
6 15 15 0 0 0 
7 15 15 0 0 0 
8 15 15 0 0 0 
9 15 15 0 0 0 
10 15 15 0 0 0 
11 15 15 0 0 0 
12 15 15 0 0 0 
13 15 15 0 0 0 
14 15 15 0 0 0 
15 15 15 0 0 0 
0 0 0 0 0 0 
1 0 0 0 0 0 
2 0 0 0 0 0 
3 0 0 0 0 0 
4 0 0 0 0 0 
5 0 0 0 0 0 
6 0 0 0 0 0 
7 0 0 0 0 0 
8 0 0 0 0 0 
9 0 0 0 0 0 
10 0 0 0 0 0 
11 0 0 0 0 0 
12 0 0 0 0 0 
13 0 0 0 0 0 
14 0 0 0 0 0 
15 0 0 0 0 0 
0 1 1 0 0 0 
1 1 1 0 0 0 
2 1 1 0 0 0 
3 1 1 0 0 0 
4 1 1 0 0 0 
5 1 1 0 0 0 
6 1 1 0 0 0 
7 1 1 0 0 0 
8 1 1 0 0 0 
9 1 1 0 0 0 
10 1 1 0 0 0 
11 1 1 0 0 0 
12 1 1 0 0 0 
13 1 1 0 0 0 
14 1 1 0 0 0 
15 1 1 0 0 0 
0 2 2 0 0 0 
1 2 2 0 0 0 
2 2 2 0 0 0 
3 2 2 0 0 0 
4 2 2 0 0 0 
5 2 2 0 0 0 
6 2 2 0 0 0 
7 2 2 0 0 0 
8 2 2 0 0 0 
9 2 2 0 0 0 
10 2 2 0 0 0 
11 2 2 0 0 0 
12 2 2 0 0 0 
13 2 2 0 0 0 
14 2 2 0 0 0 
15 2 2 0 0 0 
0 3 3 0.0601454 0.000182584 -6.38641e-05 
1 3 3 0.0587652 0.00031484 -7.67289e-05 
2 3 3 0.0571101 0.000363916 -7.65745e-05 
3 3 3 0.0555075 0.000349871 -6.7521e-05 
4 3 3 0.0541764 0.000291067 -5.21264e-05 
5 3 3 0.053256 0.000202983 -3.5071e-05 
6 3 3 0.0528198 9.83386e-05 -1.78312e-05 
7 3 3 0.0528846 -1.02562e-05 -2.69095e-06 
8 3 3 0.0534035 -0.000110119 1.02211e-05 
9 3 3 0.0542808 -0.000188459 1.43778e-05 
10 3 3 0.0553691 -0.000234326 7.40999e-06 
11 3 3 0.0564934 -0.000240913 -7.72762e-06 
12 3 3 0.0574789 -0.000205581 -2.45185e-05 
13 3 3 0.0581477 -0.000114067 -3.99792e-05 
14 3 3 0.0578208 0.000498103 -0.000106441 
15 3 3 0.0588223 -0.00334544 0.000176149 
0 4 4 0.357493 0.00199166 -0.000297506 
1 4 4 0.353068 0.00256774 -0.000400316 
2 4 4 0.348404 0.00261896 -0.000427168 
3 4 4 0.34426 0.00229638 -0.000395578 
4 4 4 0.341109 0.00172682 -0.000319781 
5 4 4 0.339209 0.00101291 -0.000216242 
6 4 4 0.338647 0.000245153 -9.99863e-05 
7 4 4 0.339364 -0.000487962 1.40464e-05 
8 4 4 0.341161 -0.00109871 0.00011251 
9 4 4 0.343717 -0.00151007 0.000175899 
10 4 4 0.346613 -0.0016669 0.000188202 
11 4 4 0.349385 -0.00155196 0.000148197 
12 4 4 0.35161 -0.00118624 6.94704e-05 
13 4 4 0.352952 -0.000535643 -4.32786e-05 
14 4 4 0.353099 0.00159326 -0.000379913 
15 4 4 0.361942 -0.00496611 0.000477941 
0 5 5 1.04134 0.00700288 -0.00101742 
1 5 5 1.03704 0.00885153 -0.00136811 
2 5 5 1.03206 0.0089604 -0.00143124 
3 5 5 1.02726 0.00787055 -0.00130078 
4 5 5 1.02318 0.00600224 -0.00103486 
5 5 5 1.02014 0.00367743 -0.000674897 
6 5 5 1.01829 0.00117384 -0.000260569 
7 5 5 1.01766 -0.00123891 0.000161901 
8 5 5 1.01814 -0.00328954 0.000541938 
9 5 5 1.01954 -0.00472328 0.000822986 
10 5 5 1.02157 -0.00534062 0.000952767 
11 5 5 1.02383 -0.00505137 0.000903389 
12 5 5 1.02588 -0.00391714 0.000684568 
13 5 5 1.02739 -0.00209386 0.000328223 
14 5 5 1.02889 0.000389156 -0.000170831 
15 5 5 1.027 -0.00564149 0.000935373 
0 6 6 1.63303 0.00896883 -0.00194728 
1 6 6 1.63844 0.0124701 -0.00285401 
2 6 6 1.64362 0.0133838 -0.00298319 
3 6 6 1.64755 0.0124806 -0.00264942 
4 6 6 1.64976 0.0103525 -0.0020548 
5 6 6 1.65009 0.00742458 -0.00130775 
6 6 6 1.64858 0.0040516 -0.00047516 
7 6 6 1.64543 0.000582266 0.000379657 
8 6 6 1.64096 -0.00261865 0.00117848 
9 6 6 1.63561 -0.00517424 0.00182489 
10 6 6 1.63 -0.00673087 0.00221442 
11 6 6 1.62477 -0.00702588 0.0022639 
12 6 6 1.62051 -0.00599462 0.0019493 
13 6 6 1.61766 -0.00390304 0.00134396 
14 6 6 1.61639 -0.00162444 0.000698885 
15 6 6 1.61148 -0.00361455 0.00138148 
0 7 7 1.91987 0.00535314 -0.00228239 
1 7 7 1.9324 0.00777546 -0.00406019 
2 7 7 1.94837 0.00899659 -0.004506 
3 7 7 1.96383 0.00922779 -0.00411733 
4 7 7 1.97645 0.00864025 -0.00326281 
5 7 7 1.98503 0.00737285 -0.00215654 
6 7 7 1.98901 0.00558598 -0.000922278 
7 7 7 1.98828 0.00348562 0.00034799 
8 7 7 1.98308 0.00131812 0.00155775 
9 7 7 1.97404 -0.000646285 0.00258781 
10 7 7 1.96218 -0.00213541 0.00329587 
11 7 7 1.94899 -0.0029077 0.00354313 
12 7 7 1.93624 -0.00281646 0.00325019 
13 7 7 1.92569 -0.00192774 0.00248762 
14 7 7 1.91832 -0.000674902 0.00158888 
15 7 7 1.90971 -0.000608186 0.00175343 
0 8 8 1.93139 0.000625532 -0.0023648 
1 8 8 1.94488 -0.000676453 -0.00439483 
2 8 8 1.96243 -0.000398604 -0.00500798 
3 8 8 1.97991 0.000677386 -0.00467178 
4 8 8 1.99482 0.00195349 -0.00375932 
5 8 8 2.00568 0.00309139 -0.00251225 
6 8 8 2.0117 0.00395437 -0.00109262 
7 8 8 2.01258 0.00452725 0.00036987 
8 8 8 2.00842 0.00484849 0.00174897 
9 8 8 1.99979 0.00495739 0.00290561 
10 8 8 1.98777 0.00486697 0.00368646 
11 8 8 1.97394 0.00456412 0.00394577 
12 8 8 1.96031 0.00404873 0.00360325 
13 8 8 1.94888 0.00339932 0.00274243 
14 8 8 1.94089 0.00285248 0.00172516 
15 8 8 1.93209 0.00323342 0.00176745 
0 9 9 1.67722 -0.00400656 -0.0024764 
1 9 9 1.68655 -0.00676557 -0.00380687 
2 9 9 1.6967 -0.00667314 -0.00409546 
3 9 9 1.70612 -0.00497953 -0.0036607 
4 9 9 1.71377 -0.0025682 -0.00276844 
5 9 9 1.71892 5.231e-05 -0.0016163 
6 9 9 1.72119 0.00260907 -0.000359657 
7 9 9 1.7205 0.00493662 0.000866818 
8 9 9 1.71712 0.00689186 0.00193798 
9 9 9 1.71164 0.00830808 0.00273318 
10 9 9 1.70495 0.00899459 0.00314284 
11 9 9 1.69817 0.00878656 0.00309156 
12 9 9 1.69241 0.0076498 0.00257879 
13 9 9 1.68855 0.00581767 0.00172928 
14 9 9 1.68698 0.00404573 0.000876487 
15 9 9 1.68243 0.00587925 0.00137017 
0 10 10 1.14396 -0.00484419 -0.00168777 
1 10 10 1.14453 -0.00644125 -0.00213448 
2 10 10 1.14472 -0.00609923 -0.00205547 
3 10 10 1.14486 -0.00462656 -0.00162178 
4 10 10 1.14505 -0.00258037 -0.000985988 
5 10 10 1.14527 -0.000307741 -0.000270233 
6 10 10 1.1455 0.0019584 0.000427159 
7 10 10 1.14583 0.00402548 0.00102579 
8 10 10 1.14635 0.00570262 0.0014614 
9 10 10 1.14721 0.00679721 0.00168684 
10 10 10 1.1485 0.00714412 0.00167724 
11 10 10 1.1502 0.00666381 0.00143971 
12 10 10 1.15218 0.00541445 0.00102099 
13 10 10 1.15428 0.00356836 0.000496989 
14 10 10 1.15693 0.00138108 -3.94073e-05 
15 10 10 1.15589 0.00681928 0.00112865 
0 11 11 0.450355 -0.00183662 -0.000478023 
1 11 11 0.447456 -0.00241584 -0.000528618 
2 11 11 0.444289 -0.00233638 -0.000432294 
3 11 11 0.441534 -0.0018384 -0.000250296 
4 11 11 0.439596 -0.00110207 -3.66913e-05 
5 11 11 0.438696 -0.000253432 0.000168868 
6 11 11 0.438924 0.000608767 0.0003371 
7 11 11 0.440271 0.00139541 0.000449379 
8 11 11 0.44261 0.00202045 0.000497146 
9 11 11 0.445691 0.00240647 0.000481651 
10 11 11 0.449157 0.00249853 0.000411174 
11 11 11 0.452581 0.00228307 0.000300583 
12 11 11 0.45554 0.00178878 0.000169655 
13 11 11 0.45767 0.000985556 2.37747e-05 
14 11 11 0.458801 -0.00122946 -0.000294165 
15 11 11 0.466225 0.00541757 0.000854331 
0 12 12 0.111084 -0.000312529 -6.35546e-05 
1 12 12 0.109372 -0.0004928 -6.2031e-05 
2 12 12 0.107338 -0.000525219 -3.08614e-05 
3 12 12 0.105436 -0.000456074 1.34285e-05 
4 12 12 0.103969 -0.000323767 5.6931e-05 
5 12 12 0.103112 -0.000155342 9.17006e-05 
6 12 12 0.102949 2.60166e-05 0.000111333 
7 12 12 0.103486 0.000200018 0.000114562 
8 12 12 0.104644 0.000347046 0.000103308 
9 12 12 0.106271 0.000449613 8.28297e-05 
10 12 12 0.10815 0.000493259 5.7612e-05 
11 12 12 0.11003 0.000471257 3.18227e-05 
12 12 12 0.111662 0.000384044 9.09464e-06 
13 12 12 0.112783 0.000208479 -1.37069e-05 
14 12 12 0.112429 -0.000760706 -0.000144543 
15 12 12 0.117303 0.00386046 0.000656447 
0 13 13 0 0 0 
1 13 13 0 0 0 
2 13 13 0 0 0 
3 13 13 0 0 0 
4 13 13 0 0 0 
5 13 13 0 0 0 
6 13 13 0 0 0 
7 13 13 0 0 0 
8 13 13 0 0 0 
9 13 13 0 0 0 
10 13 13 0 0 0 
11 13 13 0 0 0 
12 13 13 0 0 0 
13 13 13 0 0 0 
14 13 13 0 0 0 
15 13 13 0 0 0 
0 14 14 0 0 0 
1 14 14 0 0 0 
2 14 14 0 0 0 
3 14 14 0 0 0 
4 14 14 0 0 0 
5 14 14 0 0 0 
6 14 14 0 0 0 
7 14 14 0 0 0 
8 14 14 0 0 0 
9 14 14 0 0 0 
10 14 14 0 0 0 
11 14 14 0 0 0 
12 14 14 0 0 0 
13 14 14 0 0 0 
14 14 14 0 0 0 
15 14 14 0 0 0 
0 15 15 0 0 0 
1 15 15 0 0 0 
2 15 15 0 0 0 
3 15 15 0 0 0 
4 15 15 0 0 0 
5 15 15 0 0 0 
6 15 15 0 0 0 
7 15 15 0 0 0 
8 15 15 0 0 0 
9 15 15 0 0 0 
10 15 15 0 0 0 
11 15 15 0 0 0 
12 15 15 0 0 0 
13 15 15 0 0 0 
14 15 15 0 0 0 
15 15 15 0 0 0 
0 0 0 0 0 0 
1 0 0 0 0 0 
2 0 0 0 0 0 
3 0 0 0 0 0 
4 0 0 0 0 0 
5 0 0 0 0 0 
6 0 0 0 0 0 
7 0 0 0 0 0 
8 0 0 0 0 0 
9 0 0 0 0 0 
10 0 0 0 0 0 
11 0 0 0 0 0 
12 0 0 0 0 0 
13 0 0 0 0 0 
14 0 0 0 0 0 
15 0 0 0 0 0 
0 1 1 0 0 0 
1 1 1 0 0 0 
2 1 1 0 0 0 
3 1 1 0 0 0 
4 1 1 0 0 0 
5 1 1 0 0 0 
6 1 1 0 0 0 
7 1 1 0 0 0 
8 1 1 0 0 0 
9 1 1 0 0 0 
10 1 1 0 0 0 
11 1 1 0 0 0 
12 1 1 0 0 0 
13 1 1 0 0 0 
14 1 1 0 0 0 
15 1 1 0 0 0 
0 2 2 0 0 0 
1 2 2 0 0 0 
2 2 2 0 0 0 
3 2 2 0 0 0 
4 2 2 0 0 0 
5 2 2 0 0 0 
6 2 2 0 0 0 
7 2 2 0 0 0 
8 2 2 0 0 0 
9 2 2 0 0 0 
10 2 2 0 0 0 
11 2 2 0 0 0 
12 2 2 0 0 0 
13 2 2 0 0 0 
14 2 2 0 0 0 
15 2 2 0 0 0 
0 3 3 0.0385726 8.59927e-05 -6.23353e-05 
1 3 3 0.0375497 0.000158009 -0.000108739 
2 3 3 0.0362634 0.00018176 -0.000139744 
3 3 3 0.0349826 0.000170332 -0.000153969 
4 3 3 0.0338931 0.000136073 -0.000149932 
5 3 3 0.0331112 8.79339e-05 -0.000131469 
6 3 3 0.0327051 3.25695e-05 -0.000101816 
7 3 3 0.0326959 -2.43874e-05 -6.75817e-05 
8 3 3 0.0330551 -7.57007e-05 -3.07301e-05 
9 3 3 0.0337142 -0.000116117 -7.1224e-07 
10 3 3 0.0345639 -0.00014039 1.72748e-05 
11 3 3 0.0354685 -0.000144539 2.12998e-05 
12 3 3 0.0362848 -0.00012636 1.1675e-05 
13 3 3 0.0368582 -7.81124e-05 -1.34963e-05 
14 3 3 0.0366319 0.000249324 -0.000152797 
15 3 3 0.0336237 -0.00239658 0.000817519 
0 4 4 0.257671 0.00123099 -0.000434833 
1 4 4 0.25394 0.0015859 -0.000692591 
2 4 4 0.249947 0.00159156 -0.000832479 
3 4 4 0.246369 0.00135633 -0.000862352 
4 4 4 0.243633 0.000971636 -0.000790147 
5 4 4 0.241979 0.000508943 -0.000633132 
6 4 4 0.241498 2.62451e-05 -0.000416903 
7 4 4 0.242145 -0.000422792 -0.000174542 
8 4 4 0.243746 -0.000786557 5.99073e-05 
9 4 4 0.24602 -0.00102254 0.000248046 
10 4 4 0.248602 -0.0011026 0.000356163 
11 4 4 0.251089 -0.00101936 0.000368293 
12 4 4 0.253109 -0.00078502 0.000284167 
13 4 4 0.254331 -0.000363876 8.61465e-05 
14 4 4 0.254043 0.00136917 -0.000732007 
15 4 4 0.264918 -0.00423596 0.00155781 
0 5 5 0.767344 0.00470599 -0.00173984 
1 5 5 0.762005 0.00576528 -0.0024286 
2 5 5 0.756239 0.00567026 -0.0026477 
3 5 5 0.750993 0.00478898 -0.00252508 
4 5 5 0.746854 0.00342497 -0.00213439 
5 5 5 0.744145 0.00181709 -0.00153164 
6 5 5 0.74299 0.00016362 -0.000782689 
7 5 5 0.743348 -0.00135563 2.41092e-05 
8 5 5 0.745023 -0.00257302 0.000783513 
9 5 5 0.747683 -0.0033447 0.00138212 
10 5 5 0.75088 -0.00357469 0.00171752 
11 5 5 0.754086 -0.00324208 0.00172981 
12 5 5 0.756775 -0.00241298 0.00141369 
13 5 5 0.75856 -0.00114978 0.00076958 
14 5 5 0.759836 0.00106595 -0.000540418 
15 5 5 0.758633 -0.00496846 0.00288723 
0 6 6 1.34843 0.00756716 -0.00423591 
1 6 6 1.34837 0.00977618 -0.00579703 
2 6 6 1.3475 0.0100614 -0.00595597 
3 6 6 1.34605 0.00896081 -0.00526723 
4 6 6 1.34423 0.00694512 -0.00406933 
5 6 6 1.34221 0.00440267 -0.00254945 
6 6 6 1.34014 0.00166995 -0.000841503 
7 6 6 1.33813 -0.000944807 0.000910895 
8 6 6 1.33635 -0.0031553 0.00252867 
9 6 6 1.33491 -0.00470425 0.00380523 
10 6 6 1.33395 -0.00539268 0.00453441 
11 6 6 1.33351 -0.00512609 0.00456878 
12 6 6 1.33353 -0.00396776 0.00387874 
13 6 6 1.3339 -0.00215866 0.0025837 
14 6 6 1.33493 -0.00022118 0.00106193 
15 6 6 1.33198 -0.00324343 0.0040398 
0 7 7 1.64854 0.00548913 -0.00606323 
1 7 7 1.65528 0.0074597 -0.00903074 
2 7 7 1.66211 0.00827607 -0.00945111 
3 7 7 1.66781 0.00805252 -0.00830865 
4 7 7 1.67171 0.00698702 -0.00628459 
5 7 7 1.6735 0.00532393 -0.00378145 
6 7 7 1.67309 0.00333377 -0.0010578 
7 7 7 1.67061 0.00129233 0.00166679 
8 7 7 1.66637 -0.000541732 0.00415454 
9 7 7 1.6609 -0.00194229 0.00613293 
10 7 7 1.65489 -0.00273277 0.00731391 
11 7 7 1.64914 -0.00281135 0.00746168 
12 7 7 1.64442 -0.00219047 0.00649973 
13 7 7 1.64126 -0.00104652 0.00464583 
14 7 7 1.63992 0.000184032 0.00267968 
15 7 7 1.63511 -0.000283592 0.00462298 
0 8 8 1.66423 0.00123056 -0.00665968 
1 8 8 1.67234 0.00116253 -0.0100676 
2 8 8 1.68088 0.00173843 -0.0106404 
3 8 8 1.68845 0.00239344 -0.00937323 
4 8 8 1.69419 0.00283257 -0.00701916 
5 8 8 1.6976 0.00299158 -0.00407681 
6 8 8 1.69844 0.00293754 -0.000899435 
7 8 8 1.69675 0.0027825 0.00221794 
8 8 8 1.69285 0.00262456 0.00498744 
9 8 8 1.68731 0.00251638 0.00711049 
10 8 8 1.68093 0.00245821 0.00829296 
11 8 8 1.67466 0.00241123 0.00830962 
12 8 8 1.66942 0.00232776 0.0071151 
13 8 8 1.66594 0.00219142 0.00498759 
14 8 8 1.66451 0.00210136 0.0027949 
15 8 8 1.65983 0.00294448 0.00452983 
0 9 9 1.40441 -0.00237122 -0.00599018 
1 9 9 1.40817 -0.00362121 -0.00813184 
2 9 9 1.41159 -0.00334704 -0.00819199 
3 9 9 1.41445 -0.00231911 -0.00686969 
4 9 9 1.41654 -0.00099701 -0.00473097 
5 9 9 1.41766 0.000405607 -0.00219443 
6 9 9 1.41774 0.00179862 0.000416268 
7 9 9 1.41686 0.00312087 0.00282947 
8 9 9 1.41528 0.0042875 0.00480213 
9 9 9 1.41334 0.00517285 0.00611524 
10 9 9 1.4115 0.00562835 0.00659405 
11 9 9 1.41015 0.00552993 0.00615696 
12 9 9 1.40957 0.00484336 0.00487672 
13 9 9 1.4099 0.00367477 0.00301835 
14 9 9 1.4114 0.00243556 0.00118061 
15 9 9 1.40902 0.00526079 0.00391069 
0 10 10 0.870559 -0.00275138 -0.00324582 
1 10 10 0.868547 -0.003741 -0.00388715 
2 10 10 0.866184 -0.0036495 -0.00356393 
3 10 10 0.864107 -0.00291159 -0.00263028 
4 10 10 0.862637 -0.00181019 -0.00138583 
5 10 10 0.861923 -0.000516884 -5.78084e-05 
6 10 10 0.86204 0.000843155 0.0011818 
7 10 10 0.863019 0.00214805 0.00220177 
8 10 10 0.864837 0.00326088 0.00290321 
9 10 10 0.867386 0.00403648 0.00321942 
10 10 10 0.870449 0.00434807 0.00312371 
11 10 10 0.873703 0.00412874 0.00264522 
12 10 10 0.876762 0.00339742 0.00187249 
13 10 10 0.87931 0.00219231 0.000897475 
14 10 10 0.881823 0.00019218 -0.000427677 
15 10 10 0.881327 0.00596768 0.00328219 
0 11 11 0.314693 -0.00101431 -0.000765496 
1 11 11 0.311967 -0.00145991 -0.000833196 
2 11 11 0.308959 -0.00151389 -0.000653781 
3 11 11 0.306299 -0.00130077 -0.000339991 
4 11 11 0.304381 -0.000914999 1.52565e-05 
5 11 11 0.303426 -0.000425052 0.000347406 
6 11 11 0.303526 0.000109306 0.000613543 
7 11 11 0.304668 0.000628787 0.000789424 
8 11 11 0.306722 0.00107114 0.000865838 
9 11 11 0.309442 0.00137693 0.000846252 
10 11 11 0.31249 0.0014998 0.000743344 
11 11 11 0.315476 0.00141995 0.000578583 
12 11 11 0.318022 0.00114465 0.00037753 
13 11 11 0.319783 0.000629985 0.000133441 
14 11 11 0.320248 -0.00126859 -0.000654016 
15 11 11 0.332402 0.0045777 0.00218071 
0 12 12 0.0592578 -0.000135345 -4.84552e-05 
1 12 12 0.0581194 -0.000255822 -4.49126e-05 
2 12 12 0.0566857 -0.000300927 -6.50637e-06 
3 12 12 0.0552925 -0.000289603 4.57917e-05 
4 12 12 0.0541661 -0.000238402 9.4728e-05 
5 12 12 0.0534435 -0.000159243 0.000131243 
6 12 12 0.0531964 -6.42845e-05 0.000149242 
7 12 12 0.05344 3.53249e-05 0.000149179 
8 12 12 0.0541336 0.00012713 0.000134581 
9 12 12 0.0551811 0.000199317 0.00011181 
10 12 12 0.0564388 0.000240708 8.57152e-05 
11 12 12 0.0577349 0.000244641 6.04685e-05 
12 12 12 0.0588895 0.00020865 3.84101e-05 
13 12 12 0.0597056 0.000119902 1.72422e-05 
14 12 12 0.059453 -0.000428383 -0.000136476 
15 12 12 0.0593027 0.00299486 0.00135623 
0 13 13 0 0 0 
1 13 13 0 0 0 
2 13 13 0 0 0 
3 13 13 0 0 0 
4 13 13 0 0 0 
5 13 13 0 0 0 
6 13 13 0 0 0 
7 13 13 0 0 0 
8 13 13 0 0 0 
9 13 13 0 0 0 
10 13 13 0 0 0 
11 13 13 0 0 0 
12 13 13 0 0 0 
13 13 13 0 0 0 
14 13 13 0 0 0 
15 13 13 0 0 0 
0 14 14 0 0 0 
1 14 14 0 0 0 
2 14 14 0 0 0 
3 14 14 0 0 0 
4 14 14 0 0 0 
5 14 14 0 0 0 
6 14 14 0 0 0 
7 14 14 0 0 0 
8 14 14 0 0 0 
9 14 14 0 0 0 
10 14 14 0 0 0 
11 14 14 0 0 0 
12 14 14 0 0 0 
13 14 14 0 0 0 
14 14 14 0 0 0 
15 14 14 0 0 0 
0 15 15 0 0 0 
1 15 15 0 0 0 
2 15 15 0 0 0 
3 15 15 0 0 0 
4 15 15 0 0 0 
5 15 15 0 0 0 
6 15 15 0 0 0 
7 15 15 0 0 0 
8 15 15 0 0 0 
9 15 15 0 0 0 
10 15 15 0 0 0 
11 15 15 0 0 0 
12 15 15 0 0 0 
13 15 15 0 0 0 
14 15 15 0 0 0 
15 15 15 0 0 0 
0 0 0 0 0 0 
1 0 0 0 0 0 
2 0 0 0 0 0 
3 0 0 0 0 0 
4 0 0 0 0 0 
5 0 0 0 0 0 
6 0 0 0 0 0 
7 0 0 0 0 0 
8 0 0 0 0 0 
9 0 0 0 0 0 
10 0 0 0 0 0 
11 0 0 0 0 0 
12 0 0 0 0 0 
13 0 0 0 0 0 
14 0 0 0 0 0 
15 0 0 0 0 0 
0 1 1 0 0 0 
1 1 1 0 0 0 
2 1 1 0 0 0 
3 1 1 0 0 0 
4 1 1 0 0 0 
5 1 1 0 0 0 
6 1 1 0 0 0 
7 1 1 0 0 0 
8 1 1 0 0 0 
9 1 1 0 0 0 
10 1 1 0 0 0 
11 1 1 0 0 0 
12 1 1 0 0 0 
13 1 1 0 0 0 
14 1 1 0 0 0 
15 1 1 0 0 0 
0 2 2 0 0 0 
1 2 2 0 0 0 
2 2 2 0 0 0 
3 2 2 0 0 0 
4 2 2 0 0 0 
5 2 2 0 0 0 
6 2 2 0 0 0 
7 2 2 0 0 0 
8 2 2 0 0 0 
9 2 2 0 0 0 
10 2 2 0 0 0 
11 2 2 0 0 0 
12 2 2 0 0 0 
13 2 2 0 0 0 
14 2 2 0 0 0 
15 2 2 0 0 0 
0 3 3 0 0 0 
1 3 3 0 0 0 
2 3 3 0 0 0 
3 3 3 0 0 0 
4 3 3 0 0 0 
5 3 3 0 0 0 
6 3 3 0 0 0 
7 3 3 0 0 0 
8 3 3 0 0 0 
9 3 3 0 0 0 
10 3 3 0 0 0 
11 3 3 0 0 0 
12 3 3 0 0 0 
13 3 3 0 0 0 
14 3 3 0 0 0 
15 3 3 0 0 0 
0 4 4 0.117821 0.000362848 -0.000266521 
1 4 4 0.115548 0.000480102 -0.000478309 
2 4 4 0.112962 0.000456544 -0.000612991 
3 4 4 0.110544 0.000346394 -0.000667637 
4 4 4 0.108615 0.000193613 -0.000641416 
5 4 4 0.107367 2.85864e-05 -0.000545281 
6 4 4 0.106891 -0.000129134 -0.000397338 
7 4 4 0.107183 -0.000265224 -0.000221836 
8 4 4 0.108152 -0.000367741 -4.45904e-05 
9 4 4 0.109623 -0.000427614 0.000105546 
10 4 4 0.111362 -0.000440303 0.000202935 
11 4 4 0.113102 -0.000404731 0.000233465 
12 4 4 0.114579 -0.000322956 0.000193599 
13 4 4 0.11552 -0.00017409 6.91198e-05 
14 4 4 0.114962 0.000698556 -0.000615201 
15 4 4 0.119365 -0.00323974 0.00210747 
0 5 5 0.372425 0.0017773 -0.00106594 
1 5 5 0.368117 0.00205953 -0.00161271 
2 5 5 0.363541 0.00186783 -0.00186288 
3 5 5 0.359464 0.00138405 -0.00186336 
4 5 5 0.356364 0.000759188 -0.00164825 
5 5 5 0.354508 0.000105145 -0.00125607 
6 5 5 0.353994 -0.000498697 -0.000740363 
7 5 5 0.354769 -0.000993183 -0.000170873 
8 5 5 0.356638 -0.00133341 0.000371683 
9 5 5 0.359279 -0.00148959 0.000804921 
10 5 5 0.362274 -0.00145314 0.00105697 
11 5 5 0.365165 -0.00123978 0.00108765 
12 5 5 0.367516 -0.000883864 0.000892264 
13 5 5 0.368961 -0.000366815 0.000438392 
14 5 5 0.369116 0.00120147 -0.00115213 
15 5 5 0.378044 -0.00351948 0.00327241 
0 6 6 0.783284 0.00390546 -0.00313455 
1 6 6 0.778563 0.0044999 -0.00423237 
2 6 6 0.773405 0.00414539 -0.00444723 
3 6 6 0.768698 0.00317051 -0.00405231 
4 6 6 0.764986 0.00187561 -0.00322541 
5 6 6 0.762565 0.000503124 -0.00209263 
6 6 6 0.761562 -0.000764299 -0.00077682 
7 6 6 0.761957 -0.00179157 0.000578634 
8 6 6 0.763593 -0.0024835 0.00180655 
9 6 6 0.766182 -0.00278192 0.00273422 
10 6 6 0.769317 -0.00267458 0.00321134 
11 6 6 0.772506 -0.0022036 0.00315384 
12 6 6 0.775247 -0.00146222 0.00256669 
13 6 6 0.777156 -0.000527608 0.00147052 
14 6 6 0.778609 0.000885877 -0.000631136 
15 6 6 0.777501 -0.00290684 0.00511895 
0 7 7 1.08407 0.00404818 -0.00556616 
1 7 7 1.08161 0.00468022 -0.00730841 
2 7 7 1.07853 0.00443463 -0.00735341 
3 7 7 1.0755 0.00353461 -0.00631002 
4 7 7 1.0729 0.00225787 -0.00459917 
5 7 7 1.07094 0.000872827 -0.00250197 
6 7 7 1.06972 -0.000400661 -0.000244987 
7 7 7 1.06932 -0.00140133 0.00195028 
8 7 7 1.06972 -0.00202966 0.00384602 
9 7 7 1.07086 -0.00224234 0.00520183 
10 7 7 1.07258 -0.00205259 0.00581016 
11 7 7 1.07463 -0.00153032 0.00555885 
12 7 7 1.07666 -0.000796056 0.00447997 
13 7 7 1.07839 1.07965e-05 0.00271138 
14 7 7 1.0803 0.000799628 0.000362379 
15 7 7 1.07866 -0.000549291 0.00603123 
0 8 8 1.10832 0.00189711 -0.00634443 
1 8 8 1.10687 0.00187108 -0.00817207 
2 8 8 1.10485 0.00166484 -0.00802955 
3 8 8 1.10282 0.00123804 -0.00662406 
4 8 8 1.10107 0.000682108 -0.00448577 
5 8 8 1.09974 0.000143201 -0.00198851 
6 8 8 1.09893 -0.00024767 0.000576909 
7 8 8 1.09871 -0.000411243 0.00295341 
8 8 8 1.09911 -0.000331612 0.00489465 
9 8 8 1.10015 -5.0612e-05 0.00617141 
10 8 8 1.10173 0.000345932 0.00660332 
11 8 8 1.10367 0.000749769 0.00611636 
12 8 8 1.1057 0.00105602 0.004789 
13 8 8 1.10756 0.00118195 0.00281101 
14 8 8 1.10973 0.00107194 0.000385387 
15 8 8 1.10829 0.00206623 0.00602282 
0 9 9 0.851697 -0.000299727 -0.00470551 
1 9 9 0.848979 -0.000927026 -0.00575221 
2 9 9 0.845857 -0.00120348 -0.00540207 
3 9 9 0.843039 -0.00127128 -0.00416691 
4 9 9 0.840916 -0.00116842 -0.00245665 
5 9 9 0.839688 -0.000884155 -0.000573361 
6 9 9 0.83945 -0.000415361 0.00125168 
7 9 9 0.84023 0.000201939 0.00283007 
8 9 9 0.841972 0.000886656 0.00400299 
9 9 9 0.844521 0.00152393 0.00464415 
10 9 9 0.847604 0.0019884 0.00467785 
11 9 9 0.850849 0.00217712 0.00411021 
12 9 9 0.853832 0.00203639 0.00304114 
13 9 9 0.85622 0.00153455 0.00157842 
14 9 9 0.858472 0.000435895 -0.000599981 
15 9 9 0.857772 0.00386359 0.005348 
0 10 10 0.426653 -0.000751601 -0.00187444 
1 10 10 0.42355 -0.00131052 -0.00215286 
2 10 10 0.420161 -0.00153714 -0.00186184 
3 10 10 0.417174 -0.00151258 -0.0012354 
4 10 10 0.415013 -0.00128678 -0.000464821 
5 10 10 0.413908 -0.000895127 0.000312923 
6 10 10 0.413959 -0.000380893 0.00100091 
7 10 10 0.41515 0.00019446 0.00153161 
8 10 10 0.417344 0.000751677 0.00186076 
9 10 10 0.420282 0.00120388 0.00196561 
10 10 10 0.423596 0.00147265 0.00184614 
11 10 10 0.42686 0.00150842 0.00153113 
12 10 10 0.429655 0.0012984 0.00107126 
13 10 10 0.43162 0.000801741 0.000460141 
14 10 10 0.432591 -0.000802181 -0.00116093 
15 10 10 0.438844 0.00386829 0.00375767 
0 11 11 0.146288 -0.000314007 -0.000378751 
1 11 11 0.144287 -0.000586528 -0.000412828 
2 11 11 0.141969 -0.000715142 -0.000291933 
3 11 11 0.139834 -0.000724692 -9.40662e-05 
4 11 11 0.138206 -0.000637325 0.000118519 
5 11 11 0.137277 -0.000472356 0.000306782 
6 11 11 0.137134 -0.000253819 0.000447045 
7 11 11 0.137775 -1.06067e-05 0.000529685 
8 11 11 0.139109 0.000223001 0.000555062 
9 11 11 0.140957 0.000411916 0.000530543 
10 11 11 0.143069 0.000525542 0.000465696 
11 11 11 0.145165 0.000545415 0.000372225 
12 11 11 0.146964 0.000466545 0.000260638 
13 11 11 0.148187 0.000264176 0.000111931 
14 11 11 0.147919 -0.00082567 -0.000662188 
15 11 11 0.154778 0.00334464 0.00261098 
0 12 12 0.0109329 -1.69979e-05 -1.82149e-06 
1 12 12 0.0106472 -4.80165e-05 1.84006e-06 
2 12 12 0.0102407 -6.68821e-05 1.36235e-05 
3 12 12 0.00981821 -7.44476e-05 2.78597e-05 
4 12 12 0.00945239 -7.2289e-05 3.96408e-05 
5 12 12 0.00918879 -6.14104e-05 4.70612e-05 
6 12 12 0.00905437 -4.4094e-05 4.8471e-05 
7 12 12 0.00905993 -2.26145e-05 4.46949e-05 
8 12 12 0.00920082 -1.79556e-07 3.72723e-05 
9 12 12 0.00945614 2.00812e-05 2.86614e-05 
10 12 12 0.00978935 3.46567e-05 2.03338e-05 
11 12 12 0.0101531 4.12578e-05 1.35919e-05 
12 12 12 0.0104936 3.85046e-05 8.82324e-06 
13 12 12 0.01075 2.44289e-05 5.52204e-06 
14 12 12 0.0107282 -7.13763e-05 -1.99571e-05 
15 12 12 0.00852044 0.000961371 0.000581947 
0 13 13 0 0 0 
1 13 13 0 0 0 
2 13 13 0 0 0 
3 13 13 0 0 0 
4 13 13 0 0 0 
5 13 13 0 0 0 
6 13 13 0 0 0 
7 13 13 0 0 0 
8 13 13 0 0 0 
9 13 13 0 0 0 
10 13 13 0 0 0 
11 13 13 0 0 0 
12 13 13 0 0 0 
13 13 13 0 0 0 
14 13 13 0 0 0 
15 13 13 0 0 0 
0 14 14 0 0 0 
1 14 14 0 0 0 
2 14 14 0 0 0 
3 14 14 0 0 0 
4 14 14 0 0 0 
5 14 14 0 0 0 
6 14 14 0 0 0 
7 14 14 0 0 0 
8 14 14 0 0 0 
9 14 14 0 0 0 
10 14 14 0 0 0 
11 14 14 0 0 0 
12 14 14 0 0 0 
13 14 14 0 0 0 
14 14 14 0 0 0 
15 14 14 0 0 0 
0 15 15 0 0 0 
1 15 15 0 0 0 
2 15 15 0 0 0 
3 15 15 0 0 0 
4 15 15 0 0 0 
5 15 15 0 0 0 
6 15 15 0 0 0 
7 15 15 0 0 0 
8 15 15 0 0 0 
9 15 15 0 0 0 
10 15 15 0 0 0 
11 15 15 0 0 0 
12 15 15 0 0 0 
13 15 15 0 0 0 
14 15 15 0 0 0 
15 15 15 0 0 0 
0 0 0 0 0 0 
1 0 0 0 0 0 
2 0 0 0 0 0 
3 0 0 0 0 0 
4 0 0 0 0 0 
5 0 0 0 0 0 
6 0 0 0 0 0 
7 0 0 0 0 0 
8 0 0 0 0 0 
9 0 0 0 0 0 
10 0 0 0 0 0 
11 0 0 0 0 0 
12 0 0 0 0 0 
13 0 0 0 0 0 
14 0 0 0 0 0 
15 0 0 0 0 0 
0 1 1 0 0 0 
1 1 1 0 0 0 
2 1 1 0 0 0 
3 1 1 0 0 0 
4 1 1 0 0 0 
5 1 1 0 0 0 
6 1 1 0 0 0 
7 1 1 0 0 0 
8 1 1 0 0 0 
9 1 1 0 0 0 
10 1 1 0 0 0 
11 1 1 0 0 0 
12 1 1 0 0 0 
13 1 1 0 0 0 
14 1 1 0 0 0 
15 1 1 0 0 0 
0 2 2 0 0 0 
1 2 2 0 0 0 
2 2 2 0 0 0 
3 2 2 0 0 0 
4 2 2 0 0 0 
5 2 2 0 0 0 
6 2 2 0 0 0 
7 2 2 0 0 0 
8 2 2 0 0 0 
9 2 2 0 0 0 
10 2 2 0 0 0 
11 2 2 0 0 0 
12 2 2 0 0 0 
13 2 2 0 0 0 
14 2 2 0 0 0 
15 2 2 0 0 0 
0 3 3 0 0 0 
1 3 3 0 0 0 
2 3 3 0 0 0 
3 3 3 0 0 0 
4 3 3 0 0 0 
5 3 3 0 0 0 
6 3 3 0 0 0 
7 3 3 0 0 0 
8 3 3 0 0 0 
9 3 3 0 0 0 
10 3 3 0 0 0 
11 3 3 0 0 0 
12 3 3 0 0 0 
13 3 3 0 0 0 
14 3 3 0 0 0 
15 3 3 0 0 0 
0 4 4 0.0151868 3.40227e-06 -3.59811e-05 
1 4 4 0.0147496 8.5418e-06 -7.44736e-05 
2 4 4 0.0141715 -2.13664e-06 -0.000103691 
3 4 4 0.0135802 -1.94219e-05 -0.000120941 
4 4 4 0.0130652 -3.66271e-05 -0.000123628 
5 4 4 0.0126852 -4.97033e-05 -0.000113308 
6 4 4 0.0124751 -5.762e-05 -9.22384e-05 
7 4 4 0.0124474 -6.06429e-05 -6.44161e-05 
8 4 4 0.0125951 -5.99156e-05 -3.39236e-05 
9 4 4 0.0128874 -5.65218e-05 -6.16944e-06 
10 4 4 0.0132776 -5.17498e-05 1.42451e-05 
11 4 4 0.0137038 -4.60253e-05 2.43467e-05 
12 4 4 0.0140975 -3.89651e-05 2.30574e-05 
13 4 4 0.0143805 -2.75415e-05 9.43383e-06 
14 4 4 0.0143095 4.78368e-05 -7.39264e-05 
15 4 4 0.0116636 -0.000909384 0.000815551 
0 5 5 0.122343 0.000293813 -0.000336184 
1 5 5 0.120099 0.000301128 -0.000598891 
2 5 5 0.117534 0.000181197 -0.000752858 
3 5 5 0.115134 4.69391e-06 -0.000802374 
4 5 5 0.11322 -0.000174394 -0.000753913 
5 5 5 0.111986 -0.000322793 -0.000622551 
6 5 5 0.111527 -0.000425559 -0.000430471 
7 5 5 0.11184 -0.000479204 -0.000206814 
8 5 5 0.112836 -0.000487623 1.54713e-05 
9 5 5 0.114339 -0.000458015 0.000202284 
10 5 5 0.116115 -0.000401002 0.000322897 
11 5 5 0.117895 -0.00032657 0.000359171 
12 5 5 0.119411 -0.000240667 0.000306715 
13 5 5 0.12039 -0.000121767 0.000149865 
14 5 5 0.11986 0.000531177 -0.000749556 
15 5 5 0.124495 -0.00250671 0.00302137 
0 6 6 0.277645 0.000859943 -0.00103191 
1 6 6 0.274143 0.000792352 -0.0015359 
2 6 6 0.270365 0.000473213 -0.00172835 
3 6 6 0.266975 4.41568e-05 -0.00167103 
4 6 6 0.264397 -0.000379123 -0.00141533 
5 6 6 0.262869 -0.000720327 -0.00100994 
6 6 6 0.262488 -0.000943049 -0.000511032 
7 6 6 0.263218 -0.00103757 1.66707e-05 
8 6 6 0.264903 -0.00101441 0.000501343 
9 6 6 0.267266 -0.000896301 0.000873013 
10 6 6 0.269949 -0.000715742 0.00107335 
11 6 6 0.272554 -0.000508764 0.00107202 
12 6 6 0.274703 -0.000305463 0.000869071 
13 6 6 0.276062 -9.37304e-05 0.000429749 
14 6 6 0.275959 0.000673876 -0.00132043 
15 6 6 0.287673 -0.00204509 0.0042163 
0 7 7 0.4007 0.00106315 -0.00189453 
1 7 7 0.396737 0.000855047 -0.0025485 
2 7 7 0.392507 0.00038819 -0.00264024 
3 7 7 0.388758 -0.000177438 -0.00233328 
4 7 7 0.385953 -0.000702106 -0.00175581 
5 7 7 0.384346 -0.001088 -0.00100816 
6 7 7 0.384038 -0.00129081 -0.000185462 
7 7 7 0.384986 -0.00130609 0.000616604 
8 7 7 0.387013 -0.0011614 0.00129962 
9 7 7 0.389813 -0.000904313 0.00177272 
10 7 7 0.392979 -0.000594977 0.00196646 
11 7 7 0.396054 -0.000295554 0.00185309 
12 7 7 0.3986 -5.66948e-05 0.00144859 
13 7 7 0.400245 0.000104079 0.000713522 
14 7 7 0.40071 0.000435366 -0.00151968 
15 7 7 0.409401 -0.000781771 0.00499815 
0 8 8 0.413265 0.000663176 -0.00210743 
1 8 8 0.409503 0.000287332 -0.00267591 
2 8 8 0.405462 -0.000205124 -0.00260228 
3 8 8 0.401884 -0.000698407 -0.0021077 
4 8 8 0.399229 -0.00108759 -0.00136742 
5 8 8 0.397751 -0.00129905 -0.000510149 
6 8 8 0.397552 -0.00130746 0.000357719 
7 8 8 0.398597 -0.00113034 0.0011421 
8 8 8 0.400718 -0.000817877 0.00175678 
9 8 8 0.403615 -0.000440447 0.00212902 
10 8 8 0.406884 -7.6186e-05 0.00221055 
11 8 8 0.41007 0.000204888 0.00199372 
12 8 8 0.41273 0.000356764 0.00150957 
13 8 8 0.414488 0.000360886 0.000721733 
14 8 8 0.41511 8.33828e-05 -0.00155794 
15 8 8 0.423485 0.000784157 0.00512851 
0 9 9 0.305517 5.38053e-05 -0.00140941 
1 9 9 0.302406 -0.000389036 -0.00170935 
2 9 9 0.299004 -0.000784498 -0.00155522 
3 9 9 0.295969 -0.00107871 -0.00112443 
4 9 9 0.293719 -0.00122675 -0.000559092 
5 9 9 0.292488 -0.00120336 4.02085e-05 
6 9 9 0.292374 -0.00101492 0.000599654 
7 9 9 0.293354 -0.000699202 0.00106281 
8 9 9 0.295281 -0.000316344 0.0013866 
9 9 9 0.297892 6.19137e-05 0.00154128 
10 9 9 0.300828 0.000364809 0.00151334 
11 9 9 0.303689 0.000538375 0.00131241 
12 9 9 0.306092 0.000556518 0.000965886 
13 9 9 0.307701 0.000397363 0.000440105 
14 9 9 0.307971 -0.00041008 -0.00140507 
15 9 9 0.319462 0.00201301 0.00452191 
0 10 10 0.142581 -0.00017229 -0.0004629 
1 10 10 0.140526 -0.000472861 -0.000549264 
2 10 10 0.138151 -0.000691013 -0.000448753 
3 10 10 0.135955 -0.000811503 -0.00024672 
4 10 10 0.134266 -0.000826622 -1.10093e-05 
5 10 10 0.133275 -0.000737772 0.000214794 
6 10 10 0.133071 -0.000561097 0.000402756 
7 10 10 0.133652 -0.000326429 0.000537234 
8 10 10 0.134927 -7.34877e-05 0.000611851 
9 10 10 0.136714 0.000154727 0.000626758 
10 10 10 0.138768 0.000318693 0.000585082 
11 10 10 0.140808 0.000391789 0.000494728 
12 10 10 0.142557 0.000363433 0.000365042 
13 10 10 0.143738 0.000212878 0.000174 
14 10 10 0.14341 -0.000606829 -0.000856989 
15 10 10 0.150109 0.00245712 0.00337281 
0 11 11 0.0252527 -4.61033e-05 -2.47559e-05 
1 11 11 0.024604 -0.000121052 -3.28829e-05 
2 11 11 0.0237294 -0.000176066 -8.84391e-06 
3 11 11 0.0228419 -0.000206912 2.94776e-05 
4 11 11 0.022088 -0.000212426 6.7285e-05 
5 11 11 0.0215604 -0.000192654 9.74922e-05 
6 11 11 0.0213103 -0.000152256 0.000115249 
7 11 11 0.0213566 -9.77542e-05 0.000120827 
8 11 11 0.0216839 -3.83805e-05 0.000116493 
9 11 11 0.0222427 1.63062e-05 0.000106206 
10 11 11 0.0229524 5.69688e-05 9.20827e-05 
11 11 11 0.023712 7.73249e-05 7.61041e-05 
12 11 11 0.0244097 7.43377e-05 5.8657e-05 
13 11 11 0.024918 4.44628e-05 3.52446e-05 
14 11 11 0.0247745 -0.00014802 -0.00014747 
15 11 11 0.0217862 0.00145574 0.0015453 
0 12 12 0 0 0 
1 12 12 0 0 0 
2 12 12 0 0 0 
3 12 12 0 0 0 
4 12 12 0 0 0 
5 12 12 0 0 0 
6 12 12 0 0 0 
7 12 12 0 0 0 
8 12 12 0 0 0 
9 12 12 0 0 0 
10 12 12 0 0 0 
11 12 12 0 0 0 
12 12 12 0 0 0 
13 12 12 0 0 0 
14 12 12 0 0 0 
15 12 12 0 0 0 
0 13 13 0 0 0 
1 13 13 0 0 0 
2 13 13 0 0 0 
3 13 13 0 0 0 
4 13 13 0 0 0 
5 13 13 0 0 0 
6 13 13 0 0 0 
7 13 13 0 0 0 
8 13 13 0 0 0 
9 13 13 0 0 0 
10 13 13 0 0 0 
11 13 13 0 0 0 
12 13 13 0 0 0 
13 13 13 0 0 0 
14 13 13 0 0 0 
15 13 13 0 0 0 
0 14 14 0 0 0 
1 14 14 0 0 0 
2 14 14 0 0 0 
3 14 14 0 0 0 
4 14 14 0 0 0 
5 14 14 0 0 0 
6 14 14 0 0 0 
7 14 14 0 0 0 
8 14 14 0 0 0 
9 14 14 0 0 0 
10 14 14 0 0 0 
11 14 14 0 0 0 
12 14 14 0 0 0 
13 14 14 0 0 0 
14 14 14 0 0 0 
15 14 14 0 0 0 
0 15 15 0 0 0 
1 15 15 0 0 0 
2 15 15 0 0 0 
3 15 15 0 0 0 
4 15 15 0 0 0 
5 15 15 0 0 0 
6 15 15 0 0 0 
7 15 15 0 0 0 
8 15 15 0 0 0 
9 15 15 0 0 0 
10 15 15 0 0 0 
11 15 15 0 0 0 
12 15 15 0 0 0 
13 15 15 0 0 0 
14 15 15 0 0 0 
15 15 15 0 0 0 
0 0 0 0 0 0 
1 0 0 0 0 0 
2 0 0 0 0 0 
3 0 0 0 0 0 
4 0 0 0 0 0 
5 0 0 0 0 0 
6 0 0 0 0 0 
7 0 0 0 0 0 
8 0 0 0 0 0 
9 0 0 0 0 0 
10 0 0 0 0 0 
11 0 0 0 0 0 
12 0 0 0 0 0 
13 0 0 0 0 0 
14 0 0 0 0 0 
15 0 0 0 0 0 
0 1 1 0 0 0 
1 1 1 0 0 0 
2 1 1 0 0 0 
3 1 1 0 0 0 
4 1 1 0 0 0 
5 1 1 0 0 0 
6 1 1 0 0 0 
7 1 1 0 0 0 
8 1 1 0 0 0 
9 1 1 0 0 0 
10 1 1 0 0 0 
11 1 1 0 0 0 
12 1 1 0 0 0 
13 1 1 0 0 0 
14 1 1 0 0 0 
15 1 1 0 0 0 
0 2 2 0 0 0 
1 2 2 0 0 0 
2 2 2 0 0 0 
3 2 2 0 0 0 
4 2 2 0 0 0 
5 2 2 0 0 0 
6 2 2 0 0 0 
7 2 2 0 0 0 
8 2 2 0 0 0 
9 2 2 0 0 0 
10 2 2 0 0 0 
11 2 2 0 0 0 
12 2 2 0 0 0 
13 2 2 0 0 0 
14 2 2 0 0 0 
15 2 2 0 0 0 
0 3 3 0 0 0 
1 3 3 0 0 0 
2 3 3 0 0 0 
3 3 3 0 0 0 
4 3 3 0 0 0 
5 3 3 0 0 0 
6 3 3 0 0 0 
7 3 3 0 0 0 
8 3 3 0 0 0 
9 3 3 0 0 0 
10 3 3 0 0 0 
11 3 3 0 0 0 
12 3 3 0 0 0 
13 3 3 0 0 0 
14 3 3 0 0 0 
15 3 3 0 0 0 
0 4 4 0 0 0 
1 4 4 0 0 0 
2 4 4 0 0 0 
3 4 4 0 0 0 
4 4 4 0 0 0 
5 4 4 0 0 0 
6 4 4 0 0 0 
7 4 4 0 0 0 
8 4 4 0 0 0 
9 4 4 0 0 0 
10 4 4 0 0 0 
11 4 4 0 0 0 
12 4 4 0 0 0 
13 4 4 0 0 0 
14 4 4 0 0 0 
15 4 4 0 0 0 
0 5 5 0 0 0 
1 5 5 0 0 0 
2 5 5 0 0 0 
3 5 5 0 0 0 
4 5 5 0 0 0 
5 5 5 0 0 0 
6 5 5 0 0 0 
7 5 5 0 0 0 
8 5 5 0 0 0 
9 5 5 0 0 0 
10 5 5 0 0 0 
11 5 5 0 0 0 
12 5 5 0 0 0 
13 5 5 0 0 0 
14 5 5 0 0 0 
15 5 5 0 0 0 
0 6 6 0.0437845 -1.29362e-05 -0.000118194 
1 6 6 0.0428079 -7.23654e-05 -0.00022654 
2 6 6 0.0415841 -0.000157169 -0.000288724 
3 6 6 0.0403743 -0.000238905 -0.000307505 
4 6 6 0.0393633 -0.000295897 -0.000288308 
5 6 6 0.0386555 -0.000317125 -0.000237451 
6 6 6 0.038317 -0.000303924 -0.000164075 
7 6 6 0.0383639 -0.000262854 -7.87416e-05 
8 6 6 0.0387695 -0.000205523 6.03332e-06 
9 6 6 0.0394617 -0.000143916 7.86458e-05 
10 6 6 0.0403337 -9.00725e-05 0.000126768 
11 6 6 0.0412532 -5.22525e-05 0.000143217 
12 6 6 0.0420807 -3.36933e-05 0.000125264 
13 6 6 0.0426669 -3.14479e-05 6.63377e-05 
14 6 6 0.0425214 5.43957e-05 -0.000259713 
15 6 6 0.0395592 -0.00102005 0.00233382 
0 7 7 0.0869751 -3.22711e-05 -0.00030496 
1 7 7 0.0852192 -0.000187568 -0.000501671 
2 7 7 0.0831398 -0.00036853 -0.000578071 
3 7 7 0.0811621 -0.000526236 -0.000560127 
4 7 7 0.0795724 -0.000624636 -0.000472219 
5 7 7 0.0785405 -0.000645518 -0.000333017 
6 7 7 0.0781573 -0.000595073 -0.00016558 
7 7 7 0.0784286 -0.000489169 9.25312e-06 
8 7 7 0.0792876 -0.000353097 0.000168798 
9 7 7 0.0805945 -0.000213803 0.000292449 
10 7 7 0.0821533 -9.68112e-05 0.000361606 
11 7 7 0.0837359 -2.03095e-05 0.00036584 
12 7 7 0.0851086 8.3277e-06 0.000302656 
13 7 7 0.0860153 -1.00719e-05 0.000150241 
14 7 7 0.0855102 5.37567e-06 -0.00072784 
15 7 7 0.0880183 -0.000554015 0.00360237 
0 8 8 0.0903995 -2.94277e-05 -0.000294098 
1 8 8 0.0886156 -0.000211088 -0.000451427 
2 8 8 0.0864996 -0.000409793 -0.000474772 
3 8 8 0.0844909 -0.000576309 -0.000407328 
4 8 8 0.0828855 -0.000676959 -0.000285839 
5 8 8 0.0818579 -0.000693379 -0.000134672 
6 8 8 0.0815007 -0.000631826 2.41467e-05 
7 8 8 0.0818201 -0.000510507 0.000173537 
8 8 8 0.0827447 -0.000356845 0.000297641 
9 8 8 0.0841289 -0.000200872 0.000383091 
10 8 8 0.0857681 -7.06228e-05 0.000418472 
11 8 8 0.0874261 1.41714e-05 0.000398089 
12 8 8 0.0888608 4.71939e-05 0.000321034 
13 8 8 0.0898061 3.85307e-05 0.000161662 
14 8 8 0.0892513 -3.52513e-05 -0.000786165 
15 8 8 0.0928296 0.000246373 0.00368826 
0 9 9 0.0542373 -4.28323e-05 -0.000121591 
1 9 9 0.0531176 -0.000177473 -0.000182475 
2 9 9 0.0517174 -0.000311013 -0.00017009 
3 9 9 0.0503481 -0.000414924 -0.000114687 
4 9 9 0.0492222 -0.000471171 -4.1108e-05 
5 9 9 0.0484676 -0.000470025 3.58128e-05 
6 9 9 0.0481563 -0.000416421 0.00010534 
7 9 9 0.0483039 -0.000323663 0.000161905 
8 9 9 0.048873 -0.000211114 0.000201857 
9 9 9 0.0497747 -9.94831e-05 0.000223636 
10 9 9 0.0508767 -8.93035e-06 0.000224928 
11 9 9 0.052021 4.72842e-05 0.000205195 
12 9 9 0.0530411 6.51207e-05 0.000163932 
13 9 9 0.0537624 5.03919e-05 8.88312e-05 
14 9 9 0.0535996 -8.66939e-05 -0.000341874 
15 9 9 0.0518023 0.000967661 0.00285548 
0 10 10 0.012552 -1.95212e-05 -9.7981e-06 
1 10 10 0.0122277 -5.8068e-05 -1.71527e-05 
2 10 10 0.0117743 -9.33136e-05 -9.59987e-06 
3 10 10 0.0113044 -0.000118826 5.2004e-06 
4 10 10 0.010896 -0.000130724 2.09444e-05 
5 10 10 0.0105999 -0.000127564 3.42614e-05 
6 10 10 0.0104442 -0.00011045 4.33206e-05 
7 10 10 0.0104417 -8.32189e-05 4.78738e-05 
8 10 10 0.0105863 -5.11833e-05 4.85019e-05 
9 10 10 0.0108551 -1.97469e-05 4.67902e-05 
10 10 10 0.0112094 5.29481e-06 4.28226e-05 
11 10 10 0.0115961 2.03514e-05 3.72566e-05 
12 10 10 0.0119578 2.37795e-05 2.99007e-05 
13 10 10 0.012231 1.41737e-05 1.93493e-05 
14 10 10 0.0122151 -4.30925e-05 -5.40534e-05 
15 10 10 0.00980741 0.00064668 0.000981682 
0 11 11 0 0 0 
1 11 11 0 0 0 
2 11 11 0 0 0 
3 11 11 0 0 0 
4 11 11 0 0 0 
5 11 11 0 0 0 
6 11 11 0 0 0 
7 11 11 0 0 0 
8 11 11 0 0 0 
9 11 11 0 0 0 
10 11 11 0 0 0 
11 11 11 0 0 0 
12 11 11 0 0 0 
13 11 11 0 0 0 
14 11 11 0 0 0 
15 11 11 0 0 0 
0 12 12 0 0 0 
1 12 12 0 0 0 
2 12 12 0 0 0 
3 12 12 0 0 0 
4 12 12 0 0 0 
5 12 12 0 0 0 
6 12 12 0 0 0 
7 12 12 0 0 0 
8 12 12 0 0 0 
9 12 12 0 0 0 
10 12 12 0 0 0 
11 12 12 0 0 0 
12 12 12 0 0 0 
13 12 12 0 0 0 
14 12 12 0 0 0 
15 12 12 0 0 0 
0 13 13 0 0 0 
1 13 13 0 0 0 
2 13 13 0 0 0 
3 13 13 0 0 0 
4 13 13 0 0 0 
5 13 13 0 0 0 
6 13 13 0 0 0 
7 13 13 0 0 0 
8 13 13 0 0 0 
9 13 13 0 0 0 
10 13 13 0 0 0 
11 13 13 0 0 0 
12 13 13 0 0 0 
13 13 13 0 0 0 
14 13 13 0 0 0 
15 13 13 0 0 0 
0 14 14 0 0 0 
1 14 14 0 0 0 
2 14 14 0 0 0 
3 14 14 0 0 0 
4 14 14 0 0 0 
5 14 14 0 0 0 
6 14 14 0 0 0 
7 14 14 0 0 0 
8 14 14 0 0 0 
9 14 14 0 0 0 
10 14 14 0 0 0 
11 14 14 0 0 0 
12 14 14 0 0 0 
13 14 14 0 0 0 
14 14 14 0 0 0 
15 14 14 0 0 0 
0 15 15 0 0 0 
1 15 15 0 0 0 
2 15 15 0 0 0 
3 15 15 0 0 0 
4 15 15 0 0 0 
5 15 15 0 0 0 
6 15 15 0 0 0 
7 15 15 0 0 0 
8 15 15 0 0 0 
9 15 15 0 0 0 
10 15 15 0 0 0 
11 15 15 0 0 0 
12 15 15 0 0 0 
13 15 15 0 0 0 
14 15 15 0 0 0 
15 15 15 0 0 0 
0 0 0 0 0 0 
1 0 0 0 0 0 
2 0 0 0 0 0 
3 0 0 0 0 0 
4 0 0 0 0 0 
5 0 0 0 0 0 
6 0 0 0 0 0 
7 0 0 0 0 0 
8 0 0 0 0 0 
9 0 0 0 0 0 
10 0 0 0 0 0 
11 0 0 0 0 0 
12 0 0 0 0 0 
13 0 0 0 0 0 
14 0 0 0 0 0 
15 0 0 0 0 0 
0 1 1 0 0 0 
1 1 1 0 0 0 
2 1 1 0 0 0 
3 1 1 0 0 0 
4 1 1 0 0 0 
5 1 1 0 0 0 
6 1 1 0 0 0 
7 1 1 0 0 0 
8 1 1 0 0 0 
9 1 1 0 0 0 
10 1 1 0 0 0 
11 1 1 0 0 0 
12 1 1 0 0 0 
13 1 1 0 0 0 
14 1 1 0 0 0 
15 1 1 0 0 0 
0 2 2 0 0 0 
1 2 2 0 0 0 
2 2 2 0 0 0 
3 2 2 0 0 0 
4 2 2 0 0 0 
5 2 2 0 0 0 
6 2 2 0 0 0 
7 2 2 0 0 0 
8 2 2 0 0 0 
9 2 2 0 0 0 
10 2 2 0 0 0 
11 2 2 0 0 0 
12 2 2 0 0 0 
13 2 2 0 0 0 
14 2 2 0 0 0 
15 2 2 0 0 0 
0 3 3 0 0 0 
1 3 3 0 0 0 
2 3 3 0 0 0 
3 3 3 0 0 0 
4 3 3 0 0 0 
5 3 3 0 0 0 
6 3 3 0 0 0 
7 3 3 0 0 0 
8 3 3 0 0 0 
9 3 3 0 0 0 
10 3 3 0 0 0 
11 3 3 0 0 0 
12 3 3 0 0 0 
13 3 3 0 0 0 
14 3 3 0 0 0 
15 3 3 0 0 0 
0 4 4 0 0 0 
1 4 4 0 0 0 
2 4 4 0 0 0 
3 4 4 0 0 0 
4 4 4 0 0 0 
5 4 4 0 0 0 
6 4 4 0 0 0 
7 4 4 0 0 0 
8 4 4 0 0 0 
9 4 4 0 0 0 
10 4 4 0 0 0 
11 4 4 0 0 0 
12 4 4 0 0 0 
13 4 4 0 0 0 
14 4 4 0 0 0 
15 4 4 0 0 0 
0 5 5 0 0 0 
1 5 5 0 0 0 
2 5 5 0 0 0 
3 5 5 0 0 0 
4 5 5 0 0 0 
5 5 5 0 0 0 
6 5 5 0 0 0 
7 5 5 0 0 0 
8 5 5 0 0 0 
9 5 5 0 0 0 
10 5 5 0 0 0 
11 5 5 0 0 0 
12 5 5 0 0 0 
13 5 5 0 0 0 
14 5 5 0 0 0 
15 5 5 0 0 0 
0 6 6 0 0 0 
1 6 6 0 0 0 
2 6 6 0 0 0 
3 6 6 0 0 0 
4 6 6 0 0 0 
5 6 6 0 0 0 
6 6 6 0 0 0 
7 6 6 0 0 0 
8 6 6 0 0 0 
9 6 6 0 0 0 
10 6 6 0 0 0 
11 6 6 0 0 0 
12 6 6 0 0 0 
13 6 6 0 0 0 
14 6 6 0 0 0 
15 6 6 0 0 0 
0 7 7 0 0 0 
1 7 7 0 0 0 
2 7 7 0 0 0 
3 7 7 0 0 0 
4 7 7 0 0 0 
5 7 7 0 0 0 
6 7 7 0 0 0 
7 7 7 0 0 0 
8 7 7 0 0 0 
9 7 7 0 0 0 
10 7 7 0 0 0 
11 7 7 0 0 0 
12 7 7 0 0 0 
13 7 7 0 0 0 
14 7 7 0 0 0 
15 7 7 0 0 0 
0 8 8 0 0 0 
1 8 8 0 0 0 
2 8 8 0 0 0 
3 8 8 0 0 0 
4 8 8 0 0 0 
5 8 8 0 0 0 
6 8 8 0 0 0 
7 8 8 0 0 0 
8 8 8 0 0 0 
9 8 8 0 0 0 
10 8 8 0 0 0 
11 8 8 0 0 0 
12 8 8 0 0 0 
13 8 8 0 0 0 
14 8 8 0 0 0 
15 8 8 0 0 0 
0 9 9 0 0 0 
1 9 9 0 0 0 
2 9 9 0 0 0 
3 9 9 0 0 0 
4 9 9 0 0 0 
5 9 9 0 0 0 
6 9 9 0 0 0 
7 9 9 0 0 0 
8 9 9 0 0 0 
9 9 9 0 0 0 
10 9 9 0 0 0 
11 9 9 0 0 0 
12 9 9 0 0 0 
13 9 9 0 0 0 
14 9 9 0 0 0 
15 9 9 0 0 0 
0 10 10 0 0 0 
1 10 10 0 0 0 
2 10 10 0 0 0 
3 10 10 0 0 0 
4 10 10 0 0 0 
5 10 10 0 0 0 
6 10 10 0 0 0 
7 10 10 0 0 0 
8 10 10 0 0 0 
9 10 10 0 0 0 
10 10 10 0 0 0 
11 10 10 0 0 0 
12 10 10 0 0 0 
13 10 10 0 0 0 
14 10 10 0 0 0 
15 10 10 0 0 0 
0 11 11 0 0 0 
1 11 11 0 0 0 
2 11 11 0 0 0 
3 11 11 0 0 0 
4 11 11 0 0 0 
5 11 11 0 0 0 
6 11 11 0 0 0 
7 11 11 0 0 0 
8 11 11 0 0 0 
9 11 11 0 0 0 
10 11 11 0 0 0 
11 11 11 0 0 0 
12 11 11 0 0 0 
13 11 11 0 0 0 
14 11 11 0 0 0 
15 11 11 0 0 0 
0 12 12 0 0 0 
1 12 12 0 0 0 
2 12 12 0 0 0 
3 12 12 0 0 0 
4 12 12 0 0 0 
5 12 12 0 0 0 
6 12 12 0 0 0 
7 12 12 0 0 0 
8 12 12 0 0 0 
9 12 12 0 0 0 
10 12 12 0 0 0 
11 12 12 0 0 0 
12 12 12 0 0 0 
13 12 12 0 0 0 
14 12 12 0 0 0 
15 12 12 0 0 0 
0 13 13 0 0 0 
1 13 13 0 0 0 
2 13 13 0 0 0 
3 13 13 0 0 0 
4 13 13 0 0 0 
5 13 13 0 0 0 
6 13 13 0 0 0 
7 13 13 0 0 0 
8 13 13 0 0 0 
9 13 13 0 0 0 
10 13 13 0 0 0 
11 13 13 0 0 0 
12 13 13 0 0 0 
13 13 13 0 0 0 
14 13 13 0 0 0 
15 13 13 0 0 0 
0 14 14 0 0 0 
1 14 14 0 0 0 
2 14 14 0 0 0 
3 14 14 0 0 0 
4 14 14 0 0 0 
5 14 14 0 0 0 
6 14 14 0 0 0 
7 14 14 0 0 0 
8 14 14 0 0 0 
9 14 14 0 0 0 
10 14 14 0 0 0 
11 14 14 0 0 0 
12 14 14 0 0 0 
13 14 14 0 0 0 
14 14 14 0 0 0 
15 14 14 0 0 0 
0 15 15 0 0 0 
1 15 15 0 0 0 
2 15 15 0 0 0 
3 15 15 0 0 0 
4 15 15 0 0 0 
5 15 15 0 0 0 
6 15 15 0 0 0 
7 15 15 0 0 0 
8 15 15 0 0 0 
9 15 15 0 0 0 
10 15 15 0 0 0 
11 15 15 0 0 0 
12 15 15 0 0 0 
13 15 15 0 0 0 
14 15 15 0 0 0 
15 15 15 0 0 0 
0 0 0 0 0 0 
1 0 0 0 0 0 
2 0 0 0 0 0 
3 0 0 0 0 0 
4 0 0 0 0 0 
5 0 0 0 0 0 
6 0 0 0 0 0 
7 0 0 0 0 0 
8 0 0 0 0 0 
9 0 0 0 0 0 
10 0 0 0 0 0 
11 0 0 0 0 0 
12 0 0 0 0 0 
13 0 0 0 0 0 
14 0 0 0 0 0 
15 0 0 0 0 0 
0 1 1 0 0 0 
1 1 1 0 0 0 
2 1 1 0 0 0 
3 1 1 0 0 0 
4 1 1 0 0 0 
5 1 1 0 0 0 
6 1 1 0 0 0 
7 1 1 0 0 0 
8 1 1 0 0 0 
9 1 1 0 0 0 
10 1 1 0 0 0 
11 1 1 0 0 0 
12 1 1 0 0 0 
13 1 1 0 0 0 
14 1 1 0 0 0 
15 1 1 0 0 0 
0 2 2 0 0 0 
1 2 2 0 0 0 
2 2 2 0 0 0 
3 2 2 0 0 0 
4 2 2 0 0 0 
5 2 2 0 0 0 
6 2 2 0 0 0 
7 2 2 0 0 0 
8 2 2 0 0 0 
9 2 2 0 0 0 
10 2 2 0 0 0 
11 2 2 0 0 0 
12 2 2 0 0 0 
13 2 2 0 0 0 
14 2 2 0 0 0 
15 2 2 0 0 0 
0 3 3 0 0 0 
1 3 3 0 0 0 
2 3 3 0 0 0 
3 3 3 0 0 0 
4 3 3 0 0 0 
5 3 3 0 0 0 
6 3 3 0 0 0 
7 3 3 0 0 0 
8 3 3 0 0 0 
9 3 3 0 0 0 
10 3 3 0 0 0 
11 3 3 0 0 0 
12 3 3 0 0 0 
13 3 3 0 0 0 
14 3 3 0 0 0 
15 3 3 0 0 0 
0 4 4 0 0 0 
1 4 4 0 0 0 
2 4 4 0 0 0 
3 4 4 0 0 0 
4 4 4 0 0 0 
5 4 4 0 0 0 
6 4 4 0 0 0 
7 4 4 0 0 0 
8 4 4 0 0 0 
9 4 4 0 0 0 
10 4 4 0 0 0 
11 4 4 0 0 0 
12 4 4 0 0 0 
13 4 4 0 0 0 
14 4 4 0 0 0 
15 4 4 0 0 0 
0 5 5 0 0 0 
1 5 5 0 0 0 
2 5 5 0 0 0 
3 5 5 0 0 0 
4 5 5 0 0 0 
5 5 5 0 0 0 
6 5 5 0 0 0 
7 5 5 0 0 0 
8 5 5 0 0 0 
9 5 5 0 0 0 
10 5 5 0 0 0 
11 5 5 0 0 0 
12 5 5 0 0 0 
13 5 5 0 0 0 
14 5 5 0 0 0 
15 5 5 0 0 0 
0 6 6 0 0 0 
1 6 6 0 0 0 
2 6 6 0 0 0 
3 6 6 0 0 0 
4 6 6 0 0 0 
5 6 6 0 0 0 
6 6 6 0 0 0 
7 6 6 0 0 0 
8 6 6 0 0 0 
9 6 6 0 0 0 
10 6 6 0 0 0 
11 6 6 0 0 0 
12 6 6 0 0 0 
13 6 6 0 0 0 
14 6 6 0 0 0 
15 6 6 0 0 0 
0 7 7 0 0 0 
1 7 7 0 0 0 
2 7 7 0 0 0 
3 7 7 0 0 0 
4 7 7 0 0 0 
5 7 7 0 0 0 
6 7 7 0 0 0 
7 7 7 0 0 0 
8 7 7 0 0 0 
9 7 7 0 0 0 
10 7 7 0 0 0 
11 7 7 0 0 0 
12 7 7 0 0 0 
13 7 7 0 0 0 
14 7 7 0 0 0 
15 7 7 0 0 0 
0 8 8 0 0 0 
1 8 8 0 0 0 
2 8 8 0 0 0 
3 8 8 0 0 0 
4 8 8 0 0 0 
5 8 8 0 0 0 
6 8 8 0 0 0 
7 8 8 0 0 0 
8 8 8 0 0 0 
9 8 8 0 0 0 
10 8 8 0 0 0 
11 8 8 0 0 0 
12 8 8 0 0 0 
13 8 8 0 0 0 
14 8 8 0 0 0 
15 8 8 0 0 0 
0 9 9 0 0 0 
1 9 9 0 0 0 
2 9 9 0 0 0 
3 9 9 0 0 0 
4 9 9 0 0 0 
5 9 9 0 0 0 
6 9 9 0 0 0 
7 9 9 0 0 0 
8 9 9 0 0 0 
9 9 9 0 0 0 
10 9 9 0 0 0 
11 9 9 0 0 0 
12 9 9 0 0 0 
13 9 9 0 0 0 
14 9 9 0 0 0 
15 9 9 0 0 0 
0 10 10 0 0 0 
1 10 10 0 0 0 
2 10 10 0 0 0 
3 10 10 0 0 0 
4 10 10 0 0 0 
5 10 10 0 0 0 
6 10 10 0 0 0 
7 10 10 0 0 0 
8 10 10 0 0 0 
9 10 10 0 0 0 
10 10 10 0 0 0 
11 10 10 0 0 0 
12 10 10 0 0 0 
13 10 10 0 0 0 
14 10 10 0 0 0 
15 10 10 0 0 0 
0 11 11 0 0 0 
1 11 11 0 0 0 
2 11 11 0 0 0 
3 11 11 0 0 0 
4 11 11 0 0 0 
5 11 11 0 0 0 
6 11 11 0 0 0 
7 11 11 0 0 0 
8 11 11 0 0 0 
9 11 11 0 0 0 
10 11 11 0 0 0 
11 11 11 0 0 0 
12 11 11 0 0 0 
13 11 11 0 0 0 
14 11 11 0 0 0 
15 11 11 0 0 0 
0 12 12 0 0 0 
1 12 12 0 0 0 
2 12 12 0 0 0 
3 12 12 0 0 0 
4 12 12 0 0 0 
5 12 12 0 0 0 
6 12 12 0 0 0 
7 12 12 0 0 0 
8 12 12 0 0 0 
9 12 12 0 0 0 
10 12 12 0 0 0 
11 12 12 0 0 0 
12 12 12 0 0 0 
13 12 12 0 0 0 
14 12 12 0 0 0 
15 12 12 0 0 0 
0 13 13 0 0 0 
1 13 13 0 0 0 
2 13 13 0 0 0 
3 13 13 0 0 0 
4 13 13 0 0 0 
5 13 13 0 0 0 
6 13 13 0 0 0 
7 13 13 0 0 0 
8 13 13 0 0 0 
9 13 13 0 0 0 
10 13 13 0 0 0 
11 13 13 0 0 0 
12 13 13 0 0 0 
13 13 13 0 0 0 
14 13 13 0 0 0 
15 13 13 0 0 0 
0 14 14 0 0 0 
1 14 14 0 0 0 
2 14 14 0 0 0 
3 14 14 0 0 0 
4 14 14 0 0 0 
5 14 14 0 0 0 
6 14 14 0 0 0 
7 14 14 0 0 0 
8 14 14 0 0 0 
9 14 14 0 0 0 
10 14 14 0 0 0 
11 14 14 0 0 0 
12 14 14 0 0 0 
13 14 14 0 0 0 
14 14 14 0 0 0 
15 14 14 0 0 0 
0 15 15 0 0 0 
1 15 15 0 0 0 
2 15 15 0 0 0 
3 15 15 0 0 0 
4 15 15 0 0 0 
5 15 15 0 0 0 
6 15 15 0 0 0 
7 15 15 0 0 0 
8 15 15 0 0 0 
9 15 15 0 0 0 
10 15 15 0 0 0 
11 15 15 0 0 0 
12 15 15 0 0 0 
13 15 15 0 0 0 
14 15 15 0 0 0 
15 15 15 0 0 0 
0 0 0 0 0 0 
1 0 0 0 0 0 
2 0 0 0 0 0 
3 0 0 0 0 0 
4 0 0 0 0 0 
5 0 0 0 0 0 
6 0 0 0 0 0 
7 0 0 0 0 0 
8 0 0 0 0 0 
9 0 0 0 0 0 
10 0 0 0 0 0 
11 0 0 0 0 0 
12 0 0 0 0 0 
13 0 0 0 0 0 
14 0 0 0 0 0 
15 0 0 0 0 0 
0 1 1 0 0 0 
1 1 1 0 0 0 
2 1 1 0 0 0 
3 1 1 0 0 0 
4 1 1 0 0 0 
5 1 1 0 0 0 
6 1 1 0 0 0 
7 1 1 0 0 0 
8 1 1 0 0 0 
9 1 1 0 0 0 
10 1 1 0 0 0 
11 1 1 0 0 0 
12 1 1 0 0 0 
13 1 1 0 0 0 
14 1 1 0 0 0 
15 1 1 0 0 0 
0 2 2 0 0 0 
1 2 2 0 0 0 
2 2 2 0 0 0 
3 2 2 0 0 0 
4 2 2 0 0 0 
5 2 2 0 0 0 
6 2 2 0 0 0 
7 2 2 0 0 0 
8 2 2 0 0 0 
9 2 2 0 0 0 
10 2 2 0 0 0 
11 2 2 0 0 0 
12 2 2 0 0 0 
13 2 2 0 0 0 
14 2 2 0 0 0 
15 2 2 0 0 0 
0 3 3 0 0 0 
1 3 3 0 0 0 
2 3 3 0 0 0 
3 3 3 0 0 0 
4 3 3 0 0 0 
5 3 3 0 0 0 
6 3 3 0 0 0 
7 3 3 0 0 0 
8 3 3 0 0 0 
9 3 3 0 0 0 
10 3 3 0 0 0 
11 3 3 0 0 0 
12 3 3 0 0 0 
13 3 3 0 0 0 
14 3 3 0 0 0 
15 3 3 0 0 0 
0 4 4 0 0 0 
1 4 4 0 0 0 
2 4 4 0 0 0 
3 4 4 0 0 0 
4 4 4 0 0 0 
5 4 4 0 0 0 
6 4 4 0 0 0 
7 4 4 0 0 0 
8 4 4 0 0 0 
9 4 4 0 0 0 
10 4 4 0 0 0 
11 4 4 0 0 0 
12 4 4 0 0 0 
13 4 4 0 0 0 
14 4 4 0 0 0 
15 4 4 0 0 0 
0 5 5 0 0 0 
1 5 5 0 0 0 
2 5 5 0 0 0 
3 5 5 0 0 0 
4 5 5 0 0 0 
5 5 5 0 0 0 
6 5 5 0 0 0 
7 5 5 0 0 0 
8 5 5 0 0 0 
9 5 5 0 0 0 
10 5 5 0 0 0 
11 5 5 0 0 0 
12 5 5 0 0 0 
13 5 5 0 0 0 
14 5 5 0 0 0 
15 5 5 0 0 0 
0 6 6 0 0 0 
1 6 6 0 0 0 
2 6 6 0 0 0 
3 6 6 0 0 0 
4 6 6 0 0 0 
5 6 6 0 0 0 
6 6 6 0 0 0 
7 6 6 0 0 0 
8 6 6 0 0 0 
9 6 6 0 0 0 
10 6 6 0 0 0 
11 6 6 0 0 0 
12 6 6 0 0 0 
13 6 6 0 0 0 
14 6 6 0 0 0 
15 6 6 0 0 0 
0 7 7 0 0 0 
1 7 7 0 0 0 
2 7 7 0 0 0 
3 7 7 0 0 0 
4 7 7 0 0 0 
5 7 7 0 0 0 
6 7 7 0 0 0 
7 7 7 0 0 0 
8 7 7 0 0 0 
9 7 7 0 0 0 
10 7 7 0 0 0 
11 7 7 0 0 0 
12 7 7 0 0 0 
13 7 7 0 0 0 
14 7 7 0 0 0 
15 7 7 0 0 0 
0 8 8 0 0 0 
1 8 8 0 0 0 
2 8 8 0 0 0 
3 8 8 0 0 0 
4 8 8 0 0 0 
5 8 8 0 0 0 
6 8 8 0 0 0 
7 8 8 0 0 0 
8 8 8 0 0 0 
9 8 8 0 0 0 
10 8 8 0 0 0 
11 8 8 0 0 0 
12 8 8 0 0 0 
13 8 8 0 0 0 
14 8 8 0 0 0 
15 8 8 0 0 0 
0 9 9 0 0 0 
1 9 9 0 0 0 
2 9 9 0 0 0 
3 9 9 0 0 0 
4 9 9 0 0 0 
5 9 9 0 0 0 
6 9 9 0 0 0 
7 9 9 0 0 0 
8 9 9 0 0 0 
9 9 9 0 0 0 
10 9 9 0 0 0 
11 9 9 0 0 0 
12 9 9 0 0 0 
13 9 9 0 0 0 
14 9 9 0 0 0 
15 9 9 0 0 0 
0 10 10 0 0 0 
1 10 10 0 0 0 
2 10 10 0 0 0 
3 10 10 0 0 0 
4 10 10 0 0 0 
5 10 10 0 0 0 
6 10 10 0 0 0 
7 10 10 0 0 0 
8 10 10 0 0 0 
9 10 10 0 0 0 
10 10 10 0 0 0 
11 10 10 0 0 0 
12 10 10 0 0 0 
13 10 10 0 0 0 
14 10 10 0 0 0 
15 10 10 0 0 0 
0 11 11 0 0 0 
1 11 11 0 0 0 
2 11 11 0 0 0 
3 11 11 0 0 0 
4 11 11 0 0 0 
5 11 11 0 0 0 
6 11 11 0 0 0 
7 11 11 0 0 0 
8 11 11 0 0 0 
9 11 11 0 0 0 
10 11 11 0 0 0 
11 11 11 0 0 0 
12 11 11 0 0 0 
13 11 11 0 0 0 
14 11 11 0 0 0 
15 11 11 0 0 0 
0 12 12 0 0 0 
1 12 12 0 0 0 
2 12 12 0 0 0 
3 12 12 0 0 0 
4 12 12 0 0 0 
5 12 12 0 0 0 
6 12 12 0 0 0 
7 12 12 0 0 0 
8 12 12 0 0 0 
9 12 12 0 0 0 
10 12 12 0 0 0 
11 12 12 0 0 0 
12 12 12 0 0 0 
13 12 12 0 0 0 
14 12 12 0 0 0 
15 12 12 0 0 0 
0 13 13 0 0 0 
1 13 13 0 0 0 
2 13 13 0 0 0 
3 13 13 0 0 0 
4 13 13 0 0 0 
5 13 13 0 0 0 
6 13 13 0 0 0 
7 13 13 0 0 0 
8 13 13 0 0 0 
9 13 13 0 0 0 
10 13 13 0 0 0 
11 13 13 0 0 0 
12 13 13 0 0 0 
13 13 13 0 0 0 
14 13 13 0 0 0 
15 13 13 0 0 0 
0 14 14 0 0 0 
1 14 14 0 0 0 
2 14 14 0 0 0 
3 14 14 0 0 0 
4 14 14 0 0 0 
5 14 14 0 0 0 
6 14 14 0 0 0 
7 14 14 0 0 0 
8 14 14 0 0 0 
9 14 14 0 0 0 
10 14 14 0 0 0 
11 14 14 0 0 0 
12 14 14 0 0 0 
13 14 14 0 0 0 
14 14 14 0 0 0 
15 14 14 0 0 0 
0 15 15 0 0 0 
1 15 15 0 0 0 
2 15 15 0 0 0 
3 15 15 0 0 0 
4 15 15 0 0 0 
5 15 15 0 0 0 
6 15 15 0 0 0 
7 15 15 0 0 0 
8 15 15 0 0 0 
9 15 15 0 0 0 
10 15 15 0 0 0 
11 15 15 0 0 0 
12 15 15 0 0 0 
13 15 15 0 0 0 
14 15 15 0 0 0 
15 15 15 0 0 0 
