0 0 0 0 0 0 
1 0 0 0 0 0 
2 0 0 0 0 0 
3 0 0 0 0 0 
4 0 0 0 0 0 
5 0 0 0 0 0 
6 0 0 0 0 0 
7 0 0 0 0 0 
0 1 1 0 0 0 
1 1 1 0 0 0 
2 1 1 0 0 0 
3 1 1 0 0 0 
4 1 1 0 0 0 
5 1 1 0 0 0 
6 1 1 0 0 0 
7 1 1 0 0 0 
0 2 2 0 0 0 
1 2 2 0 0 0 
2 2 2 0 0 0 
3 2 2 0 0 0 
4 2 2 0 0 0 
5 2 2 0 0 0 
6 2 2 0 0 0 
7 2 2 0 0 0 
0 3 3 0 0 0 
1 3 3 0 0 0 
2 3 3 0 0 0 
3 3 3 0 0 0 
4 3 3 0 0 0 
5 3 3 0 0 0 
6 3 3 0 0 0 
7 3 3 0 0 0 
0 4 4 0 0 0 
1 4 4 0 0 0 
2 4 4 0 0 0 
3 4 4 0 0 0 
4 4 4 0 0 0 
5 4 4 0 0 0 
6 4 4 0 0 0 
7 4 4 0 0 0 
0 5 5 0 0 0 
1 5 5 0 0 0 
2 5 5 0 0 0 
3 5 5 0 0 0 
4 5 5 0 0 0 
5 5 5 0 0 0 
6 5 5 0 0 0 
7 5 5 0 0 0 
0 6 6 0 0 0 
1 6 6 0 0 0 
2 6 6 0 0 0 
3 6 6 0 0 0 
4 6 6 0 0 0 
5 6 6 0 0 0 
6 6 6 0 0 0 
7 6 6 0 0 0 
0 7 7 0 0 0 
1 7 7 0 0 0 
2 7 7 0 0 0 
3 7 7 0 0 0 
4 7 7 0 0 0 
5 7 7 0 0 0 
6 7 7 0 0 0 
7 7 7 0 0 0 
0 0 0 0 0 0 
1 0 0 0 0 0 
2 0 0 0 0 0 
3 0 0 0 0 0 
4 0 0 0 0 0 
5 0 0 0 0 0 
6 0 0 0 0 0 
7 0 0 0 0 0 
0 1 1 0 0 0 
1 1 1 0 0 0 
2 1 1 0 0 0 
3 1 1 0 0 0 
4 1 1 0 0 0 
5 1 1 0 0 0 
6 1 1 0 0 0 
7 1 1 0 0 0 
0 2 2 0.0564593 -5.65039e-05 -7.66588e-05 
1 2 2 0.0569461 -2.58767e-05 2.29324e-05 
2 2 2 0.0563143 -5.62396e-05 9.52396e-05 
3 2 2 0.0554309 -9.69708e-05 0.000120995 
4 2 2 0.0548447 -0.000255233 0.000646031 
5 2 2 0.0535525 3.08812e-05 -0.000468519 
6 2 2 0.0553392 -1.52091e-05 -3.42643e-05 
7 2 2 0.054551 0.000380198 0.000571046 
0 3 3 0.250942 -0.000173958 -0.000659404 
1 3 3 0.251687 -3.24702e-05 0.000231837 
2 3 3 0.248631 -0.000284547 0.000612107 
3 3 3 0.245277 -0.000457053 0.000551458 
4 3 3 0.244338 -3.05971e-06 0.000793143 
5 3 3 0.24522 -0.000997257 -0.000727714 
6 3 3 0.246791 -0.000249487 -0.000346034 
7 3 3 0.256024 -0.000217236 -0.000720711 
0 4 4 0.260907 3.33585e-05 -0.000730575 
1 4 4 0.261611 -7.48447e-05 0.000212654 
2 4 4 0.258586 -0.00040479 0.000471767 
3 4 4 0.255431 -0.000571595 0.000296381 
4 4 4 0.25428 -0.000429465 -3.209e-05 
5 4 4 0.255191 -0.000442754 -0.000350124 
6 4 4 0.257522 -0.000174092 -0.000430759 
7 4 4 0.266695 0.000111648 -0.000750957 
0 5 5 0.0795657 5.3461e-05 -0.000132301 
1 5 5 0.0801613 -3.7795e-05 -4.66309e-06 
2 5 5 0.0793217 -0.000130716 1.42501e-05 
3 5 5 0.0782695 -0.000162232 -1.56774e-05 
4 5 5 0.0777164 -0.000127894 -4.75867e-05 
5 5 5 0.0778596 -7.18131e-05 -7.2303e-05 
6 5 5 0.0785458 -1.41042e-05 -7.17577e-05 
7 5 5 0.0776281 -0.00028407 0.00044269 
0 6 6 0 0 0 
1 6 6 0 0 0 
2 6 6 0 0 0 
3 6 6 0 0 0 
4 6 6 0 0 0 
5 6 6 0 0 0 
6 6 6 0 0 0 
7 6 6 0 0 0 
0 7 7 0 0 0 
1 7 7 0 0 0 
2 7 7 0 0 0 
3 7 7 0 0 0 
4 7 7 0 0 0 
5 7 7 0 0 0 
6 7 7 0 0 0 
7 7 7 0 0 0 
0 0 0 0 0 0 
1 0 0 0 0 0 
2 0 0 0 0 0 
3 0 0 0 0 0 
4 0 0 0 0 0 
5 0 0 0 0 0 
6 0 0 0 0 0 
7 0 0 0 0 0 
0 1 1 0.0602892 -7.6835e-05 -5.58043e-05 
1 1 1 0.0607525 -3.9198e-06 2.63976e-05 
2 1 1 0.0600613 1.04898e-05 9.74565e-05 
3 1 1 0.0591477 -9.05888e-06 0.000126659 
4 1 1 0.0586333 -2.97039e-05 0.000102344 
5 1 1 0.0586159 -1.0761e-05 -2.88869e-06 
6 1 1 0.0590457 -1.54265e-05 -4.18051e-05 
7 1 1 0.0581171 0.000591261 0.000389568 
0 2 2 0.470362 -0.000868798 -0.00120626 
1 2 2 0.470039 0.000936754 0.000508663 
2 2 2 0.464866 0.00111855 0.0013713 
3 2 2 0.459923 0.000387658 0.00142811 
4 2 2 0.458744 -0.000386857 0.00106853 
5 2 2 0.459484 -0.000813765 -0.000526992 
6 2 2 0.462391 -0.000720639 -0.000790362 
7 2 2 0.48061 -0.00103369 -0.00131597 
0 3 3 0.82898 -0.000714886 -0.00352131 
1 3 3 0.830023 0.00166232 0.00160949 
2 3 3 0.826358 0.00197639 0.00322202 
3 3 3 0.822212 0.000933153 0.00250894 
4 3 3 0.821402 -0.000325401 0.00077386 
5 3 3 0.821704 -0.00126556 -0.00152525 
6 3 3 0.822674 -0.00116171 -0.00231741 
7 3 3 0.836076 -0.000978538 -0.00311459 
0 4 4 0.846731 0.00159008 -0.00373129 
1 4 4 0.848624 0.000468097 0.00195329 
2 4 4 0.846299 -8.1965e-05 0.00334484 
3 4 4 0.843611 -0.000350665 0.00202006 
4 4 4 0.842527 -0.000276152 -0.000173325 
5 4 4 0.843261 -6.96177e-05 -0.00216798 
6 4 4 0.845491 0.000368078 -0.00272828 
7 4 4 0.857567 0.000923525 -0.00329214 
0 5 5 0.500608 0.00145515 -0.00127895 
1 5 5 0.50162 -0.000358171 0.000783919 
2 5 5 0.498018 -0.00104763 0.00105225 
3 5 5 0.494566 -0.000903307 0.000351767 
4 5 5 0.493519 -0.000287474 -0.000510906 
5 5 5 0.495306 0.000430622 -0.00110839 
6 5 5 0.498928 0.00075725 -0.00109299 
7 5 5 0.517419 0.0013281 -0.00140517 
0 6 6 0.0884817 0.000136463 -0.000102456 
1 6 6 0.0891748 -2.45884e-05 -1.50227e-05 
2 6 6 0.088266 -0.000105844 -1.49275e-05 
3 6 6 0.0871258 -0.000107631 -4.45882e-05 
4 6 6 0.0865282 -5.9585e-05 -6.50928e-05 
5 6 6 0.0867211 3.71338e-06 -6.96144e-05 
6 6 6 0.0875305 4.53657e-05 -5.75924e-05 
7 6 6 0.0865576 -0.000474053 0.000251024 
0 7 7 0 0 0 
1 7 7 0 0 0 
2 7 7 0 0 0 
3 7 7 0 0 0 
4 7 7 0 0 0 
5 7 7 0 0 0 
6 7 7 0 0 0 
7 7 7 0 0 0 
0 0 0 0 0 0 
1 0 0 0 0 0 
2 0 0 0 0 0 
3 0 0 0 0 0 
4 0 0 0 0 0 
5 0 0 0 0 0 
6 0 0 0 0 0 
7 0 0 0 0 0 
0 1 1 0.216281 -0.000511544 -0.000142982 
1 1 1 0.216618 0.000188541 4.31201e-05 
2 1 1 0.213727 0.00043276 0.000207211 
3 1 1 0.21071 0.000333872 0.000261631 
4 1 1 0.209287 8.90847e-05 0.000179489 
5 1 1 0.209818 -0.000146704 -4.66768e-06 
6 1 1 0.211641 -0.000242932 -0.00012225 
7 1 1 0.218664 -0.000587627 -0.000167716 
0 2 2 0.804001 -0.00268599 -0.00113357 
1 2 2 0.803734 0.00253903 0.000358498 
2 2 2 0.798622 0.00399801 0.00103343 
3 2 2 0.793437 0.00279243 0.00105653 
4 2 2 0.790837 0.00056337 0.000603122 
5 2 2 0.791156 -0.00141941 -0.000208484 
6 2 2 0.793442 -0.00209335 -0.000695977 
7 2 2 0.806638 -0.00270936 -0.00105377 
0 3 3 1.63904 -0.00283841 -0.00459969 
1 3 3 1.63528 0.00388287 0.00123895 
2 3 3 1.64168 0.00663747 0.00328084 
3 3 3 1.64832 0.00554727 0.002616 
4 3 3 1.65072 0.0025088 0.000834344 
5 3 3 1.64786 -0.000700518 -0.00132757 
6 3 3 1.64126 -0.0023759 -0.00254943 
7 3 3 1.62466 -0.00272283 -0.00308102 
0 4 4 1.6754 0.00646926 -0.00492403 
1 4 4 1.67334 0.000588201 0.00174679 
2 4 4 1.68371 -0.000608169 0.00379507 
3 4 4 1.69494 0.000533475 0.00253254 
4 4 4 1.7006 0.00190342 0.000141974 
5 4 4 1.69894 0.00290102 -0.0021061 
6 4 4 1.69187 0.00326648 -0.00313486 
7 4 4 1.67427 0.0034356 -0.00334539 
0 5 5 0.862831 0.00436609 -0.00130005 
1 5 5 0.865735 -0.00115106 0.000731108 
2 5 5 0.864847 -0.00246801 0.00113332 
3 5 5 0.863594 -0.00134392 0.000545888 
4 5 5 0.863361 0.000530499 -0.000289035 
5 5 5 0.864493 0.0022129 -0.00094022 
6 5 5 0.866874 0.00276575 -0.00106835 
7 5 5 0.878671 0.00343727 -0.00119347 
0 6 6 0.280423 0.000805661 -0.00017604 
1 6 6 0.281427 -0.000223757 1.48447e-05 
2 6 6 0.278603 -0.000536341 3.73774e-05 
3 6 6 0.275695 -0.000365451 -1.77914e-05 
4 6 6 0.274647 -3.37246e-06 -8.29508e-05 
5 6 6 0.275924 0.000341944 -0.000131078 
6 6 6 0.278736 0.000453244 -0.00012881 
7 6 6 0.289174 0.000836387 -0.000261192 
0 7 7 0 0 0 
1 7 7 0 0 0 
2 7 7 0 0 0 
3 7 7 0 0 0 
4 7 7 0 0 0 
5 7 7 0 0 0 
6 7 7 0 0 0 
7 7 7 0 0 0 
0 0 0 0 0 0 
1 0 0 0 0 0 
2 0 0 0 0 0 
3 0 0 0 0 0 
4 0 0 0 0 0 
5 0 0 0 0 0 
6 0 0 0 0 0 
7 0 0 0 0 0 
0 1 1 0.216152 -0.000529222 5.47781e-05 
1 1 1 0.216493 0.000183682 -7.14925e-05 
2 1 1 0.21359 0.000448115 -0.000132469 
3 1 1 0.21056 0.000361938 -0.000121174 
4 1 1 0.209103 0.000110521 -7.7813e-05 
5 1 1 0.209627 -0.000155348 -3.57879e-05 
6 1 1 0.211482 -0.000271421 -1.82666e-05 
7 1 1 0.218521 -0.000609912 3.52982e-05 
0 2 2 0.803281 -0.0027262 0.000971554 
1 2 2 0.802962 0.00250006 -0.0005607 
2 2 2 0.797763 0.00400783 -0.00109326 
3 2 2 0.792526 0.00285673 -0.000901389 
4 2 2 0.789853 0.000648401 -0.000351817 
5 2 2 0.790197 -0.00140927 0.000246097 
6 2 2 0.792571 -0.00215009 0.000520697 
7 2 2 0.805742 -0.00278191 0.000744853 
0 3 3 1.63767 -0.00283029 0.00444547 
1 3 3 1.63379 0.00387601 -0.00149046 
2 3 3 1.63998 0.00663672 -0.00354768 
3 3 3 1.64646 0.00555677 -0.00273753 
4 3 3 1.64874 0.00252398 -0.000759882 
5 3 3 1.64594 -0.000672668 0.001319 
6 3 3 1.63949 -0.0023809 0.00248651 
7 3 3 1.62286 -0.00273277 0.00286483 
0 4 4 1.67485 0.00650463 0.00484939 
1 4 4 1.67279 0.00067314 -0.0019009 
2 4 4 1.68307 -0.000554095 -0.0040135 
3 4 4 1.69413 0.000505791 -0.00270366 
4 4 4 1.69964 0.00181865 -0.000201109 
5 4 4 1.69794 0.00284776 0.00209398 
6 4 4 1.69093 0.00327748 0.00312036 
7 4 4 1.67337 0.00351339 0.00324034 
0 5 5 0.86268 0.00438755 0.00125834 
1 5 5 0.86561 -0.00110606 -0.00084767 
2 5 5 0.864706 -0.0024505 -0.00122384 
3 5 5 0.863391 -0.00137458 -0.000535939 
4 5 5 0.863088 0.0004777 0.000371351 
5 5 5 0.864192 0.00218463 0.000996133 
6 5 5 0.866592 0.0027848 0.00102886 
7 5 5 0.878419 0.00348867 0.00106781 
0 6 6 0.280347 0.000814451 0.000135578 
1 6 6 0.281362 -0.000215054 -5.56827e-05 
2 6 6 0.278534 -0.000541365 -2.04005e-05 
3 6 6 0.275609 -0.000382138 8.77103e-05 
4 6 6 0.274544 -1.82429e-05 0.000146627 
5 6 6 0.275816 0.000341055 0.0001317 
6 6 6 0.278638 0.00046659 6.67938e-05 
7 6 6 0.289086 0.000853306 0.000181895 
0 7 7 0 0 0 
1 7 7 0 0 0 
2 7 7 0 0 0 
3 7 7 0 0 0 
4 7 7 0 0 0 
5 7 7 0 0 0 
6 7 7 0 0 0 
7 7 7 0 0 0 
0 0 0 0 0 0 
1 0 0 0 0 0 
2 0 0 0 0 0 
3 0 0 0 0 0 
4 0 0 0 0 0 
5 0 0 0 0 0 
6 0 0 0 0 0 
7 0 0 0 0 0 
0 1 1 0.0600719 -8.95356e-05 3.37674e-05 
1 1 1 0.0605302 -4.25064e-06 -2.63432e-05 
2 1 1 0.0598309 2.20647e-05 -7.67389e-05 
3 1 1 0.0589173 1.20589e-05 -8.88202e-05 
4 1 1 0.0583547 -8.62688e-06 -6.70995e-05 
5 1 1 0.0583545 -2.87084e-05 -2.89453e-05 
6 1 1 0.0588189 -3.83382e-05 1.64875e-07 
7 1 1 0.0578945 0.00057605 -0.000414572 
0 2 2 0.471201 -0.000972022 0.00105939 
1 2 2 0.470673 0.000904988 -0.000596373 
2 2 2 0.465346 0.00117984 -0.00134057 
3 2 2 0.460416 0.000538629 -0.0012449 
4 2 2 0.458432 -0.000281627 -0.000603456 
5 2 2 0.459772 -0.000857575 0.000192103 
6 2 2 0.463109 -0.000868572 0.000591092 
7 2 2 0.481857 -0.0011644 0.00111085 
0 3 3 0.830236 -0.000668294 0.00342102 
1 3 3 0.830945 0.00168341 -0.00173381 
2 3 3 0.827004 0.00197129 -0.00331458 
3 3 3 0.822844 0.000880412 -0.00246291 
4 3 3 0.820765 -0.000417601 -0.000559917 
5 3 3 0.821268 -0.00118564 0.00138211 
6 3 3 0.823646 -0.00110386 0.00221212 
7 3 3 0.836949 -0.000928638 0.00296628 
0 4 4 0.845331 0.00171141 0.00366983 
1 4 4 0.847143 0.000565281 -0.0020296 
2 4 4 0.844651 -0.00010351 -0.00340598 
3 4 4 0.841801 -0.000508722 -0.00202714 
4 4 4 0.840512 -0.000506421 0.000221337 
5 4 4 0.841271 -3.58419e-05 0.00213897 
6 4 4 0.843666 0.000515064 0.00267518 
7 4 4 0.85571 0.00111605 0.00318687 
0 5 5 0.500245 0.00152271 0.00122645 
1 5 5 0.501303 -0.000297474 -0.000838701 
2 5 5 0.49766 -0.0010714 -0.00104917 
3 5 5 0.494099 -0.00100537 -0.000288598 
4 5 5 0.492936 -0.0003918 0.000579885 
5 5 5 0.494685 0.000416936 0.00111192 
6 5 5 0.498362 0.000841388 0.00102257 
7 5 5 0.516917 0.00144705 0.00130026 
0 6 6 0.0882995 0.000143644 9.0297e-05 
1 6 6 0.0890002 -2.03771e-05 8.28462e-06 
2 6 6 0.0880913 -0.0001131 2.59931e-05 
3 6 6 0.0869372 -0.000122024 6.70402e-05 
4 6 6 0.0863234 -6.9976e-05 8.02835e-05 
5 6 6 0.0865122 6.23713e-06 6.37901e-05 
6 6 6 0.0873318 5.82412e-05 3.61698e-05 
7 6 6 0.0863734 -0.000461832 -0.00027065 
0 7 7 0 0 0 
1 7 7 0 0 0 
2 7 7 0 0 0 
3 7 7 0 0 0 
4 7 7 0 0 0 
5 7 7 0 0 0 
6 7 7 0 0 0 
7 7 7 0 0 0 
0 0 0 0 0 0 
1 0 0 0 0 0 
2 0 0 0 0 0 
3 0 0 0 0 0 
4 0 0 0 0 0 
5 0 0 0 0 0 
6 0 0 0 0 0 
7 0 0 0 0 0 
0 1 1 0 0 0 
1 1 1 0 0 0 
2 1 1 0 0 0 
3 1 1 0 0 0 
4 1 1 0 0 0 
5 1 1 0 0 0 
6 1 1 0 0 0 
7 1 1 0 0 0 
0 2 2 0.0637036 -8.52375e-05 6.86791e-05 
1 2 2 0.0641825 -2.47525e-05 -2.46117e-05 
2 2 2 0.063451 -4.41488e-05 -9.23298e-05 
3 2 2 0.0625032 -7.6855e-05 -0.000106538 
4 2 2 0.0619276 -8.35706e-05 -7.476e-05 
5 2 2 0.0619468 -6.6498e-05 -2.14944e-05 
6 2 2 0.0624562 -4.16582e-05 1.91936e-05 
7 2 2 0.0615354 0.000422687 -0.000593374 
0 3 3 0.252108 -9.54745e-05 0.000645021 
1 3 3 0.252643 -4.47909e-05 -0.000256297 
2 3 3 0.249516 -0.00033693 -0.000631343 
3 3 3 0.246281 -0.000571331 -0.000550692 
4 3 3 0.244847 -0.000556077 -0.000217991 
5 3 3 0.24568 -0.000348831 0.000158834 
6 3 3 0.248017 -0.000127273 0.000333485 
7 3 3 0.256456 -0.000156415 0.000690123 
0 4 4 0.260036 0.000132557 0.000711157 
1 4 4 0.260698 -7.59036e-05 -0.000219036 
2 4 4 0.257613 -0.000481127 -0.0004641 
3 4 4 0.254422 -0.000706404 -0.000278112 
4 4 4 0.253077 -0.000608723 4.77502e-05 
5 4 4 0.254045 -0.000296394 0.000331378 
6 4 4 0.256534 -4.02932e-06 0.000399135 
7 4 4 0.265652 0.00022204 0.000715048 
0 5 5 0.0793637 7.2126e-05 0.000122771 
1 5 5 0.0799701 -3.65689e-05 4.10476e-06 
2 5 5 0.0791236 -0.000150847 -4.12974e-06 
3 5 5 0.0780486 -0.000193399 3.04599e-05 
4 5 5 0.0774581 -0.000149238 5.69539e-05 
5 5 5 0.0775967 -5.60965e-05 6.36522e-05 
6 5 5 0.0783116 1.91542e-05 5.45752e-05 
7 5 5 0.07742 -0.000261104 -0.000454606 
0 6 6 0 0 0 
1 6 6 0 0 0 
2 6 6 0 0 0 
3 6 6 0 0 0 
4 6 6 0 0 0 
5 6 6 0 0 0 
6 6 6 0 0 0 
7 6 6 0 0 0 
0 7 7 0 0 0 
1 7 7 0 0 0 
2 7 7 0 0 0 
3 7 7 0 0 0 
4 7 7 0 0 0 
5 7 7 0 0 0 
6 7 7 0 0 0 
7 7 7 0 0 0 
0 0 0 0 0 0 
1 0 0 0 0 0 
2 0 0 0 0 0 
3 0 0 0 0 0 
4 0 0 0 0 0 
5 0 0 0 0 0 
6 0 0 0 0 0 
7 0 0 0 0 0 
0 1 1 0 0 0 
1 1 1 0 0 0 
2 1 1 0 0 0 
3 1 1 0 0 0 
4 1 1 0 0 0 
5 1 1 0 0 0 
6 1 1 0 0 0 
7 1 1 0 0 0 
0 2 2 0 0 0 
1 2 2 0 0 0 
2 2 2 0 0 0 
3 2 2 0 0 0 
4 2 2 0 0 0 
5 2 2 0 0 0 
6 2 2 0 0 0 
7 2 2 0 0 0 
0 3 3 0 0 0 
1 3 3 0 0 0 
2 3 3 0 0 0 
3 3 3 0 0 0 
4 3 3 0 0 0 
5 3 3 0 0 0 
6 3 3 0 0 0 
7 3 3 0 0 0 
0 4 4 0 0 0 
1 4 4 0 0 0 
2 4 4 0 0 0 
3 4 4 0 0 0 
4 4 4 0 0 0 
5 4 4 0 0 0 
6 4 4 0 0 0 
7 4 4 0 0 0 
0 5 5 0 0 0 
1 5 5 0 0 0 
2 5 5 0 0 0 
3 5 5 0 0 0 
4 5 5 0 0 0 
5 5 5 0 0 0 
6 5 5 0 0 0 
7 5 5 0 0 0 
0 6 6 0 0 0 
1 6 6 0 0 0 
2 6 6 0 0 0 
3 6 6 0 0 0 
4 6 6 0 0 0 
5 6 6 0 0 0 
6 6 6 0 0 0 
7 6 6 0 0 0 
0 7 7 0 0 0 
1 7 7 0 0 0 
2 7 7 0 0 0 
3 7 7 0 0 0 
4 7 7 0 0 0 
5 7 7 0 0 0 
6 7 7 0 0 0 
7 7 7 0 0 0 
