0 0 0 0 0 0 
1 0 0 0 0 0 
2 0 0 0 0 0 
3 0 0 0 0 0 
4 0 0 0 0 0 
5 0 0 0 0 0 
6 0 0 0 0 0 
7 0 0 0 0 0 
0 1 1 0 0 0 
1 1 1 0 0 0 
2 1 1 0 0 0 
3 1 1 0 0 0 
4 1 1 0 0 0 
5 1 1 0 0 0 
6 1 1 0 0 0 
7 1 1 0 0 0 
0 2 2 0 0 0 
1 2 2 0 0 0 
2 2 2 0 0 0 
3 2 2 0 0 0 
4 2 2 0 0 0 
5 2 2 0 0 0 
6 2 2 0 0 0 
7 2 2 0 0 0 
0 3 3 0 0 0 
1 3 3 0 0 0 
2 3 3 0 0 0 
3 3 3 0 0 0 
4 3 3 0 0 0 
5 3 3 0 0 0 
6 3 3 0 0 0 
7 3 3 0 0 0 
0 4 4 0 0 0 
1 4 4 0 0 0 
2 4 4 0 0 0 
3 4 4 0 0 0 
4 4 4 0 0 0 
5 4 4 0 0 0 
6 4 4 0 0 0 
7 4 4 0 0 0 
0 5 5 0 0 0 
1 5 5 0 0 0 
2 5 5 0 0 0 
3 5 5 0 0 0 
4 5 5 0 0 0 
5 5 5 0 0 0 
6 5 5 0 0 0 
7 5 5 0 0 0 
0 6 6 0 0 0 
1 6 6 0 0 0 
2 6 6 0 0 0 
3 6 6 0 0 0 
4 6 6 0 0 0 
5 6 6 0 0 0 
6 6 6 0 0 0 
7 6 6 0 0 0 
0 7 7 0 0 0 
1 7 7 0 0 0 
2 7 7 0 0 0 
3 7 7 0 0 0 
4 7 7 0 0 0 
5 7 7 0 0 0 
6 7 7 0 0 0 
7 7 7 0 0 0 
0 0 0 0 0 0 
1 0 0 0 0 0 
2 0 0 0 0 0 
3 0 0 0 0 0 
4 0 0 0 0 0 
5 0 0 0 0 0 
6 0 0 0 0 0 
7 0 0 0 0 0 
0 1 1 0 0 0 
1 1 1 0 0 0 
2 1 1 0 0 0 
3 1 1 0 0 0 
4 1 1 0 0 0 
5 1 1 0 0 0 
6 1 1 0 0 0 
7 1 1 0 0 0 
0 2 2 0.0339112 -0.000103048 0.000167684 
1 2 2 0.0328824 -0.000153314 0.000150381 
2 2 2 0.0327704 -0.000140723 7.18394e-05 
3 2 2 0.0334973 -0.000106982 -2.90374e-06 
4 2 2 0.0350402 -0.000205295 0.000166698 
5 2 2 0.034351 0.000148455 -0.000277685 
6 2 2 0.0357581 -3.82779e-05 3.02088e-07 
7 2 2 0.0344874 0.000276443 0.000598612 
0 3 3 0.244069 -0.000509561 0.00090342 
1 3 3 0.241002 -0.000842823 0.000434644 
2 3 3 0.241946 -0.000813131 -0.000183928 
3 3 3 0.246014 -0.000372922 -0.000634099 
4 3 3 0.252038 0.000420241 -0.000340132 
5 3 3 0.254634 -0.000617839 -0.000491014 
6 3 3 0.254481 -0.000265855 -1.5103e-05 
7 3 3 0.264157 -0.00078591 -0.00188855 
0 4 4 0.25784 -0.000760259 0.000677498 
1 4 4 0.254925 -0.000903582 2.60726e-05 
2 4 4 0.256214 -0.000697943 -0.000574569 
3 4 4 0.260736 -0.000157518 -0.000851941 
4 4 4 0.266275 0.000311832 -0.000726238 
5 4 4 0.269586 -0.000206548 -0.000338388 
6 4 4 0.269843 -0.000285676 -2.18761e-07 
7 4 4 0.279596 0.000254203 -0.00200383 
0 5 5 0.0527721 -0.000255972 1.31759e-05 
1 5 5 0.051571 -0.000242784 -7.27292e-05 
2 5 5 0.0516892 -0.000141718 -0.000125814 
3 5 5 0.0529553 9.70669e-07 -0.000125381 
4 5 5 0.0546932 7.24153e-05 -9.40139e-05 
5 5 5 0.0559336 3.79584e-06 -6.93005e-05 
6 5 5 0.056251 -5.68685e-05 -3.3305e-05 
7 5 5 0.0544728 -0.000175174 0.000256103 
0 6 6 0 0 0 
1 6 6 0 0 0 
2 6 6 0 0 0 
3 6 6 0 0 0 
4 6 6 0 0 0 
5 6 6 0 0 0 
6 6 6 0 0 0 
7 6 6 0 0 0 
0 7 7 0 0 0 
1 7 7 0 0 0 
2 7 7 0 0 0 
3 7 7 0 0 0 
4 7 7 0 0 0 
5 7 7 0 0 0 
6 7 7 0 0 0 
7 7 7 0 0 0 
0 0 0 0 0 0 
1 0 0 0 0 0 
2 0 0 0 0 0 
3 0 0 0 0 0 
4 0 0 0 0 0 
5 0 0 0 0 0 
6 0 0 0 0 0 
7 0 0 0 0 0 
0 1 1 0.0361259 3.65021e-05 0.000151791 
1 1 1 0.0349908 -2.74192e-05 0.000164793 
2 1 1 0.0348672 -6.47831e-05 9.6933e-05 
3 1 1 0.035683 -8.81143e-05 3.10263e-05 
4 1 1 0.0369929 -8.49589e-05 -5.32535e-06 
5 1 1 0.037897 7.0931e-06 -9.30627e-05 
6 1 1 0.0380618 8.32812e-06 -1.25433e-05 
7 1 1 0.0365948 0.000556633 0.000423707 
0 2 2 0.540736 0.00181835 0.00176869 
1 2 2 0.535644 -6.67026e-05 0.00115655 
2 2 2 0.536653 -0.00147644 -2.06218e-05 
3 2 2 0.542318 -0.00202014 -0.000948512 
4 2 2 0.550271 -0.00155455 -0.000848658 
5 2 2 0.553594 -0.000198888 -0.000916173 
6 2 2 0.553472 0.000490418 -0.000143921 
7 2 2 0.572887 -0.00172878 -0.00154406 
0 3 3 0.986817 0.00312099 0.00438246 
1 3 3 0.982266 0.000681544 0.00135495 
2 3 3 0.981774 -0.00141245 -0.00196618 
3 3 3 0.984958 -0.00218189 -0.00409974 
4 3 3 0.991555 -0.00141429 -0.00372849 
5 3 3 0.995346 -0.000228162 -0.00196805 
6 3 3 0.994827 0.000591985 3.23266e-05 
7 3 3 1.00554 -0.000219276 -0.00160896 
0 4 4 1.00889 9.75131e-05 0.00473554 
1 4 4 1.00614 0.000116054 0.000723276 
2 4 4 1.00679 0.000411478 -0.00310289 
3 4 4 1.01047 0.00101843 -0.00516644 
4 4 4 1.01585 0.00149099 -0.00451002 
5 4 4 1.02014 0.000936043 -0.00197003 
6 4 4 1.02154 0.000267187 0.000319217 
7 4 4 1.03106 0.000853266 -0.00163835 
0 5 5 0.581055 -0.00143331 0.00143989 
1 5 5 0.578175 -0.000495245 -0.000389673 
2 5 5 0.580601 0.000705036 -0.00180909 
3 5 5 0.5871 0.00159747 -0.00226179 
4 5 5 0.594628 0.00163376 -0.00166989 
5 5 5 0.599653 0.000813043 -0.00063391 
6 5 5 0.600848 -0.000107587 0.000108058 
7 5 5 0.620464 0.0016558 -0.00192555 
0 6 6 0.0590248 -0.000193641 -3.76803e-05 
1 6 6 0.0577491 -0.00012428 -0.000108341 
2 6 6 0.0579408 -1.02122e-05 -0.00013003 
3 6 6 0.0593975 9.11074e-05 -0.000108488 
4 6 6 0.061329 0.000117119 -7.36885e-05 
5 6 6 0.0627398 5.95953e-05 -5.0709e-05 
6 6 6 0.0631667 -1.70358e-05 -3.87491e-05 
7 6 6 0.0612089 -0.000275693 4.25666e-05 
0 7 7 0 0 0 
1 7 7 0 0 0 
2 7 7 0 0 0 
3 7 7 0 0 0 
4 7 7 0 0 0 
5 7 7 0 0 0 
6 7 7 0 0 0 
7 7 7 0 0 0 
0 0 0 0 0 0 
1 0 0 0 0 0 
2 0 0 0 0 0 
3 0 0 0 0 0 
4 0 0 0 0 0 
5 0 0 0 0 0 
6 0 0 0 0 0 
7 0 0 0 0 0 
0 1 1 0.200138 0.000731743 0.000242642 
1 1 1 0.196767 0.000259792 0.000286541 
2 1 1 0.197234 -0.000236496 0.000166111 
3 1 1 0.200669 -0.000547708 2.30858e-05 
4 1 1 0.204946 -0.000527691 -6.17015e-05 
5 1 1 0.207616 -0.000212181 -0.00014365 
6 1 1 0.207828 8.73386e-05 -6.49384e-05 
7 1 1 0.214403 -0.00184559 -0.000259077 
0 2 2 0.955244 0.00605012 0.00126889 
1 2 2 0.948594 0.00223266 0.00069897 
2 2 2 0.947228 -0.00172168 -0.000163869 
3 2 2 0.950426 -0.00413352 -0.00089501 
4 2 2 0.955732 -0.0038937 -0.00101069 
5 2 2 0.959468 -0.00138932 -0.000725733 
6 2 2 0.959488 0.000997731 -0.000163352 
7 2 2 0.969285 -0.00101616 -0.000583536 
0 3 3 1.92745 0.0101486 0.00466395 
1 3 3 1.93403 0.00590844 0.00157921 
2 3 3 1.93077 0.000533597 -0.0017937 
3 3 3 1.91968 -0.00356234 -0.00423108 
4 3 3 1.90603 -0.00431601 -0.00440422 
5 3 3 1.89615 -0.00161455 -0.00253955 
6 3 3 1.89283 0.00175814 -0.00026313 
7 3 3 1.88236 0.00193007 -0.000240174 
0 4 4 1.96567 -0.000691183 0.00566125 
1 4 4 1.97832 0.0026021 0.00154236 
2 4 4 1.9786 0.00515474 -0.00267118 
3 4 4 1.9681 0.00636368 -0.00535701 
4 4 4 1.95328 0.00573169 -0.00524952 
5 4 4 1.94255 0.00350235 -0.00266438 
6 4 4 1.94027 0.00145013 5.22429e-05 
7 4 4 1.93201 0.00179767 -6.85025e-05 
0 5 5 1.02869 -0.00328145 0.00162832 
1 5 5 1.028 0.000250384 3.23448e-05 
2 5 5 1.02985 0.00358258 -0.00135481 
3 5 5 1.03396 0.00542338 -0.00199058 
4 5 5 1.03928 0.00485511 -0.00164853 
5 5 5 1.0438 0.00241545 -0.000695327 
6 5 5 1.04606 0.000121651 8.20671e-05 
7 5 5 1.05595 0.00201931 -0.000684776 
0 6 6 0.284524 -0.000776913 2.62329e-05 
1 6 6 0.282098 -0.000105499 -0.000134819 
2 6 6 0.283965 0.000568472 -0.000220736 
3 6 6 0.289073 0.000940228 -0.00022234 
4 6 6 0.294836 0.000833701 -0.000165234 
5 6 6 0.298596 0.000390305 -9.82279e-05 
6 6 6 0.299504 -4.12714e-05 -5.45854e-05 
7 6 6 0.310867 0.00204871 -0.000679606 
0 7 7 0 0 0 
1 7 7 0 0 0 
2 7 7 0 0 0 
3 7 7 0 0 0 
4 7 7 0 0 0 
5 7 7 0 0 0 
6 7 7 0 0 0 
7 7 7 0 0 0 
0 0 0 0 0 0 
1 0 0 0 0 0 
2 0 0 0 0 0 
3 0 0 0 0 0 
4 0 0 0 0 0 
5 0 0 0 0 0 
6 0 0 0 0 0 
7 0 0 0 0 0 
0 1 1 0.200027 0.000729218 -0.000262602 
1 1 1 0.196622 0.000284527 -0.00017319 
2 1 1 0.197074 -0.000211463 -3.56441e-05 
3 1 1 0.200505 -0.000527484 7.61975e-05 
4 1 1 0.204722 -0.000517145 9.43693e-05 
5 1 1 0.207389 -0.000244617 -7.9308e-07 
6 1 1 0.207685 5.54214e-05 -9.42282e-05 
7 1 1 0.214237 -0.00184591 0.000215536 
0 2 2 0.954483 0.00599311 -0.00158518 
1 2 2 0.947734 0.00226961 -0.000733729 
2 2 2 0.946335 -0.00164975 0.000340141 
3 2 2 0.949573 -0.00405975 0.00114286 
4 2 2 0.954809 -0.00381812 0.00120736 
5 2 2 0.958472 -0.00145884 0.000535696 
6 2 2 0.958589 0.00089031 -0.000248851 
7 2 2 0.968321 -0.00104791 0.000279664 
0 3 3 1.92589 0.0101374 -0.00519004 
1 3 3 1.9322 0.00593322 -0.0019782 
2 3 3 1.92886 0.000572341 0.00166562 
3 3 3 1.91786 -0.00353189 0.00435721 
4 3 3 1.9043 -0.00430465 0.00467365 
5 3 3 1.89435 -0.00163762 0.00246324 
6 3 3 1.89098 0.00174328 -0.000210794 
7 3 3 1.88034 0.00194471 -0.000273584 
0 4 4 1.96515 -0.000561224 -0.00602083 
1 4 4 1.97764 0.00264565 -0.00187315 
2 4 4 1.97779 0.00510433 0.00252168 
3 4 4 1.96727 0.00627888 0.00541147 
4 4 4 1.95248 0.00566068 0.00537587 
5 4 4 1.94173 0.00352566 0.00261641 
6 4 4 1.93941 0.0015584 -0.000344268 
7 4 4 1.93108 0.00189071 -0.000310185 
0 5 5 1.02856 -0.00322621 -0.00181109 
1 5 5 1.02784 0.00024696 -9.76032e-05 
2 5 5 1.02962 0.0035316 0.0014273 
3 5 5 1.0337 0.00536865 0.00211356 
4 5 5 1.039 0.00483468 0.00169782 
5 5 5 1.04352 0.0024483 0.000602195 
6 5 5 1.04578 0.00018064 -0.000269088 
7 5 5 1.05566 0.00206088 0.000506374 
0 6 6 0.284448 -0.000772988 -4.63686e-05 
1 6 6 0.282014 -0.000118753 0.000189624 
2 6 6 0.283865 0.000548845 0.0003056 
3 6 6 0.288961 0.000928176 0.000273518 
4 6 6 0.294714 0.000836267 0.000148604 
5 6 6 0.298474 0.000405145 2.82231e-05 
6 6 6 0.299392 -2.5588e-05 -2.10904e-05 
7 6 6 0.310754 0.00205512 0.000639483 
0 7 7 0 0 0 
1 7 7 0 0 0 
2 7 7 0 0 0 
3 7 7 0 0 0 
4 7 7 0 0 0 
5 7 7 0 0 0 
6 7 7 0 0 0 
7 7 7 0 0 0 
0 0 0 0 0 0 
1 0 0 0 0 0 
2 0 0 0 0 0 
3 0 0 0 0 0 
4 0 0 0 0 0 
5 0 0 0 0 0 
6 0 0 0 0 0 
7 0 0 0 0 0 
0 1 1 0.0359611 4.1613e-05 -0.000142971 
1 1 1 0.0347908 -7.81231e-06 -0.000130982 
2 1 1 0.0346592 -4.95627e-05 -6.96819e-05 
3 1 1 0.0354741 -7.09261e-05 -6.9776e-07 
4 1 1 0.0367053 -6.63989e-05 3.17866e-05 
5 1 1 0.0376378 -4.06285e-05 1.39384e-05 
6 1 1 0.0378925 -1.27248e-05 -2.51542e-05 
7 1 1 0.0363791 0.000561628 -0.000415927 
0 2 2 0.541738 0.00179295 -0.00194309 
1 2 2 0.536364 4.69547e-05 -0.00110868 
2 2 2 0.537363 -0.00137055 0.000130914 
3 2 2 0.54318 -0.00190066 0.00111858 
4 2 2 0.550111 -0.0014238 0.00125829 
5 2 2 0.55429 -0.00044335 0.000587366 
6 2 2 0.554474 0.000290784 -0.000264955 
7 2 2 0.574441 -0.00172576 0.00139646 
0 3 3 0.9881 0.00320297 -0.00468497 
1 3 3 0.983096 0.000710495 -0.00152141 
2 3 3 0.982558 -0.00139785 0.00193113 
3 3 3 0.985994 -0.00221354 0.00420333 
4 3 3 0.991243 -0.00158202 0.0040846 
5 3 3 0.99517 -0.000213675 0.00189483 
6 3 3 0.995932 0.000743147 -0.000426512 
7 3 3 1.0063 -0.00013748 0.00130923 
0 4 4 1.00732 0.000258601 -0.00489503 
1 4 4 1.00434 7.41901e-05 -0.000833424 
2 4 4 1.00486 0.000286964 0.00307495 
3 4 4 1.00857 0.000857078 0.00520959 
4 4 4 1.01385 0.00125607 0.00458853 
5 4 4 1.01807 0.00109884 0.00193907 
6 4 4 1.01955 0.000558302 -0.000495499 
7 4 4 1.02888 0.000981897 0.00144667 
0 5 5 0.580704 -0.00137216 -0.00150455 
1 5 5 0.577759 -0.000554824 0.000411825 
2 5 5 0.580087 0.000593774 0.00188325 
3 5 5 0.58653 0.00150406 0.00233308 
4 5 5 0.593985 0.00159643 0.00168939 
5 5 5 0.598967 0.000894194 0.000562627 
6 5 5 0.600231 1.67834e-05 -0.000224105 
7 5 5 0.619854 0.00171499 0.00183911 
0 6 6 0.0588745 -0.000192508 3.68332e-05 
1 6 6 0.0575927 -0.00013698 0.000128325 
2 6 6 0.0577686 -2.55935e-05 0.00015332 
3 6 6 0.0592097 8.1916e-05 0.00012169 
4 6 6 0.0611257 0.000119264 6.83768e-05 
5 6 6 0.0625371 7.35197e-05 2.79415e-05 
6 6 6 0.0629811 -3.1457e-06 1.61056e-05 
7 6 6 0.0610276 -0.000271654 -5.08177e-05 
0 7 7 0 0 0 
1 7 7 0 0 0 
2 7 7 0 0 0 
3 7 7 0 0 0 
4 7 7 0 0 0 
5 7 7 0 0 0 
6 7 7 0 0 0 
7 7 7 0 0 0 
0 0 0 0 0 0 
1 0 0 0 0 0 
2 0 0 0 0 0 
3 0 0 0 0 0 
4 0 0 0 0 0 
5 0 0 0 0 0 
6 0 0 0 0 0 
7 0 0 0 0 0 
0 1 1 0 0 0 
1 1 1 0 0 0 
2 1 1 0 0 0 
3 1 1 0 0 0 
4 1 1 0 0 0 
5 1 1 0 0 0 
6 1 1 0 0 0 
7 1 1 0 0 0 
0 2 2 0.0393387 -7.54251e-05 -0.000165544 
1 2 2 0.0381519 -0.000145075 -0.000144879 
2 2 2 0.0380502 -0.000149363 -6.74535e-05 
3 2 2 0.0389337 -0.000108689 1.74477e-05 
4 2 2 0.0402396 -6.0935e-05 5.66568e-05 
5 2 2 0.0412227 -3.18314e-05 3.41609e-05 
6 2 2 0.0414961 -2.72903e-05 -1.59348e-05 
7 2 2 0.0399454 0.000344595 -0.00062509 
0 3 3 0.245361 -0.000537755 -0.000981611 
1 3 3 0.242083 -0.000912585 -0.00047559 
2 3 3 0.243071 -0.000829202 0.000174425 
3 3 3 0.247323 -0.00045498 0.000636238 
4 3 3 0.252333 -0.00010944 0.000661433 
5 3 3 0.255525 4.46586e-06 0.000313055 
6 3 3 0.256037 -9.11455e-05 -9.82508e-05 
7 3 3 0.264454 -0.000804653 0.00179633 
0 4 4 0.256949 -0.000755218 -0.000696809 
1 4 4 0.253859 -0.00101241 -2.49433e-05 
2 4 4 0.255087 -0.000769315 0.000580554 
3 4 4 0.259611 -0.000273534 0.000869146 
4 4 4 0.264865 8.72178e-05 0.000732102 
5 4 4 0.268228 0.000115567 0.00032655 
6 4 4 0.268839 -7.78823e-05 -4.88245e-05 
7 4 4 0.278367 0.000220217 0.00196955 
0 5 5 0.0526179 -0.00025779 -1.23046e-05 
1 5 5 0.051392 -0.000271611 8.66683e-05 
2 5 5 0.0514848 -0.000167422 0.000137273 
3 5 5 0.0527317 -2.18177e-05 0.000135942 
4 5 5 0.054421 6.21642e-05 9.74875e-05 
5 5 5 0.0556695 4.63108e-05 4.88336e-05 
6 5 5 0.0560478 -2.25461e-05 1.55308e-05 
7 5 5 0.0542599 -0.000175894 -0.00025842 
0 6 6 0 0 0 
1 6 6 0 0 0 
2 6 6 0 0 0 
3 6 6 0 0 0 
4 6 6 0 0 0 
5 6 6 0 0 0 
6 6 6 0 0 0 
7 6 6 0 0 0 
0 7 7 0 0 0 
1 7 7 0 0 0 
2 7 7 0 0 0 
3 7 7 0 0 0 
4 7 7 0 0 0 
5 7 7 0 0 0 
6 7 7 0 0 0 
7 7 7 0 0 0 
0 0 0 0 0 0 
1 0 0 0 0 0 
2 0 0 0 0 0 
3 0 0 0 0 0 
4 0 0 0 0 0 
5 0 0 0 0 0 
6 0 0 0 0 0 
7 0 0 0 0 0 
0 1 1 0 0 0 
1 1 1 0 0 0 
2 1 1 0 0 0 
3 1 1 0 0 0 
4 1 1 0 0 0 
5 1 1 0 0 0 
6 1 1 0 0 0 
7 1 1 0 0 0 
0 2 2 0 0 0 
1 2 2 0 0 0 
2 2 2 0 0 0 
3 2 2 0 0 0 
4 2 2 0 0 0 
5 2 2 0 0 0 
6 2 2 0 0 0 
7 2 2 0 0 0 
0 3 3 0 0 0 
1 3 3 0 0 0 
2 3 3 0 0 0 
3 3 3 0 0 0 
4 3 3 0 0 0 
5 3 3 0 0 0 
6 3 3 0 0 0 
7 3 3 0 0 0 
0 4 4 0 0 0 
1 4 4 0 0 0 
2 4 4 0 0 0 
3 4 4 0 0 0 
4 4 4 0 0 0 
5 4 4 0 0 0 
6 4 4 0 0 0 
7 4 4 0 0 0 
0 5 5 0 0 0 
1 5 5 0 0 0 
2 5 5 0 0 0 
3 5 5 0 0 0 
4 5 5 0 0 0 
5 5 5 0 0 0 
6 5 5 0 0 0 
7 5 5 0 0 0 
0 6 6 0 0 0 
1 6 6 0 0 0 
2 6 6 0 0 0 
3 6 6 0 0 0 
4 6 6 0 0 0 
5 6 6 0 0 0 
6 6 6 0 0 0 
7 6 6 0 0 0 
0 7 7 0 0 0 
1 7 7 0 0 0 
2 7 7 0 0 0 
3 7 7 0 0 0 
4 7 7 0 0 0 
5 7 7 0 0 0 
6 7 7 0 0 0 
7 7 7 0 0 0 
