0 0 0 0 0 0 
1 0 0 0 0 0 
2 0 0 0 0 0 
3 0 0 0 0 0 
4 0 0 0 0 0 
5 0 0 0 0 0 
6 0 0 0 0 0 
7 0 0 0 0 0 
0 1 1 0 0 0 
1 1 1 0 0 0 
2 1 1 0 0 0 
3 1 1 0 0 0 
4 1 1 0 0 0 
5 1 1 0 0 0 
6 1 1 0 0 0 
7 1 1 0 0 0 
0 2 2 0 0 0 
1 2 2 0 0 0 
2 2 2 0 0 0 
3 2 2 0 0 0 
4 2 2 0 0 0 
5 2 2 0 0 0 
6 2 2 0 0 0 
7 2 2 0 0 0 
0 3 3 0 0 0 
1 3 3 0 0 0 
2 3 3 0 0 0 
3 3 3 0 0 0 
4 3 3 0 0 0 
5 3 3 0 0 0 
6 3 3 0 0 0 
7 3 3 0 0 0 
0 4 4 0 0 0 
1 4 4 0 0 0 
2 4 4 0 0 0 
3 4 4 0 0 0 
4 4 4 0 0 0 
5 4 4 0 0 0 
6 4 4 0 0 0 
7 4 4 0 0 0 
0 5 5 0 0 0 
1 5 5 0 0 0 
2 5 5 0 0 0 
3 5 5 0 0 0 
4 5 5 0 0 0 
5 5 5 0 0 0 
6 5 5 0 0 0 
7 5 5 0 0 0 
0 6 6 0 0 0 
1 6 6 0 0 0 
2 6 6 0 0 0 
3 6 6 0 0 0 
4 6 6 0 0 0 
5 6 6 0 0 0 
6 6 6 0 0 0 
7 6 6 0 0 0 
0 7 7 0 0 0 
1 7 7 0 0 0 
2 7 7 0 0 0 
3 7 7 0 0 0 
4 7 7 0 0 0 
5 7 7 0 0 0 
6 7 7 0 0 0 
7 7 7 0 0 0 
0 0 0 0 0 0 
1 0 0 0 0 0 
2 0 0 0 0 0 
3 0 0 0 0 0 
4 0 0 0 0 0 
5 0 0 0 0 0 
6 0 0 0 0 0 
7 0 0 0 0 0 
0 1 1 0 0 0 
1 1 1 0 0 0 
2 1 1 0 0 0 
3 1 1 0 0 0 
4 1 1 0 0 0 
5 1 1 0 0 0 
6 1 1 0 0 0 
7 1 1 0 0 0 
0 2 2 0.083318 -0.000114721 -9.90418e-05 
1 2 2 0.0848053 -4.01311e-05 -4.1439e-05 
2 2 2 0.0848798 -3.72601e-05 4.7064e-05 
3 2 2 0.0841618 -8.39935e-05 0.000113727 
4 2 2 0.083338 -0.000361199 0.000970958 
5 2 2 0.0809244 6.70081e-05 -0.000744858 
6 2 2 0.0832723 -3.25136e-05 -3.19303e-06 
7 2 2 0.0825372 0.000419746 0.000624005 
0 3 3 0.357334 -0.000483289 -0.00120606 
1 3 3 0.362329 -6.34388e-05 -0.000346267 
2 3 3 0.361783 -0.000105241 0.000338831 
3 3 3 0.358677 -0.000242954 0.000576812 
4 3 3 0.356643 0.000364284 0.00137751 
5 3 3 0.356017 -0.00154257 -0.000846933 
6 3 3 0.356423 -0.00030449 -0.000213207 
7 3 3 0.369376 -0.000339159 -0.00109561 
0 4 4 0.370673 -0.000109677 -0.00142828 
1 4 4 0.375774 5.55702e-05 -0.000376467 
2 4 4 0.375284 -0.000152762 0.000282174 
3 4 4 0.372423 -0.000370568 0.000395968 
4 4 4 0.370295 -0.00040271 0.000186571 
5 4 4 0.369457 -0.000715463 -0.000137631 
6 4 4 0.3705 -0.000280926 -0.00032221 
7 4 4 0.383251 0.000143148 -0.00114569 
0 5 5 0.117337 5.60336e-05 -0.000229959 
1 5 5 0.119353 3.20887e-05 -7.52976e-05 
2 5 5 0.119454 -5.8645e-05 4.14116e-06 
3 5 5 0.118621 -0.000124658 6.0336e-06 
4 5 5 0.117814 -0.000145512 -2.69178e-05 
5 5 5 0.117447 -0.000128913 -6.17043e-05 
6 5 5 0.117682 -4.85799e-05 -6.21931e-05 
7 5 5 0.116931 -0.000258236 0.000393215 
0 6 6 0 0 0 
1 6 6 0 0 0 
2 6 6 0 0 0 
3 6 6 0 0 0 
4 6 6 0 0 0 
5 6 6 0 0 0 
6 6 6 0 0 0 
7 6 6 0 0 0 
0 7 7 0 0 0 
1 7 7 0 0 0 
2 7 7 0 0 0 
3 7 7 0 0 0 
4 7 7 0 0 0 
5 7 7 0 0 0 
6 7 7 0 0 0 
7 7 7 0 0 0 
0 0 0 0 0 0 
1 0 0 0 0 0 
2 0 0 0 0 0 
3 0 0 0 0 0 
4 0 0 0 0 0 
5 0 0 0 0 0 
6 0 0 0 0 0 
7 0 0 0 0 0 
0 1 1 0.089181 -0.000134289 -5.96845e-05 
1 1 1 0.0907279 -5.09274e-05 -2.39795e-05 
2 1 1 0.0907988 -4.12089e-06 5.50887e-05 
3 1 1 0.0900958 -8.33596e-06 0.000119506 
4 1 1 0.0894339 -2.00221e-05 0.000116979 
5 1 1 0.0889952 1.47034e-05 4.46952e-06 
6 1 1 0.0890811 -1.10244e-05 -1.21811e-05 
7 1 1 0.0882503 0.000631933 0.000418084 
0 2 2 0.610147 -0.00252774 -0.00221743 
1 2 2 0.616027 -0.000276255 -0.000615326 
2 2 2 0.61426 0.0008715 0.000788752 
3 2 2 0.609463 0.000698481 0.00147029 
4 2 2 0.606789 0.000148125 0.00170107 
5 2 2 0.605124 -0.00033075 -0.000246372 
6 2 2 0.606305 -0.000635117 -0.000419076 
7 2 2 0.626257 -0.0013235 -0.00142818 
0 3 3 0.992661 -0.00262263 -0.0071462 
1 3 3 0.998346 3.40733e-05 -0.00173679 
2 3 3 0.997806 0.0016406 0.00201991 
3 3 3 0.994044 0.00151529 0.00295977 
4 3 3 0.992326 0.000503004 0.00217045 
5 3 3 0.991044 -0.000826809 -0.000270982 
6 3 3 0.990397 -0.00112994 -0.00154587 
7 3 3 1.00298 -0.00126692 -0.00308523 
0 4 4 1.0121 0.00228962 -0.00797599 
1 4 4 1.01823 0.00112012 -0.00173374 
2 4 4 1.01866 0.000298319 0.00226089 
3 4 4 1.01635 -0.000135546 0.002741 
4 4 4 1.01447 -0.000331508 0.00130818 
5 4 4 1.01379 -0.000576256 -0.000777775 
6 4 4 1.01462 -5.14904e-05 -0.00204115 
7 4 4 1.02573 0.000715468 -0.00342951 
0 5 5 0.644399 0.00271377 -0.00310803 
1 5 5 0.651333 0.000807819 -0.00052827 
2 5 5 0.650867 -0.000532418 0.000813858 
3 5 5 0.647582 -0.000941004 0.000755441 
4 5 5 0.64504 -0.00071558 6.22425e-05 
5 5 5 0.644679 -0.000164274 -0.000656013 
6 5 5 0.646591 0.000396782 -0.000949298 
7 5 5 0.66613 0.00142694 -0.00166811 
0 6 6 0.130757 0.000207713 -0.000183831 
1 6 6 0.133032 7.73145e-05 -6.06701e-05 
2 6 6 0.133165 -4.63352e-05 -1.0749e-05 
3 6 6 0.132258 -9.77661e-05 -2.26046e-05 
4 6 6 0.13136 -8.77213e-05 -5.12957e-05 
5 6 6 0.131002 -4.29524e-05 -6.68408e-05 
6 6 6 0.131308 1.21648e-05 -5.56392e-05 
7 6 6 0.130524 -0.000416501 0.00021437 
0 7 7 0 0 0 
1 7 7 0 0 0 
2 7 7 0 0 0 
3 7 7 0 0 0 
4 7 7 0 0 0 
5 7 7 0 0 0 
6 7 7 0 0 0 
7 7 7 0 0 0 
0 0 0 0 0 0 
1 0 0 0 0 0 
2 0 0 0 0 0 
3 0 0 0 0 0 
4 0 0 0 0 0 
5 0 0 0 0 0 
6 0 0 0 0 0 
7 0 0 0 0 0 
0 1 1 0.308886 -0.000970315 -0.000178701 
1 1 1 0.312982 -0.000266328 -7.00245e-05 
2 1 1 0.312356 0.000240634 0.000120085 
3 1 1 0.309685 0.000358881 0.000249895 
4 1 1 0.307401 0.000239589 0.000215814 
5 1 1 0.306536 4.17817e-05 4.06446e-05 
6 1 1 0.307252 -0.000135593 -6.65391e-05 
7 1 1 0.31762 -0.00092076 -0.000234495 
0 2 2 0.96441 -0.00644086 -0.00208315 
1 2 2 0.969265 -0.000990567 -0.000617897 
2 2 2 0.967588 0.00277167 0.000585381 
3 2 2 0.962845 0.00330971 0.00109367 
4 2 2 0.958975 0.00192721 0.000960493 
5 2 2 0.957369 4.82715e-05 0.000194957 
6 2 2 0.958092 -0.00137135 -0.00035515 
7 2 2 0.970498 -0.00286676 -0.000982209 
0 3 3 1.83274 -0.00666922 -0.00814957 
1 3 3 1.81778 -0.000893652 -0.00255808 
2 3 3 1.81743 0.00446175 0.00182629 
3 3 3 1.82343 0.00589747 0.0029883 
4 3 3 1.82852 0.00427298 0.00211971 
5 3 3 1.82941 0.00132705 5.21754e-05 
6 3 3 1.82586 -0.00115042 -0.00152201 
7 3 3 1.81043 -0.00256469 -0.00270768 
0 4 4 1.87091 0.0104598 -0.00911323 
1 4 4 1.85575 0.00402511 -0.00259485 
2 4 4 1.85755 0.000167609 0.00229662 
3 4 4 1.86756 -0.000136589 0.00317809 
4 4 4 1.87649 0.000867921 0.00168148 
5 4 4 1.8797 0.00181331 -0.00053363 
6 4 4 1.87668 0.00252171 -0.00217441 
7 4 4 1.86042 0.00315375 -0.00314172 
0 5 5 1.02952 0.00849507 -0.00288924 
1 5 5 1.03621 0.00231512 -0.000580814 
2 5 5 1.03768 -0.0014748 0.000814412 
3 5 5 1.03674 -0.00195178 0.000873502 
4 5 5 1.03584 -0.000766992 0.000252041 
5 5 5 1.03585 0.00083721 -0.000467949 
6 5 5 1.03704 0.00199904 -0.00086697 
7 5 5 1.04781 0.00347364 -0.00127176 
0 6 6 0.395 0.00153862 -0.000351356 
1 6 6 0.400576 0.000420657 -9.60007e-05 
2 6 6 0.400323 -0.000302811 2.84555e-05 
3 6 6 0.397667 -0.000445158 2.24361e-05 
4 6 6 0.395459 -0.00024208 -3.85028e-05 
5 6 6 0.39504 7.5657e-05 -9.98189e-05 
6 6 6 0.39651 0.000308272 -0.000114213 
7 6 6 0.410474 0.0012433 -0.000315945 
0 7 7 0 0 0 
1 7 7 0 0 0 
2 7 7 0 0 0 
3 7 7 0 0 0 
4 7 7 0 0 0 
5 7 7 0 0 0 
6 7 7 0 0 0 
7 7 7 0 0 0 
0 0 0 0 0 0 
1 0 0 0 0 0 
2 0 0 0 0 0 
3 0 0 0 0 0 
4 0 0 0 0 0 
5 0 0 0 0 0 
6 0 0 0 0 0 
7 0 0 0 0 0 
0 1 1 0.308734 -0.000981383 0.000115421 
1 1 1 0.312834 -0.000274708 2.2253e-05 
2 1 1 0.312204 0.000250883 -7.03597e-05 
3 1 1 0.309515 0.000388795 -0.000104382 
4 1 1 0.307181 0.000262711 -0.000106125 
5 1 1 0.306333 2.98903e-05 -8.78918e-05 
6 1 1 0.307078 -0.000156163 -4.38882e-05 
7 1 1 0.317449 -0.000941974 0.000105029 
0 2 2 0.963683 -0.00644614 0.00199631 
1 2 2 0.968517 -0.00102345 0.000456667 
2 2 2 0.966777 0.00276894 -0.000662795 
3 2 2 0.961968 0.00337003 -0.000947993 
4 2 2 0.957954 0.00201397 -0.00070486 
5 2 2 0.956381 3.70259e-05 -0.000226363 
6 2 2 0.957232 -0.00139803 0.000229936 
7 2 2 0.969616 -0.00292348 0.000754361 
0 3 3 1.83133 -0.00663644 0.00799468 
1 3 3 1.81635 -0.000889266 0.00239115 
2 3 3 1.81586 0.00445908 -0.00202294 
3 3 3 1.82172 0.00589405 -0.00306439 
4 3 3 1.82657 0.00426738 -0.00202037 
5 3 3 1.82742 0.00136191 -0.000225606 
6 3 3 1.82408 -0.001131 0.00142062 
7 3 3 1.80867 -0.00257369 0.00259083 
0 4 4 1.8703 0.0104609 0.00902201 
1 4 4 1.85517 0.00408269 0.00251387 
2 4 4 1.85695 0.000226189 -0.00243714 
3 4 4 1.86683 -0.000152453 -0.00331306 
4 4 4 1.87555 0.000789568 -0.00176193 
5 4 4 1.87867 0.00178811 0.00043041 
6 4 4 1.87571 0.00251602 0.00212162 
7 4 4 1.85949 0.00319582 0.00309336 
0 5 5 1.02934 0.00849215 0.00289298 
1 5 5 1.03606 0.00234696 0.000516395 
2 5 5 1.03753 -0.00144906 -0.000896222 
3 5 5 1.03654 -0.00196867 -0.000890546 
4 5 5 1.03556 -0.000811105 -0.000200813 
5 5 5 1.03553 0.000810541 0.000513601 
6 5 5 1.03674 0.00200196 0.000858544 
7 5 5 1.04753 0.00350734 0.00119607 
0 6 6 0.394896 0.00154122 0.000339123 
1 6 6 0.400481 0.000429518 5.82027e-05 
2 6 6 0.400228 -0.000303196 -2.8609e-05 
3 6 6 0.397557 -0.000458404 3.12549e-05 
4 6 6 0.39533 -0.000257162 0.000103788 
5 6 6 0.394907 7.18223e-05 0.00011791 
6 6 6 0.396385 0.000316605 7.5979e-05 
7 6 6 0.410356 0.00125827 0.000245983 
0 7 7 0 0 0 
1 7 7 0 0 0 
2 7 7 0 0 0 
3 7 7 0 0 0 
4 7 7 0 0 0 
5 7 7 0 0 0 
6 7 7 0 0 0 
7 7 7 0 0 0 
0 0 0 0 0 0 
1 0 0 0 0 0 
2 0 0 0 0 0 
3 0 0 0 0 0 
4 0 0 0 0 0 
5 0 0 0 0 0 
6 0 0 0 0 0 
7 0 0 0 0 0 
0 1 1 0.0888907 -0.000143245 4.2038e-05 
1 1 1 0.090433 -5.42892e-05 1.72763e-05 
2 1 1 0.0905009 4.96678e-06 -3.85995e-05 
3 1 1 0.0897946 1.72304e-05 -7.39769e-05 
4 1 1 0.0890534 4.89141e-06 -7.63023e-05 
5 1 1 0.0886814 -1.33716e-05 -5.18397e-05 
6 1 1 0.088786 -2.60364e-05 -1.71139e-05 
7 1 1 0.0879488 0.000616961 -0.000442749 
0 2 2 0.611326 -0.00259351 0.00210789 
1 2 2 0.617075 -0.000329611 0.000518558 
2 2 2 0.615185 0.000905324 -0.000778577 
3 2 2 0.610411 0.000870981 -0.00124389 
4 2 2 0.606711 0.00024381 -0.00100655 
5 2 2 0.605758 -0.000414155 -0.000362595 
6 2 2 0.607406 -0.000717933 0.000244274 
7 2 2 0.628071 -0.0014416 0.00126875 
0 3 3 0.994018 -0.00256741 0.00704431 
1 3 3 0.999492 6.40047e-05 0.00164379 
2 3 3 0.998729 0.0016361 -0.00209104 
3 3 3 0.994991 0.00142219 -0.00285441 
4 3 3 0.991761 0.000334178 -0.00180227 
5 3 3 0.990568 -0.000668861 -4.9888e-05 
6 3 3 0.991507 -0.0010361 0.00136914 
7 3 3 1.00412 -0.00123132 0.00299607 
0 4 4 1.01067 0.00236078 0.00790357 
1 4 4 1.01677 0.00121757 0.0016756 
2 4 4 1.01709 0.000302911 -0.00230337 
3 4 4 1.01464 -0.000312196 -0.00272731 
4 4 4 1.01242 -0.000613923 -0.00123217 
5 4 4 1.01174 -0.00044879 0.000698608 
6 4 4 1.01279 5.90415e-05 0.00196809 
7 4 4 1.02388 0.000864276 0.00335656 
0 5 5 0.643965 0.00274278 0.00307984 
1 5 5 0.650947 0.000868702 0.000480876 
2 5 5 0.650471 -0.000531119 -0.000821103 
3 5 5 0.647085 -0.00103167 -0.000700157 
4 5 5 0.644395 -0.000820224 5.92747e-06 
5 5 5 0.644 -0.000175612 0.000661793 
6 5 5 0.645968 0.000451203 0.000898613 
7 5 5 0.665557 0.00152744 0.00158108 
0 6 6 0.130484 0.000211431 0.000177156 
1 6 6 0.132764 8.25442e-05 5.27806e-05 
2 6 6 0.132896 -5.06289e-05 1.82872e-05 
3 6 6 0.131976 -0.000111176 4.36246e-05 
4 6 6 0.13106 -9.89255e-05 6.8326e-05 
5 6 6 0.130703 -4.16887e-05 6.44196e-05 
6 6 6 0.131018 2.13101e-05 4.04095e-05 
7 6 6 0.130243 -0.000405421 -0.000233074 
0 7 7 0 0 0 
1 7 7 0 0 0 
2 7 7 0 0 0 
3 7 7 0 0 0 
4 7 7 0 0 0 
5 7 7 0 0 0 
6 7 7 0 0 0 
7 7 7 0 0 0 
0 0 0 0 0 0 
1 0 0 0 0 0 
2 0 0 0 0 0 
3 0 0 0 0 0 
4 0 0 0 0 0 
5 0 0 0 0 0 
6 0 0 0 0 0 
7 0 0 0 0 0 
0 1 1 0 0 0 
1 1 1 0 0 0 
2 1 1 0 0 0 
3 1 1 0 0 0 
4 1 1 0 0 0 
5 1 1 0 0 0 
6 1 1 0 0 0 
7 1 1 0 0 0 
0 2 2 0.0938785 -0.000157058 9.22166e-05 
1 2 2 0.0955008 -5.33476e-05 3.84423e-05 
2 2 2 0.0955667 -2.91623e-05 -4.4017e-05 
3 2 2 0.0948273 -5.33425e-05 -9.09504e-05 
4 2 2 0.0940582 -7.28321e-05 -8.91888e-05 
5 2 2 0.0936866 -6.7938e-05 -5.21026e-05 
6 2 2 0.0938184 -4.51212e-05 -5.70162e-06 
7 2 2 0.0929958 0.000444858 -0.000631025 
0 3 3 0.358656 -0.000398674 0.00119179 
1 3 3 0.363496 -4.23002e-05 0.000329065 
2 3 3 0.362891 -0.000147825 -0.000352866 
3 3 3 0.359969 -0.00041437 -0.000566899 
4 3 3 0.357474 -0.000537243 -0.000418951 
5 3 3 0.356731 -0.000437855 -9.84732e-05 
6 3 3 0.357811 -0.000222237 0.000176062 
7 3 3 0.369838 -0.00029131 0.00107969 
0 4 4 0.369746 -2.55537e-05 0.00140474 
1 4 4 0.374819 8.36086e-05 0.000367086 
2 4 4 0.374288 -0.000216401 -0.000272612 
3 4 4 0.371393 -0.000550561 -0.000367735 
4 4 4 0.368942 -0.000641674 -0.000164821 
5 4 4 0.368284 -0.000457134 0.000111395 
6 4 4 0.369486 -0.000155563 0.000286127 
7 4 4 0.382162 0.000254551 0.00111264 
0 5 5 0.117051 7.06901e-05 0.000221917 
1 5 5 0.119075 3.90058e-05 7.20968e-05 
2 5 5 0.119172 -7.42579e-05 4.3724e-06 
3 5 5 0.118316 -0.000160597 1.1251e-05 
4 5 5 0.117458 -0.000168641 3.74967e-05 
5 5 5 0.117108 -0.000106399 5.07875e-05 
6 5 5 0.117366 -2.33683e-05 4.82885e-05 
7 5 5 0.116629 -0.000235291 -0.000405742 
0 6 6 0 0 0 
1 6 6 0 0 0 
2 6 6 0 0 0 
3 6 6 0 0 0 
4 6 6 0 0 0 
5 6 6 0 0 0 
6 6 6 0 0 0 
7 6 6 0 0 0 
0 7 7 0 0 0 
1 7 7 0 0 0 
2 7 7 0 0 0 
3 7 7 0 0 0 
4 7 7 0 0 0 
5 7 7 0 0 0 
6 7 7 0 0 0 
7 7 7 0 0 0 
0 0 0 0 0 0 
1 0 0 0 0 0 
2 0 0 0 0 0 
3 0 0 0 0 0 
4 0 0 0 0 0 
5 0 0 0 0 0 
6 0 0 0 0 0 
7 0 0 0 0 0 
0 1 1 0 0 0 
1 1 1 0 0 0 
2 1 1 0 0 0 
3 1 1 0 0 0 
4 1 1 0 0 0 
5 1 1 0 0 0 
6 1 1 0 0 0 
7 1 1 0 0 0 
0 2 2 0 0 0 
1 2 2 0 0 0 
2 2 2 0 0 0 
3 2 2 0 0 0 
4 2 2 0 0 0 
5 2 2 0 0 0 
6 2 2 0 0 0 
7 2 2 0 0 0 
0 3 3 0 0 0 
1 3 3 0 0 0 
2 3 3 0 0 0 
3 3 3 0 0 0 
4 3 3 0 0 0 
5 3 3 0 0 0 
6 3 3 0 0 0 
7 3 3 0 0 0 
0 4 4 0 0 0 
1 4 4 0 0 0 
2 4 4 0 0 0 
3 4 4 0 0 0 
4 4 4 0 0 0 
5 4 4 0 0 0 
6 4 4 0 0 0 
7 4 4 0 0 0 
0 5 5 0 0 0 
1 5 5 0 0 0 
2 5 5 0 0 0 
3 5 5 0 0 0 
4 5 5 0 0 0 
5 5 5 0 0 0 
6 5 5 0 0 0 
7 5 5 0 0 0 
0 6 6 0 0 0 
1 6 6 0 0 0 
2 6 6 0 0 0 
3 6 6 0 0 0 
4 6 6 0 0 0 
5 6 6 0 0 0 
6 6 6 0 0 0 
7 6 6 0 0 0 
0 7 7 0 0 0 
1 7 7 0 0 0 
2 7 7 0 0 0 
3 7 7 0 0 0 
4 7 7 0 0 0 
5 7 7 0 0 0 
6 7 7 0 0 0 
7 7 7 0 0 0 
