0 0 0 0 0 0 
1 0 0 0 0 0 
2 0 0 0 0 0 
3 0 0 0 0 0 
4 0 0 0 0 0 
5 0 0 0 0 0 
6 0 0 0 0 0 
7 0 0 0 0 0 
0 1 1 0 0 0 
1 1 1 0 0 0 
2 1 1 0 0 0 
3 1 1 0 0 0 
4 1 1 0 0 0 
5 1 1 0 0 0 
6 1 1 0 0 0 
7 1 1 0 0 0 
0 2 2 0 0 0 
1 2 2 0 0 0 
2 2 2 0 0 0 
3 2 2 0 0 0 
4 2 2 0 0 0 
5 2 2 0 0 0 
6 2 2 0 0 0 
7 2 2 0 0 0 
0 3 3 0 0 0 
1 3 3 0 0 0 
2 3 3 0 0 0 
3 3 3 0 0 0 
4 3 3 0 0 0 
5 3 3 0 0 0 
6 3 3 0 0 0 
7 3 3 0 0 0 
0 4 4 0 0 0 
1 4 4 0 0 0 
2 4 4 0 0 0 
3 4 4 0 0 0 
4 4 4 0 0 0 
5 4 4 0 0 0 
6 4 4 0 0 0 
7 4 4 0 0 0 
0 5 5 0 0 0 
1 5 5 0 0 0 
2 5 5 0 0 0 
3 5 5 0 0 0 
4 5 5 0 0 0 
5 5 5 0 0 0 
6 5 5 0 0 0 
7 5 5 0 0 0 
0 6 6 0 0 0 
1 6 6 0 0 0 
2 6 6 0 0 0 
3 6 6 0 0 0 
4 6 6 0 0 0 
5 6 6 0 0 0 
6 6 6 0 0 0 
7 6 6 0 0 0 
0 7 7 0 0 0 
1 7 7 0 0 0 
2 7 7 0 0 0 
3 7 7 0 0 0 
4 7 7 0 0 0 
5 7 7 0 0 0 
6 7 7 0 0 0 
7 7 7 0 0 0 
0 0 0 0 0 0 
1 0 0 0 0 0 
2 0 0 0 0 0 
3 0 0 0 0 0 
4 0 0 0 0 0 
5 0 0 0 0 0 
6 0 0 0 0 0 
7 0 0 0 0 0 
0 1 1 0 0 0 
1 1 1 0 0 0 
2 1 1 0 0 0 
3 1 1 0 0 0 
4 1 1 0 0 0 
5 1 1 0 0 0 
6 1 1 0 0 0 
7 1 1 0 0 0 
0 2 2 0.0863904 -0.000223723 0.00013515 
1 2 2 0.0871738 -0.00016796 1.84687e-05 
2 2 2 0.0886993 -9.50926e-05 -5.79805e-05 
3 2 2 0.0899651 -6.61196e-05 -3.0721e-05 
4 2 2 0.0907225 -0.000415015 0.000846837 
5 2 2 0.0874723 0.000272596 -0.000819521 
6 2 2 0.0900051 -0.000106183 7.13883e-05 
7 2 2 0.0887808 0.000334713 0.000682674 
0 3 3 0.435719 -0.00108072 -9.5681e-05 
1 3 3 0.440567 -0.0008916 -0.000744257 
2 3 3 0.447483 -0.000384221 -0.000931008 
3 3 3 0.452455 0.000174111 -0.000545982 
4 3 3 0.454993 0.00118988 0.000991708 
5 3 3 0.453374 -0.00164355 -0.000548921 
6 3 3 0.451083 -0.000438352 0.000173969 
7 3 3 0.466593 -0.000952963 -0.00213701 
0 4 4 0.454691 -0.00103004 -0.000606927 
1 4 4 0.460038 -0.000619137 -0.00117411 
2 4 4 0.467359 -7.07293e-05 -0.00112125 
3 4 4 0.472866 0.000353314 -0.00055888 
4 4 4 0.475116 0.000385562 -1.95766e-05 
5 4 4 0.473851 -0.000787475 0.000182386 
6 4 4 0.471567 -0.000533344 0.000138822 
7 4 4 0.486943 0.000157393 -0.0023189 
0 5 5 0.125573 -0.000252013 -0.000169473 
1 5 5 0.126988 -9.07713e-05 -0.000204608 
2 5 5 0.12929 5.14303e-05 -0.000160589 
3 5 5 0.131244 0.000101964 -6.82624e-05 
4 5 5 0.132097 2.24996e-05 -1.30072e-05 
5 5 5 0.131859 -0.000131449 -3.2154e-05 
6 5 5 0.131249 -0.0001328 -3.01139e-05 
7 5 5 0.129781 -0.000168805 0.00017297 
0 6 6 0 0 0 
1 6 6 0 0 0 
2 6 6 0 0 0 
3 6 6 0 0 0 
4 6 6 0 0 0 
5 6 6 0 0 0 
6 6 6 0 0 0 
7 6 6 0 0 0 
0 7 7 0 0 0 
1 7 7 0 0 0 
2 7 7 0 0 0 
3 7 7 0 0 0 
4 7 7 0 0 0 
5 7 7 0 0 0 
6 7 7 0 0 0 
7 7 7 0 0 0 
0 0 0 0 0 0 
1 0 0 0 0 0 
2 0 0 0 0 0 
3 0 0 0 0 0 
4 0 0 0 0 0 
5 0 0 0 0 0 
6 0 0 0 0 0 
7 0 0 0 0 0 
0 1 1 0.0925384 -7.90095e-05 0.000159648 
1 1 1 0.0933882 -0.000114325 5.84484e-05 
2 1 1 0.0950197 -0.000107693 -1.64693e-05 
3 1 1 0.0964788 -8.40574e-05 4.22839e-06 
4 1 1 0.0972027 -4.29205e-05 4.11422e-05 
5 1 1 0.0968894 7.45172e-05 -7.0948e-05 
6 1 1 0.096306 3.43684e-06 5.6558e-05 
7 1 1 0.0950254 0.000603169 0.000475956 
0 2 2 0.776999 -0.001254 0.000132937 
1 2 2 0.783147 -0.0025886 -0.00114322 
2 2 2 0.792508 -0.00231644 -0.00167066 
3 2 2 0.799436 -0.00112064 -0.000864925 
4 2 2 0.802562 9.57174e-05 0.000796799 
5 2 2 0.799272 0.000951541 -0.000109729 
6 2 2 0.795741 0.000523387 0.000485013 
7 2 2 0.817398 -0.00203037 -0.00123967 
0 3 3 1.25121 -0.000598449 -0.00175943 
1 3 3 1.25428 -0.00259624 -0.00516928 
2 3 3 1.26062 -0.00256159 -0.00582376 
3 3 3 1.26634 -0.000811197 -0.0032018 
4 3 3 1.27029 0.00103936 0.000497122 
5 3 3 1.26886 0.00106082 0.00129429 
6 3 3 1.2647 0.000495048 0.00123654 
7 3 3 1.27435 -0.00080656 -0.00138896 
0 4 4 1.27574 0.00090159 -0.00270559 
1 4 4 1.2797 0.00133721 -0.00650946 
2 4 4 1.28633 0.00162806 -0.00675528 
3 4 4 1.29248 0.00156136 -0.00356758 
4 4 4 1.29564 0.00115391 0.000153682 
5 4 4 1.29532 -0.000119495 0.00161383 
6 4 4 1.29349 -0.000513533 0.00129869 
7 4 4 1.30176 0.000350877 -0.00186598 
0 5 5 0.82274 0.000648223 -0.00186623 
1 5 5 0.830351 0.00192382 -0.00310735 
2 5 5 0.840593 0.00222671 -0.00270212 
3 5 5 0.848479 0.00146235 -0.00117004 
4 5 5 0.851399 0.000322182 0.000140037 
5 5 5 0.850457 -0.000530471 0.000463127 
6 5 5 0.848307 -0.000733257 0.0002085 
7 5 5 0.869094 0.00144526 -0.00213224 
0 6 6 0.140405 -6.16411e-05 -0.000191391 
1 6 6 0.142041 8.29914e-05 -0.000188143 
2 6 6 0.144658 0.000154985 -0.000126143 
3 6 6 0.146853 0.000119109 -4.94099e-05 
4 6 6 0.147765 2.17706e-05 -1.59266e-05 
5 6 6 0.147568 -5.88474e-05 -3.46464e-05 
6 6 6 0.146978 -7.6256e-05 -4.97234e-05 
7 6 6 0.145358 -0.00020572 -1.1107e-05 
0 7 7 0 0 0 
1 7 7 0 0 0 
2 7 7 0 0 0 
3 7 7 0 0 0 
4 7 7 0 0 0 
5 7 7 0 0 0 
6 7 7 0 0 0 
7 7 7 0 0 0 
0 0 0 0 0 0 
1 0 0 0 0 0 
2 0 0 0 0 0 
3 0 0 0 0 0 
4 0 0 0 0 0 
5 0 0 0 0 0 
6 0 0 0 0 0 
7 0 0 0 0 0 
0 1 1 0.368881 -0.000120288 0.000203655 
1 1 1 0.372584 -0.000668812 5.53673e-05 
2 1 1 0.378391 -0.000767303 -6.81484e-05 
3 1 1 0.382867 -0.000456373 -1.71878e-05 
4 1 1 0.384285 -2.99937e-05 4.94936e-05 
5 1 1 0.383105 0.000252981 -3.40965e-05 
6 1 1 0.381137 0.000248285 4.55456e-05 
7 1 1 0.39317 -0.00207108 -0.000296874 
0 2 2 1.21461 -0.000562128 -0.000227991 
1 2 2 1.21676 -0.00476908 -0.00118134 
2 2 2 1.22298 -0.00558104 -0.0015372 
3 2 2 1.22874 -0.00299227 -0.000889891 
4 2 2 1.23057 0.000401656 0.000105354 
5 2 2 1.22832 0.00230359 0.000304598 
6 2 2 1.22459 0.00215681 0.000415659 
7 2 2 1.23332 -0.00119029 -0.000300413 
0 3 3 2.22644 0.00309079 -0.00150969 
1 3 3 2.21395 -0.00308405 -0.00519815 
2 3 3 2.19552 -0.00570994 -0.00634524 
3 3 3 2.18014 -0.0034316 -0.0040223 
4 3 3 2.17407 0.00114547 -0.000260103 
5 3 3 2.17558 0.00399133 0.00140499 
6 3 3 2.1789 0.00407471 0.00143781 
7 3 3 2.16987 0.00185959 8.23449e-05 
0 4 4 2.26856 0.00615385 -0.00187488 
1 4 4 2.25835 0.00853385 -0.00636142 
2 4 4 2.23935 0.00822964 -0.00743611 
3 4 4 2.22277 0.00532607 -0.00450113 
4 4 4 2.21706 0.00207323 -0.000285422 
5 4 4 2.22103 0.000493559 0.00178283 
6 4 4 2.2279 0.00051878 0.00159331 
7 4 4 2.22136 0.00182709 -0.000210408 
0 5 5 1.29753 0.00374503 -0.00122167 
1 5 5 1.30251 0.0069925 -0.00255541 
2 5 5 1.30942 0.0070688 -0.00249214 
3 5 5 1.3158 0.00408864 -0.0012372 
4 5 5 1.31932 0.00064753 7.10429e-05 
5 5 5 1.32004 -0.00101468 0.000533211 
6 5 5 1.31963 -0.00098238 0.000331508 
7 5 5 1.32818 0.00205218 -0.000836505 
0 6 6 0.488585 0.000555961 -0.000304726 
1 6 6 0.494685 0.00122069 -0.00035536 
2 6 6 0.50274 0.00123948 -0.000262151 
3 6 6 0.50877 0.000695839 -0.000107151 
4 6 6 0.510888 7.82334e-05 -1.07401e-05 
5 6 6 0.51012 -0.000237517 -1.72345e-05 
6 6 6 0.508509 -0.000250787 -5.16019e-05 
7 6 6 0.525218 0.00234772 -0.000685625 
0 7 7 0 0 0 
1 7 7 0 0 0 
2 7 7 0 0 0 
3 7 7 0 0 0 
4 7 7 0 0 0 
5 7 7 0 0 0 
6 7 7 0 0 0 
7 7 7 0 0 0 
0 0 0 0 0 0 
1 0 0 0 0 0 
2 0 0 0 0 0 
3 0 0 0 0 0 
4 0 0 0 0 0 
5 0 0 0 0 0 
6 0 0 0 0 0 
7 0 0 0 0 0 
0 1 1 0.368732 -0.000104862 -0.000151347 
1 1 1 0.372394 -0.000650313 2.78773e-05 
2 1 1 0.378207 -0.000757723 0.00012512 
3 1 1 0.382671 -0.000434849 0.000114417 
4 1 1 0.383995 -1.34998e-05 9.41426e-06 
5 1 1 0.382849 0.000213541 -0.000124466 
6 1 1 0.380979 0.000230229 -0.000148874 
7 1 1 0.392948 -0.00206294 0.000286372 
0 2 2 1.21384 -0.000540379 9.19995e-05 
1 2 2 1.21593 -0.00470774 0.00127848 
2 2 2 1.22219 -0.00554752 0.00166277 
3 2 2 1.22797 -0.00294295 0.00105996 
4 2 2 1.22958 0.000482484 8.04588e-05 
5 2 2 1.22724 0.00219839 -0.000602714 
6 2 2 1.22371 0.00209096 -0.000755223 
7 2 2 1.23237 -0.00116058 0.000200255 
0 3 3 2.22476 0.0031363 0.000985253 
1 3 3 2.21223 -0.0030348 0.00502177 
2 3 3 2.19391 -0.00568244 0.00639401 
3 3 3 2.17864 -0.00342973 0.00419902 
4 3 3 2.17241 0.00112026 0.000511903 
5 3 3 2.17365 0.00397017 -0.00175918 
6 3 3 2.177 0.00409926 -0.00202015 
7 3 3 2.16788 0.00189751 -0.000418195 
0 4 4 2.26789 0.00621417 0.00148786 
1 4 4 2.2576 0.00849623 0.00619885 
2 4 4 2.23862 0.00818471 0.00747818 
3 4 4 2.22211 0.00529193 0.00461863 
4 4 4 2.21632 0.00202732 0.000325103 
5 4 4 2.22012 0.000551159 -0.00201664 
6 4 4 2.22694 0.000613208 -0.00196692 
7 4 4 2.22034 0.00184225 -7.7083e-05 
0 5 5 1.29735 0.00374699 0.00114257 
1 5 5 1.30229 0.00695273 0.00260785 
2 5 5 1.30919 0.00703509 0.0025852 
3 5 5 1.31557 0.00407552 0.0012816 
4 5 5 1.31905 0.000650251 -0.000108881 
5 5 5 1.31972 -0.000983252 -0.000651364 
6 5 5 1.3193 -0.000952388 -0.000458497 
7 5 5 1.32785 0.00205212 0.000762201 
0 6 6 0.48846 0.000546357 0.000341875 
1 6 6 0.494548 0.00120649 0.000418257 
2 6 6 0.502597 0.00123155 0.00030018 
3 6 6 0.508621 0.000693706 0.000113369 
4 6 6 0.510721 8.04116e-05 -3.41032e-06 
5 6 6 0.509951 -0.00022968 -1.66745e-05 
6 6 6 0.50835 -0.000244885 2.095e-05 
7 6 6 0.525055 0.00234804 0.0006712 
0 7 7 0 0 0 
1 7 7 0 0 0 
2 7 7 0 0 0 
3 7 7 0 0 0 
4 7 7 0 0 0 
5 7 7 0 0 0 
6 7 7 0 0 0 
7 7 7 0 0 0 
0 0 0 0 0 0 
1 0 0 0 0 0 
2 0 0 0 0 0 
3 0 0 0 0 0 
4 0 0 0 0 0 
5 0 0 0 0 0 
6 0 0 0 0 0 
7 0 0 0 0 0 
0 1 1 0.092235 -5.96122e-05 -0.000129645 
1 1 1 0.0930469 -0.000102662 -3.91102e-05 
2 1 1 0.094684 -0.000100093 3.15966e-05 
3 1 1 0.0961371 -5.88387e-05 4.03284e-05 
4 1 1 0.0967243 -1.49319e-05 -5.1688e-07 
5 1 1 0.0965205 2.98006e-06 -4.62416e-05 
6 1 1 0.0960229 1.48315e-06 -6.36735e-05 
7 1 1 0.0946554 0.00060993 -0.000465866 
0 2 2 0.778544 -0.00117071 -0.000204962 
1 2 2 0.784562 -0.00251296 0.00119694 
2 2 2 0.794001 -0.00229975 0.00171386 
3 2 2 0.801078 -0.000984199 0.00108952 
4 2 2 0.802772 0.000235152 2.70938e-05 
5 2 2 0.800523 0.000634083 -0.000693061 
6 2 2 0.797358 0.000427449 -0.000881477 
7 2 2 0.81985 -0.00193821 0.00124582 
0 3 3 1.25257 -0.00049608 0.00144463 
1 3 3 1.25547 -0.00256324 0.00509077 
2 3 3 1.26192 -0.0025463 0.00584341 
3 3 3 1.26791 -0.000915524 0.00340033 
4 3 3 1.27006 0.000727623 0.000106389 
5 3 3 1.26858 0.001205 -0.00167144 
6 3 3 1.26595 0.000728037 -0.00178629 
7 3 3 1.27547 -0.000761895 0.00120487 
0 4 4 1.27412 0.000943484 0.00252724 
1 4 4 1.27795 0.00126047 0.00644733 
2 4 4 1.28461 0.00157805 0.00676955 
3 4 4 1.2908 0.00140392 0.00364093 
4 4 4 1.29359 0.000817276 -4.29024e-05 
5 4 4 1.29311 0.000192519 -0.00172727 
6 4 4 1.2915 -0.000262048 -0.00151718 
7 4 4 1.29961 0.000340747 0.00172923 
0 5 5 0.822271 0.000622426 0.00185652 
1 5 5 0.829804 0.00184743 0.00315112 
2 5 5 0.840025 0.00218052 0.00274521 
3 5 5 0.847888 0.00141428 0.0012089 
4 5 5 0.85066 0.000282366 -0.000125617 
5 5 5 0.849654 -0.000453308 -0.000529025 
6 5 5 0.847601 -0.000659721 -0.000287615 
7 5 5 0.868368 0.00144019 0.0020941 
0 6 6 0.140089 -6.97299e-05 0.000203422 
1 6 6 0.141709 7.13319e-05 0.000205909 
2 6 6 0.144314 0.000147703 0.000137803 
3 6 6 0.146497 0.000113917 5.73355e-05 
4 6 6 0.147387 2.21249e-05 1.50698e-05 
5 6 6 0.147197 -4.77404e-05 1.79119e-05 
6 6 6 0.146627 -6.87729e-05 3.6756e-05 
7 6 6 0.145002 -0.000205385 6.15783e-06 
0 7 7 0 0 0 
1 7 7 0 0 0 
2 7 7 0 0 0 
3 7 7 0 0 0 
4 7 7 0 0 0 
5 7 7 0 0 0 
6 7 7 0 0 0 
7 7 7 0 0 0 
0 0 0 0 0 0 
1 0 0 0 0 0 
2 0 0 0 0 0 
3 0 0 0 0 0 
4 0 0 0 0 0 
5 0 0 0 0 0 
6 0 0 0 0 0 
7 0 0 0 0 0 
0 1 1 0 0 0 
1 1 1 0 0 0 
2 1 1 0 0 0 
3 1 1 0 0 0 
4 1 1 0 0 0 
5 1 1 0 0 0 
6 1 1 0 0 0 
7 1 1 0 0 0 
0 2 2 0.0980852 -0.000213597 -0.000125159 
1 2 2 0.0989876 -0.000192213 -1.64311e-05 
2 2 2 0.100733 -0.00011701 6.20422e-05 
3 2 2 0.102264 -4.68876e-05 6.07804e-05 
4 2 2 0.102876 -1.84807e-05 5.70569e-06 
5 2 2 0.102669 -3.02432e-05 -4.61492e-05 
6 2 2 0.102165 -5.02194e-05 -6.59178e-05 
7 2 2 0.100778 0.000367991 -0.00067775 
0 3 3 0.437211 -0.00114881 6.24405e-06 
1 3 3 0.441994 -0.000885234 0.000727547 
2 3 3 0.448982 -0.000369013 0.000934637 
3 3 3 0.454244 -1.58377e-05 0.000567265 
4 3 3 0.455841 3.44936e-06 2.35742e-05 
5 3 3 0.454716 -0.00018191 -0.000305534 
6 3 3 0.452834 -0.000351092 -0.000361387 
7 3 3 0.466928 -0.001023 0.00208385 
0 4 4 0.453718 -0.00110374 0.000581645 
1 4 4 0.458896 -0.000662255 0.00116972 
2 4 4 0.466228 -9.72175e-05 0.00112943 
3 4 4 0.471734 0.000155624 0.00059571 
4 4 4 0.473466 3.00133e-05 3.86899e-05 
5 4 4 0.472412 -0.000241938 -0.000210734 
6 4 4 0.470579 -0.000424281 -0.000195272 
7 4 4 0.485623 8.79664e-05 0.00229425 
0 5 5 0.125263 -0.000269505 0.000176163 
1 5 5 0.126641 -0.00010862 0.000212541 
2 5 5 0.128934 3.83904e-05 0.00016707 
3 5 5 0.130868 7.07147e-05 8.37498e-05 
4 5 5 0.131642 5.76817e-06 2.07485e-05 
5 5 5 0.131446 -7.43444e-05 6.23939e-06 
6 5 5 0.130906 -0.000114051 1.89283e-05 
7 5 5 0.129395 -0.000175161 -0.00017426 
0 6 6 0 0 0 
1 6 6 0 0 0 
2 6 6 0 0 0 
3 6 6 0 0 0 
4 6 6 0 0 0 
5 6 6 0 0 0 
6 6 6 0 0 0 
7 6 6 0 0 0 
0 7 7 0 0 0 
1 7 7 0 0 0 
2 7 7 0 0 0 
3 7 7 0 0 0 
4 7 7 0 0 0 
5 7 7 0 0 0 
6 7 7 0 0 0 
7 7 7 0 0 0 
0 0 0 0 0 0 
1 0 0 0 0 0 
2 0 0 0 0 0 
3 0 0 0 0 0 
4 0 0 0 0 0 
5 0 0 0 0 0 
6 0 0 0 0 0 
7 0 0 0 0 0 
0 1 1 0 0 0 
1 1 1 0 0 0 
2 1 1 0 0 0 
3 1 1 0 0 0 
4 1 1 0 0 0 
5 1 1 0 0 0 
6 1 1 0 0 0 
7 1 1 0 0 0 
0 2 2 0 0 0 
1 2 2 0 0 0 
2 2 2 0 0 0 
3 2 2 0 0 0 
4 2 2 0 0 0 
5 2 2 0 0 0 
6 2 2 0 0 0 
7 2 2 0 0 0 
0 3 3 0 0 0 
1 3 3 0 0 0 
2 3 3 0 0 0 
3 3 3 0 0 0 
4 3 3 0 0 0 
5 3 3 0 0 0 
6 3 3 0 0 0 
7 3 3 0 0 0 
0 4 4 0 0 0 
1 4 4 0 0 0 
2 4 4 0 0 0 
3 4 4 0 0 0 
4 4 4 0 0 0 
5 4 4 0 0 0 
6 4 4 0 0 0 
7 4 4 0 0 0 
0 5 5 0 0 0 
1 5 5 0 0 0 
2 5 5 0 0 0 
3 5 5 0 0 0 
4 5 5 0 0 0 
5 5 5 0 0 0 
6 5 5 0 0 0 
7 5 5 0 0 0 
0 6 6 0 0 0 
1 6 6 0 0 0 
2 6 6 0 0 0 
3 6 6 0 0 0 
4 6 6 0 0 0 
5 6 6 0 0 0 
6 6 6 0 0 0 
7 6 6 0 0 0 
0 7 7 0 0 0 
1 7 7 0 0 0 
2 7 7 0 0 0 
3 7 7 0 0 0 
4 7 7 0 0 0 
5 7 7 0 0 0 
6 7 7 0 0 0 
7 7 7 0 0 0 
