0 0 0 0
193 0 0 0
386 0 0 0
579 0 0 0
772 0 0 0
965 0 0 0
1158 0 0 0
1351 0 0 0
1544 0 0 0
1737 0 0 0
1930 0 0 0
2123 0 0 0
2316 0 0 0
2509 0 0 0
2702 0 0 0
2895 0 0 0
3088 0 0 0
3281 0 0 0
3474 0 0 0
3667 0 0 0
3860 0 0 0
4053 0 0 0
4246 0 0 0
4439 0 0 0
4632 0 0 0
4825 0 0 0
5018 0 0 0
5211 0 0 0
5404 0 0 0
5597 0 0 0
5790 0 0 0
5983 0 0 0
6176 0 0 0
6369 0 0 0
6562 0 0 0
6755 0 0 0
6948 0 0 0
7141 0 0 0
7334 0 0 0
7527 0 0 0
7720 0 0 0
7913 0 0 0
8106 0 0 0
8299 0 0 0
8492 0 0 0
8685 0 0 0
8878 0 0 0
9071 0 0 0
9264 0 0 0
9457 0 0 0
9650 0 0 0
9843 0 0 0
10036 0 0 0
10229 0 0 0
10422 0 0 0
10615 0 0 0
10808 0 0 0
11001 0 0 0
11194 0 0 0
11387 0 0 0
11580 0 0 0
11773 0 0 0
11966 0 0 0
12159 0 0 0
12352 0 0 0
12545 0 0 0
12738 0 0 0
12931 0 0 0
13124 0 0 0
13317 0 0 0
13510 0 0 0
13703 0 0 0
13896 0 0 0
14089 0 0 0
14282 0 0 0
14475 0 0 0
14668 0 0 0
14861 0 0 0
15054 0 0 0
15247 0 0 0
15440 0 0 0
15633 0 0 0
15826 0 0 0
16019 0 0 0
16212 0 0 0
16405 0 0 0
16598 0 0 0
16791 0 0 0
16984 0 0 0
17177 0 0 0
17370 0 0 0
17563 0 0 0
17756 0 0 0
17949 0 0 0
18142 0 0 0
18335 0 0 0
18528 0 0 0
18721 0 0 0
18914 0 0 0
19107 0 0 0
19300 0 0 0
19493 0 0 0
19686 0 0 0
19879 0 0 0
20072 0 0 0
20265 0 0 0
20458 0 0 0
20651 0 0 0
20844 0 0 0
21037 0 0 0
21230 0 0 0
21423 0 0 0
21616 0 0 0
21809 0 0 0
22002 0 0 0
22195 0 0 0
22388 0 0 0
22581 0 0 0
22774 0 0 0
22967 0 0 0
23160 0 0 0
23353 0 0 0
23546 0 0 0
23739 0 0 0
23932 0 0 0
24125 0 0 0
24318 0 0 0
24511 0 0 0
24704 0 0 0
24897 0 0 0
25090 0 0 0
25283 0 0 0
25476 0 0 0
25669 0 0 0
25862 0 0 0
26055 0 0 0
26248 0 0 0
26441 0 0 0
26634 0 0 0
26827 0 0 0
27020 0 0 0
27213 0 0 0
27406 0 0 0
27599 0 0 0
27792 0 0 0
27985 0 0 0
28178 0 0 0
28371 0 0 0
28564 0 0 0
28757 0 0 0
28950 0 0 0
29143 0 0 0
29336 0 0 0
29529 0 0 0
29722 0 0 0
29915 0 0 0
30108 0 0 0
30301 0 0 0
30494 0 0 0
30687 0 0 0
30880 0 0 0
31073 0 0 0
31266 0 0 0
31459 0 0 0
31652 0 0 0
31845 0 0 0
32038 0 0 0
32231 0 0 0
32424 0 0 0
32617 0 0 0
32810 0 0 0
33003 0 0 0
33196 0 0 0
33389 0 0 0
33582 0 0 0
33775 0 0 0
33968 0 0 0
34161 0 0 0
34354 0 0 0
34547 0 0 0
34740 0 0 0
34933 0 0 0
35126 0 0 0
35319 0 0 0
35512 0 0 0
35705 0 0 0
35898 0 0 0
36091 0 0 0
36284 0 0 0
36477 0 0 0
36670 0 0 0
36863 0 0 0
37056 0 0 0
37249 0 0 0
37442 0 0 0
37635 0 0 0
37828 0 0 0
38021 0 0 0
38214 0 0 0
38407 0 0 0
38600 0 0 0
38793 0 0 0
38986 0 0 0
39179 0 0 0
39372 0 0 0
39565 0 0 0
39758 0 0 0
39951 0 0 0
40144 0 0 0
40337 0 0 0
40530 0 0 0
40723 0 0 0
40916 0 0 0
41109 0 0 0
41302 0 0 0
41495 0 0 0
41688 0 0 0
41881 0 0 0
42074 0 0 0
42267 0 0 0
42460 0 0 0
42653 0 0 0
42846 0 0 0
43039 0 0 0
43232 0 0 0
43425 0 0 0
43618 0 0 0
43811 0 0 0
44004 0 0 0
44197 0 0 0
44390 0 0 0
44583 0 0 0
44776 0 0 0
44969 0 0 0
45162 0 0 0
45355 0 0 0
45548 0 0 0
45741 0 0 0
45934 0 0 0
46127 0 0 0
46320 0 0 0
46513 0 0 0
46706 0 0 0
46899 0 0 0
47092 0 0 0
47285 0 0 0
47478 0 0 0
47671 0 0 0
47864 0 0 0
48057 0 0 0
48250 0 0 0
48443 0 0 0
48636 0 0 0
48829 0 0 0
49022 0 0 0
49215 0 0 0
49408 0 0 0
49601 0 0 0
49794 0 0 0
49987 0 0 0
50180 0 0 0
50373 0 0 0
50566 0 0 0
50759 0 0 0
50952 0 0 0
51145 0 0 0
51338 0 0 0
51531 0 0 0
51724 0 0 0
51917 0 0 0
52110 0 0 0
52303 0 0 0
52496 0 0 0
52689 0 0 0
52882 0 0 0
53075 0 0 0
53268 0 0 0
53461 0 0 0
53654 0 0 0
53847 0 0 0
54040 0 0 0
54233 0 0 0
54426 0 0 0
54619 0 0 0
54812 0 0 0
55005 0 0 0
55198 0 0 0
55391 0 0 0
55584 0 0 0
55777 0 0 0
55970 0 0 0
56163 0 0 0
56356 0 0 0
56549 0 0 0
56742 0 0 0
56935 0 0 0
57128 0 0 0
57321 0 0 0
57514 0 0 0
57707 0 0 0
57900 0 0 0
58093 0 0 0
58286 0 0 0
58479 0 0 0
58672 0 0 0
58865 0 0 0
59058 0 0 0
59251 0 0 0
59444 0 0 0
59637 0 0 0
59830 0 0 0
60023 0 0 0
60216 0 0 0
60409 0 0 0
60602 0 0 0
60795 0 0 0
60988 0 0 0
61181 0 0 0
61374 0 0 0
61567 0 0 0
61760 0 0 0
61953 0 0 0
62146 0 0 0
62339 0 0 0
62532 0 0 0
62725 0 0 0
62918 0 0 0
63111 0 0 0
63304 0 0 0
63497 0 0 0
63690 0 0 0
63883 0 0 0
64076 0 0 0
64269 0 0 0
64462 0 0 0
64655 0 0 0
64848 0 0 0
65041 0 0 0
65234 0 0 0
65427 0 0 0
65620 0 0 0
65813 0 0 0
66006 0 0 0
66199 0 0 0
66392 0 0 0
66585 0 0 0
66778 0 0 0
66971 0 0 0
67164 0 0 0
67357 0 0 0
67550 0 0 0
67743 0 0 0
67936 0 0 0
68129 0 0 0
68322 0 0 0
68515 0 0 0
68708 0 0 0
68901 0 0 0
69094 0 0 0
69287 0 0 0
69480 0 0 0
69673 0 0 0
69866 0 0 0
70059 0 0 0
70252 0 0 0
70445 0 0 0
70638 0 0 0
70831 0 0 0
71024 0 0 0
71217 0 0 0
71410 0 0 0
71603 0 0 0
71796 0 0 0
71989 0 0 0
72182 0 0 0
72375 0 0 0
72568 0 0 0
72761 0 0 0
72954 0 0 0
73147 0 0 0
73340 0 0 0
73533 0 0 0
73726 0 0 0
73919 0 0 0
74112 0 0 0
74305 0 0 0
74498 0 0 0
74691 0 0 0
74884 0 0 0
75077 0 0 0
75270 0 0 0
75463 0 0 0
75656 0 0 0
75849 0 0 0
76042 0 0 0
76235 0 0 0
76428 0 0 0
76621 0 0 0
76814 0 0 0
77007 0 0 0
77200 0 0 0
77393 0 0 0
77586 0 0 0
77779 0 0 0
77972 0 0 0
78165 0 0 0
78358 0 0 0
78551 0 0 0
78744 0 0 0
78937 0 0 0
79130 0 0 0
79323 0 0 0
79516 0 0 0
79709 0 0 0
79902 0 0 0
80095 0 0 0
80288 0 0 0
80481 0 0 0
80674 0 0 0
80867 0 0 0
81060 0 0 0
81253 0 0 0
81446 0 0 0
81639 0 0 0
81832 0 0 0
82025 0 0 0
82218 0 0 0
82411 0 0 0
82604 0 0 0
82797 0 0 0
82990 0 0 0
83183 0 0 0
83376 0 0 0
83569 0 0 0
83762 0 0 0
83955 0 0 0
84148 0 0 0
84341 0 0 0
84534 0 0 0
84727 0 0 0
84920 0 0 0
85113 0 0 0
85306 0 0 0
85499 0 0 0
85692 0 0 0
85885 0 0 0
86078 0 0 0
86271 0 0 0
86464 0 0 0
86657 0 0 0
86850 0 0 0
87043 0 0 0
87236 0 0 0
87429 0 0 0
87622 0 0 0
87815 0 0 0
88008 0 0 0
88201 0 0 0
88394 0 0 0
88587 0 0 0
88780 0 0 0
88973 0 0 0
89166 0 0 0
89359 0 0 0
89552 0 0 0
89745 0 0 0
89938 0 0 0
90131 0 0 0
90324 0 0 0
90517 0 0 0
90710 0 0 0
90903 0 0 0
91096 0 0 0
91289 0 0 0
91482 0 0 0
91675 0 0 0
91868 0 0 0
92061 0 0 0
92254 0 0 0
92447 0 0 0
92640 0 0 0
92833 0 0 0
93026 0 0 0
93219 0 0 0
93412 0 0 0
93605 0 0 0
93798 0 0 0
93991 0 0 0
94184 0 0 0
94377 0 0 0
94570 0 0 0
94763 0 0 0
94956 0 0 0
95149 0 0 0
95342 0 0 0
95535 0 0 0
95728 0 0 0
95921 0 0 0
96114 0 0 0
96307 0 0 0
96500 0 0 0
96693 0 0 0
96886 0 0 0
97079 0 0 0
97272 0 0 0
97465 0 0 0
97658 0 0 0
97851 0 0 0
98044 0 0 0
98237 0 0 0
98430 0 0 0
98623 0 0 0
98816 0 0 0
99009 0 0 0
99202 0 0 0
99395 0 0 0
99588 0 0 0
99781 0 0 0
99974 0 0 0
100167 0 0 0
100360 0 0 0
100553 0 0 0
100746 0 0 0
100939 0 0 0
101132 0 0 0
101325 0 0 0
101518 0 0 0
101711 0 0 0
101904 0 0 0
102097 0 0 0
102290 0 0 0
102483 0 0 0
102676 0 0 0
102869 0 0 0
103062 0 0 0
103255 0 0 0
103448 0 0 0
103641 0 0 0
103834 0 0 0
104027 0 0 0
104220 0 0 0
104413 0 0 0
104606 0 0 0
104799 0 0 0
104992 0 0 0
105185 0 0 0
105378 0 0 0
105571 0 0 0
105764 0 0 0
105957 0 0 0
106150 0 0 0
106343 0 0 0
106536 0 0 0
106729 0 0 0
106922 0 0 0
107115 0 0 0
107308 0 0 0
107501 0 0 0
107694 0 0 0
107887 0 0 0
108080 0 0 0
108273 0 0 0
108466 0 0 0
108659 0 0 0
108852 0 0 0
109045 0 0 0
109238 0 0 0
109431 0 0 0
109624 0 0 0
109817 0 0 0
110010 0 0 0
110203 0 0 0
110396 0 0 0
110589 0 0 0
110782 0 0 0
110975 0 0 0
111168 0 0 0
111361 0 0 0
111554 0 0 0
111747 0 0 0
111940 0 0 0
112133 0 0 0
112326 0 0 0
112519 0 0 0
112712 0 0 0
112905 0 0 0
113098 0 0 0
113291 0 0 0
113484 0 0 0
113677 0 0 0
113870 0 0 0
114063 0 0 0
114256 0 0 0
114449 0 0 0
114642 0 0 0
114835 0 0 0
115028 0 0 0
115221 0 0 0
115414 0 0 0
115607 0 0 0
115800 0 0 0
115993 0 0 0
116186 0 0 0
116379 0 0 0
116572 0 0 0
116765 0 0 0
116958 0 0 0
117151 0 0 0
117344 0 0 0
117537 0 0 0
117730 0 0 0
117923 0 0 0
118116 0 0 0
118309 0 0 0
118502 0 0 0
118695 0 0 0
118888 0 0 0
119081 0 0 0
119274 0 0 0
119467 0 0 0
119660 0 0 0
119853 0 0 0
120046 0 0 0
120239 0 0 0
120432 0 0 0
120625 0 0 0
120818 0 0 0
121011 0 0 0
121204 0 0 0
121397 0 0 0
121590 0 0 0
121783 0 0 0
121976 0 0 0
122169 0 0 0
122362 0 0 0
122555 0 0 0
122748 0 0 0
122941 0 0 0
123134 0 0 0
123327 0 0 0
123520 0 0 0
123713 0 0 0
123906 0 0 0
124099 0 0 0
124292 0 0 0
124485 0 0 0
124678 0 0 0
124871 0 0 0
125064 0 0 0
125257 0 0 0
125450 0 0 0
125643 0 0 0
125836 0 0 0
126029 0 0 0
126222 0 0 0
126415 0 0 0
126608 0 0 0
126801 0 0 0
126994 0 0 0
127187 0 0 0
127380 0 0 0
127573 0 0 0
127766 0 0 0
127959 0 0 0
128152 0 0 0
128345 0 0 0
128538 0 0 0
128731 0 0 0
128924 0 0 0
129117 0 0 0
129310 0 0 0
129503 0 0 0
129696 0 0 0
129889 0 0 0
130082 0 0 0
130275 0 0 0
130468 0 0 0
130661 0 0 0
130854 0 0 0
131047 0 0 0
131240 0 0 0
131433 0 0 0
131626 0 0 0
131819 0 0 0
132012 0 0 0
132205 0 0 0
132398 0 0 0
132591 0 0 0
132784 0 0 0
132977 0 0 0
133170 0 0 0
133363 0 0 0
133556 0 0 0
133749 0 0 0
133942 0 0 0
134135 0 0 0
134328 0 0 0
134521 0 0 0
134714 0 0 0
134907 0 0 0
135100 0 0 0
135293 0 0 0
135486 0 0 0
135679 0 0 0
135872 0 0 0
136065 0 0 0
136258 0 0 0
136451 0 0 0
136644 0 0 0
136837 0 0 0
137030 0 0 0
137223 0 0 0
137416 0 0 0
137609 0 0 0
137802 0 0 0
137995 0 0 0
138188 0 0 0
138381 0 0 0
138574 0 0 0
138767 0 0 0
138960 0 0 0
139153 0 0 0
139346 0 0 0
139539 0 0 0
139732 0 0 0
139925 0 0 0
140118 0 0 0
140311 0 0 0
140504 0 0 0
140697 0 0 0
140890 0 0 0
141083 0 0 0
141276 0 0 0
141469 0 0 0
141662 0 0 0
141855 0 0 0
142048 0 0 0
142241 0 0 0
142434 0 0 0
142627 0 0 0
142820 0 0 0
143013 0 0 0
143206 0 0 0
143399 0 0 0
143592 0 0 0
143785 0 0 0
143978 0 0 0
144171 0 0 0
144364 0 0 0
144557 0 0 0
144750 0 0 0
144943 0 0 0
145136 0 0 0
145329 0 0 0
145522 0 0 0
145715 0 0 0
145908 0 0 0
146101 0 0 0
146294 0 0 0
146487 0 0 0
146680 0 0 0
146873 0 0 0
147066 0 0 0
147259 0 0 0
147452 0 0 0
147645 0 0 0
147838 0 0 0
148031 0 0 0
148224 0 0 0
148417 0 0 0
148610 0 0 0
148803 0 0 0
148996 0 0 0
149189 0 0 0
149382 0 0 0
149575 0 0 0
149768 0 0 0
149961 0 0 0
150154 0 0 0
150347 0 0 0
150540 0 0 0
150733 0 0 0
150926 0 0 0
151119 0 0 0
151312 0 0 0
151505 0 0 0
151698 0 0 0
151891 0 0 0
152084 0 0 0
152277 0 0 0
152470 0 0 0
152663 0 0 0
152856 0 0 0
153049 0 0 0
153242 0 0 0
153435 0 0 0
153628 0 0 0
153821 0 0 0
154014 0 0 0
154207 0 0 0
154400 0 0 0
154593 0 0 0
154786 0 0 0
154979 0 0 0
155172 0 0 0
155365 0 0 0
155558 0 0 0
155751 0 0 0
155944 0 0 0
156137 0 0 0
156330 0 0 0
156523 0 0 0
156716 0 0 0
156909 0 0 0
157102 0 0 0
157295 0 0 0
157488 0 0 0
157681 0 0 0
157874 0 0 0
158067 0 0 0
158260 0 0 0
158453 0 0 0
158646 0 0 0
158839 0 0 0
159032 0 0 0
159225 0 0 0
159418 0 0 0
159611 0 0 0
159804 0 0 0
159997 0 0 0
160190 0 0 0
160383 0 0 0
160576 0 0 0
160769 0 0 0
160962 0 0 0
161155 0 0 0
161348 0 0 0
161541 0 0 0
161734 0 0 0
161927 0 0 0
162120 0 0 0
162313 0 0 0
162506 0 0 0
162699 0 0 0
162892 0 0 0
163085 0 0 0
163278 0 0 0
163471 0 0 0
163664 0 0 0
163857 0 0 0
164050 0 0 0
164243 0 0 0
164436 0 0 0
164629 0 0 0
164822 0 0 0
165015 0 0 0
165208 0 0 0
165401 0 0 0
165594 0 0 0
165787 0 0 0
165980 0 0 0
166173 0 0 0
166366 0 0 0
166559 0 0 0
166752 0 0 0
166945 0 0 0
167138 0 0 0
167331 0 0 0
167524 0 0 0
167717 0 0 0
167910 0 0 0
168103 0 0 0
168296 0 0 0
168489 0 0 0
168682 0 0 0
168875 0 0 0
169068 0 0 0
169261 0 0 0
169454 0 0 0
169647 0 0 0
169840 0 0 0
170033 0 0 0
170226 0 0 0
170419 0 0 0
170612 0 0 0
170805 0 0 0
170998 0 0 0
171191 0 0 0
171384 0 0 0
171577 0 0 0
171770 0 0 0
171963 0 0 0
172156 0 0 0
172349 0 0 0
172542 0 0 0
172735 0 0 0
172928 0 0 0
173121 0 0 0
173314 0 0 0
173507 0 0 0
173700 0 0 0
173893 0 0 0
174086 0 0 0
174279 0 0 0
174472 0 0 0
174665 0 0 0
174858 0 0 0
175051 0 0 0
175244 0 0 0
175437 0 0 0
175630 0 0 0
175823 0 0 0
176016 0 0 0
176209 0 0 0
176402 0 0 0
176595 0 0 0
176788 0 0 0
176981 0 0 0
177174 0 0 0
177367 0 0 0
177560 0 0 0
177753 0 0 0
177946 0 0 0
178139 0 0 0
178332 0 0 0
178525 0 0 0
178718 0 0 0
178911 0 0 0
179104 0 0 0
179297 0 0 0
179490 0 0 0
179683 0 0 0
179876 0 0 0
180069 0 0 0
180262 0 0 0
180455 0 0 0
180648 0 0 0
180841 0 0 0
181034 0 0 0
181227 0 0 0
181420 0 0 0
181613 0 0 0
181806 0 0 0
181999 0 0 0
182192 0 0 0
182385 0 0 0
182578 0 0 0
182771 0 0 0
182964 0 0 0
183157 0 0 0
183350 0 0 0
183543 0 0 0
183736 0 0 0
183929 0 0 0
184122 0 0 0
184315 0 0 0
184508 0 0 0
184701 0 0 0
184894 0 0 0
185087 0 0 0
185280 0 0 0
185473 0 0 0
185666 0 0 0
185859 0 0 0
186052 0 0 0
186245 0 0 0
186438 0 0 0
186631 0 0 0
186824 0 0 0
187017 0 0 0
187210 0 0 0
187403 0 0 0
187596 0 0 0
187789 0 0 0
187982 0 0 0
188175 0 0 0
188368 0 0 0
188561 0 0 0
188754 0 0 0
188947 0 0 0
189140 0 0 0
189333 0 0 0
189526 0 0 0
189719 0 0 0
189912 0 0 0
190105 0 0 0
190298 0 0 0
190491 0 0 0
190684 0 0 0
190877 0 0 0
191070 0 0 0
191263 0 0 0
191456 0 0 0
191649 0 0 0
191842 0 0 0
192035 0 0 0
192228 0 0 0
192421 0 0 0
192614 0 0 0
192807 0 0 0
193000 0 0 0
193193 0 0 0
193386 0 0 0
193579 0 0 0
193772 0 0 0
193965 0 0 0
194158 0 0 0
194351 0 0 0
194544 0 0 0
194737 0 0 0
194930 0 0 0
195123 0 0 0
195316 0 0 0
195509 0 0 0
195702 0 0 0
195895 0 0 0
196088 0 0 0
196281 0 0 0
196474 0 0 0
196667 0 0 0
196860 0 0 0
197053 0 0 0
197246 0 0 0
197439 0 0 0
197632 0 0 0
197825 0 0 0
198018 0 0 0
198211 0 0 0
198404 0 0 0
198597 0 0 0
198790 0 0 0
198983 0 0 0
199176 0 0 0
199369 0 0 0
199562 0 0 0
199755 0 0 0
199948 0 0 0
200141 0 0 0
200334 0 0 0
200527 0 0 0
200720 0 0 0
200913 0 0 0
201106 0 0 0
201299 0 0 0
201492 0 0 0
201685 0 0 0
201878 0 0 0
202071 0 0 0
202264 0 0 0
202457 0 0 0
202650 0 0 0
202843 0 0 0
203036 0 0 0
203229 0 0 0
203422 0 0 0
203615 0 0 0
203808 0 0 0
204001 0 0 0
204194 0 0 0
204387 0 0 0
204580 0 0 0
204773 0 0 0
204966 0 0 0
205159 0 0 0
205352 0 0 0
205545 0 0 0
205738 0 0 0
205931 0 0 0
206124 0 0 0
206317 0 0 0
206510 0 0 0
206703 0 0 0
206896 0 0 0
207089 0 0 0
207282 0 0 0
207475 0 0 0
207668 0 0 0
207861 0 0 0
208054 0 0 0
208247 0 0 0
208440 0 0 0
208633 0 0 0
208826 0 0 0
209019 0 0 0
209212 0 0 0
209405 0 0 0
209598 0 0 0
209791 0 0 0
209984 0 0 0
210177 0 0 0
210370 0 0 0
210563 0 0 0
210756 0 0 0
210949 0 0 0
211142 0 0 0
211335 0 0 0
211528 0 0 0
211721 0 0 0
211914 0 0 0
212107 0 0 0
212300 0 0 0
212493 0 0 0
212686 0 0 0
212879 0 0 0
213072 0 0 0
213265 0 0 0
213458 0 0 0
213651 0 0 0
213844 0 0 0
214037 0 0 0
214230 0 0 0
214423 0 0 0
214616 0 0 0
214809 0 0 0
215002 0 0 0
215195 0 0 0
215388 0 0 0
215581 0 0 0
215774 0 0 0
215967 0 0 0
216160 0 0 0
216353 0 0 0
216546 0 0 0
216739 0 0 0
216932 0 0 0
217125 0 0 0
217318 0 0 0
217511 0 0 0
217704 0 0 0
217897 0 0 0
218090 0 0 0
218283 0 0 0
218476 0.0596831 0 0
218669 0.149208 0 0
218862 0.218838 0 0
219055 0.268574 0 0
219248 0.298416 0 0
219441 0.308363 0 0
219634 0.298416 0 0
219827 0.268574 0 0
220020 0.218838 0 0
220213 0.149208 0 0
220406 0.0596831 0 0
220599 0 0 0
220792 0 0 0
220985 0 0 0
221178 0 0 0
221371 0 0 0
221564 0 0 0
221757 0 0 0
221950 0 0 0
222143 0 0 0
222336 0 0 0
222529 0 0 0
222722 0 0 0
222915 0 0 0
223108 0 0 0
223301 0 0 0
223494 0 0 0
223687 0 0 0
223880 0 0 0
224073 0 0 0
224266 0 0 0
224459 0 0 0
224652 0 0 0
224845 0 0 0
225038 0 0 0
225231 0 0 0
225424 0 0 0
225617 0 0 0
225810 0 0 0
226003 0 0 0
226196 0 0 0
226389 0 0 0
226582 0 0 0
226775 0 0 0
226968 0 0 0
227161 0 0 0
227354 0 0 0
227547 0 0 0
227740 0 0 0
227933 0 0 0
228126 0 0 0
228319 0 0 0
228512 0 0 0
228705 0 0 0
228898 0 0 0
229091 0 0 0
229284 0 0 0
229477 0 0 0
229670 0 0 0
229863 0 0 0
230056 0 0 0
230249 0 0 0
230442 0 0 0
230635 0.109419 0 0
230828 0.238732 0 0
231021 0.348151 0 0
231214 0.437676 0 0
231407 0.507306 0 0
231600 0.557042 0 0
231793 0.586884 0 0
231986 0.596831 0 0
232179 0.586884 0 0
232372 0.557042 0 0
232565 0.507306 0 0
232758 0.437676 0 0
232951 0.348151 0 0
233144 0.238732 0 0
233337 0.109419 0 0
233530 0 0 0
233723 0 0 0
233916 0 0 0
234109 0 0 0
234302 0 0 0
234495 0 0 0
234688 0 0 0
234881 0 0 0
235074 0 0 0
235267 0 0 0
235460 0 0 0
235653 0 0 0
235846 0 0 0
236039 0 0 0
236232 0 0 0
236425 0 0 0
236618 0 0 0
236811 0 0 0
237004 0 0 0
237197 0 0 0
237390 0 0 0
237583 0 0 0
237776 0 0 0
237969 0 0 0
238162 0 0 0
238355 0 0 0
238548 0 0 0
238741 0 0 0
238934 0 0 0
239127 0 0 0
239320 0 0 0
239513 0 0 0
239706 0 0 0
239899 0 0 0
240092 0 0 0
240285 0 0 0
240478 0 0 0
240671 0 0 0
240864 0 0 0
241057 0 0 0
241250 0 0 0
241443 0 0 0
241636 0 0 0
241829 0 0 0
242022 0 0 0
242215 0 0 0
242408 0 0 0
242601 0 0 0
242794 0.0596831 0 0
242987 0.228785 0 0
243180 0.377993 0 0
243373 0.507306 0 0
243566 0.616725 0 0
243759 0.70625 0 0
243952 0.77588 0 0
244145 0.825616 0 0
244338 0.855458 0 0
244531 0.865405 0 0
244724 0.855458 0 0
244917 0.825616 0 0
245110 0.77588 0 0
245303 0.70625 0 0
245496 0.616725 0 0
245689 0.507306 0 0
245882 0.377993 0 0
246075 0.228785 0 0
246268 0.0596831 0 0
246461 0 0 0
246654 0 0 0
246847 0 0 0
247040 0 0 0
247233 0 0 0
247426 0 0 0
247619 0 0 0
247812 0 0 0
248005 0 0 0
248198 0 0 0
248391 0 0 0
248584 0 0 0
248777 0 0 0
248970 0 0 0
249163 0 0 0
249356 0 0 0
249549 0 0 0
249742 0 0 0
249935 0 0 0
250128 0 0 0
250321 0 0 0
250514 0 0 0
250707 0 0 0
250900 0 0 0
251093 0 0 0
251286 0 0 0
251479 0 0 0
251672 0 0 0
251865 0 0 0
252058 0 0 0
252251 0 0 0
252444 0 0 0
252637 0 0 0
252830 0 0 0
253023 0 0 0
253216 0 0 0
253409 0 0 0
253602 0 0 0
253795 0 0 0
253988 0 0 0
254181 0 0 0
254374 0 0 0
254567 0 0 0
254760 0 0 0
254953 0 0 0
255146 0.119366 0 0
255339 0.308363 0 0
255532 0.477465 0 0
255725 0.626673 0 0
255918 0.755986 0 0
256111 0.865405 0 0
256304 0.95493 0 0
256497 1.02456 0 0
256690 1.0743 0 0
256883 1.10414 0 0
257076 1.11408 0 0
257269 1.10414 0 0
257462 1.0743 0 0
257655 1.02456 0 0
257848 0.95493 0 0
258041 0.865405 0 0
258234 0.755986 0 0
258427 0.626673 0 0
258620 0.477465 0 0
258813 0.308363 0 0
259006 0.119366 0 0
259199 0 0 0
259392 0 0 0
259585 0 0 0
259778 0 0 0
259971 0 0 0
260164 0 0 0
260357 0 0 0
260550 0 0 0
260743 0 0 0
260936 0 0 0
261129 0 0 0
261322 0 0 0
261515 0 0 0
261708 0 0 0
261901 0 0 0
262094 0 0 0
262287 0 0 0
262480 0 0 0
262673 0 0 0
262866 0 0 0
263059 0 0 0
263252 0 0 0
263445 0 0 0
263638 0 0 0
263831 0 0 0
264024 0 0 0
264217 0 0 0
264410 0 0 0
264603 0 0 0
264796 0 0 0
264989 0 0 0
265182 0 0 0
265375 0 0 0
265568 0 0 0
265761 0 0 0
265954 0 0 0
266147 0 0 0
266340 0 0 0
266533 0 0 0
266726 0 0 0
266919 0 0 0
267112 0 0 0
267305 0 0 0
267498 0.139261 0 0
267691 0.348151 0 0
267884 0.537148 0 0
268077 0.70625 0 0
268270 0.855458 0 0
268463 0.984771 0 0
268656 1.09419 0 0
268849 1.18371 0 0
269042 1.25335 0 0
269235 1.30308 0 0
269428 1.33292 0 0
269621 1.34287 0 0
269814 1.33292 0 0
270007 1.30308 0 0
270200 1.25335 0 0
270393 1.18371 0 0
270586 1.09419 0 0
270779 0.984771 0 0
270972 0.855458 0 0
271165 0.70625 0 0
271358 0.537148 0 0
271551 0.348151 0 0
271744 0.139261 0 0
271937 0 0 0
272130 0 0 0
272323 0 0 0
272516 0 0 0
272709 0 0 0
272902 0 0 0
273095 0 0 0
273288 0 0 0
273481 0 0 0
273674 0 0 0
273867 0 0 0
274060 0 0 0
274253 0 0 0
274446 0 0 0
274639 0 0 0
274832 0 0 0
275025 0 0 0
275218 0 0 0
275411 0 0 0
275604 0 0 0
275797 0 0 0
275990 0 0 0
276183 0 0 0
276376 0 0 0
276569 0 0 0
276762 0 0 0
276955 0 0 0
277148 0 0 0
277341 0 0 0
277534 0 0 0
277727 0 0 0
277920 0 0 0
278113 0 0 0
278306 0 0 0
278499 0 0 0
278692 0 0 0
278885 0 0 0
279078 0 0 0
279271 0 0 0
279464 0 0 0
279657 0 0 0
279850 0.119366 0 0
280043 0.348151 0 0
280236 0.557042 0 0
280429 0.746039 0 0
280622 0.915141 0 0
280815 1.06435 0 0
281008 1.19366 0 0
281201 1.30308 0 0
281394 1.39261 0 0
281587 1.46224 0 0
281780 1.51197 0 0
281973 1.54181 0 0
282166 1.55176 0 0
282359 1.54181 0 0
282552 1.51197 0 0
282745 1.46224 0 0
282938 1.39261 0 0
283131 1.30308 0 0
283324 1.19366 0 0
283517 1.06435 0 0
283710 0.915141 0 0
283903 0.746039 0 0
284096 0.557042 0 0
284289 0.348151 0 0
284482 0.119366 0 0
284675 0 0 0
284868 0 0 0
285061 0 0 0
285254 0 0 0
285447 0 0 0
285640 0 0 0
285833 0 0 0
286026 0 0 0
286219 0 0 0
286412 0 0 0
286605 0 0 0
286798 0 0 0
286991 0 0 0
287184 0 0 0
287377 0 0 0
287570 0 0 0
287763 0 0 0
287956 0 0 0
288149 0 0 0
288342 0 0 0
288535 0 0 0
288728 0 0 0
288921 0 0 0
289114 0 0 0
289307 0 0 0
289500 0 0 0
289693 0 0 0
289886 0 0 0
290079 0 0 0
290272 0 0 0
290465 0 0 0
290658 0 0 0
290851 0 0 0
291044 0 0 0
291237 0 0 0
291430 0 0 0
291623 0 0 0
291816 0 0 0
292009 0 0 0
292202 0.0596831 0 0
292395 0.308363 0 0
292588 0.537148 0 0
292781 0.746039 0 0
292974 0.935035 0 0
293167 1.10414 0 0
293360 1.25335 0 0
293553 1.38266 0 0
293746 1.49208 0 0
293939 1.5816 0 0
294132 1.65123 0 0
294325 1.70097 0 0
294518 1.73081 0 0
294711 1.74076 0 0
294904 1.73081 0 0
295097 1.70097 0 0
295290 1.65123 0 0
295483 1.5816 0 0
295676 1.49208 0 0
295869 1.38266 0 0
296062 1.25335 0 0
296255 1.10414 0 0
296448 0.935035 0 0
296641 0.746039 0 0
296834 0.537148 0 0
297027 0.308363 0 0
297220 0.0596831 0 0
297413 0 0 0
297606 0 0 0
297799 0 0 0
297992 0 0 0
298185 0 0 0
298378 0 0 0
298571 0 0 0
298764 0 0 0
298957 0 0 0
299150 0 0 0
299343 0 0 0
299536 0 0 0
299729 0 0 0
299922 0 0 0
300115 0 0 0
300308 0 0 0
300501 0 0 0
300694 0 0 0
300887 0 0 0
301080 0 0 0
301273 0 0 0
301466 0 0 0
301659 0 0 0
301852 0 0 0
302045 0 0 0
302238 0 0 0
302431 0 0 0
302624 0 0 0
302817 0 0 0
303010 0 0 0
303203 0 0 0
303396 0 0 0
303589 0 0 0
303782 0 0 0
303975 0 0 0
304168 0 0 0
304361 0 0 0
304554 0 0 0
304747 0.228785 0 0
304940 0.477465 0 0
305133 0.70625 0 0
305326 0.915141 0 0
305519 1.10414 0 0
305712 1.27324 0 0
305905 1.42245 0 0
306098 1.55176 0 0
306291 1.66118 0 0
306484 1.7507 0 0
306677 1.82033 0 0
306870 1.87007 0 0
307063 1.89991 0 0
307256 1.90986 0 0
307449 1.89991 0 0
307642 1.87007 0 0
307835 1.82033 0 0
308028 1.7507 0 0
308221 1.66118 0 0
308414 1.55176 0 0
308607 1.42245 0 0
308800 1.27324 0 0
308993 1.10414 0 0
309186 0.915141 0 0
309379 0.70625 0 0
309572 0.477465 0 0
309765 0.228785 0 0
309958 0 0 0
310151 0 0 0
310344 0 0 0
310537 0 0 0
310730 0 0 0
310923 0 0 0
311116 0 0 0
311309 0 0 0
311502 0 0 0
311695 0 0 0
311888 0 0 0
312081 0 0 0
312274 0 0 0
312467 0 0 0
312660 0 0 0
312853 0 0 0
313046 0 0 0
313239 0 0 0
313432 0 0 0
313625 0 0 0
313818 0 0 0
314011 0 0 0
314204 0 0 0
314397 0 0 0
314590 0 0 0
314783 0 0 0
314976 0 0 0
315169 0 0 0
315362 0 0 0
315555 0 0 0
315748 0 0 0
315941 0 0 0
316134 0 0 0
316327 0 0 0
316520 0 0 0
316713 0 0 0
316906 0 0 0
317099 0.109419 0 0
317292 0.377993 0 0
317485 0.626673 0 0
317678 0.855458 0 0
317871 1.06435 0 0
318064 1.25335 0 0
318257 1.42245 0 0
318450 1.57166 0 0
318643 1.70097 0 0
318836 1.81039 0 0
319029 1.89991 0 0
319222 1.96954 0 0
319415 2.01928 0 0
319608 2.04912 0 0
319801 2.05907 0 0
319994 2.04912 0 0
320187 2.01928 0 0
320380 1.96954 0 0
320573 1.89991 0 0
320766 1.81039 0 0
320959 1.70097 0 0
321152 1.57166 0 0
321345 1.42245 0 0
321538 1.25335 0 0
321731 1.06435 0 0
321924 0.855458 0 0
322117 0.626673 0 0
322310 0.377993 0 0
322503 0.109419 0 0
322696 0 0 0
322889 0 0 0
323082 0 0 0
323275 0 0 0
323468 0 0 0
323661 0 0 0
323854 0 0 0
324047 0 0 0
324240 0 0 0
324433 0 0 0
324626 0 0 0
324819 0 0 0
325012 0 0 0
325205 0 0 0
325398 0 0 0
325591 0 0 0
325784 0 0 0
325977 0 0 0
326170 0 0 0
326363 0 0 0
326556 0 0 0
326749 0 0 0
326942 0 0 0
327135 0 0 0
327328 0 0 0
327521 0 0 0
327714 0 0 0
327907 0 0 0
328100 0 0 0
328293 0 0 0
328486 0 0 0
328679 0 0 0
328872 0 0 0
329065 0 0 0
329258 0 0 0
329451 0 0 0
329644 0.238732 0 0
329837 0.507306 0 0
330030 0.755986 0 0
330223 0.984771 0 0
330416 1.19366 0 0
330609 1.38266 0 0
330802 1.55176 0 0
330995 1.70097 0 0
331188 1.83028 0 0
331381 1.9397 0 0
331574 2.02923 0 0
331767 2.09886 0 0
331960 2.14859 0 0
332153 2.17843 0 0
332346 2.18838 0 0
332539 2.17843 0 0
332732 2.14859 0 0
332925 2.09886 0 0
333118 2.02923 0 0
333311 1.9397 0 0
333504 1.83028 0 0
333697 1.70097 0 0
333890 1.55176 0 0
334083 1.38266 0 0
334276 1.19366 0 0
334469 0.984771 0 0
334662 0.755986 0 0
334855 0.507306 0 0
335048 0.238732 0 0
335241 0 0 0
335434 0 0 0
335627 0 0 0
335820 0 0 0
336013 0 0 0
336206 0 0 0
336399 0 0 0
336592 0 0 0
336785 0 0 0
336978 0 0 0
337171 0 0 0
337364 0 0 0
337557 0 0 0
337750 0 0 0
337943 0 0 0
338136 0 0 0
338329 0 0 0
338522 0 0 0
338715 0 0 0
338908 0 0 0
339101 0 0 0
339294 0 0 0
339487 0 0 0
339680 0 0 0
339873 0 0 0
340066 0 0 0
340259 0 0 0
340452 0 0 0
340645 0 0 0
340838 0 0 0
341031 0 0 0
341224 0 0 0
341417 0 0 0
341610 0 0 0
341803 0 0 0
341996 0.0596831 0 0
342189 0.348151 0 0
342382 0.616725 0 0
342575 0.865405 0 0
342768 1.09419 0 0
342961 1.30308 0 0
343154 1.49208 0 0
343347 1.66118 0 0
343540 1.81039 0 0
343733 1.9397 0 0
343926 2.04912 0 0
344119 2.13864 0 0
344312 2.20827 0 0
344505 2.25801 0 0
344698 2.28785 0 0
344891 2.2978 0 0
345084 2.28785 0 0
345277 2.25801 0 0
345470 2.20827 0 0
345663 2.13864 0 0
345856 2.04912 0 0
346049 1.9397 0 0
346242 1.81039 0 0
346435 1.66118 0 0
346628 1.49208 0 0
346821 1.30308 0 0
347014 1.09419 0 0
347207 0.865405 0 0
347400 0.616725 0 0
347593 0.348151 0 0
347786 0.0596831 0 0
347979 0 0 0
348172 0 0 0
348365 0 0 0
348558 0 0 0
348751 0 0 0
348944 0 0 0
349137 0 0 0
349330 0 0 0
349523 0 0 0
349716 0 0 0
349909 0 0 0
350102 0 0 0
350295 0 0 0
350488 0 0 0
350681 0 0 0
350874 0 0 0
351067 0 0 0
351260 0 0 0
351453 0 0 0
351646 0 0 0
351839 0 0 0
352032 0 0 0
352225 0 0 0
352418 0 0 0
352611 0 0 0
352804 0 0 0
352997 0 0 0
353190 0 0 0
353383 0 0 0
353576 0 0 0
353769 0 0 0
353962 0 0 0
354155 0 0 0
354348 0 0 0
354541 0.149208 0 0
354734 0.437676 0 0
354927 0.70625 0 0
355120 0.95493 0 0
355313 1.18371 0 0
355506 1.39261 0 0
355699 1.5816 0 0
355892 1.7507 0 0
356085 1.89991 0 0
356278 2.02923 0 0
356471 2.13864 0 0
356664 2.22817 0 0
356857 2.2978 0 0
357050 2.34754 0 0
357243 2.37738 0 0
357436 2.38732 0 0
357629 2.37738 0 0
357822 2.34754 0 0
358015 2.2978 0 0
358208 2.22817 0 0
358401 2.13864 0 0
358594 2.02923 0 0
358787 1.89991 0 0
358980 1.7507 0 0
359173 1.5816 0 0
359366 1.39261 0 0
359559 1.18371 0 0
359752 0.95493 0 0
359945 0.70625 0 0
360138 0.437676 0 0
360331 0.149208 0 0
360524 0 0 0
360717 0 0 0
360910 0 0 0
361103 0 0 0
361296 0 0 0
361489 0 0 0
361682 0 0 0
361875 0 0 0
362068 0 0 0
362261 0 0 0
362454 0 0 0
362647 0 0 0
362840 0 0 0
363033 0 0 0
363226 0 0 0
363419 0 0 0
363612 0 0 0
363805 0 0 0
363998 0 0 0
364191 0 0 0
364384 0 0 0
364577 0 0 0
364770 0 0 0
364963 0 0 0
365156 0 0 0
365349 0 0 0
365542 0 0 0
365735 0 0 0
365928 0 0 0
366121 0 0 0
366314 0 0 0
366507 0 0 0
366700 0 0 0
366893 0 0 0
367086 0.218838 0 0
367279 0.507306 0 0
367472 0.77588 0 0
367665 1.02456 0 0
367858 1.25335 0 0
368051 1.46224 0 0
368244 1.65123 0 0
368437 1.82033 0 0
368630 1.96954 0 0
368823 2.09886 0 0
369016 2.20827 0 0
369209 2.2978 0 0
369402 2.36743 0 0
369595 2.41717 0 0
369788 2.44701 0 0
369981 2.45695 0 0
370174 2.44701 0 0
370367 2.41717 0 0
370560 2.36743 0 0
370753 2.2978 0 0
370946 2.20827 0 0
371139 2.09886 0 0
371332 1.96954 0 0
371525 1.82033 0 0
371718 1.65123 0 0
371911 1.46224 0 0
372104 1.25335 0 0
372297 1.02456 0 0
372490 0.77588 0 0
372683 0.507306 0 0
372876 0.218838 0 0
373069 0 0 0
373262 0 0 0
373455 0 0 0
373648 0 0 0
373841 0 0 0
374034 0 0 0
374227 0 0 0
374420 0 0 0
374613 0 0 0
374806 0 0 0
374999 0 0 0
375192 0 0 0
375385 0 0 0
375578 0 0 0
375771 0 0 0
375964 0 0 0
376157 0 0 0
376350 0 0 0
376543 0 0 0
376736 0 0 0
376929 0 0 0
377122 0 0 0
377315 0 0 0
377508 0 0 0
377701 0 0 0
377894 0 0 0
378087 0 0 0
378280 0 0 0
378473 0 0 0
378666 0 0 0
378859 0 0 0
379052 0 0 0
379245 0 0 0
379438 0 0 0
379631 0.268574 0 0
379824 0.557042 0 0
380017 0.825616 0 0
380210 1.0743 0 0
380403 1.30308 0 0
380596 1.51197 0 0
380789 1.70097 0 0
380982 1.87007 0 0
381175 2.01928 0 0
381368 2.14859 0 0
381561 2.25801 0 0
381754 2.34754 0 0
381947 2.41717 0 0
382140 2.4669 0 0
382333 2.49674 0 0
382526 2.50669 0 0
382719 2.49674 0 0
382912 2.4669 0 0
383105 2.41717 0 0
383298 2.34754 0 0
383491 2.25801 0 0
383684 2.14859 0 0
383877 2.01928 0 0
384070 1.87007 0 0
384263 1.70097 0 0
384456 1.51197 0 0
384649 1.30308 0 0
384842 1.0743 0 0
385035 0.825616 0 0
385228 0.557042 0 0
385421 0.268574 0 0
385614 0 0 0
385807 0 0 0
386000 0 0 0
386193 0 0 0
386386 0 0 0
386579 0 0 0
386772 0 0 0
386965 0 0 0
387158 0 0 0
387351 0 0 0
387544 0 0 0
387737 0 0 0
387930 0 0 0
388123 0 0 0
388316 0 0 0
388509 0 0 0
388702 0 0 0
388895 0 0 0
389088 0 0 0
389281 0 0 0
389474 0 0 0
389667 0 0 0
389860 0 0 0
390053 0 0 0
390246 0 0 0
390439 0 0 0
390632 0 0 0
390825 0 0 0
391018 0 0 0
391211 0 0 0
391404 0 0 0
391597 0 0 0
391790 0 0 0
391983 0 0 0
392176 0.298416 0 0
392369 0.586884 0 0
392562 0.855458 0 0
392755 1.10414 0 0
392948 1.33292 0 0
393141 1.54181 0 0
393334 1.73081 0 0
393527 1.89991 0 0
393720 2.04912 0 0
393913 2.17843 0 0
394106 2.28785 0 0
394299 2.37738 0 0
394492 2.44701 0 0
394685 2.49674 0 0
394878 2.52658 0 0
395071 2.53653 0 0
395264 2.52658 0 0
395457 2.49674 0 0
395650 2.44701 0 0
395843 2.37738 0 0
396036 2.28785 0 0
396229 2.17843 0 0
396422 2.04912 0 0
396615 1.89991 0 0
396808 1.73081 0 0
397001 1.54181 0 0
397194 1.33292 0 0
397387 1.10414 0 0
397580 0.855458 0 0
397773 0.586884 0 0
397966 0.298416 0 0
398159 0 0 0
398352 0 0 0
398545 0 0 0
398738 0 0 0
398931 0 0 0
399124 0 0 0
399317 0 0 0
399510 0 0 0
399703 0 0 0
399896 0 0 0
400089 0 0 0
400282 0 0 0
400475 0 0 0
400668 0 0 0
400861 0 0 0
401054 0 0 0
401247 0 0 0
401440 0 0 0
401633 0 0 0
401826 0 0 0
402019 0 0 0
402212 0 0 0
402405 0 0 0
402598 0 0 0
402791 0 0 0
402984 0 0 0
403177 0 0 0
403370 0 0 0
403563 0 0 0
403756 0 0 0
403949 0 0 0
404142 0 0 0
404335 0 0 0
404528 0 0 0
404721 0.308363 0 0
404914 0.596831 0 0
405107 0.865405 0 0
405300 1.11408 0 0
405493 1.34287 0 0
405686 1.55176 0 0
405879 1.74076 0 0
406072 1.90986 0 0
406265 2.05907 0 0
406458 2.18838 0 0
406651 2.2978 0 0
406844 2.38732 0 0
407037 2.45695 0 0
407230 2.50669 0 0
407423 2.53653 0 0
407616 2.54648 0 0
407809 2.53653 0 0
408002 2.50669 0 0
408195 2.45695 0 0
408388 2.38732 0 0
408581 2.2978 0 0
408774 2.18838 0 0
408967 2.05907 0 0
409160 1.90986 0 0
409353 1.74076 0 0
409546 1.55176 0 0
409739 1.34287 0 0
409932 1.11408 0 0
410125 0.865405 0 0
410318 0.596831 0 0
410511 0.308363 0 0
410704 0 0 0
410897 0 0 0
411090 0 0 0
411283 0 0 0
411476 0 0 0
411669 0 0 0
411862 0 0 0
412055 0 0 0
412248 0 0 0
412441 0 0 0
412634 0 0 0
412827 0 0 0
413020 0 0 0
413213 0 0 0
413406 0 0 0
413599 0 0 0
413792 0 0 0
413985 0 0 0
414178 0 0 0
414371 0 0 0
414564 0 0 0
414757 0 0 0
414950 0 0 0
415143 0 0 0
415336 0 0 0
415529 0 0 0
415722 0 0 0
415915 0 0 0
416108 0 0 0
416301 0 0 0
416494 0 0 0
416687 0 0 0
416880 0 0 0
417073 0 0 0
417266 0.298416 0 0
417459 0.586884 0 0
417652 0.855458 0 0
417845 1.10414 0 0
418038 1.33292 0 0
418231 1.54181 0 0
418424 1.73081 0 0
418617 1.89991 0 0
418810 2.04912 0 0
419003 2.17843 0 0
419196 2.28785 0 0
419389 2.37738 0 0
419582 2.44701 0 0
419775 2.49674 0 0
419968 2.52658 0 0
420161 2.53653 0 0
420354 2.52658 0 0
420547 2.49674 0 0
420740 2.44701 0 0
420933 2.37738 0 0
421126 2.28785 0 0
421319 2.17843 0 0
421512 2.04912 0 0
421705 1.89991 0 0
421898 1.73081 0 0
422091 1.54181 0 0
422284 1.33292 0 0
422477 1.10414 0 0
422670 0.855458 0 0
422863 0.586884 0 0
423056 0.298416 0 0
423249 0 0 0
423442 0 0 0
423635 0 0 0
423828 0 0 0
424021 0 0 0
424214 0 0 0
424407 0 0 0
424600 0 0 0
424793 0 0 0
424986 0 0 0
425179 0 0 0
425372 0 0 0
425565 0 0 0
425758 0 0 0
425951 0 0 0
426144 0 0 0
426337 0 0 0
426530 0 0 0
426723 0 0 0
426916 0 0 0
427109 0 0 0
427302 0 0 0
427495 0 0 0
427688 0 0 0
427881 0 0 0
428074 0 0 0
428267 0 0 0
428460 0 0 0
428653 0 0 0
428846 0 0 0
429039 0 0 0
429232 0 0 0
429425 0 0 0
429618 0 0 0
429811 0.268574 0 0
430004 0.557042 0 0
430197 0.825616 0 0
430390 1.0743 0 0
430583 1.30308 0 0
430776 1.51197 0 0
430969 1.70097 0 0
431162 1.87007 0 0
431355 2.01928 0 0
431548 2.14859 0 0
431741 2.25801 0 0
431934 2.34754 0 0
432127 2.41717 0 0
432320 2.4669 0 0
432513 2.49674 0 0
432706 2.50669 0 0
432899 2.49674 0 0
433092 2.4669 0 0
433285 2.41717 0 0
433478 2.34754 0 0
433671 2.25801 0 0
433864 2.14859 0 0
434057 2.01928 0 0
434250 1.87007 0 0
434443 1.70097 0 0
434636 1.51197 0 0
434829 1.30308 0 0
435022 1.0743 0 0
435215 0.825616 0 0
435408 0.557042 0 0
435601 0.268574 0 0
435794 0 0 0
435987 0 0 0
436180 0 0 0
436373 0 0 0
436566 0 0 0
436759 0 0 0
436952 0 0 0
437145 0 0 0
437338 0 0 0
437531 0 0 0
437724 0 0 0
437917 0 0 0
438110 0 0 0
438303 0 0 0
438496 0 0 0
438689 0 0 0
438882 0 0 0
439075 0 0 0
439268 0 0 0
439461 0 0 0
439654 0 0 0
439847 0 0 0
440040 0 0 0
440233 0 0 0
440426 0 0 0
440619 0 0 0
440812 0 0 0
441005 0 0 0
441198 0 0 0
441391 0 0 0
441584 0 0 0
441777 0 0 0
441970 0 0 0
442163 0 0 0
442356 0.218838 0 0
442549 0.507306 0 0
442742 0.77588 0 0
442935 1.02456 0 0
443128 1.25335 0 0
443321 1.46224 0 0
443514 1.65123 0 0
443707 1.82033 0 0
443900 1.96954 0 0
444093 2.09886 0 0
444286 2.20827 0 0
444479 2.2978 0 0
444672 2.36743 0 0
444865 2.41717 0 0
445058 2.44701 0 0
445251 2.45695 0 0
445444 2.44701 0 0
445637 2.41717 0 0
445830 2.36743 0 0
446023 2.2978 0 0
446216 2.20827 0 0
446409 2.09886 0 0
446602 1.96954 0 0
446795 1.82033 0 0
446988 1.65123 0 0
447181 1.46224 0 0
447374 1.25335 0 0
447567 1.02456 0 0
447760 0.77588 0 0
447953 0.507306 0 0
448146 0.218838 0 0
448339 0 0 0
448532 0 0 0
448725 0 0 0
448918 0 0 0
449111 0 0 0
449304 0 0 0
449497 0 0 0
449690 0 0 0
449883 0 0 0
450076 0 0 0
450269 0 0 0
450462 0 0 0
450655 0 0 0
450848 0 0 0
451041 0 0 0
451234 0 0 0
451427 0 0 0
451620 0 0 0
451813 0 0 0
452006 0 0 0
452199 0 0 0
452392 0 0 0
452585 0 0 0
452778 0 0 0
452971 0 0 0
453164 0 0 0
453357 0 0 0
453550 0 0 0
453743 0 0 0
453936 0 0 0
454129 0 0 0
454322 0 0 0
454515 0 0 0
454708 0 0 0
454901 0.149208 0 0
455094 0.437676 0 0
455287 0.70625 0 0
455480 0.95493 0 0
455673 1.18371 0 0
455866 1.39261 0 0
456059 1.5816 0 0
456252 1.7507 0 0
456445 1.89991 0 0
456638 2.02923 0 0
456831 2.13864 0 0
457024 2.22817 0 0
457217 2.2978 0 0
457410 2.34754 0 0
457603 2.37738 0 0
457796 2.38732 0 0
457989 2.37738 0 0
458182 2.34754 0 0
458375 2.2978 0 0
458568 2.22817 0 0
458761 2.13864 0 0
458954 2.02923 0 0
459147 1.89991 0 0
459340 1.7507 0 0
459533 1.5816 0 0
459726 1.39261 0 0
459919 1.18371 0 0
460112 0.95493 0 0
460305 0.70625 0 0
460498 0.437676 0 0
460691 0.149208 0 0
460884 0 0 0
461077 0 0 0
461270 0 0 0
461463 0 0 0
461656 0 0 0
461849 0 0 0
462042 0 0 0
462235 0 0 0
462428 0 0 0
462621 0 0 0
462814 0 0 0
463007 0 0 0
463200 0 0 0
463393 0 0 0
463586 0 0 0
463779 0 0 0
463972 0 0 0
464165 0 0 0
464358 0 0 0
464551 0 0 0
464744 0 0 0
464937 0 0 0
465130 0 0 0
465323 0 0 0
465516 0 0 0
465709 0 0 0
465902 0 0 0
466095 0 0 0
466288 0 0 0
466481 0 0 0
466674 0 0 0
466867 0 0 0
467060 0 0 0
467253 0 0 0
467446 0.0596831 0 0
467639 0.348151 0 0
467832 0.616725 0 0
468025 0.865405 0 0
468218 1.09419 0 0
468411 1.30308 0 0
468604 1.49208 0 0
468797 1.66118 0 0
468990 1.81039 0 0
469183 1.9397 0 0
469376 2.04912 0 0
469569 2.13864 0 0
469762 2.20827 0 0
469955 2.25801 0 0
470148 2.28785 0 0
470341 2.2978 0 0
470534 2.28785 0 0
470727 2.25801 0 0
470920 2.20827 0 0
471113 2.13864 0 0
471306 2.04912 0 0
471499 1.9397 0 0
471692 1.81039 0 0
471885 1.66118 0 0
472078 1.49208 0 0
472271 1.30308 0 0
472464 1.09419 0 0
472657 0.865405 0 0
472850 0.616725 0 0
473043 0.348151 0 0
473236 0.0596831 0 0
473429 0 0 0
473622 0 0 0
473815 0 0 0
474008 0 0 0
474201 0 0 0
474394 0 0 0
474587 0 0 0
474780 0 0 0
474973 0 0 0
475166 0 0 0
475359 0 0 0
475552 0 0 0
475745 0 0 0
475938 0 0 0
476131 0 0 0
476324 0 0 0
476517 0 0 0
476710 0 0 0
476903 0 0 0
477096 0 0 0
477289 0 0 0
477482 0 0 0
477675 0 0 0
477868 0 0 0
478061 0 0 0
478254 0 0 0
478447 0 0 0
478640 0 0 0
478833 0 0 0
479026 0 0 0
479219 0 0 0
479412 0 0 0
479605 0 0 0
479798 0 0 0
479991 0 0 0
480184 0.238732 0 0
480377 0.507306 0 0
480570 0.755986 0 0
480763 0.984771 0 0
480956 1.19366 0 0
481149 1.38266 0 0
481342 1.55176 0 0
481535 1.70097 0 0
481728 1.83028 0 0
481921 1.9397 0 0
482114 2.02923 0 0
482307 2.09886 0 0
482500 2.14859 0 0
482693 2.17843 0 0
482886 2.18838 0 0
483079 2.17843 0 0
483272 2.14859 0 0
483465 2.09886 0 0
483658 2.02923 0 0
483851 1.9397 0 0
484044 1.83028 0 0
484237 1.70097 0 0
484430 1.55176 0 0
484623 1.38266 0 0
484816 1.19366 0 0
485009 0.984771 0 0
485202 0.755986 0 0
485395 0.507306 0 0
485588 0.238732 0 0
485781 0 0 0
485974 0 0 0
486167 0 0 0
486360 0 0 0
486553 0 0 0
486746 0 0 0
486939 0 0 0
487132 0 0 0
487325 0 0 0
487518 0 0 0
487711 0 0 0
487904 0 0 0
488097 0 0 0
488290 0 0 0
488483 0 0 0
488676 0 0 0
488869 0 0 0
489062 0 0 0
489255 0 0 0
489448 0 0 0
489641 0 0 0
489834 0 0 0
490027 0 0 0
490220 0 0 0
490413 0 0 0
490606 0 0 0
490799 0 0 0
490992 0 0 0
491185 0 0 0
491378 0 0 0
491571 0 0 0
491764 0 0 0
491957 0 0 0
492150 0 0 0
492343 0 0 0
492536 0 0 0
492729 0.109419 0 0
492922 0.377993 0 0
493115 0.626673 0 0
493308 0.855458 0 0
493501 1.06435 0 0
493694 1.25335 0 0
493887 1.42245 0 0
494080 1.57166 0 0
494273 1.70097 0 0
494466 1.81039 0 0
494659 1.89991 0 0
494852 1.96954 0 0
495045 2.01928 0 0
495238 2.04912 0 0
495431 2.05907 0 0
495624 2.04912 0 0
495817 2.01928 0 0
496010 1.96954 0 0
496203 1.89991 0 0
496396 1.81039 0 0
496589 1.70097 0 0
496782 1.57166 0 0
496975 1.42245 0 0
497168 1.25335 0 0
497361 1.06435 0 0
497554 0.855458 0 0
497747 0.626673 0 0
497940 0.377993 0 0
498133 0.109419 0 0
498326 0 0 0
498519 0 0 0
498712 0 0 0
498905 0 0 0
499098 0 0 0
499291 0 0 0
499484 0 0 0
499677 0 0 0
499870 0 0 0
500063 0 0 0
500256 0 0 0
500449 0 0 0
500642 0 0 0
500835 0 0 0
501028 0 0 0
501221 0 0 0
501414 0 0 0
501607 0 0 0
501800 0 0 0
501993 0 0 0
502186 0 0 0
502379 0 0 0
502572 0 0 0
502765 0 0 0
502958 0 0 0
503151 0 0 0
503344 0 0 0
503537 0 0 0
503730 0 0 0
503923 0 0 0
504116 0 0 0
504309 0 0 0
504502 0 0 0
504695 0 0 0
504888 0 0 0
505081 0 0 0
505274 0 0 0
505467 0.228785 0 0
505660 0.477465 0 0
505853 0.70625 0 0
506046 0.915141 0 0
506239 1.10414 0 0
506432 1.27324 0 0
506625 1.42245 0 0
506818 1.55176 0 0
507011 1.66118 0 0
507204 1.7507 0 0
507397 1.82033 0 0
507590 1.87007 0 0
507783 1.89991 0 0
507976 1.90986 0 0
508169 1.89991 0 0
508362 1.87007 0 0
508555 1.82033 0 0
508748 1.7507 0 0
508941 1.66118 0 0
509134 1.55176 0 0
509327 1.42245 0 0
509520 1.27324 0 0
509713 1.10414 0 0
509906 0.915141 0 0
510099 0.70625 0 0
510292 0.477465 0 0
510485 0.228785 0 0
510678 0 0 0
510871 0 0 0
511064 0 0 0
511257 0 0 0
511450 0 0 0
511643 0 0 0
511836 0 0 0
512029 0 0 0
512222 0 0 0
512415 0 0 0
512608 0 0 0
512801 0 0 0
512994 0 0 0
513187 0 0 0
513380 0 0 0
513573 0 0 0
513766 0 0 0
513959 0 0 0
514152 0 0 0
514345 0 0 0
514538 0 0 0
514731 0 0 0
514924 0 0 0
515117 0 0 0
515310 0 0 0
515503 0 0 0
515696 0 0 0
515889 0 0 0
516082 0 0 0
516275 0 0 0
516468 0 0 0
516661 0 0 0
516854 0 0 0
517047 0 0 0
517240 0 0 0
517433 0 0 0
517626 0 0 0
517819 0 0 0
518012 0.0596831 0 0
518205 0.308363 0 0
518398 0.537148 0 0
518591 0.746039 0 0
518784 0.935035 0 0
518977 1.10414 0 0
519170 1.25335 0 0
519363 1.38266 0 0
519556 1.49208 0 0
519749 1.5816 0 0
519942 1.65123 0 0
520135 1.70097 0 0
520328 1.73081 0 0
520521 1.74076 0 0
520714 1.73081 0 0
520907 1.70097 0 0
521100 1.65123 0 0
521293 1.5816 0 0
521486 1.49208 0 0
521679 1.38266 0 0
521872 1.25335 0 0
522065 1.10414 0 0
522258 0.935035 0 0
522451 0.746039 0 0
522644 0.537148 0 0
522837 0.308363 0 0
523030 0.0596831 0 0
523223 0 0 0
523416 0 0 0
523609 0 0 0
523802 0 0 0
523995 0 0 0
524188 0 0 0
524381 0 0 0
524574 0 0 0
524767 0 0 0
524960 0 0 0
525153 0 0 0
525346 0 0 0
525539 0 0 0
525732 0 0 0
525925 0 0 0
526118 0 0 0
526311 0 0 0
526504 0 0 0
526697 0 0 0
526890 0 0 0
527083 0 0 0
527276 0 0 0
527469 0 0 0
527662 0 0 0
527855 0 0 0
528048 0 0 0
528241 0 0 0
528434 0 0 0
528627 0 0 0
528820 0 0 0
529013 0 0 0
529206 0 0 0
529399 0 0 0
529592 0 0 0
529785 0 0 0
529978 0 0 0
530171 0 0 0
530364 0 0 0
530557 0 0 0
530750 0.119366 0 0
530943 0.348151 0 0
531136 0.557042 0 0
531329 0.746039 0 0
531522 0.915141 0 0
531715 1.06435 0 0
531908 1.19366 0 0
532101 1.30308 0 0
532294 1.39261 0 0
532487 1.46224 0 0
532680 1.51197 0 0
532873 1.54181 0 0
533066 1.55176 0 0
533259 1.54181 0 0
533452 1.51197 0 0
533645 1.46224 0 0
533838 1.39261 0 0
534031 1.30308 0 0
534224 1.19366 0 0
534417 1.06435 0 0
534610 0.915141 0 0
534803 0.746039 0 0
534996 0.557042 0 0
535189 0.348151 0 0
535382 0.119366 0 0
535575 0 0 0
535768 0 0 0
535961 0 0 0
536154 0 0 0
536347 0 0 0
536540 0 0 0
536733 0 0 0
536926 0 0 0
537119 0 0 0
537312 0 0 0
537505 0 0 0
537698 0 0 0
537891 0 0 0
538084 0 0 0
538277 0 0 0
538470 0 0 0
538663 0 0 0
538856 0 0 0
539049 0 0 0
539242 0 0 0
539435 0 0 0
539628 0 0 0
539821 0 0 0
540014 0 0 0
540207 0 0 0
540400 0 0 0
540593 0 0 0
540786 0 0 0
540979 0 0 0
541172 0 0 0
541365 0 0 0
541558 0 0 0
541751 0 0 0
541944 0 0 0
542137 0 0 0
542330 0 0 0
542523 0 0 0
542716 0 0 0
542909 0 0 0
543102 0 0 0
543295 0 0 0
543488 0.139261 0 0
543681 0.348151 0 0
543874 0.537148 0 0
544067 0.70625 0 0
544260 0.855458 0 0
544453 0.984771 0 0
544646 1.09419 0 0
544839 1.18371 0 0
545032 1.25335 0 0
545225 1.30308 0 0
545418 1.33292 0 0
545611 1.34287 0 0
545804 1.33292 0 0
545997 1.30308 0 0
546190 1.25335 0 0
546383 1.18371 0 0
546576 1.09419 0 0
546769 0.984771 0 0
546962 0.855458 0 0
547155 0.70625 0 0
547348 0.537148 0 0
547541 0.348151 0 0
547734 0.139261 0 0
547927 0 0 0
548120 0 0 0
548313 0 0 0
548506 0 0 0
548699 0 0 0
548892 0 0 0
549085 0 0 0
549278 0 0 0
549471 0 0 0
549664 0 0 0
549857 0 0 0
550050 0 0 0
550243 0 0 0
550436 0 0 0
550629 0 0 0
550822 0 0 0
551015 0 0 0
551208 0 0 0
551401 0 0 0
551594 0 0 0
551787 0 0 0
551980 0 0 0
552173 0 0 0
552366 0 0 0
552559 0 0 0
552752 0 0 0
552945 0 0 0
553138 0 0 0
553331 0 0 0
553524 0 0 0
553717 0 0 0
553910 0 0 0
554103 0 0 0
554296 0 0 0
554489 0 0 0
554682 0 0 0
554875 0 0 0
555068 0 0 0
555261 0 0 0
555454 0 0 0
555647 0 0 0
555840 0 0 0
556033 0 0 0
556226 0.119366 0 0
556419 0.308363 0 0
556612 0.477465 0 0
556805 0.626673 0 0
556998 0.755986 0 0
557191 0.865405 0 0
557384 0.95493 0 0
557577 1.02456 0 0
557770 1.0743 0 0
557963 1.10414 0 0
558156 1.11408 0 0
558349 1.10414 0 0
558542 1.0743 0 0
558735 1.02456 0 0
558928 0.95493 0 0
559121 0.865405 0 0
559314 0.755986 0 0
559507 0.626673 0 0
559700 0.477465 0 0
559893 0.308363 0 0
560086 0.119366 0 0
560279 0 0 0
560472 0 0 0
560665 0 0 0
560858 0 0 0
561051 0 0 0
561244 0 0 0
561437 0 0 0
561630 0 0 0
561823 0 0 0
562016 0 0 0
562209 0 0 0
562402 0 0 0
562595 0 0 0
562788 0 0 0
562981 0 0 0
563174 0 0 0
563367 0 0 0
563560 0 0 0
563753 0 0 0
563946 0 0 0
564139 0 0 0
564332 0 0 0
564525 0 0 0
564718 0 0 0
564911 0 0 0
565104 0 0 0
565297 0 0 0
565490 0 0 0
565683 0 0 0
565876 0 0 0
566069 0 0 0
566262 0 0 0
566455 0 0 0
566648 0 0 0
566841 0 0 0
567034 0 0 0
567227 0 0 0
567420 0 0 0
567613 0 0 0
567806 0 0 0
567999 0 0 0
568192 0 0 0
568385 0 0 0
568578 0 0 0
568771 0 0 0
568964 0.0596831 0 0
569157 0.228785 0 0
569350 0.377993 0 0
569543 0.507306 0 0
569736 0.616725 0 0
569929 0.70625 0 0
570122 0.77588 0 0
570315 0.825616 0 0
570508 0.855458 0 0
570701 0.865405 0 0
570894 0.855458 0 0
571087 0.825616 0 0
571280 0.77588 0 0
571473 0.70625 0 0
571666 0.616725 0 0
571859 0.507306 0 0
572052 0.377993 0 0
572245 0.228785 0 0
572438 0.0596831 0 0
572631 0 0 0
572824 0 0 0
573017 0 0 0
573210 0 0 0
573403 0 0 0
573596 0 0 0
573789 0 0 0
573982 0 0 0
574175 0 0 0
574368 0 0 0
574561 0 0 0
574754 0 0 0
574947 0 0 0
575140 0 0 0
575333 0 0 0
575526 0 0 0
575719 0 0 0
575912 0 0 0
576105 0 0 0
576298 0 0 0
576491 0 0 0
576684 0 0 0
576877 0 0 0
577070 0 0 0
577263 0 0 0
577456 0 0 0
577649 0 0 0
577842 0 0 0
578035 0 0 0
578228 0 0 0
578421 0 0 0
578614 0 0 0
578807 0 0 0
579000 0 0 0
579193 0 0 0
579386 0 0 0
579579 0 0 0
579772 0 0 0
579965 0 0 0
580158 0 0 0
580351 0 0 0
580544 0 0 0
580737 0 0 0
580930 0 0 0
581123 0 0 0
581316 0 0 0
581509 0 0 0
581702 0 0 0
581895 0.109419 0 0
582088 0.238732 0 0
582281 0.348151 0 0
582474 0.437676 0 0
582667 0.507306 0 0
582860 0.557042 0 0
583053 0.586884 0 0
583246 0.596831 0 0
583439 0.586884 0 0
583632 0.557042 0 0
583825 0.507306 0 0
584018 0.437676 0 0
584211 0.348151 0 0
584404 0.238732 0 0
584597 0.109419 0 0
584790 0 0 0
584983 0 0 0
585176 0 0 0
585369 0 0 0
585562 0 0 0
585755 0 0 0
585948 0 0 0
586141 0 0 0
586334 0 0 0
586527 0 0 0
586720 0 0 0
586913 0 0 0
587106 0 0 0
587299 0 0 0
587492 0 0 0
587685 0 0 0
587878 0 0 0
588071 0 0 0
588264 0 0 0
588457 0 0 0
588650 0 0 0
588843 0 0 0
589036 0 0 0
589229 0 0 0
589422 0 0 0
589615 0 0 0
589808 0 0 0
590001 0 0 0
590194 0 0 0
590387 0 0 0
590580 0 0 0
590773 0 0 0
590966 0 0 0
591159 0 0 0
591352 0 0 0
591545 0 0 0
591738 0 0 0
591931 0 0 0
592124 0 0 0
592317 0 0 0
592510 0 0 0
592703 0 0 0
592896 0 0 0
593089 0 0 0
593282 0 0 0
593475 0 0 0
593668 0 0 0
593861 0 0 0
594054 0 0 0
594247 0 0 0
594440 0 0 0
594633 0 0 0
594826 0.0596831 0 0
595019 0.149208 0 0
595212 0.218838 0 0
595405 0.268574 0 0
595598 0.298416 0 0
595791 0.308363 0 0
595984 0.298416 0 0
596177 0.268574 0 0
596370 0.218838 0 0
596563 0.149208 0 0
596756 0.0596831 0 0
596949 0 0 0
597142 0 0 0
597335 0 0 0
597528 0 0 0
597721 0 0 0
597914 0 0 0
598107 0 0 0
598300 0 0 0
598493 0 0 0
598686 0 0 0
598879 0 0 0
599072 0 0 0
599265 0 0 0
599458 0 0 0
599651 0 0 0
599844 0 0 0
600037 0 0 0
600230 0 0 0
600423 0 0 0
600616 0 0 0
600809 0 0 0
601002 0 0 0
601195 0 0 0
601388 0 0 0
601581 0 0 0
601774 0 0 0
601967 0 0 0
602160 0 0 0
602353 0 0 0
602546 0 0 0
602739 0 0 0
602932 0 0 0
603125 0 0 0
603318 0 0 0
603511 0 0 0
603704 0 0 0
603897 0 0 0
604090 0 0 0
604283 0 0 0
604476 0 0 0
604669 0 0 0
604862 0 0 0
605055 0 0 0
605248 0 0 0
605441 0 0 0
605634 0 0 0
605827 0 0 0
606020 0 0 0
606213 0 0 0
606406 0 0 0
606599 0 0 0
606792 0 0 0
606985 0 0 0
607178 0 0 0
607371 0 0 0
607564 0 0 0
607757 0 0 0
607950 0 0 0
608143 0 0 0
608336 0 0 0
608529 0 0 0
608722 0 0 0
608915 0 0 0
609108 0 0 0
609301 0 0 0
609494 0 0 0
609687 0 0 0
609880 0 0 0
610073 0 0 0
610266 0 0 0
610459 0 0 0
610652 0 0 0
610845 0 0 0
611038 0 0 0
611231 0 0 0
611424 0 0 0
611617 0 0 0
611810 0 0 0
612003 0 0 0
612196 0 0 0
612389 0 0 0
612582 0 0 0
612775 0 0 0
612968 0 0 0
613161 0 0 0
613354 0 0 0
613547 0 0 0
613740 0 0 0
613933 0 0 0
614126 0 0 0
614319 0 0 0
614512 0 0 0
614705 0 0 0
614898 0 0 0
615091 0 0 0
615284 0 0 0
615477 0 0 0
615670 0 0 0
615863 0 0 0
616056 0 0 0
616249 0 0 0
616442 0 0 0
616635 0 0 0
616828 0 0 0
617021 0 0 0
617214 0 0 0
617407 0 0 0
617600 0 0 0
617793 0 0 0
617986 0 0 0
618179 0 0 0
618372 0 0 0
618565 0 0 0
618758 0 0 0
618951 0 0 0
619144 0 0 0
619337 0 0 0
619530 0 0 0
619723 0 0 0
619916 0 0 0
620109 0 0 0
620302 0 0 0
620495 0 0 0
620688 0 0 0
620881 0 0 0
621074 0 0 0
621267 0 0 0
621460 0 0 0
621653 0 0 0
621846 0 0 0
622039 0 0 0
622232 0 0 0
622425 0 0 0
622618 0 0 0
622811 0 0 0
623004 0 0 0
623197 0 0 0
623390 0 0 0
623583 0 0 0
623776 0 0 0
623969 0 0 0
624162 0 0 0
624355 0 0 0
624548 0 0 0
624741 0 0 0
624934 0 0 0
625127 0 0 0
625320 0 0 0
625513 0 0 0
625706 0 0 0
625899 0 0 0
626092 0 0 0
626285 0 0 0
626478 0 0 0
626671 0 0 0
626864 0 0 0
627057 0 0 0
627250 0 0 0
627443 0 0 0
627636 0 0 0
627829 0 0 0
628022 0 0 0
628215 0 0 0
628408 0 0 0
628601 0 0 0
628794 0 0 0
628987 0 0 0
629180 0 0 0
629373 0 0 0
629566 0 0 0
629759 0 0 0
629952 0 0 0
630145 0 0 0
630338 0 0 0
630531 0 0 0
630724 0 0 0
630917 0 0 0
631110 0 0 0
631303 0 0 0
631496 0 0 0
631689 0 0 0
631882 0 0 0
632075 0 0 0
632268 0 0 0
632461 0 0 0
632654 0 0 0
632847 0 0 0
633040 0 0 0
633233 0 0 0
633426 0 0 0
633619 0 0 0
633812 0 0 0
634005 0 0 0
634198 0 0 0
634391 0 0 0
634584 0 0 0
634777 0 0 0
634970 0 0 0
635163 0 0 0
635356 0 0 0
635549 0 0 0
635742 0 0 0
635935 0 0 0
636128 0 0 0
636321 0 0 0
636514 0 0 0
636707 0 0 0
636900 0 0 0
637093 0 0 0
637286 0 0 0
637479 0 0 0
637672 0 0 0
637865 0 0 0
638058 0 0 0
638251 0 0 0
638444 0 0 0
638637 0 0 0
638830 0 0 0
639023 0 0 0
639216 0 0 0
639409 0 0 0
639602 0 0 0
639795 0 0 0
639988 0 0 0
640181 0 0 0
640374 0 0 0
640567 0 0 0
640760 0 0 0
640953 0 0 0
641146 0 0 0
641339 0 0 0
641532 0 0 0
641725 0 0 0
641918 0 0 0
642111 0 0 0
642304 0 0 0
642497 0 0 0
642690 0 0 0
642883 0 0 0
643076 0 0 0
643269 0 0 0
643462 0 0 0
643655 0 0 0
643848 0 0 0
644041 0 0 0
644234 0 0 0
644427 0 0 0
644620 0 0 0
644813 0 0 0
645006 0 0 0
645199 0 0 0
645392 0 0 0
645585 0 0 0
645778 0 0 0
645971 0 0 0
646164 0 0 0
646357 0 0 0
646550 0 0 0
646743 0 0 0
646936 0 0 0
647129 0 0 0
647322 0 0 0
647515 0 0 0
647708 0 0 0
647901 0 0 0
648094 0 0 0
648287 0 0 0
648480 0 0 0
648673 0 0 0
648866 0 0 0
649059 0 0 0
649252 0 0 0
649445 0 0 0
649638 0 0 0
649831 0 0 0
650024 0 0 0
650217 0 0 0
650410 0 0 0
650603 0 0 0
650796 0 0 0
650989 0 0 0
651182 0 0 0
651375 0 0 0
651568 0 0 0
651761 0 0 0
651954 0 0 0
652147 0 0 0
652340 0 0 0
652533 0 0 0
652726 0 0 0
652919 0 0 0
653112 0 0 0
653305 0 0 0
653498 0 0 0
653691 0 0 0
653884 0 0 0
654077 0 0 0
654270 0 0 0
654463 0 0 0
654656 0 0 0
654849 0 0 0
655042 0 0 0
655235 0 0 0
655428 0 0 0
655621 0 0 0
655814 0 0 0
656007 0 0 0
656200 0 0 0
656393 0 0 0
656586 0 0 0
656779 0 0 0
656972 0 0 0
657165 0 0 0
657358 0 0 0
657551 0 0 0
657744 0 0 0
657937 0 0 0
658130 0 0 0
658323 0 0 0
658516 0 0 0
658709 0 0 0
658902 0 0 0
659095 0 0 0
659288 0 0 0
659481 0 0 0
659674 0 0 0
659867 0 0 0
660060 0 0 0
660253 0 0 0
660446 0 0 0
660639 0 0 0
660832 0 0 0
661025 0 0 0
661218 0 0 0
661411 0 0 0
661604 0 0 0
661797 0 0 0
661990 0 0 0
662183 0 0 0
662376 0 0 0
662569 0 0 0
662762 0 0 0
662955 0 0 0
663148 0 0 0
663341 0 0 0
663534 0 0 0
663727 0 0 0
663920 0 0 0
664113 0 0 0
664306 0 0 0
664499 0 0 0
664692 0 0 0
664885 0 0 0
665078 0 0 0
665271 0 0 0
665464 0 0 0
665657 0 0 0
665850 0 0 0
666043 0 0 0
666236 0 0 0
666429 0 0 0
666622 0 0 0
666815 0 0 0
667008 0 0 0
667201 0 0 0
667394 0 0 0
667587 0 0 0
667780 0 0 0
667973 0 0 0
668166 0 0 0
668359 0 0 0
668552 0 0 0
668745 0 0 0
668938 0 0 0
669131 0 0 0
669324 0 0 0
669517 0 0 0
669710 0 0 0
669903 0 0 0
670096 0 0 0
670289 0 0 0
670482 0 0 0
670675 0 0 0
670868 0 0 0
671061 0 0 0
671254 0 0 0
671447 0 0 0
671640 0 0 0
671833 0 0 0
672026 0 0 0
672219 0 0 0
672412 0 0 0
672605 0 0 0
672798 0 0 0
672991 0 0 0
673184 0 0 0
673377 0 0 0
673570 0 0 0
673763 0 0 0
673956 0 0 0
674149 0 0 0
674342 0 0 0
674535 0 0 0
674728 0 0 0
674921 0 0 0
675114 0 0 0
675307 0 0 0
675500 0 0 0
675693 0 0 0
675886 0 0 0
676079 0 0 0
676272 0 0 0
676465 0 0 0
676658 0 0 0
676851 0 0 0
677044 0 0 0
677237 0 0 0
677430 0 0 0
677623 0 0 0
677816 0 0 0
678009 0 0 0
678202 0 0 0
678395 0 0 0
678588 0 0 0
678781 0 0 0
678974 0 0 0
679167 0 0 0
679360 0 0 0
679553 0 0 0
679746 0 0 0
679939 0 0 0
680132 0 0 0
680325 0 0 0
680518 0 0 0
680711 0 0 0
680904 0 0 0
681097 0 0 0
681290 0 0 0
681483 0 0 0
681676 0 0 0
681869 0 0 0
682062 0 0 0
682255 0 0 0
682448 0 0 0
682641 0 0 0
682834 0 0 0
683027 0 0 0
683220 0 0 0
683413 0 0 0
683606 0 0 0
683799 0 0 0
683992 0 0 0
684185 0 0 0
684378 0 0 0
684571 0 0 0
684764 0 0 0
684957 0 0 0
685150 0 0 0
685343 0 0 0
685536 0 0 0
685729 0 0 0
685922 0 0 0
686115 0 0 0
686308 0 0 0
686501 0 0 0
686694 0 0 0
686887 0 0 0
687080 0 0 0
687273 0 0 0
687466 0 0 0
687659 0 0 0
687852 0 0 0
688045 0 0 0
688238 0 0 0
688431 0 0 0
688624 0 0 0
688817 0 0 0
689010 0 0 0
689203 0 0 0
689396 0 0 0
689589 0 0 0
689782 0 0 0
689975 0 0 0
690168 0 0 0
690361 0 0 0
690554 0 0 0
690747 0 0 0
690940 0 0 0
691133 0 0 0
691326 0 0 0
691519 0 0 0
691712 0 0 0
691905 0 0 0
692098 0 0 0
692291 0 0 0
692484 0 0 0
692677 0 0 0
692870 0 0 0
693063 0 0 0
693256 0 0 0
693449 0 0 0
693642 0 0 0
693835 0 0 0
694028 0 0 0
694221 0 0 0
694414 0 0 0
694607 0 0 0
694800 0 0 0
694993 0 0 0
695186 0 0 0
695379 0 0 0
695572 0 0 0
695765 0 0 0
695958 0 0 0
696151 0 0 0
696344 0 0 0
696537 0 0 0
696730 0 0 0
696923 0 0 0
697116 0 0 0
697309 0 0 0
697502 0 0 0
697695 0 0 0
697888 0 0 0
698081 0 0 0
698274 0 0 0
698467 0 0 0
698660 0 0 0
698853 0 0 0
699046 0 0 0
699239 0 0 0
699432 0 0 0
699625 0 0 0
699818 0 0 0
700011 0 0 0
700204 0 0 0
700397 0 0 0
700590 0 0 0
700783 0 0 0
700976 0 0 0
701169 0 0 0
701362 0 0 0
701555 0 0 0
701748 0 0 0
701941 0 0 0
702134 0 0 0
702327 0 0 0
702520 0 0 0
702713 0 0 0
702906 0 0 0
703099 0 0 0
703292 0 0 0
703485 0 0 0
703678 0 0 0
703871 0 0 0
704064 0 0 0
704257 0 0 0
704450 0 0 0
704643 0 0 0
704836 0 0 0
705029 0 0 0
705222 0 0 0
705415 0 0 0
705608 0 0 0
705801 0 0 0
705994 0 0 0
706187 0 0 0
706380 0 0 0
706573 0 0 0
706766 0 0 0
706959 0 0 0
707152 0 0 0
707345 0 0 0
707538 0 0 0
707731 0 0 0
707924 0 0 0
708117 0 0 0
708310 0 0 0
708503 0 0 0
708696 0 0 0
708889 0 0 0
709082 0 0 0
709275 0 0 0
709468 0 0 0
709661 0 0 0
709854 0 0 0
710047 0 0 0
710240 0 0 0
710433 0 0 0
710626 0 0 0
710819 0 0 0
711012 0 0 0
711205 0 0 0
711398 0 0 0
711591 0 0 0
711784 0 0 0
711977 0 0 0
712170 0 0 0
712363 0 0 0
712556 0 0 0
712749 0 0 0
712942 0 0 0
713135 0 0 0
713328 0 0 0
713521 0 0 0
713714 0 0 0
713907 0 0 0
714100 0 0 0
714293 0 0 0
714486 0 0 0
714679 0 0 0
714872 0 0 0
715065 0 0 0
715258 0 0 0
715451 0 0 0
715644 0 0 0
715837 0 0 0
716030 0 0 0
716223 0 0 0
716416 0 0 0
716609 0 0 0
716802 0 0 0
716995 0 0 0
717188 0 0 0
717381 0 0 0
717574 0 0 0
717767 0 0 0
717960 0 0 0
718153 0 0 0
718346 0 0 0
718539 0 0 0
718732 0 0 0
718925 0 0 0
719118 0 0 0
719311 0 0 0
719504 0 0 0
719697 0 0 0
719890 0 0 0
720083 0 0 0
720276 0 0 0
720469 0 0 0
720662 0 0 0
720855 0 0 0
721048 0 0 0
721241 0 0 0
721434 0 0 0
721627 0 0 0
721820 0 0 0
722013 0 0 0
722206 0 0 0
722399 0 0 0
722592 0 0 0
722785 0 0 0
722978 0 0 0
723171 0 0 0
723364 0 0 0
723557 0 0 0
723750 0 0 0
723943 0 0 0
724136 0 0 0
724329 0 0 0
724522 0 0 0
724715 0 0 0
724908 0 0 0
725101 0 0 0
725294 0 0 0
725487 0 0 0
725680 0 0 0
725873 0 0 0
726066 0 0 0
726259 0 0 0
726452 0 0 0
726645 0 0 0
726838 0 0 0
727031 0 0 0
727224 0 0 0
727417 0 0 0
727610 0 0 0
727803 0 0 0
727996 0 0 0
728189 0 0 0
728382 0 0 0
728575 0 0 0
728768 0 0 0
728961 0 0 0
729154 0 0 0
729347 0 0 0
729540 0 0 0
729733 0 0 0
729926 0 0 0
730119 0 0 0
730312 0 0 0
730505 0 0 0
730698 0 0 0
730891 0 0 0
731084 0 0 0
731277 0 0 0
731470 0 0 0
731663 0 0 0
731856 0 0 0
732049 0 0 0
732242 0 0 0
732435 0 0 0
732628 0 0 0
732821 0 0 0
733014 0 0 0
733207 0 0 0
733400 0 0 0
733593 0 0 0
733786 0 0 0
733979 0 0 0
734172 0 0 0
734365 0 0 0
734558 0 0 0
734751 0 0 0
734944 0 0 0
735137 0 0 0
735330 0 0 0
735523 0 0 0
735716 0 0 0
735909 0 0 0
736102 0 0 0
736295 0 0 0
736488 0 0 0
736681 0 0 0
736874 0 0 0
737067 0 0 0
737260 0 0 0
737453 0 0 0
737646 0 0 0
737839 0 0 0
738032 0 0 0
738225 0 0 0
738418 0 0 0
738611 0 0 0
738804 0 0 0
738997 0 0 0
739190 0 0 0
739383 0 0 0
739576 0 0 0
739769 0 0 0
739962 0 0 0
740155 0 0 0
740348 0 0 0
740541 0 0 0
740734 0 0 0
740927 0 0 0
741120 0 0 0
741313 0 0 0
741506 0 0 0
741699 0 0 0
741892 0 0 0
742085 0 0 0
742278 0 0 0
742471 0 0 0
742664 0 0 0
742857 0 0 0
743050 0 0 0
743243 0 0 0
743436 0 0 0
743629 0 0 0
743822 0 0 0
744015 0 0 0
744208 0 0 0
744401 0 0 0
744594 0 0 0
744787 0 0 0
744980 0 0 0
745173 0 0 0
745366 0 0 0
745559 0 0 0
745752 0 0 0
745945 0 0 0
746138 0 0 0
746331 0 0 0
746524 0 0 0
746717 0 0 0
746910 0 0 0
747103 0 0 0
747296 0 0 0
747489 0 0 0
747682 0 0 0
747875 0 0 0
748068 0 0 0
748261 0 0 0
748454 0 0 0
748647 0 0 0
748840 0 0 0
749033 0 0 0
749226 0 0 0
749419 0 0 0
749612 0 0 0
749805 0 0 0
749998 0 0 0
750191 0 0 0
750384 0 0 0
750577 0 0 0
750770 0 0 0
750963 0 0 0
751156 0 0 0
751349 0 0 0
751542 0 0 0
751735 0 0 0
751928 0 0 0
752121 0 0 0
752314 0 0 0
752507 0 0 0
752700 0 0 0
752893 0 0 0
753086 0 0 0
753279 0 0 0
753472 0 0 0
753665 0 0 0
753858 0 0 0
754051 0 0 0
754244 0 0 0
754437 0 0 0
754630 0 0 0
754823 0 0 0
755016 0 0 0
755209 0 0 0
755402 0 0 0
755595 0 0 0
755788 0 0 0
755981 0 0 0
756174 0 0 0
756367 0 0 0
756560 0 0 0
756753 0 0 0
756946 0 0 0
757139 0 0 0
757332 0 0 0
757525 0 0 0
757718 0 0 0
757911 0 0 0
758104 0 0 0
758297 0 0 0
758490 0 0 0
758683 0 0 0
758876 0 0 0
759069 0 0 0
759262 0 0 0
759455 0 0 0
759648 0 0 0
759841 0 0 0
760034 0 0 0
760227 0 0 0
760420 0 0 0
760613 0 0 0
760806 0 0 0
760999 0 0 0
761192 0 0 0
761385 0 0 0
761578 0 0 0
761771 0 0 0
761964 0 0 0
762157 0 0 0
762350 0 0 0
762543 0 0 0
762736 0 0 0
762929 0 0 0
763122 0 0 0
763315 0 0 0
763508 0 0 0
763701 0 0 0
763894 0 0 0
764087 0 0 0
764280 0 0 0
764473 0 0 0
764666 0 0 0
764859 0 0 0
765052 0 0 0
765245 0 0 0
765438 0 0 0
765631 0 0 0
765824 0 0 0
766017 0 0 0
766210 0 0 0
766403 0 0 0
766596 0 0 0
766789 0 0 0
766982 0 0 0
767175 0 0 0
767368 0 0 0
767561 0 0 0
767754 0 0 0
767947 0 0 0
768140 0 0 0
768333 0 0 0
768526 0 0 0
768719 0 0 0
768912 0 0 0
769105 0 0 0
769298 0 0 0
769491 0 0 0
769684 0 0 0
769877 0 0 0
770070 0 0 0
770263 0 0 0
770456 0 0 0
770649 0 0 0
770842 0 0 0
771035 0 0 0
771228 0 0 0
771421 0 0 0
771614 0 0 0
771807 0 0 0
772000 0 0 0
772193 0 0 0
772386 0 0 0
772579 0 0 0
772772 0 0 0
772965 0 0 0
773158 0 0 0
773351 0 0 0
773544 0 0 0
773737 0 0 0
773930 0 0 0
774123 0 0 0
774316 0 0 0
774509 0 0 0
774702 0 0 0
774895 0 0 0
775088 0 0 0
775281 0 0 0
775474 0 0 0
775667 0 0 0
775860 0 0 0
776053 0 0 0
776246 0 0 0
776439 0 0 0
776632 0 0 0
776825 0 0 0
777018 0 0 0
777211 0 0 0
777404 0 0 0
777597 0 0 0
777790 0 0 0
777983 0 0 0
778176 0 0 0
778369 0 0 0
778562 0 0 0
778755 0 0 0
778948 0 0 0
779141 0 0 0
779334 0 0 0
779527 0 0 0
779720 0 0 0
779913 0 0 0
780106 0 0 0
780299 0 0 0
780492 0 0 0
780685 0 0 0
780878 0 0 0
781071 0 0 0
781264 0 0 0
781457 0 0 0
781650 0 0 0
781843 0 0 0
782036 0 0 0
782229 0 0 0
782422 0 0 0
782615 0 0 0
782808 0 0 0
783001 0 0 0
783194 0 0 0
783387 0 0 0
783580 0 0 0
783773 0 0 0
783966 0 0 0
784159 0 0 0
784352 0 0 0
784545 0 0 0
784738 0 0 0
784931 0 0 0
785124 0 0 0
785317 0 0 0
785510 0 0 0
785703 0 0 0
785896 0 0 0
786089 0 0 0
786282 0 0 0
786475 0 0 0
786668 0 0 0
786861 0 0 0
787054 0 0 0
787247 0 0 0
787440 0 0 0
787633 0 0 0
787826 0 0 0
788019 0 0 0
788212 0 0 0
788405 0 0 0
788598 0 0 0
788791 0 0 0
788984 0 0 0
789177 0 0 0
789370 0 0 0
789563 0 0 0
789756 0 0 0
789949 0 0 0
790142 0 0 0
790335 0 0 0
790528 0 0 0
790721 0 0 0
790914 0 0 0
791107 0 0 0
791300 0 0 0
791493 0 0 0
791686 0 0 0
791879 0 0 0
792072 0 0 0
792265 0 0 0
792458 0 0 0
792651 0 0 0
792844 0 0 0
793037 0 0 0
793230 0 0 0
793423 0 0 0
793616 0 0 0
793809 0 0 0
794002 0 0 0
794195 0 0 0
794388 0 0 0
794581 0 0 0
794774 0 0 0
794967 0 0 0
795160 0 0 0
795353 0 0 0
795546 0 0 0
795739 0 0 0
795932 0 0 0
796125 0 0 0
796318 0 0 0
796511 0 0 0
796704 0 0 0
796897 0 0 0
797090 0 0 0
797283 0 0 0
797476 0 0 0
797669 0 0 0
797862 0 0 0
798055 0 0 0
798248 0 0 0
798441 0 0 0
798634 0 0 0
798827 0 0 0
799020 0 0 0
799213 0 0 0
799406 0 0 0
799599 0 0 0
799792 0 0 0
799985 0 0 0
800178 0 0 0
800371 0 0 0
800564 0 0 0
800757 0 0 0
800950 0 0 0
801143 0 0 0
801336 0 0 0
801529 0 0 0
801722 0 0 0
801915 0 0 0
802108 0 0 0
802301 0 0 0
802494 0 0 0
802687 0 0 0
802880 0 0 0
803073 0 0 0
803266 0 0 0
803459 0 0 0
803652 0 0 0
803845 0 0 0
804038 0 0 0
804231 0 0 0
804424 0 0 0
804617 0 0 0
804810 0 0 0
805003 0 0 0
805196 0 0 0
805389 0 0 0
805582 0 0 0
805775 0 0 0
805968 0 0 0
806161 0 0 0
806354 0 0 0
806547 0 0 0
806740 0 0 0
806933 0 0 0
807126 0 0 0
807319 0 0 0
807512 0 0 0
807705 0 0 0
807898 0 0 0
808091 0 0 0
808284 0 0 0
808477 0 0 0
808670 0 0 0
808863 0 0 0
809056 0 0 0
809249 0 0 0
809442 0 0 0
809635 0 0 0
809828 0 0 0
810021 0 0 0
810214 0 0 0
810407 0 0 0
810600 0 0 0
810793 0 0 0
810986 0 0 0
811179 0 0 0
811372 0 0 0
811565 0 0 0
811758 0 0 0
811951 0 0 0
812144 0 0 0
812337 0 0 0
812530 0 0 0
812723 0 0 0
812916 0 0 0
813109 0 0 0
813302 0 0 0
813495 0 0 0
813688 0 0 0
813881 0 0 0
814074 0 0 0
814267 0 0 0
814460 0 0 0
814653 0 0 0
814846 0 0 0
815039 0 0 0
815232 0 0 0
