0 0 0 0 0 0 
1 0 0 0 0 0 
2 0 0 0 0 0 
3 0 0 0 0 0 
4 0 0 0 0 0 
5 0 0 0 0 0 
6 0 0 0 0 0 
7 0 0 0 0 0 
8 0 0 0 0 0 
9 0 0 0 0 0 
10 0 0 0 0 0 
11 0 0 0 0 0 
12 0 0 0 0 0 
13 0 0 0 0 0 
14 0 0 0 0 0 
15 0 0 0 0 0 
0 1 1 0 0 0 
1 1 1 0 0 0 
2 1 1 0 0 0 
3 1 1 0 0 0 
4 1 1 0 0 0 
5 1 1 0 0 0 
6 1 1 0 0 0 
7 1 1 0 0 0 
8 1 1 0 0 0 
9 1 1 0 0 0 
10 1 1 0 0 0 
11 1 1 0 0 0 
12 1 1 0 0 0 
13 1 1 0 0 0 
14 1 1 0 0 0 
15 1 1 0 0 0 
0 2 2 0 0 0 
1 2 2 0 0 0 
2 2 2 0 0 0 
3 2 2 0 0 0 
4 2 2 0 0 0 
5 2 2 0 0 0 
6 2 2 0 0 0 
7 2 2 0 0 0 
8 2 2 0 0 0 
9 2 2 0 0 0 
10 2 2 0 0 0 
11 2 2 0 0 0 
12 2 2 0 0 0 
13 2 2 0 0 0 
14 2 2 0 0 0 
15 2 2 0 0 0 
0 3 3 0 0 0 
1 3 3 0 0 0 
2 3 3 0 0 0 
3 3 3 0 0 0 
4 3 3 0 0 0 
5 3 3 0 0 0 
6 3 3 0 0 0 
7 3 3 0 0 0 
8 3 3 0 0 0 
9 3 3 0 0 0 
10 3 3 0 0 0 
11 3 3 0 0 0 
12 3 3 0 0 0 
13 3 3 0 0 0 
14 3 3 0 0 0 
15 3 3 0 0 0 
0 4 4 0 0 0 
1 4 4 0 0 0 
2 4 4 0 0 0 
3 4 4 0 0 0 
4 4 4 0 0 0 
5 4 4 0 0 0 
6 4 4 0 0 0 
7 4 4 0 0 0 
8 4 4 0 0 0 
9 4 4 0 0 0 
10 4 4 0 0 0 
11 4 4 0 0 0 
12 4 4 0 0 0 
13 4 4 0 0 0 
14 4 4 0 0 0 
15 4 4 0 0 0 
0 5 5 0 0 0 
1 5 5 0 0 0 
2 5 5 0 0 0 
3 5 5 0 0 0 
4 5 5 0 0 0 
5 5 5 0 0 0 
6 5 5 0 0 0 
7 5 5 0 0 0 
8 5 5 0 0 0 
9 5 5 0 0 0 
10 5 5 0 0 0 
11 5 5 0 0 0 
12 5 5 0 0 0 
13 5 5 0 0 0 
14 5 5 0 0 0 
15 5 5 0 0 0 
0 6 6 0 0 0 
1 6 6 0 0 0 
2 6 6 0 0 0 
3 6 6 0 0 0 
4 6 6 0 0 0 
5 6 6 0 0 0 
6 6 6 0 0 0 
7 6 6 0 0 0 
8 6 6 0 0 0 
9 6 6 0 0 0 
10 6 6 0 0 0 
11 6 6 0 0 0 
12 6 6 0 0 0 
13 6 6 0 0 0 
14 6 6 0 0 0 
15 6 6 0 0 0 
0 7 7 0 0 0 
1 7 7 0 0 0 
2 7 7 0 0 0 
3 7 7 0 0 0 
4 7 7 0 0 0 
5 7 7 0 0 0 
6 7 7 0 0 0 
7 7 7 0 0 0 
8 7 7 0 0 0 
9 7 7 0 0 0 
10 7 7 0 0 0 
11 7 7 0 0 0 
12 7 7 0 0 0 
13 7 7 0 0 0 
14 7 7 0 0 0 
15 7 7 0 0 0 
0 8 8 0 0 0 
1 8 8 0 0 0 
2 8 8 0 0 0 
3 8 8 0 0 0 
4 8 8 0 0 0 
5 8 8 0 0 0 
6 8 8 0 0 0 
7 8 8 0 0 0 
8 8 8 0 0 0 
9 8 8 0 0 0 
10 8 8 0 0 0 
11 8 8 0 0 0 
12 8 8 0 0 0 
13 8 8 0 0 0 
14 8 8 0 0 0 
15 8 8 0 0 0 
0 9 9 0 0 0 
1 9 9 0 0 0 
2 9 9 0 0 0 
3 9 9 0 0 0 
4 9 9 0 0 0 
5 9 9 0 0 0 
6 9 9 0 0 0 
7 9 9 0 0 0 
8 9 9 0 0 0 
9 9 9 0 0 0 
10 9 9 0 0 0 
11 9 9 0 0 0 
12 9 9 0 0 0 
13 9 9 0 0 0 
14 9 9 0 0 0 
15 9 9 0 0 0 
0 10 10 0 0 0 
1 10 10 0 0 0 
2 10 10 0 0 0 
3 10 10 0 0 0 
4 10 10 0 0 0 
5 10 10 0 0 0 
6 10 10 0 0 0 
7 10 10 0 0 0 
8 10 10 0 0 0 
9 10 10 0 0 0 
10 10 10 0 0 0 
11 10 10 0 0 0 
12 10 10 0 0 0 
13 10 10 0 0 0 
14 10 10 0 0 0 
15 10 10 0 0 0 
0 11 11 0 0 0 
1 11 11 0 0 0 
2 11 11 0 0 0 
3 11 11 0 0 0 
4 11 11 0 0 0 
5 11 11 0 0 0 
6 11 11 0 0 0 
7 11 11 0 0 0 
8 11 11 0 0 0 
9 11 11 0 0 0 
10 11 11 0 0 0 
11 11 11 0 0 0 
12 11 11 0 0 0 
13 11 11 0 0 0 
14 11 11 0 0 0 
15 11 11 0 0 0 
0 12 12 0 0 0 
1 12 12 0 0 0 
2 12 12 0 0 0 
3 12 12 0 0 0 
4 12 12 0 0 0 
5 12 12 0 0 0 
6 12 12 0 0 0 
7 12 12 0 0 0 
8 12 12 0 0 0 
9 12 12 0 0 0 
10 12 12 0 0 0 
11 12 12 0 0 0 
12 12 12 0 0 0 
13 12 12 0 0 0 
14 12 12 0 0 0 
15 12 12 0 0 0 
0 13 13 0 0 0 
1 13 13 0 0 0 
2 13 13 0 0 0 
3 13 13 0 0 0 
4 13 13 0 0 0 
5 13 13 0 0 0 
6 13 13 0 0 0 
7 13 13 0 0 0 
8 13 13 0 0 0 
9 13 13 0 0 0 
10 13 13 0 0 0 
11 13 13 0 0 0 
12 13 13 0 0 0 
13 13 13 0 0 0 
14 13 13 0 0 0 
15 13 13 0 0 0 
0 14 14 0 0 0 
1 14 14 0 0 0 
2 14 14 0 0 0 
3 14 14 0 0 0 
4 14 14 0 0 0 
5 14 14 0 0 0 
6 14 14 0 0 0 
7 14 14 0 0 0 
8 14 14 0 0 0 
9 14 14 0 0 0 
10 14 14 0 0 0 
11 14 14 0 0 0 
12 14 14 0 0 0 
13 14 14 0 0 0 
14 14 14 0 0 0 
15 14 14 0 0 0 
0 15 15 0 0 0 
1 15 15 0 0 0 
2 15 15 0 0 0 
3 15 15 0 0 0 
4 15 15 0 0 0 
5 15 15 0 0 0 
6 15 15 0 0 0 
7 15 15 0 0 0 
8 15 15 0 0 0 
9 15 15 0 0 0 
10 15 15 0 0 0 
11 15 15 0 0 0 
12 15 15 0 0 0 
13 15 15 0 0 0 
14 15 15 0 0 0 
15 15 15 0 0 0 
0 0 0 0 0 0 
1 0 0 0 0 0 
2 0 0 0 0 0 
3 0 0 0 0 0 
4 0 0 0 0 0 
5 0 0 0 0 0 
6 0 0 0 0 0 
7 0 0 0 0 0 
8 0 0 0 0 0 
9 0 0 0 0 0 
10 0 0 0 0 0 
11 0 0 0 0 0 
12 0 0 0 0 0 
13 0 0 0 0 0 
14 0 0 0 0 0 
15 0 0 0 0 0 
0 1 1 0 0 0 
1 1 1 0 0 0 
2 1 1 0 0 0 
3 1 1 0 0 0 
4 1 1 0 0 0 
5 1 1 0 0 0 
6 1 1 0 0 0 
7 1 1 0 0 0 
8 1 1 0 0 0 
9 1 1 0 0 0 
10 1 1 0 0 0 
11 1 1 0 0 0 
12 1 1 0 0 0 
13 1 1 0 0 0 
14 1 1 0 0 0 
15 1 1 0 0 0 
0 2 2 0 0 0 
1 2 2 0 0 0 
2 2 2 0 0 0 
3 2 2 0 0 0 
4 2 2 0 0 0 
5 2 2 0 0 0 
6 2 2 0 0 0 
7 2 2 0 0 0 
8 2 2 0 0 0 
9 2 2 0 0 0 
10 2 2 0 0 0 
11 2 2 0 0 0 
12 2 2 0 0 0 
13 2 2 0 0 0 
14 2 2 0 0 0 
15 2 2 0 0 0 
0 3 3 0 0 0 
1 3 3 0 0 0 
2 3 3 0 0 0 
3 3 3 0 0 0 
4 3 3 0 0 0 
5 3 3 0 0 0 
6 3 3 0 0 0 
7 3 3 0 0 0 
8 3 3 0 0 0 
9 3 3 0 0 0 
10 3 3 0 0 0 
11 3 3 0 0 0 
12 3 3 0 0 0 
13 3 3 0 0 0 
14 3 3 0 0 0 
15 3 3 0 0 0 
0 4 4 0 0 0 
1 4 4 0 0 0 
2 4 4 0 0 0 
3 4 4 0 0 0 
4 4 4 0 0 0 
5 4 4 0 0 0 
6 4 4 0 0 0 
7 4 4 0 0 0 
8 4 4 0 0 0 
9 4 4 0 0 0 
10 4 4 0 0 0 
11 4 4 0 0 0 
12 4 4 0 0 0 
13 4 4 0 0 0 
14 4 4 0 0 0 
15 4 4 0 0 0 
0 5 5 0 0 0 
1 5 5 0 0 0 
2 5 5 0 0 0 
3 5 5 0 0 0 
4 5 5 0 0 0 
5 5 5 0 0 0 
6 5 5 0 0 0 
7 5 5 0 0 0 
8 5 5 0 0 0 
9 5 5 0 0 0 
10 5 5 0 0 0 
11 5 5 0 0 0 
12 5 5 0 0 0 
13 5 5 0 0 0 
14 5 5 0 0 0 
15 5 5 0 0 0 
0 6 6 0 0 0 
1 6 6 0 0 0 
2 6 6 0 0 0 
3 6 6 0 0 0 
4 6 6 0 0 0 
5 6 6 0 0 0 
6 6 6 0 0 0 
7 6 6 0 0 0 
8 6 6 0 0 0 
9 6 6 0 0 0 
10 6 6 0 0 0 
11 6 6 0 0 0 
12 6 6 0 0 0 
13 6 6 0 0 0 
14 6 6 0 0 0 
15 6 6 0 0 0 
0 7 7 0 0 0 
1 7 7 0 0 0 
2 7 7 0 0 0 
3 7 7 0 0 0 
4 7 7 0 0 0 
5 7 7 0 0 0 
6 7 7 0 0 0 
7 7 7 0 0 0 
8 7 7 0 0 0 
9 7 7 0 0 0 
10 7 7 0 0 0 
11 7 7 0 0 0 
12 7 7 0 0 0 
13 7 7 0 0 0 
14 7 7 0 0 0 
15 7 7 0 0 0 
0 8 8 0 0 0 
1 8 8 0 0 0 
2 8 8 0 0 0 
3 8 8 0 0 0 
4 8 8 0 0 0 
5 8 8 0 0 0 
6 8 8 0 0 0 
7 8 8 0 0 0 
8 8 8 0 0 0 
9 8 8 0 0 0 
10 8 8 0 0 0 
11 8 8 0 0 0 
12 8 8 0 0 0 
13 8 8 0 0 0 
14 8 8 0 0 0 
15 8 8 0 0 0 
0 9 9 0 0 0 
1 9 9 0 0 0 
2 9 9 0 0 0 
3 9 9 0 0 0 
4 9 9 0 0 0 
5 9 9 0 0 0 
6 9 9 0 0 0 
7 9 9 0 0 0 
8 9 9 0 0 0 
9 9 9 0 0 0 
10 9 9 0 0 0 
11 9 9 0 0 0 
12 9 9 0 0 0 
13 9 9 0 0 0 
14 9 9 0 0 0 
15 9 9 0 0 0 
0 10 10 0 0 0 
1 10 10 0 0 0 
2 10 10 0 0 0 
3 10 10 0 0 0 
4 10 10 0 0 0 
5 10 10 0 0 0 
6 10 10 0 0 0 
7 10 10 0 0 0 
8 10 10 0 0 0 
9 10 10 0 0 0 
10 10 10 0 0 0 
11 10 10 0 0 0 
12 10 10 0 0 0 
13 10 10 0 0 0 
14 10 10 0 0 0 
15 10 10 0 0 0 
0 11 11 0 0 0 
1 11 11 0 0 0 
2 11 11 0 0 0 
3 11 11 0 0 0 
4 11 11 0 0 0 
5 11 11 0 0 0 
6 11 11 0 0 0 
7 11 11 0 0 0 
8 11 11 0 0 0 
9 11 11 0 0 0 
10 11 11 0 0 0 
11 11 11 0 0 0 
12 11 11 0 0 0 
13 11 11 0 0 0 
14 11 11 0 0 0 
15 11 11 0 0 0 
0 12 12 0 0 0 
1 12 12 0 0 0 
2 12 12 0 0 0 
3 12 12 0 0 0 
4 12 12 0 0 0 
5 12 12 0 0 0 
6 12 12 0 0 0 
7 12 12 0 0 0 
8 12 12 0 0 0 
9 12 12 0 0 0 
10 12 12 0 0 0 
11 12 12 0 0 0 
12 12 12 0 0 0 
13 12 12 0 0 0 
14 12 12 0 0 0 
15 12 12 0 0 0 
0 13 13 0 0 0 
1 13 13 0 0 0 
2 13 13 0 0 0 
3 13 13 0 0 0 
4 13 13 0 0 0 
5 13 13 0 0 0 
6 13 13 0 0 0 
7 13 13 0 0 0 
8 13 13 0 0 0 
9 13 13 0 0 0 
10 13 13 0 0 0 
11 13 13 0 0 0 
12 13 13 0 0 0 
13 13 13 0 0 0 
14 13 13 0 0 0 
15 13 13 0 0 0 
0 14 14 0 0 0 
1 14 14 0 0 0 
2 14 14 0 0 0 
3 14 14 0 0 0 
4 14 14 0 0 0 
5 14 14 0 0 0 
6 14 14 0 0 0 
7 14 14 0 0 0 
8 14 14 0 0 0 
9 14 14 0 0 0 
10 14 14 0 0 0 
11 14 14 0 0 0 
12 14 14 0 0 0 
13 14 14 0 0 0 
14 14 14 0 0 0 
15 14 14 0 0 0 
0 15 15 0 0 0 
1 15 15 0 0 0 
2 15 15 0 0 0 
3 15 15 0 0 0 
4 15 15 0 0 0 
5 15 15 0 0 0 
6 15 15 0 0 0 
7 15 15 0 0 0 
8 15 15 0 0 0 
9 15 15 0 0 0 
10 15 15 0 0 0 
11 15 15 0 0 0 
12 15 15 0 0 0 
13 15 15 0 0 0 
14 15 15 0 0 0 
15 15 15 0 0 0 
0 0 0 0 0 0 
1 0 0 0 0 0 
2 0 0 0 0 0 
3 0 0 0 0 0 
4 0 0 0 0 0 
5 0 0 0 0 0 
6 0 0 0 0 0 
7 0 0 0 0 0 
8 0 0 0 0 0 
9 0 0 0 0 0 
10 0 0 0 0 0 
11 0 0 0 0 0 
12 0 0 0 0 0 
13 0 0 0 0 0 
14 0 0 0 0 0 
15 0 0 0 0 0 
0 1 1 0 0 0 
1 1 1 0 0 0 
2 1 1 0 0 0 
3 1 1 0 0 0 
4 1 1 0 0 0 
5 1 1 0 0 0 
6 1 1 0 0 0 
7 1 1 0 0 0 
8 1 1 0 0 0 
9 1 1 0 0 0 
10 1 1 0 0 0 
11 1 1 0 0 0 
12 1 1 0 0 0 
13 1 1 0 0 0 
14 1 1 0 0 0 
15 1 1 0 0 0 
0 2 2 0 0 0 
1 2 2 0 0 0 
2 2 2 0 0 0 
3 2 2 0 0 0 
4 2 2 0 0 0 
5 2 2 0 0 0 
6 2 2 0 0 0 
7 2 2 0 0 0 
8 2 2 0 0 0 
9 2 2 0 0 0 
10 2 2 0 0 0 
11 2 2 0 0 0 
12 2 2 0 0 0 
13 2 2 0 0 0 
14 2 2 0 0 0 
15 2 2 0 0 0 
0 3 3 0 0 0 
1 3 3 0 0 0 
2 3 3 0 0 0 
3 3 3 0 0 0 
4 3 3 0 0 0 
5 3 3 0 0 0 
6 3 3 0 0 0 
7 3 3 0 0 0 
8 3 3 0 0 0 
9 3 3 0 0 0 
10 3 3 0 0 0 
11 3 3 0 0 0 
12 3 3 0 0 0 
13 3 3 0 0 0 
14 3 3 0 0 0 
15 3 3 0 0 0 
0 4 4 0 0 0 
1 4 4 0 0 0 
2 4 4 0 0 0 
3 4 4 0 0 0 
4 4 4 0 0 0 
5 4 4 0 0 0 
6 4 4 0 0 0 
7 4 4 0 0 0 
8 4 4 0 0 0 
9 4 4 0 0 0 
10 4 4 0 0 0 
11 4 4 0 0 0 
12 4 4 0 0 0 
13 4 4 0 0 0 
14 4 4 0 0 0 
15 4 4 0 0 0 
0 5 5 0 0 0 
1 5 5 0 0 0 
2 5 5 0 0 0 
3 5 5 0 0 0 
4 5 5 0 0 0 
5 5 5 0 0 0 
6 5 5 0 0 0 
7 5 5 0 0 0 
8 5 5 0 0 0 
9 5 5 0 0 0 
10 5 5 0 0 0 
11 5 5 0 0 0 
12 5 5 0 0 0 
13 5 5 0 0 0 
14 5 5 0 0 0 
15 5 5 0 0 0 
0 6 6 0 0 0 
1 6 6 0 0 0 
2 6 6 0 0 0 
3 6 6 0 0 0 
4 6 6 0 0 0 
5 6 6 0 0 0 
6 6 6 0 0 0 
7 6 6 0 0 0 
8 6 6 0 0 0 
9 6 6 0 0 0 
10 6 6 0 0 0 
11 6 6 0 0 0 
12 6 6 0 0 0 
13 6 6 0 0 0 
14 6 6 0 0 0 
15 6 6 0 0 0 
0 7 7 0 0 0 
1 7 7 0 0 0 
2 7 7 0 0 0 
3 7 7 0 0 0 
4 7 7 0 0 0 
5 7 7 0 0 0 
6 7 7 0 0 0 
7 7 7 0 0 0 
8 7 7 0 0 0 
9 7 7 0 0 0 
10 7 7 0 0 0 
11 7 7 0 0 0 
12 7 7 0 0 0 
13 7 7 0 0 0 
14 7 7 0 0 0 
15 7 7 0 0 0 
0 8 8 0 0 0 
1 8 8 0 0 0 
2 8 8 0 0 0 
3 8 8 0 0 0 
4 8 8 0 0 0 
5 8 8 0 0 0 
6 8 8 0 0 0 
7 8 8 0 0 0 
8 8 8 0 0 0 
9 8 8 0 0 0 
10 8 8 0 0 0 
11 8 8 0 0 0 
12 8 8 0 0 0 
13 8 8 0 0 0 
14 8 8 0 0 0 
15 8 8 0 0 0 
0 9 9 0 0 0 
1 9 9 0 0 0 
2 9 9 0 0 0 
3 9 9 0 0 0 
4 9 9 0 0 0 
5 9 9 0 0 0 
6 9 9 0 0 0 
7 9 9 0 0 0 
8 9 9 0 0 0 
9 9 9 0 0 0 
10 9 9 0 0 0 
11 9 9 0 0 0 
12 9 9 0 0 0 
13 9 9 0 0 0 
14 9 9 0 0 0 
15 9 9 0 0 0 
0 10 10 0 0 0 
1 10 10 0 0 0 
2 10 10 0 0 0 
3 10 10 0 0 0 
4 10 10 0 0 0 
5 10 10 0 0 0 
6 10 10 0 0 0 
7 10 10 0 0 0 
8 10 10 0 0 0 
9 10 10 0 0 0 
10 10 10 0 0 0 
11 10 10 0 0 0 
12 10 10 0 0 0 
13 10 10 0 0 0 
14 10 10 0 0 0 
15 10 10 0 0 0 
0 11 11 0 0 0 
1 11 11 0 0 0 
2 11 11 0 0 0 
3 11 11 0 0 0 
4 11 11 0 0 0 
5 11 11 0 0 0 
6 11 11 0 0 0 
7 11 11 0 0 0 
8 11 11 0 0 0 
9 11 11 0 0 0 
10 11 11 0 0 0 
11 11 11 0 0 0 
12 11 11 0 0 0 
13 11 11 0 0 0 
14 11 11 0 0 0 
15 11 11 0 0 0 
0 12 12 0 0 0 
1 12 12 0 0 0 
2 12 12 0 0 0 
3 12 12 0 0 0 
4 12 12 0 0 0 
5 12 12 0 0 0 
6 12 12 0 0 0 
7 12 12 0 0 0 
8 12 12 0 0 0 
9 12 12 0 0 0 
10 12 12 0 0 0 
11 12 12 0 0 0 
12 12 12 0 0 0 
13 12 12 0 0 0 
14 12 12 0 0 0 
15 12 12 0 0 0 
0 13 13 0 0 0 
1 13 13 0 0 0 
2 13 13 0 0 0 
3 13 13 0 0 0 
4 13 13 0 0 0 
5 13 13 0 0 0 
6 13 13 0 0 0 
7 13 13 0 0 0 
8 13 13 0 0 0 
9 13 13 0 0 0 
10 13 13 0 0 0 
11 13 13 0 0 0 
12 13 13 0 0 0 
13 13 13 0 0 0 
14 13 13 0 0 0 
15 13 13 0 0 0 
0 14 14 0 0 0 
1 14 14 0 0 0 
2 14 14 0 0 0 
3 14 14 0 0 0 
4 14 14 0 0 0 
5 14 14 0 0 0 
6 14 14 0 0 0 
7 14 14 0 0 0 
8 14 14 0 0 0 
9 14 14 0 0 0 
10 14 14 0 0 0 
11 14 14 0 0 0 
12 14 14 0 0 0 
13 14 14 0 0 0 
14 14 14 0 0 0 
15 14 14 0 0 0 
0 15 15 0 0 0 
1 15 15 0 0 0 
2 15 15 0 0 0 
3 15 15 0 0 0 
4 15 15 0 0 0 
5 15 15 0 0 0 
6 15 15 0 0 0 
7 15 15 0 0 0 
8 15 15 0 0 0 
9 15 15 0 0 0 
10 15 15 0 0 0 
11 15 15 0 0 0 
12 15 15 0 0 0 
13 15 15 0 0 0 
14 15 15 0 0 0 
15 15 15 0 0 0 
0 0 0 0 0 0 
1 0 0 0 0 0 
2 0 0 0 0 0 
3 0 0 0 0 0 
4 0 0 0 0 0 
5 0 0 0 0 0 
6 0 0 0 0 0 
7 0 0 0 0 0 
8 0 0 0 0 0 
9 0 0 0 0 0 
10 0 0 0 0 0 
11 0 0 0 0 0 
12 0 0 0 0 0 
13 0 0 0 0 0 
14 0 0 0 0 0 
15 0 0 0 0 0 
0 1 1 0 0 0 
1 1 1 0 0 0 
2 1 1 0 0 0 
3 1 1 0 0 0 
4 1 1 0 0 0 
5 1 1 0 0 0 
6 1 1 0 0 0 
7 1 1 0 0 0 
8 1 1 0 0 0 
9 1 1 0 0 0 
10 1 1 0 0 0 
11 1 1 0 0 0 
12 1 1 0 0 0 
13 1 1 0 0 0 
14 1 1 0 0 0 
15 1 1 0 0 0 
0 2 2 0 0 0 
1 2 2 0 0 0 
2 2 2 0 0 0 
3 2 2 0 0 0 
4 2 2 0 0 0 
5 2 2 0 0 0 
6 2 2 0 0 0 
7 2 2 0 0 0 
8 2 2 0 0 0 
9 2 2 0 0 0 
10 2 2 0 0 0 
11 2 2 0 0 0 
12 2 2 0 0 0 
13 2 2 0 0 0 
14 2 2 0 0 0 
15 2 2 0 0 0 
0 3 3 0 0 0 
1 3 3 0 0 0 
2 3 3 0 0 0 
3 3 3 0 0 0 
4 3 3 0 0 0 
5 3 3 0 0 0 
6 3 3 0 0 0 
7 3 3 0 0 0 
8 3 3 0 0 0 
9 3 3 0 0 0 
10 3 3 0 0 0 
11 3 3 0 0 0 
12 3 3 0 0 0 
13 3 3 0 0 0 
14 3 3 0 0 0 
15 3 3 0 0 0 
0 4 4 0 0 0 
1 4 4 0 0 0 
2 4 4 0 0 0 
3 4 4 0 0 0 
4 4 4 0 0 0 
5 4 4 0 0 0 
6 4 4 0 0 0 
7 4 4 0 0 0 
8 4 4 0 0 0 
9 4 4 0 0 0 
10 4 4 0 0 0 
11 4 4 0 0 0 
12 4 4 0 0 0 
13 4 4 0 0 0 
14 4 4 0 0 0 
15 4 4 0 0 0 
0 5 5 0 0 0 
1 5 5 0 0 0 
2 5 5 0 0 0 
3 5 5 0 0 0 
4 5 5 0 0 0 
5 5 5 0 0 0 
6 5 5 0 0 0 
7 5 5 0 0 0 
8 5 5 0 0 0 
9 5 5 0 0 0 
10 5 5 0 0 0 
11 5 5 0 0 0 
12 5 5 0 0 0 
13 5 5 0 0 0 
14 5 5 0 0 0 
15 5 5 0 0 0 
0 6 6 0 0 0 
1 6 6 0 0 0 
2 6 6 0 0 0 
3 6 6 0 0 0 
4 6 6 0 0 0 
5 6 6 0 0 0 
6 6 6 0 0 0 
7 6 6 0 0 0 
8 6 6 0 0 0 
9 6 6 0 0 0 
10 6 6 0 0 0 
11 6 6 0 0 0 
12 6 6 0 0 0 
13 6 6 0 0 0 
14 6 6 0 0 0 
15 6 6 0 0 0 
0 7 7 0.148789 -0.000193496 -0.000180025 
1 7 7 0.150538 -0.000115712 -0.000197108 
2 7 7 0.152129 -4.41957e-05 -0.000182109 
3 7 7 0.153356 1.44245e-06 -0.000138868 
4 7 7 0.154106 1.77123e-05 -8.04266e-05 
5 7 7 0.154386 1.20432e-05 -2.18793e-05 
6 7 7 0.15428 7.85727e-06 2.25686e-05 
7 7 7 0.153926 5.96426e-05 3.81459e-05 
8 7 7 0.153629 0.000272562 -1.20657e-05 
9 7 7 0.153813 -5.00932e-08 4.5946e-05 
10 7 7 0.152812 -0.000815073 0.000246476 
11 7 7 0.152089 -0.000303693 6.96191e-05 
12 7 7 0.152134 -0.000100703 2.24365e-05 
13 7 7 0.152141 -0.000112523 2.75624e-05 
14 7 7 0.152001 -0.000108473 9.91509e-05 
15 7 7 0.150619 -0.000788023 -0.00298996 
0 8 8 0.159113 -0.000268831 -0.000273723 
1 8 8 0.161006 -0.000171989 -0.000262271 
2 8 8 0.162713 -8.23945e-05 -0.000218378 
3 8 8 0.164025 -1.75953e-05 -0.000153035 
4 8 8 0.164826 1.58661e-05 -8.23358e-05 
5 8 8 0.165129 2.2155e-05 -1.98958e-05 
6 8 8 0.165037 2.14851e-05 2.48143e-05 
7 8 8 0.164717 4.579e-05 5.06667e-05 
8 8 8 0.164408 8.71998e-05 5.51916e-05 
9 8 8 0.164191 -0.00011804 3.74511e-05 
10 8 8 0.163537 -0.000457548 1.70731e-05 
11 8 8 0.162913 -0.000310745 -2.22437e-06 
12 8 8 0.162774 -0.000156167 -1.02288e-05 
13 8 8 0.162762 -0.000134962 -1.10521e-05 
14 8 8 0.162615 -0.00012493 6.83709e-05 
15 8 8 0.161252 0.000470411 -0.00318214 
0 9 9 0 0 0 
1 9 9 0 0 0 
2 9 9 0 0 0 
3 9 9 0 0 0 
4 9 9 0 0 0 
5 9 9 0 0 0 
6 9 9 0 0 0 
7 9 9 0 0 0 
8 9 9 0 0 0 
9 9 9 0 0 0 
10 9 9 0 0 0 
11 9 9 0 0 0 
12 9 9 0 0 0 
13 9 9 0 0 0 
14 9 9 0 0 0 
15 9 9 0 0 0 
0 10 10 0 0 0 
1 10 10 0 0 0 
2 10 10 0 0 0 
3 10 10 0 0 0 
4 10 10 0 0 0 
5 10 10 0 0 0 
6 10 10 0 0 0 
7 10 10 0 0 0 
8 10 10 0 0 0 
9 10 10 0 0 0 
10 10 10 0 0 0 
11 10 10 0 0 0 
12 10 10 0 0 0 
13 10 10 0 0 0 
14 10 10 0 0 0 
15 10 10 0 0 0 
0 11 11 0 0 0 
1 11 11 0 0 0 
2 11 11 0 0 0 
3 11 11 0 0 0 
4 11 11 0 0 0 
5 11 11 0 0 0 
6 11 11 0 0 0 
7 11 11 0 0 0 
8 11 11 0 0 0 
9 11 11 0 0 0 
10 11 11 0 0 0 
11 11 11 0 0 0 
12 11 11 0 0 0 
13 11 11 0 0 0 
14 11 11 0 0 0 
15 11 11 0 0 0 
0 12 12 0 0 0 
1 12 12 0 0 0 
2 12 12 0 0 0 
3 12 12 0 0 0 
4 12 12 0 0 0 
5 12 12 0 0 0 
6 12 12 0 0 0 
7 12 12 0 0 0 
8 12 12 0 0 0 
9 12 12 0 0 0 
10 12 12 0 0 0 
11 12 12 0 0 0 
12 12 12 0 0 0 
13 12 12 0 0 0 
14 12 12 0 0 0 
15 12 12 0 0 0 
0 13 13 0 0 0 
1 13 13 0 0 0 
2 13 13 0 0 0 
3 13 13 0 0 0 
4 13 13 0 0 0 
5 13 13 0 0 0 
6 13 13 0 0 0 
7 13 13 0 0 0 
8 13 13 0 0 0 
9 13 13 0 0 0 
10 13 13 0 0 0 
11 13 13 0 0 0 
12 13 13 0 0 0 
13 13 13 0 0 0 
14 13 13 0 0 0 
15 13 13 0 0 0 
0 14 14 0 0 0 
1 14 14 0 0 0 
2 14 14 0 0 0 
3 14 14 0 0 0 
4 14 14 0 0 0 
5 14 14 0 0 0 
6 14 14 0 0 0 
7 14 14 0 0 0 
8 14 14 0 0 0 
9 14 14 0 0 0 
10 14 14 0 0 0 
11 14 14 0 0 0 
12 14 14 0 0 0 
13 14 14 0 0 0 
14 14 14 0 0 0 
15 14 14 0 0 0 
0 15 15 0 0 0 
1 15 15 0 0 0 
2 15 15 0 0 0 
3 15 15 0 0 0 
4 15 15 0 0 0 
5 15 15 0 0 0 
6 15 15 0 0 0 
7 15 15 0 0 0 
8 15 15 0 0 0 
9 15 15 0 0 0 
10 15 15 0 0 0 
11 15 15 0 0 0 
12 15 15 0 0 0 
13 15 15 0 0 0 
14 15 15 0 0 0 
15 15 15 0 0 0 
0 0 0 0 0 0 
1 0 0 0 0 0 
2 0 0 0 0 0 
3 0 0 0 0 0 
4 0 0 0 0 0 
5 0 0 0 0 0 
6 0 0 0 0 0 
7 0 0 0 0 0 
8 0 0 0 0 0 
9 0 0 0 0 0 
10 0 0 0 0 0 
11 0 0 0 0 0 
12 0 0 0 0 0 
13 0 0 0 0 0 
14 0 0 0 0 0 
15 0 0 0 0 0 
0 1 1 0 0 0 
1 1 1 0 0 0 
2 1 1 0 0 0 
3 1 1 0 0 0 
4 1 1 0 0 0 
5 1 1 0 0 0 
6 1 1 0 0 0 
7 1 1 0 0 0 
8 1 1 0 0 0 
9 1 1 0 0 0 
10 1 1 0 0 0 
11 1 1 0 0 0 
12 1 1 0 0 0 
13 1 1 0 0 0 
14 1 1 0 0 0 
15 1 1 0 0 0 
0 2 2 0 0 0 
1 2 2 0 0 0 
2 2 2 0 0 0 
3 2 2 0 0 0 
4 2 2 0 0 0 
5 2 2 0 0 0 
6 2 2 0 0 0 
7 2 2 0 0 0 
8 2 2 0 0 0 
9 2 2 0 0 0 
10 2 2 0 0 0 
11 2 2 0 0 0 
12 2 2 0 0 0 
13 2 2 0 0 0 
14 2 2 0 0 0 
15 2 2 0 0 0 
0 3 3 0 0 0 
1 3 3 0 0 0 
2 3 3 0 0 0 
3 3 3 0 0 0 
4 3 3 0 0 0 
5 3 3 0 0 0 
6 3 3 0 0 0 
7 3 3 0 0 0 
8 3 3 0 0 0 
9 3 3 0 0 0 
10 3 3 0 0 0 
11 3 3 0 0 0 
12 3 3 0 0 0 
13 3 3 0 0 0 
14 3 3 0 0 0 
15 3 3 0 0 0 
0 4 4 0 0 0 
1 4 4 0 0 0 
2 4 4 0 0 0 
3 4 4 0 0 0 
4 4 4 0 0 0 
5 4 4 0 0 0 
6 4 4 0 0 0 
7 4 4 0 0 0 
8 4 4 0 0 0 
9 4 4 0 0 0 
10 4 4 0 0 0 
11 4 4 0 0 0 
12 4 4 0 0 0 
13 4 4 0 0 0 
14 4 4 0 0 0 
15 4 4 0 0 0 
0 5 5 0.246857 -0.000634451 -0.000151418 
1 5 5 0.249678 -0.000473656 -0.000260907 
2 5 5 0.252189 -0.000317114 -0.000283426 
3 5 5 0.25406 -0.000181061 -0.000229741 
4 5 5 0.255128 -8.23972e-05 -0.000126159 
5 5 5 0.255424 -3.57861e-05 -2.56408e-06 
6 5 5 0.2551 -5.39148e-05 0.000128204 
7 5 5 0.254341 -0.000194057 0.00030542 
8 5 5 0.253508 -0.000752771 0.000764236 
9 5 5 0.253918 -0.00065177 0.000943343 
10 5 5 0.251982 0.00131619 -0.000927295 
11 5 5 0.251048 4.1486e-05 -0.000146276 
12 5 5 0.251354 -0.000251003 0.000174075 
13 5 5 0.251374 -0.0001705 0.000139264 
14 5 5 0.251209 -2.39099e-05 0.000194854 
15 5 5 0.250013 -0.00240982 -0.00331011 
0 6 6 0.51291 -0.00160991 -0.0013977 
1 6 6 0.518585 -0.0012042 -0.00146626 
2 6 6 0.523416 -0.000746402 -0.00128956 
3 6 6 0.526797 -0.000331525 -0.000916723 
4 6 6 0.528503 -3.24822e-05 -0.000454399 
5 6 6 0.528697 0.000116345 -9.17496e-06 
6 6 6 0.527722 0.000129266 0.000362821 
7 6 6 0.525804 5.47048e-05 0.000728322 
8 6 6 0.521938 0.000210332 0.00213206 
9 6 6 0.526133 0.00247035 0.00718624 
10 6 6 0.517546 -0.00256651 -0.00537162 
11 6 6 0.518576 -0.00113277 -0.00147972 
12 6 6 0.520423 -0.000605812 0.000127827 
13 6 6 0.520566 -0.000479278 0.000231097 
14 6 6 0.520592 -0.000238011 0.000453843 
15 6 6 0.521566 -0.00251029 -0.0046668 
0 7 7 0.79967 -0.00204174 -0.00410964 
1 7 7 0.808062 -0.00145094 -0.00384085 
2 7 7 0.814997 -0.000754068 -0.00307021 
3 7 7 0.819687 -0.000129107 -0.00198552 
4 7 7 0.821897 0.000290227 -0.000849746 
5 7 7 0.821952 0.000463522 0.000110749 
6 7 7 0.820455 0.000464806 0.000782246 
7 7 7 0.818012 0.000534287 0.00117488 
8 7 7 0.815231 0.00147969 0.00152704 
9 7 7 0.815063 0.00206939 0.00219547 
10 7 7 0.812811 -0.00381892 0.000594366 
11 7 7 0.809904 -0.00260874 -4.59092e-05 
12 7 7 0.810152 -0.00109616 8.29862e-05 
13 7 7 0.810527 -0.000909258 9.02224e-05 
14 7 7 0.810979 -0.000780234 0.000466476 
15 7 7 0.813497 -0.00185489 -0.00585201 
0 8 8 0.840003 -0.00103887 -0.005093 
1 8 8 0.84888 -0.000501323 -0.00457186 
2 8 8 0.856165 -4.11567e-06 -0.00349083 
3 8 8 0.861095 0.000362488 -0.00213294 
4 8 8 0.863478 0.000532707 -0.000815499 
5 8 8 0.863675 0.000510367 0.000220144 
6 8 8 0.862358 0.00037548 0.000875268 
7 8 8 0.860293 0.000260525 0.00117817 
8 8 8 0.858304 0.000220942 0.00120034 
9 8 8 0.856938 -0.000341756 0.000975061 
10 8 8 0.855126 -0.00161559 0.000561457 
11 8 8 0.853156 -0.00174005 0.000152771 
12 8 8 0.852562 -0.00121356 -0.000123869 
13 8 8 0.852826 -0.00099619 -0.000265556 
14 8 8 0.853285 -0.000955241 0.000147226 
15 8 8 0.855956 0.0001095 -0.00614864 
0 9 9 0.582332 -1.02846e-05 -0.00277429 
1 9 9 0.588857 0.000314192 -0.0024228 
2 9 9 0.594286 0.000493182 -0.00180552 
3 9 9 0.598053 0.000522792 -0.00107633 
4 9 9 0.600013 0.000428465 -0.000398563 
5 9 9 0.600406 0.000252076 0.000111034 
6 9 9 0.599696 5.56251e-05 0.000408831 
7 9 9 0.598415 -0.000120785 0.000514811 
8 9 9 0.597019 -0.000301947 0.000465448 
9 9 9 0.595732 -0.000590754 0.000284566 
10 9 9 0.594499 -0.000898634 4.29796e-05 
11 9 9 0.593491 -0.000936088 -0.000146986 
12 9 9 0.593047 -0.000766742 -0.000259819 
13 9 9 0.5931 -0.000625934 -0.000311983 
14 9 9 0.593241 -0.000675242 -1.36446e-06 
15 9 9 0.594496 0.00171102 -0.00542642 
0 10 10 0.274139 8.40082e-05 -0.000751763 
1 10 10 0.277385 0.000214942 -0.000639224 
2 10 10 0.280214 0.000266215 -0.000472002 
3 10 10 0.282297 0.000243897 -0.000285776 
4 10 10 0.283509 0.000171785 -0.000118972 
5 10 10 0.283919 7.41093e-05 2.80872e-06 
6 10 10 0.283729 -2.22022e-05 6.7588e-05 
7 10 10 0.283187 -0.00010624 8.08574e-05 
8 10 10 0.282505 -0.000185025 5.09792e-05 
9 10 10 0.281812 -0.000270848 -1.19703e-05 
10 10 10 0.281175 -0.000333808 -8.108e-05 
11 10 10 0.280674 -0.000330378 -0.000125511 
12 10 10 0.280397 -0.00027706 -0.000141392 
13 10 10 0.280327 -0.000226195 -0.00013946 
14 10 10 0.280181 -0.000297808 -2.20973e-06 
15 10 10 0.279397 0.00221892 -0.00358732 
0 11 11 0 0 0 
1 11 11 0 0 0 
2 11 11 0 0 0 
3 11 11 0 0 0 
4 11 11 0 0 0 
5 11 11 0 0 0 
6 11 11 0 0 0 
7 11 11 0 0 0 
8 11 11 0 0 0 
9 11 11 0 0 0 
10 11 11 0 0 0 
11 11 11 0 0 0 
12 11 11 0 0 0 
13 11 11 0 0 0 
14 11 11 0 0 0 
15 11 11 0 0 0 
0 12 12 0 0 0 
1 12 12 0 0 0 
2 12 12 0 0 0 
3 12 12 0 0 0 
4 12 12 0 0 0 
5 12 12 0 0 0 
6 12 12 0 0 0 
7 12 12 0 0 0 
8 12 12 0 0 0 
9 12 12 0 0 0 
10 12 12 0 0 0 
11 12 12 0 0 0 
12 12 12 0 0 0 
13 12 12 0 0 0 
14 12 12 0 0 0 
15 12 12 0 0 0 
0 13 13 0 0 0 
1 13 13 0 0 0 
2 13 13 0 0 0 
3 13 13 0 0 0 
4 13 13 0 0 0 
5 13 13 0 0 0 
6 13 13 0 0 0 
7 13 13 0 0 0 
8 13 13 0 0 0 
9 13 13 0 0 0 
10 13 13 0 0 0 
11 13 13 0 0 0 
12 13 13 0 0 0 
13 13 13 0 0 0 
14 13 13 0 0 0 
15 13 13 0 0 0 
0 14 14 0 0 0 
1 14 14 0 0 0 
2 14 14 0 0 0 
3 14 14 0 0 0 
4 14 14 0 0 0 
5 14 14 0 0 0 
6 14 14 0 0 0 
7 14 14 0 0 0 
8 14 14 0 0 0 
9 14 14 0 0 0 
10 14 14 0 0 0 
11 14 14 0 0 0 
12 14 14 0 0 0 
13 14 14 0 0 0 
14 14 14 0 0 0 
15 14 14 0 0 0 
0 15 15 0 0 0 
1 15 15 0 0 0 
2 15 15 0 0 0 
3 15 15 0 0 0 
4 15 15 0 0 0 
5 15 15 0 0 0 
6 15 15 0 0 0 
7 15 15 0 0 0 
8 15 15 0 0 0 
9 15 15 0 0 0 
10 15 15 0 0 0 
11 15 15 0 0 0 
12 15 15 0 0 0 
13 15 15 0 0 0 
14 15 15 0 0 0 
15 15 15 0 0 0 
0 0 0 0 0 0 
1 0 0 0 0 0 
2 0 0 0 0 0 
3 0 0 0 0 0 
4 0 0 0 0 0 
5 0 0 0 0 0 
6 0 0 0 0 0 
7 0 0 0 0 0 
8 0 0 0 0 0 
9 0 0 0 0 0 
10 0 0 0 0 0 
11 0 0 0 0 0 
12 0 0 0 0 0 
13 0 0 0 0 0 
14 0 0 0 0 0 
15 0 0 0 0 0 
0 1 1 0 0 0 
1 1 1 0 0 0 
2 1 1 0 0 0 
3 1 1 0 0 0 
4 1 1 0 0 0 
5 1 1 0 0 0 
6 1 1 0 0 0 
7 1 1 0 0 0 
8 1 1 0 0 0 
9 1 1 0 0 0 
10 1 1 0 0 0 
11 1 1 0 0 0 
12 1 1 0 0 0 
13 1 1 0 0 0 
14 1 1 0 0 0 
15 1 1 0 0 0 
0 2 2 0 0 0 
1 2 2 0 0 0 
2 2 2 0 0 0 
3 2 2 0 0 0 
4 2 2 0 0 0 
5 2 2 0 0 0 
6 2 2 0 0 0 
7 2 2 0 0 0 
8 2 2 0 0 0 
9 2 2 0 0 0 
10 2 2 0 0 0 
11 2 2 0 0 0 
12 2 2 0 0 0 
13 2 2 0 0 0 
14 2 2 0 0 0 
15 2 2 0 0 0 
0 3 3 0 0 0 
1 3 3 0 0 0 
2 3 3 0 0 0 
3 3 3 0 0 0 
4 3 3 0 0 0 
5 3 3 0 0 0 
6 3 3 0 0 0 
7 3 3 0 0 0 
8 3 3 0 0 0 
9 3 3 0 0 0 
10 3 3 0 0 0 
11 3 3 0 0 0 
12 3 3 0 0 0 
13 3 3 0 0 0 
14 3 3 0 0 0 
15 3 3 0 0 0 
0 4 4 0.236801 -0.00050215 -3.61097e-05 
1 4 4 0.23948 -0.000438031 -0.000146319 
2 4 4 0.241868 -0.000335643 -0.000188177 
3 4 4 0.24365 -0.000220982 -0.000159596 
4 4 4 0.244679 -0.000115392 -8.08717e-05 
5 4 4 0.244983 -4.14158e-05 2.34079e-05 
6 4 4 0.24473 -1.27567e-05 0.000138067 
7 4 4 0.24416 -3.51671e-05 0.00025756 
8 4 4 0.24356 -7.40358e-05 0.000338344 
9 4 4 0.24301 9.88585e-06 0.000217679 
10 4 4 0.242164 0.00015912 -8.60203e-06 
11 4 4 0.24138 7.51402e-05 3.83602e-05 
12 4 4 0.241085 -3.71719e-05 0.000127932 
13 4 4 0.241015 -4.77341e-05 0.000115857 
14 4 4 0.24081 7.76374e-05 0.000155934 
15 4 4 0.239548 -0.00331423 -0.00217372 
0 5 5 0.742169 -0.00327608 -0.00168513 
1 5 5 0.749889 -0.00277611 -0.00189485 
2 5 5 0.756294 -0.00197405 -0.00173173 
3 5 5 0.760605 -0.00108348 -0.00125323 
4 5 5 0.76258 -0.00029757 -0.000612216 
5 5 5 0.762501 0.000242879 3.99427e-05 
6 5 5 0.760961 0.000475485 0.000622348 
7 5 5 0.758652 0.000372828 0.0011659 
8 5 5 0.756445 -8.64456e-05 0.00177287 
9 5 5 0.755362 -9.66811e-05 0.0016997 
10 5 5 0.753175 0.000999059 7.6081e-05 
11 5 5 0.750679 0.000435678 6.3891e-05 
12 5 5 0.750177 -0.00027533 0.000491318 
13 5 5 0.750347 -0.000378865 0.000446181 
14 5 5 0.750576 1.29876e-05 0.000568687 
15 5 5 0.752809 -0.00428072 -0.00380154 
0 6 6 1.28935 -0.00716 -0.00829384 
1 6 6 1.29828 -0.00630067 -0.00785773 
2 6 6 1.30609 -0.00445541 -0.00635215 
3 6 6 1.31148 -0.00217562 -0.00412759 
4 6 6 1.31386 -6.02815e-05 -0.00175729 
5 6 6 1.3135 0.00145304 0.000272034 
6 6 6 1.31119 0.0022074 0.00175179 
7 6 6 1.30777 0.00226518 0.00280526 
8 6 6 1.30408 0.00177992 0.00406047 
9 6 6 1.30251 0.00127067 0.00493271 
10 6 6 1.3008 0.00105889 0.000820564 
11 6 6 1.29754 8.28048e-05 -0.000298955 
12 6 6 1.2968 -0.000743006 0.000458779 
13 6 6 1.29694 -0.00103735 0.000474294 
14 6 6 1.29779 -0.000848589 0.00049095 
15 6 6 1.30123 -0.00380395 -0.0046107 
0 7 7 1.57175 -0.0045689 -0.0156172 
1 7 7 1.5768 -0.00440271 -0.0145675 
2 7 7 1.58228 -0.00321199 -0.0114815 
3 7 7 1.58689 -0.00136916 -0.00714782 
4 7 7 1.58962 0.000550961 -0.00272186 
5 7 7 1.59026 0.00204637 0.000833726 
6 7 7 1.58924 0.00288821 0.00312785 
7 7 7 1.58723 0.00315115 0.00431068 
8 7 7 1.58499 0.00313973 0.00485859 
9 7 7 1.58379 0.00259569 0.00465273 
10 7 7 1.58262 0.000465727 0.00251427 
11 7 7 1.58046 -0.000812812 0.000906932 
12 7 7 1.57936 -0.000948307 0.000285699 
13 7 7 1.5791 -0.00110394 -0.000227451 
14 7 7 1.57963 -0.00125814 -0.000531132 
15 7 7 1.58178 -0.0024822 -0.0056782 
0 8 8 1.59262 0.00200947 -0.0174241 
1 8 8 1.59755 0.00169105 -0.0161932 
2 8 8 1.60291 0.00151376 -0.0126004 
3 8 8 1.60752 0.00149819 -0.00763166 
4 8 8 1.61046 0.00158773 -0.00263769 
5 8 8 1.61156 0.00168163 0.00127805 
6 8 8 1.61123 0.00169383 0.00366784 
7 8 8 1.61014 0.00160156 0.00465978 
8 8 8 1.60892 0.00139477 0.00462233 
9 8 8 1.60798 0.000835187 0.00381752 
10 8 8 1.60701 -0.000195427 0.00245026 
11 8 8 1.60582 -0.000877474 0.00103344 
12 8 8 1.60507 -0.000925379 -0.000125524 
13 8 8 1.60497 -0.000855973 -0.000979332 
14 8 8 1.60557 -0.000899517 -0.0013741 
15 8 8 1.60756 -6.3688e-05 -0.00643118 
0 9 9 1.35082 0.00540149 -0.0123915 
1 9 9 1.35991 0.00506517 -0.0110882 
2 9 9 1.36788 0.0041964 -0.00827254 
3 9 9 1.37361 0.00302721 -0.00473037 
4 9 9 1.37666 0.00184326 -0.00136806 
5 9 9 1.37735 0.000852453 0.00114845 
6 9 9 1.37645 0.000137657 0.00258222 
7 9 9 1.37481 -0.000322381 0.00304436 
8 9 9 1.37305 -0.000620189 0.00279204 
9 9 9 1.37153 -0.000893429 0.00206835 
10 9 9 1.37027 -0.00114741 0.00110123 
11 9 9 1.36933 -0.00118161 0.000131312 
12 9 9 1.36895 -0.000948529 -0.000670762 
13 9 9 1.36921 -0.000670469 -0.00121018 
14 9 9 1.37018 -0.000657866 -0.00118956 
15 9 9 1.37334 0.002194 -0.006059 
0 10 10 0.875954 0.00304801 -0.00467515 
1 10 10 0.885278 0.00299568 -0.00399021 
2 10 10 0.892956 0.00252391 -0.00287009 
3 10 10 0.898206 0.00178065 -0.00160179 
4 10 10 0.900878 0.000966364 -0.000468756 
5 10 10 0.901379 0.00024611 0.0003373 
6 10 10 0.900408 -0.000289287 0.000757023 
7 10 10 0.898682 -0.000628296 0.000839756 
8 10 10 0.896766 -0.000816118 0.000677259 
9 10 10 0.895014 -0.000912114 0.000361911 
10 10 10 0.893602 -0.000922746 -8.81205e-06 
11 10 10 0.892655 -0.000813524 -0.000338673 
12 10 10 0.892282 -0.000607877 -0.000574997 
13 10 10 0.892455 -0.000416969 -0.000684546 
14 10 10 0.892905 -0.000634658 -0.00032195 
15 10 10 0.896059 0.00376625 -0.00473012 
0 11 11 0.291086 0.000429957 -0.000731188 
1 11 11 0.294557 0.00047447 -0.000602072 
2 11 11 0.297568 0.000433201 -0.00043008 
3 11 11 0.29978 0.000326011 -0.000251112 
4 11 11 0.301062 0.000189645 -9.83638e-05 
5 11 11 0.301497 5.53504e-05 5.41793e-06 
6 11 11 0.301301 -5.25801e-05 5.24429e-05 
7 11 11 0.30073 -0.000127326 5.05428e-05 
8 11 11 0.300004 -0.000173587 1.18984e-05 
9 11 11 0.29928 -0.000200675 -4.785e-05 
10 11 11 0.298654 -0.00020597 -0.000109254 
11 11 11 0.298191 -0.000184611 -0.000151559 
12 11 11 0.297936 -0.000145183 -0.000169093 
13 11 11 0.297875 -0.000107475 -0.000160412 
14 11 11 0.297746 -0.00020918 -1.9937e-05 
15 11 11 0.297056 0.00348516 -0.00260195 
0 12 12 0 0 0 
1 12 12 0 0 0 
2 12 12 0 0 0 
3 12 12 0 0 0 
4 12 12 0 0 0 
5 12 12 0 0 0 
6 12 12 0 0 0 
7 12 12 0 0 0 
8 12 12 0 0 0 
9 12 12 0 0 0 
10 12 12 0 0 0 
11 12 12 0 0 0 
12 12 12 0 0 0 
13 12 12 0 0 0 
14 12 12 0 0 0 
15 12 12 0 0 0 
0 13 13 0 0 0 
1 13 13 0 0 0 
2 13 13 0 0 0 
3 13 13 0 0 0 
4 13 13 0 0 0 
5 13 13 0 0 0 
6 13 13 0 0 0 
7 13 13 0 0 0 
8 13 13 0 0 0 
9 13 13 0 0 0 
10 13 13 0 0 0 
11 13 13 0 0 0 
12 13 13 0 0 0 
13 13 13 0 0 0 
14 13 13 0 0 0 
15 13 13 0 0 0 
0 14 14 0 0 0 
1 14 14 0 0 0 
2 14 14 0 0 0 
3 14 14 0 0 0 
4 14 14 0 0 0 
5 14 14 0 0 0 
6 14 14 0 0 0 
7 14 14 0 0 0 
8 14 14 0 0 0 
9 14 14 0 0 0 
10 14 14 0 0 0 
11 14 14 0 0 0 
12 14 14 0 0 0 
13 14 14 0 0 0 
14 14 14 0 0 0 
15 14 14 0 0 0 
0 15 15 0 0 0 
1 15 15 0 0 0 
2 15 15 0 0 0 
3 15 15 0 0 0 
4 15 15 0 0 0 
5 15 15 0 0 0 
6 15 15 0 0 0 
7 15 15 0 0 0 
8 15 15 0 0 0 
9 15 15 0 0 0 
10 15 15 0 0 0 
11 15 15 0 0 0 
12 15 15 0 0 0 
13 15 15 0 0 0 
14 15 15 0 0 0 
15 15 15 0 0 0 
0 0 0 0 0 0 
1 0 0 0 0 0 
2 0 0 0 0 0 
3 0 0 0 0 0 
4 0 0 0 0 0 
5 0 0 0 0 0 
6 0 0 0 0 0 
7 0 0 0 0 0 
8 0 0 0 0 0 
9 0 0 0 0 0 
10 0 0 0 0 0 
11 0 0 0 0 0 
12 0 0 0 0 0 
13 0 0 0 0 0 
14 0 0 0 0 0 
15 0 0 0 0 0 
0 1 1 0 0 0 
1 1 1 0 0 0 
2 1 1 0 0 0 
3 1 1 0 0 0 
4 1 1 0 0 0 
5 1 1 0 0 0 
6 1 1 0 0 0 
7 1 1 0 0 0 
8 1 1 0 0 0 
9 1 1 0 0 0 
10 1 1 0 0 0 
11 1 1 0 0 0 
12 1 1 0 0 0 
13 1 1 0 0 0 
14 1 1 0 0 0 
15 1 1 0 0 0 
0 2 2 0 0 0 
1 2 2 0 0 0 
2 2 2 0 0 0 
3 2 2 0 0 0 
4 2 2 0 0 0 
5 2 2 0 0 0 
6 2 2 0 0 0 
7 2 2 0 0 0 
8 2 2 0 0 0 
9 2 2 0 0 0 
10 2 2 0 0 0 
11 2 2 0 0 0 
12 2 2 0 0 0 
13 2 2 0 0 0 
14 2 2 0 0 0 
15 2 2 0 0 0 
0 3 3 0 0 0 
1 3 3 0 0 0 
2 3 3 0 0 0 
3 3 3 0 0 0 
4 3 3 0 0 0 
5 3 3 0 0 0 
6 3 3 0 0 0 
7 3 3 0 0 0 
8 3 3 0 0 0 
9 3 3 0 0 0 
10 3 3 0 0 0 
11 3 3 0 0 0 
12 3 3 0 0 0 
13 3 3 0 0 0 
14 3 3 0 0 0 
15 3 3 0 0 0 
0 4 4 0.496919 -0.0016946 -0.000293697 
1 4 4 0.50231 -0.00157423 -0.000451014 
2 4 4 0.506869 -0.00123126 -0.000483948 
3 4 4 0.510018 -0.000775449 -0.000382867 
4 4 4 0.511575 -0.000320719 -0.000190145 
5 4 4 0.511708 4.00001e-05 3.92118e-05 
6 4 4 0.510822 0.000259576 0.000263218 
7 4 4 0.509393 0.000341915 0.000452248 
8 4 4 0.507864 0.000341813 0.000545038 
9 4 4 0.506437 0.000351041 0.000447966 
10 4 4 0.505065 0.000357494 0.000238296 
11 4 4 0.503937 0.000247356 0.000172619 
12 4 4 0.503372 7.9539e-05 0.0002017 
13 4 4 0.503268 -3.01774e-06 0.000176373 
14 4 4 0.503193 0.000259895 0.000243269 
15 4 4 0.503802 -0.0048329 -0.00196671 
0 5 5 1.26961 -0.00913791 -0.00413949 
1 5 5 1.27849 -0.00844918 -0.00411998 
2 5 5 1.28612 -0.00636501 -0.00350745 
3 5 5 1.29118 -0.00356274 -0.00242443 
4 5 5 1.29317 -0.000807836 -0.00115009 
5 5 5 1.29242 0.00131943 4.10067e-05 
6 5 5 1.28979 0.00257184 0.000998664 
7 5 5 1.2863 0.00299313 0.00170005 
8 5 5 1.28286 0.00280633 0.00212081 
9 5 5 1.28001 0.00238921 0.0020277 
10 5 5 1.27752 0.0019658 0.00136798 
11 5 5 1.27537 0.00126452 0.000879864 
12 5 5 1.27429 0.000377452 0.000748195 
13 5 5 1.27427 -0.000229814 0.000585583 
14 5 5 1.27505 -0.000136507 0.000530712 
15 5 5 1.27837 -0.00515521 -0.00252566 
0 6 6 1.83059 -0.0124941 -0.0124418 
1 6 6 1.82771 -0.0128772 -0.0119816 
2 6 6 1.82726 -0.0106075 -0.00984172 
3 6 6 1.82844 -0.00641903 -0.00648781 
4 6 6 1.82998 -0.00163453 -0.00284152 
5 6 6 1.83091 0.00243896 0.000209398 
6 6 6 1.8309 0.00508253 0.00225875 
7 6 6 1.83013 0.00623322 0.00339584 
8 6 6 1.82903 0.00619853 0.00387594 
9 6 6 1.82799 0.00541117 0.0036142 
10 6 6 1.82671 0.00423494 0.00248616 
11 6 6 1.825 0.00280991 0.00143008 
12 6 6 1.8235 0.00130467 0.0008547 
13 6 6 1.82248 4.32161e-05 0.000396828 
14 6 6 1.82207 -0.000769181 -7.8127e-05 
15 6 6 1.82259 -0.00425954 -0.00338556 
0 7 7 2.16852 -0.00366903 -0.0188982 
1 7 7 2.15165 -0.00539519 -0.0193561 
2 7 7 2.13817 -0.00539455 -0.0168376 
3 7 7 2.12982 -0.00370485 -0.0117614 
4 7 7 2.12667 -0.000948616 -0.00558546 
5 7 7 2.12743 0.00193623 -0.000119205 
6 7 7 2.1304 0.00420678 0.00354663 
7 7 7 2.1342 0.00556017 0.00535847 
8 7 7 2.13796 0.00601476 0.00578748 
9 7 7 2.14123 0.00565775 0.0051618 
10 7 7 2.14342 0.00464608 0.003719 
11 7 7 2.14422 0.00340766 0.0021763 
12 7 7 2.14398 0.00222912 0.000920473 
13 7 7 2.143 0.00116757 -0.000141823 
14 7 7 2.14153 0.000255624 -0.00111452 
15 7 7 2.1399 -0.00147128 -0.00453813 
0 8 8 2.1893 0.00927338 -0.0198604 
1 8 8 2.17204 0.00801524 -0.0207454 
2 8 8 2.15783 0.0062987 -0.018263 
3 8 8 2.14875 0.00441327 -0.0128437 
4 8 8 2.14521 0.00280624 -0.00607988 
5 8 8 2.14612 0.00184775 3.38175e-06 
6 8 8 2.1498 0.00159123 0.00412146 
7 8 8 2.15476 0.00179298 0.00610961 
8 8 8 2.15993 0.00211184 0.00643367 
9 8 8 2.1646 0.00224931 0.00561876 
10 8 8 2.16816 0.00210767 0.00411175 
11 8 8 2.1703 0.00186899 0.00238525 
12 8 8 2.17112 0.00168525 0.000758115 
13 8 8 2.17085 0.00153122 -0.000652495 
14 8 8 2.16978 0.00136944 -0.00184259 
15 8 8 2.16825 0.00192462 -0.00532573 
0 9 9 1.8921 0.0163686 -0.016025 
1 9 9 1.88814 0.0151398 -0.0157324 
2 9 9 1.88653 0.0121508 -0.0128714 
3 9 9 1.88714 0.00807927 -0.00820178 
4 9 9 1.8891 0.00403068 -0.00310024 
5 9 9 1.89152 0.000959996 0.00109921 
6 9 9 1.89396 -0.000785924 0.00372287 
7 9 9 1.89627 -0.00141523 0.00479271 
8 9 9 1.89841 -0.00135339 0.00468132 
9 9 9 1.90025 -0.000983654 0.00380273 
10 9 9 1.90161 -0.000511676 0.00251085 
11 9 9 1.90239 2.65191e-05 0.00110424 
12 9 9 1.90266 0.000611905 -0.000195101 
13 9 9 1.9026 0.00114297 -0.00124355 
14 9 9 1.90253 0.00151362 -0.00197233 
15 9 9 1.90288 0.00436114 -0.00519867 
0 10 10 1.36851 0.0117768 -0.00821226 
1 10 10 1.37766 0.0106039 -0.00727118 
2 10 10 1.38572 0.00818465 -0.00533854 
3 10 10 1.39163 0.00515443 -0.00295942 
4 10 10 1.39496 0.00226673 -0.000741287 
5 10 10 1.39604 6.63048e-05 0.000879516 
6 10 10 1.39562 -0.00126827 0.00175387 
7 10 10 1.39447 -0.00184032 0.00196681 
8 10 10 1.39315 -0.0018759 0.00170476 
9 10 10 1.39198 -0.00159472 0.0011585 
10 10 10 1.3911 -0.00114085 0.000489396 
11 10 10 1.3906 -0.00058801 -0.000166095 
12 10 10 1.39051 -8.55756e-06 -0.000710791 
13 10 10 1.3909 0.000461113 -0.0010646 
14 10 10 1.39192 0.000471093 -0.00104069 
15 10 10 1.39503 0.00523666 -0.00391614 
0 11 11 0.60635 0.00251976 -0.00152967 
1 11 11 0.613273 0.00234874 -0.00126698 
2 11 11 0.61904 0.00187995 -0.000891725 
3 11 11 0.623076 0.00124309 -0.00049289 
4 11 11 0.625243 0.000596993 -0.00015083 
5 11 11 0.625797 6.51345e-05 8.1509e-05 
6 11 11 0.625222 -0.000294242 0.000188936 
7 11 11 0.624024 -0.000481278 0.000191611 
8 11 11 0.622625 -0.000534268 0.000119872 
9 11 11 0.621311 -0.000500677 5.26864e-06 
10 11 11 0.620259 -0.000409941 -0.000119123 
11 11 11 0.619565 -0.000278422 -0.000220946 
12 11 11 0.619275 -0.000134044 -0.000285523 
13 11 11 0.619358 -2.65809e-05 -0.000296744 
14 11 11 0.619524 -0.000303374 -0.000104382 
15 11 11 0.621038 0.00508893 -0.00253701 
0 12 12 0.0788002 9.61055e-05 -2.52797e-05 
1 12 12 0.0797449 0.000101521 -1.72888e-05 
2 12 12 0.0806163 9.10501e-05 -1.05779e-05 
3 12 12 0.0813019 6.83657e-05 -5.61155e-06 
4 12 12 0.0817416 4.073e-05 -2.40251e-06 
5 12 12 0.0819362 1.4499e-05 -1.19743e-06 
6 12 12 0.0819353 -5.93219e-06 -2.04863e-06 
7 12 12 0.0818058 -1.86221e-05 -4.39707e-06 
8 12 12 0.081613 -2.45515e-05 -7.94818e-06 
9 12 12 0.0814067 -2.64973e-05 -1.21713e-05 
10 12 12 0.0812112 -2.49692e-05 -1.58478e-05 
11 12 12 0.0810749 -1.90592e-05 -1.7652e-05 
12 12 12 0.0809839 -1.33548e-05 -1.65505e-05 
13 12 12 0.0809434 -8.33819e-06 -1.29305e-05 
14 12 12 0.080853 -4.06973e-05 -1.14679e-06 
15 12 12 0.0797391 0.00172557 -0.000969736 
0 13 13 0 0 0 
1 13 13 0 0 0 
2 13 13 0 0 0 
3 13 13 0 0 0 
4 13 13 0 0 0 
5 13 13 0 0 0 
6 13 13 0 0 0 
7 13 13 0 0 0 
8 13 13 0 0 0 
9 13 13 0 0 0 
10 13 13 0 0 0 
11 13 13 0 0 0 
12 13 13 0 0 0 
13 13 13 0 0 0 
14 13 13 0 0 0 
15 13 13 0 0 0 
0 14 14 0 0 0 
1 14 14 0 0 0 
2 14 14 0 0 0 
3 14 14 0 0 0 
4 14 14 0 0 0 
5 14 14 0 0 0 
6 14 14 0 0 0 
7 14 14 0 0 0 
8 14 14 0 0 0 
9 14 14 0 0 0 
10 14 14 0 0 0 
11 14 14 0 0 0 
12 14 14 0 0 0 
13 14 14 0 0 0 
14 14 14 0 0 0 
15 14 14 0 0 0 
0 15 15 0 0 0 
1 15 15 0 0 0 
2 15 15 0 0 0 
3 15 15 0 0 0 
4 15 15 0 0 0 
5 15 15 0 0 0 
6 15 15 0 0 0 
7 15 15 0 0 0 
8 15 15 0 0 0 
9 15 15 0 0 0 
10 15 15 0 0 0 
11 15 15 0 0 0 
12 15 15 0 0 0 
13 15 15 0 0 0 
14 15 15 0 0 0 
15 15 15 0 0 0 
0 0 0 0 0 0 
1 0 0 0 0 0 
2 0 0 0 0 0 
3 0 0 0 0 0 
4 0 0 0 0 0 
5 0 0 0 0 0 
6 0 0 0 0 0 
7 0 0 0 0 0 
8 0 0 0 0 0 
9 0 0 0 0 0 
10 0 0 0 0 0 
11 0 0 0 0 0 
12 0 0 0 0 0 
13 0 0 0 0 0 
14 0 0 0 0 0 
15 0 0 0 0 0 
0 1 1 0 0 0 
1 1 1 0 0 0 
2 1 1 0 0 0 
3 1 1 0 0 0 
4 1 1 0 0 0 
5 1 1 0 0 0 
6 1 1 0 0 0 
7 1 1 0 0 0 
8 1 1 0 0 0 
9 1 1 0 0 0 
10 1 1 0 0 0 
11 1 1 0 0 0 
12 1 1 0 0 0 
13 1 1 0 0 0 
14 1 1 0 0 0 
15 1 1 0 0 0 
0 2 2 0 0 0 
1 2 2 0 0 0 
2 2 2 0 0 0 
3 2 2 0 0 0 
4 2 2 0 0 0 
5 2 2 0 0 0 
6 2 2 0 0 0 
7 2 2 0 0 0 
8 2 2 0 0 0 
9 2 2 0 0 0 
10 2 2 0 0 0 
11 2 2 0 0 0 
12 2 2 0 0 0 
13 2 2 0 0 0 
14 2 2 0 0 0 
15 2 2 0 0 0 
0 3 3 0.0579096 -5.99081e-05 1.14822e-05 
1 3 3 0.0585347 -7.4314e-05 1.05035e-05 
2 3 3 0.0591656 -7.48945e-05 8.36843e-06 
3 3 3 0.059698 -6.31535e-05 6.91217e-06 
4 3 3 0.0600663 -4.29971e-05 6.13775e-06 
5 3 3 0.060251 -2.17373e-05 7.02093e-06 
6 3 3 0.060277 -4.00446e-06 8.74432e-06 
7 3 3 0.0601875 8.29818e-06 9.5051e-06 
8 3 3 0.0600353 1.65874e-05 6.23757e-06 
9 3 3 0.0598556 2.13299e-05 -1.54661e-06 
10 3 3 0.0596732 2.26566e-05 -8.88012e-06 
11 3 3 0.0595138 1.97063e-05 -9.71107e-06 
12 3 3 0.0593993 1.45172e-05 -6.28987e-06 
13 3 3 0.0593261 1.14121e-05 -4.60825e-06 
14 3 3 0.0591815 5.9985e-05 -1.7487e-05 
15 3 3 0.0580911 -0.00171175 -0.000221465 
0 4 4 0.706154 -0.00317921 -0.000259373 
1 4 4 0.713362 -0.00303534 -0.000344112 
2 4 4 0.719345 -0.0024096 -0.00035748 
3 4 4 0.723308 -0.00150577 -0.000280767 
4 4 4 0.725049 -0.000566319 -0.000139378 
5 4 4 0.724864 0.00021044 3.17089e-05 
6 4 4 0.723352 0.000724209 0.000197822 
7 4 4 0.721161 0.000974625 0.000328523 
8 4 4 0.718841 0.00102131 0.000377476 
9 4 4 0.716722 0.000940941 0.000316127 
10 4 4 0.714947 0.000776889 0.000189795 
11 4 4 0.713658 0.000545656 0.00010874 
12 4 4 0.71299 0.000288886 8.67712e-05 
13 4 4 0.712884 0.000110915 6.0173e-05 
14 4 4 0.713002 0.000467767 4.51175e-05 
15 4 4 0.715094 -0.00580789 -0.000615293 
0 5 5 1.52656 -0.0134022 -0.00230838 
1 5 5 1.53199 -0.0129565 -0.00222628 
2 5 5 1.53759 -0.0102051 -0.00187453 
3 5 5 1.54187 -0.00601926 -0.00131042 
4 5 5 1.54383 -0.0016258 -0.000659542 
5 5 5 1.54334 0.00194234 -5.3588e-05 
6 5 5 1.54105 0.00420436 0.000433657 
7 5 5 1.53782 0.00519639 0.000781799 
8 5 5 1.53444 0.00521743 0.00096591 
9 5 5 1.53136 0.0046184 0.000932117 
10 5 5 1.52877 0.00366089 0.00071482 
11 5 5 1.52676 0.00249578 0.000487439 
12 5 5 1.52551 0.00128357 0.000354088 
13 5 5 1.52509 0.000273585 0.000253469 
14 5 5 1.5256 -0.000172348 0.000160571 
15 5 5 1.52791 -0.00557594 -0.000925999 
0 6 6 2.14557 -0.0151306 -0.00596758 
1 6 6 2.12926 -0.0168983 -0.00594348 
2 6 6 2.11662 -0.0152003 -0.00509038 
3 6 6 2.10897 -0.0104096 -0.0035429 
4 6 6 2.10609 -0.00405847 -0.00172101 
5 6 6 2.10656 0.0018714 -0.000133196 
6 6 6 2.1087 0.00606189 0.000933327 
7 6 6 2.11127 0.008244 0.00148495 
8 6 6 2.11357 0.00878537 0.00164507 
9 6 6 2.11519 0.00819685 0.00148268 
10 6 6 2.11591 0.00690182 0.0010886 
11 6 6 2.11567 0.00520414 0.000671512 
12 6 6 2.11468 0.00335882 0.000364349 
13 6 6 2.1132 0.00161033 0.000128913 
14 6 6 2.11152 0.000113209 -0.000113312 
15 6 6 2.10993 -0.00383249 -0.00124628 
0 7 7 2.52047 -0.00288433 -0.00794566 
1 7 7 2.48828 -0.0053612 -0.0087651 
2 7 7 2.45594 -0.00620216 -0.00830035 
3 7 7 2.42881 -0.00504882 -0.00644685 
4 7 7 2.41119 -0.00227317 -0.00364983 
5 7 7 2.40441 0.0010635 -0.000828517 
6 7 7 2.40654 0.0039203 0.00123781 
7 7 7 2.41404 0.00582129 0.00233202 
8 7 7 2.42361 0.00676036 0.00263085 
9 7 7 2.43293 0.00690038 0.0023734 
10 7 7 2.44058 0.00642522 0.00178588 
11 7 7 2.44589 0.00553866 0.00111602 
12 7 7 2.44871 0.00442228 0.000517866 
13 7 7 2.44919 0.00322087 -8.74758e-07 
14 7 7 2.44757 0.00203079 -0.00049049 
15 7 7 2.44425 4.91297e-05 -0.00171576 
0 8 8 2.54071 0.0126584 -0.00797524 
1 8 8 2.50872 0.0123103 -0.00909769 
2 8 8 2.47564 0.010815 -0.00881705 
3 8 8 2.4472 0.00827534 -0.00697816 
4 8 8 2.42826 0.00525642 -0.00402818 
5 8 8 2.42071 0.00265085 -0.000954482 
6 8 8 2.42288 0.00111118 0.00136654 
7 8 8 2.43122 0.000683913 0.00263953 
8 8 8 2.44223 0.000991043 0.00301459 
9 8 8 2.45336 0.00158784 0.00276268 
10 8 8 2.46302 0.00217446 0.00214232 
11 8 8 2.47031 0.00263942 0.00137761 
12 8 8 2.47489 0.00296101 0.000620181 
13 8 8 2.47676 0.00314228 -7.00652e-05 
14 8 8 2.47609 0.00321533 -0.000696995 
15 8 8 2.47329 0.00383774 -0.0019992 
0 9 9 2.20744 0.0233596 -0.00692611 
1 9 9 2.18995 0.0231124 -0.00732608 
2 9 9 2.17509 0.0198051 -0.00649651 
3 9 9 2.16531 0.0139914 -0.00458609 
4 9 9 2.16135 0.00729681 -0.00216332 
5 9 9 2.16235 0.00165243 3.60448e-05 
6 9 9 2.16664 -0.00183639 0.001535 
7 9 9 2.17266 -0.00320821 0.00225175 
8 9 9 2.17915 -0.00310975 0.00234049 
9 9 9 2.1852 -0.00222258 0.00200663 
10 9 9 2.19018 -0.00101509 0.00143672 
11 9 9 2.19373 0.00026167 0.000780304 
12 9 9 2.19571 0.00146894 0.000147886 
13 9 9 2.19625 0.00250174 -0.00039746 
14 9 9 2.19563 0.00333405 -0.000842269 
15 9 9 2.19426 0.00632033 -0.0020233 
0 10 10 1.62709 0.0194214 -0.00408184 
1 10 10 1.63184 0.017703 -0.00376294 
2 10 10 1.63707 0.013737 -0.00287826 
3 10 10 1.64184 0.00855816 -0.00168229 
4 10 10 1.64536 0.00354096 -0.000503185 
5 10 10 1.64745 -0.000248508 0.000397154 
6 10 10 1.64848 -0.00243949 0.000913427 
7 10 10 1.64893 -0.00323324 0.00107723 
8 10 10 1.64916 -0.00306263 0.000981653 
9 10 10 1.64934 -0.00233905 0.000724309 
10 10 10 1.6495 -0.00135396 0.000389395 
11 10 10 1.64966 -0.000288159 4.5927e-05 
12 10 10 1.64984 0.000724552 -0.000254204 
13 10 10 1.65014 0.0015306 -0.000473345 
14 10 10 1.65086 0.00191306 -0.000571558 
15 10 10 1.65275 0.00674951 -0.00159135 
0 11 11 0.895839 0.0057814 -0.00103513 
1 11 11 0.905425 0.00516784 -0.000876966 
2 11 11 0.91332 0.00395777 -0.000630535 
3 11 11 0.918758 0.00246944 -0.000357566 
4 11 11 0.921601 0.00105222 -0.000114118 
5 11 11 0.922255 -4.2479e-05 6.05924e-05 
6 11 11 0.921424 -0.000718892 0.000152332 
7 11 11 0.919813 -0.0010091 0.00017208 
8 11 11 0.917987 -0.00101212 0.000137937 
9 11 11 0.916324 -0.000836785 6.77793e-05 
10 11 11 0.915049 -0.000563653 -1.84296e-05 
11 11 11 0.914278 -0.000245951 -0.000100672 
12 11 11 0.91405 5.99387e-05 -0.000158958 
13 11 11 0.914333 0.000271307 -0.000183877 
14 11 11 0.914946 -7.23971e-05 -8.40185e-05 
15 11 11 0.917869 0.00633256 -0.00106135 
0 12 12 0.202478 0.000336209 -8.59619e-05 
1 12 12 0.204926 0.000326487 -7.54621e-05 
2 12 12 0.207097 0.00027352 -5.90708e-05 
3 12 12 0.208735 0.000191997 -3.99759e-05 
4 12 12 0.209728 0.000103704 -2.06122e-05 
5 12 12 0.21011 2.67739e-05 -5.3778e-06 
6 12 12 0.210024 -2.77584e-05 3.73494e-06 
7 12 12 0.209647 -5.76593e-05 6.66064e-06 
8 12 12 0.20914 -6.71696e-05 3.9615e-06 
9 12 12 0.208624 -6.4036e-05 -3.47496e-06 
10 12 12 0.208175 -5.21243e-05 -1.26021e-05 
11 12 12 0.207851 -3.36532e-05 -2.14514e-05 
12 12 12 0.207666 -1.54744e-05 -2.34444e-05 
13 12 12 0.207614 -3.5283e-06 -2.07146e-05 
14 12 12 0.207502 -8.40595e-05 2.08642e-05 
15 12 12 0.20608 0.00390202 -0.000566136 
0 13 13 0 0 0 
1 13 13 0 0 0 
2 13 13 0 0 0 
3 13 13 0 0 0 
4 13 13 0 0 0 
5 13 13 0 0 0 
6 13 13 0 0 0 
7 13 13 0 0 0 
8 13 13 0 0 0 
9 13 13 0 0 0 
10 13 13 0 0 0 
11 13 13 0 0 0 
12 13 13 0 0 0 
13 13 13 0 0 0 
14 13 13 0 0 0 
15 13 13 0 0 0 
0 14 14 0 0 0 
1 14 14 0 0 0 
2 14 14 0 0 0 
3 14 14 0 0 0 
4 14 14 0 0 0 
5 14 14 0 0 0 
6 14 14 0 0 0 
7 14 14 0 0 0 
8 14 14 0 0 0 
9 14 14 0 0 0 
10 14 14 0 0 0 
11 14 14 0 0 0 
12 14 14 0 0 0 
13 14 14 0 0 0 
14 14 14 0 0 0 
15 14 14 0 0 0 
0 15 15 0 0 0 
1 15 15 0 0 0 
2 15 15 0 0 0 
3 15 15 0 0 0 
4 15 15 0 0 0 
5 15 15 0 0 0 
6 15 15 0 0 0 
7 15 15 0 0 0 
8 15 15 0 0 0 
9 15 15 0 0 0 
10 15 15 0 0 0 
11 15 15 0 0 0 
12 15 15 0 0 0 
13 15 15 0 0 0 
14 15 15 0 0 0 
15 15 15 0 0 0 
0 0 0 0 0 0 
1 0 0 0 0 0 
2 0 0 0 0 0 
3 0 0 0 0 0 
4 0 0 0 0 0 
5 0 0 0 0 0 
6 0 0 0 0 0 
7 0 0 0 0 0 
8 0 0 0 0 0 
9 0 0 0 0 0 
10 0 0 0 0 0 
11 0 0 0 0 0 
12 0 0 0 0 0 
13 0 0 0 0 0 
14 0 0 0 0 0 
15 0 0 0 0 0 
0 1 1 0 0 0 
1 1 1 0 0 0 
2 1 1 0 0 0 
3 1 1 0 0 0 
4 1 1 0 0 0 
5 1 1 0 0 0 
6 1 1 0 0 0 
7 1 1 0 0 0 
8 1 1 0 0 0 
9 1 1 0 0 0 
10 1 1 0 0 0 
11 1 1 0 0 0 
12 1 1 0 0 0 
13 1 1 0 0 0 
14 1 1 0 0 0 
15 1 1 0 0 0 
0 2 2 0 0 0 
1 2 2 0 0 0 
2 2 2 0 0 0 
3 2 2 0 0 0 
4 2 2 0 0 0 
5 2 2 0 0 0 
6 2 2 0 0 0 
7 2 2 0 0 0 
8 2 2 0 0 0 
9 2 2 0 0 0 
10 2 2 0 0 0 
11 2 2 0 0 0 
12 2 2 0 0 0 
13 2 2 0 0 0 
14 2 2 0 0 0 
15 2 2 0 0 0 
0 3 3 0.0578685 -5.96183e-05 -1.07284e-05 
1 3 3 0.0584926 -7.42292e-05 -1.16463e-05 
2 3 3 0.0591231 -7.50674e-05 -1.10653e-05 
3 3 3 0.0596552 -6.31018e-05 -7.72416e-06 
4 3 3 0.0600234 -4.24344e-05 -3.53151e-06 
5 3 3 0.0602081 -2.01926e-05 1.86855e-06 
6 3 3 0.0602336 -1.46386e-06 6.61828e-06 
7 3 3 0.0601434 1.12291e-05 9.05105e-06 
8 3 3 0.0599899 1.84223e-05 6.8257e-06 
9 3 3 0.0598096 2.05634e-05 6.21601e-07 
10 3 3 0.0596286 1.95109e-05 -5.83844e-06 
11 3 3 0.0594713 1.63918e-05 -7.80751e-06 
12 3 3 0.0593572 1.23388e-05 -6.21426e-06 
13 3 3 0.0592834 1.01012e-05 -4.32528e-06 
14 3 3 0.0591385 5.86987e-05 8.42777e-06 
15 3 3 0.0580483 -0.00171222 0.00021202 
0 4 4 0.705985 -0.0031676 0.00028527 
1 4 4 0.713185 -0.00303442 0.000317097 
2 4 4 0.71917 -0.0024186 0.000274139 
3 4 4 0.723141 -0.00151886 0.000193218 
4 4 4 0.724882 -0.000573218 9.32919e-05 
5 4 4 0.724693 0.000216677 7.44312e-06 
6 4 4 0.723167 0.000746808 -5.12471e-05 
7 4 4 0.720947 0.0010123 -8.76604e-05 
8 4 4 0.718577 0.0010614 -0.00012685 
9 4 4 0.716411 0.000960895 -0.000178877 
10 4 4 0.714655 0.000767467 -0.000226433 
11 4 4 0.713428 0.000525034 -0.000238962 
12 4 4 0.712789 0.000277536 -0.000210419 
13 4 4 0.712674 0.000101545 -0.000175292 
14 4 4 0.712784 0.000450926 -0.000192322 
15 4 4 0.714878 -0.00582705 0.000430463 
0 5 5 1.52611 -0.0133407 0.00238498 
1 5 5 1.53152 -0.0129112 0.00231025 
2 5 5 1.53714 -0.0101946 0.00186077 
3 5 5 1.54143 -0.00603959 0.00117665 
4 5 5 1.54339 -0.00165888 0.00046024 
5 5 5 1.54289 0.00191634 -0.000120951 
6 5 5 1.54057 0.00420182 -0.000494748 
7 5 5 1.53729 0.00522661 -0.000677726 
8 5 5 1.53381 0.00527423 -0.000735044 
9 5 5 1.53064 0.00466853 -0.000736615 
10 5 5 1.52802 0.00367396 -0.000701485 
11 5 5 1.52608 0.00249108 -0.000609457 
12 5 5 1.5249 0.00129721 -0.000456467 
13 5 5 1.52448 0.000298351 -0.000297176 
14 5 5 1.52498 -0.000166556 -0.000230702 
15 5 5 1.52729 -0.00559843 0.000754121 
0 6 6 2.14484 -0.0150764 0.00573842 
1 6 6 2.12855 -0.0168338 0.00589819 
2 6 6 2.11594 -0.015147 0.00511573 
3 6 6 2.10833 -0.0103798 0.0035358 
4 6 6 2.10547 -0.00405456 0.00163421 
5 6 6 2.10593 0.00185523 -2.17374e-05 
6 6 6 2.10804 0.00603714 -0.00110013 
7 6 6 2.11056 0.00822293 -0.00159952 
8 6 6 2.11274 0.00877437 -0.00169588 
9 6 6 2.11423 0.00819364 -0.00157501 
10 6 6 2.11487 0.00690007 -0.00134341 
11 6 6 2.11465 0.00521084 -0.00102644 
12 6 6 2.1137 0.00338604 -0.000643078 
13 6 6 2.11225 0.00165458 -0.00024956 
14 6 6 2.11057 0.000154141 9.77614e-05 
15 6 6 2.10898 -0.00381062 0.00123793 
0 7 7 2.51975 -0.00285759 0.00755088 
1 7 7 2.48757 -0.00533585 0.00853776 
2 7 7 2.45527 -0.00617492 0.00819132 
3 7 7 2.42819 -0.00502025 0.00639047 
4 7 7 2.41062 -0.00224735 0.00359771 
5 7 7 2.40387 0.00108039 0.000758083 
6 7 7 2.406 0.00392281 -0.00131899 
7 7 7 2.41346 0.0058059 -0.00240572 
8 7 7 2.42294 0.00673168 -0.00271101 
9 7 7 2.43212 0.00687454 -0.00254716 
10 7 7 2.43967 0.00642587 -0.0021321 
11 7 7 2.44495 0.00556095 -0.00157407 
12 7 7 2.44777 0.00444771 -0.000937296 
13 7 7 2.44824 0.00323921 -0.000288687 
14 7 7 2.44661 0.00204361 0.000325174 
15 7 7 2.44329 5.86923e-05 0.00162583 
0 8 8 2.54029 0.0126841 0.00763404 
1 8 8 2.50828 0.0123111 0.0088932 
2 8 8 2.47522 0.0108068 0.00872431 
3 8 8 2.44681 0.00827189 0.00694755 
4 8 8 2.42791 0.00526442 0.00401379 
5 8 8 2.42039 0.00266854 0.000924057 
6 8 8 2.42257 0.00113108 -0.00142176 
7 8 8 2.43089 0.00069646 -0.00271688 
8 8 8 2.44184 0.000993195 -0.00312836 
9 8 8 2.45288 0.00159617 -0.002961 
10 8 8 2.46245 0.00220386 -0.00245542 
11 8 8 2.4697 0.00268123 -0.00176213 
12 8 8 2.47426 0.0029898 -0.000983009 
13 8 8 2.4761 0.00314526 -0.000205793 
14 8 8 2.47541 0.00320062 0.000518378 
15 8 8 2.47259 0.00381893 0.00189238 
0 9 9 2.20725 0.0233579 0.00673765 
1 9 9 2.18975 0.0230856 0.00727152 
2 9 9 2.17489 0.0197732 0.00653405 
3 9 9 2.16512 0.0139733 0.00464878 
4 9 9 2.16119 0.00730247 0.00219268 
5 9 9 2.1622 0.00167927 -7.6293e-05 
6 9 9 2.1665 -0.00179883 -0.0016459 
7 9 9 2.1725 -0.00317347 -0.00241324 
8 9 9 2.17895 -0.00308392 -0.00253607 
9 9 9 2.18494 -0.0022003 -0.0022345 
10 9 9 2.18987 -0.000990488 -0.00168922 
11 9 9 2.19338 0.000282993 -0.00102767 
12 9 9 2.19534 0.00147343 -0.000344282 
13 9 9 2.19586 0.00248493 0.000278189 
14 9 9 2.19522 0.0033044 0.000794935 
15 9 9 2.19384 0.00629355 0.00201512 
0 10 10 1.62699 0.0193899 0.00413701 
1 10 10 1.63173 0.0176701 0.00386034 
2 10 10 1.63697 0.0137181 0.00295945 
3 10 10 1.64175 0.00856184 0.00169674 
4 10 10 1.64529 0.00356484 0.000435914 
5 10 10 1.64739 -0.000214719 -0.000527498 
6 10 10 1.64841 -0.00240816 -0.00106885 
7 10 10 1.64884 -0.00321493 -0.00121854 
8 10 10 1.64904 -0.00305983 -0.00108559 
9 10 10 1.64918 -0.00234626 -0.000790013 
10 10 10 1.64931 -0.0013648 -0.000426289 
11 10 10 1.64945 -0.000301341 -5.9221e-05 
12 10 10 1.64962 0.000707324 0.000265553 
13 10 10 1.64992 0.0015112 0.000501524 
14 10 10 1.65065 0.00189721 0.000595753 
15 10 10 1.65254 0.00674603 0.00158462 
0 11 11 0.895774 0.00576685 0.00110944 
1 11 11 0.90536 0.00515909 0.00091483 
2 11 11 0.913259 0.00395951 0.000621204 
3 11 11 0.918705 0.00247928 0.000306501 
4 11 11 0.921551 0.00106447 4.72833e-05 
5 11 11 0.922207 -3.43345e-05 -0.000115046 
6 11 11 0.921368 -0.000717294 -0.000174956 
7 11 11 0.919743 -0.00101567 -0.000153975 
8 11 11 0.917899 -0.00102493 -8.56736e-05 
9 11 11 0.916222 -0.000850343 -3.58287e-06 
10 11 11 0.91494 -0.000573395 7.12943e-05 
11 11 11 0.914171 -0.000253924 0.000130116 
12 11 11 0.913947 5.62858e-05 0.000169581 
13 11 11 0.914233 0.000271281 0.000170894 
14 11 11 0.914848 -6.86034e-05 4.3551e-05 
15 11 11 0.917776 0.00634257 0.000997902 
0 12 12 0.202449 0.000334673 0.000101041 
1 12 12 0.204895 0.000325425 8.08749e-05 
2 12 12 0.207064 0.000273955 5.83769e-05 
3 12 12 0.208707 0.000192812 3.46422e-05 
4 12 12 0.2097 0.000104334 1.75272e-05 
5 12 12 0.210082 2.62634e-05 7.7945e-06 
6 12 12 0.209994 -2.8886e-05 5.78779e-06 
7 12 12 0.209614 -5.95371e-05 9.06928e-06 
8 12 12 0.209104 -6.93957e-05 1.44464e-05 
9 12 12 0.208587 -6.56029e-05 1.81692e-05 
10 12 12 0.208142 -5.24588e-05 1.94471e-05 
11 12 12 0.207817 -3.43267e-05 1.89786e-05 
12 12 12 0.207632 -1.49466e-05 1.79935e-05 
13 12 12 0.207581 -2.75509e-06 1.10585e-05 
14 12 12 0.207467 -8.31981e-05 -3.45253e-05 
15 12 12 0.206045 0.00390334 0.00055208 
0 13 13 0 0 0 
1 13 13 0 0 0 
2 13 13 0 0 0 
3 13 13 0 0 0 
4 13 13 0 0 0 
5 13 13 0 0 0 
6 13 13 0 0 0 
7 13 13 0 0 0 
8 13 13 0 0 0 
9 13 13 0 0 0 
10 13 13 0 0 0 
11 13 13 0 0 0 
12 13 13 0 0 0 
13 13 13 0 0 0 
14 13 13 0 0 0 
15 13 13 0 0 0 
0 14 14 0 0 0 
1 14 14 0 0 0 
2 14 14 0 0 0 
3 14 14 0 0 0 
4 14 14 0 0 0 
5 14 14 0 0 0 
6 14 14 0 0 0 
7 14 14 0 0 0 
8 14 14 0 0 0 
9 14 14 0 0 0 
10 14 14 0 0 0 
11 14 14 0 0 0 
12 14 14 0 0 0 
13 14 14 0 0 0 
14 14 14 0 0 0 
15 14 14 0 0 0 
0 15 15 0 0 0 
1 15 15 0 0 0 
2 15 15 0 0 0 
3 15 15 0 0 0 
4 15 15 0 0 0 
5 15 15 0 0 0 
6 15 15 0 0 0 
7 15 15 0 0 0 
8 15 15 0 0 0 
9 15 15 0 0 0 
10 15 15 0 0 0 
11 15 15 0 0 0 
12 15 15 0 0 0 
13 15 15 0 0 0 
14 15 15 0 0 0 
15 15 15 0 0 0 
0 0 0 0 0 0 
1 0 0 0 0 0 
2 0 0 0 0 0 
3 0 0 0 0 0 
4 0 0 0 0 0 
5 0 0 0 0 0 
6 0 0 0 0 0 
7 0 0 0 0 0 
8 0 0 0 0 0 
9 0 0 0 0 0 
10 0 0 0 0 0 
11 0 0 0 0 0 
12 0 0 0 0 0 
13 0 0 0 0 0 
14 0 0 0 0 0 
15 0 0 0 0 0 
0 1 1 0 0 0 
1 1 1 0 0 0 
2 1 1 0 0 0 
3 1 1 0 0 0 
4 1 1 0 0 0 
5 1 1 0 0 0 
6 1 1 0 0 0 
7 1 1 0 0 0 
8 1 1 0 0 0 
9 1 1 0 0 0 
10 1 1 0 0 0 
11 1 1 0 0 0 
12 1 1 0 0 0 
13 1 1 0 0 0 
14 1 1 0 0 0 
15 1 1 0 0 0 
0 2 2 0 0 0 
1 2 2 0 0 0 
2 2 2 0 0 0 
3 2 2 0 0 0 
4 2 2 0 0 0 
5 2 2 0 0 0 
6 2 2 0 0 0 
7 2 2 0 0 0 
8 2 2 0 0 0 
9 2 2 0 0 0 
10 2 2 0 0 0 
11 2 2 0 0 0 
12 2 2 0 0 0 
13 2 2 0 0 0 
14 2 2 0 0 0 
15 2 2 0 0 0 
0 3 3 0 0 0 
1 3 3 0 0 0 
2 3 3 0 0 0 
3 3 3 0 0 0 
4 3 3 0 0 0 
5 3 3 0 0 0 
6 3 3 0 0 0 
7 3 3 0 0 0 
8 3 3 0 0 0 
9 3 3 0 0 0 
10 3 3 0 0 0 
11 3 3 0 0 0 
12 3 3 0 0 0 
13 3 3 0 0 0 
14 3 3 0 0 0 
15 3 3 0 0 0 
0 4 4 0.496473 -0.00167892 0.000297615 
1 4 4 0.501838 -0.00158158 0.000418875 
2 4 4 0.506395 -0.00125257 0.000424374 
3 4 4 0.509547 -0.000798265 0.000332518 
4 4 4 0.51111 -0.000325053 0.00018024 
5 4 4 0.511238 6.47335e-05 1.57417e-05 
6 4 4 0.510332 0.000320693 -0.000127259 
7 4 4 0.50885 0.000442634 -0.000233581 
8 4 4 0.507189 0.00045445 -0.000309793 
9 4 4 0.505626 0.000391216 -0.000358098 
10 4 4 0.504336 0.000286139 -0.000375065 
11 4 4 0.503417 0.000164868 -0.000356774 
12 4 4 0.502905 4.97665e-05 -0.000307858 
13 4 4 0.502755 -2.44123e-05 -0.00025681 
14 4 4 0.502653 0.000220012 -0.000346944 
15 4 4 0.503247 -0.00486807 0.00184812 
0 5 5 1.2682 -0.00901764 0.00414754 
1 5 5 1.27705 -0.0084004 0.00409899 
2 5 5 1.28468 -0.0064008 0.00339658 
3 5 5 1.28974 -0.00364071 0.00225799 
4 5 5 1.2917 -0.000877473 0.00099895 
5 5 5 1.29089 0.00129755 -0.000104928 
6 5 5 1.28821 0.00262919 -0.000907276 
7 5 5 1.28463 0.00315987 -0.00139104 
8 5 5 1.28096 0.00307748 -0.00161019 
9 5 5 1.27771 0.00259324 -0.0016366 
10 5 5 1.27517 0.00188955 -0.0015174 
11 5 5 1.27347 0.00110604 -0.00128218 
12 5 5 1.27262 0.000361006 -0.000973068 
13 5 5 1.27256 -0.000203822 -0.000681056 
14 5 5 1.27329 -0.00018509 -0.000672782 
15 5 5 1.27659 -0.00526088 0.00229649 
0 6 6 1.82807 -0.0123281 0.012214 
1 6 6 1.82529 -0.0127353 0.0119011 
2 6 6 1.8249 -0.0105328 0.00977472 
3 6 6 1.8261 -0.00641005 0.00637445 
4 6 6 1.82761 -0.00167073 0.00268638 
5 6 6 1.82844 0.00238412 -0.000363026 
6 6 6 1.82832 0.00503668 -0.0023366 
7 6 6 1.82743 0.00622197 -0.00329373 
8 6 6 1.8261 0.00623723 -0.00351054 
9 6 6 1.82459 0.00546117 -0.00326095 
10 6 6 1.82307 0.00422593 -0.00272966 
11 6 6 1.82166 0.00279158 -0.00202785 
12 6 6 1.82043 0.00137017 -0.00124925 
13 6 6 1.81949 0.000149959 -0.000514047 
14 6 6 1.81908 -0.000713037 4.66223e-05 
15 6 6 1.81961 -0.00427036 0.00331504 
0 7 7 2.1661 -0.00359383 0.0185035 
1 7 7 2.14935 -0.00533974 0.0191294 
2 7 7 2.13599 -0.00533551 0.016705 
3 7 7 2.12773 -0.00363897 0.0116625 
4 7 7 2.1246 -0.000889309 0.0054905 
5 7 7 2.12532 0.00196867 2.48665e-05 
6 7 7 2.12819 0.00419163 -0.00361104 
7 7 7 2.13184 0.00547392 -0.005335 
8 7 7 2.13536 0.0058496 -0.00563491 
9 7 7 2.13821 0.00550241 -0.0050622 
10 7 7 2.14012 0.00466046 -0.00401087 
11 7 7 2.141 0.00354028 -0.00272328 
12 7 7 2.1409 0.00233672 -0.00137062 
13 7 7 2.13998 0.00121203 -0.000100311 
14 7 7 2.13854 0.000270118 0.00100699 
15 7 7 2.13695 -0.00145953 0.00448087 
0 8 8 2.18796 0.00927629 0.0195678 
1 8 8 2.17072 0.00796578 0.0205745 
2 8 8 2.15657 0.00626383 0.018176 
3 8 8 2.14756 0.00442947 0.0127938 
4 8 8 2.14407 0.00287145 0.00603472 
5 8 8 2.145 0.0019302 -5.82407e-05 
6 8 8 2.14863 0.00164627 -0.00417759 
7 8 8 2.15348 0.00177668 -0.00614499 
8 8 8 2.15844 0.00201481 -0.00644734 
9 8 8 2.16281 0.00215853 -0.00568839 
10 8 8 2.16617 0.00213722 -0.00434332 
11 8 8 2.16828 0.00197958 -0.00272817 
12 8 8 2.16913 0.0017492 -0.00107214 
13 8 8 2.16886 0.00150633 0.000442274 
14 8 8 2.16777 0.00131002 0.00172395 
15 8 8 2.16623 0.00188942 0.00525528 
0 9 9 1.89154 0.0163 0.015925 
1 9 9 1.88756 0.0150436 0.0157147 
2 9 9 1.88595 0.0120885 0.0128901 
3 9 9 1.8866 0.00808649 0.00820745 
4 9 9 1.88861 0.00410251 0.0030666 
5 9 9 1.89106 0.00106128 -0.0011738 
6 9 9 1.89347 -0.000701715 -0.00381818 
7 9 9 1.8957 -0.00138682 -0.00488456 
8 9 9 1.89768 -0.00138406 -0.00476075 
9 9 9 1.89934 -0.00102658 -0.0038922 
10 9 9 1.90056 -0.000516923 -0.00263859 
11 9 9 1.90131 4.52586e-05 -0.00125545 
12 9 9 1.90158 0.000601864 6.71495e-05 
13 9 9 1.9015 0.00108786 0.00116814 
14 9 9 1.90141 0.00145075 0.00193644 
15 9 9 1.90175 0.00433753 0.00516697 
0 10 10 1.36821 0.011699 0.00826581 
1 10 10 1.37734 0.0105457 0.00732148 
2 10 10 1.38542 0.00817439 0.00534962 
3 10 10 1.39137 0.00519612 0.00291589 
4 10 10 1.39474 0.00233819 0.000658712 
5 10 10 1.39583 0.0001341 -0.000969501 
6 10 10 1.39538 -0.00123292 -0.00182167 
7 10 10 1.39415 -0.00185362 -0.00199309 
8 10 10 1.39273 -0.00192956 -0.00169062 
9 10 10 1.39146 -0.00165834 -0.0011276 
10 10 10 1.39052 -0.0011872 -0.000470131 
11 10 10 1.39 -0.000616751 0.000168172 
12 10 10 1.38993 -3.35415e-05 0.000705953 
13 10 10 1.39032 0.000438211 0.0010549 
14 10 10 1.39135 0.000466656 0.00101155 
15 10 10 1.39447 0.00526779 0.00385365 
0 11 11 0.606057 0.00249796 0.00156403 
1 11 11 0.612978 0.00233925 0.00127786 
2 11 11 0.61875 0.0018868 0.000874643 
3 11 11 0.622796 0.00126023 0.000458623 
4 11 11 0.62497 0.000613131 0.000119758 
5 11 11 0.625523 7.03888e-05 -9.4419e-05 
6 11 11 0.624931 -0.000303339 -0.000176304 
7 11 11 0.623704 -0.000505203 -0.000153207 
8 11 11 0.622269 -0.000565941 -6.71028e-05 
9 11 11 0.620928 -0.00052698 4.03332e-05 
10 11 11 0.619867 -0.000422972 0.000142056 
11 11 11 0.619184 -0.000282208 0.000222812 
12 11 11 0.618909 -0.000130922 0.000272999 
13 11 11 0.618999 -1.83558e-05 0.000271384 
14 11 11 0.61917 -0.000288557 6.49729e-05 
15 11 11 0.620693 0.00511139 0.00248621 
0 12 12 0.0787471 9.40793e-05 3.01322e-05 
1 12 12 0.0796882 9.98878e-05 1.96924e-05 
2 12 12 0.0805547 9.11826e-05 1.08014e-05 
3 12 12 0.0812473 6.86981e-05 4.82238e-06 
4 12 12 0.0816869 4.06411e-05 2.5615e-06 
5 12 12 0.0818815 1.33609e-05 3.13185e-06 
6 12 12 0.0818789 -7.71336e-06 6.06664e-06 
7 12 12 0.0817476 -2.11078e-05 1.0065e-05 
8 12 12 0.081553 -2.72153e-05 1.39516e-05 
9 12 12 0.0813459 -2.80936e-05 1.62464e-05 
10 12 12 0.0811604 -2.4929e-05 1.69406e-05 
11 12 12 0.0810172 -1.93087e-05 1.61763e-05 
12 12 12 0.0809266 -1.23901e-05 1.40974e-05 
13 12 12 0.0808859 -7.24358e-06 9.76034e-06 
14 12 12 0.0807912 -3.96392e-05 -2.82181e-06 
15 12 12 0.0796792 0.0017268 0.000964979 
0 13 13 0 0 0 
1 13 13 0 0 0 
2 13 13 0 0 0 
3 13 13 0 0 0 
4 13 13 0 0 0 
5 13 13 0 0 0 
6 13 13 0 0 0 
7 13 13 0 0 0 
8 13 13 0 0 0 
9 13 13 0 0 0 
10 13 13 0 0 0 
11 13 13 0 0 0 
12 13 13 0 0 0 
13 13 13 0 0 0 
14 13 13 0 0 0 
15 13 13 0 0 0 
0 14 14 0 0 0 
1 14 14 0 0 0 
2 14 14 0 0 0 
3 14 14 0 0 0 
4 14 14 0 0 0 
5 14 14 0 0 0 
6 14 14 0 0 0 
7 14 14 0 0 0 
8 14 14 0 0 0 
9 14 14 0 0 0 
10 14 14 0 0 0 
11 14 14 0 0 0 
12 14 14 0 0 0 
13 14 14 0 0 0 
14 14 14 0 0 0 
15 14 14 0 0 0 
0 15 15 0 0 0 
1 15 15 0 0 0 
2 15 15 0 0 0 
3 15 15 0 0 0 
4 15 15 0 0 0 
5 15 15 0 0 0 
6 15 15 0 0 0 
7 15 15 0 0 0 
8 15 15 0 0 0 
9 15 15 0 0 0 
10 15 15 0 0 0 
11 15 15 0 0 0 
12 15 15 0 0 0 
13 15 15 0 0 0 
14 15 15 0 0 0 
15 15 15 0 0 0 
0 0 0 0 0 0 
1 0 0 0 0 0 
2 0 0 0 0 0 
3 0 0 0 0 0 
4 0 0 0 0 0 
5 0 0 0 0 0 
6 0 0 0 0 0 
7 0 0 0 0 0 
8 0 0 0 0 0 
9 0 0 0 0 0 
10 0 0 0 0 0 
11 0 0 0 0 0 
12 0 0 0 0 0 
13 0 0 0 0 0 
14 0 0 0 0 0 
15 0 0 0 0 0 
0 1 1 0 0 0 
1 1 1 0 0 0 
2 1 1 0 0 0 
3 1 1 0 0 0 
4 1 1 0 0 0 
5 1 1 0 0 0 
6 1 1 0 0 0 
7 1 1 0 0 0 
8 1 1 0 0 0 
9 1 1 0 0 0 
10 1 1 0 0 0 
11 1 1 0 0 0 
12 1 1 0 0 0 
13 1 1 0 0 0 
14 1 1 0 0 0 
15 1 1 0 0 0 
0 2 2 0 0 0 
1 2 2 0 0 0 
2 2 2 0 0 0 
3 2 2 0 0 0 
4 2 2 0 0 0 
5 2 2 0 0 0 
6 2 2 0 0 0 
7 2 2 0 0 0 
8 2 2 0 0 0 
9 2 2 0 0 0 
10 2 2 0 0 0 
11 2 2 0 0 0 
12 2 2 0 0 0 
13 2 2 0 0 0 
14 2 2 0 0 0 
15 2 2 0 0 0 
0 3 3 0 0 0 
1 3 3 0 0 0 
2 3 3 0 0 0 
3 3 3 0 0 0 
4 3 3 0 0 0 
5 3 3 0 0 0 
6 3 3 0 0 0 
7 3 3 0 0 0 
8 3 3 0 0 0 
9 3 3 0 0 0 
10 3 3 0 0 0 
11 3 3 0 0 0 
12 3 3 0 0 0 
13 3 3 0 0 0 
14 3 3 0 0 0 
15 3 3 0 0 0 
0 4 4 0.236167 -0.000491244 3.94945e-05 
1 4 4 0.238816 -0.000444666 0.000131321 
2 4 4 0.241196 -0.000348561 0.000166727 
3 4 4 0.242978 -0.000228473 0.000147687 
4 4 4 0.244004 -0.00010976 8.87241e-05 
5 4 4 0.244311 -1.72818e-05 1.35888e-05 
6 4 4 0.244059 3.91975e-05 -5.87533e-05 
7 4 4 0.243459 6.08038e-05 -0.000117191 
8 4 4 0.242709 5.57445e-05 -0.000160309 
9 4 4 0.241957 3.32957e-05 -0.000186976 
10 4 4 0.241303 4.48029e-06 -0.000195882 
11 4 4 0.240806 -2.34946e-05 -0.000186962 
12 4 4 0.240492 -4.55193e-05 -0.000163515 
13 4 4 0.240341 -5.37437e-05 -0.000138619 
14 4 4 0.240104 5.39981e-05 -0.00019475 
15 4 4 0.238831 -0.00333201 0.0021286 
0 5 5 0.740173 -0.00320983 0.0016549 
1 5 5 0.747811 -0.00279873 0.00182349 
2 5 5 0.754176 -0.00203742 0.00163527 
3 5 5 0.758444 -0.00113667 0.00117458 
4 5 5 0.76038 -0.000311814 0.000581759 
5 5 5 0.760291 0.000285821 3.86295e-06 
6 5 5 0.758786 0.000608397 -0.000459416 
7 5 5 0.756537 0.000686725 -0.000772286 
8 5 5 0.754104 0.000590055 -0.000942324 
9 5 5 0.751887 0.000390315 -0.000994446 
10 5 5 0.750116 0.000152326 -0.000950609 
11 5 5 0.748915 -7.84057e-05 -0.000830047 
12 5 5 0.748305 -0.000267141 -0.000660094 
13 5 5 0.748212 -0.00036581 -0.000501419 
14 5 5 0.748317 -6.31313e-05 -0.000672036 
15 5 5 0.750458 -0.00435849 0.00365747 
0 6 6 1.28379 -0.00698935 0.00801097 
1 6 6 1.29268 -0.00623244 0.00767007 
2 6 6 1.30041 -0.00445626 0.00617438 
3 6 6 1.30567 -0.00220737 0.00396779 
4 6 6 1.3079 -9.87496e-05 0.00164287 
5 6 6 1.30744 0.00142503 -0.000314818 
6 6 6 1.30515 0.00220944 -0.00166453 
7 6 6 1.30195 0.00233447 -0.00240377 
8 6 6 1.29862 0.0019922 -0.00264826 
9 6 6 1.29566 0.00138213 -0.00253681 
10 6 6 1.29335 0.000674172 -0.00218477 
11 6 6 1.29181 -9.95969e-06 -0.00167896 
12 6 6 1.29107 -0.000580235 -0.00110591 
13 6 6 1.29106 -0.000947233 -0.000602026 
14 6 6 1.29181 -0.000868491 -0.000560486 
15 6 6 1.2951 -0.00384676 0.00452158 
0 7 7 1.56738 -0.00446676 0.0152274 
1 7 7 1.57251 -0.00431389 0.0143538 
2 7 7 1.57799 -0.00309453 0.0113433 
3 7 7 1.58251 -0.00125649 0.00704006 
4 7 7 1.5851 0.000617617 0.00263507 
5 7 7 1.58558 0.00203721 -0.000894237 
6 7 7 1.58446 0.00277041 -0.00312618 
7 7 7 1.58247 0.00283794 -0.00414038 
8 7 7 1.58022 0.00240596 -0.004242 
9 7 7 1.57812 0.00167907 -0.0037486 
10 7 7 1.57638 0.000844881 -0.00290927 
11 7 7 1.57512 4.7919e-05 -0.00189833 
12 7 7 1.57437 -0.000609154 -0.000863205 
13 7 7 1.57416 -0.00105472 1.88785e-05 
14 7 7 1.57468 -0.00121366 0.000461767 
15 7 7 1.57678 -0.00240814 0.00562948 
0 8 8 1.59061 0.0019569 0.0172059 
1 8 8 1.59554 0.00166308 0.0160671 
2 8 8 1.60092 0.00158729 0.012524 
3 8 8 1.60554 0.00164073 0.00757377 
4 8 8 1.60845 0.00172733 0.00258986 
5 8 8 1.60947 0.00174579 -0.00131105 
6 8 8 1.60904 0.00161913 -0.00366922 
7 8 8 1.6078 0.00132209 -0.00459842 
8 8 8 1.60629 0.000886562 -0.00447609 
9 8 8 1.60485 0.000384325 -0.0036977 
10 8 8 1.60366 -9.96761e-05 -0.00257677 
11 8 8 1.6028 -0.000492891 -0.00133212 
12 8 8 1.60231 -0.000749548 -0.000135784 
13 8 8 1.60224 -0.000863824 0.000828021 
14 8 8 1.60281 -0.000870952 0.00129218 
15 8 8 1.6048 6.30621e-05 0.00636128 
0 9 9 1.35001 0.00531649 0.0123373 
1 9 9 1.35907 0.00502519 0.0110519 
2 9 9 1.36706 0.00424625 0.00823106 
3 9 9 1.37284 0.00314141 0.00467875 
4 9 9 1.37593 0.00195844 0.00131949 
5 9 9 1.3766 0.000907535 -0.00117376 
6 9 9 1.37563 8.37826e-05 -0.00256995 
7 9 9 1.37384 -0.000506231 -0.00298816 
8 9 9 1.37185 -0.000892877 -0.00270639 
9 9 9 1.37007 -0.00110576 -0.00201268 
10 9 9 1.36871 -0.00116364 -0.00113649 
11 9 9 1.36788 -0.00108258 -0.000237219 
12 9 9 1.3676 -0.000891174 0.000564778 
13 9 9 1.36787 -0.00066194 0.00113082 
14 9 9 1.36883 -0.000609321 0.00111613 
15 9 9 1.37201 0.00231854 0.00596985 
0 10 10 0.875411 0.00300914 0.00468172 
1 10 10 0.884725 0.00299 0.00397743 
2 10 10 0.89242 0.00255867 0.00283451 
3 10 10 0.897701 0.00183594 0.00155661 
4 10 10 0.900395 0.00100818 0.000437654 
5 10 10 0.900888 0.000247409 -0.000335725 
6 10 10 0.89987 -0.00034398 -0.000716952 
7 10 10 0.898051 -0.000735873 -0.000765984 
8 10 10 0.896013 -0.000943034 -0.000591945 
9 10 10 0.894157 -0.000998465 -0.000305166 
10 10 10 0.892725 -0.000933897 1.03287e-05 
11 10 10 0.891834 -0.000780156 0.000300565 
12 10 10 0.891514 -0.00057355 0.000528104 
13 10 10 0.8917 -0.000384778 0.00063367 
14 10 10 0.892154 -0.000582555 0.000257741 
15 10 10 0.895332 0.00384528 0.0046536 
0 11 11 0.290708 0.0004215 0.000738263 
1 11 11 0.294173 0.000473146 0.000600142 
2 11 11 0.297185 0.000439036 0.000420352 
3 11 11 0.299401 0.000334161 0.00023992 
4 11 11 0.300687 0.000192585 9.51769e-05 
5 11 11 0.301118 4.88289e-05 3.96522e-06 
6 11 11 0.300908 -6.98685e-05 -2.99363e-05 
7 11 11 0.300312 -0.000152884 -1.86302e-05 
8 11 11 0.299557 -0.000199335 1.93958e-05 
9 11 11 0.298813 -0.000214592 6.46381e-05 
10 11 11 0.298189 -0.000204149 0.000105562 
11 11 11 0.297748 -0.000174745 0.000135465 
12 11 11 0.29751 -0.000133608 0.000150605 
13 11 11 0.297453 -9.60236e-05 0.000140569 
14 11 11 0.297324 -0.000194977 -3.1751e-06 
15 11 11 0.296639 0.00349934 0.00257588 
0 12 12 0 0 0 
1 12 12 0 0 0 
2 12 12 0 0 0 
3 12 12 0 0 0 
4 12 12 0 0 0 
5 12 12 0 0 0 
6 12 12 0 0 0 
7 12 12 0 0 0 
8 12 12 0 0 0 
9 12 12 0 0 0 
10 12 12 0 0 0 
11 12 12 0 0 0 
12 12 12 0 0 0 
13 12 12 0 0 0 
14 12 12 0 0 0 
15 12 12 0 0 0 
0 13 13 0 0 0 
1 13 13 0 0 0 
2 13 13 0 0 0 
3 13 13 0 0 0 
4 13 13 0 0 0 
5 13 13 0 0 0 
6 13 13 0 0 0 
7 13 13 0 0 0 
8 13 13 0 0 0 
9 13 13 0 0 0 
10 13 13 0 0 0 
11 13 13 0 0 0 
12 13 13 0 0 0 
13 13 13 0 0 0 
14 13 13 0 0 0 
15 13 13 0 0 0 
0 14 14 0 0 0 
1 14 14 0 0 0 
2 14 14 0 0 0 
3 14 14 0 0 0 
4 14 14 0 0 0 
5 14 14 0 0 0 
6 14 14 0 0 0 
7 14 14 0 0 0 
8 14 14 0 0 0 
9 14 14 0 0 0 
10 14 14 0 0 0 
11 14 14 0 0 0 
12 14 14 0 0 0 
13 14 14 0 0 0 
14 14 14 0 0 0 
15 14 14 0 0 0 
0 15 15 0 0 0 
1 15 15 0 0 0 
2 15 15 0 0 0 
3 15 15 0 0 0 
4 15 15 0 0 0 
5 15 15 0 0 0 
6 15 15 0 0 0 
7 15 15 0 0 0 
8 15 15 0 0 0 
9 15 15 0 0 0 
10 15 15 0 0 0 
11 15 15 0 0 0 
12 15 15 0 0 0 
13 15 15 0 0 0 
14 15 15 0 0 0 
15 15 15 0 0 0 
0 0 0 0 0 0 
1 0 0 0 0 0 
2 0 0 0 0 0 
3 0 0 0 0 0 
4 0 0 0 0 0 
5 0 0 0 0 0 
6 0 0 0 0 0 
7 0 0 0 0 0 
8 0 0 0 0 0 
9 0 0 0 0 0 
10 0 0 0 0 0 
11 0 0 0 0 0 
12 0 0 0 0 0 
13 0 0 0 0 0 
14 0 0 0 0 0 
15 0 0 0 0 0 
0 1 1 0 0 0 
1 1 1 0 0 0 
2 1 1 0 0 0 
3 1 1 0 0 0 
4 1 1 0 0 0 
5 1 1 0 0 0 
6 1 1 0 0 0 
7 1 1 0 0 0 
8 1 1 0 0 0 
9 1 1 0 0 0 
10 1 1 0 0 0 
11 1 1 0 0 0 
12 1 1 0 0 0 
13 1 1 0 0 0 
14 1 1 0 0 0 
15 1 1 0 0 0 
0 2 2 0 0 0 
1 2 2 0 0 0 
2 2 2 0 0 0 
3 2 2 0 0 0 
4 2 2 0 0 0 
5 2 2 0 0 0 
6 2 2 0 0 0 
7 2 2 0 0 0 
8 2 2 0 0 0 
9 2 2 0 0 0 
10 2 2 0 0 0 
11 2 2 0 0 0 
12 2 2 0 0 0 
13 2 2 0 0 0 
14 2 2 0 0 0 
15 2 2 0 0 0 
0 3 3 0 0 0 
1 3 3 0 0 0 
2 3 3 0 0 0 
3 3 3 0 0 0 
4 3 3 0 0 0 
5 3 3 0 0 0 
6 3 3 0 0 0 
7 3 3 0 0 0 
8 3 3 0 0 0 
9 3 3 0 0 0 
10 3 3 0 0 0 
11 3 3 0 0 0 
12 3 3 0 0 0 
13 3 3 0 0 0 
14 3 3 0 0 0 
15 3 3 0 0 0 
0 4 4 0 0 0 
1 4 4 0 0 0 
2 4 4 0 0 0 
3 4 4 0 0 0 
4 4 4 0 0 0 
5 4 4 0 0 0 
6 4 4 0 0 0 
7 4 4 0 0 0 
8 4 4 0 0 0 
9 4 4 0 0 0 
10 4 4 0 0 0 
11 4 4 0 0 0 
12 4 4 0 0 0 
13 4 4 0 0 0 
14 4 4 0 0 0 
15 4 4 0 0 0 
0 5 5 0.244674 -0.000611389 0.000146151 
1 5 5 0.24744 -0.000489379 0.000236748 
2 5 5 0.249918 -0.000340136 0.000256632 
3 5 5 0.25177 -0.000194013 0.000213348 
4 5 5 0.252839 -7.96415e-05 0.000124639 
5 5 5 0.253163 -1.18729e-05 2.18664e-05 
6 5 5 0.25291 1.12802e-05 -7.09064e-05 
7 5 5 0.2523 -1.06628e-06 -0.000141618 
8 5 5 0.251534 -3.49713e-05 -0.000187252 
9 5 5 0.25077 -7.72689e-05 -0.000209773 
10 5 5 0.250109 -0.000115636 -0.000210996 
11 5 5 0.249611 -0.000142889 -0.000193995 
12 5 5 0.2493 -0.00015488 -0.000163377 
13 5 5 0.249157 -0.000144913 -0.000131654 
14 5 5 0.248928 -3.07951e-05 -0.000202328 
15 5 5 0.247671 -0.00239735 0.00324537 
0 6 6 0.514786 -0.00160097 0.0013181 
1 6 6 0.520387 -0.00120937 0.00140389 
2 6 6 0.52512 -0.000750534 0.00122923 
3 6 6 0.5284 -0.000329574 0.000873382 
4 6 6 0.530066 -2.76251e-05 0.00043175 
5 6 6 0.530274 0.000121995 8.79429e-06 
6 6 6 0.529431 0.000133657 -0.000318264 
7 6 6 0.528007 4.65308e-05 -0.000528741 
8 6 6 0.526395 -9.18435e-05 -0.000630349 
9 6 6 0.524888 -0.000241654 -0.000645871 
10 6 6 0.523662 -0.000369882 -0.000595105 
11 6 6 0.522813 -0.00045796 -0.000497251 
12 6 6 0.522365 -0.000497001 -0.000373206 
13 6 6 0.522273 -0.000477028 -0.000265643 
14 6 6 0.522241 -0.000264595 -0.00044748 
15 6 6 0.522936 -0.00258798 0.00478223 
0 7 7 0.79445 -0.00194707 0.00394521 
1 7 7 0.802709 -0.00130919 0.00375753 
2 7 7 0.809534 -0.000621218 0.00301544 
3 7 7 0.814123 -5.87505e-05 0.00194338 
4 7 7 0.816263 0.000284515 0.000821233 
5 7 7 0.816317 0.000379229 -0.000129452 
6 7 7 0.81492 0.000264466 -0.000783248 
7 7 7 0.812766 1.90825e-05 -0.00113221 
8 7 7 0.810429 -0.000275784 -0.00122876 
9 7 7 0.808309 -0.000555594 -0.00114542 
10 7 7 0.806649 -0.000774053 -0.000945595 
11 7 7 0.805563 -0.000906061 -0.00067974 
12 7 7 0.805072 -0.000944771 -0.000395678 
13 7 7 0.805105 -0.000895475 -0.000179282 
14 7 7 0.805399 -0.00069792 -0.000486441 
15 7 7 0.807764 -0.00177147 0.00578843 
0 8 8 0.838355 -0.00102177 0.0050097 
1 8 8 0.847152 -0.000417108 0.00452148 
2 8 8 0.854418 0.00011137 0.00345858 
3 8 8 0.859325 0.000442342 0.00211266 
4 8 8 0.861673 0.000535601 0.000811495 
5 8 8 0.86184 0.000412874 -0.000205942 
6 8 8 0.860499 0.000142141 -0.000836281 
7 8 8 0.858369 -0.000194869 -0.00110315 
8 8 8 0.856042 -0.000526357 -0.00109248 
9 8 8 0.853933 -0.000799931 -0.000904385 
10 8 8 0.85229 -0.000983046 -0.000621549 
11 8 8 0.851234 -0.00106161 -0.000304391 
12 8 8 0.850787 -0.00103861 -3.71842e-06 
13 8 8 0.850873 -0.000934544 0.000193656 
14 8 8 0.851244 -0.000815837 -0.000192504 
15 8 8 0.853875 0.000273734 0.00609606 
0 9 9 0.581813 -7.53244e-06 0.00274746 
1 9 9 0.588309 0.000349818 0.0023962 
2 9 9 0.59375 0.000552701 0.00178006 
3 9 9 0.597536 0.000569669 0.00105989 
4 9 9 0.599502 0.000429062 0.000400331 
5 9 9 0.599878 0.000190278 -8.56148e-05 
6 9 9 0.599124 -8.38585e-05 -0.000358016 
7 9 9 0.597744 -0.000341374 -0.000440348 
8 9 9 0.596163 -0.000549084 -0.000386865 
9 9 9 0.59469 -0.00068721 -0.000256177 
10 9 9 0.593517 -0.000750962 -9.52447e-05 
11 9 9 0.592738 -0.000741942 6.43372e-05 
12 9 9 0.592381 -0.000671228 0.00019914 
13 9 9 0.592398 -0.0005689 0.000266969 
14 9 9 0.592518 -0.000589742 -4.32603e-05 
15 9 9 0.593786 0.00181275 0.00537684 
0 10 10 0.273537 8.18812e-05 0.00074714 
1 10 10 0.276768 0.000221877 0.000630866 
2 10 10 0.279595 0.000280683 0.000461332 
3 10 10 0.281685 0.000255383 0.000278347 
4 10 10 0.282899 0.00016787 0.000120648 
5 10 10 0.283302 4.95876e-05 1.17277e-05 
6 10 10 0.283091 -7.02572e-05 -4.08072e-05 
7 10 10 0.282508 -0.000171809 -4.57032e-05 
8 10 10 0.281768 -0.00024474 -1.97448e-05 
9 10 10 0.281036 -0.000287083 2.07669e-05 
10 10 10 0.280421 -0.000297656 6.1312e-05 
11 10 10 0.279979 -0.000281067 9.52694e-05 
12 10 10 0.279732 -0.000243872 0.000118376 
13 10 10 0.279657 -0.000202632 0.000120544 
14 10 10 0.279505 -0.000269669 -1.79847e-05 
15 10 10 0.278727 0.00225096 0.00356103 
0 11 11 0 0 0 
1 11 11 0 0 0 
2 11 11 0 0 0 
3 11 11 0 0 0 
4 11 11 0 0 0 
5 11 11 0 0 0 
6 11 11 0 0 0 
7 11 11 0 0 0 
8 11 11 0 0 0 
9 11 11 0 0 0 
10 11 11 0 0 0 
11 11 11 0 0 0 
12 11 11 0 0 0 
13 11 11 0 0 0 
14 11 11 0 0 0 
15 11 11 0 0 0 
0 12 12 0 0 0 
1 12 12 0 0 0 
2 12 12 0 0 0 
3 12 12 0 0 0 
4 12 12 0 0 0 
5 12 12 0 0 0 
6 12 12 0 0 0 
7 12 12 0 0 0 
8 12 12 0 0 0 
9 12 12 0 0 0 
10 12 12 0 0 0 
11 12 12 0 0 0 
12 12 12 0 0 0 
13 12 12 0 0 0 
14 12 12 0 0 0 
15 12 12 0 0 0 
0 13 13 0 0 0 
1 13 13 0 0 0 
2 13 13 0 0 0 
3 13 13 0 0 0 
4 13 13 0 0 0 
5 13 13 0 0 0 
6 13 13 0 0 0 
7 13 13 0 0 0 
8 13 13 0 0 0 
9 13 13 0 0 0 
10 13 13 0 0 0 
11 13 13 0 0 0 
12 13 13 0 0 0 
13 13 13 0 0 0 
14 13 13 0 0 0 
15 13 13 0 0 0 
0 14 14 0 0 0 
1 14 14 0 0 0 
2 14 14 0 0 0 
3 14 14 0 0 0 
4 14 14 0 0 0 
5 14 14 0 0 0 
6 14 14 0 0 0 
7 14 14 0 0 0 
8 14 14 0 0 0 
9 14 14 0 0 0 
10 14 14 0 0 0 
11 14 14 0 0 0 
12 14 14 0 0 0 
13 14 14 0 0 0 
14 14 14 0 0 0 
15 14 14 0 0 0 
0 15 15 0 0 0 
1 15 15 0 0 0 
2 15 15 0 0 0 
3 15 15 0 0 0 
4 15 15 0 0 0 
5 15 15 0 0 0 
6 15 15 0 0 0 
7 15 15 0 0 0 
8 15 15 0 0 0 
9 15 15 0 0 0 
10 15 15 0 0 0 
11 15 15 0 0 0 
12 15 15 0 0 0 
13 15 15 0 0 0 
14 15 15 0 0 0 
15 15 15 0 0 0 
0 0 0 0 0 0 
1 0 0 0 0 0 
2 0 0 0 0 0 
3 0 0 0 0 0 
4 0 0 0 0 0 
5 0 0 0 0 0 
6 0 0 0 0 0 
7 0 0 0 0 0 
8 0 0 0 0 0 
9 0 0 0 0 0 
10 0 0 0 0 0 
11 0 0 0 0 0 
12 0 0 0 0 0 
13 0 0 0 0 0 
14 0 0 0 0 0 
15 0 0 0 0 0 
0 1 1 0 0 0 
1 1 1 0 0 0 
2 1 1 0 0 0 
3 1 1 0 0 0 
4 1 1 0 0 0 
5 1 1 0 0 0 
6 1 1 0 0 0 
7 1 1 0 0 0 
8 1 1 0 0 0 
9 1 1 0 0 0 
10 1 1 0 0 0 
11 1 1 0 0 0 
12 1 1 0 0 0 
13 1 1 0 0 0 
14 1 1 0 0 0 
15 1 1 0 0 0 
0 2 2 0 0 0 
1 2 2 0 0 0 
2 2 2 0 0 0 
3 2 2 0 0 0 
4 2 2 0 0 0 
5 2 2 0 0 0 
6 2 2 0 0 0 
7 2 2 0 0 0 
8 2 2 0 0 0 
9 2 2 0 0 0 
10 2 2 0 0 0 
11 2 2 0 0 0 
12 2 2 0 0 0 
13 2 2 0 0 0 
14 2 2 0 0 0 
15 2 2 0 0 0 
0 3 3 0 0 0 
1 3 3 0 0 0 
2 3 3 0 0 0 
3 3 3 0 0 0 
4 3 3 0 0 0 
5 3 3 0 0 0 
6 3 3 0 0 0 
7 3 3 0 0 0 
8 3 3 0 0 0 
9 3 3 0 0 0 
10 3 3 0 0 0 
11 3 3 0 0 0 
12 3 3 0 0 0 
13 3 3 0 0 0 
14 3 3 0 0 0 
15 3 3 0 0 0 
0 4 4 0 0 0 
1 4 4 0 0 0 
2 4 4 0 0 0 
3 4 4 0 0 0 
4 4 4 0 0 0 
5 4 4 0 0 0 
6 4 4 0 0 0 
7 4 4 0 0 0 
8 4 4 0 0 0 
9 4 4 0 0 0 
10 4 4 0 0 0 
11 4 4 0 0 0 
12 4 4 0 0 0 
13 4 4 0 0 0 
14 4 4 0 0 0 
15 4 4 0 0 0 
0 5 5 0 0 0 
1 5 5 0 0 0 
2 5 5 0 0 0 
3 5 5 0 0 0 
4 5 5 0 0 0 
5 5 5 0 0 0 
6 5 5 0 0 0 
7 5 5 0 0 0 
8 5 5 0 0 0 
9 5 5 0 0 0 
10 5 5 0 0 0 
11 5 5 0 0 0 
12 5 5 0 0 0 
13 5 5 0 0 0 
14 5 5 0 0 0 
15 5 5 0 0 0 
0 6 6 0 0 0 
1 6 6 0 0 0 
2 6 6 0 0 0 
3 6 6 0 0 0 
4 6 6 0 0 0 
5 6 6 0 0 0 
6 6 6 0 0 0 
7 6 6 0 0 0 
8 6 6 0 0 0 
9 6 6 0 0 0 
10 6 6 0 0 0 
11 6 6 0 0 0 
12 6 6 0 0 0 
13 6 6 0 0 0 
14 6 6 0 0 0 
15 6 6 0 0 0 
0 7 7 0.148027 -0.000195594 0.000173143 
1 7 7 0.149745 -0.000100606 0.000196856 
2 7 7 0.151322 -3.08242e-05 0.000182842 
3 7 7 0.152544 3.80427e-06 0.000137935 
4 7 7 0.153295 8.6187e-06 7.8378e-05 
5 7 7 0.153589 -1.17033e-05 1.83607e-05 
6 7 7 0.153514 -4.57361e-05 -2.94847e-05 
7 7 7 0.153202 -8.34159e-05 -6.11896e-05 
8 7 7 0.152775 -0.000116928 -7.69894e-05 
9 7 7 0.152333 -0.000141681 -8.07236e-05 
10 7 7 0.151942 -0.000154202 -7.49686e-05 
11 7 7 0.151641 -0.000153678 -6.2716e-05 
12 7 7 0.151446 -0.00014155 -4.69083e-05 
13 7 7 0.151348 -0.000122166 -3.51256e-05 
14 7 7 0.151169 -9.47343e-05 -9.93058e-05 
15 7 7 0.149772 -0.000774795 0.00296921 
0 8 8 0.158473 -0.000270705 0.000267195 
1 8 8 0.160332 -0.000158738 0.000257981 
2 8 8 0.162029 -6.98812e-05 0.000215752 
3 8 8 0.163336 -1.59931e-05 0.00015188 
4 8 8 0.164136 2.82398e-06 8.35866e-05 
5 8 8 0.164444 -9.0028e-06 2.39742e-05 
6 8 8 0.164359 -4.00665e-05 -1.69617e-05 
7 8 8 0.164023 -7.90913e-05 -3.85542e-05 
8 8 8 0.163568 -0.000116429 -4.39594e-05 
9 8 8 0.163098 -0.000145745 -3.91991e-05 
10 8 8 0.162686 -0.000162503 -2.82742e-05 
11 8 8 0.162371 -0.000165192 -1.47728e-05 
12 8 8 0.162172 -0.00015461 -1.3556e-06 
13 8 8 0.162076 -0.000133079 4.66612e-06 
14 8 8 0.161897 -0.000104859 -7.28386e-05 
15 8 8 0.160521 0.000486698 0.00316676 
0 9 9 0 0 0 
1 9 9 0 0 0 
2 9 9 0 0 0 
3 9 9 0 0 0 
4 9 9 0 0 0 
5 9 9 0 0 0 
6 9 9 0 0 0 
7 9 9 0 0 0 
8 9 9 0 0 0 
9 9 9 0 0 0 
10 9 9 0 0 0 
11 9 9 0 0 0 
12 9 9 0 0 0 
13 9 9 0 0 0 
14 9 9 0 0 0 
15 9 9 0 0 0 
0 10 10 0 0 0 
1 10 10 0 0 0 
2 10 10 0 0 0 
3 10 10 0 0 0 
4 10 10 0 0 0 
5 10 10 0 0 0 
6 10 10 0 0 0 
7 10 10 0 0 0 
8 10 10 0 0 0 
9 10 10 0 0 0 
10 10 10 0 0 0 
11 10 10 0 0 0 
12 10 10 0 0 0 
13 10 10 0 0 0 
14 10 10 0 0 0 
15 10 10 0 0 0 
0 11 11 0 0 0 
1 11 11 0 0 0 
2 11 11 0 0 0 
3 11 11 0 0 0 
4 11 11 0 0 0 
5 11 11 0 0 0 
6 11 11 0 0 0 
7 11 11 0 0 0 
8 11 11 0 0 0 
9 11 11 0 0 0 
10 11 11 0 0 0 
11 11 11 0 0 0 
12 11 11 0 0 0 
13 11 11 0 0 0 
14 11 11 0 0 0 
15 11 11 0 0 0 
0 12 12 0 0 0 
1 12 12 0 0 0 
2 12 12 0 0 0 
3 12 12 0 0 0 
4 12 12 0 0 0 
5 12 12 0 0 0 
6 12 12 0 0 0 
7 12 12 0 0 0 
8 12 12 0 0 0 
9 12 12 0 0 0 
10 12 12 0 0 0 
11 12 12 0 0 0 
12 12 12 0 0 0 
13 12 12 0 0 0 
14 12 12 0 0 0 
15 12 12 0 0 0 
0 13 13 0 0 0 
1 13 13 0 0 0 
2 13 13 0 0 0 
3 13 13 0 0 0 
4 13 13 0 0 0 
5 13 13 0 0 0 
6 13 13 0 0 0 
7 13 13 0 0 0 
8 13 13 0 0 0 
9 13 13 0 0 0 
10 13 13 0 0 0 
11 13 13 0 0 0 
12 13 13 0 0 0 
13 13 13 0 0 0 
14 13 13 0 0 0 
15 13 13 0 0 0 
0 14 14 0 0 0 
1 14 14 0 0 0 
2 14 14 0 0 0 
3 14 14 0 0 0 
4 14 14 0 0 0 
5 14 14 0 0 0 
6 14 14 0 0 0 
7 14 14 0 0 0 
8 14 14 0 0 0 
9 14 14 0 0 0 
10 14 14 0 0 0 
11 14 14 0 0 0 
12 14 14 0 0 0 
13 14 14 0 0 0 
14 14 14 0 0 0 
15 14 14 0 0 0 
0 15 15 0 0 0 
1 15 15 0 0 0 
2 15 15 0 0 0 
3 15 15 0 0 0 
4 15 15 0 0 0 
5 15 15 0 0 0 
6 15 15 0 0 0 
7 15 15 0 0 0 
8 15 15 0 0 0 
9 15 15 0 0 0 
10 15 15 0 0 0 
11 15 15 0 0 0 
12 15 15 0 0 0 
13 15 15 0 0 0 
14 15 15 0 0 0 
15 15 15 0 0 0 
0 0 0 0 0 0 
1 0 0 0 0 0 
2 0 0 0 0 0 
3 0 0 0 0 0 
4 0 0 0 0 0 
5 0 0 0 0 0 
6 0 0 0 0 0 
7 0 0 0 0 0 
8 0 0 0 0 0 
9 0 0 0 0 0 
10 0 0 0 0 0 
11 0 0 0 0 0 
12 0 0 0 0 0 
13 0 0 0 0 0 
14 0 0 0 0 0 
15 0 0 0 0 0 
0 1 1 0 0 0 
1 1 1 0 0 0 
2 1 1 0 0 0 
3 1 1 0 0 0 
4 1 1 0 0 0 
5 1 1 0 0 0 
6 1 1 0 0 0 
7 1 1 0 0 0 
8 1 1 0 0 0 
9 1 1 0 0 0 
10 1 1 0 0 0 
11 1 1 0 0 0 
12 1 1 0 0 0 
13 1 1 0 0 0 
14 1 1 0 0 0 
15 1 1 0 0 0 
0 2 2 0 0 0 
1 2 2 0 0 0 
2 2 2 0 0 0 
3 2 2 0 0 0 
4 2 2 0 0 0 
5 2 2 0 0 0 
6 2 2 0 0 0 
7 2 2 0 0 0 
8 2 2 0 0 0 
9 2 2 0 0 0 
10 2 2 0 0 0 
11 2 2 0 0 0 
12 2 2 0 0 0 
13 2 2 0 0 0 
14 2 2 0 0 0 
15 2 2 0 0 0 
0 3 3 0 0 0 
1 3 3 0 0 0 
2 3 3 0 0 0 
3 3 3 0 0 0 
4 3 3 0 0 0 
5 3 3 0 0 0 
6 3 3 0 0 0 
7 3 3 0 0 0 
8 3 3 0 0 0 
9 3 3 0 0 0 
10 3 3 0 0 0 
11 3 3 0 0 0 
12 3 3 0 0 0 
13 3 3 0 0 0 
14 3 3 0 0 0 
15 3 3 0 0 0 
0 4 4 0 0 0 
1 4 4 0 0 0 
2 4 4 0 0 0 
3 4 4 0 0 0 
4 4 4 0 0 0 
5 4 4 0 0 0 
6 4 4 0 0 0 
7 4 4 0 0 0 
8 4 4 0 0 0 
9 4 4 0 0 0 
10 4 4 0 0 0 
11 4 4 0 0 0 
12 4 4 0 0 0 
13 4 4 0 0 0 
14 4 4 0 0 0 
15 4 4 0 0 0 
0 5 5 0 0 0 
1 5 5 0 0 0 
2 5 5 0 0 0 
3 5 5 0 0 0 
4 5 5 0 0 0 
5 5 5 0 0 0 
6 5 5 0 0 0 
7 5 5 0 0 0 
8 5 5 0 0 0 
9 5 5 0 0 0 
10 5 5 0 0 0 
11 5 5 0 0 0 
12 5 5 0 0 0 
13 5 5 0 0 0 
14 5 5 0 0 0 
15 5 5 0 0 0 
0 6 6 0 0 0 
1 6 6 0 0 0 
2 6 6 0 0 0 
3 6 6 0 0 0 
4 6 6 0 0 0 
5 6 6 0 0 0 
6 6 6 0 0 0 
7 6 6 0 0 0 
8 6 6 0 0 0 
9 6 6 0 0 0 
10 6 6 0 0 0 
11 6 6 0 0 0 
12 6 6 0 0 0 
13 6 6 0 0 0 
14 6 6 0 0 0 
15 6 6 0 0 0 
0 7 7 0 0 0 
1 7 7 0 0 0 
2 7 7 0 0 0 
3 7 7 0 0 0 
4 7 7 0 0 0 
5 7 7 0 0 0 
6 7 7 0 0 0 
7 7 7 0 0 0 
8 7 7 0 0 0 
9 7 7 0 0 0 
10 7 7 0 0 0 
11 7 7 0 0 0 
12 7 7 0 0 0 
13 7 7 0 0 0 
14 7 7 0 0 0 
15 7 7 0 0 0 
0 8 8 0 0 0 
1 8 8 0 0 0 
2 8 8 0 0 0 
3 8 8 0 0 0 
4 8 8 0 0 0 
5 8 8 0 0 0 
6 8 8 0 0 0 
7 8 8 0 0 0 
8 8 8 0 0 0 
9 8 8 0 0 0 
10 8 8 0 0 0 
11 8 8 0 0 0 
12 8 8 0 0 0 
13 8 8 0 0 0 
14 8 8 0 0 0 
15 8 8 0 0 0 
0 9 9 0 0 0 
1 9 9 0 0 0 
2 9 9 0 0 0 
3 9 9 0 0 0 
4 9 9 0 0 0 
5 9 9 0 0 0 
6 9 9 0 0 0 
7 9 9 0 0 0 
8 9 9 0 0 0 
9 9 9 0 0 0 
10 9 9 0 0 0 
11 9 9 0 0 0 
12 9 9 0 0 0 
13 9 9 0 0 0 
14 9 9 0 0 0 
15 9 9 0 0 0 
0 10 10 0 0 0 
1 10 10 0 0 0 
2 10 10 0 0 0 
3 10 10 0 0 0 
4 10 10 0 0 0 
5 10 10 0 0 0 
6 10 10 0 0 0 
7 10 10 0 0 0 
8 10 10 0 0 0 
9 10 10 0 0 0 
10 10 10 0 0 0 
11 10 10 0 0 0 
12 10 10 0 0 0 
13 10 10 0 0 0 
14 10 10 0 0 0 
15 10 10 0 0 0 
0 11 11 0 0 0 
1 11 11 0 0 0 
2 11 11 0 0 0 
3 11 11 0 0 0 
4 11 11 0 0 0 
5 11 11 0 0 0 
6 11 11 0 0 0 
7 11 11 0 0 0 
8 11 11 0 0 0 
9 11 11 0 0 0 
10 11 11 0 0 0 
11 11 11 0 0 0 
12 11 11 0 0 0 
13 11 11 0 0 0 
14 11 11 0 0 0 
15 11 11 0 0 0 
0 12 12 0 0 0 
1 12 12 0 0 0 
2 12 12 0 0 0 
3 12 12 0 0 0 
4 12 12 0 0 0 
5 12 12 0 0 0 
6 12 12 0 0 0 
7 12 12 0 0 0 
8 12 12 0 0 0 
9 12 12 0 0 0 
10 12 12 0 0 0 
11 12 12 0 0 0 
12 12 12 0 0 0 
13 12 12 0 0 0 
14 12 12 0 0 0 
15 12 12 0 0 0 
0 13 13 0 0 0 
1 13 13 0 0 0 
2 13 13 0 0 0 
3 13 13 0 0 0 
4 13 13 0 0 0 
5 13 13 0 0 0 
6 13 13 0 0 0 
7 13 13 0 0 0 
8 13 13 0 0 0 
9 13 13 0 0 0 
10 13 13 0 0 0 
11 13 13 0 0 0 
12 13 13 0 0 0 
13 13 13 0 0 0 
14 13 13 0 0 0 
15 13 13 0 0 0 
0 14 14 0 0 0 
1 14 14 0 0 0 
2 14 14 0 0 0 
3 14 14 0 0 0 
4 14 14 0 0 0 
5 14 14 0 0 0 
6 14 14 0 0 0 
7 14 14 0 0 0 
8 14 14 0 0 0 
9 14 14 0 0 0 
10 14 14 0 0 0 
11 14 14 0 0 0 
12 14 14 0 0 0 
13 14 14 0 0 0 
14 14 14 0 0 0 
15 14 14 0 0 0 
0 15 15 0 0 0 
1 15 15 0 0 0 
2 15 15 0 0 0 
3 15 15 0 0 0 
4 15 15 0 0 0 
5 15 15 0 0 0 
6 15 15 0 0 0 
7 15 15 0 0 0 
8 15 15 0 0 0 
9 15 15 0 0 0 
10 15 15 0 0 0 
11 15 15 0 0 0 
12 15 15 0 0 0 
13 15 15 0 0 0 
14 15 15 0 0 0 
15 15 15 0 0 0 
0 0 0 0 0 0 
1 0 0 0 0 0 
2 0 0 0 0 0 
3 0 0 0 0 0 
4 0 0 0 0 0 
5 0 0 0 0 0 
6 0 0 0 0 0 
7 0 0 0 0 0 
8 0 0 0 0 0 
9 0 0 0 0 0 
10 0 0 0 0 0 
11 0 0 0 0 0 
12 0 0 0 0 0 
13 0 0 0 0 0 
14 0 0 0 0 0 
15 0 0 0 0 0 
0 1 1 0 0 0 
1 1 1 0 0 0 
2 1 1 0 0 0 
3 1 1 0 0 0 
4 1 1 0 0 0 
5 1 1 0 0 0 
6 1 1 0 0 0 
7 1 1 0 0 0 
8 1 1 0 0 0 
9 1 1 0 0 0 
10 1 1 0 0 0 
11 1 1 0 0 0 
12 1 1 0 0 0 
13 1 1 0 0 0 
14 1 1 0 0 0 
15 1 1 0 0 0 
0 2 2 0 0 0 
1 2 2 0 0 0 
2 2 2 0 0 0 
3 2 2 0 0 0 
4 2 2 0 0 0 
5 2 2 0 0 0 
6 2 2 0 0 0 
7 2 2 0 0 0 
8 2 2 0 0 0 
9 2 2 0 0 0 
10 2 2 0 0 0 
11 2 2 0 0 0 
12 2 2 0 0 0 
13 2 2 0 0 0 
14 2 2 0 0 0 
15 2 2 0 0 0 
0 3 3 0 0 0 
1 3 3 0 0 0 
2 3 3 0 0 0 
3 3 3 0 0 0 
4 3 3 0 0 0 
5 3 3 0 0 0 
6 3 3 0 0 0 
7 3 3 0 0 0 
8 3 3 0 0 0 
9 3 3 0 0 0 
10 3 3 0 0 0 
11 3 3 0 0 0 
12 3 3 0 0 0 
13 3 3 0 0 0 
14 3 3 0 0 0 
15 3 3 0 0 0 
0 4 4 0 0 0 
1 4 4 0 0 0 
2 4 4 0 0 0 
3 4 4 0 0 0 
4 4 4 0 0 0 
5 4 4 0 0 0 
6 4 4 0 0 0 
7 4 4 0 0 0 
8 4 4 0 0 0 
9 4 4 0 0 0 
10 4 4 0 0 0 
11 4 4 0 0 0 
12 4 4 0 0 0 
13 4 4 0 0 0 
14 4 4 0 0 0 
15 4 4 0 0 0 
0 5 5 0 0 0 
1 5 5 0 0 0 
2 5 5 0 0 0 
3 5 5 0 0 0 
4 5 5 0 0 0 
5 5 5 0 0 0 
6 5 5 0 0 0 
7 5 5 0 0 0 
8 5 5 0 0 0 
9 5 5 0 0 0 
10 5 5 0 0 0 
11 5 5 0 0 0 
12 5 5 0 0 0 
13 5 5 0 0 0 
14 5 5 0 0 0 
15 5 5 0 0 0 
0 6 6 0 0 0 
1 6 6 0 0 0 
2 6 6 0 0 0 
3 6 6 0 0 0 
4 6 6 0 0 0 
5 6 6 0 0 0 
6 6 6 0 0 0 
7 6 6 0 0 0 
8 6 6 0 0 0 
9 6 6 0 0 0 
10 6 6 0 0 0 
11 6 6 0 0 0 
12 6 6 0 0 0 
13 6 6 0 0 0 
14 6 6 0 0 0 
15 6 6 0 0 0 
0 7 7 0 0 0 
1 7 7 0 0 0 
2 7 7 0 0 0 
3 7 7 0 0 0 
4 7 7 0 0 0 
5 7 7 0 0 0 
6 7 7 0 0 0 
7 7 7 0 0 0 
8 7 7 0 0 0 
9 7 7 0 0 0 
10 7 7 0 0 0 
11 7 7 0 0 0 
12 7 7 0 0 0 
13 7 7 0 0 0 
14 7 7 0 0 0 
15 7 7 0 0 0 
0 8 8 0 0 0 
1 8 8 0 0 0 
2 8 8 0 0 0 
3 8 8 0 0 0 
4 8 8 0 0 0 
5 8 8 0 0 0 
6 8 8 0 0 0 
7 8 8 0 0 0 
8 8 8 0 0 0 
9 8 8 0 0 0 
10 8 8 0 0 0 
11 8 8 0 0 0 
12 8 8 0 0 0 
13 8 8 0 0 0 
14 8 8 0 0 0 
15 8 8 0 0 0 
0 9 9 0 0 0 
1 9 9 0 0 0 
2 9 9 0 0 0 
3 9 9 0 0 0 
4 9 9 0 0 0 
5 9 9 0 0 0 
6 9 9 0 0 0 
7 9 9 0 0 0 
8 9 9 0 0 0 
9 9 9 0 0 0 
10 9 9 0 0 0 
11 9 9 0 0 0 
12 9 9 0 0 0 
13 9 9 0 0 0 
14 9 9 0 0 0 
15 9 9 0 0 0 
0 10 10 0 0 0 
1 10 10 0 0 0 
2 10 10 0 0 0 
3 10 10 0 0 0 
4 10 10 0 0 0 
5 10 10 0 0 0 
6 10 10 0 0 0 
7 10 10 0 0 0 
8 10 10 0 0 0 
9 10 10 0 0 0 
10 10 10 0 0 0 
11 10 10 0 0 0 
12 10 10 0 0 0 
13 10 10 0 0 0 
14 10 10 0 0 0 
15 10 10 0 0 0 
0 11 11 0 0 0 
1 11 11 0 0 0 
2 11 11 0 0 0 
3 11 11 0 0 0 
4 11 11 0 0 0 
5 11 11 0 0 0 
6 11 11 0 0 0 
7 11 11 0 0 0 
8 11 11 0 0 0 
9 11 11 0 0 0 
10 11 11 0 0 0 
11 11 11 0 0 0 
12 11 11 0 0 0 
13 11 11 0 0 0 
14 11 11 0 0 0 
15 11 11 0 0 0 
0 12 12 0 0 0 
1 12 12 0 0 0 
2 12 12 0 0 0 
3 12 12 0 0 0 
4 12 12 0 0 0 
5 12 12 0 0 0 
6 12 12 0 0 0 
7 12 12 0 0 0 
8 12 12 0 0 0 
9 12 12 0 0 0 
10 12 12 0 0 0 
11 12 12 0 0 0 
12 12 12 0 0 0 
13 12 12 0 0 0 
14 12 12 0 0 0 
15 12 12 0 0 0 
0 13 13 0 0 0 
1 13 13 0 0 0 
2 13 13 0 0 0 
3 13 13 0 0 0 
4 13 13 0 0 0 
5 13 13 0 0 0 
6 13 13 0 0 0 
7 13 13 0 0 0 
8 13 13 0 0 0 
9 13 13 0 0 0 
10 13 13 0 0 0 
11 13 13 0 0 0 
12 13 13 0 0 0 
13 13 13 0 0 0 
14 13 13 0 0 0 
15 13 13 0 0 0 
0 14 14 0 0 0 
1 14 14 0 0 0 
2 14 14 0 0 0 
3 14 14 0 0 0 
4 14 14 0 0 0 
5 14 14 0 0 0 
6 14 14 0 0 0 
7 14 14 0 0 0 
8 14 14 0 0 0 
9 14 14 0 0 0 
10 14 14 0 0 0 
11 14 14 0 0 0 
12 14 14 0 0 0 
13 14 14 0 0 0 
14 14 14 0 0 0 
15 14 14 0 0 0 
0 15 15 0 0 0 
1 15 15 0 0 0 
2 15 15 0 0 0 
3 15 15 0 0 0 
4 15 15 0 0 0 
5 15 15 0 0 0 
6 15 15 0 0 0 
7 15 15 0 0 0 
8 15 15 0 0 0 
9 15 15 0 0 0 
10 15 15 0 0 0 
11 15 15 0 0 0 
12 15 15 0 0 0 
13 15 15 0 0 0 
14 15 15 0 0 0 
15 15 15 0 0 0 
0 0 0 0 0 0 
1 0 0 0 0 0 
2 0 0 0 0 0 
3 0 0 0 0 0 
4 0 0 0 0 0 
5 0 0 0 0 0 
6 0 0 0 0 0 
7 0 0 0 0 0 
8 0 0 0 0 0 
9 0 0 0 0 0 
10 0 0 0 0 0 
11 0 0 0 0 0 
12 0 0 0 0 0 
13 0 0 0 0 0 
14 0 0 0 0 0 
15 0 0 0 0 0 
0 1 1 0 0 0 
1 1 1 0 0 0 
2 1 1 0 0 0 
3 1 1 0 0 0 
4 1 1 0 0 0 
5 1 1 0 0 0 
6 1 1 0 0 0 
7 1 1 0 0 0 
8 1 1 0 0 0 
9 1 1 0 0 0 
10 1 1 0 0 0 
11 1 1 0 0 0 
12 1 1 0 0 0 
13 1 1 0 0 0 
14 1 1 0 0 0 
15 1 1 0 0 0 
0 2 2 0 0 0 
1 2 2 0 0 0 
2 2 2 0 0 0 
3 2 2 0 0 0 
4 2 2 0 0 0 
5 2 2 0 0 0 
6 2 2 0 0 0 
7 2 2 0 0 0 
8 2 2 0 0 0 
9 2 2 0 0 0 
10 2 2 0 0 0 
11 2 2 0 0 0 
12 2 2 0 0 0 
13 2 2 0 0 0 
14 2 2 0 0 0 
15 2 2 0 0 0 
0 3 3 0 0 0 
1 3 3 0 0 0 
2 3 3 0 0 0 
3 3 3 0 0 0 
4 3 3 0 0 0 
5 3 3 0 0 0 
6 3 3 0 0 0 
7 3 3 0 0 0 
8 3 3 0 0 0 
9 3 3 0 0 0 
10 3 3 0 0 0 
11 3 3 0 0 0 
12 3 3 0 0 0 
13 3 3 0 0 0 
14 3 3 0 0 0 
15 3 3 0 0 0 
0 4 4 0 0 0 
1 4 4 0 0 0 
2 4 4 0 0 0 
3 4 4 0 0 0 
4 4 4 0 0 0 
5 4 4 0 0 0 
6 4 4 0 0 0 
7 4 4 0 0 0 
8 4 4 0 0 0 
9 4 4 0 0 0 
10 4 4 0 0 0 
11 4 4 0 0 0 
12 4 4 0 0 0 
13 4 4 0 0 0 
14 4 4 0 0 0 
15 4 4 0 0 0 
0 5 5 0 0 0 
1 5 5 0 0 0 
2 5 5 0 0 0 
3 5 5 0 0 0 
4 5 5 0 0 0 
5 5 5 0 0 0 
6 5 5 0 0 0 
7 5 5 0 0 0 
8 5 5 0 0 0 
9 5 5 0 0 0 
10 5 5 0 0 0 
11 5 5 0 0 0 
12 5 5 0 0 0 
13 5 5 0 0 0 
14 5 5 0 0 0 
15 5 5 0 0 0 
0 6 6 0 0 0 
1 6 6 0 0 0 
2 6 6 0 0 0 
3 6 6 0 0 0 
4 6 6 0 0 0 
5 6 6 0 0 0 
6 6 6 0 0 0 
7 6 6 0 0 0 
8 6 6 0 0 0 
9 6 6 0 0 0 
10 6 6 0 0 0 
11 6 6 0 0 0 
12 6 6 0 0 0 
13 6 6 0 0 0 
14 6 6 0 0 0 
15 6 6 0 0 0 
0 7 7 0 0 0 
1 7 7 0 0 0 
2 7 7 0 0 0 
3 7 7 0 0 0 
4 7 7 0 0 0 
5 7 7 0 0 0 
6 7 7 0 0 0 
7 7 7 0 0 0 
8 7 7 0 0 0 
9 7 7 0 0 0 
10 7 7 0 0 0 
11 7 7 0 0 0 
12 7 7 0 0 0 
13 7 7 0 0 0 
14 7 7 0 0 0 
15 7 7 0 0 0 
0 8 8 0 0 0 
1 8 8 0 0 0 
2 8 8 0 0 0 
3 8 8 0 0 0 
4 8 8 0 0 0 
5 8 8 0 0 0 
6 8 8 0 0 0 
7 8 8 0 0 0 
8 8 8 0 0 0 
9 8 8 0 0 0 
10 8 8 0 0 0 
11 8 8 0 0 0 
12 8 8 0 0 0 
13 8 8 0 0 0 
14 8 8 0 0 0 
15 8 8 0 0 0 
0 9 9 0 0 0 
1 9 9 0 0 0 
2 9 9 0 0 0 
3 9 9 0 0 0 
4 9 9 0 0 0 
5 9 9 0 0 0 
6 9 9 0 0 0 
7 9 9 0 0 0 
8 9 9 0 0 0 
9 9 9 0 0 0 
10 9 9 0 0 0 
11 9 9 0 0 0 
12 9 9 0 0 0 
13 9 9 0 0 0 
14 9 9 0 0 0 
15 9 9 0 0 0 
0 10 10 0 0 0 
1 10 10 0 0 0 
2 10 10 0 0 0 
3 10 10 0 0 0 
4 10 10 0 0 0 
5 10 10 0 0 0 
6 10 10 0 0 0 
7 10 10 0 0 0 
8 10 10 0 0 0 
9 10 10 0 0 0 
10 10 10 0 0 0 
11 10 10 0 0 0 
12 10 10 0 0 0 
13 10 10 0 0 0 
14 10 10 0 0 0 
15 10 10 0 0 0 
0 11 11 0 0 0 
1 11 11 0 0 0 
2 11 11 0 0 0 
3 11 11 0 0 0 
4 11 11 0 0 0 
5 11 11 0 0 0 
6 11 11 0 0 0 
7 11 11 0 0 0 
8 11 11 0 0 0 
9 11 11 0 0 0 
10 11 11 0 0 0 
11 11 11 0 0 0 
12 11 11 0 0 0 
13 11 11 0 0 0 
14 11 11 0 0 0 
15 11 11 0 0 0 
0 12 12 0 0 0 
1 12 12 0 0 0 
2 12 12 0 0 0 
3 12 12 0 0 0 
4 12 12 0 0 0 
5 12 12 0 0 0 
6 12 12 0 0 0 
7 12 12 0 0 0 
8 12 12 0 0 0 
9 12 12 0 0 0 
10 12 12 0 0 0 
11 12 12 0 0 0 
12 12 12 0 0 0 
13 12 12 0 0 0 
14 12 12 0 0 0 
15 12 12 0 0 0 
0 13 13 0 0 0 
1 13 13 0 0 0 
2 13 13 0 0 0 
3 13 13 0 0 0 
4 13 13 0 0 0 
5 13 13 0 0 0 
6 13 13 0 0 0 
7 13 13 0 0 0 
8 13 13 0 0 0 
9 13 13 0 0 0 
10 13 13 0 0 0 
11 13 13 0 0 0 
12 13 13 0 0 0 
13 13 13 0 0 0 
14 13 13 0 0 0 
15 13 13 0 0 0 
0 14 14 0 0 0 
1 14 14 0 0 0 
2 14 14 0 0 0 
3 14 14 0 0 0 
4 14 14 0 0 0 
5 14 14 0 0 0 
6 14 14 0 0 0 
7 14 14 0 0 0 
8 14 14 0 0 0 
9 14 14 0 0 0 
10 14 14 0 0 0 
11 14 14 0 0 0 
12 14 14 0 0 0 
13 14 14 0 0 0 
14 14 14 0 0 0 
15 14 14 0 0 0 
0 15 15 0 0 0 
1 15 15 0 0 0 
2 15 15 0 0 0 
3 15 15 0 0 0 
4 15 15 0 0 0 
5 15 15 0 0 0 
6 15 15 0 0 0 
7 15 15 0 0 0 
8 15 15 0 0 0 
9 15 15 0 0 0 
10 15 15 0 0 0 
11 15 15 0 0 0 
12 15 15 0 0 0 
13 15 15 0 0 0 
14 15 15 0 0 0 
15 15 15 0 0 0 
