0 0 0 0 0 0 
1 0 0 0 0 0 
2 0 0 0 0 0 
3 0 0 0 0 0 
4 0 0 0 0 0 
5 0 0 0 0 0 
6 0 0 0 0 0 
7 0 0 0 0 0 
8 0 0 0 0 0 
9 0 0 0 0 0 
10 0 0 0 0 0 
11 0 0 0 0 0 
12 0 0 0 0 0 
13 0 0 0 0 0 
14 0 0 0 0 0 
15 0 0 0 0 0 
0 1 1 0 0 0 
1 1 1 0 0 0 
2 1 1 0 0 0 
3 1 1 0 0 0 
4 1 1 0 0 0 
5 1 1 0 0 0 
6 1 1 0 0 0 
7 1 1 0 0 0 
8 1 1 0 0 0 
9 1 1 0 0 0 
10 1 1 0 0 0 
11 1 1 0 0 0 
12 1 1 0 0 0 
13 1 1 0 0 0 
14 1 1 0 0 0 
15 1 1 0 0 0 
0 2 2 0 0 0 
1 2 2 0 0 0 
2 2 2 0 0 0 
3 2 2 0 0 0 
4 2 2 0 0 0 
5 2 2 0 0 0 
6 2 2 0 0 0 
7 2 2 0 0 0 
8 2 2 0 0 0 
9 2 2 0 0 0 
10 2 2 0 0 0 
11 2 2 0 0 0 
12 2 2 0 0 0 
13 2 2 0 0 0 
14 2 2 0 0 0 
15 2 2 0 0 0 
0 3 3 0 0 0 
1 3 3 0 0 0 
2 3 3 0 0 0 
3 3 3 0 0 0 
4 3 3 0 0 0 
5 3 3 0 0 0 
6 3 3 0 0 0 
7 3 3 0 0 0 
8 3 3 0 0 0 
9 3 3 0 0 0 
10 3 3 0 0 0 
11 3 3 0 0 0 
12 3 3 0 0 0 
13 3 3 0 0 0 
14 3 3 0 0 0 
15 3 3 0 0 0 
0 4 4 0 0 0 
1 4 4 0 0 0 
2 4 4 0 0 0 
3 4 4 0 0 0 
4 4 4 0 0 0 
5 4 4 0 0 0 
6 4 4 0 0 0 
7 4 4 0 0 0 
8 4 4 0 0 0 
9 4 4 0 0 0 
10 4 4 0 0 0 
11 4 4 0 0 0 
12 4 4 0 0 0 
13 4 4 0 0 0 
14 4 4 0 0 0 
15 4 4 0 0 0 
0 5 5 0 0 0 
1 5 5 0 0 0 
2 5 5 0 0 0 
3 5 5 0 0 0 
4 5 5 0 0 0 
5 5 5 0 0 0 
6 5 5 0 0 0 
7 5 5 0 0 0 
8 5 5 0 0 0 
9 5 5 0 0 0 
10 5 5 0 0 0 
11 5 5 0 0 0 
12 5 5 0 0 0 
13 5 5 0 0 0 
14 5 5 0 0 0 
15 5 5 0 0 0 
0 6 6 0 0 0 
1 6 6 0 0 0 
2 6 6 0 0 0 
3 6 6 0 0 0 
4 6 6 0 0 0 
5 6 6 0 0 0 
6 6 6 0 0 0 
7 6 6 0 0 0 
8 6 6 0 0 0 
9 6 6 0 0 0 
10 6 6 0 0 0 
11 6 6 0 0 0 
12 6 6 0 0 0 
13 6 6 0 0 0 
14 6 6 0 0 0 
15 6 6 0 0 0 
0 7 7 0 0 0 
1 7 7 0 0 0 
2 7 7 0 0 0 
3 7 7 0 0 0 
4 7 7 0 0 0 
5 7 7 0 0 0 
6 7 7 0 0 0 
7 7 7 0 0 0 
8 7 7 0 0 0 
9 7 7 0 0 0 
10 7 7 0 0 0 
11 7 7 0 0 0 
12 7 7 0 0 0 
13 7 7 0 0 0 
14 7 7 0 0 0 
15 7 7 0 0 0 
0 8 8 0 0 0 
1 8 8 0 0 0 
2 8 8 0 0 0 
3 8 8 0 0 0 
4 8 8 0 0 0 
5 8 8 0 0 0 
6 8 8 0 0 0 
7 8 8 0 0 0 
8 8 8 0 0 0 
9 8 8 0 0 0 
10 8 8 0 0 0 
11 8 8 0 0 0 
12 8 8 0 0 0 
13 8 8 0 0 0 
14 8 8 0 0 0 
15 8 8 0 0 0 
0 9 9 0 0 0 
1 9 9 0 0 0 
2 9 9 0 0 0 
3 9 9 0 0 0 
4 9 9 0 0 0 
5 9 9 0 0 0 
6 9 9 0 0 0 
7 9 9 0 0 0 
8 9 9 0 0 0 
9 9 9 0 0 0 
10 9 9 0 0 0 
11 9 9 0 0 0 
12 9 9 0 0 0 
13 9 9 0 0 0 
14 9 9 0 0 0 
15 9 9 0 0 0 
0 10 10 0 0 0 
1 10 10 0 0 0 
2 10 10 0 0 0 
3 10 10 0 0 0 
4 10 10 0 0 0 
5 10 10 0 0 0 
6 10 10 0 0 0 
7 10 10 0 0 0 
8 10 10 0 0 0 
9 10 10 0 0 0 
10 10 10 0 0 0 
11 10 10 0 0 0 
12 10 10 0 0 0 
13 10 10 0 0 0 
14 10 10 0 0 0 
15 10 10 0 0 0 
0 11 11 0 0 0 
1 11 11 0 0 0 
2 11 11 0 0 0 
3 11 11 0 0 0 
4 11 11 0 0 0 
5 11 11 0 0 0 
6 11 11 0 0 0 
7 11 11 0 0 0 
8 11 11 0 0 0 
9 11 11 0 0 0 
10 11 11 0 0 0 
11 11 11 0 0 0 
12 11 11 0 0 0 
13 11 11 0 0 0 
14 11 11 0 0 0 
15 11 11 0 0 0 
0 12 12 0 0 0 
1 12 12 0 0 0 
2 12 12 0 0 0 
3 12 12 0 0 0 
4 12 12 0 0 0 
5 12 12 0 0 0 
6 12 12 0 0 0 
7 12 12 0 0 0 
8 12 12 0 0 0 
9 12 12 0 0 0 
10 12 12 0 0 0 
11 12 12 0 0 0 
12 12 12 0 0 0 
13 12 12 0 0 0 
14 12 12 0 0 0 
15 12 12 0 0 0 
0 13 13 0 0 0 
1 13 13 0 0 0 
2 13 13 0 0 0 
3 13 13 0 0 0 
4 13 13 0 0 0 
5 13 13 0 0 0 
6 13 13 0 0 0 
7 13 13 0 0 0 
8 13 13 0 0 0 
9 13 13 0 0 0 
10 13 13 0 0 0 
11 13 13 0 0 0 
12 13 13 0 0 0 
13 13 13 0 0 0 
14 13 13 0 0 0 
15 13 13 0 0 0 
0 14 14 0 0 0 
1 14 14 0 0 0 
2 14 14 0 0 0 
3 14 14 0 0 0 
4 14 14 0 0 0 
5 14 14 0 0 0 
6 14 14 0 0 0 
7 14 14 0 0 0 
8 14 14 0 0 0 
9 14 14 0 0 0 
10 14 14 0 0 0 
11 14 14 0 0 0 
12 14 14 0 0 0 
13 14 14 0 0 0 
14 14 14 0 0 0 
15 14 14 0 0 0 
0 15 15 0 0 0 
1 15 15 0 0 0 
2 15 15 0 0 0 
3 15 15 0 0 0 
4 15 15 0 0 0 
5 15 15 0 0 0 
6 15 15 0 0 0 
7 15 15 0 0 0 
8 15 15 0 0 0 
9 15 15 0 0 0 
10 15 15 0 0 0 
11 15 15 0 0 0 
12 15 15 0 0 0 
13 15 15 0 0 0 
14 15 15 0 0 0 
15 15 15 0 0 0 
0 0 0 0 0 0 
1 0 0 0 0 0 
2 0 0 0 0 0 
3 0 0 0 0 0 
4 0 0 0 0 0 
5 0 0 0 0 0 
6 0 0 0 0 0 
7 0 0 0 0 0 
8 0 0 0 0 0 
9 0 0 0 0 0 
10 0 0 0 0 0 
11 0 0 0 0 0 
12 0 0 0 0 0 
13 0 0 0 0 0 
14 0 0 0 0 0 
15 0 0 0 0 0 
0 1 1 0 0 0 
1 1 1 0 0 0 
2 1 1 0 0 0 
3 1 1 0 0 0 
4 1 1 0 0 0 
5 1 1 0 0 0 
6 1 1 0 0 0 
7 1 1 0 0 0 
8 1 1 0 0 0 
9 1 1 0 0 0 
10 1 1 0 0 0 
11 1 1 0 0 0 
12 1 1 0 0 0 
13 1 1 0 0 0 
14 1 1 0 0 0 
15 1 1 0 0 0 
0 2 2 0 0 0 
1 2 2 0 0 0 
2 2 2 0 0 0 
3 2 2 0 0 0 
4 2 2 0 0 0 
5 2 2 0 0 0 
6 2 2 0 0 0 
7 2 2 0 0 0 
8 2 2 0 0 0 
9 2 2 0 0 0 
10 2 2 0 0 0 
11 2 2 0 0 0 
12 2 2 0 0 0 
13 2 2 0 0 0 
14 2 2 0 0 0 
15 2 2 0 0 0 
0 3 3 0 0 0 
1 3 3 0 0 0 
2 3 3 0 0 0 
3 3 3 0 0 0 
4 3 3 0 0 0 
5 3 3 0 0 0 
6 3 3 0 0 0 
7 3 3 0 0 0 
8 3 3 0 0 0 
9 3 3 0 0 0 
10 3 3 0 0 0 
11 3 3 0 0 0 
12 3 3 0 0 0 
13 3 3 0 0 0 
14 3 3 0 0 0 
15 3 3 0 0 0 
0 4 4 0 0 0 
1 4 4 0 0 0 
2 4 4 0 0 0 
3 4 4 0 0 0 
4 4 4 0 0 0 
5 4 4 0 0 0 
6 4 4 0 0 0 
7 4 4 0 0 0 
8 4 4 0 0 0 
9 4 4 0 0 0 
10 4 4 0 0 0 
11 4 4 0 0 0 
12 4 4 0 0 0 
13 4 4 0 0 0 
14 4 4 0 0 0 
15 4 4 0 0 0 
0 5 5 0 0 0 
1 5 5 0 0 0 
2 5 5 0 0 0 
3 5 5 0 0 0 
4 5 5 0 0 0 
5 5 5 0 0 0 
6 5 5 0 0 0 
7 5 5 0 0 0 
8 5 5 0 0 0 
9 5 5 0 0 0 
10 5 5 0 0 0 
11 5 5 0 0 0 
12 5 5 0 0 0 
13 5 5 0 0 0 
14 5 5 0 0 0 
15 5 5 0 0 0 
0 6 6 0 0 0 
1 6 6 0 0 0 
2 6 6 0 0 0 
3 6 6 0 0 0 
4 6 6 0 0 0 
5 6 6 0 0 0 
6 6 6 0 0 0 
7 6 6 0 0 0 
8 6 6 0 0 0 
9 6 6 0 0 0 
10 6 6 0 0 0 
11 6 6 0 0 0 
12 6 6 0 0 0 
13 6 6 0 0 0 
14 6 6 0 0 0 
15 6 6 0 0 0 
0 7 7 0 0 0 
1 7 7 0 0 0 
2 7 7 0 0 0 
3 7 7 0 0 0 
4 7 7 0 0 0 
5 7 7 0 0 0 
6 7 7 0 0 0 
7 7 7 0 0 0 
8 7 7 0 0 0 
9 7 7 0 0 0 
10 7 7 0 0 0 
11 7 7 0 0 0 
12 7 7 0 0 0 
13 7 7 0 0 0 
14 7 7 0 0 0 
15 7 7 0 0 0 
0 8 8 0 0 0 
1 8 8 0 0 0 
2 8 8 0 0 0 
3 8 8 0 0 0 
4 8 8 0 0 0 
5 8 8 0 0 0 
6 8 8 0 0 0 
7 8 8 0 0 0 
8 8 8 0 0 0 
9 8 8 0 0 0 
10 8 8 0 0 0 
11 8 8 0 0 0 
12 8 8 0 0 0 
13 8 8 0 0 0 
14 8 8 0 0 0 
15 8 8 0 0 0 
0 9 9 0 0 0 
1 9 9 0 0 0 
2 9 9 0 0 0 
3 9 9 0 0 0 
4 9 9 0 0 0 
5 9 9 0 0 0 
6 9 9 0 0 0 
7 9 9 0 0 0 
8 9 9 0 0 0 
9 9 9 0 0 0 
10 9 9 0 0 0 
11 9 9 0 0 0 
12 9 9 0 0 0 
13 9 9 0 0 0 
14 9 9 0 0 0 
15 9 9 0 0 0 
0 10 10 0 0 0 
1 10 10 0 0 0 
2 10 10 0 0 0 
3 10 10 0 0 0 
4 10 10 0 0 0 
5 10 10 0 0 0 
6 10 10 0 0 0 
7 10 10 0 0 0 
8 10 10 0 0 0 
9 10 10 0 0 0 
10 10 10 0 0 0 
11 10 10 0 0 0 
12 10 10 0 0 0 
13 10 10 0 0 0 
14 10 10 0 0 0 
15 10 10 0 0 0 
0 11 11 0 0 0 
1 11 11 0 0 0 
2 11 11 0 0 0 
3 11 11 0 0 0 
4 11 11 0 0 0 
5 11 11 0 0 0 
6 11 11 0 0 0 
7 11 11 0 0 0 
8 11 11 0 0 0 
9 11 11 0 0 0 
10 11 11 0 0 0 
11 11 11 0 0 0 
12 11 11 0 0 0 
13 11 11 0 0 0 
14 11 11 0 0 0 
15 11 11 0 0 0 
0 12 12 0 0 0 
1 12 12 0 0 0 
2 12 12 0 0 0 
3 12 12 0 0 0 
4 12 12 0 0 0 
5 12 12 0 0 0 
6 12 12 0 0 0 
7 12 12 0 0 0 
8 12 12 0 0 0 
9 12 12 0 0 0 
10 12 12 0 0 0 
11 12 12 0 0 0 
12 12 12 0 0 0 
13 12 12 0 0 0 
14 12 12 0 0 0 
15 12 12 0 0 0 
0 13 13 0 0 0 
1 13 13 0 0 0 
2 13 13 0 0 0 
3 13 13 0 0 0 
4 13 13 0 0 0 
5 13 13 0 0 0 
6 13 13 0 0 0 
7 13 13 0 0 0 
8 13 13 0 0 0 
9 13 13 0 0 0 
10 13 13 0 0 0 
11 13 13 0 0 0 
12 13 13 0 0 0 
13 13 13 0 0 0 
14 13 13 0 0 0 
15 13 13 0 0 0 
0 14 14 0 0 0 
1 14 14 0 0 0 
2 14 14 0 0 0 
3 14 14 0 0 0 
4 14 14 0 0 0 
5 14 14 0 0 0 
6 14 14 0 0 0 
7 14 14 0 0 0 
8 14 14 0 0 0 
9 14 14 0 0 0 
10 14 14 0 0 0 
11 14 14 0 0 0 
12 14 14 0 0 0 
13 14 14 0 0 0 
14 14 14 0 0 0 
15 14 14 0 0 0 
0 15 15 0 0 0 
1 15 15 0 0 0 
2 15 15 0 0 0 
3 15 15 0 0 0 
4 15 15 0 0 0 
5 15 15 0 0 0 
6 15 15 0 0 0 
7 15 15 0 0 0 
8 15 15 0 0 0 
9 15 15 0 0 0 
10 15 15 0 0 0 
11 15 15 0 0 0 
12 15 15 0 0 0 
13 15 15 0 0 0 
14 15 15 0 0 0 
15 15 15 0 0 0 
0 0 0 0 0 0 
1 0 0 0 0 0 
2 0 0 0 0 0 
3 0 0 0 0 0 
4 0 0 0 0 0 
5 0 0 0 0 0 
6 0 0 0 0 0 
7 0 0 0 0 0 
8 0 0 0 0 0 
9 0 0 0 0 0 
10 0 0 0 0 0 
11 0 0 0 0 0 
12 0 0 0 0 0 
13 0 0 0 0 0 
14 0 0 0 0 0 
15 0 0 0 0 0 
0 1 1 0 0 0 
1 1 1 0 0 0 
2 1 1 0 0 0 
3 1 1 0 0 0 
4 1 1 0 0 0 
5 1 1 0 0 0 
6 1 1 0 0 0 
7 1 1 0 0 0 
8 1 1 0 0 0 
9 1 1 0 0 0 
10 1 1 0 0 0 
11 1 1 0 0 0 
12 1 1 0 0 0 
13 1 1 0 0 0 
14 1 1 0 0 0 
15 1 1 0 0 0 
0 2 2 0 0 0 
1 2 2 0 0 0 
2 2 2 0 0 0 
3 2 2 0 0 0 
4 2 2 0 0 0 
5 2 2 0 0 0 
6 2 2 0 0 0 
7 2 2 0 0 0 
8 2 2 0 0 0 
9 2 2 0 0 0 
10 2 2 0 0 0 
11 2 2 0 0 0 
12 2 2 0 0 0 
13 2 2 0 0 0 
14 2 2 0 0 0 
15 2 2 0 0 0 
0 3 3 0 0 0 
1 3 3 0 0 0 
2 3 3 0 0 0 
3 3 3 0 0 0 
4 3 3 0 0 0 
5 3 3 0 0 0 
6 3 3 0 0 0 
7 3 3 0 0 0 
8 3 3 0 0 0 
9 3 3 0 0 0 
10 3 3 0 0 0 
11 3 3 0 0 0 
12 3 3 0 0 0 
13 3 3 0 0 0 
14 3 3 0 0 0 
15 3 3 0 0 0 
0 4 4 0 0 0 
1 4 4 0 0 0 
2 4 4 0 0 0 
3 4 4 0 0 0 
4 4 4 0 0 0 
5 4 4 0 0 0 
6 4 4 0 0 0 
7 4 4 0 0 0 
8 4 4 0 0 0 
9 4 4 0 0 0 
10 4 4 0 0 0 
11 4 4 0 0 0 
12 4 4 0 0 0 
13 4 4 0 0 0 
14 4 4 0 0 0 
15 4 4 0 0 0 
0 5 5 0 0 0 
1 5 5 0 0 0 
2 5 5 0 0 0 
3 5 5 0 0 0 
4 5 5 0 0 0 
5 5 5 0 0 0 
6 5 5 0 0 0 
7 5 5 0 0 0 
8 5 5 0 0 0 
9 5 5 0 0 0 
10 5 5 0 0 0 
11 5 5 0 0 0 
12 5 5 0 0 0 
13 5 5 0 0 0 
14 5 5 0 0 0 
15 5 5 0 0 0 
0 6 6 0 0 0 
1 6 6 0 0 0 
2 6 6 0 0 0 
3 6 6 0 0 0 
4 6 6 0 0 0 
5 6 6 0 0 0 
6 6 6 0 0 0 
7 6 6 0 0 0 
8 6 6 0 0 0 
9 6 6 0 0 0 
10 6 6 0 0 0 
11 6 6 0 0 0 
12 6 6 0 0 0 
13 6 6 0 0 0 
14 6 6 0 0 0 
15 6 6 0 0 0 
0 7 7 0 0 0 
1 7 7 0 0 0 
2 7 7 0 0 0 
3 7 7 0 0 0 
4 7 7 0 0 0 
5 7 7 0 0 0 
6 7 7 0 0 0 
7 7 7 0 0 0 
8 7 7 0 0 0 
9 7 7 0 0 0 
10 7 7 0 0 0 
11 7 7 0 0 0 
12 7 7 0 0 0 
13 7 7 0 0 0 
14 7 7 0 0 0 
15 7 7 0 0 0 
0 8 8 0 0 0 
1 8 8 0 0 0 
2 8 8 0 0 0 
3 8 8 0 0 0 
4 8 8 0 0 0 
5 8 8 0 0 0 
6 8 8 0 0 0 
7 8 8 0 0 0 
8 8 8 0 0 0 
9 8 8 0 0 0 
10 8 8 0 0 0 
11 8 8 0 0 0 
12 8 8 0 0 0 
13 8 8 0 0 0 
14 8 8 0 0 0 
15 8 8 0 0 0 
0 9 9 0 0 0 
1 9 9 0 0 0 
2 9 9 0 0 0 
3 9 9 0 0 0 
4 9 9 0 0 0 
5 9 9 0 0 0 
6 9 9 0 0 0 
7 9 9 0 0 0 
8 9 9 0 0 0 
9 9 9 0 0 0 
10 9 9 0 0 0 
11 9 9 0 0 0 
12 9 9 0 0 0 
13 9 9 0 0 0 
14 9 9 0 0 0 
15 9 9 0 0 0 
0 10 10 0 0 0 
1 10 10 0 0 0 
2 10 10 0 0 0 
3 10 10 0 0 0 
4 10 10 0 0 0 
5 10 10 0 0 0 
6 10 10 0 0 0 
7 10 10 0 0 0 
8 10 10 0 0 0 
9 10 10 0 0 0 
10 10 10 0 0 0 
11 10 10 0 0 0 
12 10 10 0 0 0 
13 10 10 0 0 0 
14 10 10 0 0 0 
15 10 10 0 0 0 
0 11 11 0 0 0 
1 11 11 0 0 0 
2 11 11 0 0 0 
3 11 11 0 0 0 
4 11 11 0 0 0 
5 11 11 0 0 0 
6 11 11 0 0 0 
7 11 11 0 0 0 
8 11 11 0 0 0 
9 11 11 0 0 0 
10 11 11 0 0 0 
11 11 11 0 0 0 
12 11 11 0 0 0 
13 11 11 0 0 0 
14 11 11 0 0 0 
15 11 11 0 0 0 
0 12 12 0 0 0 
1 12 12 0 0 0 
2 12 12 0 0 0 
3 12 12 0 0 0 
4 12 12 0 0 0 
5 12 12 0 0 0 
6 12 12 0 0 0 
7 12 12 0 0 0 
8 12 12 0 0 0 
9 12 12 0 0 0 
10 12 12 0 0 0 
11 12 12 0 0 0 
12 12 12 0 0 0 
13 12 12 0 0 0 
14 12 12 0 0 0 
15 12 12 0 0 0 
0 13 13 0 0 0 
1 13 13 0 0 0 
2 13 13 0 0 0 
3 13 13 0 0 0 
4 13 13 0 0 0 
5 13 13 0 0 0 
6 13 13 0 0 0 
7 13 13 0 0 0 
8 13 13 0 0 0 
9 13 13 0 0 0 
10 13 13 0 0 0 
11 13 13 0 0 0 
12 13 13 0 0 0 
13 13 13 0 0 0 
14 13 13 0 0 0 
15 13 13 0 0 0 
0 14 14 0 0 0 
1 14 14 0 0 0 
2 14 14 0 0 0 
3 14 14 0 0 0 
4 14 14 0 0 0 
5 14 14 0 0 0 
6 14 14 0 0 0 
7 14 14 0 0 0 
8 14 14 0 0 0 
9 14 14 0 0 0 
10 14 14 0 0 0 
11 14 14 0 0 0 
12 14 14 0 0 0 
13 14 14 0 0 0 
14 14 14 0 0 0 
15 14 14 0 0 0 
0 15 15 0 0 0 
1 15 15 0 0 0 
2 15 15 0 0 0 
3 15 15 0 0 0 
4 15 15 0 0 0 
5 15 15 0 0 0 
6 15 15 0 0 0 
7 15 15 0 0 0 
8 15 15 0 0 0 
9 15 15 0 0 0 
10 15 15 0 0 0 
11 15 15 0 0 0 
12 15 15 0 0 0 
13 15 15 0 0 0 
14 15 15 0 0 0 
15 15 15 0 0 0 
0 0 0 0 0 0 
1 0 0 0 0 0 
2 0 0 0 0 0 
3 0 0 0 0 0 
4 0 0 0 0 0 
5 0 0 0 0 0 
6 0 0 0 0 0 
7 0 0 0 0 0 
8 0 0 0 0 0 
9 0 0 0 0 0 
10 0 0 0 0 0 
11 0 0 0 0 0 
12 0 0 0 0 0 
13 0 0 0 0 0 
14 0 0 0 0 0 
15 0 0 0 0 0 
0 1 1 0 0 0 
1 1 1 0 0 0 
2 1 1 0 0 0 
3 1 1 0 0 0 
4 1 1 0 0 0 
5 1 1 0 0 0 
6 1 1 0 0 0 
7 1 1 0 0 0 
8 1 1 0 0 0 
9 1 1 0 0 0 
10 1 1 0 0 0 
11 1 1 0 0 0 
12 1 1 0 0 0 
13 1 1 0 0 0 
14 1 1 0 0 0 
15 1 1 0 0 0 
0 2 2 0 0 0 
1 2 2 0 0 0 
2 2 2 0 0 0 
3 2 2 0 0 0 
4 2 2 0 0 0 
5 2 2 0 0 0 
6 2 2 0 0 0 
7 2 2 0 0 0 
8 2 2 0 0 0 
9 2 2 0 0 0 
10 2 2 0 0 0 
11 2 2 0 0 0 
12 2 2 0 0 0 
13 2 2 0 0 0 
14 2 2 0 0 0 
15 2 2 0 0 0 
0 3 3 0 0 0 
1 3 3 0 0 0 
2 3 3 0 0 0 
3 3 3 0 0 0 
4 3 3 0 0 0 
5 3 3 0 0 0 
6 3 3 0 0 0 
7 3 3 0 0 0 
8 3 3 0 0 0 
9 3 3 0 0 0 
10 3 3 0 0 0 
11 3 3 0 0 0 
12 3 3 0 0 0 
13 3 3 0 0 0 
14 3 3 0 0 0 
15 3 3 0 0 0 
0 4 4 0 0 0 
1 4 4 0 0 0 
2 4 4 0 0 0 
3 4 4 0 0 0 
4 4 4 0 0 0 
5 4 4 0 0 0 
6 4 4 0 0 0 
7 4 4 0 0 0 
8 4 4 0 0 0 
9 4 4 0 0 0 
10 4 4 0 0 0 
11 4 4 0 0 0 
12 4 4 0 0 0 
13 4 4 0 0 0 
14 4 4 0 0 0 
15 4 4 0 0 0 
0 5 5 0 0 0 
1 5 5 0 0 0 
2 5 5 0 0 0 
3 5 5 0 0 0 
4 5 5 0 0 0 
5 5 5 0 0 0 
6 5 5 0 0 0 
7 5 5 0 0 0 
8 5 5 0 0 0 
9 5 5 0 0 0 
10 5 5 0 0 0 
11 5 5 0 0 0 
12 5 5 0 0 0 
13 5 5 0 0 0 
14 5 5 0 0 0 
15 5 5 0 0 0 
0 6 6 0 0 0 
1 6 6 0 0 0 
2 6 6 0 0 0 
3 6 6 0 0 0 
4 6 6 0 0 0 
5 6 6 0 0 0 
6 6 6 0 0 0 
7 6 6 0 0 0 
8 6 6 0 0 0 
9 6 6 0 0 0 
10 6 6 0 0 0 
11 6 6 0 0 0 
12 6 6 0 0 0 
13 6 6 0 0 0 
14 6 6 0 0 0 
15 6 6 0 0 0 
0 7 7 0.0422819 -5.23918e-05 -6.44213e-05 
1 7 7 0.0424068 -5.78818e-05 1.85469e-05 
2 7 7 0.0420337 -9.15162e-05 7.87396e-05 
3 7 7 0.0413824 -0.000136883 0.00011397 
4 7 7 0.0406383 -0.000177755 0.000126895 
5 7 7 0.0399457 -0.000201679 0.000121463 
6 7 7 0.0393961 -0.000198047 0.000100634 
7 7 7 0.039047 -0.000155928 6.62938e-05 
8 7 7 0.0389568 -5.69464e-05 1.53747e-05 
9 7 7 0.0391935 -2.61048e-05 -1.87513e-05 
10 7 7 0.0394384 -0.000161 -9.6076e-06 
11 7 7 0.0398002 -0.000128722 -3.84675e-05 
12 7 7 0.04035 -7.0569e-05 -5.77057e-05 
13 7 7 0.0408846 -3.29999e-05 -5.14257e-05 
14 7 7 0.0409269 -3.82678e-05 0.000142659 
15 7 7 0.0377423 -0.000252372 -0.00150826 
0 8 8 0.0449619 -6.16219e-05 -8.56614e-05 
1 8 8 0.0450617 -5.4941e-05 2.90463e-06 
2 8 8 0.0446471 -8.23356e-05 5.66181e-05 
3 8 8 0.0439487 -0.000127597 7.89807e-05 
4 8 8 0.0431607 -0.000172789 7.82734e-05 
5 8 8 0.042432 -0.000202961 6.33976e-05 
6 8 8 0.0418624 -0.000205988 4.06095e-05 
7 8 8 0.0415178 -0.000173868 1.46436e-05 
8 8 8 0.0414511 -0.000110517 -1.2629e-05 
9 8 8 0.0416729 -8.0757e-05 -4.12249e-05 
10 8 8 0.0420397 -0.000121803 -6.69733e-05 
11 8 8 0.0424908 -0.000128679 -8.32713e-05 
12 8 8 0.0430334 -9.27555e-05 -8.57141e-05 
13 8 8 0.0435573 -4.68401e-05 -6.52656e-05 
14 8 8 0.0435596 -1.07794e-05 0.000149796 
15 8 8 0.0402011 0.000177491 -0.00158868 
0 9 9 0 0 0 
1 9 9 0 0 0 
2 9 9 0 0 0 
3 9 9 0 0 0 
4 9 9 0 0 0 
5 9 9 0 0 0 
6 9 9 0 0 0 
7 9 9 0 0 0 
8 9 9 0 0 0 
9 9 9 0 0 0 
10 9 9 0 0 0 
11 9 9 0 0 0 
12 9 9 0 0 0 
13 9 9 0 0 0 
14 9 9 0 0 0 
15 9 9 0 0 0 
0 10 10 0 0 0 
1 10 10 0 0 0 
2 10 10 0 0 0 
3 10 10 0 0 0 
4 10 10 0 0 0 
5 10 10 0 0 0 
6 10 10 0 0 0 
7 10 10 0 0 0 
8 10 10 0 0 0 
9 10 10 0 0 0 
10 10 10 0 0 0 
11 10 10 0 0 0 
12 10 10 0 0 0 
13 10 10 0 0 0 
14 10 10 0 0 0 
15 10 10 0 0 0 
0 11 11 0 0 0 
1 11 11 0 0 0 
2 11 11 0 0 0 
3 11 11 0 0 0 
4 11 11 0 0 0 
5 11 11 0 0 0 
6 11 11 0 0 0 
7 11 11 0 0 0 
8 11 11 0 0 0 
9 11 11 0 0 0 
10 11 11 0 0 0 
11 11 11 0 0 0 
12 11 11 0 0 0 
13 11 11 0 0 0 
14 11 11 0 0 0 
15 11 11 0 0 0 
0 12 12 0 0 0 
1 12 12 0 0 0 
2 12 12 0 0 0 
3 12 12 0 0 0 
4 12 12 0 0 0 
5 12 12 0 0 0 
6 12 12 0 0 0 
7 12 12 0 0 0 
8 12 12 0 0 0 
9 12 12 0 0 0 
10 12 12 0 0 0 
11 12 12 0 0 0 
12 12 12 0 0 0 
13 12 12 0 0 0 
14 12 12 0 0 0 
15 12 12 0 0 0 
0 13 13 0 0 0 
1 13 13 0 0 0 
2 13 13 0 0 0 
3 13 13 0 0 0 
4 13 13 0 0 0 
5 13 13 0 0 0 
6 13 13 0 0 0 
7 13 13 0 0 0 
8 13 13 0 0 0 
9 13 13 0 0 0 
10 13 13 0 0 0 
11 13 13 0 0 0 
12 13 13 0 0 0 
13 13 13 0 0 0 
14 13 13 0 0 0 
15 13 13 0 0 0 
0 14 14 0 0 0 
1 14 14 0 0 0 
2 14 14 0 0 0 
3 14 14 0 0 0 
4 14 14 0 0 0 
5 14 14 0 0 0 
6 14 14 0 0 0 
7 14 14 0 0 0 
8 14 14 0 0 0 
9 14 14 0 0 0 
10 14 14 0 0 0 
11 14 14 0 0 0 
12 14 14 0 0 0 
13 14 14 0 0 0 
14 14 14 0 0 0 
15 14 14 0 0 0 
0 15 15 0 0 0 
1 15 15 0 0 0 
2 15 15 0 0 0 
3 15 15 0 0 0 
4 15 15 0 0 0 
5 15 15 0 0 0 
6 15 15 0 0 0 
7 15 15 0 0 0 
8 15 15 0 0 0 
9 15 15 0 0 0 
10 15 15 0 0 0 
11 15 15 0 0 0 
12 15 15 0 0 0 
13 15 15 0 0 0 
14 15 15 0 0 0 
15 15 15 0 0 0 
0 0 0 0 0 0 
1 0 0 0 0 0 
2 0 0 0 0 0 
3 0 0 0 0 0 
4 0 0 0 0 0 
5 0 0 0 0 0 
6 0 0 0 0 0 
7 0 0 0 0 0 
8 0 0 0 0 0 
9 0 0 0 0 0 
10 0 0 0 0 0 
11 0 0 0 0 0 
12 0 0 0 0 0 
13 0 0 0 0 0 
14 0 0 0 0 0 
15 0 0 0 0 0 
0 1 1 0 0 0 
1 1 1 0 0 0 
2 1 1 0 0 0 
3 1 1 0 0 0 
4 1 1 0 0 0 
5 1 1 0 0 0 
6 1 1 0 0 0 
7 1 1 0 0 0 
8 1 1 0 0 0 
9 1 1 0 0 0 
10 1 1 0 0 0 
11 1 1 0 0 0 
12 1 1 0 0 0 
13 1 1 0 0 0 
14 1 1 0 0 0 
15 1 1 0 0 0 
0 2 2 0 0 0 
1 2 2 0 0 0 
2 2 2 0 0 0 
3 2 2 0 0 0 
4 2 2 0 0 0 
5 2 2 0 0 0 
6 2 2 0 0 0 
7 2 2 0 0 0 
8 2 2 0 0 0 
9 2 2 0 0 0 
10 2 2 0 0 0 
11 2 2 0 0 0 
12 2 2 0 0 0 
13 2 2 0 0 0 
14 2 2 0 0 0 
15 2 2 0 0 0 
0 3 3 0 0 0 
1 3 3 0 0 0 
2 3 3 0 0 0 
3 3 3 0 0 0 
4 3 3 0 0 0 
5 3 3 0 0 0 
6 3 3 0 0 0 
7 3 3 0 0 0 
8 3 3 0 0 0 
9 3 3 0 0 0 
10 3 3 0 0 0 
11 3 3 0 0 0 
12 3 3 0 0 0 
13 3 3 0 0 0 
14 3 3 0 0 0 
15 3 3 0 0 0 
0 4 4 0 0 0 
1 4 4 0 0 0 
2 4 4 0 0 0 
3 4 4 0 0 0 
4 4 4 0 0 0 
5 4 4 0 0 0 
6 4 4 0 0 0 
7 4 4 0 0 0 
8 4 4 0 0 0 
9 4 4 0 0 0 
10 4 4 0 0 0 
11 4 4 0 0 0 
12 4 4 0 0 0 
13 4 4 0 0 0 
14 4 4 0 0 0 
15 4 4 0 0 0 
0 5 5 0.0800891 -4.16966e-05 -0.000128266 
1 5 5 0.0800875 1.30768e-05 4.98426e-05 
2 5 5 0.079319 1.81075e-07 0.000197894 
3 5 5 0.0781449 -5.30055e-05 0.000300855 
4 5 5 0.0768683 -0.000118636 0.000354832 
5 5 5 0.0757128 -0.000178185 0.000362992 
6 5 5 0.07482 -0.000224165 0.000334342 
7 5 5 0.074266 -0.000268881 0.000290206 
8 5 5 0.074107 -0.000379553 0.000295713 
9 5 5 0.0745731 -0.000375598 0.000248043 
10 5 5 0.0749181 5.90983e-05 -0.000207374 
11 5 5 0.0755346 1.23717e-05 -0.000201839 
12 5 5 0.0765281 -1.87859e-05 -0.000189938 
13 5 5 0.0774503 -2.76167e-05 -0.000142879 
14 5 5 0.0776438 0.000174164 0.000170498 
15 5 5 0.0734683 -0.00144758 -0.00191549 
0 6 6 0.203424 4.03325e-05 -0.000303984 
1 6 6 0.202849 0.000217629 0.000291796 
2 6 6 0.200946 0.000176112 0.000710859 
3 6 6 0.198444 -2.72808e-06 0.00094688 
4 6 6 0.195921 -0.000231027 0.00101852 
5 6 6 0.193788 -0.0004416 0.000952684 
6 6 6 0.192281 -0.00059055 0.000780204 
7 6 6 0.191475 -0.000659257 0.00055218 
8 6 6 0.191088 -0.000582956 0.000545527 
9 6 6 0.19592 -9.9686e-05 0.00113655 
10 6 6 0.19439 -0.000952597 -0.00153493 
11 6 6 0.194637 -0.000392727 -0.000709192 
12 6 6 0.197068 -0.000256447 -0.000636839 
13 6 6 0.199069 -0.000147011 -0.000496952 
14 6 6 0.199799 0.000314257 0.000494395 
15 6 6 0.196744 -0.0018441 -0.00390495 
0 7 7 0.372293 0.00023805 -0.000281473 
1 7 7 0.370876 0.000444823 0.000931684 
2 7 7 0.367813 0.000310611 0.00163958 
3 7 7 0.364128 -4.56023e-05 0.00190678 
4 7 7 0.360594 -0.000480769 0.0018345 
5 7 7 0.357749 -0.000869428 0.00151597 
6 7 7 0.355903 -0.00111298 0.00102975 
7 7 7 0.355186 -0.00113108 0.000448963 
8 7 7 0.355602 -0.000768318 -0.000116609 
9 7 7 0.357494 -0.000383968 -0.000573395 
10 7 7 0.359506 -0.00107985 -0.00119819 
11 7 7 0.361889 -0.000828404 -0.0013296 
12 7 7 0.364887 -0.000556551 -0.00131938 
13 7 7 0.36753 -0.000279565 -0.00100219 
14 7 7 0.368909 0.000113625 0.000781761 
15 7 7 0.368919 -0.000960954 -0.00587226 
0 8 8 0.393241 0.000341437 -0.000224754 
1 8 8 0.39167 0.000238813 0.00108128 
2 8 8 0.388507 -4.50146e-05 0.00173643 
3 8 8 0.384793 -0.000435993 0.00186201 
4 8 8 0.38129 -0.000833739 0.00161869 
5 8 8 0.378514 -0.00114054 0.00114824 
6 8 8 0.376775 -0.00127728 0.000562183 
7 8 8 0.37624 -0.00119474 -5.48586e-05 
8 8 8 0.376983 -0.000895226 -0.000637794 
9 8 8 0.378935 -0.000558882 -0.00113872 
10 8 8 0.381601 -0.000414007 -0.00149588 
11 8 8 0.384493 -0.000342077 -0.00163432 
12 8 8 0.387337 -0.000225542 -0.00153434 
13 8 8 0.389746 -7.1009e-05 -0.00109069 
14 8 8 0.390921 -8.61372e-05 0.000875157 
15 8 8 0.3911 0.000678013 -0.00611545 
0 9 9 0.241418 0.00022875 -0.000194241 
1 9 9 0.240622 -7.53105e-05 0.000456524 
2 9 9 0.238552 -0.000379685 0.000752626 
3 9 9 0.235985 -0.00064887 0.000767376 
4 9 9 0.233495 -0.000847639 0.000598457 
5 9 9 0.231475 -0.000945267 0.00033318 
6 9 9 0.230169 -0.000919733 3.72766e-05 
7 9 9 0.229712 -0.000770233 -0.00024514 
8 9 9 0.230145 -0.000527239 -0.000487954 
9 9 9 0.231403 -0.000264953 -0.000680937 
10 9 9 0.233264 -6.11838e-05 -0.000814318 
11 9 9 0.235408 5.98767e-05 -0.000863335 
12 9 9 0.237524 0.000120575 -0.000798821 
13 9 9 0.239297 0.000115937 -0.000563258 
14 9 9 0.239965 -0.000303174 0.00057338 
15 9 9 0.237345 0.00181761 -0.00433326 
0 10 10 0.0903665 8.49206e-05 -0.000124653 
1 10 10 0.090313 -7.49109e-05 3.47415e-05 
2 10 10 0.089487 -0.000213729 0.000101823 
3 10 10 0.0882881 -0.000317788 9.77909e-05 
4 10 10 0.0870311 -0.000379103 5.11317e-05 
5 10 10 0.0859391 -0.000394401 -1.19564e-05 
6 10 10 0.0851581 -0.000362822 -7.42973e-05 
7 10 10 0.0847704 -0.000290565 -0.000126034 
8 10 10 0.0848075 -0.000191822 -0.000164327 
9 10 10 0.0852511 -8.91994e-05 -0.000191493 
10 10 10 0.0860246 -3.70235e-06 -0.000209634 
11 10 10 0.0870039 5.30224e-05 -0.000215688 
12 10 10 0.0880393 7.73705e-05 -0.000201771 
13 10 10 0.0889409 5.54577e-05 -0.000152525 
14 10 10 0.0890705 -0.000249207 0.000204893 
15 10 10 0.0850668 0.00159495 -0.00212449 
0 11 11 0 0 0 
1 11 11 0 0 0 
2 11 11 0 0 0 
3 11 11 0 0 0 
4 11 11 0 0 0 
5 11 11 0 0 0 
6 11 11 0 0 0 
7 11 11 0 0 0 
8 11 11 0 0 0 
9 11 11 0 0 0 
10 11 11 0 0 0 
11 11 11 0 0 0 
12 11 11 0 0 0 
13 11 11 0 0 0 
14 11 11 0 0 0 
15 11 11 0 0 0 
0 12 12 0 0 0 
1 12 12 0 0 0 
2 12 12 0 0 0 
3 12 12 0 0 0 
4 12 12 0 0 0 
5 12 12 0 0 0 
6 12 12 0 0 0 
7 12 12 0 0 0 
8 12 12 0 0 0 
9 12 12 0 0 0 
10 12 12 0 0 0 
11 12 12 0 0 0 
12 12 12 0 0 0 
13 12 12 0 0 0 
14 12 12 0 0 0 
15 12 12 0 0 0 
0 13 13 0 0 0 
1 13 13 0 0 0 
2 13 13 0 0 0 
3 13 13 0 0 0 
4 13 13 0 0 0 
5 13 13 0 0 0 
6 13 13 0 0 0 
7 13 13 0 0 0 
8 13 13 0 0 0 
9 13 13 0 0 0 
10 13 13 0 0 0 
11 13 13 0 0 0 
12 13 13 0 0 0 
13 13 13 0 0 0 
14 13 13 0 0 0 
15 13 13 0 0 0 
0 14 14 0 0 0 
1 14 14 0 0 0 
2 14 14 0 0 0 
3 14 14 0 0 0 
4 14 14 0 0 0 
5 14 14 0 0 0 
6 14 14 0 0 0 
7 14 14 0 0 0 
8 14 14 0 0 0 
9 14 14 0 0 0 
10 14 14 0 0 0 
11 14 14 0 0 0 
12 14 14 0 0 0 
13 14 14 0 0 0 
14 14 14 0 0 0 
15 14 14 0 0 0 
0 15 15 0 0 0 
1 15 15 0 0 0 
2 15 15 0 0 0 
3 15 15 0 0 0 
4 15 15 0 0 0 
5 15 15 0 0 0 
6 15 15 0 0 0 
7 15 15 0 0 0 
8 15 15 0 0 0 
9 15 15 0 0 0 
10 15 15 0 0 0 
11 15 15 0 0 0 
12 15 15 0 0 0 
13 15 15 0 0 0 
14 15 15 0 0 0 
15 15 15 0 0 0 
0 0 0 0 0 0 
1 0 0 0 0 0 
2 0 0 0 0 0 
3 0 0 0 0 0 
4 0 0 0 0 0 
5 0 0 0 0 0 
6 0 0 0 0 0 
7 0 0 0 0 0 
8 0 0 0 0 0 
9 0 0 0 0 0 
10 0 0 0 0 0 
11 0 0 0 0 0 
12 0 0 0 0 0 
13 0 0 0 0 0 
14 0 0 0 0 0 
15 0 0 0 0 0 
0 1 1 0 0 0 
1 1 1 0 0 0 
2 1 1 0 0 0 
3 1 1 0 0 0 
4 1 1 0 0 0 
5 1 1 0 0 0 
6 1 1 0 0 0 
7 1 1 0 0 0 
8 1 1 0 0 0 
9 1 1 0 0 0 
10 1 1 0 0 0 
11 1 1 0 0 0 
12 1 1 0 0 0 
13 1 1 0 0 0 
14 1 1 0 0 0 
15 1 1 0 0 0 
0 2 2 0 0 0 
1 2 2 0 0 0 
2 2 2 0 0 0 
3 2 2 0 0 0 
4 2 2 0 0 0 
5 2 2 0 0 0 
6 2 2 0 0 0 
7 2 2 0 0 0 
8 2 2 0 0 0 
9 2 2 0 0 0 
10 2 2 0 0 0 
11 2 2 0 0 0 
12 2 2 0 0 0 
13 2 2 0 0 0 
14 2 2 0 0 0 
15 2 2 0 0 0 
0 3 3 0 0 0 
1 3 3 0 0 0 
2 3 3 0 0 0 
3 3 3 0 0 0 
4 3 3 0 0 0 
5 3 3 0 0 0 
6 3 3 0 0 0 
7 3 3 0 0 0 
8 3 3 0 0 0 
9 3 3 0 0 0 
10 3 3 0 0 0 
11 3 3 0 0 0 
12 3 3 0 0 0 
13 3 3 0 0 0 
14 3 3 0 0 0 
15 3 3 0 0 0 
0 4 4 0.0754616 -5.72757e-05 -0.000114828 
1 4 4 0.0753834 4.68084e-05 2.99719e-05 
2 4 4 0.0746023 8.66343e-05 0.000164126 
3 4 4 0.0734527 8.11297e-05 0.000264952 
4 4 4 0.0722158 5.04593e-05 0.000323723 
5 4 4 0.0710967 8.59309e-06 0.000340584 
6 4 4 0.0702354 -3.72357e-05 0.000322922 
7 4 4 0.0697234 -8.58491e-05 0.000283385 
8 4 4 0.0696227 -0.00013302 0.000228051 
9 4 4 0.0699277 -0.000148306 0.000130161 
10 4 4 0.070495 -0.000112238 -1.68078e-05 
11 4 4 0.0712016 -7.34499e-05 -0.000132249 
12 4 4 0.071988 -5.77906e-05 -0.000171017 
13 4 4 0.072714 -4.36161e-05 -0.000134566 
14 4 4 0.0727598 0.000217886 0.000124892 
15 4 4 0.0685738 -0.00190985 -0.00128435 
0 5 5 0.33389 0.000271696 -0.000479075 
1 5 5 0.332228 0.00093742 0.000367716 
2 5 5 0.329005 0.00114307 0.00101692 
3 5 5 0.325194 0.00101631 0.00142934 
4 5 5 0.321542 0.000697019 0.00160441 
5 5 5 0.318564 0.000295292 0.00156534 
6 5 5 0.316568 -0.000120067 0.00135256 
7 5 5 0.315712 -0.000521946 0.00103429 
8 5 5 0.316072 -0.000911114 0.000699616 
9 5 5 0.317643 -0.00111952 0.0002562 
10 5 5 0.319731 -0.000941051 -0.000440871 
11 5 5 0.322051 -0.000730194 -0.000887766 
12 5 5 0.324539 -0.000551828 -0.00103897 
13 5 5 0.326701 -0.000322703 -0.000841047 
14 5 5 0.327579 0.000790419 0.00037746 
15 5 5 0.326222 -0.00383772 -0.00378072 
0 6 6 0.803564 0.00136075 -0.000512434 
1 6 6 0.801254 0.00321096 0.00192302 
2 6 6 0.796946 0.00387342 0.00334864 
3 6 6 0.791962 0.00358815 0.00394125 
4 6 6 0.78725 0.00269061 0.00389823 
5 6 6 0.783428 0.00148999 0.00337397 
6 6 6 0.780839 0.000229151 0.00249185 
7 6 6 0.779627 -0.000925541 0.00139725 
8 6 6 0.779793 -0.0018707 0.000336854 
9 6 6 0.781491 -0.00247371 -0.000722382 
10 6 6 0.783761 -0.00261614 -0.00222701 
11 6 6 0.786525 -0.00234599 -0.00288975 
12 6 6 0.789963 -0.00182285 -0.00307669 
13 6 6 0.793196 -0.00105727 -0.0025496 
14 6 6 0.796037 0.000488082 -0.000430448 
15 6 6 0.802377 -0.0036579 -0.006819 
0 7 7 1.10222 0.00164217 -0.000279587 
1 7 7 1.10195 0.00342164 0.00404797 
2 7 7 1.09982 0.00424972 0.00618436 
3 7 7 1.09686 0.00414458 0.00664447 
4 7 7 1.0938 0.00332929 0.00598263 
5 7 7 1.09107 0.00209617 0.00461012 
6 7 7 1.08891 0.000737653 0.00281057 
7 7 7 1.08745 -0.000491972 0.000808983 
8 7 7 1.0868 -0.00138495 -0.00115862 
9 7 7 1.08709 -0.0019213 -0.00295825 
10 7 7 1.088 -0.00222816 -0.00449917 
11 7 7 1.0895 -0.00211184 -0.00523703 
12 7 7 1.0917 -0.00169635 -0.00519966 
13 7 7 1.09422 -0.000980281 -0.0042235 
14 7 7 1.09734 2.67802e-05 -0.00190406 
15 7 7 1.10356 -0.00126693 -0.00835692 
0 8 8 1.12341 0.00171492 1.11514e-05 
1 8 8 1.12373 0.00167678 0.00483178 
2 8 8 1.12235 0.00166816 0.00710206 
3 8 8 1.12026 0.00147593 0.00738576 
4 8 8 1.1181 0.00105816 0.00634684 
5 8 8 1.1162 0.000502073 0.00451657 
6 8 8 1.11471 -4.28234e-05 0.00228185 
7 8 8 1.11373 -0.000429076 -6.99969e-05 
8 8 8 1.11336 -0.000558996 -0.00229845 
9 8 8 1.11371 -0.000443497 -0.00419378 
10 8 8 1.11473 -0.000171157 -0.00553631 
11 8 8 1.11635 0.00015676 -0.00610249 
12 8 8 1.11841 0.000433557 -0.00578915 
13 8 8 1.12069 0.000632068 -0.0044955 
14 8 8 1.12365 0.000644591 -0.00197023 
15 8 8 1.12966 0.00201582 -0.00829951 
0 9 9 0.867065 0.00122916 0.000441731 
1 9 9 0.866046 -0.000121089 0.00351122 
2 9 9 0.863282 -0.000912937 0.00483076 
3 9 9 0.86001 -0.00132596 0.00478534 
4 9 9 0.857006 -0.00148217 0.00384196 
5 9 9 0.854705 -0.00142808 0.0023966 
6 9 9 0.853326 -0.00116533 0.000750556 
7 9 9 0.85298 -0.00069945 -0.000876946 
8 9 9 0.853706 -7.02085e-05 -0.00231607 
9 9 9 0.855465 0.000628095 -0.00343084 
10 9 9 0.858091 0.00126494 -0.0041057 
11 9 9 0.861277 0.00170036 -0.00425572 
12 9 9 0.864606 0.00182748 -0.00383575 
13 9 9 0.867661 0.00155186 -0.00276141 
14 9 9 0.870642 0.00044117 -0.00037907 
15 9 9 0.877444 0.0043569 -0.00687913 
0 10 10 0.416993 0.000538521 1.46394e-06 
1 10 10 0.415742 -0.000462454 0.000988792 
2 10 10 0.412855 -0.00110122 0.00135911 
3 10 10 0.409425 -0.00141997 0.0012614 
4 10 10 0.406228 -0.00147827 0.000876135 
5 10 10 0.403764 -0.00132691 0.000357582 
6 10 10 0.402328 -0.00100742 -0.000181775 
7 10 10 0.40206 -0.000566173 -0.000670233 
8 10 10 0.40297 -6.20494e-05 -0.00106237 
9 10 10 0.404943 0.000429538 -0.00133291 
10 10 10 0.407728 0.000827926 -0.00146633 
11 10 10 0.410945 0.00106261 -0.00145297 
12 10 10 0.41414 0.00108482 -0.00128022 
13 10 10 0.416803 0.000814408 -0.000880237 
14 10 10 0.418154 -0.000593554 0.000621291 
15 10 10 0.419018 0.00441942 -0.00457672 
0 11 11 0.096968 0.000129454 -0.000108115 
1 11 11 0.0969176 -7.24701e-05 2.3083e-05 
2 11 11 0.0960573 -0.000213851 6.69454e-05 
3 11 11 0.094811 -0.000293375 4.76122e-05 
4 11 11 0.0935114 -0.000318111 -5.58281e-06 
5 11 11 0.0923927 -0.000298512 -6.77683e-05 
6 11 11 0.0916084 -0.000242938 -0.00012336 
7 11 11 0.0912395 -0.000162181 -0.000165119 
8 11 11 0.0913138 -6.81163e-05 -0.000191468 
9 11 11 0.0918095 2.44989e-05 -0.000204571 
10 11 11 0.0926541 0.000102053 -0.000207532 
11 11 11 0.0937228 0.000152234 -0.000201061 
12 11 11 0.0948539 0.000165355 -0.000181515 
13 11 11 0.0958354 0.000125198 -0.000132311 
14 11 11 0.0960124 -0.000258054 0.000198728 
15 11 11 0.0920003 0.00214927 -0.00174262 
0 12 12 0 0 0 
1 12 12 0 0 0 
2 12 12 0 0 0 
3 12 12 0 0 0 
4 12 12 0 0 0 
5 12 12 0 0 0 
6 12 12 0 0 0 
7 12 12 0 0 0 
8 12 12 0 0 0 
9 12 12 0 0 0 
10 12 12 0 0 0 
11 12 12 0 0 0 
12 12 12 0 0 0 
13 12 12 0 0 0 
14 12 12 0 0 0 
15 12 12 0 0 0 
0 13 13 0 0 0 
1 13 13 0 0 0 
2 13 13 0 0 0 
3 13 13 0 0 0 
4 13 13 0 0 0 
5 13 13 0 0 0 
6 13 13 0 0 0 
7 13 13 0 0 0 
8 13 13 0 0 0 
9 13 13 0 0 0 
10 13 13 0 0 0 
11 13 13 0 0 0 
12 13 13 0 0 0 
13 13 13 0 0 0 
14 13 13 0 0 0 
15 13 13 0 0 0 
0 14 14 0 0 0 
1 14 14 0 0 0 
2 14 14 0 0 0 
3 14 14 0 0 0 
4 14 14 0 0 0 
5 14 14 0 0 0 
6 14 14 0 0 0 
7 14 14 0 0 0 
8 14 14 0 0 0 
9 14 14 0 0 0 
10 14 14 0 0 0 
11 14 14 0 0 0 
12 14 14 0 0 0 
13 14 14 0 0 0 
14 14 14 0 0 0 
15 14 14 0 0 0 
0 15 15 0 0 0 
1 15 15 0 0 0 
2 15 15 0 0 0 
3 15 15 0 0 0 
4 15 15 0 0 0 
5 15 15 0 0 0 
6 15 15 0 0 0 
7 15 15 0 0 0 
8 15 15 0 0 0 
9 15 15 0 0 0 
10 15 15 0 0 0 
11 15 15 0 0 0 
12 15 15 0 0 0 
13 15 15 0 0 0 
14 15 15 0 0 0 
15 15 15 0 0 0 
0 0 0 0 0 0 
1 0 0 0 0 0 
2 0 0 0 0 0 
3 0 0 0 0 0 
4 0 0 0 0 0 
5 0 0 0 0 0 
6 0 0 0 0 0 
7 0 0 0 0 0 
8 0 0 0 0 0 
9 0 0 0 0 0 
10 0 0 0 0 0 
11 0 0 0 0 0 
12 0 0 0 0 0 
13 0 0 0 0 0 
14 0 0 0 0 0 
15 0 0 0 0 0 
0 1 1 0 0 0 
1 1 1 0 0 0 
2 1 1 0 0 0 
3 1 1 0 0 0 
4 1 1 0 0 0 
5 1 1 0 0 0 
6 1 1 0 0 0 
7 1 1 0 0 0 
8 1 1 0 0 0 
9 1 1 0 0 0 
10 1 1 0 0 0 
11 1 1 0 0 0 
12 1 1 0 0 0 
13 1 1 0 0 0 
14 1 1 0 0 0 
15 1 1 0 0 0 
0 2 2 0 0 0 
1 2 2 0 0 0 
2 2 2 0 0 0 
3 2 2 0 0 0 
4 2 2 0 0 0 
5 2 2 0 0 0 
6 2 2 0 0 0 
7 2 2 0 0 0 
8 2 2 0 0 0 
9 2 2 0 0 0 
10 2 2 0 0 0 
11 2 2 0 0 0 
12 2 2 0 0 0 
13 2 2 0 0 0 
14 2 2 0 0 0 
15 2 2 0 0 0 
0 3 3 0 0 0 
1 3 3 0 0 0 
2 3 3 0 0 0 
3 3 3 0 0 0 
4 3 3 0 0 0 
5 3 3 0 0 0 
6 3 3 0 0 0 
7 3 3 0 0 0 
8 3 3 0 0 0 
9 3 3 0 0 0 
10 3 3 0 0 0 
11 3 3 0 0 0 
12 3 3 0 0 0 
13 3 3 0 0 0 
14 3 3 0 0 0 
15 3 3 0 0 0 
0 4 4 0.193009 -7.38337e-05 -0.000228852 
1 4 4 0.192037 0.000415993 5.74051e-05 
2 4 4 0.189881 0.000664299 0.000322446 
3 4 4 0.187238 0.000717498 0.000523082 
4 4 4 0.184649 0.000635997 0.000639463 
5 4 4 0.182483 0.000471821 0.000667707 
6 4 4 0.180976 0.000261743 0.000618027 
7 4 4 0.180258 3.25123e-05 0.000510904 
8 4 4 0.180373 -0.000189908 0.000362309 
9 4 4 0.181253 -0.000367859 0.000170407 
10 4 4 0.182688 -0.000467429 -5.74476e-05 
11 4 4 0.184391 -0.000483978 -0.000260818 
12 4 4 0.186093 -0.000434325 -0.000362445 
13 4 4 0.187499 -0.000288458 -0.000312252 
14 4 4 0.18777 0.000620504 0.000168928 
15 4 4 0.184101 -0.0037512 -0.00155225 
0 5 5 0.783384 0.00105145 -0.000555348 
1 5 5 0.780149 0.00372643 0.00079997 
2 5 5 0.774966 0.00496324 0.00172944 
3 5 5 0.769248 0.00504617 0.00227328 
4 5 5 0.763994 0.0043344 0.00247546 
5 5 5 0.75982 0.00313939 0.00237048 
6 5 5 0.757065 0.00170106 0.00199344 
7 5 5 0.755875 0.000202624 0.00140744 
8 5 5 0.756254 -0.00119934 0.00069515 
9 5 5 0.75805 -0.00233414 -8.15622e-05 
10 5 5 0.760865 -0.00302423 -0.000856479 
11 5 5 0.764159 -0.00316045 -0.00149118 
12 5 5 0.767382 -0.00275948 -0.0018197 
13 5 5 0.770059 -0.00180647 -0.00162694 
14 5 5 0.772218 0.000529324 -0.000346135 
15 5 5 0.77791 -0.00613726 -0.00403848 
0 6 6 1.36148 0.00111885 -0.000954168 
1 6 6 1.36292 0.00621897 0.00277678 
2 6 6 1.36303 0.00898922 0.00462908 
3 6 6 1.36213 0.00969964 0.00512851 
4 6 6 1.36058 0.00888146 0.00479901 
5 6 6 1.35863 0.00704235 0.00396937 
6 6 6 1.35649 0.00460914 0.00280826 
7 6 6 1.35428 0.00194008 0.00142313 
8 6 6 1.35218 -0.000652879 -7.55292e-05 
9 6 6 1.35035 -0.00288635 -0.00158335 
10 6 6 1.3489 -0.0044919 -0.00293834 
11 6 6 1.34796 -0.00523163 -0.00388548 
12 6 6 1.34769 -0.00498818 -0.00426606 
13 6 6 1.34812 -0.0037792 -0.00387907 
14 6 6 1.34972 -0.00181328 -0.00268562 
15 6 6 1.35314 -0.0051608 -0.00623762 
0 7 7 1.65753 0.000758922 -0.00327957 
1 7 7 1.66165 0.00418637 0.00386944 
2 7 7 1.66808 0.00663721 0.00763074 
3 7 7 1.67481 0.00788322 0.00866452 
4 7 7 1.6806 0.007995 0.00797591 
5 7 7 1.68476 0.0071641 0.00632044 
6 7 7 1.6869 0.00564358 0.00414905 
7 7 7 1.68689 0.00371886 0.00172555 
8 7 7 1.68481 0.00167937 -0.000758666 
9 7 7 1.68094 -0.000216774 -0.00313507 
10 7 7 1.67571 -0.00173806 -0.00517699 
11 7 7 1.66984 -0.00267778 -0.00657279 
12 7 7 1.66418 -0.00292051 -0.00707543 
13 7 7 1.65964 -0.00243888 -0.00651928 
14 7 7 1.65702 -0.0014441 -0.00519036 
15 7 7 1.65586 -0.00190004 -0.00763585 
0 8 8 1.67211 0.00288531 -0.00365594 
1 8 8 1.67677 0.00123994 0.00426564 
2 8 8 1.68427 0.000976674 0.00862943 
3 8 8 1.69248 0.00147776 0.00995732 
4 8 8 1.70003 0.00214336 0.00923609 
5 8 8 1.70601 0.00262393 0.00728328 
6 8 8 1.70984 0.00281854 0.0046521 
7 8 8 1.71124 0.00277992 0.00171245 
8 8 8 1.71014 0.00262005 -0.00125268 
9 8 8 1.70678 0.00243829 -0.00399 
10 8 8 1.70164 0.00229951 -0.00622561 
11 8 8 1.69549 0.00221928 -0.00766185 
12 8 8 1.68931 0.00215244 -0.00804028 
13 8 8 1.68417 0.00205209 -0.00723068 
14 8 8 1.68101 0.00196767 -0.00561387 
15 8 8 1.67941 0.0030275 -0.00770691 
0 9 9 1.41404 0.00252471 -0.000806363 
1 9 9 1.41806 -0.00155661 0.00448659 
2 9 9 1.42164 -0.00325846 0.00716509 
3 9 9 1.42478 -0.00333974 0.00768112 
4 9 9 1.4274 -0.00255525 0.00671694 
5 9 9 1.42934 -0.00139285 0.00485877 
6 9 9 1.43039 -9.2975e-05 0.00254761 
7 9 9 1.43048 0.00123873 0.000107694 
8 9 9 1.42963 0.00253652 -0.00220299 
9 9 9 1.42806 0.00371492 -0.00416218 
10 9 9 1.42614 0.00465356 -0.00556104 
11 9 9 1.42431 0.0051977 -0.00621616 
12 9 9 1.42303 0.00518751 -0.00600093 
13 9 9 1.42271 0.00451406 -0.00487923 
14 9 9 1.42398 0.00331431 -0.00310675 
15 9 9 1.42703 0.00659901 -0.00612513 
0 10 10 0.885378 0.00079951 0.000454713 
1 10 10 0.884959 -0.0019856 0.00242573 
2 10 10 0.882876 -0.00328945 0.00320923 
3 10 10 0.880306 -0.00349722 0.00306985 
4 10 10 0.877963 -0.00299469 0.00233767 
5 10 10 0.876226 -0.00206436 0.00129653 
6 10 10 0.875285 -0.000891585 0.000162598 
7 10 10 0.875231 0.000386486 -0.000913882 
8 10 10 0.8761 0.00164298 -0.00182374 
9 10 10 0.87787 0.00274149 -0.00248599 
10 10 10 0.880434 0.00353997 -0.00283863 
11 10 10 0.88356 0.00390515 -0.00284611 
12 10 10 0.886907 0.00373124 -0.0024984 
13 10 10 0.890086 0.00288733 -0.0017606 
14 10 10 0.893309 0.000724982 -0.00026961 
15 10 10 0.90045 0.00713664 -0.00429913 
0 11 11 0.253051 0.000329644 -6.21207e-05 
1 11 11 0.252452 -0.000398394 0.000218734 
2 11 11 0.250529 -0.000809367 0.000306142 
3 11 11 0.248085 -0.000951698 0.000253652 
4 11 11 0.245718 -0.00089544 0.000123457 
5 11 11 0.243827 -0.000704539 -3.2986e-05 
6 11 11 0.242661 -0.000428551 -0.000181311 
7 11 11 0.242341 -0.000109497 -0.000304443 
8 11 11 0.242887 0.000213752 -0.000394057 
9 11 11 0.244224 0.000501499 -0.000447966 
10 11 11 0.246184 0.000716705 -0.000466064 
11 11 11 0.248505 0.000825993 -0.000449683 
12 11 11 0.250857 0.000801104 -0.000395951 
13 11 11 0.252847 0.000580069 -0.00028037 
14 11 11 0.253628 -0.000639803 0.000244521 
15 11 11 0.251519 0.00440015 -0.00220581 
0 12 12 0.0223772 3.74858e-05 -1.10665e-05 
1 12 12 0.022481 -2.93542e-06 -1.02311e-05 
2 12 12 0.0223137 -2.97357e-05 -1.13465e-05 
3 12 12 0.0219963 -4.33643e-05 -1.33077e-05 
4 12 12 0.0216298 -4.63321e-05 -1.50825e-05 
5 12 12 0.0212866 -4.18539e-05 -1.56764e-05 
6 12 12 0.0210189 -3.22668e-05 -1.48829e-05 
7 12 12 0.0208546 -1.9451e-05 -1.31634e-05 
8 12 12 0.0208077 -5.09149e-06 -1.09775e-05 
9 12 12 0.0208794 8.74209e-06 -8.72386e-06 
10 12 12 0.0210564 2.07339e-05 -7.00027e-06 
11 12 12 0.0213181 2.92975e-05 -6.11353e-06 
12 12 12 0.0216164 3.19337e-05 -5.79669e-06 
13 12 12 0.0218932 2.52729e-05 -5.63783e-06 
14 12 12 0.0219033 -6.84505e-05 -9.27429e-07 
15 12 12 0.0200019 0.000822864 -0.00037379 
0 13 13 0 0 0 
1 13 13 0 0 0 
2 13 13 0 0 0 
3 13 13 0 0 0 
4 13 13 0 0 0 
5 13 13 0 0 0 
6 13 13 0 0 0 
7 13 13 0 0 0 
8 13 13 0 0 0 
9 13 13 0 0 0 
10 13 13 0 0 0 
11 13 13 0 0 0 
12 13 13 0 0 0 
13 13 13 0 0 0 
14 13 13 0 0 0 
15 13 13 0 0 0 
0 14 14 0 0 0 
1 14 14 0 0 0 
2 14 14 0 0 0 
3 14 14 0 0 0 
4 14 14 0 0 0 
5 14 14 0 0 0 
6 14 14 0 0 0 
7 14 14 0 0 0 
8 14 14 0 0 0 
9 14 14 0 0 0 
10 14 14 0 0 0 
11 14 14 0 0 0 
12 14 14 0 0 0 
13 14 14 0 0 0 
14 14 14 0 0 0 
15 14 14 0 0 0 
0 15 15 0 0 0 
1 15 15 0 0 0 
2 15 15 0 0 0 
3 15 15 0 0 0 
4 15 15 0 0 0 
5 15 15 0 0 0 
6 15 15 0 0 0 
7 15 15 0 0 0 
8 15 15 0 0 0 
9 15 15 0 0 0 
10 15 15 0 0 0 
11 15 15 0 0 0 
12 15 15 0 0 0 
13 15 15 0 0 0 
14 15 15 0 0 0 
15 15 15 0 0 0 
0 0 0 0 0 0 
1 0 0 0 0 0 
2 0 0 0 0 0 
3 0 0 0 0 0 
4 0 0 0 0 0 
5 0 0 0 0 0 
6 0 0 0 0 0 
7 0 0 0 0 0 
8 0 0 0 0 0 
9 0 0 0 0 0 
10 0 0 0 0 0 
11 0 0 0 0 0 
12 0 0 0 0 0 
13 0 0 0 0 0 
14 0 0 0 0 0 
15 0 0 0 0 0 
0 1 1 0 0 0 
1 1 1 0 0 0 
2 1 1 0 0 0 
3 1 1 0 0 0 
4 1 1 0 0 0 
5 1 1 0 0 0 
6 1 1 0 0 0 
7 1 1 0 0 0 
8 1 1 0 0 0 
9 1 1 0 0 0 
10 1 1 0 0 0 
11 1 1 0 0 0 
12 1 1 0 0 0 
13 1 1 0 0 0 
14 1 1 0 0 0 
15 1 1 0 0 0 
0 2 2 0 0 0 
1 2 2 0 0 0 
2 2 2 0 0 0 
3 2 2 0 0 0 
4 2 2 0 0 0 
5 2 2 0 0 0 
6 2 2 0 0 0 
7 2 2 0 0 0 
8 2 2 0 0 0 
9 2 2 0 0 0 
10 2 2 0 0 0 
11 2 2 0 0 0 
12 2 2 0 0 0 
13 2 2 0 0 0 
14 2 2 0 0 0 
15 2 2 0 0 0 
0 3 3 0.0165108 -4.77311e-05 -5.2803e-07 
1 3 3 0.0166534 -1.38271e-05 -2.39866e-06 
2 3 3 0.0165697 1.12713e-05 -1.31831e-06 
3 3 3 0.0163427 2.66014e-05 1.33438e-06 
4 3 3 0.0160509 3.38372e-05 4.21548e-06 
5 3 3 0.0157523 3.46204e-05 6.56391e-06 
6 3 3 0.0154899 3.06298e-05 8.04058e-06 
7 3 3 0.0152919 2.3264e-05 8.36039e-06 
8 3 3 0.0151783 1.37755e-05 7.28018e-06 
9 3 3 0.0151566 3.23722e-06 4.47586e-06 
10 3 3 0.0152231 -6.98115e-06 3.63423e-07 
11 3 3 0.0153632 -1.55176e-05 -3.66653e-06 
12 3 3 0.0155502 -2.07962e-05 -6.18764e-06 
13 3 3 0.0157419 -1.97627e-05 -6.74907e-06 
14 3 3 0.0157429 6.87556e-05 -1.76158e-05 
15 3 3 0.0142397 -0.000882887 -2.01586e-05 
0 4 4 0.316123 -6.98389e-05 -0.000180793 
1 4 4 0.314242 0.000949603 -7.22231e-06 
2 4 4 0.31088 0.00151743 0.000169608 
3 4 4 0.307012 0.00169635 0.000318488 
4 4 4 0.303375 0.00158433 0.000418528 
5 4 4 0.300447 0.00127353 0.000458513 
6 4 4 0.298515 0.000838482 0.000437584 
7 4 4 0.29771 0.000343068 0.00036518 
8 4 4 0.298037 -0.000152596 0.000253524 
9 4 4 0.299367 -0.000587472 0.000110792 
10 4 4 0.301433 -0.000903389 -5.03058e-05 
11 4 4 0.30387 -0.00105413 -0.000199822 
12 4 4 0.306267 -0.00101005 -0.000293872 
13 4 4 0.308188 -0.000697224 -0.000285618 
14 4 4 0.308863 0.000888715 -1.64214e-05 
15 4 4 0.307533 -0.005435 -0.000606412 
0 5 5 1.056 0.00115039 -0.000291454 
1 5 5 1.05383 0.00556733 0.000334195 
2 5 5 1.04953 0.00782728 0.000721721 
3 5 5 1.04439 0.00832083 0.000944518 
4 5 5 1.0394 0.00755378 0.00104654 
5 5 5 1.03515 0.00595173 0.00104193 
6 5 5 1.03201 0.00384746 0.000925213 
7 5 5 1.03011 0.00151891 0.000698224 
8 5 5 1.02948 -0.000773069 0.000378868 
9 5 5 1.03004 -0.00276884 8.20033e-07 
10 5 5 1.03157 -0.00421817 -0.000385475 
11 5 5 1.03377 -0.0049073 -0.000719061 
12 5 5 1.03621 -0.00469657 -0.000933538 
13 5 5 1.03851 -0.00347918 -0.000932397 
14 5 5 1.041 -0.000855674 -0.000560084 
15 5 5 1.04677 -0.00756713 -0.00181503 
0 6 6 1.64108 -0.000885464 -0.000990814 
1 6 6 1.64449 0.00666408 0.0010698 
2 6 6 1.64962 0.0110991 0.00207299 
3 6 6 1.65462 0.0127515 0.00230168 
4 6 6 1.65847 0.012383 0.00209988 
5 6 6 1.66072 0.0106407 0.00169312 
6 6 6 1.6612 0.00799218 0.00118565 
7 6 6 1.65994 0.00480846 0.000613114 
8 6 6 1.65709 0.00143707 -8.26102e-06 
9 6 6 1.65294 -0.00176931 -0.000655284 
10 6 6 1.6479 -0.00444294 -0.00126809 
11 6 6 1.64252 -0.00622137 -0.00175524 
12 6 6 1.63749 -0.00679445 -0.00202422 
13 6 6 1.63352 -0.00601333 -0.00199176 
14 6 6 1.63132 -0.00426925 -0.00170352 
15 6 6 1.63041 -0.0066515 -0.00266737 
0 7 7 1.93283 -0.000557286 -0.0030409 
1 7 7 1.93108 0.00359037 0.000819423 
2 7 7 1.94042 0.00660583 0.00309359 
3 7 7 1.95501 0.00830867 0.00389712 
4 7 7 1.97035 0.00890833 0.0037382 
5 7 7 1.98368 0.00861949 0.00305774 
6 7 7 1.99349 0.00760338 0.00212384 
7 7 7 1.99904 0.00601802 0.00107529 
8 7 7 2.00008 0.00405442 -1.17966e-05 
9 7 7 1.99669 0.00194236 -0.00108153 
10 7 7 1.98932 -6.18937e-05 -0.0020566 
11 7 7 1.9788 -0.00169024 -0.00282807 
12 7 7 1.96644 -0.00269153 -0.00327175 
13 7 7 1.9539 -0.00290045 -0.00329 
14 7 7 1.94282 -0.00242557 -0.00296011 
15 7 7 1.9338 -0.00271071 -0.00343726 
0 8 8 1.94521 0.00551972 -0.00336183 
1 8 8 1.94308 0.00155522 0.000786058 
2 8 8 1.95287 -0.000391199 0.00337411 
3 8 8 1.96864 -0.000603419 0.00442325 
4 8 8 1.98577 0.000191632 0.00438673 
5 8 8 2.00128 0.00134952 0.00369213 
6 8 8 2.01342 0.00247042 0.00262852 
7 8 8 2.02119 0.00337003 0.00137493 
8 8 8 2.0241 0.00400403 5.40462e-05 
9 8 8 2.02206 0.00439663 -0.00123248 
10 8 8 2.01542 0.00458786 -0.00237408 
11 8 8 2.005 0.00459918 -0.00324533 
12 8 8 1.99217 0.00441723 -0.00371112 
13 8 8 1.97876 0.00403508 -0.00367789 
14 8 8 1.96662 0.00356948 -0.00324264 
15 8 8 1.95667 0.0039652 -0.00355964 
0 9 9 1.68428 0.00553728 -0.00131732 
1 9 9 1.68932 -0.00214452 0.00152954 
2 9 9 1.69774 -0.00591483 0.00314098 
3 9 9 1.70733 -0.00659143 0.00365544 
4 9 9 1.71656 -0.00540484 0.00339979 
5 9 9 1.72433 -0.00330844 0.00266531 
6 9 9 1.72989 -0.000875532 0.00166636 
7 9 9 1.73276 0.0015846 0.000555159 
8 9 9 1.73275 0.00389378 -0.000551018 
9 9 9 1.73001 0.00591121 -0.00155115 
10 9 9 1.72506 0.00747937 -0.00234794 
11 9 9 1.7187 0.00840509 -0.00284449 
12 9 9 1.71204 0.00848311 -0.00295609 
13 9 9 1.70631 0.00760922 -0.00264612 
14 9 9 1.70261 0.00615191 -0.00205861 
15 9 9 1.70061 0.00824753 -0.00268781 
0 10 10 1.15646 0.00115806 0.000111041 
1 10 10 1.15832 -0.00363015 0.00121519 
2 10 10 1.15879 -0.00572365 0.0016993 
3 10 10 1.15871 -0.00583639 0.0016921 
4 10 10 1.15854 -0.00472323 0.0013638 
5 10 10 1.1584 -0.0029448 0.000858638 
6 10 10 1.15832 -0.000863973 0.000286345 
7 10 10 1.1583 0.00127669 -0.000277623 
8 10 10 1.15842 0.00328373 -0.000777922 
9 10 10 1.15879 0.00496952 -0.00117131 
10 10 10 1.15958 0.00614398 -0.00141947 
11 10 10 1.16087 0.00662748 -0.00149351 
12 10 10 1.16268 0.0062811 -0.00137642 
13 10 10 1.16494 0.00499657 -0.00105826 
14 10 10 1.16812 0.00262712 -0.000523098 
15 10 10 1.17416 0.0087419 -0.00181915 
0 11 11 0.435254 0.000402784 -2.39488e-05 
1 11 11 0.43423 -0.00102113 0.000174747 
2 11 11 0.431562 -0.00172348 0.000246605 
3 11 11 0.428337 -0.00185377 0.000226048 
4 11 11 0.425324 -0.00159231 0.000151786 
5 11 11 0.423014 -0.00109157 5.36451e-05 
6 11 11 0.421708 -0.000463673 -4.63066e-05 
7 11 11 0.421542 0.000205077 -0.000139955 
8 11 11 0.422533 0.000840803 -0.000220823 
9 11 11 0.424574 0.00137322 -0.000283857 
10 11 11 0.427434 0.00173846 -0.000323183 
11 11 11 0.430758 0.0018821 -0.000335254 
12 11 11 0.4341 0.00175941 -0.000313083 
13 11 11 0.436948 0.00126702 -0.000237307 
14 11 11 0.438574 -0.000710917 9.01944e-05 
15 11 11 0.439554 0.00636326 -0.00121853 
0 12 12 0.0615812 9.05481e-05 -3.464e-05 
1 12 12 0.0616735 -2.28483e-05 -1.61606e-05 
2 12 12 0.0611425 -9.17857e-05 -5.26513e-06 
3 12 12 0.0602926 -0.000120919 -4.39791e-07 
4 12 12 0.05937 -0.000119929 6.19529e-07 
5 12 12 0.0585482 -9.92854e-05 -6.48876e-07 
6 12 12 0.057947 -6.61134e-05 -2.59564e-06 
7 12 12 0.0576289 -2.63764e-05 -6.12957e-06 
8 12 12 0.0576194 1.51757e-05 -1.10991e-05 
9 12 12 0.0579097 5.33714e-05 -1.70738e-05 
10 12 12 0.0584579 8.43165e-05 -2.33226e-05 
11 12 12 0.0591871 0.000103595 -2.91584e-05 
12 12 12 0.0599826 0.000105784 -3.1732e-05 
13 12 12 0.0606941 8.02176e-05 -2.75134e-05 
14 12 12 0.0607878 -0.000166289 3.78168e-05 
15 12 12 0.0568431 0.0019858 -0.000432772 
0 13 13 0 0 0 
1 13 13 0 0 0 
2 13 13 0 0 0 
3 13 13 0 0 0 
4 13 13 0 0 0 
5 13 13 0 0 0 
6 13 13 0 0 0 
7 13 13 0 0 0 
8 13 13 0 0 0 
9 13 13 0 0 0 
10 13 13 0 0 0 
11 13 13 0 0 0 
12 13 13 0 0 0 
13 13 13 0 0 0 
14 13 13 0 0 0 
15 13 13 0 0 0 
0 14 14 0 0 0 
1 14 14 0 0 0 
2 14 14 0 0 0 
3 14 14 0 0 0 
4 14 14 0 0 0 
5 14 14 0 0 0 
6 14 14 0 0 0 
7 14 14 0 0 0 
8 14 14 0 0 0 
9 14 14 0 0 0 
10 14 14 0 0 0 
11 14 14 0 0 0 
12 14 14 0 0 0 
13 14 14 0 0 0 
14 14 14 0 0 0 
15 14 14 0 0 0 
0 15 15 0 0 0 
1 15 15 0 0 0 
2 15 15 0 0 0 
3 15 15 0 0 0 
4 15 15 0 0 0 
5 15 15 0 0 0 
6 15 15 0 0 0 
7 15 15 0 0 0 
8 15 15 0 0 0 
9 15 15 0 0 0 
10 15 15 0 0 0 
11 15 15 0 0 0 
12 15 15 0 0 0 
13 15 15 0 0 0 
14 15 15 0 0 0 
15 15 15 0 0 0 
0 0 0 0 0 0 
1 0 0 0 0 0 
2 0 0 0 0 0 
3 0 0 0 0 0 
4 0 0 0 0 0 
5 0 0 0 0 0 
6 0 0 0 0 0 
7 0 0 0 0 0 
8 0 0 0 0 0 
9 0 0 0 0 0 
10 0 0 0 0 0 
11 0 0 0 0 0 
12 0 0 0 0 0 
13 0 0 0 0 0 
14 0 0 0 0 0 
15 0 0 0 0 0 
0 1 1 0 0 0 
1 1 1 0 0 0 
2 1 1 0 0 0 
3 1 1 0 0 0 
4 1 1 0 0 0 
5 1 1 0 0 0 
6 1 1 0 0 0 
7 1 1 0 0 0 
8 1 1 0 0 0 
9 1 1 0 0 0 
10 1 1 0 0 0 
11 1 1 0 0 0 
12 1 1 0 0 0 
13 1 1 0 0 0 
14 1 1 0 0 0 
15 1 1 0 0 0 
0 2 2 0 0 0 
1 2 2 0 0 0 
2 2 2 0 0 0 
3 2 2 0 0 0 
4 2 2 0 0 0 
5 2 2 0 0 0 
6 2 2 0 0 0 
7 2 2 0 0 0 
8 2 2 0 0 0 
9 2 2 0 0 0 
10 2 2 0 0 0 
11 2 2 0 0 0 
12 2 2 0 0 0 
13 2 2 0 0 0 
14 2 2 0 0 0 
15 2 2 0 0 0 
0 3 3 0.0164986 -4.9523e-05 -1.15686e-05 
1 3 3 0.0166414 -1.50902e-05 -6.10065e-06 
2 3 3 0.0165578 1.09957e-05 -5.97975e-07 
3 3 3 0.0163308 2.74403e-05 4.09072e-06 
4 3 3 0.0160389 3.55547e-05 7.11249e-06 
5 3 3 0.0157404 3.69478e-05 8.69707e-06 
6 3 3 0.0154781 3.32574e-05 8.90693e-06 
7 3 3 0.0152799 2.57875e-05 7.76947e-06 
8 3 3 0.0151659 1.57009e-05 5.11423e-06 
9 3 3 0.0151437 4.05163e-06 1.11878e-06 
10 3 3 0.0152099 -7.57353e-06 -3.71953e-06 
11 3 3 0.0153501 -1.74011e-05 -8.23482e-06 
12 3 3 0.0155377 -2.34422e-05 -1.11108e-05 
13 3 3 0.0157299 -2.2471e-05 -1.12321e-05 
14 3 3 0.0157312 6.6607e-05 3.33214e-06 
15 3 3 0.0142288 -0.000883287 1.27097e-05 
0 4 4 0.315971 -0.000101693 -4.01399e-05 
1 4 4 0.314107 0.000922096 -0.000190548 
2 4 4 0.310745 0.00150419 -0.000279941 
3 4 4 0.306866 0.00170034 -0.000312248 
4 4 4 0.303213 0.0016046 -0.000300562 
5 4 4 0.300273 0.00130543 -0.000254688 
6 4 4 0.298335 0.000875938 -0.000186667 
7 4 4 0.297524 0.000381018 -0.000107777 
8 4 4 0.297839 -0.000118759 -2.96111e-05 
9 4 4 0.299146 -0.000564091 3.4211e-05 
10 4 4 0.301191 -0.000897469 7.06769e-05 
11 4 4 0.303627 -0.00107111 7.40924e-05 
12 4 4 0.306049 -0.00104665 4.57444e-05 
13 4 4 0.308001 -0.000741269 -1.75437e-05 
14 4 4 0.308694 0.000850408 -0.000266336 
15 4 4 0.307363 -0.00545638 0.00040564 
0 5 5 1.05557 0.00110669 1.64337e-06 
1 5 5 1.05341 0.00549949 -0.00077181 
2 5 5 1.04909 0.00776183 -0.00118645 
3 5 5 1.04392 0.00827807 -0.00132222 
4 5 5 1.03889 0.0075447 -0.00126132 
5 5 5 1.03461 0.00597841 -0.00105583 
6 5 5 1.03144 0.00390371 -0.000746521 
7 5 5 1.02953 0.00159439 -0.000372494 
8 5 5 1.0289 -0.0006899 2.17017e-05 
9 5 5 1.02945 -0.00269103 0.000384481 
10 5 5 1.03097 -0.00416069 0.00066245 
11 5 5 1.03315 -0.00488781 0.000806916 
12 5 5 1.0356 -0.00472452 0.000781475 
13 5 5 1.03791 -0.00354421 0.000558339 
14 5 5 1.04042 -0.000934026 4.94683e-05 
15 5 5 1.0462 -0.00763453 0.00129611 
0 6 6 1.64057 -0.000866255 0.000857151 
1 6 6 1.64397 0.00664972 -0.00136192 
2 6 6 1.64905 0.0110597 -0.00250595 
3 6 6 1.65398 0.0127014 -0.00281308 
4 6 6 1.65776 0.0123375 -0.00260848 
5 6 6 1.65993 0.0106125 -0.00211669 
6 6 6 1.66034 0.00798896 -0.00145854 
7 6 6 1.65904 0.00483157 -0.000702287 
8 6 6 1.65618 0.00148254 9.57413e-05 
9 6 6 1.65203 -0.00170999 0.000865207 
10 6 6 1.64701 -0.00438144 0.00152023 
11 6 6 1.64167 -0.00617217 0.00196236 
12 6 6 1.63666 -0.00676981 0.00209642 
13 6 6 1.6327 -0.00601614 0.00186792 
14 6 6 1.6305 -0.00429291 0.00138425 
15 6 6 1.62958 -0.00668614 0.00222702 
0 7 7 1.93241 -0.000523885 0.0028928 
1 7 7 1.93067 0.00362107 -0.00102345 
2 7 7 1.93999 0.00662986 -0.0033731 
3 7 7 1.95453 0.008324 -0.00424716 
4 7 7 1.96979 0.00891486 -0.00413276 
5 7 7 1.98302 0.00861909 -0.00345498 
6 7 7 1.99274 0.00759843 -0.00247363 
7 7 7 1.99822 0.00601073 -0.00133501 
8 7 7 1.9992 0.00404761 -0.000133386 
9 7 7 1.99579 0.00193858 0.00104338 
10 7 7 1.98842 -5.8949e-05 0.00209471 
11 7 7 1.97793 -0.00168139 0.00289484 
12 7 7 1.9656 -0.00267673 0.00330409 
13 7 7 1.9531 -0.00288024 0.0032278 
14 7 7 1.94204 -0.00240222 0.00277421 
15 7 7 1.93303 -0.00269016 0.00315122 
0 8 8 1.94496 0.00553296 0.003262 
1 8 8 1.94285 0.00158782 -0.000922076 
2 8 8 1.95263 -0.000340694 -0.00357103 
3 8 8 1.96839 -0.000541793 -0.00468617 
4 8 8 1.98547 0.000254375 -0.00470076 
5 8 8 2.00092 0.00140308 -0.00402741 
6 8 8 2.013 0.00250605 -0.00294319 
7 8 8 2.0207 0.00338261 -0.00163047 
8 8 8 2.02355 0.00399234 -0.000225155 
9 8 8 2.02146 0.00436723 0.00114899 
10 8 8 2.01479 0.00455056 0.00236381 
11 8 8 2.00437 0.00456578 0.00327604 
12 8 8 1.99156 0.00440002 0.00373613 
13 8 8 1.97818 0.00404115 0.00364609 
14 8 8 1.96607 0.00359838 0.003121 
15 8 8 1.95614 0.0040076 0.00335164 
0 9 9 1.68416 0.00554356 0.00130238 
1 9 9 1.68921 -0.00210511 -0.00162851 
2 9 9 1.69764 -0.00584735 -0.00334575 
3 9 9 1.70723 -0.00650901 -0.0039532 
4 9 9 1.71644 -0.00532424 -0.00374859 
5 9 9 1.72418 -0.00324515 -0.00301083 
6 9 9 1.7297 -0.000841159 -0.00195293 
7 9 9 1.73251 0.00158524 -0.000741976 
8 9 9 1.73245 0.00386289 0.000480398 
9 9 9 1.72968 0.00585854 0.00158606 
10 9 9 1.7247 0.00741993 0.00245469 
11 9 9 1.71834 0.00835546 0.00297302 
12 9 9 1.71169 0.00845826 0.00304812 
13 9 9 1.70598 0.00761671 0.00264815 
14 9 9 1.7023 0.00618957 0.00194394 
15 9 9 1.70032 0.00830397 0.00246878 
0 10 10 1.15638 0.00118255 -0.000182475 
1 10 10 1.15827 -0.00358052 -0.00140026 
2 10 10 1.15874 -0.00566219 -0.00196171 
3 10 10 1.15866 -0.00577898 -0.00197433 
4 10 10 1.15847 -0.00468368 -0.00160335 
5 10 10 1.15831 -0.00293156 -0.00100894 
6 10 10 1.1582 -0.000878988 -0.000320418 
7 10 10 1.15815 0.00123752 0.000357172 
8 10 10 1.15824 0.00322973 0.00094245 
9 10 10 1.1586 0.00491342 0.0013718 
10 10 10 1.15938 0.00609936 0.00160135 
11 10 10 1.16068 0.00660493 0.00160473 
12 10 10 1.16249 0.00628672 0.00138055 
13 10 10 1.16476 0.00502892 0.000941784 
14 10 10 1.16795 0.00267745 0.000304889 
15 10 10 1.174 0.00879709 0.00154629 
0 11 11 0.435207 0.000421255 -7.81348e-05 
1 11 11 0.434192 -0.000999104 -0.000302015 
2 11 11 0.431528 -0.00170487 -0.000355965 
3 11 11 0.428302 -0.00184476 -0.000284071 
4 11 11 0.425281 -0.00159561 -0.000140514 
5 11 11 0.422961 -0.00110727 2.57782e-05 
6 11 11 0.421641 -0.000488183 0.000180739 
7 11 11 0.421463 0.000176799 0.000298763 
8 11 11 0.422443 0.000814817 0.000368412 
9 11 11 0.424478 0.00135511 0.000387311 
10 11 11 0.427335 0.00173202 0.000361183 
11 11 11 0.430661 0.00188828 0.000297952 
12 11 11 0.434009 0.00177735 0.000208927 
13 11 11 0.436865 0.00129224 8.75898e-05 
14 11 11 0.438498 -0.000684578 -0.000253152 
15 11 11 0.439481 0.00638464 0.00107755 
0 12 12 0.061568 9.26381e-05 1.51279e-05 
1 12 12 0.0616617 -2.08929e-05 -2.9573e-06 
2 12 12 0.0611315 -9.05178e-05 -5.12987e-06 
3 12 12 0.0602826 -0.000121078 2.97227e-06 
4 12 12 0.0593585 -0.000121473 1.59517e-05 
5 12 12 0.0585361 -0.000102243 2.84508e-05 
6 12 12 0.0579324 -6.97044e-05 3.75596e-05 
7 12 12 0.057612 -2.99464e-05 4.0756e-05 
8 12 12 0.0576005 1.2359e-05 3.82922e-05 
9 12 12 0.0578895 5.18945e-05 3.15817e-05 
10 12 12 0.0584381 8.44608e-05 2.2844e-05 
11 12 12 0.0591668 0.000105063 1.37288e-05 
12 12 12 0.0599634 0.000108633 6.18987e-06 
13 12 12 0.0606764 8.3477e-05 -2.93082e-06 
14 12 12 0.0607714 -0.000163349 -6.61631e-05 
15 12 12 0.0568281 0.00198758 0.000413212 
0 13 13 0 0 0 
1 13 13 0 0 0 
2 13 13 0 0 0 
3 13 13 0 0 0 
4 13 13 0 0 0 
5 13 13 0 0 0 
6 13 13 0 0 0 
7 13 13 0 0 0 
8 13 13 0 0 0 
9 13 13 0 0 0 
10 13 13 0 0 0 
11 13 13 0 0 0 
12 13 13 0 0 0 
13 13 13 0 0 0 
14 13 13 0 0 0 
15 13 13 0 0 0 
0 14 14 0 0 0 
1 14 14 0 0 0 
2 14 14 0 0 0 
3 14 14 0 0 0 
4 14 14 0 0 0 
5 14 14 0 0 0 
6 14 14 0 0 0 
7 14 14 0 0 0 
8 14 14 0 0 0 
9 14 14 0 0 0 
10 14 14 0 0 0 
11 14 14 0 0 0 
12 14 14 0 0 0 
13 14 14 0 0 0 
14 14 14 0 0 0 
15 14 14 0 0 0 
0 15 15 0 0 0 
1 15 15 0 0 0 
2 15 15 0 0 0 
3 15 15 0 0 0 
4 15 15 0 0 0 
5 15 15 0 0 0 
6 15 15 0 0 0 
7 15 15 0 0 0 
8 15 15 0 0 0 
9 15 15 0 0 0 
10 15 15 0 0 0 
11 15 15 0 0 0 
12 15 15 0 0 0 
13 15 15 0 0 0 
14 15 15 0 0 0 
15 15 15 0 0 0 
0 0 0 0 0 0 
1 0 0 0 0 0 
2 0 0 0 0 0 
3 0 0 0 0 0 
4 0 0 0 0 0 
5 0 0 0 0 0 
6 0 0 0 0 0 
7 0 0 0 0 0 
8 0 0 0 0 0 
9 0 0 0 0 0 
10 0 0 0 0 0 
11 0 0 0 0 0 
12 0 0 0 0 0 
13 0 0 0 0 0 
14 0 0 0 0 0 
15 0 0 0 0 0 
0 1 1 0 0 0 
1 1 1 0 0 0 
2 1 1 0 0 0 
3 1 1 0 0 0 
4 1 1 0 0 0 
5 1 1 0 0 0 
6 1 1 0 0 0 
7 1 1 0 0 0 
8 1 1 0 0 0 
9 1 1 0 0 0 
10 1 1 0 0 0 
11 1 1 0 0 0 
12 1 1 0 0 0 
13 1 1 0 0 0 
14 1 1 0 0 0 
15 1 1 0 0 0 
0 2 2 0 0 0 
1 2 2 0 0 0 
2 2 2 0 0 0 
3 2 2 0 0 0 
4 2 2 0 0 0 
5 2 2 0 0 0 
6 2 2 0 0 0 
7 2 2 0 0 0 
8 2 2 0 0 0 
9 2 2 0 0 0 
10 2 2 0 0 0 
11 2 2 0 0 0 
12 2 2 0 0 0 
13 2 2 0 0 0 
14 2 2 0 0 0 
15 2 2 0 0 0 
0 3 3 0 0 0 
1 3 3 0 0 0 
2 3 3 0 0 0 
3 3 3 0 0 0 
4 3 3 0 0 0 
5 3 3 0 0 0 
6 3 3 0 0 0 
7 3 3 0 0 0 
8 3 3 0 0 0 
9 3 3 0 0 0 
10 3 3 0 0 0 
11 3 3 0 0 0 
12 3 3 0 0 0 
13 3 3 0 0 0 
14 3 3 0 0 0 
15 3 3 0 0 0 
0 4 4 0.192662 -0.00014605 6.64269e-05 
1 4 4 0.191712 0.000365647 -0.000176897 
2 4 4 0.189546 0.000649889 -0.000367469 
3 4 4 0.186874 0.00073722 -0.000490161 
4 4 4 0.184258 0.000683928 -0.000542591 
5 4 4 0.182075 0.000537053 -0.000527511 
6 4 4 0.180563 0.000334517 -0.000455376 
7 4 4 0.179836 0.000107832 -0.000340407 
8 4 4 0.179918 -0.000117152 -0.000203012 
9 4 4 0.180735 -0.000315503 -6.32367e-05 
10 4 4 0.182124 -0.000463854 5.46733e-05 
11 4 4 0.183852 -0.000541968 0.000131463 
12 4 4 0.185628 -0.000531594 0.000151719 
13 4 4 0.187097 -0.000387335 9.07799e-05 
14 4 4 0.187389 0.000545164 -0.000351414 
15 4 4 0.183701 -0.00377966 0.00144527 
0 5 5 0.781958 0.000860508 0.000199548 
1 5 5 0.778718 0.0035332 -0.00119522 
2 5 5 0.773462 0.00483089 -0.00205428 
3 5 5 0.767635 0.00500259 -0.00246215 
4 5 5 0.762272 0.00438056 -0.00250917 
5 5 5 0.758027 0.00325855 -0.00225657 
6 5 5 0.755251 0.00186822 -0.00176042 
7 5 5 0.754073 0.000398945 -0.00108618 
8 5 5 0.754452 -0.000982747 -0.000320834 
9 5 5 0.75619 -0.00212552 0.000432767 
10 5 5 0.758942 -0.00289525 0.00105985 
11 5 5 0.762247 -0.00318971 0.00145301 
12 5 5 0.765553 -0.00294486 0.00152457 
13 5 5 0.768312 -0.00205926 0.0011677 
14 5 5 0.770478 0.000296821 -0.000159972 
15 5 5 0.776123 -0.00628722 0.0036086 
0 6 6 1.35931 0.0010712 0.000744966 
1 6 6 1.36063 0.00610201 -0.00312138 
2 6 6 1.36054 0.00885013 -0.00504832 
3 6 6 1.3594 0.00957956 -0.0055489 
4 6 6 1.35761 0.00880949 -0.00515646 
5 6 6 1.35549 0.0070328 -0.00421375 
6 6 6 1.35325 0.00466145 -0.00290923 
7 6 6 1.35104 0.00204378 -0.00136918 
8 6 6 1.34898 -0.000510235 0.0002774 
9 6 6 1.34721 -0.00272017 0.00186509 
10 6 6 1.34586 -0.00433333 0.0031952 
11 6 6 1.34505 -0.00514118 0.00405234 
12 6 6 1.34483 -0.005004 0.00424362 
13 6 6 1.34525 -0.0038764 0.00362987 
14 6 6 1.34677 -0.00194008 0.00225594 
15 6 6 1.35007 -0.00527627 0.00574978 
0 7 7 1.65582 0.00082522 0.00312913 
1 7 7 1.65986 0.00425403 -0.00407768 
2 7 7 1.66611 0.00669297 -0.00790424 
3 7 7 1.6726 0.00791789 -0.00898714 
4 7 7 1.67813 0.00800562 -0.00831627 
5 7 7 1.68205 0.00715422 -0.0066392 
6 7 7 1.684 0.00561876 -0.00440255 
7 7 7 1.68389 0.00368256 -0.00187875 
8 7 7 1.68178 0.00163518 0.000723754 
9 7 7 1.67794 -0.000255237 0.00318725 
10 7 7 1.67282 -0.00175407 0.0052608 
11 7 7 1.66709 -0.00267575 0.00665652 
12 7 7 1.66153 -0.00289355 0.00709441 
13 7 7 1.65702 -0.00238277 0.00641213 
14 7 7 1.65438 -0.00136739 0.004943 
15 7 7 1.65313 -0.00183018 0.00730934 
0 8 8 1.67124 0.00294152 0.00355987 
1 8 8 1.67588 0.00137144 -0.00440649 
2 8 8 1.68331 0.00115397 -0.00882812 
3 8 8 1.69142 0.00165976 -0.0102063 
4 8 8 1.69881 0.00229206 -0.00951107 
5 8 8 1.70462 0.00271199 -0.00755333 
6 8 8 1.70829 0.00283207 -0.0048797 
7 8 8 1.70954 0.00271863 -0.00186904 
8 8 8 1.70834 0.00249756 0.00117946 
9 8 8 1.70493 0.00228754 0.003986 
10 8 8 1.6998 0.00215823 0.00626273 
11 8 8 1.6937 0.00212003 0.00771055 
12 8 8 1.68758 0.00212891 0.00805583 
13 8 8 1.68248 0.00211802 0.00716705 
14 8 8 1.67935 0.0021056 0.00544997 
15 8 8 1.67776 0.00318999 0.00747041 
0 9 9 1.41363 0.00259441 0.000750855 
1 9 9 1.41768 -0.00139681 -0.00462634 
2 9 9 1.42126 -0.00305039 -0.0073794 
3 9 9 1.42437 -0.00313521 -0.00793774 
4 9 9 1.42692 -0.00240033 -0.00697097 
5 9 9 1.42875 -0.00131833 -0.00507005 
6 9 9 1.4297 -0.000111184 -0.00268201 
7 9 9 1.42966 0.00113524 -0.000150719 
8 9 9 1.42872 0.0023725 0.00224442 
9 9 9 1.42709 0.00352994 0.00425933 
10 9 9 1.42514 0.00449065 0.00567692 
11 9 9 1.42332 0.00509634 0.00630912 
12 9 9 1.42207 0.00517747 0.00602866 
13 9 9 1.42178 0.00460081 0.00481083 
14 9 9 1.42309 0.00347327 0.00293773 
15 9 9 1.42616 0.00678367 0.00588732 
0 10 10 0.885128 0.000892081 -0.000564266 
1 10 10 0.88475 -0.00185073 -0.00260136 
2 10 10 0.882689 -0.00315391 -0.00340383 
3 10 10 0.880108 -0.00339871 -0.00323523 
4 10 10 0.877721 -0.00295757 -0.00243531 
5 10 10 0.875919 -0.00209647 -0.00130903 
6 10 10 0.874903 -0.000985139 -8.83241e-05 
7 10 10 0.874778 0.000251779 0.00105399 
8 10 10 0.875591 0.00149578 0.00199446 
9 10 10 0.877324 0.00261306 0.00264392 
10 10 10 0.879869 0.0034585 0.00294571 
11 10 10 0.882999 0.00388986 0.00287239 
12 10 10 0.886366 0.00378829 0.00242957 
13 10 10 0.889579 0.00300295 0.00160441 
14 10 10 0.892835 0.00086899 5.5619e-05 
15 10 10 0.899994 0.0072724 0.00407331 
0 11 11 0.252911 0.000365604 -6.65564e-06 
1 11 11 0.252333 -0.000360359 -0.000291874 
2 11 11 0.250419 -0.000782614 -0.000357741 
3 11 11 0.247973 -0.000945347 -0.000266432 
4 11 11 0.245591 -0.00091223 -9.16416e-05 
5 11 11 0.243679 -0.000742139 0.000104059 
6 11 11 0.242489 -0.00047917 0.000279089 
7 11 11 0.242145 -0.000163068 0.000408032 
8 11 11 0.242671 0.000168075 0.000481746 
9 11 11 0.243993 0.00047302 0.000501089 
10 11 11 0.245946 0.000711277 0.000474111 
11 11 11 0.24827 0.000844837 0.000409865 
12 11 11 0.250636 0.000840614 0.000316537 
13 11 11 0.252643 0.000630514 0.000178788 
14 11 11 0.253441 -0.000590213 -0.000345657 
15 11 11 0.251341 0.00443577 0.0021254 
0 12 12 0.0223591 3.97335e-05 5.36973e-06 
1 12 12 0.0224635 -9.02314e-07 4.88587e-06 
2 12 12 0.0222962 -2.85123e-05 8.64872e-06 
3 12 12 0.0219808 -4.38301e-05 1.46e-05 
4 12 12 0.0216134 -4.84441e-05 2.05742e-05 
5 12 12 0.0212699 -4.5535e-05 2.45829e-05 
6 12 12 0.0210005 -3.66513e-05 2.58697e-05 
7 12 12 0.0208346 -2.37671e-05 2.39406e-05 
8 12 12 0.0207863 -8.48979e-06 1.94259e-05 
9 12 12 0.0208569 6.93775e-06 1.32518e-05 
10 12 12 0.0210356 2.08372e-05 6.94467e-06 
11 12 12 0.0212952 3.09709e-05 1.56469e-06 
12 12 12 0.0215943 3.51675e-05 -1.96144e-06 
13 12 12 0.0218719 2.89604e-05 -3.42454e-06 
14 12 12 0.0218823 -6.51425e-05 -7.34144e-06 
15 12 12 0.019983 0.000824671 0.000367899 
0 13 13 0 0 0 
1 13 13 0 0 0 
2 13 13 0 0 0 
3 13 13 0 0 0 
4 13 13 0 0 0 
5 13 13 0 0 0 
6 13 13 0 0 0 
7 13 13 0 0 0 
8 13 13 0 0 0 
9 13 13 0 0 0 
10 13 13 0 0 0 
11 13 13 0 0 0 
12 13 13 0 0 0 
13 13 13 0 0 0 
14 13 13 0 0 0 
15 13 13 0 0 0 
0 14 14 0 0 0 
1 14 14 0 0 0 
2 14 14 0 0 0 
3 14 14 0 0 0 
4 14 14 0 0 0 
5 14 14 0 0 0 
6 14 14 0 0 0 
7 14 14 0 0 0 
8 14 14 0 0 0 
9 14 14 0 0 0 
10 14 14 0 0 0 
11 14 14 0 0 0 
12 14 14 0 0 0 
13 14 14 0 0 0 
14 14 14 0 0 0 
15 14 14 0 0 0 
0 15 15 0 0 0 
1 15 15 0 0 0 
2 15 15 0 0 0 
3 15 15 0 0 0 
4 15 15 0 0 0 
5 15 15 0 0 0 
6 15 15 0 0 0 
7 15 15 0 0 0 
8 15 15 0 0 0 
9 15 15 0 0 0 
10 15 15 0 0 0 
11 15 15 0 0 0 
12 15 15 0 0 0 
13 15 15 0 0 0 
14 15 15 0 0 0 
15 15 15 0 0 0 
0 0 0 0 0 0 
1 0 0 0 0 0 
2 0 0 0 0 0 
3 0 0 0 0 0 
4 0 0 0 0 0 
5 0 0 0 0 0 
6 0 0 0 0 0 
7 0 0 0 0 0 
8 0 0 0 0 0 
9 0 0 0 0 0 
10 0 0 0 0 0 
11 0 0 0 0 0 
12 0 0 0 0 0 
13 0 0 0 0 0 
14 0 0 0 0 0 
15 0 0 0 0 0 
0 1 1 0 0 0 
1 1 1 0 0 0 
2 1 1 0 0 0 
3 1 1 0 0 0 
4 1 1 0 0 0 
5 1 1 0 0 0 
6 1 1 0 0 0 
7 1 1 0 0 0 
8 1 1 0 0 0 
9 1 1 0 0 0 
10 1 1 0 0 0 
11 1 1 0 0 0 
12 1 1 0 0 0 
13 1 1 0 0 0 
14 1 1 0 0 0 
15 1 1 0 0 0 
0 2 2 0 0 0 
1 2 2 0 0 0 
2 2 2 0 0 0 
3 2 2 0 0 0 
4 2 2 0 0 0 
5 2 2 0 0 0 
6 2 2 0 0 0 
7 2 2 0 0 0 
8 2 2 0 0 0 
9 2 2 0 0 0 
10 2 2 0 0 0 
11 2 2 0 0 0 
12 2 2 0 0 0 
13 2 2 0 0 0 
14 2 2 0 0 0 
15 2 2 0 0 0 
0 3 3 0 0 0 
1 3 3 0 0 0 
2 3 3 0 0 0 
3 3 3 0 0 0 
4 3 3 0 0 0 
5 3 3 0 0 0 
6 3 3 0 0 0 
7 3 3 0 0 0 
8 3 3 0 0 0 
9 3 3 0 0 0 
10 3 3 0 0 0 
11 3 3 0 0 0 
12 3 3 0 0 0 
13 3 3 0 0 0 
14 3 3 0 0 0 
15 3 3 0 0 0 
0 4 4 0.0750952 -0.000103577 4.55107e-05 
1 4 4 0.0750149 2.32891e-05 -6.72936e-05 
2 4 4 0.0742162 8.74338e-05 -0.000166275 
3 4 4 0.0730466 0.000100922 -0.000238275 
4 4 4 0.0717943 8.29288e-05 -0.000277819 
5 4 4 0.0706712 4.77326e-05 -0.000283301 
6 4 4 0.0698133 5.9195e-06 -0.000258114 
7 4 4 0.0692994 -3.59136e-05 -0.000207992 
8 4 4 0.069165 -7.3515e-05 -0.000142684 
9 4 4 0.0694005 -0.000105041 -7.205e-05 
10 4 4 0.0699507 -0.000127943 -8.20187e-06 
11 4 4 0.0707198 -0.000139641 3.84943e-05 
12 4 4 0.0715723 -0.000136329 5.9366e-05 
13 4 4 0.0723237 -0.000106026 4.18286e-05 
14 4 4 0.0723557 0.000177037 -0.000190479 
15 4 4 0.0681555 -0.00191366 0.00125166 
0 5 5 0.331733 7.54946e-05 0.000252466 
1 5 5 0.329956 0.000824825 -0.000522798 
2 5 5 0.326598 0.00112131 -0.00108118 
3 5 5 0.322676 0.00106991 -0.00140998 
4 5 5 0.318957 0.000801687 -0.0015241 
5 5 5 0.315961 0.000428529 -0.00144334 
6 5 5 0.313991 2.95278e-05 -0.00119954 
7 5 5 0.313183 -0.000341501 -0.000834054 
8 5 5 0.313535 -0.00064802 -0.00040215 
9 5 5 0.314919 -0.000866855 3.41399e-05 
10 5 5 0.317081 -0.000981614 0.000406203 
11 5 5 0.319668 -0.000983042 0.000652495 
12 5 5 0.322256 -0.000863192 0.000723313 
13 5 5 0.32435 -0.000569593 0.000546202 
14 5 5 0.32503 0.000639378 -0.000617403 
15 5 5 0.323447 -0.00390841 0.00358477 
0 6 6 0.797881 0.0012073 0.00025631 
1 6 6 0.795177 0.00307887 -0.00217205 
2 6 6 0.790496 0.00378678 -0.00355073 
3 6 6 0.785223 0.00355731 -0.0040768 
4 6 6 0.780337 0.0027141 -0.00396672 
5 6 6 0.776453 0.00156044 -0.00337831 
6 6 6 0.773905 0.000334656 -0.00243461 
7 6 6 0.772833 -0.000790183 -0.0012552 
8 6 6 0.773212 -0.00169213 2.11131e-05 
9 6 6 0.77489 -0.00229377 0.00123312 
10 6 6 0.777565 -0.00255033 0.00220857 
11 6 6 0.780815 -0.0024521 0.00278542 
12 6 6 0.784122 -0.00201704 0.00283356 
13 6 6 0.786961 -0.00123108 0.00219773 
14 6 6 0.789291 0.00037873 6.46795e-05 
15 6 6 0.795039 -0.00371725 0.00641307 
0 7 7 1.0977 0.00180338 0.000171238 
1 7 7 1.09709 0.00356272 -0.00420576 
2 7 7 1.09457 0.00433065 -0.00637727 
3 7 7 1.09126 0.00415821 -0.00685085 
4 7 7 1.08793 0.00328957 -0.00618033 
5 7 7 1.08505 0.00202739 -0.00477871 
6 7 7 1.08285 0.000657948 -0.00292724 
7 7 7 1.08148 -0.000589917 -0.000850105 
8 7 7 1.08098 -0.00155337 0.00124007 
9 7 7 1.08135 -0.0021388 0.00311493 
10 7 7 1.08254 -0.00231158 0.00453843 
11 7 7 1.08438 -0.00209144 0.00528698 
12 7 7 1.08659 -0.00154361 0.00518538 
13 7 7 1.08891 -0.000755373 0.00408113 
14 7 7 1.09168 0.000249119 0.00164763 
15 7 7 1.09753 -0.00108512 0.00804055 
0 8 8 1.12155 0.00195682 -8.18555e-05 
1 8 8 1.12182 0.00197514 -0.00494229 
2 8 8 1.1203 0.00192088 -0.00724232 
3 8 8 1.11804 0.00162196 -0.00753879 
4 8 8 1.11568 0.00108009 -0.00649304 
5 8 8 1.11361 0.000413309 -0.00464191 
6 8 8 1.11201 -0.000213745 -0.00236746 
7 8 8 1.11098 -0.000658826 3.43791e-05 
8 8 8 1.1106 -0.000836149 0.00231338 
9 8 8 1.11093 -0.000730167 0.00423256 
10 8 8 1.11196 -0.000388397 0.00556907 
11 8 8 1.11362 9.18968e-05 0.00612854 
12 8 8 1.11572 0.000583353 0.00577578 
13 8 8 1.11805 0.00094271 0.00440701 
14 8 8 1.121 0.00100905 0.00179993 
15 8 8 1.12695 0.00231849 0.00808794 
0 9 9 0.866333 0.00144349 -0.000539836 
1 9 9 0.865367 0.000133242 -0.00363932 
2 9 9 0.862609 -0.000703847 -0.00495741 
3 9 9 0.859283 -0.00121711 -0.00488554 
4 9 9 0.856179 -0.0014921 -0.00389964 
5 9 9 0.853755 -0.00154611 -0.00240895 
6 9 9 0.852264 -0.0013641 -0.000717176 
7 9 9 0.851829 -0.000944473 0.00094664 
8 9 9 0.852485 -0.000325967 0.00240573 
9 9 9 0.854179 0.000405444 0.00351445 
10 9 9 0.856751 0.00112732 0.00415766 
11 9 9 0.859918 0.00169842 0.00425426 
12 9 9 0.863282 0.00198099 0.00376708 
13 9 9 0.866413 0.00181735 0.00262946 
14 9 9 0.869463 0.000738489 0.00020469 
15 9 9 0.876293 0.00460203 0.00669907 
0 10 10 0.416628 0.000656236 -9.33958e-05 
1 10 10 0.41543 -0.00034677 -0.00108094 
2 10 10 0.412564 -0.0010268 -0.00142121 
3 10 10 0.409118 -0.00140792 -0.00127701 
4 10 10 0.405873 -0.00153047 -0.000841944 
5 10 10 0.403345 -0.00143192 -0.000282751 
6 10 10 0.401842 -0.00114495 0.000284317 
7 10 10 0.401513 -0.000712458 0.000780915 
8 10 10 0.40237 -0.00019258 0.00116066 
9 10 10 0.404295 0.000339761 0.00139719 
10 10 10 0.407048 0.000802204 0.00147951 
11 10 10 0.410267 0.00111382 0.00140594 
12 10 10 0.413502 0.00120443 0.00117997 
13 10 10 0.416225 0.000969619 0.000749433 
14 10 10 0.417628 -0.000443888 -0.000753386 
15 10 10 0.418508 0.00452787 0.00446888 
0 11 11 0.0968203 0.000153143 7.7643e-05 
1 11 11 0.0967858 -5.15631e-05 -4.92337e-05 
2 11 11 0.095934 -0.000203494 -7.87921e-05 
3 11 11 0.0946866 -0.000297297 -4.07113e-05 
4 11 11 0.0933781 -0.000336062 3.08591e-05 
5 11 11 0.0922451 -0.000327454 0.000106749 
6 11 11 0.0914437 -0.000277502 0.000169374 
7 11 11 0.0910576 -0.000196094 0.000209434 
8 11 11 0.0911161 -9.51852e-05 0.000225873 
9 11 11 0.0915976 9.80974e-06 0.000221899 
10 11 11 0.092434 0.000103376 0.000203534 
11 11 11 0.0935053 0.000169888 0.000175565 
12 11 11 0.0946489 0.000195766 0.00014048 
13 11 11 0.0956471 0.000160127 8.55109e-05 
14 11 11 0.0958398 -0.000226837 -0.000240106 
15 11 11 0.0918379 0.00216744 0.00171359 
0 12 12 0 0 0 
1 12 12 0 0 0 
2 12 12 0 0 0 
3 12 12 0 0 0 
4 12 12 0 0 0 
5 12 12 0 0 0 
6 12 12 0 0 0 
7 12 12 0 0 0 
8 12 12 0 0 0 
9 12 12 0 0 0 
10 12 12 0 0 0 
11 12 12 0 0 0 
12 12 12 0 0 0 
13 12 12 0 0 0 
14 12 12 0 0 0 
15 12 12 0 0 0 
0 13 13 0 0 0 
1 13 13 0 0 0 
2 13 13 0 0 0 
3 13 13 0 0 0 
4 13 13 0 0 0 
5 13 13 0 0 0 
6 13 13 0 0 0 
7 13 13 0 0 0 
8 13 13 0 0 0 
9 13 13 0 0 0 
10 13 13 0 0 0 
11 13 13 0 0 0 
12 13 13 0 0 0 
13 13 13 0 0 0 
14 13 13 0 0 0 
15 13 13 0 0 0 
0 14 14 0 0 0 
1 14 14 0 0 0 
2 14 14 0 0 0 
3 14 14 0 0 0 
4 14 14 0 0 0 
5 14 14 0 0 0 
6 14 14 0 0 0 
7 14 14 0 0 0 
8 14 14 0 0 0 
9 14 14 0 0 0 
10 14 14 0 0 0 
11 14 14 0 0 0 
12 14 14 0 0 0 
13 14 14 0 0 0 
14 14 14 0 0 0 
15 14 14 0 0 0 
0 15 15 0 0 0 
1 15 15 0 0 0 
2 15 15 0 0 0 
3 15 15 0 0 0 
4 15 15 0 0 0 
5 15 15 0 0 0 
6 15 15 0 0 0 
7 15 15 0 0 0 
8 15 15 0 0 0 
9 15 15 0 0 0 
10 15 15 0 0 0 
11 15 15 0 0 0 
12 15 15 0 0 0 
13 15 15 0 0 0 
14 15 15 0 0 0 
15 15 15 0 0 0 
0 0 0 0 0 0 
1 0 0 0 0 0 
2 0 0 0 0 0 
3 0 0 0 0 0 
4 0 0 0 0 0 
5 0 0 0 0 0 
6 0 0 0 0 0 
7 0 0 0 0 0 
8 0 0 0 0 0 
9 0 0 0 0 0 
10 0 0 0 0 0 
11 0 0 0 0 0 
12 0 0 0 0 0 
13 0 0 0 0 0 
14 0 0 0 0 0 
15 0 0 0 0 0 
0 1 1 0 0 0 
1 1 1 0 0 0 
2 1 1 0 0 0 
3 1 1 0 0 0 
4 1 1 0 0 0 
5 1 1 0 0 0 
6 1 1 0 0 0 
7 1 1 0 0 0 
8 1 1 0 0 0 
9 1 1 0 0 0 
10 1 1 0 0 0 
11 1 1 0 0 0 
12 1 1 0 0 0 
13 1 1 0 0 0 
14 1 1 0 0 0 
15 1 1 0 0 0 
0 2 2 0 0 0 
1 2 2 0 0 0 
2 2 2 0 0 0 
3 2 2 0 0 0 
4 2 2 0 0 0 
5 2 2 0 0 0 
6 2 2 0 0 0 
7 2 2 0 0 0 
8 2 2 0 0 0 
9 2 2 0 0 0 
10 2 2 0 0 0 
11 2 2 0 0 0 
12 2 2 0 0 0 
13 2 2 0 0 0 
14 2 2 0 0 0 
15 2 2 0 0 0 
0 3 3 0 0 0 
1 3 3 0 0 0 
2 3 3 0 0 0 
3 3 3 0 0 0 
4 3 3 0 0 0 
5 3 3 0 0 0 
6 3 3 0 0 0 
7 3 3 0 0 0 
8 3 3 0 0 0 
9 3 3 0 0 0 
10 3 3 0 0 0 
11 3 3 0 0 0 
12 3 3 0 0 0 
13 3 3 0 0 0 
14 3 3 0 0 0 
15 3 3 0 0 0 
0 4 4 0 0 0 
1 4 4 0 0 0 
2 4 4 0 0 0 
3 4 4 0 0 0 
4 4 4 0 0 0 
5 4 4 0 0 0 
6 4 4 0 0 0 
7 4 4 0 0 0 
8 4 4 0 0 0 
9 4 4 0 0 0 
10 4 4 0 0 0 
11 4 4 0 0 0 
12 4 4 0 0 0 
13 4 4 0 0 0 
14 4 4 0 0 0 
15 4 4 0 0 0 
0 5 5 0.0786846 -8.76536e-05 8.52033e-05 
1 5 5 0.078613 2.74244e-06 -6.40917e-05 
2 5 5 0.0778006 1.76087e-05 -0.000188116 
3 5 5 0.0766064 -1.70298e-05 -0.000273689 
4 5 5 0.0753265 -7.29005e-05 -0.000318648 
5 5 5 0.0741804 -0.000128335 -0.000322285 
6 5 5 0.0733077 -0.000170331 -0.000289493 
7 5 5 0.0727914 -0.000193652 -0.00022744 
8 5 5 0.0726628 -0.000198075 -0.000146832 
9 5 5 0.072918 -0.000188692 -6.01025e-05 
10 5 5 0.0734979 -0.000170515 1.89776e-05 
11 5 5 0.0743043 -0.00014806 7.74735e-05 
12 5 5 0.0751974 -0.000122226 0.000104929 
13 5 5 0.0759885 -8.0777e-05 8.8379e-05 
14 5 5 0.0760368 0.000166921 -0.000193419 
15 5 5 0.0717215 -0.0014875 0.00183672 
0 6 6 0.207141 4.7299e-05 0.000226131 
1 6 6 0.206297 0.000226164 -0.000345372 
2 6 6 0.204222 0.000184907 -0.000741804 
3 6 6 0.201634 6.6982e-06 -0.000956436 
4 6 6 0.199093 -0.000220568 -0.00101456 
5 6 6 0.196981 -0.000429113 -0.000938487 
6 6 6 0.195533 -0.000578202 -0.000755517 
7 6 6 0.194871 -0.000651568 -0.000497186 
8 6 6 0.195013 -0.00065033 -0.000200395 
9 6 6 0.195897 -0.000590752 9.24846e-05 
10 6 6 0.197363 -0.00049407 0.000338802 
11 6 6 0.199177 -0.000382547 0.000498507 
12 6 6 0.201047 -0.000272227 0.000538713 
13 6 6 0.202622 -0.000152742 0.000407717 
14 6 6 0.203082 0.000301532 -0.000509084 
15 6 6 0.199627 -0.00184045 0.00378806 
0 7 7 0.367966 0.000432304 0.000255327 
1 7 7 0.366297 0.000515285 -0.000981201 
2 7 7 0.363035 0.000286171 -0.00170105 
3 7 7 0.359227 -0.000124347 -0.00196959 
4 7 7 0.355639 -0.000572142 -0.00189152 
5 7 7 0.352796 -0.000946641 -0.00156324 
6 7 7 0.350996 -0.0011804 -0.00106428 
7 7 7 0.350378 -0.00124913 -0.000470126 
8 7 7 0.350937 -0.00116327 0.000145009 
9 7 7 0.352544 -0.000960419 0.000703232 
10 7 7 0.354945 -0.000693195 0.00113014 
11 7 7 0.357778 -0.000418437 0.00135928 
12 7 7 0.360602 -0.000185659 0.00133689 
13 7 7 0.362913 -2.42733e-05 0.000957678 
14 7 7 0.363896 0.000225459 -0.000862965 
15 7 7 0.363411 -0.000791027 0.00574324 
0 8 8 0.391624 0.000612031 0.000191163 
1 8 8 0.390021 0.000401299 -0.00111693 
2 8 8 0.386763 -1.12121e-05 -0.00176698 
3 8 8 0.382939 -0.000506713 -0.00188529 
4 8 8 0.379342 -0.000965201 -0.00163467 
5 8 8 0.376508 -0.00129372 -0.00115884 
6 8 8 0.374751 -0.00143761 -0.000562967 
7 8 8 0.374216 -0.00138587 6.7297e-05 
8 8 8 0.374901 -0.0011645 0.00066152 
9 8 8 0.376672 -0.000828234 0.00115457 
10 8 8 0.379268 -0.000448275 0.0014897 
11 8 8 0.382312 -9.91553e-05 0.00161888 
12 8 8 0.385344 0.000157524 0.00150325 
13 8 8 0.38783 0.000283238 0.00103851 
14 8 8 0.388945 0.000172348 -0.000947722 
15 8 8 0.389012 0.000801113 0.00603066 
0 9 9 0.240976 0.000376849 0.000144281 
1 9 9 0.240226 2.62487e-05 -0.000491907 
2 9 9 0.238156 -0.000351091 -0.000765097 
3 9 9 0.235551 -0.00069066 -0.000757939 
4 9 9 0.233008 -0.00093991 -0.000572731 
5 9 9 0.230936 -0.00106445 -0.000299274 
6 9 9 0.229589 -0.00104992 1.81965e-06 
7 9 9 0.229095 -0.00090558 0.00028751 
8 9 9 0.229473 -0.000661954 0.000529784 
9 9 9 0.230645 -0.000365141 0.000708261 
10 9 9 0.232442 -7.02103e-05 0.000808763 
11 9 9 0.234605 0.000169665 0.000820132 
12 9 9 0.236812 0.000311896 0.000731554 
13 9 9 0.23868 0.000316218 0.000491919 
14 9 9 0.2394 -0.00014617 -0.000635613 
15 9 9 0.236775 0.00189194 0.00428694 
0 10 10 0.0901388 0.000129202 9.9575e-05 
1 10 10 0.0901067 -4.37062e-05 -5.21042e-05 
2 10 10 0.0892895 -0.000205442 -0.000105927 
3 10 10 0.0880858 -0.000333722 -8.81883e-05 
4 10 10 0.0868149 -0.000414487 -3.03164e-05 
5 10 10 0.0857032 -0.000441855 3.90713e-05 
6 10 10 0.0849025 -0.000415184 0.000103965 
7 10 10 0.0844941 -0.000341641 0.000154477 
8 10 10 0.0845073 -0.000234694 0.000187488 
9 10 10 0.0849235 -0.000113426 0.000203501 
10 10 10 0.0856805 1.97261e-06 0.000204434 
11 10 10 0.0866653 9.13712e-05 0.000192119 
12 10 10 0.0877265 0.000138085 0.000166445 
13 10 10 0.0886589 0.000119299 0.000115468 
14 10 10 0.0888125 -0.000197928 -0.000234593 
15 10 10 0.0848213 0.00161918 0.00210318 
0 11 11 0 0 0 
1 11 11 0 0 0 
2 11 11 0 0 0 
3 11 11 0 0 0 
4 11 11 0 0 0 
5 11 11 0 0 0 
6 11 11 0 0 0 
7 11 11 0 0 0 
8 11 11 0 0 0 
9 11 11 0 0 0 
10 11 11 0 0 0 
11 11 11 0 0 0 
12 11 11 0 0 0 
13 11 11 0 0 0 
14 11 11 0 0 0 
15 11 11 0 0 0 
0 12 12 0 0 0 
1 12 12 0 0 0 
2 12 12 0 0 0 
3 12 12 0 0 0 
4 12 12 0 0 0 
5 12 12 0 0 0 
6 12 12 0 0 0 
7 12 12 0 0 0 
8 12 12 0 0 0 
9 12 12 0 0 0 
10 12 12 0 0 0 
11 12 12 0 0 0 
12 12 12 0 0 0 
13 12 12 0 0 0 
14 12 12 0 0 0 
15 12 12 0 0 0 
0 13 13 0 0 0 
1 13 13 0 0 0 
2 13 13 0 0 0 
3 13 13 0 0 0 
4 13 13 0 0 0 
5 13 13 0 0 0 
6 13 13 0 0 0 
7 13 13 0 0 0 
8 13 13 0 0 0 
9 13 13 0 0 0 
10 13 13 0 0 0 
11 13 13 0 0 0 
12 13 13 0 0 0 
13 13 13 0 0 0 
14 13 13 0 0 0 
15 13 13 0 0 0 
0 14 14 0 0 0 
1 14 14 0 0 0 
2 14 14 0 0 0 
3 14 14 0 0 0 
4 14 14 0 0 0 
5 14 14 0 0 0 
6 14 14 0 0 0 
7 14 14 0 0 0 
8 14 14 0 0 0 
9 14 14 0 0 0 
10 14 14 0 0 0 
11 14 14 0 0 0 
12 14 14 0 0 0 
13 14 14 0 0 0 
14 14 14 0 0 0 
15 14 14 0 0 0 
0 15 15 0 0 0 
1 15 15 0 0 0 
2 15 15 0 0 0 
3 15 15 0 0 0 
4 15 15 0 0 0 
5 15 15 0 0 0 
6 15 15 0 0 0 
7 15 15 0 0 0 
8 15 15 0 0 0 
9 15 15 0 0 0 
10 15 15 0 0 0 
11 15 15 0 0 0 
12 15 15 0 0 0 
13 15 15 0 0 0 
14 15 15 0 0 0 
15 15 15 0 0 0 
0 0 0 0 0 0 
1 0 0 0 0 0 
2 0 0 0 0 0 
3 0 0 0 0 0 
4 0 0 0 0 0 
5 0 0 0 0 0 
6 0 0 0 0 0 
7 0 0 0 0 0 
8 0 0 0 0 0 
9 0 0 0 0 0 
10 0 0 0 0 0 
11 0 0 0 0 0 
12 0 0 0 0 0 
13 0 0 0 0 0 
14 0 0 0 0 0 
15 0 0 0 0 0 
0 1 1 0 0 0 
1 1 1 0 0 0 
2 1 1 0 0 0 
3 1 1 0 0 0 
4 1 1 0 0 0 
5 1 1 0 0 0 
6 1 1 0 0 0 
7 1 1 0 0 0 
8 1 1 0 0 0 
9 1 1 0 0 0 
10 1 1 0 0 0 
11 1 1 0 0 0 
12 1 1 0 0 0 
13 1 1 0 0 0 
14 1 1 0 0 0 
15 1 1 0 0 0 
0 2 2 0 0 0 
1 2 2 0 0 0 
2 2 2 0 0 0 
3 2 2 0 0 0 
4 2 2 0 0 0 
5 2 2 0 0 0 
6 2 2 0 0 0 
7 2 2 0 0 0 
8 2 2 0 0 0 
9 2 2 0 0 0 
10 2 2 0 0 0 
11 2 2 0 0 0 
12 2 2 0 0 0 
13 2 2 0 0 0 
14 2 2 0 0 0 
15 2 2 0 0 0 
0 3 3 0 0 0 
1 3 3 0 0 0 
2 3 3 0 0 0 
3 3 3 0 0 0 
4 3 3 0 0 0 
5 3 3 0 0 0 
6 3 3 0 0 0 
7 3 3 0 0 0 
8 3 3 0 0 0 
9 3 3 0 0 0 
10 3 3 0 0 0 
11 3 3 0 0 0 
12 3 3 0 0 0 
13 3 3 0 0 0 
14 3 3 0 0 0 
15 3 3 0 0 0 
0 4 4 0 0 0 
1 4 4 0 0 0 
2 4 4 0 0 0 
3 4 4 0 0 0 
4 4 4 0 0 0 
5 4 4 0 0 0 
6 4 4 0 0 0 
7 4 4 0 0 0 
8 4 4 0 0 0 
9 4 4 0 0 0 
10 4 4 0 0 0 
11 4 4 0 0 0 
12 4 4 0 0 0 
13 4 4 0 0 0 
14 4 4 0 0 0 
15 4 4 0 0 0 
0 5 5 0 0 0 
1 5 5 0 0 0 
2 5 5 0 0 0 
3 5 5 0 0 0 
4 5 5 0 0 0 
5 5 5 0 0 0 
6 5 5 0 0 0 
7 5 5 0 0 0 
8 5 5 0 0 0 
9 5 5 0 0 0 
10 5 5 0 0 0 
11 5 5 0 0 0 
12 5 5 0 0 0 
13 5 5 0 0 0 
14 5 5 0 0 0 
15 5 5 0 0 0 
0 6 6 0 0 0 
1 6 6 0 0 0 
2 6 6 0 0 0 
3 6 6 0 0 0 
4 6 6 0 0 0 
5 6 6 0 0 0 
6 6 6 0 0 0 
7 6 6 0 0 0 
8 6 6 0 0 0 
9 6 6 0 0 0 
10 6 6 0 0 0 
11 6 6 0 0 0 
12 6 6 0 0 0 
13 6 6 0 0 0 
14 6 6 0 0 0 
15 6 6 0 0 0 
0 7 7 0.0416868 -2.5014e-05 6.6677e-05 
1 7 7 0.0417818 -5.54413e-05 -2.1203e-05 
2 7 7 0.0413863 -0.000104641 -8.3793e-05 
3 7 7 0.0407223 -0.000156796 -0.000119569 
4 7 7 0.0399729 -0.000196827 -0.000131586 
5 7 7 0.0392815 -0.000217276 -0.00012505 
6 7 7 0.0387384 -0.000214875 -0.00010371 
7 7 7 0.0383997 -0.000191274 -7.2191e-05 
8 7 7 0.0382911 -0.000151768 -3.47474e-05 
9 7 7 0.0384135 -0.000104446 3.03858e-06 
10 7 7 0.0387414 -5.85737e-05 3.65145e-05 
11 7 7 0.03922 -2.21497e-05 6.0293e-05 
12 7 7 0.039766 -8.01358e-07 6.92921e-05 
13 7 7 0.0402584 -1.56154e-07 5.3445e-05 
14 7 7 0.0402369 -2.65494e-05 -0.000147198 
15 7 7 0.0370166 -0.00023084 0.00148935 
0 8 8 0.0445945 -2.46245e-05 8.13915e-05 
1 8 8 0.044685 -4.55637e-05 -5.29252e-06 
2 8 8 0.0442549 -9.39832e-05 -5.68275e-05 
3 8 8 0.0435423 -0.000150784 -7.7681e-05 
4 8 8 0.0427448 -0.000198733 -7.61028e-05 
5 8 8 0.0420119 -0.000227336 -6.11781e-05 
6 8 8 0.0414424 -0.000231668 -3.78036e-05 
7 8 8 0.0410951 -0.000212678 -1.06729e-05 
8 8 8 0.0409964 -0.00017545 1.73091e-05 
9 8 8 0.0411448 -0.000128349 4.28914e-05 
10 8 8 0.0415117 -8.06416e-05 6.38884e-05 
11 8 8 0.0420368 -4.06912e-05 7.71087e-05 
12 8 8 0.0426306 -1.329e-05 7.8881e-05 
13 8 8 0.0431615 2.4717e-06 5.88906e-05 
14 8 8 0.0431407 1.63304e-05 -0.000155514 
15 8 8 0.0397719 0.000178676 0.00157381 
0 9 9 0 0 0 
1 9 9 0 0 0 
2 9 9 0 0 0 
3 9 9 0 0 0 
4 9 9 0 0 0 
5 9 9 0 0 0 
6 9 9 0 0 0 
7 9 9 0 0 0 
8 9 9 0 0 0 
9 9 9 0 0 0 
10 9 9 0 0 0 
11 9 9 0 0 0 
12 9 9 0 0 0 
13 9 9 0 0 0 
14 9 9 0 0 0 
15 9 9 0 0 0 
0 10 10 0 0 0 
1 10 10 0 0 0 
2 10 10 0 0 0 
3 10 10 0 0 0 
4 10 10 0 0 0 
5 10 10 0 0 0 
6 10 10 0 0 0 
7 10 10 0 0 0 
8 10 10 0 0 0 
9 10 10 0 0 0 
10 10 10 0 0 0 
11 10 10 0 0 0 
12 10 10 0 0 0 
13 10 10 0 0 0 
14 10 10 0 0 0 
15 10 10 0 0 0 
0 11 11 0 0 0 
1 11 11 0 0 0 
2 11 11 0 0 0 
3 11 11 0 0 0 
4 11 11 0 0 0 
5 11 11 0 0 0 
6 11 11 0 0 0 
7 11 11 0 0 0 
8 11 11 0 0 0 
9 11 11 0 0 0 
10 11 11 0 0 0 
11 11 11 0 0 0 
12 11 11 0 0 0 
13 11 11 0 0 0 
14 11 11 0 0 0 
15 11 11 0 0 0 
0 12 12 0 0 0 
1 12 12 0 0 0 
2 12 12 0 0 0 
3 12 12 0 0 0 
4 12 12 0 0 0 
5 12 12 0 0 0 
6 12 12 0 0 0 
7 12 12 0 0 0 
8 12 12 0 0 0 
9 12 12 0 0 0 
10 12 12 0 0 0 
11 12 12 0 0 0 
12 12 12 0 0 0 
13 12 12 0 0 0 
14 12 12 0 0 0 
15 12 12 0 0 0 
0 13 13 0 0 0 
1 13 13 0 0 0 
2 13 13 0 0 0 
3 13 13 0 0 0 
4 13 13 0 0 0 
5 13 13 0 0 0 
6 13 13 0 0 0 
7 13 13 0 0 0 
8 13 13 0 0 0 
9 13 13 0 0 0 
10 13 13 0 0 0 
11 13 13 0 0 0 
12 13 13 0 0 0 
13 13 13 0 0 0 
14 13 13 0 0 0 
15 13 13 0 0 0 
0 14 14 0 0 0 
1 14 14 0 0 0 
2 14 14 0 0 0 
3 14 14 0 0 0 
4 14 14 0 0 0 
5 14 14 0 0 0 
6 14 14 0 0 0 
7 14 14 0 0 0 
8 14 14 0 0 0 
9 14 14 0 0 0 
10 14 14 0 0 0 
11 14 14 0 0 0 
12 14 14 0 0 0 
13 14 14 0 0 0 
14 14 14 0 0 0 
15 14 14 0 0 0 
0 15 15 0 0 0 
1 15 15 0 0 0 
2 15 15 0 0 0 
3 15 15 0 0 0 
4 15 15 0 0 0 
5 15 15 0 0 0 
6 15 15 0 0 0 
7 15 15 0 0 0 
8 15 15 0 0 0 
9 15 15 0 0 0 
10 15 15 0 0 0 
11 15 15 0 0 0 
12 15 15 0 0 0 
13 15 15 0 0 0 
14 15 15 0 0 0 
15 15 15 0 0 0 
0 0 0 0 0 0 
1 0 0 0 0 0 
2 0 0 0 0 0 
3 0 0 0 0 0 
4 0 0 0 0 0 
5 0 0 0 0 0 
6 0 0 0 0 0 
7 0 0 0 0 0 
8 0 0 0 0 0 
9 0 0 0 0 0 
10 0 0 0 0 0 
11 0 0 0 0 0 
12 0 0 0 0 0 
13 0 0 0 0 0 
14 0 0 0 0 0 
15 0 0 0 0 0 
0 1 1 0 0 0 
1 1 1 0 0 0 
2 1 1 0 0 0 
3 1 1 0 0 0 
4 1 1 0 0 0 
5 1 1 0 0 0 
6 1 1 0 0 0 
7 1 1 0 0 0 
8 1 1 0 0 0 
9 1 1 0 0 0 
10 1 1 0 0 0 
11 1 1 0 0 0 
12 1 1 0 0 0 
13 1 1 0 0 0 
14 1 1 0 0 0 
15 1 1 0 0 0 
0 2 2 0 0 0 
1 2 2 0 0 0 
2 2 2 0 0 0 
3 2 2 0 0 0 
4 2 2 0 0 0 
5 2 2 0 0 0 
6 2 2 0 0 0 
7 2 2 0 0 0 
8 2 2 0 0 0 
9 2 2 0 0 0 
10 2 2 0 0 0 
11 2 2 0 0 0 
12 2 2 0 0 0 
13 2 2 0 0 0 
14 2 2 0 0 0 
15 2 2 0 0 0 
0 3 3 0 0 0 
1 3 3 0 0 0 
2 3 3 0 0 0 
3 3 3 0 0 0 
4 3 3 0 0 0 
5 3 3 0 0 0 
6 3 3 0 0 0 
7 3 3 0 0 0 
8 3 3 0 0 0 
9 3 3 0 0 0 
10 3 3 0 0 0 
11 3 3 0 0 0 
12 3 3 0 0 0 
13 3 3 0 0 0 
14 3 3 0 0 0 
15 3 3 0 0 0 
0 4 4 0 0 0 
1 4 4 0 0 0 
2 4 4 0 0 0 
3 4 4 0 0 0 
4 4 4 0 0 0 
5 4 4 0 0 0 
6 4 4 0 0 0 
7 4 4 0 0 0 
8 4 4 0 0 0 
9 4 4 0 0 0 
10 4 4 0 0 0 
11 4 4 0 0 0 
12 4 4 0 0 0 
13 4 4 0 0 0 
14 4 4 0 0 0 
15 4 4 0 0 0 
0 5 5 0 0 0 
1 5 5 0 0 0 
2 5 5 0 0 0 
3 5 5 0 0 0 
4 5 5 0 0 0 
5 5 5 0 0 0 
6 5 5 0 0 0 
7 5 5 0 0 0 
8 5 5 0 0 0 
9 5 5 0 0 0 
10 5 5 0 0 0 
11 5 5 0 0 0 
12 5 5 0 0 0 
13 5 5 0 0 0 
14 5 5 0 0 0 
15 5 5 0 0 0 
0 6 6 0 0 0 
1 6 6 0 0 0 
2 6 6 0 0 0 
3 6 6 0 0 0 
4 6 6 0 0 0 
5 6 6 0 0 0 
6 6 6 0 0 0 
7 6 6 0 0 0 
8 6 6 0 0 0 
9 6 6 0 0 0 
10 6 6 0 0 0 
11 6 6 0 0 0 
12 6 6 0 0 0 
13 6 6 0 0 0 
14 6 6 0 0 0 
15 6 6 0 0 0 
0 7 7 0 0 0 
1 7 7 0 0 0 
2 7 7 0 0 0 
3 7 7 0 0 0 
4 7 7 0 0 0 
5 7 7 0 0 0 
6 7 7 0 0 0 
7 7 7 0 0 0 
8 7 7 0 0 0 
9 7 7 0 0 0 
10 7 7 0 0 0 
11 7 7 0 0 0 
12 7 7 0 0 0 
13 7 7 0 0 0 
14 7 7 0 0 0 
15 7 7 0 0 0 
0 8 8 0 0 0 
1 8 8 0 0 0 
2 8 8 0 0 0 
3 8 8 0 0 0 
4 8 8 0 0 0 
5 8 8 0 0 0 
6 8 8 0 0 0 
7 8 8 0 0 0 
8 8 8 0 0 0 
9 8 8 0 0 0 
10 8 8 0 0 0 
11 8 8 0 0 0 
12 8 8 0 0 0 
13 8 8 0 0 0 
14 8 8 0 0 0 
15 8 8 0 0 0 
0 9 9 0 0 0 
1 9 9 0 0 0 
2 9 9 0 0 0 
3 9 9 0 0 0 
4 9 9 0 0 0 
5 9 9 0 0 0 
6 9 9 0 0 0 
7 9 9 0 0 0 
8 9 9 0 0 0 
9 9 9 0 0 0 
10 9 9 0 0 0 
11 9 9 0 0 0 
12 9 9 0 0 0 
13 9 9 0 0 0 
14 9 9 0 0 0 
15 9 9 0 0 0 
0 10 10 0 0 0 
1 10 10 0 0 0 
2 10 10 0 0 0 
3 10 10 0 0 0 
4 10 10 0 0 0 
5 10 10 0 0 0 
6 10 10 0 0 0 
7 10 10 0 0 0 
8 10 10 0 0 0 
9 10 10 0 0 0 
10 10 10 0 0 0 
11 10 10 0 0 0 
12 10 10 0 0 0 
13 10 10 0 0 0 
14 10 10 0 0 0 
15 10 10 0 0 0 
0 11 11 0 0 0 
1 11 11 0 0 0 
2 11 11 0 0 0 
3 11 11 0 0 0 
4 11 11 0 0 0 
5 11 11 0 0 0 
6 11 11 0 0 0 
7 11 11 0 0 0 
8 11 11 0 0 0 
9 11 11 0 0 0 
10 11 11 0 0 0 
11 11 11 0 0 0 
12 11 11 0 0 0 
13 11 11 0 0 0 
14 11 11 0 0 0 
15 11 11 0 0 0 
0 12 12 0 0 0 
1 12 12 0 0 0 
2 12 12 0 0 0 
3 12 12 0 0 0 
4 12 12 0 0 0 
5 12 12 0 0 0 
6 12 12 0 0 0 
7 12 12 0 0 0 
8 12 12 0 0 0 
9 12 12 0 0 0 
10 12 12 0 0 0 
11 12 12 0 0 0 
12 12 12 0 0 0 
13 12 12 0 0 0 
14 12 12 0 0 0 
15 12 12 0 0 0 
0 13 13 0 0 0 
1 13 13 0 0 0 
2 13 13 0 0 0 
3 13 13 0 0 0 
4 13 13 0 0 0 
5 13 13 0 0 0 
6 13 13 0 0 0 
7 13 13 0 0 0 
8 13 13 0 0 0 
9 13 13 0 0 0 
10 13 13 0 0 0 
11 13 13 0 0 0 
12 13 13 0 0 0 
13 13 13 0 0 0 
14 13 13 0 0 0 
15 13 13 0 0 0 
0 14 14 0 0 0 
1 14 14 0 0 0 
2 14 14 0 0 0 
3 14 14 0 0 0 
4 14 14 0 0 0 
5 14 14 0 0 0 
6 14 14 0 0 0 
7 14 14 0 0 0 
8 14 14 0 0 0 
9 14 14 0 0 0 
10 14 14 0 0 0 
11 14 14 0 0 0 
12 14 14 0 0 0 
13 14 14 0 0 0 
14 14 14 0 0 0 
15 14 14 0 0 0 
0 15 15 0 0 0 
1 15 15 0 0 0 
2 15 15 0 0 0 
3 15 15 0 0 0 
4 15 15 0 0 0 
5 15 15 0 0 0 
6 15 15 0 0 0 
7 15 15 0 0 0 
8 15 15 0 0 0 
9 15 15 0 0 0 
10 15 15 0 0 0 
11 15 15 0 0 0 
12 15 15 0 0 0 
13 15 15 0 0 0 
14 15 15 0 0 0 
15 15 15 0 0 0 
0 0 0 0 0 0 
1 0 0 0 0 0 
2 0 0 0 0 0 
3 0 0 0 0 0 
4 0 0 0 0 0 
5 0 0 0 0 0 
6 0 0 0 0 0 
7 0 0 0 0 0 
8 0 0 0 0 0 
9 0 0 0 0 0 
10 0 0 0 0 0 
11 0 0 0 0 0 
12 0 0 0 0 0 
13 0 0 0 0 0 
14 0 0 0 0 0 
15 0 0 0 0 0 
0 1 1 0 0 0 
1 1 1 0 0 0 
2 1 1 0 0 0 
3 1 1 0 0 0 
4 1 1 0 0 0 
5 1 1 0 0 0 
6 1 1 0 0 0 
7 1 1 0 0 0 
8 1 1 0 0 0 
9 1 1 0 0 0 
10 1 1 0 0 0 
11 1 1 0 0 0 
12 1 1 0 0 0 
13 1 1 0 0 0 
14 1 1 0 0 0 
15 1 1 0 0 0 
0 2 2 0 0 0 
1 2 2 0 0 0 
2 2 2 0 0 0 
3 2 2 0 0 0 
4 2 2 0 0 0 
5 2 2 0 0 0 
6 2 2 0 0 0 
7 2 2 0 0 0 
8 2 2 0 0 0 
9 2 2 0 0 0 
10 2 2 0 0 0 
11 2 2 0 0 0 
12 2 2 0 0 0 
13 2 2 0 0 0 
14 2 2 0 0 0 
15 2 2 0 0 0 
0 3 3 0 0 0 
1 3 3 0 0 0 
2 3 3 0 0 0 
3 3 3 0 0 0 
4 3 3 0 0 0 
5 3 3 0 0 0 
6 3 3 0 0 0 
7 3 3 0 0 0 
8 3 3 0 0 0 
9 3 3 0 0 0 
10 3 3 0 0 0 
11 3 3 0 0 0 
12 3 3 0 0 0 
13 3 3 0 0 0 
14 3 3 0 0 0 
15 3 3 0 0 0 
0 4 4 0 0 0 
1 4 4 0 0 0 
2 4 4 0 0 0 
3 4 4 0 0 0 
4 4 4 0 0 0 
5 4 4 0 0 0 
6 4 4 0 0 0 
7 4 4 0 0 0 
8 4 4 0 0 0 
9 4 4 0 0 0 
10 4 4 0 0 0 
11 4 4 0 0 0 
12 4 4 0 0 0 
13 4 4 0 0 0 
14 4 4 0 0 0 
15 4 4 0 0 0 
0 5 5 0 0 0 
1 5 5 0 0 0 
2 5 5 0 0 0 
3 5 5 0 0 0 
4 5 5 0 0 0 
5 5 5 0 0 0 
6 5 5 0 0 0 
7 5 5 0 0 0 
8 5 5 0 0 0 
9 5 5 0 0 0 
10 5 5 0 0 0 
11 5 5 0 0 0 
12 5 5 0 0 0 
13 5 5 0 0 0 
14 5 5 0 0 0 
15 5 5 0 0 0 
0 6 6 0 0 0 
1 6 6 0 0 0 
2 6 6 0 0 0 
3 6 6 0 0 0 
4 6 6 0 0 0 
5 6 6 0 0 0 
6 6 6 0 0 0 
7 6 6 0 0 0 
8 6 6 0 0 0 
9 6 6 0 0 0 
10 6 6 0 0 0 
11 6 6 0 0 0 
12 6 6 0 0 0 
13 6 6 0 0 0 
14 6 6 0 0 0 
15 6 6 0 0 0 
0 7 7 0 0 0 
1 7 7 0 0 0 
2 7 7 0 0 0 
3 7 7 0 0 0 
4 7 7 0 0 0 
5 7 7 0 0 0 
6 7 7 0 0 0 
7 7 7 0 0 0 
8 7 7 0 0 0 
9 7 7 0 0 0 
10 7 7 0 0 0 
11 7 7 0 0 0 
12 7 7 0 0 0 
13 7 7 0 0 0 
14 7 7 0 0 0 
15 7 7 0 0 0 
0 8 8 0 0 0 
1 8 8 0 0 0 
2 8 8 0 0 0 
3 8 8 0 0 0 
4 8 8 0 0 0 
5 8 8 0 0 0 
6 8 8 0 0 0 
7 8 8 0 0 0 
8 8 8 0 0 0 
9 8 8 0 0 0 
10 8 8 0 0 0 
11 8 8 0 0 0 
12 8 8 0 0 0 
13 8 8 0 0 0 
14 8 8 0 0 0 
15 8 8 0 0 0 
0 9 9 0 0 0 
1 9 9 0 0 0 
2 9 9 0 0 0 
3 9 9 0 0 0 
4 9 9 0 0 0 
5 9 9 0 0 0 
6 9 9 0 0 0 
7 9 9 0 0 0 
8 9 9 0 0 0 
9 9 9 0 0 0 
10 9 9 0 0 0 
11 9 9 0 0 0 
12 9 9 0 0 0 
13 9 9 0 0 0 
14 9 9 0 0 0 
15 9 9 0 0 0 
0 10 10 0 0 0 
1 10 10 0 0 0 
2 10 10 0 0 0 
3 10 10 0 0 0 
4 10 10 0 0 0 
5 10 10 0 0 0 
6 10 10 0 0 0 
7 10 10 0 0 0 
8 10 10 0 0 0 
9 10 10 0 0 0 
10 10 10 0 0 0 
11 10 10 0 0 0 
12 10 10 0 0 0 
13 10 10 0 0 0 
14 10 10 0 0 0 
15 10 10 0 0 0 
0 11 11 0 0 0 
1 11 11 0 0 0 
2 11 11 0 0 0 
3 11 11 0 0 0 
4 11 11 0 0 0 
5 11 11 0 0 0 
6 11 11 0 0 0 
7 11 11 0 0 0 
8 11 11 0 0 0 
9 11 11 0 0 0 
10 11 11 0 0 0 
11 11 11 0 0 0 
12 11 11 0 0 0 
13 11 11 0 0 0 
14 11 11 0 0 0 
15 11 11 0 0 0 
0 12 12 0 0 0 
1 12 12 0 0 0 
2 12 12 0 0 0 
3 12 12 0 0 0 
4 12 12 0 0 0 
5 12 12 0 0 0 
6 12 12 0 0 0 
7 12 12 0 0 0 
8 12 12 0 0 0 
9 12 12 0 0 0 
10 12 12 0 0 0 
11 12 12 0 0 0 
12 12 12 0 0 0 
13 12 12 0 0 0 
14 12 12 0 0 0 
15 12 12 0 0 0 
0 13 13 0 0 0 
1 13 13 0 0 0 
2 13 13 0 0 0 
3 13 13 0 0 0 
4 13 13 0 0 0 
5 13 13 0 0 0 
6 13 13 0 0 0 
7 13 13 0 0 0 
8 13 13 0 0 0 
9 13 13 0 0 0 
10 13 13 0 0 0 
11 13 13 0 0 0 
12 13 13 0 0 0 
13 13 13 0 0 0 
14 13 13 0 0 0 
15 13 13 0 0 0 
0 14 14 0 0 0 
1 14 14 0 0 0 
2 14 14 0 0 0 
3 14 14 0 0 0 
4 14 14 0 0 0 
5 14 14 0 0 0 
6 14 14 0 0 0 
7 14 14 0 0 0 
8 14 14 0 0 0 
9 14 14 0 0 0 
10 14 14 0 0 0 
11 14 14 0 0 0 
12 14 14 0 0 0 
13 14 14 0 0 0 
14 14 14 0 0 0 
15 14 14 0 0 0 
0 15 15 0 0 0 
1 15 15 0 0 0 
2 15 15 0 0 0 
3 15 15 0 0 0 
4 15 15 0 0 0 
5 15 15 0 0 0 
6 15 15 0 0 0 
7 15 15 0 0 0 
8 15 15 0 0 0 
9 15 15 0 0 0 
10 15 15 0 0 0 
11 15 15 0 0 0 
12 15 15 0 0 0 
13 15 15 0 0 0 
14 15 15 0 0 0 
15 15 15 0 0 0 
0 0 0 0 0 0 
1 0 0 0 0 0 
2 0 0 0 0 0 
3 0 0 0 0 0 
4 0 0 0 0 0 
5 0 0 0 0 0 
6 0 0 0 0 0 
7 0 0 0 0 0 
8 0 0 0 0 0 
9 0 0 0 0 0 
10 0 0 0 0 0 
11 0 0 0 0 0 
12 0 0 0 0 0 
13 0 0 0 0 0 
14 0 0 0 0 0 
15 0 0 0 0 0 
0 1 1 0 0 0 
1 1 1 0 0 0 
2 1 1 0 0 0 
3 1 1 0 0 0 
4 1 1 0 0 0 
5 1 1 0 0 0 
6 1 1 0 0 0 
7 1 1 0 0 0 
8 1 1 0 0 0 
9 1 1 0 0 0 
10 1 1 0 0 0 
11 1 1 0 0 0 
12 1 1 0 0 0 
13 1 1 0 0 0 
14 1 1 0 0 0 
15 1 1 0 0 0 
0 2 2 0 0 0 
1 2 2 0 0 0 
2 2 2 0 0 0 
3 2 2 0 0 0 
4 2 2 0 0 0 
5 2 2 0 0 0 
6 2 2 0 0 0 
7 2 2 0 0 0 
8 2 2 0 0 0 
9 2 2 0 0 0 
10 2 2 0 0 0 
11 2 2 0 0 0 
12 2 2 0 0 0 
13 2 2 0 0 0 
14 2 2 0 0 0 
15 2 2 0 0 0 
0 3 3 0 0 0 
1 3 3 0 0 0 
2 3 3 0 0 0 
3 3 3 0 0 0 
4 3 3 0 0 0 
5 3 3 0 0 0 
6 3 3 0 0 0 
7 3 3 0 0 0 
8 3 3 0 0 0 
9 3 3 0 0 0 
10 3 3 0 0 0 
11 3 3 0 0 0 
12 3 3 0 0 0 
13 3 3 0 0 0 
14 3 3 0 0 0 
15 3 3 0 0 0 
0 4 4 0 0 0 
1 4 4 0 0 0 
2 4 4 0 0 0 
3 4 4 0 0 0 
4 4 4 0 0 0 
5 4 4 0 0 0 
6 4 4 0 0 0 
7 4 4 0 0 0 
8 4 4 0 0 0 
9 4 4 0 0 0 
10 4 4 0 0 0 
11 4 4 0 0 0 
12 4 4 0 0 0 
13 4 4 0 0 0 
14 4 4 0 0 0 
15 4 4 0 0 0 
0 5 5 0 0 0 
1 5 5 0 0 0 
2 5 5 0 0 0 
3 5 5 0 0 0 
4 5 5 0 0 0 
5 5 5 0 0 0 
6 5 5 0 0 0 
7 5 5 0 0 0 
8 5 5 0 0 0 
9 5 5 0 0 0 
10 5 5 0 0 0 
11 5 5 0 0 0 
12 5 5 0 0 0 
13 5 5 0 0 0 
14 5 5 0 0 0 
15 5 5 0 0 0 
0 6 6 0 0 0 
1 6 6 0 0 0 
2 6 6 0 0 0 
3 6 6 0 0 0 
4 6 6 0 0 0 
5 6 6 0 0 0 
6 6 6 0 0 0 
7 6 6 0 0 0 
8 6 6 0 0 0 
9 6 6 0 0 0 
10 6 6 0 0 0 
11 6 6 0 0 0 
12 6 6 0 0 0 
13 6 6 0 0 0 
14 6 6 0 0 0 
15 6 6 0 0 0 
0 7 7 0 0 0 
1 7 7 0 0 0 
2 7 7 0 0 0 
3 7 7 0 0 0 
4 7 7 0 0 0 
5 7 7 0 0 0 
6 7 7 0 0 0 
7 7 7 0 0 0 
8 7 7 0 0 0 
9 7 7 0 0 0 
10 7 7 0 0 0 
11 7 7 0 0 0 
12 7 7 0 0 0 
13 7 7 0 0 0 
14 7 7 0 0 0 
15 7 7 0 0 0 
0 8 8 0 0 0 
1 8 8 0 0 0 
2 8 8 0 0 0 
3 8 8 0 0 0 
4 8 8 0 0 0 
5 8 8 0 0 0 
6 8 8 0 0 0 
7 8 8 0 0 0 
8 8 8 0 0 0 
9 8 8 0 0 0 
10 8 8 0 0 0 
11 8 8 0 0 0 
12 8 8 0 0 0 
13 8 8 0 0 0 
14 8 8 0 0 0 
15 8 8 0 0 0 
0 9 9 0 0 0 
1 9 9 0 0 0 
2 9 9 0 0 0 
3 9 9 0 0 0 
4 9 9 0 0 0 
5 9 9 0 0 0 
6 9 9 0 0 0 
7 9 9 0 0 0 
8 9 9 0 0 0 
9 9 9 0 0 0 
10 9 9 0 0 0 
11 9 9 0 0 0 
12 9 9 0 0 0 
13 9 9 0 0 0 
14 9 9 0 0 0 
15 9 9 0 0 0 
0 10 10 0 0 0 
1 10 10 0 0 0 
2 10 10 0 0 0 
3 10 10 0 0 0 
4 10 10 0 0 0 
5 10 10 0 0 0 
6 10 10 0 0 0 
7 10 10 0 0 0 
8 10 10 0 0 0 
9 10 10 0 0 0 
10 10 10 0 0 0 
11 10 10 0 0 0 
12 10 10 0 0 0 
13 10 10 0 0 0 
14 10 10 0 0 0 
15 10 10 0 0 0 
0 11 11 0 0 0 
1 11 11 0 0 0 
2 11 11 0 0 0 
3 11 11 0 0 0 
4 11 11 0 0 0 
5 11 11 0 0 0 
6 11 11 0 0 0 
7 11 11 0 0 0 
8 11 11 0 0 0 
9 11 11 0 0 0 
10 11 11 0 0 0 
11 11 11 0 0 0 
12 11 11 0 0 0 
13 11 11 0 0 0 
14 11 11 0 0 0 
15 11 11 0 0 0 
0 12 12 0 0 0 
1 12 12 0 0 0 
2 12 12 0 0 0 
3 12 12 0 0 0 
4 12 12 0 0 0 
5 12 12 0 0 0 
6 12 12 0 0 0 
7 12 12 0 0 0 
8 12 12 0 0 0 
9 12 12 0 0 0 
10 12 12 0 0 0 
11 12 12 0 0 0 
12 12 12 0 0 0 
13 12 12 0 0 0 
14 12 12 0 0 0 
15 12 12 0 0 0 
0 13 13 0 0 0 
1 13 13 0 0 0 
2 13 13 0 0 0 
3 13 13 0 0 0 
4 13 13 0 0 0 
5 13 13 0 0 0 
6 13 13 0 0 0 
7 13 13 0 0 0 
8 13 13 0 0 0 
9 13 13 0 0 0 
10 13 13 0 0 0 
11 13 13 0 0 0 
12 13 13 0 0 0 
13 13 13 0 0 0 
14 13 13 0 0 0 
15 13 13 0 0 0 
0 14 14 0 0 0 
1 14 14 0 0 0 
2 14 14 0 0 0 
3 14 14 0 0 0 
4 14 14 0 0 0 
5 14 14 0 0 0 
6 14 14 0 0 0 
7 14 14 0 0 0 
8 14 14 0 0 0 
9 14 14 0 0 0 
10 14 14 0 0 0 
11 14 14 0 0 0 
12 14 14 0 0 0 
13 14 14 0 0 0 
14 14 14 0 0 0 
15 14 14 0 0 0 
0 15 15 0 0 0 
1 15 15 0 0 0 
2 15 15 0 0 0 
3 15 15 0 0 0 
4 15 15 0 0 0 
5 15 15 0 0 0 
6 15 15 0 0 0 
7 15 15 0 0 0 
8 15 15 0 0 0 
9 15 15 0 0 0 
10 15 15 0 0 0 
11 15 15 0 0 0 
12 15 15 0 0 0 
13 15 15 0 0 0 
14 15 15 0 0 0 
15 15 15 0 0 0 
