0 0 0 0 0 0 
1 0 0 0 0 0 
2 0 0 0 0 0 
3 0 0 0 0 0 
4 0 0 0 0 0 
5 0 0 0 0 0 
6 0 0 0 0 0 
7 0 0 0 0 0 
8 0 0 0 0 0 
9 0 0 0 0 0 
10 0 0 0 0 0 
11 0 0 0 0 0 
12 0 0 0 0 0 
13 0 0 0 0 0 
14 0 0 0 0 0 
15 0 0 0 0 0 
0 1 1 0 0 0 
1 1 1 0 0 0 
2 1 1 0 0 0 
3 1 1 0 0 0 
4 1 1 0 0 0 
5 1 1 0 0 0 
6 1 1 0 0 0 
7 1 1 0 0 0 
8 1 1 0 0 0 
9 1 1 0 0 0 
10 1 1 0 0 0 
11 1 1 0 0 0 
12 1 1 0 0 0 
13 1 1 0 0 0 
14 1 1 0 0 0 
15 1 1 0 0 0 
0 2 2 0 0 0 
1 2 2 0 0 0 
2 2 2 0 0 0 
3 2 2 0 0 0 
4 2 2 0 0 0 
5 2 2 0 0 0 
6 2 2 0 0 0 
7 2 2 0 0 0 
8 2 2 0 0 0 
9 2 2 0 0 0 
10 2 2 0 0 0 
11 2 2 0 0 0 
12 2 2 0 0 0 
13 2 2 0 0 0 
14 2 2 0 0 0 
15 2 2 0 0 0 
0 3 3 0 0 0 
1 3 3 0 0 0 
2 3 3 0 0 0 
3 3 3 0 0 0 
4 3 3 0 0 0 
5 3 3 0 0 0 
6 3 3 0 0 0 
7 3 3 0 0 0 
8 3 3 0 0 0 
9 3 3 0 0 0 
10 3 3 0 0 0 
11 3 3 0 0 0 
12 3 3 0 0 0 
13 3 3 0 0 0 
14 3 3 0 0 0 
15 3 3 0 0 0 
0 4 4 0 0 0 
1 4 4 0 0 0 
2 4 4 0 0 0 
3 4 4 0 0 0 
4 4 4 0 0 0 
5 4 4 0 0 0 
6 4 4 0 0 0 
7 4 4 0 0 0 
8 4 4 0 0 0 
9 4 4 0 0 0 
10 4 4 0 0 0 
11 4 4 0 0 0 
12 4 4 0 0 0 
13 4 4 0 0 0 
14 4 4 0 0 0 
15 4 4 0 0 0 
0 5 5 0 0 0 
1 5 5 0 0 0 
2 5 5 0 0 0 
3 5 5 0 0 0 
4 5 5 0 0 0 
5 5 5 0 0 0 
6 5 5 0 0 0 
7 5 5 0 0 0 
8 5 5 0 0 0 
9 5 5 0 0 0 
10 5 5 0 0 0 
11 5 5 0 0 0 
12 5 5 0 0 0 
13 5 5 0 0 0 
14 5 5 0 0 0 
15 5 5 0 0 0 
0 6 6 0 0 0 
1 6 6 0 0 0 
2 6 6 0 0 0 
3 6 6 0 0 0 
4 6 6 0 0 0 
5 6 6 0 0 0 
6 6 6 0 0 0 
7 6 6 0 0 0 
8 6 6 0 0 0 
9 6 6 0 0 0 
10 6 6 0 0 0 
11 6 6 0 0 0 
12 6 6 0 0 0 
13 6 6 0 0 0 
14 6 6 0 0 0 
15 6 6 0 0 0 
0 7 7 0 0 0 
1 7 7 0 0 0 
2 7 7 0 0 0 
3 7 7 0 0 0 
4 7 7 0 0 0 
5 7 7 0 0 0 
6 7 7 0 0 0 
7 7 7 0 0 0 
8 7 7 0 0 0 
9 7 7 0 0 0 
10 7 7 0 0 0 
11 7 7 0 0 0 
12 7 7 0 0 0 
13 7 7 0 0 0 
14 7 7 0 0 0 
15 7 7 0 0 0 
0 8 8 0 0 0 
1 8 8 0 0 0 
2 8 8 0 0 0 
3 8 8 0 0 0 
4 8 8 0 0 0 
5 8 8 0 0 0 
6 8 8 0 0 0 
7 8 8 0 0 0 
8 8 8 0 0 0 
9 8 8 0 0 0 
10 8 8 0 0 0 
11 8 8 0 0 0 
12 8 8 0 0 0 
13 8 8 0 0 0 
14 8 8 0 0 0 
15 8 8 0 0 0 
0 9 9 0 0 0 
1 9 9 0 0 0 
2 9 9 0 0 0 
3 9 9 0 0 0 
4 9 9 0 0 0 
5 9 9 0 0 0 
6 9 9 0 0 0 
7 9 9 0 0 0 
8 9 9 0 0 0 
9 9 9 0 0 0 
10 9 9 0 0 0 
11 9 9 0 0 0 
12 9 9 0 0 0 
13 9 9 0 0 0 
14 9 9 0 0 0 
15 9 9 0 0 0 
0 10 10 0 0 0 
1 10 10 0 0 0 
2 10 10 0 0 0 
3 10 10 0 0 0 
4 10 10 0 0 0 
5 10 10 0 0 0 
6 10 10 0 0 0 
7 10 10 0 0 0 
8 10 10 0 0 0 
9 10 10 0 0 0 
10 10 10 0 0 0 
11 10 10 0 0 0 
12 10 10 0 0 0 
13 10 10 0 0 0 
14 10 10 0 0 0 
15 10 10 0 0 0 
0 11 11 0 0 0 
1 11 11 0 0 0 
2 11 11 0 0 0 
3 11 11 0 0 0 
4 11 11 0 0 0 
5 11 11 0 0 0 
6 11 11 0 0 0 
7 11 11 0 0 0 
8 11 11 0 0 0 
9 11 11 0 0 0 
10 11 11 0 0 0 
11 11 11 0 0 0 
12 11 11 0 0 0 
13 11 11 0 0 0 
14 11 11 0 0 0 
15 11 11 0 0 0 
0 12 12 0 0 0 
1 12 12 0 0 0 
2 12 12 0 0 0 
3 12 12 0 0 0 
4 12 12 0 0 0 
5 12 12 0 0 0 
6 12 12 0 0 0 
7 12 12 0 0 0 
8 12 12 0 0 0 
9 12 12 0 0 0 
10 12 12 0 0 0 
11 12 12 0 0 0 
12 12 12 0 0 0 
13 12 12 0 0 0 
14 12 12 0 0 0 
15 12 12 0 0 0 
0 13 13 0 0 0 
1 13 13 0 0 0 
2 13 13 0 0 0 
3 13 13 0 0 0 
4 13 13 0 0 0 
5 13 13 0 0 0 
6 13 13 0 0 0 
7 13 13 0 0 0 
8 13 13 0 0 0 
9 13 13 0 0 0 
10 13 13 0 0 0 
11 13 13 0 0 0 
12 13 13 0 0 0 
13 13 13 0 0 0 
14 13 13 0 0 0 
15 13 13 0 0 0 
0 14 14 0 0 0 
1 14 14 0 0 0 
2 14 14 0 0 0 
3 14 14 0 0 0 
4 14 14 0 0 0 
5 14 14 0 0 0 
6 14 14 0 0 0 
7 14 14 0 0 0 
8 14 14 0 0 0 
9 14 14 0 0 0 
10 14 14 0 0 0 
11 14 14 0 0 0 
12 14 14 0 0 0 
13 14 14 0 0 0 
14 14 14 0 0 0 
15 14 14 0 0 0 
0 15 15 0 0 0 
1 15 15 0 0 0 
2 15 15 0 0 0 
3 15 15 0 0 0 
4 15 15 0 0 0 
5 15 15 0 0 0 
6 15 15 0 0 0 
7 15 15 0 0 0 
8 15 15 0 0 0 
9 15 15 0 0 0 
10 15 15 0 0 0 
11 15 15 0 0 0 
12 15 15 0 0 0 
13 15 15 0 0 0 
14 15 15 0 0 0 
15 15 15 0 0 0 
0 0 0 0 0 0 
1 0 0 0 0 0 
2 0 0 0 0 0 
3 0 0 0 0 0 
4 0 0 0 0 0 
5 0 0 0 0 0 
6 0 0 0 0 0 
7 0 0 0 0 0 
8 0 0 0 0 0 
9 0 0 0 0 0 
10 0 0 0 0 0 
11 0 0 0 0 0 
12 0 0 0 0 0 
13 0 0 0 0 0 
14 0 0 0 0 0 
15 0 0 0 0 0 
0 1 1 0 0 0 
1 1 1 0 0 0 
2 1 1 0 0 0 
3 1 1 0 0 0 
4 1 1 0 0 0 
5 1 1 0 0 0 
6 1 1 0 0 0 
7 1 1 0 0 0 
8 1 1 0 0 0 
9 1 1 0 0 0 
10 1 1 0 0 0 
11 1 1 0 0 0 
12 1 1 0 0 0 
13 1 1 0 0 0 
14 1 1 0 0 0 
15 1 1 0 0 0 
0 2 2 0 0 0 
1 2 2 0 0 0 
2 2 2 0 0 0 
3 2 2 0 0 0 
4 2 2 0 0 0 
5 2 2 0 0 0 
6 2 2 0 0 0 
7 2 2 0 0 0 
8 2 2 0 0 0 
9 2 2 0 0 0 
10 2 2 0 0 0 
11 2 2 0 0 0 
12 2 2 0 0 0 
13 2 2 0 0 0 
14 2 2 0 0 0 
15 2 2 0 0 0 
0 3 3 0 0 0 
1 3 3 0 0 0 
2 3 3 0 0 0 
3 3 3 0 0 0 
4 3 3 0 0 0 
5 3 3 0 0 0 
6 3 3 0 0 0 
7 3 3 0 0 0 
8 3 3 0 0 0 
9 3 3 0 0 0 
10 3 3 0 0 0 
11 3 3 0 0 0 
12 3 3 0 0 0 
13 3 3 0 0 0 
14 3 3 0 0 0 
15 3 3 0 0 0 
0 4 4 0 0 0 
1 4 4 0 0 0 
2 4 4 0 0 0 
3 4 4 0 0 0 
4 4 4 0 0 0 
5 4 4 0 0 0 
6 4 4 0 0 0 
7 4 4 0 0 0 
8 4 4 0 0 0 
9 4 4 0 0 0 
10 4 4 0 0 0 
11 4 4 0 0 0 
12 4 4 0 0 0 
13 4 4 0 0 0 
14 4 4 0 0 0 
15 4 4 0 0 0 
0 5 5 0 0 0 
1 5 5 0 0 0 
2 5 5 0 0 0 
3 5 5 0 0 0 
4 5 5 0 0 0 
5 5 5 0 0 0 
6 5 5 0 0 0 
7 5 5 0 0 0 
8 5 5 0 0 0 
9 5 5 0 0 0 
10 5 5 0 0 0 
11 5 5 0 0 0 
12 5 5 0 0 0 
13 5 5 0 0 0 
14 5 5 0 0 0 
15 5 5 0 0 0 
0 6 6 0 0 0 
1 6 6 0 0 0 
2 6 6 0 0 0 
3 6 6 0 0 0 
4 6 6 0 0 0 
5 6 6 0 0 0 
6 6 6 0 0 0 
7 6 6 0 0 0 
8 6 6 0 0 0 
9 6 6 0 0 0 
10 6 6 0 0 0 
11 6 6 0 0 0 
12 6 6 0 0 0 
13 6 6 0 0 0 
14 6 6 0 0 0 
15 6 6 0 0 0 
0 7 7 0 0 0 
1 7 7 0 0 0 
2 7 7 0 0 0 
3 7 7 0 0 0 
4 7 7 0 0 0 
5 7 7 0 0 0 
6 7 7 0 0 0 
7 7 7 0 0 0 
8 7 7 0 0 0 
9 7 7 0 0 0 
10 7 7 0 0 0 
11 7 7 0 0 0 
12 7 7 0 0 0 
13 7 7 0 0 0 
14 7 7 0 0 0 
15 7 7 0 0 0 
0 8 8 0 0 0 
1 8 8 0 0 0 
2 8 8 0 0 0 
3 8 8 0 0 0 
4 8 8 0 0 0 
5 8 8 0 0 0 
6 8 8 0 0 0 
7 8 8 0 0 0 
8 8 8 0 0 0 
9 8 8 0 0 0 
10 8 8 0 0 0 
11 8 8 0 0 0 
12 8 8 0 0 0 
13 8 8 0 0 0 
14 8 8 0 0 0 
15 8 8 0 0 0 
0 9 9 0 0 0 
1 9 9 0 0 0 
2 9 9 0 0 0 
3 9 9 0 0 0 
4 9 9 0 0 0 
5 9 9 0 0 0 
6 9 9 0 0 0 
7 9 9 0 0 0 
8 9 9 0 0 0 
9 9 9 0 0 0 
10 9 9 0 0 0 
11 9 9 0 0 0 
12 9 9 0 0 0 
13 9 9 0 0 0 
14 9 9 0 0 0 
15 9 9 0 0 0 
0 10 10 0 0 0 
1 10 10 0 0 0 
2 10 10 0 0 0 
3 10 10 0 0 0 
4 10 10 0 0 0 
5 10 10 0 0 0 
6 10 10 0 0 0 
7 10 10 0 0 0 
8 10 10 0 0 0 
9 10 10 0 0 0 
10 10 10 0 0 0 
11 10 10 0 0 0 
12 10 10 0 0 0 
13 10 10 0 0 0 
14 10 10 0 0 0 
15 10 10 0 0 0 
0 11 11 0 0 0 
1 11 11 0 0 0 
2 11 11 0 0 0 
3 11 11 0 0 0 
4 11 11 0 0 0 
5 11 11 0 0 0 
6 11 11 0 0 0 
7 11 11 0 0 0 
8 11 11 0 0 0 
9 11 11 0 0 0 
10 11 11 0 0 0 
11 11 11 0 0 0 
12 11 11 0 0 0 
13 11 11 0 0 0 
14 11 11 0 0 0 
15 11 11 0 0 0 
0 12 12 0 0 0 
1 12 12 0 0 0 
2 12 12 0 0 0 
3 12 12 0 0 0 
4 12 12 0 0 0 
5 12 12 0 0 0 
6 12 12 0 0 0 
7 12 12 0 0 0 
8 12 12 0 0 0 
9 12 12 0 0 0 
10 12 12 0 0 0 
11 12 12 0 0 0 
12 12 12 0 0 0 
13 12 12 0 0 0 
14 12 12 0 0 0 
15 12 12 0 0 0 
0 13 13 0 0 0 
1 13 13 0 0 0 
2 13 13 0 0 0 
3 13 13 0 0 0 
4 13 13 0 0 0 
5 13 13 0 0 0 
6 13 13 0 0 0 
7 13 13 0 0 0 
8 13 13 0 0 0 
9 13 13 0 0 0 
10 13 13 0 0 0 
11 13 13 0 0 0 
12 13 13 0 0 0 
13 13 13 0 0 0 
14 13 13 0 0 0 
15 13 13 0 0 0 
0 14 14 0 0 0 
1 14 14 0 0 0 
2 14 14 0 0 0 
3 14 14 0 0 0 
4 14 14 0 0 0 
5 14 14 0 0 0 
6 14 14 0 0 0 
7 14 14 0 0 0 
8 14 14 0 0 0 
9 14 14 0 0 0 
10 14 14 0 0 0 
11 14 14 0 0 0 
12 14 14 0 0 0 
13 14 14 0 0 0 
14 14 14 0 0 0 
15 14 14 0 0 0 
0 15 15 0 0 0 
1 15 15 0 0 0 
2 15 15 0 0 0 
3 15 15 0 0 0 
4 15 15 0 0 0 
5 15 15 0 0 0 
6 15 15 0 0 0 
7 15 15 0 0 0 
8 15 15 0 0 0 
9 15 15 0 0 0 
10 15 15 0 0 0 
11 15 15 0 0 0 
12 15 15 0 0 0 
13 15 15 0 0 0 
14 15 15 0 0 0 
15 15 15 0 0 0 
0 0 0 0 0 0 
1 0 0 0 0 0 
2 0 0 0 0 0 
3 0 0 0 0 0 
4 0 0 0 0 0 
5 0 0 0 0 0 
6 0 0 0 0 0 
7 0 0 0 0 0 
8 0 0 0 0 0 
9 0 0 0 0 0 
10 0 0 0 0 0 
11 0 0 0 0 0 
12 0 0 0 0 0 
13 0 0 0 0 0 
14 0 0 0 0 0 
15 0 0 0 0 0 
0 1 1 0 0 0 
1 1 1 0 0 0 
2 1 1 0 0 0 
3 1 1 0 0 0 
4 1 1 0 0 0 
5 1 1 0 0 0 
6 1 1 0 0 0 
7 1 1 0 0 0 
8 1 1 0 0 0 
9 1 1 0 0 0 
10 1 1 0 0 0 
11 1 1 0 0 0 
12 1 1 0 0 0 
13 1 1 0 0 0 
14 1 1 0 0 0 
15 1 1 0 0 0 
0 2 2 0 0 0 
1 2 2 0 0 0 
2 2 2 0 0 0 
3 2 2 0 0 0 
4 2 2 0 0 0 
5 2 2 0 0 0 
6 2 2 0 0 0 
7 2 2 0 0 0 
8 2 2 0 0 0 
9 2 2 0 0 0 
10 2 2 0 0 0 
11 2 2 0 0 0 
12 2 2 0 0 0 
13 2 2 0 0 0 
14 2 2 0 0 0 
15 2 2 0 0 0 
0 3 3 0 0 0 
1 3 3 0 0 0 
2 3 3 0 0 0 
3 3 3 0 0 0 
4 3 3 0 0 0 
5 3 3 0 0 0 
6 3 3 0 0 0 
7 3 3 0 0 0 
8 3 3 0 0 0 
9 3 3 0 0 0 
10 3 3 0 0 0 
11 3 3 0 0 0 
12 3 3 0 0 0 
13 3 3 0 0 0 
14 3 3 0 0 0 
15 3 3 0 0 0 
0 4 4 0 0 0 
1 4 4 0 0 0 
2 4 4 0 0 0 
3 4 4 0 0 0 
4 4 4 0 0 0 
5 4 4 0 0 0 
6 4 4 0 0 0 
7 4 4 0 0 0 
8 4 4 0 0 0 
9 4 4 0 0 0 
10 4 4 0 0 0 
11 4 4 0 0 0 
12 4 4 0 0 0 
13 4 4 0 0 0 
14 4 4 0 0 0 
15 4 4 0 0 0 
0 5 5 0 0 0 
1 5 5 0 0 0 
2 5 5 0 0 0 
3 5 5 0 0 0 
4 5 5 0 0 0 
5 5 5 0 0 0 
6 5 5 0 0 0 
7 5 5 0 0 0 
8 5 5 0 0 0 
9 5 5 0 0 0 
10 5 5 0 0 0 
11 5 5 0 0 0 
12 5 5 0 0 0 
13 5 5 0 0 0 
14 5 5 0 0 0 
15 5 5 0 0 0 
0 6 6 0 0 0 
1 6 6 0 0 0 
2 6 6 0 0 0 
3 6 6 0 0 0 
4 6 6 0 0 0 
5 6 6 0 0 0 
6 6 6 0 0 0 
7 6 6 0 0 0 
8 6 6 0 0 0 
9 6 6 0 0 0 
10 6 6 0 0 0 
11 6 6 0 0 0 
12 6 6 0 0 0 
13 6 6 0 0 0 
14 6 6 0 0 0 
15 6 6 0 0 0 
0 7 7 0 0 0 
1 7 7 0 0 0 
2 7 7 0 0 0 
3 7 7 0 0 0 
4 7 7 0 0 0 
5 7 7 0 0 0 
6 7 7 0 0 0 
7 7 7 0 0 0 
8 7 7 0 0 0 
9 7 7 0 0 0 
10 7 7 0 0 0 
11 7 7 0 0 0 
12 7 7 0 0 0 
13 7 7 0 0 0 
14 7 7 0 0 0 
15 7 7 0 0 0 
0 8 8 0 0 0 
1 8 8 0 0 0 
2 8 8 0 0 0 
3 8 8 0 0 0 
4 8 8 0 0 0 
5 8 8 0 0 0 
6 8 8 0 0 0 
7 8 8 0 0 0 
8 8 8 0 0 0 
9 8 8 0 0 0 
10 8 8 0 0 0 
11 8 8 0 0 0 
12 8 8 0 0 0 
13 8 8 0 0 0 
14 8 8 0 0 0 
15 8 8 0 0 0 
0 9 9 0 0 0 
1 9 9 0 0 0 
2 9 9 0 0 0 
3 9 9 0 0 0 
4 9 9 0 0 0 
5 9 9 0 0 0 
6 9 9 0 0 0 
7 9 9 0 0 0 
8 9 9 0 0 0 
9 9 9 0 0 0 
10 9 9 0 0 0 
11 9 9 0 0 0 
12 9 9 0 0 0 
13 9 9 0 0 0 
14 9 9 0 0 0 
15 9 9 0 0 0 
0 10 10 0 0 0 
1 10 10 0 0 0 
2 10 10 0 0 0 
3 10 10 0 0 0 
4 10 10 0 0 0 
5 10 10 0 0 0 
6 10 10 0 0 0 
7 10 10 0 0 0 
8 10 10 0 0 0 
9 10 10 0 0 0 
10 10 10 0 0 0 
11 10 10 0 0 0 
12 10 10 0 0 0 
13 10 10 0 0 0 
14 10 10 0 0 0 
15 10 10 0 0 0 
0 11 11 0 0 0 
1 11 11 0 0 0 
2 11 11 0 0 0 
3 11 11 0 0 0 
4 11 11 0 0 0 
5 11 11 0 0 0 
6 11 11 0 0 0 
7 11 11 0 0 0 
8 11 11 0 0 0 
9 11 11 0 0 0 
10 11 11 0 0 0 
11 11 11 0 0 0 
12 11 11 0 0 0 
13 11 11 0 0 0 
14 11 11 0 0 0 
15 11 11 0 0 0 
0 12 12 0 0 0 
1 12 12 0 0 0 
2 12 12 0 0 0 
3 12 12 0 0 0 
4 12 12 0 0 0 
5 12 12 0 0 0 
6 12 12 0 0 0 
7 12 12 0 0 0 
8 12 12 0 0 0 
9 12 12 0 0 0 
10 12 12 0 0 0 
11 12 12 0 0 0 
12 12 12 0 0 0 
13 12 12 0 0 0 
14 12 12 0 0 0 
15 12 12 0 0 0 
0 13 13 0 0 0 
1 13 13 0 0 0 
2 13 13 0 0 0 
3 13 13 0 0 0 
4 13 13 0 0 0 
5 13 13 0 0 0 
6 13 13 0 0 0 
7 13 13 0 0 0 
8 13 13 0 0 0 
9 13 13 0 0 0 
10 13 13 0 0 0 
11 13 13 0 0 0 
12 13 13 0 0 0 
13 13 13 0 0 0 
14 13 13 0 0 0 
15 13 13 0 0 0 
0 14 14 0 0 0 
1 14 14 0 0 0 
2 14 14 0 0 0 
3 14 14 0 0 0 
4 14 14 0 0 0 
5 14 14 0 0 0 
6 14 14 0 0 0 
7 14 14 0 0 0 
8 14 14 0 0 0 
9 14 14 0 0 0 
10 14 14 0 0 0 
11 14 14 0 0 0 
12 14 14 0 0 0 
13 14 14 0 0 0 
14 14 14 0 0 0 
15 14 14 0 0 0 
0 15 15 0 0 0 
1 15 15 0 0 0 
2 15 15 0 0 0 
3 15 15 0 0 0 
4 15 15 0 0 0 
5 15 15 0 0 0 
6 15 15 0 0 0 
7 15 15 0 0 0 
8 15 15 0 0 0 
9 15 15 0 0 0 
10 15 15 0 0 0 
11 15 15 0 0 0 
12 15 15 0 0 0 
13 15 15 0 0 0 
14 15 15 0 0 0 
15 15 15 0 0 0 
0 0 0 0 0 0 
1 0 0 0 0 0 
2 0 0 0 0 0 
3 0 0 0 0 0 
4 0 0 0 0 0 
5 0 0 0 0 0 
6 0 0 0 0 0 
7 0 0 0 0 0 
8 0 0 0 0 0 
9 0 0 0 0 0 
10 0 0 0 0 0 
11 0 0 0 0 0 
12 0 0 0 0 0 
13 0 0 0 0 0 
14 0 0 0 0 0 
15 0 0 0 0 0 
0 1 1 0 0 0 
1 1 1 0 0 0 
2 1 1 0 0 0 
3 1 1 0 0 0 
4 1 1 0 0 0 
5 1 1 0 0 0 
6 1 1 0 0 0 
7 1 1 0 0 0 
8 1 1 0 0 0 
9 1 1 0 0 0 
10 1 1 0 0 0 
11 1 1 0 0 0 
12 1 1 0 0 0 
13 1 1 0 0 0 
14 1 1 0 0 0 
15 1 1 0 0 0 
0 2 2 0 0 0 
1 2 2 0 0 0 
2 2 2 0 0 0 
3 2 2 0 0 0 
4 2 2 0 0 0 
5 2 2 0 0 0 
6 2 2 0 0 0 
7 2 2 0 0 0 
8 2 2 0 0 0 
9 2 2 0 0 0 
10 2 2 0 0 0 
11 2 2 0 0 0 
12 2 2 0 0 0 
13 2 2 0 0 0 
14 2 2 0 0 0 
15 2 2 0 0 0 
0 3 3 0 0 0 
1 3 3 0 0 0 
2 3 3 0 0 0 
3 3 3 0 0 0 
4 3 3 0 0 0 
5 3 3 0 0 0 
6 3 3 0 0 0 
7 3 3 0 0 0 
8 3 3 0 0 0 
9 3 3 0 0 0 
10 3 3 0 0 0 
11 3 3 0 0 0 
12 3 3 0 0 0 
13 3 3 0 0 0 
14 3 3 0 0 0 
15 3 3 0 0 0 
0 4 4 0 0 0 
1 4 4 0 0 0 
2 4 4 0 0 0 
3 4 4 0 0 0 
4 4 4 0 0 0 
5 4 4 0 0 0 
6 4 4 0 0 0 
7 4 4 0 0 0 
8 4 4 0 0 0 
9 4 4 0 0 0 
10 4 4 0 0 0 
11 4 4 0 0 0 
12 4 4 0 0 0 
13 4 4 0 0 0 
14 4 4 0 0 0 
15 4 4 0 0 0 
0 5 5 0 0 0 
1 5 5 0 0 0 
2 5 5 0 0 0 
3 5 5 0 0 0 
4 5 5 0 0 0 
5 5 5 0 0 0 
6 5 5 0 0 0 
7 5 5 0 0 0 
8 5 5 0 0 0 
9 5 5 0 0 0 
10 5 5 0 0 0 
11 5 5 0 0 0 
12 5 5 0 0 0 
13 5 5 0 0 0 
14 5 5 0 0 0 
15 5 5 0 0 0 
0 6 6 0 0 0 
1 6 6 0 0 0 
2 6 6 0 0 0 
3 6 6 0 0 0 
4 6 6 0 0 0 
5 6 6 0 0 0 
6 6 6 0 0 0 
7 6 6 0 0 0 
8 6 6 0 0 0 
9 6 6 0 0 0 
10 6 6 0 0 0 
11 6 6 0 0 0 
12 6 6 0 0 0 
13 6 6 0 0 0 
14 6 6 0 0 0 
15 6 6 0 0 0 
0 7 7 0.0908222 -0.000269572 0.000157971 
1 7 7 0.0902949 -0.000280706 0.00011262 
2 7 7 0.0901612 -0.000276054 5.88614e-05 
3 7 7 0.0904378 -0.000237532 -4.86923e-07 
4 7 7 0.0910837 -0.000170879 -5.75055e-05 
5 7 7 0.0919892 -8.93149e-05 -0.000103043 
6 7 7 0.0930132 -7.94141e-07 -0.000130458 
7 7 7 0.0940091 0.000116469 -0.000144857 
8 7 7 0.0949721 0.000322829 -0.000178472 
9 7 7 0.0960192 0.000147453 -0.000101303 
10 7 7 0.0958627 -0.000566763 0.000135283 
11 7 7 0.0954592 -0.000326672 6.47799e-05 
12 7 7 0.0954991 -8.30003e-05 2.14501e-05 
13 7 7 0.0954263 -2.58598e-05 2.82548e-05 
14 7 7 0.0950884 -4.38926e-05 0.000114429 
15 7 7 0.0921382 -0.000964427 -0.00373807 
0 8 8 0.0983722 -0.000313451 7.66383e-05 
1 8 8 0.0978286 -0.00031712 2.05711e-05 
2 8 8 0.0977276 -0.000313 -3.70565e-05 
3 8 8 0.0980624 -0.000278014 -8.86929e-05 
4 8 8 0.0987839 -0.000211458 -0.000127657 
5 8 8 0.0997823 -0.000124014 -0.000149178 
6 8 8 0.100912 -2.70326e-05 -0.000149403 
7 8 8 0.102033 8.14032e-05 -0.000129226 
8 8 8 0.103082 0.000181031 -9.968e-05 
9 8 8 0.103961 5.35971e-05 -7.36508e-05 
10 8 8 0.104133 -0.000294872 -4.42055e-05 
11 8 8 0.103821 -0.000295499 -1.80422e-05 
12 8 8 0.103612 -0.000139372 4.71431e-06 
13 8 8 0.103437 -5.61064e-05 2.38736e-05 
14 8 8 0.103075 -4.6193e-05 0.000108656 
15 8 8 0.100151 0.00064814 -0.0039278 
0 9 9 0 0 0 
1 9 9 0 0 0 
2 9 9 0 0 0 
3 9 9 0 0 0 
4 9 9 0 0 0 
5 9 9 0 0 0 
6 9 9 0 0 0 
7 9 9 0 0 0 
8 9 9 0 0 0 
9 9 9 0 0 0 
10 9 9 0 0 0 
11 9 9 0 0 0 
12 9 9 0 0 0 
13 9 9 0 0 0 
14 9 9 0 0 0 
15 9 9 0 0 0 
0 10 10 0 0 0 
1 10 10 0 0 0 
2 10 10 0 0 0 
3 10 10 0 0 0 
4 10 10 0 0 0 
5 10 10 0 0 0 
6 10 10 0 0 0 
7 10 10 0 0 0 
8 10 10 0 0 0 
9 10 10 0 0 0 
10 10 10 0 0 0 
11 10 10 0 0 0 
12 10 10 0 0 0 
13 10 10 0 0 0 
14 10 10 0 0 0 
15 10 10 0 0 0 
0 11 11 0 0 0 
1 11 11 0 0 0 
2 11 11 0 0 0 
3 11 11 0 0 0 
4 11 11 0 0 0 
5 11 11 0 0 0 
6 11 11 0 0 0 
7 11 11 0 0 0 
8 11 11 0 0 0 
9 11 11 0 0 0 
10 11 11 0 0 0 
11 11 11 0 0 0 
12 11 11 0 0 0 
13 11 11 0 0 0 
14 11 11 0 0 0 
15 11 11 0 0 0 
0 12 12 0 0 0 
1 12 12 0 0 0 
2 12 12 0 0 0 
3 12 12 0 0 0 
4 12 12 0 0 0 
5 12 12 0 0 0 
6 12 12 0 0 0 
7 12 12 0 0 0 
8 12 12 0 0 0 
9 12 12 0 0 0 
10 12 12 0 0 0 
11 12 12 0 0 0 
12 12 12 0 0 0 
13 12 12 0 0 0 
14 12 12 0 0 0 
15 12 12 0 0 0 
0 13 13 0 0 0 
1 13 13 0 0 0 
2 13 13 0 0 0 
3 13 13 0 0 0 
4 13 13 0 0 0 
5 13 13 0 0 0 
6 13 13 0 0 0 
7 13 13 0 0 0 
8 13 13 0 0 0 
9 13 13 0 0 0 
10 13 13 0 0 0 
11 13 13 0 0 0 
12 13 13 0 0 0 
13 13 13 0 0 0 
14 13 13 0 0 0 
15 13 13 0 0 0 
0 14 14 0 0 0 
1 14 14 0 0 0 
2 14 14 0 0 0 
3 14 14 0 0 0 
4 14 14 0 0 0 
5 14 14 0 0 0 
6 14 14 0 0 0 
7 14 14 0 0 0 
8 14 14 0 0 0 
9 14 14 0 0 0 
10 14 14 0 0 0 
11 14 14 0 0 0 
12 14 14 0 0 0 
13 14 14 0 0 0 
14 14 14 0 0 0 
15 14 14 0 0 0 
0 15 15 0 0 0 
1 15 15 0 0 0 
2 15 15 0 0 0 
3 15 15 0 0 0 
4 15 15 0 0 0 
5 15 15 0 0 0 
6 15 15 0 0 0 
7 15 15 0 0 0 
8 15 15 0 0 0 
9 15 15 0 0 0 
10 15 15 0 0 0 
11 15 15 0 0 0 
12 15 15 0 0 0 
13 15 15 0 0 0 
14 15 15 0 0 0 
15 15 15 0 0 0 
0 0 0 0 0 0 
1 0 0 0 0 0 
2 0 0 0 0 0 
3 0 0 0 0 0 
4 0 0 0 0 0 
5 0 0 0 0 0 
6 0 0 0 0 0 
7 0 0 0 0 0 
8 0 0 0 0 0 
9 0 0 0 0 0 
10 0 0 0 0 0 
11 0 0 0 0 0 
12 0 0 0 0 0 
13 0 0 0 0 0 
14 0 0 0 0 0 
15 0 0 0 0 0 
0 1 1 0 0 0 
1 1 1 0 0 0 
2 1 1 0 0 0 
3 1 1 0 0 0 
4 1 1 0 0 0 
5 1 1 0 0 0 
6 1 1 0 0 0 
7 1 1 0 0 0 
8 1 1 0 0 0 
9 1 1 0 0 0 
10 1 1 0 0 0 
11 1 1 0 0 0 
12 1 1 0 0 0 
13 1 1 0 0 0 
14 1 1 0 0 0 
15 1 1 0 0 0 
0 2 2 0 0 0 
1 2 2 0 0 0 
2 2 2 0 0 0 
3 2 2 0 0 0 
4 2 2 0 0 0 
5 2 2 0 0 0 
6 2 2 0 0 0 
7 2 2 0 0 0 
8 2 2 0 0 0 
9 2 2 0 0 0 
10 2 2 0 0 0 
11 2 2 0 0 0 
12 2 2 0 0 0 
13 2 2 0 0 0 
14 2 2 0 0 0 
15 2 2 0 0 0 
0 3 3 0 0 0 
1 3 3 0 0 0 
2 3 3 0 0 0 
3 3 3 0 0 0 
4 3 3 0 0 0 
5 3 3 0 0 0 
6 3 3 0 0 0 
7 3 3 0 0 0 
8 3 3 0 0 0 
9 3 3 0 0 0 
10 3 3 0 0 0 
11 3 3 0 0 0 
12 3 3 0 0 0 
13 3 3 0 0 0 
14 3 3 0 0 0 
15 3 3 0 0 0 
0 4 4 0 0 0 
1 4 4 0 0 0 
2 4 4 0 0 0 
3 4 4 0 0 0 
4 4 4 0 0 0 
5 4 4 0 0 0 
6 4 4 0 0 0 
7 4 4 0 0 0 
8 4 4 0 0 0 
9 4 4 0 0 0 
10 4 4 0 0 0 
11 4 4 0 0 0 
12 4 4 0 0 0 
13 4 4 0 0 0 
14 4 4 0 0 0 
15 4 4 0 0 0 
0 5 5 0.170754 -0.00032207 0.000510864 
1 5 5 0.169914 -0.000434628 0.000459712 
2 5 5 0.169739 -0.000470127 0.000335957 
3 5 5 0.170263 -0.000459121 0.000182539 
4 5 5 0.171388 -0.000419373 3.29756e-05 
5 5 5 0.172916 -0.00036364 -8.36423e-05 
6 5 5 0.174583 -0.000315431 -0.00013798 
7 5 5 0.176105 -0.000339621 -8.22058e-05 
8 5 5 0.177369 -0.000660525 0.000225933 
9 5 5 0.178853 -0.000516052 0.000406889 
10 5 5 0.178161 0.00108205 -0.000749687 
11 5 5 0.177699 0.000385418 -0.000372711 
12 5 5 0.178056 -6.2617e-05 3.09999e-05 
13 5 5 0.177975 -0.00017146 0.000179391 
14 5 5 0.177461 -0.000100407 0.000311573 
15 5 5 0.174349 -0.00346019 -0.0044064 
0 6 6 0.424775 -0.00063712 0.00104723 
1 6 6 0.42359 -0.000984426 0.000768192 
2 6 6 0.423743 -0.00118987 0.000352467 
3 6 6 0.425285 -0.00124003 -0.000107185 
4 6 6 0.427966 -0.00115012 -0.000523317 
5 6 6 0.431317 -0.000951778 -0.0008156 
6 6 6 0.434745 -0.000693784 -0.00092023 
7 6 6 0.437525 -0.000429204 -0.000764403 
8 6 6 0.438258 -8.08469e-05 0.000206459 
9 6 6 0.446332 0.00144386 0.0034231 
10 6 6 0.438789 -0.000759751 -0.0027438 
11 6 6 0.438272 -0.000443727 -0.00136155 
12 6 6 0.440461 -0.000268611 -0.000139195 
13 6 6 0.440462 -0.000260497 0.000268806 
14 6 6 0.439578 -0.000159271 0.000666712 
15 6 6 0.43877 -0.00391363 -0.00695906 
0 7 7 0.732293 -0.00109995 0.00159585 
1 7 7 0.731106 -0.0015055 0.000617803 
2 7 7 0.731931 -0.00180754 -0.000387297 
3 7 7 0.734673 -0.00188199 -0.00131588 
4 7 7 0.738965 -0.00168951 -0.0020454 
5 7 7 0.744148 -0.00126931 -0.00245676 
6 7 7 0.749407 -0.000694341 -0.00247969 
7 7 7 0.753884 4.47008e-05 -0.00212274 
8 7 7 0.756941 0.00136402 -0.00139899 
9 7 7 0.759749 0.00242295 -0.000120896 
10 7 7 0.759785 -0.00152307 6.58044e-05 
11 7 7 0.758044 -0.00184167 0.000111488 
12 7 7 0.757646 -0.000896659 0.00039136 
13 7 7 0.756956 -0.000475745 0.000568757 
14 7 7 0.755961 -0.000327227 0.000963923 
15 7 7 0.756993 -0.00238965 -0.00885512 
0 8 8 0.77327 -0.00149801 0.00121237 
1 8 8 0.772113 -0.00163807 -2.51303e-05 
2 8 8 0.773245 -0.00164705 -0.00119128 
3 8 8 0.776363 -0.00148779 -0.00216029 
4 8 8 0.781019 -0.00113764 -0.00281475 
5 8 8 0.786567 -0.000633775 -0.003065 
6 8 8 0.79223 -5.68754e-05 -0.00288079 
7 8 8 0.797274 0.000528881 -0.00231942 
8 8 8 0.801289 0.00104535 -0.0015358 
9 8 8 0.804169 0.000977308 -0.000753589 
10 8 8 0.805017 -0.000118388 -0.000143531 
11 8 8 0.803781 -0.000898535 0.000259928 
12 8 8 0.802091 -0.000921136 0.000490932 
13 8 8 0.800624 -0.000725137 0.000589285 
14 8 8 0.799451 -0.000615988 0.00090715 
15 8 8 0.800866 0.000828559 -0.0092278 
0 9 9 0.496841 -0.0013001 0.000269847 
1 9 9 0.495923 -0.00120694 -0.000362223 
2 9 9 0.496678 -0.000991431 -0.00092236 
3 9 9 0.498899 -0.000686621 -0.00135206 
4 9 9 0.502246 -0.000322079 -0.0016 
5 9 9 0.506253 5.67169e-05 -0.00163436 
6 9 9 0.510378 0.000388743 -0.00145909 
7 9 9 0.514107 0.000614394 -0.0011223 
8 9 9 0.517058 0.000661456 -0.000718236 
9 9 9 0.518962 0.000436144 -0.000366557 
10 9 9 0.519632 -1.71752e-05 -0.000137113 
11 9 9 0.519222 -0.00040362 2.60669e-06 
12 9 9 0.518273 -0.000557992 9.36423e-05 
13 9 9 0.517245 -0.000556801 0.000147777 
14 9 9 0.516281 -0.000608213 0.000402432 
15 9 9 0.516105 0.00304517 -0.00789866 
0 10 10 0.195638 -0.00059175 -7.60947e-05 
1 10 10 0.194942 -0.000512904 -0.000218025 
2 10 10 0.195057 -0.000384766 -0.00032961 
3 10 10 0.195918 -0.000226872 -0.000402535 
4 10 10 0.19739 -6.0294e-05 -0.000430873 
5 10 10 0.199259 9.41775e-05 -0.000411314 
6 10 10 0.201269 0.000209484 -0.000350121 
7 10 10 0.203156 0.000263368 -0.000262955 
8 10 10 0.204694 0.000238041 -0.000175136 
9 10 10 0.205719 0.00013242 -0.000112333 
10 10 10 0.206169 -1.69492e-05 -8.07198e-05 
11 10 10 0.20613 -0.000141088 -6.38167e-05 
12 10 10 0.205798 -0.000202854 -4.82681e-05 
13 10 10 0.205351 -0.000218584 -3.13021e-05 
14 10 10 0.204758 -0.000302375 9.08273e-05 
15 10 10 0.202275 0.00330627 -0.00492936 
0 11 11 0 0 0 
1 11 11 0 0 0 
2 11 11 0 0 0 
3 11 11 0 0 0 
4 11 11 0 0 0 
5 11 11 0 0 0 
6 11 11 0 0 0 
7 11 11 0 0 0 
8 11 11 0 0 0 
9 11 11 0 0 0 
10 11 11 0 0 0 
11 11 11 0 0 0 
12 11 11 0 0 0 
13 11 11 0 0 0 
14 11 11 0 0 0 
15 11 11 0 0 0 
0 12 12 0 0 0 
1 12 12 0 0 0 
2 12 12 0 0 0 
3 12 12 0 0 0 
4 12 12 0 0 0 
5 12 12 0 0 0 
6 12 12 0 0 0 
7 12 12 0 0 0 
8 12 12 0 0 0 
9 12 12 0 0 0 
10 12 12 0 0 0 
11 12 12 0 0 0 
12 12 12 0 0 0 
13 12 12 0 0 0 
14 12 12 0 0 0 
15 12 12 0 0 0 
0 13 13 0 0 0 
1 13 13 0 0 0 
2 13 13 0 0 0 
3 13 13 0 0 0 
4 13 13 0 0 0 
5 13 13 0 0 0 
6 13 13 0 0 0 
7 13 13 0 0 0 
8 13 13 0 0 0 
9 13 13 0 0 0 
10 13 13 0 0 0 
11 13 13 0 0 0 
12 13 13 0 0 0 
13 13 13 0 0 0 
14 13 13 0 0 0 
15 13 13 0 0 0 
0 14 14 0 0 0 
1 14 14 0 0 0 
2 14 14 0 0 0 
3 14 14 0 0 0 
4 14 14 0 0 0 
5 14 14 0 0 0 
6 14 14 0 0 0 
7 14 14 0 0 0 
8 14 14 0 0 0 
9 14 14 0 0 0 
10 14 14 0 0 0 
11 14 14 0 0 0 
12 14 14 0 0 0 
13 14 14 0 0 0 
14 14 14 0 0 0 
15 14 14 0 0 0 
0 15 15 0 0 0 
1 15 15 0 0 0 
2 15 15 0 0 0 
3 15 15 0 0 0 
4 15 15 0 0 0 
5 15 15 0 0 0 
6 15 15 0 0 0 
7 15 15 0 0 0 
8 15 15 0 0 0 
9 15 15 0 0 0 
10 15 15 0 0 0 
11 15 15 0 0 0 
12 15 15 0 0 0 
13 15 15 0 0 0 
14 15 15 0 0 0 
15 15 15 0 0 0 
0 0 0 0 0 0 
1 0 0 0 0 0 
2 0 0 0 0 0 
3 0 0 0 0 0 
4 0 0 0 0 0 
5 0 0 0 0 0 
6 0 0 0 0 0 
7 0 0 0 0 0 
8 0 0 0 0 0 
9 0 0 0 0 0 
10 0 0 0 0 0 
11 0 0 0 0 0 
12 0 0 0 0 0 
13 0 0 0 0 0 
14 0 0 0 0 0 
15 0 0 0 0 0 
0 1 1 0 0 0 
1 1 1 0 0 0 
2 1 1 0 0 0 
3 1 1 0 0 0 
4 1 1 0 0 0 
5 1 1 0 0 0 
6 1 1 0 0 0 
7 1 1 0 0 0 
8 1 1 0 0 0 
9 1 1 0 0 0 
10 1 1 0 0 0 
11 1 1 0 0 0 
12 1 1 0 0 0 
13 1 1 0 0 0 
14 1 1 0 0 0 
15 1 1 0 0 0 
0 2 2 0 0 0 
1 2 2 0 0 0 
2 2 2 0 0 0 
3 2 2 0 0 0 
4 2 2 0 0 0 
5 2 2 0 0 0 
6 2 2 0 0 0 
7 2 2 0 0 0 
8 2 2 0 0 0 
9 2 2 0 0 0 
10 2 2 0 0 0 
11 2 2 0 0 0 
12 2 2 0 0 0 
13 2 2 0 0 0 
14 2 2 0 0 0 
15 2 2 0 0 0 
0 3 3 0 0 0 
1 3 3 0 0 0 
2 3 3 0 0 0 
3 3 3 0 0 0 
4 3 3 0 0 0 
5 3 3 0 0 0 
6 3 3 0 0 0 
7 3 3 0 0 0 
8 3 3 0 0 0 
9 3 3 0 0 0 
10 3 3 0 0 0 
11 3 3 0 0 0 
12 3 3 0 0 0 
13 3 3 0 0 0 
14 3 3 0 0 0 
15 3 3 0 0 0 
0 4 4 0.161344 2.93983e-05 0.000446846 
1 4 4 0.160446 -0.000114687 0.000450377 
2 4 4 0.160262 -0.000207673 0.000365653 
3 4 4 0.160752 -0.000263274 0.000236104 
4 4 4 0.161814 -0.000293729 0.000103717 
5 4 4 0.163275 -0.00030377 9.64471e-07 
6 4 4 0.164911 -0.000299851 -4.72215e-05 
7 4 4 0.166506 -0.000291565 -2.69456e-05 
8 4 4 0.16791 -0.00026839 2.82905e-05 
9 4 4 0.168955 -0.000130424 -3.36267e-05 
10 4 4 0.169223 0.000110177 -0.000215886 
11 4 4 0.168858 0.000171261 -0.000192625 
12 4 4 0.168418 8.88569e-05 -1.30611e-05 
13 4 4 0.168009 1.14835e-05 0.000136925 
14 4 4 0.167439 7.59786e-05 0.000269513 
15 4 4 0.16432 -0.00454854 -0.00298283 
0 5 5 0.665362 0.00059175 0.00167991 
1 5 5 0.663585 -0.000481331 0.00141369 
2 5 5 0.663954 -0.00127252 0.000862606 
3 5 5 0.66626 -0.0017852 0.000175448 
4 5 5 0.670094 -0.00203911 -0.000476493 
5 5 5 0.674833 -0.00204961 -0.000945803 
6 5 5 0.679721 -0.00186041 -0.00112051 
7 5 5 0.68403 -0.0015852 -0.00091622 
8 5 5 0.687405 -0.00140544 -0.000295428 
9 5 5 0.690072 -0.0008956 0.000140584 
10 5 5 0.690408 0.000670937 -0.000635239 
11 5 5 0.688593 0.00113185 -0.000668294 
12 5 5 0.687051 0.000741168 -3.84421e-06 
13 5 5 0.685762 0.000335544 0.00054861 
14 5 5 0.684537 0.00030418 0.00104028 
15 5 5 0.68539 -0.0068325 -0.00578413 
0 6 6 1.31912 0.00285409 0.00305464 
1 6 6 1.31639 0.000249096 0.00144271 
2 6 6 1.31601 -0.00199084 -0.000408753 
3 6 6 1.31794 -0.00365711 -0.00227761 
4 6 6 1.32189 -0.0046225 -0.00386251 
5 6 6 1.32727 -0.00482411 -0.00485331 
6 6 6 1.33317 -0.00429717 -0.00501639 
7 6 6 1.33851 -0.00322383 -0.00422484 
8 6 6 1.34233 -0.00195113 -0.00229675 
9 6 6 1.34515 -0.000596041 0.000200012 
10 6 6 1.34599 0.00100067 -0.000472763 
11 6 6 1.34409 0.00169061 -0.000630915 
12 6 6 1.34256 0.0015944 0.000387104 
13 6 6 1.34108 0.00118438 0.0011426 
14 6 6 1.3398 0.00071767 0.00158793 
15 6 6 1.34098 -0.00456003 -0.00593661 
0 7 7 1.64381 0.00404663 0.00485129 
1 7 7 1.64103 0.0017789 0.00124328 
2 7 7 1.6394 -0.000348863 -0.0023408 
3 7 7 1.63905 -0.00209888 -0.00557698 
4 7 7 1.64008 -0.00325788 -0.00809417 
5 7 7 1.64246 -0.00366856 -0.00950671 
6 7 7 1.64589 -0.0032826 -0.0095212 
7 7 7 1.64973 -0.0021733 -0.00806917 
8 7 7 1.6532 -0.000501304 -0.00536124 
9 7 7 1.65613 0.00114821 -0.00222269 
10 7 7 1.65771 0.00145397 -0.000340261 
11 7 7 1.6572 0.00126074 0.00089773 
12 7 7 1.65615 0.00122005 0.00186901 
13 7 7 1.65504 0.00105375 0.00224987 
14 7 7 1.65415 0.000704013 0.00198759 
15 7 7 1.65373 -0.00138313 -0.00513699 
0 8 8 1.66626 0.00219852 0.00535642 
1 8 8 1.66426 0.00148496 0.000971801 
2 8 8 1.66321 0.000917015 -0.00325789 
3 8 8 1.66321 0.000540092 -0.00693096 
4 8 8 1.66434 0.000382577 -0.00963866 
5 8 8 1.66662 0.000463652 -0.0109991 
6 8 8 1.6699 0.000764547 -0.0107632 
7 8 8 1.67372 0.00122298 -0.00897193 
8 8 8 1.67746 0.00172061 -0.00606836 
9 8 8 1.68055 0.00196086 -0.00287258 
10 8 8 1.68239 0.00162123 -0.000234546 
11 8 8 1.68273 0.00100253 0.00152217 
12 8 8 1.68212 0.000481489 0.00241528 
13 8 8 1.68117 0.000116281 0.00254781 
14 8 8 1.68046 -7.72381e-05 0.00197669 
15 8 8 1.68019 0.000929368 -0.00531706 
0 9 9 1.39251 -0.000686318 0.00291942 
1 9 9 1.39143 -5.68507e-05 -0.000342283 
2 9 9 1.39228 0.000750684 -0.00332972 
3 9 9 1.39498 0.00162344 -0.00575154 
4 9 9 1.39926 0.00242186 -0.00734078 
5 9 9 1.40469 0.00301403 -0.00788613 
6 9 9 1.41065 0.00329348 -0.00731394 
7 9 9 1.41636 0.00320638 -0.00577799 
8 9 9 1.4211 0.00275827 -0.0036804 
9 9 9 1.42433 0.00199407 -0.00156707 
10 9 9 1.42588 0.00103054 9.15934e-05 
11 9 9 1.42592 0.000112623 0.00109567 
12 9 9 1.42501 -0.000544852 0.00148952 
13 9 9 1.42374 -0.00089007 0.00142592 
14 9 9 1.42286 -0.000978318 0.00109654 
15 9 9 1.42414 0.00331558 -0.00676403 
0 10 10 0.813746 -0.00142575 0.000291214 
1 10 10 0.813037 -0.0007773 -0.00086392 
2 10 10 0.814554 -1.37537e-05 -0.00182486 
3 10 10 0.818064 0.00075641 -0.00250942 
4 10 10 0.823108 0.00141747 -0.00285671 
5 10 10 0.829025 0.00187006 -0.00283381 
6 10 10 0.835038 0.00204128 -0.00246393 
7 10 10 0.840387 0.00190843 -0.00184401 
8 10 10 0.844486 0.00150627 -0.00113197 
9 10 10 0.847025 0.000922559 -0.000498561 
10 10 10 0.848015 0.000285953 -5.98468e-05 
11 10 10 0.847761 -0.000255636 0.000163642 
12 10 10 0.846747 -0.000604025 0.000219836 
13 10 10 0.845461 -0.000763427 0.000182832 
14 10 10 0.844308 -0.00100803 0.000341997 
15 10 10 0.846466 0.00624011 -0.00722123 
0 11 11 0.211332 -0.000408641 -0.000159143 
1 11 11 0.210681 -0.000287153 -0.000293617 
2 11 11 0.210874 -0.000136197 -0.000385292 
3 11 11 0.211853 2.30504e-05 -0.000431506 
4 11 11 0.213471 0.000166859 -0.000433429 
5 11 11 0.215499 0.000275777 -0.000394452 
6 11 11 0.217656 0.000331263 -0.000323707 
7 11 11 0.219657 0.000324647 -0.000237833 
8 11 11 0.221263 0.000259359 -0.000157366 
9 11 11 0.222324 0.000154247 -0.000100199 
10 11 11 0.222814 3.6424e-05 -7.15879e-05 
11 11 11 0.222826 -6.35085e-05 -6.37096e-05 
12 11 11 0.222526 -0.000126734 -6.46142e-05 
13 11 11 0.222079 -0.000158155 -6.37136e-05 
14 11 11 0.221474 -0.000281314 3.4216e-05 
15 11 11 0.219095 0.00483227 -0.00374596 
0 12 12 0 0 0 
1 12 12 0 0 0 
2 12 12 0 0 0 
3 12 12 0 0 0 
4 12 12 0 0 0 
5 12 12 0 0 0 
6 12 12 0 0 0 
7 12 12 0 0 0 
8 12 12 0 0 0 
9 12 12 0 0 0 
10 12 12 0 0 0 
11 12 12 0 0 0 
12 12 12 0 0 0 
13 12 12 0 0 0 
14 12 12 0 0 0 
15 12 12 0 0 0 
0 13 13 0 0 0 
1 13 13 0 0 0 
2 13 13 0 0 0 
3 13 13 0 0 0 
4 13 13 0 0 0 
5 13 13 0 0 0 
6 13 13 0 0 0 
7 13 13 0 0 0 
8 13 13 0 0 0 
9 13 13 0 0 0 
10 13 13 0 0 0 
11 13 13 0 0 0 
12 13 13 0 0 0 
13 13 13 0 0 0 
14 13 13 0 0 0 
15 13 13 0 0 0 
0 14 14 0 0 0 
1 14 14 0 0 0 
2 14 14 0 0 0 
3 14 14 0 0 0 
4 14 14 0 0 0 
5 14 14 0 0 0 
6 14 14 0 0 0 
7 14 14 0 0 0 
8 14 14 0 0 0 
9 14 14 0 0 0 
10 14 14 0 0 0 
11 14 14 0 0 0 
12 14 14 0 0 0 
13 14 14 0 0 0 
14 14 14 0 0 0 
15 14 14 0 0 0 
0 15 15 0 0 0 
1 15 15 0 0 0 
2 15 15 0 0 0 
3 15 15 0 0 0 
4 15 15 0 0 0 
5 15 15 0 0 0 
6 15 15 0 0 0 
7 15 15 0 0 0 
8 15 15 0 0 0 
9 15 15 0 0 0 
10 15 15 0 0 0 
11 15 15 0 0 0 
12 15 15 0 0 0 
13 15 15 0 0 0 
14 15 15 0 0 0 
15 15 15 0 0 0 
0 0 0 0 0 0 
1 0 0 0 0 0 
2 0 0 0 0 0 
3 0 0 0 0 0 
4 0 0 0 0 0 
5 0 0 0 0 0 
6 0 0 0 0 0 
7 0 0 0 0 0 
8 0 0 0 0 0 
9 0 0 0 0 0 
10 0 0 0 0 0 
11 0 0 0 0 0 
12 0 0 0 0 0 
13 0 0 0 0 0 
14 0 0 0 0 0 
15 0 0 0 0 0 
0 1 1 0 0 0 
1 1 1 0 0 0 
2 1 1 0 0 0 
3 1 1 0 0 0 
4 1 1 0 0 0 
5 1 1 0 0 0 
6 1 1 0 0 0 
7 1 1 0 0 0 
8 1 1 0 0 0 
9 1 1 0 0 0 
10 1 1 0 0 0 
11 1 1 0 0 0 
12 1 1 0 0 0 
13 1 1 0 0 0 
14 1 1 0 0 0 
15 1 1 0 0 0 
0 2 2 0 0 0 
1 2 2 0 0 0 
2 2 2 0 0 0 
3 2 2 0 0 0 
4 2 2 0 0 0 
5 2 2 0 0 0 
6 2 2 0 0 0 
7 2 2 0 0 0 
8 2 2 0 0 0 
9 2 2 0 0 0 
10 2 2 0 0 0 
11 2 2 0 0 0 
12 2 2 0 0 0 
13 2 2 0 0 0 
14 2 2 0 0 0 
15 2 2 0 0 0 
0 3 3 0 0 0 
1 3 3 0 0 0 
2 3 3 0 0 0 
3 3 3 0 0 0 
4 3 3 0 0 0 
5 3 3 0 0 0 
6 3 3 0 0 0 
7 3 3 0 0 0 
8 3 3 0 0 0 
9 3 3 0 0 0 
10 3 3 0 0 0 
11 3 3 0 0 0 
12 3 3 0 0 0 
13 3 3 0 0 0 
14 3 3 0 0 0 
15 3 3 0 0 0 
0 4 4 0.407135 0.000698924 0.000714789 
1 4 4 0.405568 0.000180714 0.000709824 
2 4 4 0.405608 -0.00028681 0.000567975 
3 4 4 0.407075 -0.000663024 0.000333097 
4 4 4 0.409647 -0.000922721 8.09178e-05 
5 4 4 0.412896 -0.00104875 -0.000117874 
6 4 4 0.416322 -0.00103773 -0.000213674 
7 4 4 0.419446 -0.000904993 -0.000194338 
8 4 4 0.421898 -0.000669594 -0.000114499 
9 4 4 0.423418 -0.000335844 -0.000103244 
10 4 4 0.423805 3.39608e-05 -0.00018941 
11 4 4 0.423202 0.000281957 -0.000185762 
12 4 4 0.422139 0.000347113 -2.42265e-05 
13 4 4 0.421024 0.000313785 0.000181216 
14 4 4 0.419903 0.000483698 0.000430785 
15 4 4 0.41884 -0.00722649 -0.00286336 
0 5 5 1.29582 0.00464491 0.00203901 
1 5 5 1.29215 0.0016692 0.00136195 
2 5 5 1.29142 -0.00116731 0.000474471 
3 5 5 1.29335 -0.00353288 -0.000557757 
4 5 5 1.29742 -0.00517358 -0.00155067 
5 5 5 1.30293 -0.00591927 -0.00227286 
6 5 5 1.30896 -0.005718 -0.00253358 
7 5 5 1.31453 -0.00469218 -0.00225058 
8 5 5 1.31883 -0.00313233 -0.00152282 
9 5 5 1.32141 -0.00133982 -0.000737851 
10 5 5 1.32193 0.000418544 -0.00030819 
11 5 5 1.32047 0.00169964 -3.75011e-05 
12 5 5 1.31796 0.00224723 0.000343466 
13 5 5 1.31531 0.00218936 0.000762385 
14 5 5 1.31333 0.00186995 0.00113949 
15 5 5 1.31439 -0.00648306 -0.00325966 
0 6 6 1.91698 0.0103399 0.00380566 
1 6 6 1.91309 0.0058894 0.00125789 
2 6 6 1.90888 0.00126597 -0.00129122 
3 6 6 1.90468 -0.00300563 -0.00371365 
4 6 6 1.90093 -0.00642515 -0.00578289 
5 6 6 1.8981 -0.00855297 -0.00717701 
6 6 6 1.89659 -0.00907581 -0.00756701 
7 6 6 1.89647 -0.00792958 -0.00676262 
8 6 6 1.89744 -0.00543934 -0.00488868 
9 6 6 1.89892 -0.00228939 -0.00260371 
10 6 6 1.90002 0.000721914 -0.000798308 
11 6 6 1.90013 0.002956 0.00044963 
12 6 6 1.89952 0.00413887 0.00130741 
13 6 6 1.89857 0.0043146 0.00173644 
14 6 6 1.89757 0.003551 0.00162777 
15 6 6 1.89609 -0.00125413 -0.00215511 
0 7 7 2.24937 0.0104682 0.00747511 
1 7 7 2.25089 0.00797645 0.00308264 
2 7 7 2.24836 0.00499621 -0.00132962 
3 7 7 2.24216 0.00189505 -0.0054855 
4 7 7 2.23308 -0.000944481 -0.00904563 
5 7 7 2.22233 -0.00314167 -0.0115762 
6 7 7 2.21148 -0.00434922 -0.0125942 
7 7 7 2.20217 -0.00432929 -0.0117353 
8 7 7 2.19569 -0.00310288 -0.00905787 
9 7 7 2.19253 -0.00109762 -0.00534665 
10 7 7 2.19207 0.000991608 -0.00181863 
11 7 7 2.19323 0.00267984 0.00084288 
12 7 7 2.19522 0.00373771 0.00246215 
13 7 7 2.19742 0.00408522 0.0030422 
14 7 7 2.19921 0.0037426 0.00261017 
15 7 7 2.19967 0.00189198 -0.00107421 
0 8 8 2.26693 0.00461301 0.00928749 
1 8 8 2.27062 0.00537984 0.00428799 
2 8 8 2.26983 0.00571664 -0.000835085 
3 8 8 2.26483 0.00573752 -0.00568636 
4 8 8 2.25636 0.00553932 -0.00982865 
5 8 8 2.24563 0.00517851 -0.0127585 
6 8 8 2.23433 0.00468109 -0.013952 
7 8 8 2.2243 0.00407292 -0.0130376 
8 8 8 2.2171 0.00340306 -0.0101121 
9 8 8 2.21342 0.00273561 -0.00597255 
10 8 8 2.21289 0.00215786 -0.00184964 
11 8 8 2.21456 0.00179323 0.00130185 
12 8 8 2.21744 0.0016622 0.00312002 
13 8 8 2.22071 0.00166395 0.00365767 
14 8 8 2.22362 0.00174817 0.00302531 
15 8 8 2.22513 0.0025499 -0.000885283 
0 9 9 1.97545 -0.000281612 0.00649771 
1 9 9 1.97627 0.00249379 0.0021938 
2 9 9 1.97532 0.0050518 -0.00206245 
3 9 9 1.97289 0.0072608 -0.00587101 
4 9 9 1.96954 0.00893211 -0.00883475 
5 9 9 1.96607 0.00983 -0.010565 
6 9 9 1.96334 0.00974284 -0.0107538 
7 9 9 1.96199 0.00860676 -0.00932676 
8 9 9 1.96217 0.00662207 -0.00661674 
9 9 9 1.96351 0.00425457 -0.00336638 
10 9 9 1.9654 0.00206412 -0.00043673 
11 9 9 1.96737 0.000461028 0.00159814 
12 9 9 1.96919 -0.000432762 0.00259296 
13 9 9 1.97078 -0.0006996 0.0026752 
14 9 9 1.97211 -0.000346582 0.00192918 
15 9 9 1.97246 0.00329962 -0.00238064 
0 10 10 1.41387 -0.00155514 0.00173713 
1 10 10 1.41364 0.000812493 -0.000518371 
2 10 10 1.41502 0.00310448 -0.0025268 
3 10 10 1.41799 0.00509448 -0.00409085 
4 10 10 1.42237 0.00653429 -0.0050511 
5 10 10 1.42784 0.0072012 -0.00529772 
6 10 10 1.43381 0.00697301 -0.00481238 
7 10 10 1.43956 0.00590628 -0.00372285 
8 10 10 1.44436 0.004262 -0.00230803 
9 10 10 1.4477 0.00243523 -0.000921533 
10 10 10 1.44947 0.000808025 0.000143141 
11 10 10 1.44993 -0.000372887 0.000752729 
12 10 10 1.44954 -0.00103587 0.00093469 
13 10 10 1.44879 -0.00124237 0.000803707 
14 10 10 1.4483 -0.00112139 0.000487276 
15 10 10 1.44967 0.00627316 -0.00430828 
0 11 11 0.521998 -0.000757388 -0.000136744 
1 11 11 0.521409 -0.000180753 -0.000483882 
2 11 11 0.522439 0.00040491 -0.000741834 
3 11 11 0.524939 0.000930188 -0.000895609 
4 11 11 0.528584 0.00132488 -0.000941231 
5 11 11 0.532895 0.00153393 -0.000882167 
6 11 11 0.537294 0.00152842 -0.000735264 
7 11 11 0.541223 0.00131975 -0.000536166 
8 11 11 0.544246 0.000963823 -0.00033149 
9 11 11 0.546149 0.000548111 -0.000165045 
10 11 11 0.546954 0.000159467 -6.27381e-05 
11 11 11 0.546887 -0.000134347 -2.32982e-05 
12 11 11 0.546267 -0.00030905 -2.95611e-05 
13 11 11 0.545403 -0.00038585 -5.32046e-05 
14 11 11 0.54446 -0.000659429 2.42332e-05 
15 11 11 0.544617 0.00767798 -0.00396729 
0 12 12 0.0445784 -6.15501e-05 -2.80704e-05 
1 12 12 0.0442887 -3.76912e-05 -2.82298e-05 
2 12 12 0.0442225 -1.08801e-05 -2.50852e-05 
3 12 12 0.0443784 1.59098e-05 -1.99329e-05 
4 12 12 0.04473 3.92168e-05 -1.41292e-05 
5 12 12 0.0452274 5.60864e-05 -8.71071e-06 
6 12 12 0.0457974 6.39144e-05 -4.56552e-06 
7 12 12 0.0463604 6.12676e-05 -2.45753e-06 
8 12 12 0.046841 4.92049e-05 -2.72516e-06 
9 12 12 0.0471861 3.17619e-05 -5.06655e-06 
10 12 12 0.0473701 1.28372e-05 -8.49519e-06 
11 12 12 0.0474282 -2.06733e-06 -1.1813e-05 
12 12 12 0.0473832 -1.26819e-05 -1.37378e-05 
13 12 12 0.047276 -1.90833e-05 -1.39619e-05 
14 12 12 0.0470603 -5.9107e-05 -1.10784e-05 
15 12 12 0.0449785 0.00218481 -0.00108567 
0 13 13 0 0 0 
1 13 13 0 0 0 
2 13 13 0 0 0 
3 13 13 0 0 0 
4 13 13 0 0 0 
5 13 13 0 0 0 
6 13 13 0 0 0 
7 13 13 0 0 0 
8 13 13 0 0 0 
9 13 13 0 0 0 
10 13 13 0 0 0 
11 13 13 0 0 0 
12 13 13 0 0 0 
13 13 13 0 0 0 
14 13 13 0 0 0 
15 13 13 0 0 0 
0 14 14 0 0 0 
1 14 14 0 0 0 
2 14 14 0 0 0 
3 14 14 0 0 0 
4 14 14 0 0 0 
5 14 14 0 0 0 
6 14 14 0 0 0 
7 14 14 0 0 0 
8 14 14 0 0 0 
9 14 14 0 0 0 
10 14 14 0 0 0 
11 14 14 0 0 0 
12 14 14 0 0 0 
13 14 14 0 0 0 
14 14 14 0 0 0 
15 14 14 0 0 0 
0 15 15 0 0 0 
1 15 15 0 0 0 
2 15 15 0 0 0 
3 15 15 0 0 0 
4 15 15 0 0 0 
5 15 15 0 0 0 
6 15 15 0 0 0 
7 15 15 0 0 0 
8 15 15 0 0 0 
9 15 15 0 0 0 
10 15 15 0 0 0 
11 15 15 0 0 0 
12 15 15 0 0 0 
13 15 15 0 0 0 
14 15 15 0 0 0 
15 15 15 0 0 0 
0 0 0 0 0 0 
1 0 0 0 0 0 
2 0 0 0 0 0 
3 0 0 0 0 0 
4 0 0 0 0 0 
5 0 0 0 0 0 
6 0 0 0 0 0 
7 0 0 0 0 0 
8 0 0 0 0 0 
9 0 0 0 0 0 
10 0 0 0 0 0 
11 0 0 0 0 0 
12 0 0 0 0 0 
13 0 0 0 0 0 
14 0 0 0 0 0 
15 0 0 0 0 0 
0 1 1 0 0 0 
1 1 1 0 0 0 
2 1 1 0 0 0 
3 1 1 0 0 0 
4 1 1 0 0 0 
5 1 1 0 0 0 
6 1 1 0 0 0 
7 1 1 0 0 0 
8 1 1 0 0 0 
9 1 1 0 0 0 
10 1 1 0 0 0 
11 1 1 0 0 0 
12 1 1 0 0 0 
13 1 1 0 0 0 
14 1 1 0 0 0 
15 1 1 0 0 0 
0 2 2 0 0 0 
1 2 2 0 0 0 
2 2 2 0 0 0 
3 2 2 0 0 0 
4 2 2 0 0 0 
5 2 2 0 0 0 
6 2 2 0 0 0 
7 2 2 0 0 0 
8 2 2 0 0 0 
9 2 2 0 0 0 
10 2 2 0 0 0 
11 2 2 0 0 0 
12 2 2 0 0 0 
13 2 2 0 0 0 
14 2 2 0 0 0 
15 2 2 0 0 0 
0 3 3 0.0255528 6.0253e-05 -6.15554e-07 
1 3 3 0.02519 4.54421e-05 7.00667e-06 
2 3 3 0.0249887 2.69312e-05 1.15013e-05 
3 3 3 0.0249628 6.39595e-06 1.30854e-05 
4 3 3 0.0251004 -1.44446e-05 1.3167e-05 
5 3 3 0.0253776 -3.23112e-05 1.28715e-05 
6 3 3 0.0257489 -4.45873e-05 1.28778e-05 
7 3 3 0.0261549 -4.88852e-05 1.20698e-05 
8 3 3 0.0265285 -4.40637e-05 8.18028e-06 
9 3 3 0.0268136 -3.15198e-05 -2.83828e-07 
10 3 3 0.0269776 -1.58962e-05 -9.61947e-06 
11 3 3 0.0270251 -2.41638e-06 -1.36988e-05 
12 3 3 0.0269871 6.59325e-06 -1.12921e-05 
13 3 3 0.0268954 1.29473e-05 -5.85135e-06 
14 3 3 0.026694 6.27263e-05 -1.15204e-05 
15 3 3 0.0245942 -0.002401 -0.000180655 
0 4 4 0.628515 0.00171772 0.000360617 
1 4 4 0.626376 0.000772066 0.000380751 
2 4 4 0.626486 -0.00017514 0.000328924 
3 4 4 0.628601 -0.00101312 0.000207618 
4 4 4 0.632237 -0.00163878 5.71994e-05 
5 4 4 0.636765 -0.00197342 -7.1815e-05 
6 4 4 0.641454 -0.00198243 -0.000137212 
7 4 4 0.64561 -0.00169101 -0.000130958 
8 4 4 0.648687 -0.00118067 -8.90442e-05 
9 4 4 0.650396 -0.000572281 -7.67127e-05 
10 4 4 0.650708 7.94711e-07 -0.000113076 
11 4 4 0.649892 0.000426794 -0.00012964 
12 4 4 0.64843 0.000656741 -7.39561e-05 
13 4 4 0.646795 0.000731537 3.43821e-05 
14 4 4 0.645289 0.00102157 0.000173346 
15 4 4 0.645799 -0.00895648 -0.000746053 
0 5 5 1.59401 0.00801612 0.000709206 
1 5 5 1.58903 0.00391738 0.000363091 
2 5 5 1.58617 -0.000242521 -1.15606e-05 
3 5 5 1.58546 -0.00401576 -0.000422005 
4 5 5 1.58675 -0.00694243 -0.000830868 
5 5 5 1.58969 -0.00861509 -0.00115433 
6 5 5 1.59369 -0.00878335 -0.00129353 
7 5 5 1.59796 -0.00747439 -0.00119084 
8 5 5 1.60159 -0.00506555 -0.000883479 
9 5 5 1.60384 -0.00220179 -0.000515397 
10 5 5 1.60435 0.000433842 -0.000231011 
11 5 5 1.60326 0.0023538 -4.09136e-05 
12 5 5 1.60115 0.00338574 0.000113322 
13 5 5 1.59868 0.00360985 0.000253583 
14 5 5 1.59662 0.00313164 0.000354793 
15 5 5 1.59573 -0.0048368 -0.000910474 
0 6 6 2.22928 0.0142965 0.00169491 
1 6 6 2.22852 0.00934008 0.00047459 
2 6 6 2.22423 0.00392988 -0.000689724 
3 6 6 2.21695 -0.00145337 -0.00176289 
4 6 6 2.20749 -0.00625005 -0.00268309 
5 6 6 2.19698 -0.00983849 -0.00334606 
6 6 6 2.18682 -0.0116185 -0.00361341 
7 6 6 2.17838 -0.0111767 -0.00336852 
8 6 6 2.17265 -0.00857863 -0.00262659 
9 6 6 2.16979 -0.00454912 -0.00161825 
10 6 6 2.16916 -0.000275232 -0.000675451 
11 6 6 2.16978 0.00317587 2.29082e-05 
12 6 6 2.17088 0.00528926 0.000457869 
13 6 6 2.17192 0.00603928 0.000650496 
14 6 6 2.17252 0.00548573 0.000590012 
15 6 6 2.17189 0.00122621 -0.000522807 
0 7 7 2.5711 0.0113245 0.00381157 
1 7 7 2.58263 0.0093781 0.00189908 
2 7 7 2.58637 0.00684107 -3.00414e-05 
3 7 7 2.58237 0.00392464 -0.00187901 
4 7 7 2.57121 0.000922379 -0.0035411 
5 7 7 2.55411 -0.00179719 -0.00486332 
6 7 7 2.53307 -0.00381239 -0.00563839 
7 7 7 2.5109 -0.00469658 -0.00564184 
8 7 7 2.49098 -0.00418619 -0.00476929 
9 7 7 2.47632 -0.00241711 -0.00321974 
10 7 7 2.46846 4.37821e-06 -0.0014867 
11 7 7 2.46694 0.00232643 -4.67485e-05 
12 7 7 2.46992 0.00403783 0.000867072 
13 7 7 2.47514 0.00495131 0.00123799 
14 7 7 2.48054 0.00505664 0.00113172 
15 7 7 2.48457 0.00369395 7.24465e-06 
0 8 8 2.58524 0.00178806 0.00477407 
1 8 8 2.5994 0.00391441 0.00273288 
2 8 8 2.60567 0.00567355 0.000572072 
3 8 8 2.60384 0.00699351 -0.00156543 
4 8 8 2.59426 0.00786039 -0.00352598 
5 8 8 2.57799 0.00825797 -0.0051145 
6 8 8 2.55694 0.00813537 -0.00608958 
7 8 8 2.53403 0.00743196 -0.00619604 
8 8 8 2.51288 0.00616273 -0.00530625 
9 8 8 2.49696 0.0045396 -0.00360654 
10 8 8 2.48826 0.0029759 -0.00162375 
11 8 8 2.48662 0.0018841 6.80099e-05 
12 8 8 2.4902 0.00142354 0.00114948 
13 8 8 2.49658 0.00148872 0.00158063 
14 8 8 2.50346 0.00189464 0.00144179 
15 8 8 2.50909 0.00299447 0.000235179 
0 9 9 2.2815 -0.00358182 0.00355529 
1 9 9 2.28734 0.00116536 0.00171467 
2 9 9 2.28839 0.00565966 -0.000185141 
3 9 9 2.28474 0.00963447 -0.00198117 
4 9 9 2.27704 0.0128076 -0.00350473 
5 9 9 2.26649 0.0148294 -0.00457199 
6 9 9 2.25487 0.0153159 -0.00500211 
7 9 9 2.24419 0.0140042 -0.00467089 
8 9 9 2.23626 0.0110281 -0.00362095 
9 9 9 2.23201 0.0070955 -0.00213242 
10 9 9 2.23135 0.00328196 -0.000640375 
11 9 9 2.23343 0.000472138 0.000493402 
12 9 9 2.23717 -0.00102053 0.00112357 
13 9 9 2.24155 -0.00133365 0.00127677 
14 9 9 2.24563 -0.000643291 0.00100674 
15 9 9 2.24827 0.00297972 -0.000356331 
0 10 10 1.70154 -0.00262829 0.00117548 
1 10 10 1.70186 0.00149773 5.28239e-05 
2 10 10 1.70234 0.0053793 -0.00098509 
3 10 10 1.70312 0.00868086 -0.00183686 
4 10 10 1.70445 0.0110462 -0.0024158 
5 10 10 1.70656 0.0121346 -0.00265291 
6 10 10 1.70953 0.011728 -0.00251505 
7 10 10 1.71312 0.00988482 -0.0020364 
8 10 10 1.71681 0.00703693 -0.00133822 
9 10 10 1.72 0.00390099 -0.00060301 
10 10 10 1.72233 0.00118998 -3.55508e-06 
11 10 10 1.72378 -0.000666873 0.000366305 
12 10 10 1.72459 -0.00159552 0.000504521 
13 10 10 1.72501 -0.00173674 0.000459067 
14 10 10 1.72542 -0.00115648 0.000255918 
15 10 10 1.72582 0.00577095 -0.0012848 
0 11 11 0.837365 -0.000986447 -1.10538e-05 
1 11 11 0.83702 0.000311816 -0.000251737 
2 11 11 0.838799 0.00153892 -0.0004386 
3 11 11 0.842503 0.00256234 -0.000560424 
4 11 11 0.847712 0.00325619 -0.000613678 
5 11 11 0.853793 0.00352654 -0.000595878 
6 11 11 0.859963 0.00334118 -0.000513945 
7 11 11 0.865445 0.00275867 -0.00038816 
8 11 11 0.869641 0.00192679 -0.000249183 
9 11 11 0.872266 0.00104209 -0.000127536 
10 11 11 0.873385 0.000278496 -4.65475e-05 
11 11 11 0.87333 -0.000254718 -1.20404e-05 
12 11 11 0.872542 -0.000538762 -9.22441e-06 
13 11 11 0.87144 -0.000626275 -2.06216e-05 
14 11 11 0.870402 -0.000874065 1.95002e-05 
15 11 11 0.871959 0.00931845 -0.00173021 
0 12 12 0.133618 -0.000124184 -2.14349e-05 
1 12 12 0.133077 -4.70193e-05 -3.00584e-05 
2 12 12 0.133116 3.19107e-05 -3.46763e-05 
3 12 12 0.13371 0.000104256 -3.70173e-05 
4 12 12 0.13477 0.000161211 -3.83073e-05 
5 12 12 0.136148 0.000195962 -3.72532e-05 
6 12 12 0.137648 0.000203268 -3.47485e-05 
7 12 12 0.139068 0.000182784 -3.12707e-05 
8 12 12 0.140231 0.000140198 -2.79854e-05 
9 12 12 0.141027 8.74435e-05 -2.52063e-05 
10 12 12 0.141429 3.5622e-05 -2.40996e-05 
11 12 12 0.141501 -4.24235e-06 -2.49087e-05 
12 12 12 0.141342 -2.97286e-05 -2.29157e-05 
13 12 12 0.141053 -4.40704e-05 -1.83914e-05 
14 12 12 0.140581 -0.000131189 1.58741e-05 
15 12 12 0.137391 0.00475543 -0.000901758 
0 13 13 0 0 0 
1 13 13 0 0 0 
2 13 13 0 0 0 
3 13 13 0 0 0 
4 13 13 0 0 0 
5 13 13 0 0 0 
6 13 13 0 0 0 
7 13 13 0 0 0 
8 13 13 0 0 0 
9 13 13 0 0 0 
10 13 13 0 0 0 
11 13 13 0 0 0 
12 13 13 0 0 0 
13 13 13 0 0 0 
14 13 13 0 0 0 
15 13 13 0 0 0 
0 14 14 0 0 0 
1 14 14 0 0 0 
2 14 14 0 0 0 
3 14 14 0 0 0 
4 14 14 0 0 0 
5 14 14 0 0 0 
6 14 14 0 0 0 
7 14 14 0 0 0 
8 14 14 0 0 0 
9 14 14 0 0 0 
10 14 14 0 0 0 
11 14 14 0 0 0 
12 14 14 0 0 0 
13 14 14 0 0 0 
14 14 14 0 0 0 
15 14 14 0 0 0 
0 15 15 0 0 0 
1 15 15 0 0 0 
2 15 15 0 0 0 
3 15 15 0 0 0 
4 15 15 0 0 0 
5 15 15 0 0 0 
6 15 15 0 0 0 
7 15 15 0 0 0 
8 15 15 0 0 0 
9 15 15 0 0 0 
10 15 15 0 0 0 
11 15 15 0 0 0 
12 15 15 0 0 0 
13 15 15 0 0 0 
14 15 15 0 0 0 
15 15 15 0 0 0 
0 0 0 0 0 0 
1 0 0 0 0 0 
2 0 0 0 0 0 
3 0 0 0 0 0 
4 0 0 0 0 0 
5 0 0 0 0 0 
6 0 0 0 0 0 
7 0 0 0 0 0 
8 0 0 0 0 0 
9 0 0 0 0 0 
10 0 0 0 0 0 
11 0 0 0 0 0 
12 0 0 0 0 0 
13 0 0 0 0 0 
14 0 0 0 0 0 
15 0 0 0 0 0 
0 1 1 0 0 0 
1 1 1 0 0 0 
2 1 1 0 0 0 
3 1 1 0 0 0 
4 1 1 0 0 0 
5 1 1 0 0 0 
6 1 1 0 0 0 
7 1 1 0 0 0 
8 1 1 0 0 0 
9 1 1 0 0 0 
10 1 1 0 0 0 
11 1 1 0 0 0 
12 1 1 0 0 0 
13 1 1 0 0 0 
14 1 1 0 0 0 
15 1 1 0 0 0 
0 2 2 0 0 0 
1 2 2 0 0 0 
2 2 2 0 0 0 
3 2 2 0 0 0 
4 2 2 0 0 0 
5 2 2 0 0 0 
6 2 2 0 0 0 
7 2 2 0 0 0 
8 2 2 0 0 0 
9 2 2 0 0 0 
10 2 2 0 0 0 
11 2 2 0 0 0 
12 2 2 0 0 0 
13 2 2 0 0 0 
14 2 2 0 0 0 
15 2 2 0 0 0 
0 3 3 0.0255326 6.10083e-05 3.90324e-06 
1 3 3 0.0251693 4.78492e-05 6.50703e-06 
2 3 3 0.0249673 3.00927e-05 6.83143e-06 
3 3 3 0.024941 9.5525e-06 5.0955e-06 
4 3 3 0.0250785 -1.17134e-05 2.58681e-06 
5 3 3 0.0253557 -2.99857e-05 3.32411e-07 
6 3 3 0.0257265 -4.24762e-05 -7.61764e-07 
7 3 3 0.0261316 -4.71171e-05 -1.40953e-06 
8 3 3 0.0265036 -4.34237e-05 -3.18405e-06 
9 3 3 0.0267878 -3.31956e-05 -7.51441e-06 
10 3 3 0.0269527 -1.98836e-05 -1.22123e-05 
11 3 3 0.0270022 -6.99259e-06 -1.34562e-05 
12 3 3 0.0269658 3.29029e-06 -1.05724e-05 
13 3 3 0.026874 1.14547e-05 -4.73337e-06 
14 3 3 0.0266715 6.24806e-05 9.26488e-06 
15 3 3 0.0245717 -0.00239962 0.000181318 
0 4 4 0.628381 0.00170898 -0.000447476 
1 4 4 0.626229 0.000789239 -0.00030703 
2 4 4 0.62631 -0.000140385 -0.000140786 
3 4 4 0.628401 -0.00097541 2.20387e-05 
4 4 4 0.632035 -0.00160827 0.000155941 
5 4 4 0.636572 -0.00195064 0.000246849 
6 4 4 0.641266 -0.00196263 0.000291145 
7 4 4 0.645404 -0.00166868 0.000283391 
8 4 4 0.648431 -0.00115789 0.000219433 
9 4 4 0.650079 -0.000565086 0.000100432 
10 4 4 0.650378 -2.24611e-05 -4.78678e-05 
11 4 4 0.649616 0.000379674 -0.000176901 
12 4 4 0.648225 0.000610429 -0.000248646 
13 4 4 0.646621 0.000704295 -0.000259539 
14 4 4 0.645096 0.00101707 -0.000272931 
15 4 4 0.64556 -0.00894375 0.000724996 
0 5 5 1.59354 0.00795963 -0.0012349 
1 5 5 1.58855 0.00390567 -0.000669507 
2 5 5 1.58567 -0.000205405 -3.0772e-05 
3 5 5 1.58494 -0.00394605 0.000605332 
4 5 5 1.58623 -0.00686633 0.00114489 
5 5 5 1.58918 -0.00855156 0.00149686 
6 5 5 1.59321 -0.00873703 0.00160212 
7 5 5 1.5975 -0.00743681 0.00145091 
8 5 5 1.60109 -0.00502883 0.00108757 
9 5 5 1.60324 -0.0021763 0.000597021 
10 5 5 1.60366 0.000422922 8.50884e-05 
11 5 5 1.60256 0.00230257 -0.000345425 
12 5 5 1.60049 0.00331643 -0.000629647 
13 5 5 1.59807 0.00355054 -0.000754288 
14 5 5 1.59602 0.00310458 -0.00072726 
15 5 5 1.59511 -0.00482497 0.000716823 
0 6 6 2.22859 0.0142348 -0.00248611 
1 6 6 2.22775 0.00929872 -0.00116602 
2 6 6 2.22341 0.00391989 0.000191538 
3 6 6 2.21609 -0.00142952 0.00150683 
4 6 6 2.20663 -0.00620049 0.00266582 
5 6 6 2.19616 -0.0097785 0.00351683 
6 6 6 2.18605 -0.0115625 0.00389734 
7 6 6 2.17767 -0.0111329 0.00369199 
8 6 6 2.17196 -0.00854834 0.00291452 
9 6 6 2.16905 -0.00453573 0.00175706 
10 6 6 2.16835 -0.000282757 0.000538194 
11 6 6 2.16893 0.00315072 -0.000444835 
12 6 6 2.17 0.00525369 -0.0010514 
13 6 6 2.17101 0.00600412 -0.0012862 
14 6 6 2.17157 0.00546207 -0.00116765 
15 6 6 2.1709 0.00122342 7.90455e-05 
0 7 7 2.57057 0.0113458 -0.00443551 
1 7 7 2.582 0.00939355 -0.00251682 
2 7 7 2.58564 0.00685098 -0.000506124 
3 7 7 2.58156 0.00393114 0.00148216 
4 7 7 2.57037 0.00092834 0.00331322 
5 7 7 2.55327 -0.00179045 0.00480777 
6 7 7 2.53227 -0.00380605 0.00573345 
7 7 7 2.51017 -0.00469397 0.00584378 
8 7 7 2.49029 -0.00419056 0.00500437 
9 7 7 2.47563 -0.00242321 0.00336576 
10 7 7 2.46775 1.06075e-05 0.00141431 
11 7 7 2.46622 0.0023466 -0.000277906 
12 7 7 2.46918 0.00406246 -0.00137142 
13 7 7 2.47435 0.00497376 -0.00182388 
14 7 7 2.47968 0.00507375 -0.00171845 
15 7 7 2.48363 0.00370517 -0.00053023 
0 8 8 2.58498 0.00188826 -0.00526359 
1 8 8 2.59908 0.00400088 -0.00323786 
2 8 8 2.60528 0.00573462 -0.00102937 
3 8 8 2.60338 0.00702399 0.00120859 
4 8 8 2.59375 0.00786155 0.00330261 
5 8 8 2.57745 0.00823572 0.00503778 
6 8 8 2.55641 0.00809757 0.00614644 
7 8 8 2.53352 0.00738692 0.00634889 
8 8 8 2.51241 0.00612 0.00548505 
9 8 8 2.4965 0.00451604 0.0037152 
10 8 8 2.4878 0.00298766 0.00157158 
11 8 8 2.48616 0.00193208 -0.000311925 
12 8 8 2.48973 0.00149178 -0.00154515 
13 8 8 2.49608 0.0015586 -0.00206 
14 8 8 2.5029 0.00195272 -0.00194244 
15 8 8 2.50847 0.003033 -0.00070401 
0 9 9 2.28141 -0.0034649 -0.00405872 
1 9 9 2.28722 0.00125878 -0.002197 
2 9 9 2.28823 0.0057165 -0.000209761 
3 9 9 2.28454 0.00964981 0.00172197 
4 9 9 2.2768 0.0127846 0.00340312 
5 9 9 2.26623 0.0147791 0.00462137 
6 9 9 2.2546 0.0152533 0.00516277 
7 9 9 2.24393 0.0139452 0.00487817 
8 9 9 2.23601 0.0109869 0.00379502 
9 9 9 2.23177 0.00708509 0.00219864 
10 9 9 2.23111 0.00330939 0.000548893 
11 9 9 2.23319 0.000532285 -0.00074441 
12 9 9 2.23692 -0.000944519 -0.0014895 
13 9 9 2.24127 -0.00126045 -0.00169445 
14 9 9 2.24532 -0.000586433 -0.00141854 
15 9 9 2.24792 0.0030126 -1.02324e-06 
0 10 10 1.70151 -0.00256713 -0.00152466 
1 10 10 1.70181 0.00153083 -0.000303398 
2 10 10 1.70226 0.00537981 0.000867635 
3 10 10 1.70302 0.00865182 0.00185928 
4 10 10 1.70433 0.0109973 0.00255421 
5 10 10 1.70643 0.0120796 0.00285855 
6 10 10 1.7094 0.0116806 0.00272536 
7 10 10 1.71299 0.00985435 0.00219216 
8 10 10 1.71668 0.00702817 0.00139671 
9 10 10 1.71987 0.00391466 0.000547021 
10 10 10 1.72218 0.00122371 -0.000159884 
11 10 10 1.72363 -0.000620984 -0.000608028 
12 10 10 1.72442 -0.00154811 -0.000779939 
13 10 10 1.72483 -0.00169791 -0.000722519 
14 10 10 1.72524 -0.00113322 -0.000472442 
15 10 10 1.72562 0.00577691 0.00113808 
0 11 11 0.837315 -0.000979592 -4.44333e-05 
1 11 11 0.836966 0.000304904 0.000272703 
2 11 11 0.838735 0.0015208 0.000530566 
3 11 11 0.842429 0.00253711 0.000699733 
4 11 11 0.847633 0.00322944 0.000763794 
5 11 11 0.853708 0.00350496 0.000725416 
6 11 11 0.859875 0.00332722 0.00059968 
7 11 11 0.865354 0.00275346 0.000419443 
8 11 11 0.869544 0.0019298 0.000225429 
9 11 11 0.872162 0.00105248 5.85464e-05 
10 11 11 0.873277 0.000295332 -5.7077e-05 
11 11 11 0.873222 -0.000236664 -0.000111991 
12 11 11 0.872437 -0.000521603 -0.000111811 
13 11 11 0.871339 -0.00061382 -7.63783e-05 
14 11 11 0.870299 -0.000868768 -8.32241e-05 
15 11 11 0.871851 0.00931838 0.00170202 
0 12 12 0.133595 -0.000124458 2.494e-05 
1 12 12 0.133052 -4.9171e-05 4.83889e-05 
2 12 12 0.133088 2.89557e-05 6.56699e-05 
3 12 12 0.133682 0.000100748 7.21305e-05 
4 12 12 0.134741 0.000157727 6.95392e-05 
5 12 12 0.136117 0.000193573 6.11896e-05 
6 12 12 0.137616 0.000201811 4.81462e-05 
7 12 12 0.139034 0.000182433 3.31846e-05 
8 12 12 0.140195 0.00014095 1.83479e-05 
9 12 12 0.140991 8.92763e-05 6.48647e-06 
10 12 12 0.141396 3.85609e-05 -1.95369e-06 
11 12 12 0.141468 -1.58197e-06 -5.52184e-06 
12 12 12 0.141311 -2.72535e-05 -4.23245e-06 
13 12 12 0.141023 -4.23145e-05 -1.07374e-06 
14 12 12 0.140549 -0.000130548 -2.74838e-05 
15 12 12 0.137358 0.00475507 0.000898642 
0 13 13 0 0 0 
1 13 13 0 0 0 
2 13 13 0 0 0 
3 13 13 0 0 0 
4 13 13 0 0 0 
5 13 13 0 0 0 
6 13 13 0 0 0 
7 13 13 0 0 0 
8 13 13 0 0 0 
9 13 13 0 0 0 
10 13 13 0 0 0 
11 13 13 0 0 0 
12 13 13 0 0 0 
13 13 13 0 0 0 
14 13 13 0 0 0 
15 13 13 0 0 0 
0 14 14 0 0 0 
1 14 14 0 0 0 
2 14 14 0 0 0 
3 14 14 0 0 0 
4 14 14 0 0 0 
5 14 14 0 0 0 
6 14 14 0 0 0 
7 14 14 0 0 0 
8 14 14 0 0 0 
9 14 14 0 0 0 
10 14 14 0 0 0 
11 14 14 0 0 0 
12 14 14 0 0 0 
13 14 14 0 0 0 
14 14 14 0 0 0 
15 14 14 0 0 0 
0 15 15 0 0 0 
1 15 15 0 0 0 
2 15 15 0 0 0 
3 15 15 0 0 0 
4 15 15 0 0 0 
5 15 15 0 0 0 
6 15 15 0 0 0 
7 15 15 0 0 0 
8 15 15 0 0 0 
9 15 15 0 0 0 
10 15 15 0 0 0 
11 15 15 0 0 0 
12 15 15 0 0 0 
13 15 15 0 0 0 
14 15 15 0 0 0 
15 15 15 0 0 0 
0 0 0 0 0 0 
1 0 0 0 0 0 
2 0 0 0 0 0 
3 0 0 0 0 0 
4 0 0 0 0 0 
5 0 0 0 0 0 
6 0 0 0 0 0 
7 0 0 0 0 0 
8 0 0 0 0 0 
9 0 0 0 0 0 
10 0 0 0 0 0 
11 0 0 0 0 0 
12 0 0 0 0 0 
13 0 0 0 0 0 
14 0 0 0 0 0 
15 0 0 0 0 0 
0 1 1 0 0 0 
1 1 1 0 0 0 
2 1 1 0 0 0 
3 1 1 0 0 0 
4 1 1 0 0 0 
5 1 1 0 0 0 
6 1 1 0 0 0 
7 1 1 0 0 0 
8 1 1 0 0 0 
9 1 1 0 0 0 
10 1 1 0 0 0 
11 1 1 0 0 0 
12 1 1 0 0 0 
13 1 1 0 0 0 
14 1 1 0 0 0 
15 1 1 0 0 0 
0 2 2 0 0 0 
1 2 2 0 0 0 
2 2 2 0 0 0 
3 2 2 0 0 0 
4 2 2 0 0 0 
5 2 2 0 0 0 
6 2 2 0 0 0 
7 2 2 0 0 0 
8 2 2 0 0 0 
9 2 2 0 0 0 
10 2 2 0 0 0 
11 2 2 0 0 0 
12 2 2 0 0 0 
13 2 2 0 0 0 
14 2 2 0 0 0 
15 2 2 0 0 0 
0 3 3 0 0 0 
1 3 3 0 0 0 
2 3 3 0 0 0 
3 3 3 0 0 0 
4 3 3 0 0 0 
5 3 3 0 0 0 
6 3 3 0 0 0 
7 3 3 0 0 0 
8 3 3 0 0 0 
9 3 3 0 0 0 
10 3 3 0 0 0 
11 3 3 0 0 0 
12 3 3 0 0 0 
13 3 3 0 0 0 
14 3 3 0 0 0 
15 3 3 0 0 0 
0 4 4 0.406802 0.000688736 -0.000753023 
1 4 4 0.405181 0.00023234 -0.000617873 
2 4 4 0.405148 -0.000207859 -0.000415026 
3 4 4 0.406572 -0.00059177 -0.000182236 
4 4 4 0.409148 -0.000869007 4.54275e-05 
5 4 4 0.412416 -0.00100562 0.00022654 
6 4 4 0.41585 -0.000989506 0.000332642 
7 4 4 0.418932 -0.000835257 0.000348638 
8 4 4 0.421253 -0.000586592 0.000280029 
9 4 4 0.422599 -0.000307165 0.000148043 
10 4 4 0.422981 -5.77885e-05 -9.72124e-06 
11 4 4 0.422589 0.000122793 -0.000153455 
12 4 4 0.421712 0.000224108 -0.000255547 
13 4 4 0.420628 0.000266906 -0.000313688 
14 4 4 0.419425 0.000495415 -0.00044619 
15 4 4 0.418245 -0.00718454 0.00288789 
0 5 5 1.29443 0.00448242 -0.00249166 
1 5 5 1.29072 0.0016847 -0.00152697 
2 5 5 1.28989 -0.00101889 -0.000393972 
3 5 5 1.29175 -0.00334126 0.000770146 
4 5 5 1.29583 -0.00500866 0.0017931 
5 5 5 1.3014 -0.00580015 0.00249858 
6 5 5 1.3075 -0.00562175 0.00275671 
7 5 5 1.31308 -0.00456681 0.00253239 
8 5 5 1.31723 -0.0029353 0.00190895 
9 5 5 1.31942 -0.00115375 0.0010613 
10 5 5 1.31965 0.000376941 0.000193523 
11 5 5 1.31835 0.0014186 -0.000532286 
12 5 5 1.31615 0.00192128 -0.00103082 
13 5 5 1.31368 0.00197724 -0.00129493 
14 5 5 1.31166 0.00182567 -0.00142154 
15 5 5 1.31258 -0.00640107 0.00319024 
0 6 6 1.91442 0.0101658 -0.00455955 
1 6 6 1.91036 0.00580778 -0.00185767 
2 6 6 1.90603 0.00129898 0.000919338 
3 6 6 1.9018 -0.00288734 0.00356864 
4 6 6 1.89811 -0.00627557 0.0058094 
5 6 6 1.89542 -0.00841541 0.00730878 
6 6 6 1.89408 -0.00896822 0.00776623 
7 6 6 1.8941 -0.00784649 0.00704447 
8 6 6 1.89508 -0.00536352 0.00530549 
9 6 6 1.89629 -0.0022273 0.00302198 
10 6 6 1.89708 0.000720179 0.000790775 
11 6 6 1.89714 0.00286599 -0.000942618 
12 6 6 1.89655 0.00399224 -0.00200779 
13 6 6 1.89555 0.00417513 -0.00243344 
14 6 6 1.89446 0.00348336 -0.00219663 
15 6 6 1.89287 -0.00122446 0.00180246 
0 7 7 2.24718 0.0105486 -0.00808675 
1 7 7 2.24843 0.00803416 -0.00365897 
2 7 7 2.24569 0.00502925 0.000853896 
3 7 7 2.23939 0.00190923 0.00515191 
4 7 7 2.23034 -0.000938494 0.00886492 
5 7 7 2.21971 -0.00313525 0.0115348 
6 7 7 2.20904 -0.00434587 0.0126729 
7 7 7 2.19991 -0.00435084 0.0119263 
8 7 7 2.19351 -0.00317989 0.00935632 
9 7 7 2.19022 -0.00120341 0.0056255 
10 7 7 2.18957 0.000965716 0.00179717 
11 7 7 2.19065 0.0027504 -0.00121178 
12 7 7 2.19257 0.00383952 -0.00300523 
13 7 7 2.19463 0.00418 -0.00362499 
14 7 7 2.19624 0.00381767 -0.00315759 
15 7 7 2.19653 0.00193612 0.000630878 
0 8 8 2.26585 0.00487668 -0.0097401 
1 8 8 2.26935 0.00557584 -0.00472835 
2 8 8 2.2684 0.00581578 0.000459523 
3 8 8 2.26329 0.00573621 0.00541391 
4 8 8 2.25476 0.00546115 0.00967792 
5 8 8 2.24404 0.00506207 0.0127277 
6 8 8 2.23281 0.00455719 0.0140225 
7 8 8 2.22288 0.00394843 0.0131819 
8 8 8 2.21573 0.00327439 0.0102873 
9 8 8 2.21199 0.00264229 0.00609176 
10 8 8 2.21138 0.00217679 0.00179643 
11 8 8 2.21298 0.00193438 -0.0015537 
12 8 8 2.2158 0.00186054 -0.00350053 
13 8 8 2.21898 0.00185785 -0.00408895 
14 8 8 2.22176 0.00189892 -0.00345183 
15 8 8 2.22314 0.00262837 0.000510512 
0 9 9 1.97508 -2.91595e-05 -0.00688384 
1 9 9 1.97581 0.00265825 -0.00253049 
2 9 9 1.97477 0.00510354 0.00182149 
3 9 9 1.97225 0.00720267 0.0057512 
4 9 9 1.96883 0.00879504 0.00883477 
5 9 9 1.96533 0.00966072 0.0106602 
6 9 9 1.96261 0.00958336 0.0109025 
7 9 9 1.96129 0.00847977 0.00948245 
8 9 9 1.96148 0.00653872 0.00673247 
9 9 9 1.96279 0.00423476 0.00339598 
10 9 9 1.96462 0.0021323 0.0003431 
11 9 9 1.96654 0.000609496 -0.0018143 
12 9 9 1.96831 -0.000248837 -0.00289028 
13 9 9 1.96985 -0.000529611 -0.0029999 
14 9 9 1.97112 -0.000226799 -0.00223544 
15 9 9 1.97141 0.00334839 0.00213115 
0 10 10 1.41368 -0.00145174 -0.00194046 
1 10 10 1.41342 0.000841703 0.000406136 
2 10 10 1.41475 0.00305573 0.00252033 
3 10 10 1.41766 0.00498587 0.00417885 
4 10 10 1.422 0.00639907 0.0051991 
5 10 10 1.42744 0.00707468 0.0054627 
6 10 10 1.43341 0.00687771 0.00495551 
7 10 10 1.43916 0.00584968 0.0038171 
8 10 10 1.44394 0.00424433 0.00233752 
9 10 10 1.44724 0.00245892 0.000879032 
10 10 10 1.44896 0.00087601 -0.000258642 
11 10 10 1.4494 -0.000271015 -0.000927615 
12 10 10 1.44901 -0.000925563 -0.00113721 
13 10 10 1.44825 -0.00115232 -0.000995372 
14 10 10 1.44775 -0.00107187 -0.000638619 
15 10 10 1.4491 0.00627908 0.00421411 
0 11 11 0.521757 -0.000750029 0.000117942 
1 11 11 0.521161 -0.000199993 0.000515637 
2 11 11 0.522172 0.000364839 0.000814137 
3 11 11 0.524649 0.000879227 0.000990553 
4 11 11 0.528278 0.00127511 0.00103507 
5 11 11 0.532577 0.00149501 0.000958979 
6 11 11 0.536968 0.00150281 0.000785958 
7 11 11 0.540883 0.00130793 0.000557848 
8 11 11 0.543887 0.000965929 0.000322573 
9 11 11 0.545771 0.00056514 0.000126244 
10 11 11 0.546571 0.000191508 -4.34234e-06 
11 11 11 0.546513 -9.44935e-05 -6.06954e-05 
12 11 11 0.545912 -0.000270674 -5.43616e-05 
13 11 11 0.545063 -0.000358517 -1.20953e-05 
14 11 11 0.544118 -0.000647114 -6.39165e-05 
15 11 11 0.544261 0.00767747 0.00395039 
0 12 12 0.0445402 -6.20138e-05 2.94017e-05 
1 12 12 0.0442485 -4.04338e-05 3.43941e-05 
2 12 12 0.0441782 -1.44839e-05 3.46595e-05 
3 12 12 0.0443365 1.15647e-05 3.07683e-05 
4 12 12 0.0446875 3.50599e-05 2.37542e-05 
5 12 12 0.0451829 5.31321e-05 1.6077e-05 
6 12 12 0.0457514 6.21248e-05 8.72234e-06 
7 12 12 0.0463125 6.08916e-05 3.10113e-06 
8 12 12 0.0467914 5.03308e-05 -3.87835e-07 
9 12 12 0.047136 3.43718e-05 -1.29654e-06 
10 12 12 0.0473276 1.68473e-05 -4.87322e-07 
11 12 12 0.0473822 1.67459e-06 1.75717e-06 
12 12 12 0.0473376 -9.20088e-06 4.78774e-06 
13 12 12 0.0472317 -1.66582e-05 7.66562e-06 
14 12 12 0.0470129 -5.81284e-05 7.64096e-06 
15 12 12 0.0449312 0.00218414 0.00108425 
0 13 13 0 0 0 
1 13 13 0 0 0 
2 13 13 0 0 0 
3 13 13 0 0 0 
4 13 13 0 0 0 
5 13 13 0 0 0 
6 13 13 0 0 0 
7 13 13 0 0 0 
8 13 13 0 0 0 
9 13 13 0 0 0 
10 13 13 0 0 0 
11 13 13 0 0 0 
12 13 13 0 0 0 
13 13 13 0 0 0 
14 13 13 0 0 0 
15 13 13 0 0 0 
0 14 14 0 0 0 
1 14 14 0 0 0 
2 14 14 0 0 0 
3 14 14 0 0 0 
4 14 14 0 0 0 
5 14 14 0 0 0 
6 14 14 0 0 0 
7 14 14 0 0 0 
8 14 14 0 0 0 
9 14 14 0 0 0 
10 14 14 0 0 0 
11 14 14 0 0 0 
12 14 14 0 0 0 
13 14 14 0 0 0 
14 14 14 0 0 0 
15 14 14 0 0 0 
0 15 15 0 0 0 
1 15 15 0 0 0 
2 15 15 0 0 0 
3 15 15 0 0 0 
4 15 15 0 0 0 
5 15 15 0 0 0 
6 15 15 0 0 0 
7 15 15 0 0 0 
8 15 15 0 0 0 
9 15 15 0 0 0 
10 15 15 0 0 0 
11 15 15 0 0 0 
12 15 15 0 0 0 
13 15 15 0 0 0 
14 15 15 0 0 0 
15 15 15 0 0 0 
0 0 0 0 0 0 
1 0 0 0 0 0 
2 0 0 0 0 0 
3 0 0 0 0 0 
4 0 0 0 0 0 
5 0 0 0 0 0 
6 0 0 0 0 0 
7 0 0 0 0 0 
8 0 0 0 0 0 
9 0 0 0 0 0 
10 0 0 0 0 0 
11 0 0 0 0 0 
12 0 0 0 0 0 
13 0 0 0 0 0 
14 0 0 0 0 0 
15 0 0 0 0 0 
0 1 1 0 0 0 
1 1 1 0 0 0 
2 1 1 0 0 0 
3 1 1 0 0 0 
4 1 1 0 0 0 
5 1 1 0 0 0 
6 1 1 0 0 0 
7 1 1 0 0 0 
8 1 1 0 0 0 
9 1 1 0 0 0 
10 1 1 0 0 0 
11 1 1 0 0 0 
12 1 1 0 0 0 
13 1 1 0 0 0 
14 1 1 0 0 0 
15 1 1 0 0 0 
0 2 2 0 0 0 
1 2 2 0 0 0 
2 2 2 0 0 0 
3 2 2 0 0 0 
4 2 2 0 0 0 
5 2 2 0 0 0 
6 2 2 0 0 0 
7 2 2 0 0 0 
8 2 2 0 0 0 
9 2 2 0 0 0 
10 2 2 0 0 0 
11 2 2 0 0 0 
12 2 2 0 0 0 
13 2 2 0 0 0 
14 2 2 0 0 0 
15 2 2 0 0 0 
0 3 3 0 0 0 
1 3 3 0 0 0 
2 3 3 0 0 0 
3 3 3 0 0 0 
4 3 3 0 0 0 
5 3 3 0 0 0 
6 3 3 0 0 0 
7 3 3 0 0 0 
8 3 3 0 0 0 
9 3 3 0 0 0 
10 3 3 0 0 0 
11 3 3 0 0 0 
12 3 3 0 0 0 
13 3 3 0 0 0 
14 3 3 0 0 0 
15 3 3 0 0 0 
0 4 4 0.1609 4.70838e-05 -0.00042608 
1 4 4 0.159925 -6.03846e-05 -0.000377012 
2 4 4 0.159686 -0.000151843 -0.000287593 
3 4 4 0.160156 -0.000220973 -0.000175349 
4 4 4 0.161222 -0.000263718 -5.7194e-05 
5 4 4 0.162696 -0.000276066 4.44155e-05 
6 4 4 0.164342 -0.000259252 0.000111689 
7 4 4 0.165906 -0.000217495 0.00013502 
8 4 4 0.16717 -0.000160339 0.000116245 
9 4 4 0.167995 -9.98831e-05 6.4927e-05 
10 4 4 0.168353 -4.8509e-05 -1.53166e-06 
11 4 4 0.16831 -1.34332e-05 -6.56553e-05 
12 4 4 0.167992 4.50028e-06 -0.000114961 
13 4 4 0.167521 1.25087e-05 -0.000147791 
14 4 4 0.166844 0.000109515 -0.000234194 
15 4 4 0.163646 -0.00450999 0.00300753 
0 5 5 0.663038 0.000590986 -0.00180342 
1 5 5 0.660994 -0.000306079 -0.00133385 
2 5 5 0.661208 -0.00106947 -0.000720066 
3 5 5 0.663473 -0.00162923 -5.05037e-05 
4 5 5 0.667334 -0.0019382 0.00056923 
5 5 5 0.672134 -0.00197478 0.00102995 
6 5 5 0.677102 -0.00175685 0.00125166 
7 5 5 0.681482 -0.0013457 0.00120741 
8 5 5 0.684697 -0.000841401 0.000935541 
9 5 5 0.686468 -0.000355583 0.000523684 
10 5 5 0.686858 1.95108e-05 7.93061e-05 
11 5 5 0.686177 0.000240623 -0.000307363 
12 5 5 0.684847 0.00031395 -0.000584154 
13 5 5 0.683262 0.000290533 -0.000749152 
14 5 5 0.68169 0.000439073 -0.00103386 
15 5 5 0.682327 -0.00666227 0.00582712 
0 6 6 1.31129 0.00279985 -0.00369169 
1 6 6 1.30811 0.000350917 -0.00179476 
2 6 6 1.30758 -0.00182024 0.000248091 
3 6 6 1.30954 -0.00348725 0.0022157 
4 6 6 1.31361 -0.00448512 0.0038401 
5 6 6 1.31911 -0.00472241 0.00485332 
6 6 6 1.32517 -0.00421698 0.00507371 
7 6 6 1.33076 -0.00312482 0.00448139 
8 6 6 1.33501 -0.00173331 0.00326056 
9 6 6 1.33737 -0.000382553 0.00174746 
10 6 6 1.33784 0.000645175 0.00029767 
11 6 6 1.33683 0.00121636 -0.00083848 
12 6 6 1.33493 0.00134773 -0.00155979 
13 6 6 1.33274 0.00115524 -0.00188917 
14 6 6 1.33095 0.000834237 -0.00199086 
15 6 6 1.33197 -0.00438371 0.00580791 
0 7 7 1.63845 0.00435324 -0.00540199 
1 7 7 1.63531 0.00191633 -0.00172293 
2 7 7 1.63352 -0.0003333 0.0019687 
3 7 7 1.63318 -0.00212269 0.00532472 
4 7 7 1.63435 -0.00326238 0.00794739 
5 7 7 1.63691 -0.00364521 0.00944375 
6 7 7 1.64053 -0.00327745 0.00953924 
7 7 7 1.64456 -0.00229926 0.00821907 
8 7 7 1.6482 -0.000987887 0.00583116 
9 7 7 1.65072 0.000307302 0.00301579 
10 7 7 1.65181 0.00128219 0.000444749 
11 7 7 1.6516 0.00178016 -0.0014379 
12 7 7 1.65054 0.00180834 -0.00250073 
13 7 7 1.64909 0.00147914 -0.00282406 
14 7 7 1.64785 0.000919706 -0.00246665 
15 7 7 1.64728 -0.00136999 0.00482297 
0 8 8 1.66426 0.00256495 -0.0056652 
1 8 8 1.66216 0.00164856 -0.00125335 
2 8 8 1.66099 0.000871733 0.00303482 
3 8 8 1.66089 0.000374997 0.00678468 
4 8 8 1.66201 0.000204597 0.00956729 
5 8 8 1.66437 0.000328813 0.010992 
6 8 8 1.66775 0.00065156 0.0108128 
7 8 8 1.67165 0.0010437 0.0090799 
8 8 8 1.67533 0.00137504 0.00623816 
9 8 8 1.67808 0.00155117 0.0030357 
10 8 8 1.67957 0.00152835 0.000223882 
11 8 8 1.67988 0.0013172 -0.00172698 
12 8 8 1.67937 0.000964975 -0.00271105 
13 8 8 1.67848 0.000545474 -0.00285923 
14 8 8 1.67773 0.000163585 -0.002266 
15 8 8 1.67735 0.000947289 0.00508654 
0 9 9 1.39183 -0.000479927 -0.00310821 
1 9 9 1.39072 -1.07669e-05 0.000216941 
2 9 9 1.39147 0.000641671 0.00327989 
3 9 9 1.39406 0.00142477 0.00576536 
4 9 9 1.39827 0.00221421 0.00739337 
5 9 9 1.4037 0.00284401 0.00795833 
6 9 9 1.40969 0.00315737 0.00739741 
7 9 9 1.4154 0.00306624 0.00587016 
8 9 9 1.42005 0.00259398 0.00376953 
9 9 9 1.42309 0.00187076 0.00161691 
10 9 9 1.42446 0.00106941 -0.000135682 
11 9 9 1.42448 0.00033583 -0.00124701 
12 9 9 1.42365 -0.00024434 -0.00170264 
13 9 9 1.42248 -0.000638111 -0.00163859 
14 9 9 1.4216 -0.00085204 -0.0012685 
15 9 9 1.4228 0.00331299 0.00664739 
0 10 10 0.81326 -0.0013773 -0.000347871 
1 10 10 0.812529 -0.000814339 0.000872998 
2 10 10 0.813983 -0.000117692 0.00188759 
3 10 10 0.817425 0.000624002 0.00260025 
4 10 10 0.822423 0.00129356 0.00294828 
5 10 10 0.828323 0.00177132 0.00291417 
6 10 10 0.834325 0.00196357 0.00253177 
7 10 10 0.839641 0.00184138 0.00190039 
8 10 10 0.843666 0.00145471 0.00116774 
9 10 10 0.846117 0.00091693 0.00049371 
10 10 10 0.847065 0.00035802 -6.84246e-06 
11 10 10 0.84685 -0.000118623 -0.000284263 
12 10 10 0.845916 -0.00045827 -0.000355609 
13 10 10 0.844686 -0.000661736 -0.000292502 
14 10 10 0.843526 -0.000970127 -0.000409041 
15 10 10 0.845625 0.00623217 0.00718988 
0 11 11 0.211023 -0.000407421 0.00015736 
1 11 11 0.210366 -0.000304813 0.000316583 
2 11 11 0.210541 -0.000166733 0.000424412 
3 11 11 0.211499 -1.17692e-05 0.000476037 
4 11 11 0.213102 0.000135377 0.000473222 
5 11 11 0.21512 0.00025113 0.000426518 
6 11 11 0.217266 0.000312905 0.000347569 
7 11 11 0.219251 0.000312452 0.000252962 
8 11 11 0.220833 0.000256167 0.000159599 
9 11 11 0.221879 0.000164783 8.41788e-05 
10 11 11 0.222372 6.28413e-05 3.50586e-05 
11 11 11 0.222407 -2.76965e-05 1.512e-05 
12 11 11 0.222134 -9.4291e-05 1.89246e-05 
13 11 11 0.221701 -0.000137652 3.29518e-05 
14 11 11 0.221091 -0.00027376 -4.89993e-05 
15 11 11 0.218691 0.00482757 0.00373965 
0 12 12 0 0 0 
1 12 12 0 0 0 
2 12 12 0 0 0 
3 12 12 0 0 0 
4 12 12 0 0 0 
5 12 12 0 0 0 
6 12 12 0 0 0 
7 12 12 0 0 0 
8 12 12 0 0 0 
9 12 12 0 0 0 
10 12 12 0 0 0 
11 12 12 0 0 0 
12 12 12 0 0 0 
13 12 12 0 0 0 
14 12 12 0 0 0 
15 12 12 0 0 0 
0 13 13 0 0 0 
1 13 13 0 0 0 
2 13 13 0 0 0 
3 13 13 0 0 0 
4 13 13 0 0 0 
5 13 13 0 0 0 
6 13 13 0 0 0 
7 13 13 0 0 0 
8 13 13 0 0 0 
9 13 13 0 0 0 
10 13 13 0 0 0 
11 13 13 0 0 0 
12 13 13 0 0 0 
13 13 13 0 0 0 
14 13 13 0 0 0 
15 13 13 0 0 0 
0 14 14 0 0 0 
1 14 14 0 0 0 
2 14 14 0 0 0 
3 14 14 0 0 0 
4 14 14 0 0 0 
5 14 14 0 0 0 
6 14 14 0 0 0 
7 14 14 0 0 0 
8 14 14 0 0 0 
9 14 14 0 0 0 
10 14 14 0 0 0 
11 14 14 0 0 0 
12 14 14 0 0 0 
13 14 14 0 0 0 
14 14 14 0 0 0 
15 14 14 0 0 0 
0 15 15 0 0 0 
1 15 15 0 0 0 
2 15 15 0 0 0 
3 15 15 0 0 0 
4 15 15 0 0 0 
5 15 15 0 0 0 
6 15 15 0 0 0 
7 15 15 0 0 0 
8 15 15 0 0 0 
9 15 15 0 0 0 
10 15 15 0 0 0 
11 15 15 0 0 0 
12 15 15 0 0 0 
13 15 15 0 0 0 
14 15 15 0 0 0 
15 15 15 0 0 0 
0 0 0 0 0 0 
1 0 0 0 0 0 
2 0 0 0 0 0 
3 0 0 0 0 0 
4 0 0 0 0 0 
5 0 0 0 0 0 
6 0 0 0 0 0 
7 0 0 0 0 0 
8 0 0 0 0 0 
9 0 0 0 0 0 
10 0 0 0 0 0 
11 0 0 0 0 0 
12 0 0 0 0 0 
13 0 0 0 0 0 
14 0 0 0 0 0 
15 0 0 0 0 0 
0 1 1 0 0 0 
1 1 1 0 0 0 
2 1 1 0 0 0 
3 1 1 0 0 0 
4 1 1 0 0 0 
5 1 1 0 0 0 
6 1 1 0 0 0 
7 1 1 0 0 0 
8 1 1 0 0 0 
9 1 1 0 0 0 
10 1 1 0 0 0 
11 1 1 0 0 0 
12 1 1 0 0 0 
13 1 1 0 0 0 
14 1 1 0 0 0 
15 1 1 0 0 0 
0 2 2 0 0 0 
1 2 2 0 0 0 
2 2 2 0 0 0 
3 2 2 0 0 0 
4 2 2 0 0 0 
5 2 2 0 0 0 
6 2 2 0 0 0 
7 2 2 0 0 0 
8 2 2 0 0 0 
9 2 2 0 0 0 
10 2 2 0 0 0 
11 2 2 0 0 0 
12 2 2 0 0 0 
13 2 2 0 0 0 
14 2 2 0 0 0 
15 2 2 0 0 0 
0 3 3 0 0 0 
1 3 3 0 0 0 
2 3 3 0 0 0 
3 3 3 0 0 0 
4 3 3 0 0 0 
5 3 3 0 0 0 
6 3 3 0 0 0 
7 3 3 0 0 0 
8 3 3 0 0 0 
9 3 3 0 0 0 
10 3 3 0 0 0 
11 3 3 0 0 0 
12 3 3 0 0 0 
13 3 3 0 0 0 
14 3 3 0 0 0 
15 3 3 0 0 0 
0 4 4 0 0 0 
1 4 4 0 0 0 
2 4 4 0 0 0 
3 4 4 0 0 0 
4 4 4 0 0 0 
5 4 4 0 0 0 
6 4 4 0 0 0 
7 4 4 0 0 0 
8 4 4 0 0 0 
9 4 4 0 0 0 
10 4 4 0 0 0 
11 4 4 0 0 0 
12 4 4 0 0 0 
13 4 4 0 0 0 
14 4 4 0 0 0 
15 4 4 0 0 0 
0 5 5 0.167891 -0.000208881 -0.000462703 
1 5 5 0.166923 -0.000324506 -0.000395288 
2 5 5 0.166709 -0.000393246 -0.000286413 
3 5 5 0.167222 -0.000412976 -0.00015283 
4 5 5 0.168345 -0.000392506 -1.61512e-05 
5 5 5 0.169886 -0.000341782 9.78246e-05 
6 5 5 0.171599 -0.000272693 0.000170282 
7 5 5 0.173222 -0.000198073 0.00019073 
8 5 5 0.174534 -0.000130355 0.000162082 
9 5 5 0.17539 -7.82944e-05 9.83756e-05 
10 5 5 0.175766 -4.83503e-05 1.96622e-05 
11 5 5 0.175732 -4.02844e-05 -5.48059e-05 
12 5 5 0.175417 -4.83291e-05 -0.000112223 
13 5 5 0.174944 -6.02118e-05 -0.000150678 
14 5 5 0.174259 3.5281e-06 -0.000264054 
15 5 5 0.171058 -0.003379 0.00436569 
0 6 6 0.427287 -0.000564847 -0.00119252 
1 6 6 0.425894 -0.000950273 -0.000821271 
2 6 6 0.426054 -0.00117485 -0.000373814 
3 6 6 0.427637 -0.00123236 9.74758e-05 
4 6 6 0.430369 -0.00114519 0.00051651 
5 6 6 0.433777 -0.000948337 0.000810614 
6 6 6 0.437334 -0.000692866 0.000935628 
7 6 6 0.440516 -0.000431378 0.00087857 
8 6 6 0.442921 -0.000211946 0.000670341 
9 6 6 0.444336 -6.50225e-05 0.000377086 
10 6 6 0.444788 -3.75643e-06 7.16367e-05 
11 6 6 0.444474 -1.81585e-05 -0.000185626 
12 6 6 0.443677 -8.30095e-05 -0.000363282 
13 6 6 0.442663 -0.000161887 -0.00046628 
14 6 6 0.441531 -0.000117485 -0.00071884 
15 6 6 0.4405 -0.00388445 0.00698423 
0 7 7 0.724977 -0.00101669 -0.00185204 
1 7 7 0.723425 -0.00160642 -0.000827801 
2 7 7 0.724117 -0.00189785 0.000238159 
3 7 7 0.726842 -0.00189825 0.00122061 
4 7 7 0.731147 -0.00165068 0.00198662 
5 7 7 0.736367 -0.00122972 0.00242053 
6 7 7 0.741718 -0.000746497 0.00245944 
7 7 7 0.746425 -0.000303618 0.00212068 
8 7 7 0.749904 1.76269e-05 0.00150935 
9 7 7 0.751882 0.000176265 0.000788783 
10 7 7 0.752432 0.000173445 0.00011702 
11 7 7 0.751881 4.72342e-05 -0.000394717 
12 7 7 0.750662 -0.000145944 -0.000705579 
13 7 7 0.749174 -0.00034599 -0.000848391 
14 7 7 0.747726 -0.000448648 -0.00117679 
15 7 7 0.748566 -0.00255078 0.00868398 
0 8 8 0.771778 -0.00135728 -0.00130212 
1 8 8 0.770423 -0.00175582 -4.00094e-05 
2 8 8 0.771365 -0.00183965 0.00114762 
3 8 8 0.774391 -0.00163488 0.00213502 
4 8 8 0.779044 -0.00121837 0.00280467 
5 8 8 0.784634 -0.000694916 0.00307338 
6 8 8 0.790349 -0.000187793 0.0029145 
7 8 8 0.795383 0.000197485 0.00238473 
8 8 8 0.799127 0.000397202 0.00162289 
9 8 8 0.801297 0.000403324 0.00081317 
10 8 8 0.801968 0.000252386 0.000116978 
11 8 8 0.801485 8.62921e-06 -0.00036684 
12 8 8 0.800298 -0.000258994 -0.000618804 
13 8 8 0.798825 -0.000490025 -0.000696511 
14 8 8 0.797404 -0.000671329 -0.000990493 
15 8 8 0.79857 0.000674219 0.00915715 
0 9 9 0.496468 -0.00125143 -0.000302026 
1 9 9 0.495491 -0.00128413 0.000371183 
2 9 9 0.496145 -0.00112294 0.000951014 
3 9 9 0.498292 -0.000808155 0.0013827 
4 9 9 0.501614 -0.000411257 0.00162561 
5 9 9 0.505627 -1.73119e-05 0.00166213 
6 9 9 0.509752 0.000291386 0.00149968 
7 9 9 0.513426 0.000457757 0.00118241 
8 9 9 0.516216 0.00046548 0.00078414 
9 9 9 0.517912 0.000343029 0.000393724 
10 9 9 0.518546 0.000139359 8.02426e-05 
11 9 9 0.518346 -8.72397e-05 -0.000118179 
12 9 9 0.517619 -0.000288913 -0.000201926 
13 9 9 0.516661 -0.000436934 -0.000210592 
14 9 9 0.515623 -0.000616478 -0.000425973 
15 9 9 0.515315 0.00298693 0.00788311 
0 10 10 0.195199 -0.000587575 7.24283e-05 
1 10 10 0.194487 -0.00054641 0.00023525 
2 10 10 0.194567 -0.000436815 0.000357102 
3 10 10 0.195398 -0.000278645 0.000430431 
4 10 10 0.196851 -0.000102622 0.000453152 
5 10 10 0.198711 5.79003e-05 0.000431378 
6 10 10 0.200707 0.000171616 0.00037155 
7 10 10 0.202562 0.000220272 0.000286772 
8 10 10 0.204048 0.000203081 0.0001928 
9 10 10 0.205029 0.000135691 0.000109651 
10 10 10 0.20549 4.28859e-05 4.72867e-05 
11 10 10 0.205515 -5.13666e-05 1.28989e-05 
12 10 10 0.205245 -0.000129173 3.85437e-06 
13 10 10 0.204819 -0.000184373 7.62379e-06 
14 10 10 0.204204 -0.00030145 -9.6607e-05 
15 10 10 0.201679 0.00329425 0.00492196 
0 11 11 0 0 0 
1 11 11 0 0 0 
2 11 11 0 0 0 
3 11 11 0 0 0 
4 11 11 0 0 0 
5 11 11 0 0 0 
6 11 11 0 0 0 
7 11 11 0 0 0 
8 11 11 0 0 0 
9 11 11 0 0 0 
10 11 11 0 0 0 
11 11 11 0 0 0 
12 11 11 0 0 0 
13 11 11 0 0 0 
14 11 11 0 0 0 
15 11 11 0 0 0 
0 12 12 0 0 0 
1 12 12 0 0 0 
2 12 12 0 0 0 
3 12 12 0 0 0 
4 12 12 0 0 0 
5 12 12 0 0 0 
6 12 12 0 0 0 
7 12 12 0 0 0 
8 12 12 0 0 0 
9 12 12 0 0 0 
10 12 12 0 0 0 
11 12 12 0 0 0 
12 12 12 0 0 0 
13 12 12 0 0 0 
14 12 12 0 0 0 
15 12 12 0 0 0 
0 13 13 0 0 0 
1 13 13 0 0 0 
2 13 13 0 0 0 
3 13 13 0 0 0 
4 13 13 0 0 0 
5 13 13 0 0 0 
6 13 13 0 0 0 
7 13 13 0 0 0 
8 13 13 0 0 0 
9 13 13 0 0 0 
10 13 13 0 0 0 
11 13 13 0 0 0 
12 13 13 0 0 0 
13 13 13 0 0 0 
14 13 13 0 0 0 
15 13 13 0 0 0 
0 14 14 0 0 0 
1 14 14 0 0 0 
2 14 14 0 0 0 
3 14 14 0 0 0 
4 14 14 0 0 0 
5 14 14 0 0 0 
6 14 14 0 0 0 
7 14 14 0 0 0 
8 14 14 0 0 0 
9 14 14 0 0 0 
10 14 14 0 0 0 
11 14 14 0 0 0 
12 14 14 0 0 0 
13 14 14 0 0 0 
14 14 14 0 0 0 
15 14 14 0 0 0 
0 15 15 0 0 0 
1 15 15 0 0 0 
2 15 15 0 0 0 
3 15 15 0 0 0 
4 15 15 0 0 0 
5 15 15 0 0 0 
6 15 15 0 0 0 
7 15 15 0 0 0 
8 15 15 0 0 0 
9 15 15 0 0 0 
10 15 15 0 0 0 
11 15 15 0 0 0 
12 15 15 0 0 0 
13 15 15 0 0 0 
14 15 15 0 0 0 
15 15 15 0 0 0 
0 0 0 0 0 0 
1 0 0 0 0 0 
2 0 0 0 0 0 
3 0 0 0 0 0 
4 0 0 0 0 0 
5 0 0 0 0 0 
6 0 0 0 0 0 
7 0 0 0 0 0 
8 0 0 0 0 0 
9 0 0 0 0 0 
10 0 0 0 0 0 
11 0 0 0 0 0 
12 0 0 0 0 0 
13 0 0 0 0 0 
14 0 0 0 0 0 
15 0 0 0 0 0 
0 1 1 0 0 0 
1 1 1 0 0 0 
2 1 1 0 0 0 
3 1 1 0 0 0 
4 1 1 0 0 0 
5 1 1 0 0 0 
6 1 1 0 0 0 
7 1 1 0 0 0 
8 1 1 0 0 0 
9 1 1 0 0 0 
10 1 1 0 0 0 
11 1 1 0 0 0 
12 1 1 0 0 0 
13 1 1 0 0 0 
14 1 1 0 0 0 
15 1 1 0 0 0 
0 2 2 0 0 0 
1 2 2 0 0 0 
2 2 2 0 0 0 
3 2 2 0 0 0 
4 2 2 0 0 0 
5 2 2 0 0 0 
6 2 2 0 0 0 
7 2 2 0 0 0 
8 2 2 0 0 0 
9 2 2 0 0 0 
10 2 2 0 0 0 
11 2 2 0 0 0 
12 2 2 0 0 0 
13 2 2 0 0 0 
14 2 2 0 0 0 
15 2 2 0 0 0 
0 3 3 0 0 0 
1 3 3 0 0 0 
2 3 3 0 0 0 
3 3 3 0 0 0 
4 3 3 0 0 0 
5 3 3 0 0 0 
6 3 3 0 0 0 
7 3 3 0 0 0 
8 3 3 0 0 0 
9 3 3 0 0 0 
10 3 3 0 0 0 
11 3 3 0 0 0 
12 3 3 0 0 0 
13 3 3 0 0 0 
14 3 3 0 0 0 
15 3 3 0 0 0 
0 4 4 0 0 0 
1 4 4 0 0 0 
2 4 4 0 0 0 
3 4 4 0 0 0 
4 4 4 0 0 0 
5 4 4 0 0 0 
6 4 4 0 0 0 
7 4 4 0 0 0 
8 4 4 0 0 0 
9 4 4 0 0 0 
10 4 4 0 0 0 
11 4 4 0 0 0 
12 4 4 0 0 0 
13 4 4 0 0 0 
14 4 4 0 0 0 
15 4 4 0 0 0 
0 5 5 0 0 0 
1 5 5 0 0 0 
2 5 5 0 0 0 
3 5 5 0 0 0 
4 5 5 0 0 0 
5 5 5 0 0 0 
6 5 5 0 0 0 
7 5 5 0 0 0 
8 5 5 0 0 0 
9 5 5 0 0 0 
10 5 5 0 0 0 
11 5 5 0 0 0 
12 5 5 0 0 0 
13 5 5 0 0 0 
14 5 5 0 0 0 
15 5 5 0 0 0 
0 6 6 0 0 0 
1 6 6 0 0 0 
2 6 6 0 0 0 
3 6 6 0 0 0 
4 6 6 0 0 0 
5 6 6 0 0 0 
6 6 6 0 0 0 
7 6 6 0 0 0 
8 6 6 0 0 0 
9 6 6 0 0 0 
10 6 6 0 0 0 
11 6 6 0 0 0 
12 6 6 0 0 0 
13 6 6 0 0 0 
14 6 6 0 0 0 
15 6 6 0 0 0 
0 7 7 0.089956 -0.000331585 -0.000180756 
1 7 7 0.0893527 -0.000338733 -0.00012999 
2 7 7 0.089188 -0.000307254 -6.80438e-05 
3 7 7 0.0894554 -0.000248106 -3.06167e-06 
4 7 7 0.090101 -0.000173654 5.64503e-05 
5 7 7 0.0910165 -9.81535e-05 0.000102171 
6 7 7 0.0920635 -3.7655e-05 0.000125609 
7 7 7 0.093085 -3.01487e-07 0.000124214 
8 7 7 0.0939411 1.17357e-05 0.000100544 
9 7 7 0.0945359 2.56156e-06 6.3726e-05 
10 7 7 0.094839 -2.0637e-05 2.28769e-05 
11 7 7 0.0948847 -4.95706e-05 -1.27277e-05 
12 7 7 0.0947455 -7.69468e-05 -3.81875e-05 
13 7 7 0.0944904 -9.74476e-05 -5.54162e-05 
14 7 7 0.0940487 -0.000104907 -0.000134646 
15 7 7 0.0910646 -0.000994498 0.00369706 
0 8 8 0.097877 -0.000351582 -7.75038e-05 
1 8 8 0.097261 -0.000376023 -1.87727e-05 
2 8 8 0.0971148 -0.000355491 3.90268e-05 
3 8 8 0.0974332 -0.000300134 9.01337e-05 
4 8 8 0.0981538 -0.000224219 0.000129022 
5 8 8 0.0991586 -0.000142567 0.000152263 
6 8 8 0.100296 -7.22257e-05 0.000155722 
7 8 8 0.101397 -2.37264e-05 0.000139726 
8 8 8 0.102314 -1.30005e-06 0.000108124 
9 8 8 0.102947 -2.20157e-06 6.97397e-05 
10 8 8 0.103266 -2.05186e-05 3.2309e-05 
11 8 8 0.10331 -4.75699e-05 3.00892e-06 
12 8 8 0.103159 -7.48456e-05 -1.56245e-05 
13 8 8 0.102887 -9.37611e-05 -2.76975e-05 
14 8 8 0.102424 -9.99877e-05 -0.000109657 
15 8 8 0.0994393 0.00060924 0.00391239 
0 9 9 0 0 0 
1 9 9 0 0 0 
2 9 9 0 0 0 
3 9 9 0 0 0 
4 9 9 0 0 0 
5 9 9 0 0 0 
6 9 9 0 0 0 
7 9 9 0 0 0 
8 9 9 0 0 0 
9 9 9 0 0 0 
10 9 9 0 0 0 
11 9 9 0 0 0 
12 9 9 0 0 0 
13 9 9 0 0 0 
14 9 9 0 0 0 
15 9 9 0 0 0 
0 10 10 0 0 0 
1 10 10 0 0 0 
2 10 10 0 0 0 
3 10 10 0 0 0 
4 10 10 0 0 0 
5 10 10 0 0 0 
6 10 10 0 0 0 
7 10 10 0 0 0 
8 10 10 0 0 0 
9 10 10 0 0 0 
10 10 10 0 0 0 
11 10 10 0 0 0 
12 10 10 0 0 0 
13 10 10 0 0 0 
14 10 10 0 0 0 
15 10 10 0 0 0 
0 11 11 0 0 0 
1 11 11 0 0 0 
2 11 11 0 0 0 
3 11 11 0 0 0 
4 11 11 0 0 0 
5 11 11 0 0 0 
6 11 11 0 0 0 
7 11 11 0 0 0 
8 11 11 0 0 0 
9 11 11 0 0 0 
10 11 11 0 0 0 
11 11 11 0 0 0 
12 11 11 0 0 0 
13 11 11 0 0 0 
14 11 11 0 0 0 
15 11 11 0 0 0 
0 12 12 0 0 0 
1 12 12 0 0 0 
2 12 12 0 0 0 
3 12 12 0 0 0 
4 12 12 0 0 0 
5 12 12 0 0 0 
6 12 12 0 0 0 
7 12 12 0 0 0 
8 12 12 0 0 0 
9 12 12 0 0 0 
10 12 12 0 0 0 
11 12 12 0 0 0 
12 12 12 0 0 0 
13 12 12 0 0 0 
14 12 12 0 0 0 
15 12 12 0 0 0 
0 13 13 0 0 0 
1 13 13 0 0 0 
2 13 13 0 0 0 
3 13 13 0 0 0 
4 13 13 0 0 0 
5 13 13 0 0 0 
6 13 13 0 0 0 
7 13 13 0 0 0 
8 13 13 0 0 0 
9 13 13 0 0 0 
10 13 13 0 0 0 
11 13 13 0 0 0 
12 13 13 0 0 0 
13 13 13 0 0 0 
14 13 13 0 0 0 
15 13 13 0 0 0 
0 14 14 0 0 0 
1 14 14 0 0 0 
2 14 14 0 0 0 
3 14 14 0 0 0 
4 14 14 0 0 0 
5 14 14 0 0 0 
6 14 14 0 0 0 
7 14 14 0 0 0 
8 14 14 0 0 0 
9 14 14 0 0 0 
10 14 14 0 0 0 
11 14 14 0 0 0 
12 14 14 0 0 0 
13 14 14 0 0 0 
14 14 14 0 0 0 
15 14 14 0 0 0 
0 15 15 0 0 0 
1 15 15 0 0 0 
2 15 15 0 0 0 
3 15 15 0 0 0 
4 15 15 0 0 0 
5 15 15 0 0 0 
6 15 15 0 0 0 
7 15 15 0 0 0 
8 15 15 0 0 0 
9 15 15 0 0 0 
10 15 15 0 0 0 
11 15 15 0 0 0 
12 15 15 0 0 0 
13 15 15 0 0 0 
14 15 15 0 0 0 
15 15 15 0 0 0 
0 0 0 0 0 0 
1 0 0 0 0 0 
2 0 0 0 0 0 
3 0 0 0 0 0 
4 0 0 0 0 0 
5 0 0 0 0 0 
6 0 0 0 0 0 
7 0 0 0 0 0 
8 0 0 0 0 0 
9 0 0 0 0 0 
10 0 0 0 0 0 
11 0 0 0 0 0 
12 0 0 0 0 0 
13 0 0 0 0 0 
14 0 0 0 0 0 
15 0 0 0 0 0 
0 1 1 0 0 0 
1 1 1 0 0 0 
2 1 1 0 0 0 
3 1 1 0 0 0 
4 1 1 0 0 0 
5 1 1 0 0 0 
6 1 1 0 0 0 
7 1 1 0 0 0 
8 1 1 0 0 0 
9 1 1 0 0 0 
10 1 1 0 0 0 
11 1 1 0 0 0 
12 1 1 0 0 0 
13 1 1 0 0 0 
14 1 1 0 0 0 
15 1 1 0 0 0 
0 2 2 0 0 0 
1 2 2 0 0 0 
2 2 2 0 0 0 
3 2 2 0 0 0 
4 2 2 0 0 0 
5 2 2 0 0 0 
6 2 2 0 0 0 
7 2 2 0 0 0 
8 2 2 0 0 0 
9 2 2 0 0 0 
10 2 2 0 0 0 
11 2 2 0 0 0 
12 2 2 0 0 0 
13 2 2 0 0 0 
14 2 2 0 0 0 
15 2 2 0 0 0 
0 3 3 0 0 0 
1 3 3 0 0 0 
2 3 3 0 0 0 
3 3 3 0 0 0 
4 3 3 0 0 0 
5 3 3 0 0 0 
6 3 3 0 0 0 
7 3 3 0 0 0 
8 3 3 0 0 0 
9 3 3 0 0 0 
10 3 3 0 0 0 
11 3 3 0 0 0 
12 3 3 0 0 0 
13 3 3 0 0 0 
14 3 3 0 0 0 
15 3 3 0 0 0 
0 4 4 0 0 0 
1 4 4 0 0 0 
2 4 4 0 0 0 
3 4 4 0 0 0 
4 4 4 0 0 0 
5 4 4 0 0 0 
6 4 4 0 0 0 
7 4 4 0 0 0 
8 4 4 0 0 0 
9 4 4 0 0 0 
10 4 4 0 0 0 
11 4 4 0 0 0 
12 4 4 0 0 0 
13 4 4 0 0 0 
14 4 4 0 0 0 
15 4 4 0 0 0 
0 5 5 0 0 0 
1 5 5 0 0 0 
2 5 5 0 0 0 
3 5 5 0 0 0 
4 5 5 0 0 0 
5 5 5 0 0 0 
6 5 5 0 0 0 
7 5 5 0 0 0 
8 5 5 0 0 0 
9 5 5 0 0 0 
10 5 5 0 0 0 
11 5 5 0 0 0 
12 5 5 0 0 0 
13 5 5 0 0 0 
14 5 5 0 0 0 
15 5 5 0 0 0 
0 6 6 0 0 0 
1 6 6 0 0 0 
2 6 6 0 0 0 
3 6 6 0 0 0 
4 6 6 0 0 0 
5 6 6 0 0 0 
6 6 6 0 0 0 
7 6 6 0 0 0 
8 6 6 0 0 0 
9 6 6 0 0 0 
10 6 6 0 0 0 
11 6 6 0 0 0 
12 6 6 0 0 0 
13 6 6 0 0 0 
14 6 6 0 0 0 
15 6 6 0 0 0 
0 7 7 0 0 0 
1 7 7 0 0 0 
2 7 7 0 0 0 
3 7 7 0 0 0 
4 7 7 0 0 0 
5 7 7 0 0 0 
6 7 7 0 0 0 
7 7 7 0 0 0 
8 7 7 0 0 0 
9 7 7 0 0 0 
10 7 7 0 0 0 
11 7 7 0 0 0 
12 7 7 0 0 0 
13 7 7 0 0 0 
14 7 7 0 0 0 
15 7 7 0 0 0 
0 8 8 0 0 0 
1 8 8 0 0 0 
2 8 8 0 0 0 
3 8 8 0 0 0 
4 8 8 0 0 0 
5 8 8 0 0 0 
6 8 8 0 0 0 
7 8 8 0 0 0 
8 8 8 0 0 0 
9 8 8 0 0 0 
10 8 8 0 0 0 
11 8 8 0 0 0 
12 8 8 0 0 0 
13 8 8 0 0 0 
14 8 8 0 0 0 
15 8 8 0 0 0 
0 9 9 0 0 0 
1 9 9 0 0 0 
2 9 9 0 0 0 
3 9 9 0 0 0 
4 9 9 0 0 0 
5 9 9 0 0 0 
6 9 9 0 0 0 
7 9 9 0 0 0 
8 9 9 0 0 0 
9 9 9 0 0 0 
10 9 9 0 0 0 
11 9 9 0 0 0 
12 9 9 0 0 0 
13 9 9 0 0 0 
14 9 9 0 0 0 
15 9 9 0 0 0 
0 10 10 0 0 0 
1 10 10 0 0 0 
2 10 10 0 0 0 
3 10 10 0 0 0 
4 10 10 0 0 0 
5 10 10 0 0 0 
6 10 10 0 0 0 
7 10 10 0 0 0 
8 10 10 0 0 0 
9 10 10 0 0 0 
10 10 10 0 0 0 
11 10 10 0 0 0 
12 10 10 0 0 0 
13 10 10 0 0 0 
14 10 10 0 0 0 
15 10 10 0 0 0 
0 11 11 0 0 0 
1 11 11 0 0 0 
2 11 11 0 0 0 
3 11 11 0 0 0 
4 11 11 0 0 0 
5 11 11 0 0 0 
6 11 11 0 0 0 
7 11 11 0 0 0 
8 11 11 0 0 0 
9 11 11 0 0 0 
10 11 11 0 0 0 
11 11 11 0 0 0 
12 11 11 0 0 0 
13 11 11 0 0 0 
14 11 11 0 0 0 
15 11 11 0 0 0 
0 12 12 0 0 0 
1 12 12 0 0 0 
2 12 12 0 0 0 
3 12 12 0 0 0 
4 12 12 0 0 0 
5 12 12 0 0 0 
6 12 12 0 0 0 
7 12 12 0 0 0 
8 12 12 0 0 0 
9 12 12 0 0 0 
10 12 12 0 0 0 
11 12 12 0 0 0 
12 12 12 0 0 0 
13 12 12 0 0 0 
14 12 12 0 0 0 
15 12 12 0 0 0 
0 13 13 0 0 0 
1 13 13 0 0 0 
2 13 13 0 0 0 
3 13 13 0 0 0 
4 13 13 0 0 0 
5 13 13 0 0 0 
6 13 13 0 0 0 
7 13 13 0 0 0 
8 13 13 0 0 0 
9 13 13 0 0 0 
10 13 13 0 0 0 
11 13 13 0 0 0 
12 13 13 0 0 0 
13 13 13 0 0 0 
14 13 13 0 0 0 
15 13 13 0 0 0 
0 14 14 0 0 0 
1 14 14 0 0 0 
2 14 14 0 0 0 
3 14 14 0 0 0 
4 14 14 0 0 0 
5 14 14 0 0 0 
6 14 14 0 0 0 
7 14 14 0 0 0 
8 14 14 0 0 0 
9 14 14 0 0 0 
10 14 14 0 0 0 
11 14 14 0 0 0 
12 14 14 0 0 0 
13 14 14 0 0 0 
14 14 14 0 0 0 
15 14 14 0 0 0 
0 15 15 0 0 0 
1 15 15 0 0 0 
2 15 15 0 0 0 
3 15 15 0 0 0 
4 15 15 0 0 0 
5 15 15 0 0 0 
6 15 15 0 0 0 
7 15 15 0 0 0 
8 15 15 0 0 0 
9 15 15 0 0 0 
10 15 15 0 0 0 
11 15 15 0 0 0 
12 15 15 0 0 0 
13 15 15 0 0 0 
14 15 15 0 0 0 
15 15 15 0 0 0 
0 0 0 0 0 0 
1 0 0 0 0 0 
2 0 0 0 0 0 
3 0 0 0 0 0 
4 0 0 0 0 0 
5 0 0 0 0 0 
6 0 0 0 0 0 
7 0 0 0 0 0 
8 0 0 0 0 0 
9 0 0 0 0 0 
10 0 0 0 0 0 
11 0 0 0 0 0 
12 0 0 0 0 0 
13 0 0 0 0 0 
14 0 0 0 0 0 
15 0 0 0 0 0 
0 1 1 0 0 0 
1 1 1 0 0 0 
2 1 1 0 0 0 
3 1 1 0 0 0 
4 1 1 0 0 0 
5 1 1 0 0 0 
6 1 1 0 0 0 
7 1 1 0 0 0 
8 1 1 0 0 0 
9 1 1 0 0 0 
10 1 1 0 0 0 
11 1 1 0 0 0 
12 1 1 0 0 0 
13 1 1 0 0 0 
14 1 1 0 0 0 
15 1 1 0 0 0 
0 2 2 0 0 0 
1 2 2 0 0 0 
2 2 2 0 0 0 
3 2 2 0 0 0 
4 2 2 0 0 0 
5 2 2 0 0 0 
6 2 2 0 0 0 
7 2 2 0 0 0 
8 2 2 0 0 0 
9 2 2 0 0 0 
10 2 2 0 0 0 
11 2 2 0 0 0 
12 2 2 0 0 0 
13 2 2 0 0 0 
14 2 2 0 0 0 
15 2 2 0 0 0 
0 3 3 0 0 0 
1 3 3 0 0 0 
2 3 3 0 0 0 
3 3 3 0 0 0 
4 3 3 0 0 0 
5 3 3 0 0 0 
6 3 3 0 0 0 
7 3 3 0 0 0 
8 3 3 0 0 0 
9 3 3 0 0 0 
10 3 3 0 0 0 
11 3 3 0 0 0 
12 3 3 0 0 0 
13 3 3 0 0 0 
14 3 3 0 0 0 
15 3 3 0 0 0 
0 4 4 0 0 0 
1 4 4 0 0 0 
2 4 4 0 0 0 
3 4 4 0 0 0 
4 4 4 0 0 0 
5 4 4 0 0 0 
6 4 4 0 0 0 
7 4 4 0 0 0 
8 4 4 0 0 0 
9 4 4 0 0 0 
10 4 4 0 0 0 
11 4 4 0 0 0 
12 4 4 0 0 0 
13 4 4 0 0 0 
14 4 4 0 0 0 
15 4 4 0 0 0 
0 5 5 0 0 0 
1 5 5 0 0 0 
2 5 5 0 0 0 
3 5 5 0 0 0 
4 5 5 0 0 0 
5 5 5 0 0 0 
6 5 5 0 0 0 
7 5 5 0 0 0 
8 5 5 0 0 0 
9 5 5 0 0 0 
10 5 5 0 0 0 
11 5 5 0 0 0 
12 5 5 0 0 0 
13 5 5 0 0 0 
14 5 5 0 0 0 
15 5 5 0 0 0 
0 6 6 0 0 0 
1 6 6 0 0 0 
2 6 6 0 0 0 
3 6 6 0 0 0 
4 6 6 0 0 0 
5 6 6 0 0 0 
6 6 6 0 0 0 
7 6 6 0 0 0 
8 6 6 0 0 0 
9 6 6 0 0 0 
10 6 6 0 0 0 
11 6 6 0 0 0 
12 6 6 0 0 0 
13 6 6 0 0 0 
14 6 6 0 0 0 
15 6 6 0 0 0 
0 7 7 0 0 0 
1 7 7 0 0 0 
2 7 7 0 0 0 
3 7 7 0 0 0 
4 7 7 0 0 0 
5 7 7 0 0 0 
6 7 7 0 0 0 
7 7 7 0 0 0 
8 7 7 0 0 0 
9 7 7 0 0 0 
10 7 7 0 0 0 
11 7 7 0 0 0 
12 7 7 0 0 0 
13 7 7 0 0 0 
14 7 7 0 0 0 
15 7 7 0 0 0 
0 8 8 0 0 0 
1 8 8 0 0 0 
2 8 8 0 0 0 
3 8 8 0 0 0 
4 8 8 0 0 0 
5 8 8 0 0 0 
6 8 8 0 0 0 
7 8 8 0 0 0 
8 8 8 0 0 0 
9 8 8 0 0 0 
10 8 8 0 0 0 
11 8 8 0 0 0 
12 8 8 0 0 0 
13 8 8 0 0 0 
14 8 8 0 0 0 
15 8 8 0 0 0 
0 9 9 0 0 0 
1 9 9 0 0 0 
2 9 9 0 0 0 
3 9 9 0 0 0 
4 9 9 0 0 0 
5 9 9 0 0 0 
6 9 9 0 0 0 
7 9 9 0 0 0 
8 9 9 0 0 0 
9 9 9 0 0 0 
10 9 9 0 0 0 
11 9 9 0 0 0 
12 9 9 0 0 0 
13 9 9 0 0 0 
14 9 9 0 0 0 
15 9 9 0 0 0 
0 10 10 0 0 0 
1 10 10 0 0 0 
2 10 10 0 0 0 
3 10 10 0 0 0 
4 10 10 0 0 0 
5 10 10 0 0 0 
6 10 10 0 0 0 
7 10 10 0 0 0 
8 10 10 0 0 0 
9 10 10 0 0 0 
10 10 10 0 0 0 
11 10 10 0 0 0 
12 10 10 0 0 0 
13 10 10 0 0 0 
14 10 10 0 0 0 
15 10 10 0 0 0 
0 11 11 0 0 0 
1 11 11 0 0 0 
2 11 11 0 0 0 
3 11 11 0 0 0 
4 11 11 0 0 0 
5 11 11 0 0 0 
6 11 11 0 0 0 
7 11 11 0 0 0 
8 11 11 0 0 0 
9 11 11 0 0 0 
10 11 11 0 0 0 
11 11 11 0 0 0 
12 11 11 0 0 0 
13 11 11 0 0 0 
14 11 11 0 0 0 
15 11 11 0 0 0 
0 12 12 0 0 0 
1 12 12 0 0 0 
2 12 12 0 0 0 
3 12 12 0 0 0 
4 12 12 0 0 0 
5 12 12 0 0 0 
6 12 12 0 0 0 
7 12 12 0 0 0 
8 12 12 0 0 0 
9 12 12 0 0 0 
10 12 12 0 0 0 
11 12 12 0 0 0 
12 12 12 0 0 0 
13 12 12 0 0 0 
14 12 12 0 0 0 
15 12 12 0 0 0 
0 13 13 0 0 0 
1 13 13 0 0 0 
2 13 13 0 0 0 
3 13 13 0 0 0 
4 13 13 0 0 0 
5 13 13 0 0 0 
6 13 13 0 0 0 
7 13 13 0 0 0 
8 13 13 0 0 0 
9 13 13 0 0 0 
10 13 13 0 0 0 
11 13 13 0 0 0 
12 13 13 0 0 0 
13 13 13 0 0 0 
14 13 13 0 0 0 
15 13 13 0 0 0 
0 14 14 0 0 0 
1 14 14 0 0 0 
2 14 14 0 0 0 
3 14 14 0 0 0 
4 14 14 0 0 0 
5 14 14 0 0 0 
6 14 14 0 0 0 
7 14 14 0 0 0 
8 14 14 0 0 0 
9 14 14 0 0 0 
10 14 14 0 0 0 
11 14 14 0 0 0 
12 14 14 0 0 0 
13 14 14 0 0 0 
14 14 14 0 0 0 
15 14 14 0 0 0 
0 15 15 0 0 0 
1 15 15 0 0 0 
2 15 15 0 0 0 
3 15 15 0 0 0 
4 15 15 0 0 0 
5 15 15 0 0 0 
6 15 15 0 0 0 
7 15 15 0 0 0 
8 15 15 0 0 0 
9 15 15 0 0 0 
10 15 15 0 0 0 
11 15 15 0 0 0 
12 15 15 0 0 0 
13 15 15 0 0 0 
14 15 15 0 0 0 
15 15 15 0 0 0 
0 0 0 0 0 0 
1 0 0 0 0 0 
2 0 0 0 0 0 
3 0 0 0 0 0 
4 0 0 0 0 0 
5 0 0 0 0 0 
6 0 0 0 0 0 
7 0 0 0 0 0 
8 0 0 0 0 0 
9 0 0 0 0 0 
10 0 0 0 0 0 
11 0 0 0 0 0 
12 0 0 0 0 0 
13 0 0 0 0 0 
14 0 0 0 0 0 
15 0 0 0 0 0 
0 1 1 0 0 0 
1 1 1 0 0 0 
2 1 1 0 0 0 
3 1 1 0 0 0 
4 1 1 0 0 0 
5 1 1 0 0 0 
6 1 1 0 0 0 
7 1 1 0 0 0 
8 1 1 0 0 0 
9 1 1 0 0 0 
10 1 1 0 0 0 
11 1 1 0 0 0 
12 1 1 0 0 0 
13 1 1 0 0 0 
14 1 1 0 0 0 
15 1 1 0 0 0 
0 2 2 0 0 0 
1 2 2 0 0 0 
2 2 2 0 0 0 
3 2 2 0 0 0 
4 2 2 0 0 0 
5 2 2 0 0 0 
6 2 2 0 0 0 
7 2 2 0 0 0 
8 2 2 0 0 0 
9 2 2 0 0 0 
10 2 2 0 0 0 
11 2 2 0 0 0 
12 2 2 0 0 0 
13 2 2 0 0 0 
14 2 2 0 0 0 
15 2 2 0 0 0 
0 3 3 0 0 0 
1 3 3 0 0 0 
2 3 3 0 0 0 
3 3 3 0 0 0 
4 3 3 0 0 0 
5 3 3 0 0 0 
6 3 3 0 0 0 
7 3 3 0 0 0 
8 3 3 0 0 0 
9 3 3 0 0 0 
10 3 3 0 0 0 
11 3 3 0 0 0 
12 3 3 0 0 0 
13 3 3 0 0 0 
14 3 3 0 0 0 
15 3 3 0 0 0 
0 4 4 0 0 0 
1 4 4 0 0 0 
2 4 4 0 0 0 
3 4 4 0 0 0 
4 4 4 0 0 0 
5 4 4 0 0 0 
6 4 4 0 0 0 
7 4 4 0 0 0 
8 4 4 0 0 0 
9 4 4 0 0 0 
10 4 4 0 0 0 
11 4 4 0 0 0 
12 4 4 0 0 0 
13 4 4 0 0 0 
14 4 4 0 0 0 
15 4 4 0 0 0 
0 5 5 0 0 0 
1 5 5 0 0 0 
2 5 5 0 0 0 
3 5 5 0 0 0 
4 5 5 0 0 0 
5 5 5 0 0 0 
6 5 5 0 0 0 
7 5 5 0 0 0 
8 5 5 0 0 0 
9 5 5 0 0 0 
10 5 5 0 0 0 
11 5 5 0 0 0 
12 5 5 0 0 0 
13 5 5 0 0 0 
14 5 5 0 0 0 
15 5 5 0 0 0 
0 6 6 0 0 0 
1 6 6 0 0 0 
2 6 6 0 0 0 
3 6 6 0 0 0 
4 6 6 0 0 0 
5 6 6 0 0 0 
6 6 6 0 0 0 
7 6 6 0 0 0 
8 6 6 0 0 0 
9 6 6 0 0 0 
10 6 6 0 0 0 
11 6 6 0 0 0 
12 6 6 0 0 0 
13 6 6 0 0 0 
14 6 6 0 0 0 
15 6 6 0 0 0 
0 7 7 0 0 0 
1 7 7 0 0 0 
2 7 7 0 0 0 
3 7 7 0 0 0 
4 7 7 0 0 0 
5 7 7 0 0 0 
6 7 7 0 0 0 
7 7 7 0 0 0 
8 7 7 0 0 0 
9 7 7 0 0 0 
10 7 7 0 0 0 
11 7 7 0 0 0 
12 7 7 0 0 0 
13 7 7 0 0 0 
14 7 7 0 0 0 
15 7 7 0 0 0 
0 8 8 0 0 0 
1 8 8 0 0 0 
2 8 8 0 0 0 
3 8 8 0 0 0 
4 8 8 0 0 0 
5 8 8 0 0 0 
6 8 8 0 0 0 
7 8 8 0 0 0 
8 8 8 0 0 0 
9 8 8 0 0 0 
10 8 8 0 0 0 
11 8 8 0 0 0 
12 8 8 0 0 0 
13 8 8 0 0 0 
14 8 8 0 0 0 
15 8 8 0 0 0 
0 9 9 0 0 0 
1 9 9 0 0 0 
2 9 9 0 0 0 
3 9 9 0 0 0 
4 9 9 0 0 0 
5 9 9 0 0 0 
6 9 9 0 0 0 
7 9 9 0 0 0 
8 9 9 0 0 0 
9 9 9 0 0 0 
10 9 9 0 0 0 
11 9 9 0 0 0 
12 9 9 0 0 0 
13 9 9 0 0 0 
14 9 9 0 0 0 
15 9 9 0 0 0 
0 10 10 0 0 0 
1 10 10 0 0 0 
2 10 10 0 0 0 
3 10 10 0 0 0 
4 10 10 0 0 0 
5 10 10 0 0 0 
6 10 10 0 0 0 
7 10 10 0 0 0 
8 10 10 0 0 0 
9 10 10 0 0 0 
10 10 10 0 0 0 
11 10 10 0 0 0 
12 10 10 0 0 0 
13 10 10 0 0 0 
14 10 10 0 0 0 
15 10 10 0 0 0 
0 11 11 0 0 0 
1 11 11 0 0 0 
2 11 11 0 0 0 
3 11 11 0 0 0 
4 11 11 0 0 0 
5 11 11 0 0 0 
6 11 11 0 0 0 
7 11 11 0 0 0 
8 11 11 0 0 0 
9 11 11 0 0 0 
10 11 11 0 0 0 
11 11 11 0 0 0 
12 11 11 0 0 0 
13 11 11 0 0 0 
14 11 11 0 0 0 
15 11 11 0 0 0 
0 12 12 0 0 0 
1 12 12 0 0 0 
2 12 12 0 0 0 
3 12 12 0 0 0 
4 12 12 0 0 0 
5 12 12 0 0 0 
6 12 12 0 0 0 
7 12 12 0 0 0 
8 12 12 0 0 0 
9 12 12 0 0 0 
10 12 12 0 0 0 
11 12 12 0 0 0 
12 12 12 0 0 0 
13 12 12 0 0 0 
14 12 12 0 0 0 
15 12 12 0 0 0 
0 13 13 0 0 0 
1 13 13 0 0 0 
2 13 13 0 0 0 
3 13 13 0 0 0 
4 13 13 0 0 0 
5 13 13 0 0 0 
6 13 13 0 0 0 
7 13 13 0 0 0 
8 13 13 0 0 0 
9 13 13 0 0 0 
10 13 13 0 0 0 
11 13 13 0 0 0 
12 13 13 0 0 0 
13 13 13 0 0 0 
14 13 13 0 0 0 
15 13 13 0 0 0 
0 14 14 0 0 0 
1 14 14 0 0 0 
2 14 14 0 0 0 
3 14 14 0 0 0 
4 14 14 0 0 0 
5 14 14 0 0 0 
6 14 14 0 0 0 
7 14 14 0 0 0 
8 14 14 0 0 0 
9 14 14 0 0 0 
10 14 14 0 0 0 
11 14 14 0 0 0 
12 14 14 0 0 0 
13 14 14 0 0 0 
14 14 14 0 0 0 
15 14 14 0 0 0 
0 15 15 0 0 0 
1 15 15 0 0 0 
2 15 15 0 0 0 
3 15 15 0 0 0 
4 15 15 0 0 0 
5 15 15 0 0 0 
6 15 15 0 0 0 
7 15 15 0 0 0 
8 15 15 0 0 0 
9 15 15 0 0 0 
10 15 15 0 0 0 
11 15 15 0 0 0 
12 15 15 0 0 0 
13 15 15 0 0 0 
14 15 15 0 0 0 
15 15 15 0 0 0 
