0 0 0 0 0 0 
1 0 0 0 0 0 
2 0 0 0 0 0 
3 0 0 0 0 0 
4 0 0 0 0 0 
5 0 0 0 0 0 
6 0 0 0 0 0 
7 0 0 0 0 0 
8 0 0 0 0 0 
9 0 0 0 0 0 
10 0 0 0 0 0 
11 0 0 0 0 0 
12 0 0 0 0 0 
13 0 0 0 0 0 
14 0 0 0 0 0 
15 0 0 0 0 0 
0 1 1 0 0 0 
1 1 1 0 0 0 
2 1 1 0 0 0 
3 1 1 0 0 0 
4 1 1 0 0 0 
5 1 1 0 0 0 
6 1 1 0 0 0 
7 1 1 0 0 0 
8 1 1 0 0 0 
9 1 1 0 0 0 
10 1 1 0 0 0 
11 1 1 0 0 0 
12 1 1 0 0 0 
13 1 1 0 0 0 
14 1 1 0 0 0 
15 1 1 0 0 0 
0 2 2 0 0 0 
1 2 2 0 0 0 
2 2 2 0 0 0 
3 2 2 0 0 0 
4 2 2 0 0 0 
5 2 2 0 0 0 
6 2 2 0 0 0 
7 2 2 0 0 0 
8 2 2 0 0 0 
9 2 2 0 0 0 
10 2 2 0 0 0 
11 2 2 0 0 0 
12 2 2 0 0 0 
13 2 2 0 0 0 
14 2 2 0 0 0 
15 2 2 0 0 0 
0 3 3 0 0 0 
1 3 3 0 0 0 
2 3 3 0 0 0 
3 3 3 0 0 0 
4 3 3 0 0 0 
5 3 3 0 0 0 
6 3 3 0 0 0 
7 3 3 0 0 0 
8 3 3 0 0 0 
9 3 3 0 0 0 
10 3 3 0 0 0 
11 3 3 0 0 0 
12 3 3 0 0 0 
13 3 3 0 0 0 
14 3 3 0 0 0 
15 3 3 0 0 0 
0 4 4 0 0 0 
1 4 4 0 0 0 
2 4 4 0 0 0 
3 4 4 0 0 0 
4 4 4 0 0 0 
5 4 4 0 0 0 
6 4 4 0 0 0 
7 4 4 0 0 0 
8 4 4 0 0 0 
9 4 4 0 0 0 
10 4 4 0 0 0 
11 4 4 0 0 0 
12 4 4 0 0 0 
13 4 4 0 0 0 
14 4 4 0 0 0 
15 4 4 0 0 0 
0 5 5 0 0 0 
1 5 5 0 0 0 
2 5 5 0 0 0 
3 5 5 0 0 0 
4 5 5 0 0 0 
5 5 5 0 0 0 
6 5 5 0 0 0 
7 5 5 0 0 0 
8 5 5 0 0 0 
9 5 5 0 0 0 
10 5 5 0 0 0 
11 5 5 0 0 0 
12 5 5 0 0 0 
13 5 5 0 0 0 
14 5 5 0 0 0 
15 5 5 0 0 0 
0 6 6 0 0 0 
1 6 6 0 0 0 
2 6 6 0 0 0 
3 6 6 0 0 0 
4 6 6 0 0 0 
5 6 6 0 0 0 
6 6 6 0 0 0 
7 6 6 0 0 0 
8 6 6 0 0 0 
9 6 6 0 0 0 
10 6 6 0 0 0 
11 6 6 0 0 0 
12 6 6 0 0 0 
13 6 6 0 0 0 
14 6 6 0 0 0 
15 6 6 0 0 0 
0 7 7 0 0 0 
1 7 7 0 0 0 
2 7 7 0 0 0 
3 7 7 0 0 0 
4 7 7 0 0 0 
5 7 7 0 0 0 
6 7 7 0 0 0 
7 7 7 0 0 0 
8 7 7 0 0 0 
9 7 7 0 0 0 
10 7 7 0 0 0 
11 7 7 0 0 0 
12 7 7 0 0 0 
13 7 7 0 0 0 
14 7 7 0 0 0 
15 7 7 0 0 0 
0 8 8 0 0 0 
1 8 8 0 0 0 
2 8 8 0 0 0 
3 8 8 0 0 0 
4 8 8 0 0 0 
5 8 8 0 0 0 
6 8 8 0 0 0 
7 8 8 0 0 0 
8 8 8 0 0 0 
9 8 8 0 0 0 
10 8 8 0 0 0 
11 8 8 0 0 0 
12 8 8 0 0 0 
13 8 8 0 0 0 
14 8 8 0 0 0 
15 8 8 0 0 0 
0 9 9 0 0 0 
1 9 9 0 0 0 
2 9 9 0 0 0 
3 9 9 0 0 0 
4 9 9 0 0 0 
5 9 9 0 0 0 
6 9 9 0 0 0 
7 9 9 0 0 0 
8 9 9 0 0 0 
9 9 9 0 0 0 
10 9 9 0 0 0 
11 9 9 0 0 0 
12 9 9 0 0 0 
13 9 9 0 0 0 
14 9 9 0 0 0 
15 9 9 0 0 0 
0 10 10 0 0 0 
1 10 10 0 0 0 
2 10 10 0 0 0 
3 10 10 0 0 0 
4 10 10 0 0 0 
5 10 10 0 0 0 
6 10 10 0 0 0 
7 10 10 0 0 0 
8 10 10 0 0 0 
9 10 10 0 0 0 
10 10 10 0 0 0 
11 10 10 0 0 0 
12 10 10 0 0 0 
13 10 10 0 0 0 
14 10 10 0 0 0 
15 10 10 0 0 0 
0 11 11 0 0 0 
1 11 11 0 0 0 
2 11 11 0 0 0 
3 11 11 0 0 0 
4 11 11 0 0 0 
5 11 11 0 0 0 
6 11 11 0 0 0 
7 11 11 0 0 0 
8 11 11 0 0 0 
9 11 11 0 0 0 
10 11 11 0 0 0 
11 11 11 0 0 0 
12 11 11 0 0 0 
13 11 11 0 0 0 
14 11 11 0 0 0 
15 11 11 0 0 0 
0 12 12 0 0 0 
1 12 12 0 0 0 
2 12 12 0 0 0 
3 12 12 0 0 0 
4 12 12 0 0 0 
5 12 12 0 0 0 
6 12 12 0 0 0 
7 12 12 0 0 0 
8 12 12 0 0 0 
9 12 12 0 0 0 
10 12 12 0 0 0 
11 12 12 0 0 0 
12 12 12 0 0 0 
13 12 12 0 0 0 
14 12 12 0 0 0 
15 12 12 0 0 0 
0 13 13 0 0 0 
1 13 13 0 0 0 
2 13 13 0 0 0 
3 13 13 0 0 0 
4 13 13 0 0 0 
5 13 13 0 0 0 
6 13 13 0 0 0 
7 13 13 0 0 0 
8 13 13 0 0 0 
9 13 13 0 0 0 
10 13 13 0 0 0 
11 13 13 0 0 0 
12 13 13 0 0 0 
13 13 13 0 0 0 
14 13 13 0 0 0 
15 13 13 0 0 0 
0 14 14 0 0 0 
1 14 14 0 0 0 
2 14 14 0 0 0 
3 14 14 0 0 0 
4 14 14 0 0 0 
5 14 14 0 0 0 
6 14 14 0 0 0 
7 14 14 0 0 0 
8 14 14 0 0 0 
9 14 14 0 0 0 
10 14 14 0 0 0 
11 14 14 0 0 0 
12 14 14 0 0 0 
13 14 14 0 0 0 
14 14 14 0 0 0 
15 14 14 0 0 0 
0 15 15 0 0 0 
1 15 15 0 0 0 
2 15 15 0 0 0 
3 15 15 0 0 0 
4 15 15 0 0 0 
5 15 15 0 0 0 
6 15 15 0 0 0 
7 15 15 0 0 0 
8 15 15 0 0 0 
9 15 15 0 0 0 
10 15 15 0 0 0 
11 15 15 0 0 0 
12 15 15 0 0 0 
13 15 15 0 0 0 
14 15 15 0 0 0 
15 15 15 0 0 0 
0 0 0 0 0 0 
1 0 0 0 0 0 
2 0 0 0 0 0 
3 0 0 0 0 0 
4 0 0 0 0 0 
5 0 0 0 0 0 
6 0 0 0 0 0 
7 0 0 0 0 0 
8 0 0 0 0 0 
9 0 0 0 0 0 
10 0 0 0 0 0 
11 0 0 0 0 0 
12 0 0 0 0 0 
13 0 0 0 0 0 
14 0 0 0 0 0 
15 0 0 0 0 0 
0 1 1 0 0 0 
1 1 1 0 0 0 
2 1 1 0 0 0 
3 1 1 0 0 0 
4 1 1 0 0 0 
5 1 1 0 0 0 
6 1 1 0 0 0 
7 1 1 0 0 0 
8 1 1 0 0 0 
9 1 1 0 0 0 
10 1 1 0 0 0 
11 1 1 0 0 0 
12 1 1 0 0 0 
13 1 1 0 0 0 
14 1 1 0 0 0 
15 1 1 0 0 0 
0 2 2 0 0 0 
1 2 2 0 0 0 
2 2 2 0 0 0 
3 2 2 0 0 0 
4 2 2 0 0 0 
5 2 2 0 0 0 
6 2 2 0 0 0 
7 2 2 0 0 0 
8 2 2 0 0 0 
9 2 2 0 0 0 
10 2 2 0 0 0 
11 2 2 0 0 0 
12 2 2 0 0 0 
13 2 2 0 0 0 
14 2 2 0 0 0 
15 2 2 0 0 0 
0 3 3 0 0 0 
1 3 3 0 0 0 
2 3 3 0 0 0 
3 3 3 0 0 0 
4 3 3 0 0 0 
5 3 3 0 0 0 
6 3 3 0 0 0 
7 3 3 0 0 0 
8 3 3 0 0 0 
9 3 3 0 0 0 
10 3 3 0 0 0 
11 3 3 0 0 0 
12 3 3 0 0 0 
13 3 3 0 0 0 
14 3 3 0 0 0 
15 3 3 0 0 0 
0 4 4 0 0 0 
1 4 4 0 0 0 
2 4 4 0 0 0 
3 4 4 0 0 0 
4 4 4 0 0 0 
5 4 4 0 0 0 
6 4 4 0 0 0 
7 4 4 0 0 0 
8 4 4 0 0 0 
9 4 4 0 0 0 
10 4 4 0 0 0 
11 4 4 0 0 0 
12 4 4 0 0 0 
13 4 4 0 0 0 
14 4 4 0 0 0 
15 4 4 0 0 0 
0 5 5 0 0 0 
1 5 5 0 0 0 
2 5 5 0 0 0 
3 5 5 0 0 0 
4 5 5 0 0 0 
5 5 5 0 0 0 
6 5 5 0 0 0 
7 5 5 0 0 0 
8 5 5 0 0 0 
9 5 5 0 0 0 
10 5 5 0 0 0 
11 5 5 0 0 0 
12 5 5 0 0 0 
13 5 5 0 0 0 
14 5 5 0 0 0 
15 5 5 0 0 0 
0 6 6 0 0 0 
1 6 6 0 0 0 
2 6 6 0 0 0 
3 6 6 0 0 0 
4 6 6 0 0 0 
5 6 6 0 0 0 
6 6 6 0 0 0 
7 6 6 0 0 0 
8 6 6 0 0 0 
9 6 6 0 0 0 
10 6 6 0 0 0 
11 6 6 0 0 0 
12 6 6 0 0 0 
13 6 6 0 0 0 
14 6 6 0 0 0 
15 6 6 0 0 0 
0 7 7 0 0 0 
1 7 7 0 0 0 
2 7 7 0 0 0 
3 7 7 0 0 0 
4 7 7 0 0 0 
5 7 7 0 0 0 
6 7 7 0 0 0 
7 7 7 0 0 0 
8 7 7 0 0 0 
9 7 7 0 0 0 
10 7 7 0 0 0 
11 7 7 0 0 0 
12 7 7 0 0 0 
13 7 7 0 0 0 
14 7 7 0 0 0 
15 7 7 0 0 0 
0 8 8 0 0 0 
1 8 8 0 0 0 
2 8 8 0 0 0 
3 8 8 0 0 0 
4 8 8 0 0 0 
5 8 8 0 0 0 
6 8 8 0 0 0 
7 8 8 0 0 0 
8 8 8 0 0 0 
9 8 8 0 0 0 
10 8 8 0 0 0 
11 8 8 0 0 0 
12 8 8 0 0 0 
13 8 8 0 0 0 
14 8 8 0 0 0 
15 8 8 0 0 0 
0 9 9 0 0 0 
1 9 9 0 0 0 
2 9 9 0 0 0 
3 9 9 0 0 0 
4 9 9 0 0 0 
5 9 9 0 0 0 
6 9 9 0 0 0 
7 9 9 0 0 0 
8 9 9 0 0 0 
9 9 9 0 0 0 
10 9 9 0 0 0 
11 9 9 0 0 0 
12 9 9 0 0 0 
13 9 9 0 0 0 
14 9 9 0 0 0 
15 9 9 0 0 0 
0 10 10 0 0 0 
1 10 10 0 0 0 
2 10 10 0 0 0 
3 10 10 0 0 0 
4 10 10 0 0 0 
5 10 10 0 0 0 
6 10 10 0 0 0 
7 10 10 0 0 0 
8 10 10 0 0 0 
9 10 10 0 0 0 
10 10 10 0 0 0 
11 10 10 0 0 0 
12 10 10 0 0 0 
13 10 10 0 0 0 
14 10 10 0 0 0 
15 10 10 0 0 0 
0 11 11 0 0 0 
1 11 11 0 0 0 
2 11 11 0 0 0 
3 11 11 0 0 0 
4 11 11 0 0 0 
5 11 11 0 0 0 
6 11 11 0 0 0 
7 11 11 0 0 0 
8 11 11 0 0 0 
9 11 11 0 0 0 
10 11 11 0 0 0 
11 11 11 0 0 0 
12 11 11 0 0 0 
13 11 11 0 0 0 
14 11 11 0 0 0 
15 11 11 0 0 0 
0 12 12 0 0 0 
1 12 12 0 0 0 
2 12 12 0 0 0 
3 12 12 0 0 0 
4 12 12 0 0 0 
5 12 12 0 0 0 
6 12 12 0 0 0 
7 12 12 0 0 0 
8 12 12 0 0 0 
9 12 12 0 0 0 
10 12 12 0 0 0 
11 12 12 0 0 0 
12 12 12 0 0 0 
13 12 12 0 0 0 
14 12 12 0 0 0 
15 12 12 0 0 0 
0 13 13 0 0 0 
1 13 13 0 0 0 
2 13 13 0 0 0 
3 13 13 0 0 0 
4 13 13 0 0 0 
5 13 13 0 0 0 
6 13 13 0 0 0 
7 13 13 0 0 0 
8 13 13 0 0 0 
9 13 13 0 0 0 
10 13 13 0 0 0 
11 13 13 0 0 0 
12 13 13 0 0 0 
13 13 13 0 0 0 
14 13 13 0 0 0 
15 13 13 0 0 0 
0 14 14 0 0 0 
1 14 14 0 0 0 
2 14 14 0 0 0 
3 14 14 0 0 0 
4 14 14 0 0 0 
5 14 14 0 0 0 
6 14 14 0 0 0 
7 14 14 0 0 0 
8 14 14 0 0 0 
9 14 14 0 0 0 
10 14 14 0 0 0 
11 14 14 0 0 0 
12 14 14 0 0 0 
13 14 14 0 0 0 
14 14 14 0 0 0 
15 14 14 0 0 0 
0 15 15 0 0 0 
1 15 15 0 0 0 
2 15 15 0 0 0 
3 15 15 0 0 0 
4 15 15 0 0 0 
5 15 15 0 0 0 
6 15 15 0 0 0 
7 15 15 0 0 0 
8 15 15 0 0 0 
9 15 15 0 0 0 
10 15 15 0 0 0 
11 15 15 0 0 0 
12 15 15 0 0 0 
13 15 15 0 0 0 
14 15 15 0 0 0 
15 15 15 0 0 0 
0 0 0 0 0 0 
1 0 0 0 0 0 
2 0 0 0 0 0 
3 0 0 0 0 0 
4 0 0 0 0 0 
5 0 0 0 0 0 
6 0 0 0 0 0 
7 0 0 0 0 0 
8 0 0 0 0 0 
9 0 0 0 0 0 
10 0 0 0 0 0 
11 0 0 0 0 0 
12 0 0 0 0 0 
13 0 0 0 0 0 
14 0 0 0 0 0 
15 0 0 0 0 0 
0 1 1 0 0 0 
1 1 1 0 0 0 
2 1 1 0 0 0 
3 1 1 0 0 0 
4 1 1 0 0 0 
5 1 1 0 0 0 
6 1 1 0 0 0 
7 1 1 0 0 0 
8 1 1 0 0 0 
9 1 1 0 0 0 
10 1 1 0 0 0 
11 1 1 0 0 0 
12 1 1 0 0 0 
13 1 1 0 0 0 
14 1 1 0 0 0 
15 1 1 0 0 0 
0 2 2 0 0 0 
1 2 2 0 0 0 
2 2 2 0 0 0 
3 2 2 0 0 0 
4 2 2 0 0 0 
5 2 2 0 0 0 
6 2 2 0 0 0 
7 2 2 0 0 0 
8 2 2 0 0 0 
9 2 2 0 0 0 
10 2 2 0 0 0 
11 2 2 0 0 0 
12 2 2 0 0 0 
13 2 2 0 0 0 
14 2 2 0 0 0 
15 2 2 0 0 0 
0 3 3 0 0 0 
1 3 3 0 0 0 
2 3 3 0 0 0 
3 3 3 0 0 0 
4 3 3 0 0 0 
5 3 3 0 0 0 
6 3 3 0 0 0 
7 3 3 0 0 0 
8 3 3 0 0 0 
9 3 3 0 0 0 
10 3 3 0 0 0 
11 3 3 0 0 0 
12 3 3 0 0 0 
13 3 3 0 0 0 
14 3 3 0 0 0 
15 3 3 0 0 0 
0 4 4 0 0 0 
1 4 4 0 0 0 
2 4 4 0 0 0 
3 4 4 0 0 0 
4 4 4 0 0 0 
5 4 4 0 0 0 
6 4 4 0 0 0 
7 4 4 0 0 0 
8 4 4 0 0 0 
9 4 4 0 0 0 
10 4 4 0 0 0 
11 4 4 0 0 0 
12 4 4 0 0 0 
13 4 4 0 0 0 
14 4 4 0 0 0 
15 4 4 0 0 0 
0 5 5 0 0 0 
1 5 5 0 0 0 
2 5 5 0 0 0 
3 5 5 0 0 0 
4 5 5 0 0 0 
5 5 5 0 0 0 
6 5 5 0 0 0 
7 5 5 0 0 0 
8 5 5 0 0 0 
9 5 5 0 0 0 
10 5 5 0 0 0 
11 5 5 0 0 0 
12 5 5 0 0 0 
13 5 5 0 0 0 
14 5 5 0 0 0 
15 5 5 0 0 0 
0 6 6 0 0 0 
1 6 6 0 0 0 
2 6 6 0 0 0 
3 6 6 0 0 0 
4 6 6 0 0 0 
5 6 6 0 0 0 
6 6 6 0 0 0 
7 6 6 0 0 0 
8 6 6 0 0 0 
9 6 6 0 0 0 
10 6 6 0 0 0 
11 6 6 0 0 0 
12 6 6 0 0 0 
13 6 6 0 0 0 
14 6 6 0 0 0 
15 6 6 0 0 0 
0 7 7 0 0 0 
1 7 7 0 0 0 
2 7 7 0 0 0 
3 7 7 0 0 0 
4 7 7 0 0 0 
5 7 7 0 0 0 
6 7 7 0 0 0 
7 7 7 0 0 0 
8 7 7 0 0 0 
9 7 7 0 0 0 
10 7 7 0 0 0 
11 7 7 0 0 0 
12 7 7 0 0 0 
13 7 7 0 0 0 
14 7 7 0 0 0 
15 7 7 0 0 0 
0 8 8 0 0 0 
1 8 8 0 0 0 
2 8 8 0 0 0 
3 8 8 0 0 0 
4 8 8 0 0 0 
5 8 8 0 0 0 
6 8 8 0 0 0 
7 8 8 0 0 0 
8 8 8 0 0 0 
9 8 8 0 0 0 
10 8 8 0 0 0 
11 8 8 0 0 0 
12 8 8 0 0 0 
13 8 8 0 0 0 
14 8 8 0 0 0 
15 8 8 0 0 0 
0 9 9 0 0 0 
1 9 9 0 0 0 
2 9 9 0 0 0 
3 9 9 0 0 0 
4 9 9 0 0 0 
5 9 9 0 0 0 
6 9 9 0 0 0 
7 9 9 0 0 0 
8 9 9 0 0 0 
9 9 9 0 0 0 
10 9 9 0 0 0 
11 9 9 0 0 0 
12 9 9 0 0 0 
13 9 9 0 0 0 
14 9 9 0 0 0 
15 9 9 0 0 0 
0 10 10 0 0 0 
1 10 10 0 0 0 
2 10 10 0 0 0 
3 10 10 0 0 0 
4 10 10 0 0 0 
5 10 10 0 0 0 
6 10 10 0 0 0 
7 10 10 0 0 0 
8 10 10 0 0 0 
9 10 10 0 0 0 
10 10 10 0 0 0 
11 10 10 0 0 0 
12 10 10 0 0 0 
13 10 10 0 0 0 
14 10 10 0 0 0 
15 10 10 0 0 0 
0 11 11 0 0 0 
1 11 11 0 0 0 
2 11 11 0 0 0 
3 11 11 0 0 0 
4 11 11 0 0 0 
5 11 11 0 0 0 
6 11 11 0 0 0 
7 11 11 0 0 0 
8 11 11 0 0 0 
9 11 11 0 0 0 
10 11 11 0 0 0 
11 11 11 0 0 0 
12 11 11 0 0 0 
13 11 11 0 0 0 
14 11 11 0 0 0 
15 11 11 0 0 0 
0 12 12 0 0 0 
1 12 12 0 0 0 
2 12 12 0 0 0 
3 12 12 0 0 0 
4 12 12 0 0 0 
5 12 12 0 0 0 
6 12 12 0 0 0 
7 12 12 0 0 0 
8 12 12 0 0 0 
9 12 12 0 0 0 
10 12 12 0 0 0 
11 12 12 0 0 0 
12 12 12 0 0 0 
13 12 12 0 0 0 
14 12 12 0 0 0 
15 12 12 0 0 0 
0 13 13 0 0 0 
1 13 13 0 0 0 
2 13 13 0 0 0 
3 13 13 0 0 0 
4 13 13 0 0 0 
5 13 13 0 0 0 
6 13 13 0 0 0 
7 13 13 0 0 0 
8 13 13 0 0 0 
9 13 13 0 0 0 
10 13 13 0 0 0 
11 13 13 0 0 0 
12 13 13 0 0 0 
13 13 13 0 0 0 
14 13 13 0 0 0 
15 13 13 0 0 0 
0 14 14 0 0 0 
1 14 14 0 0 0 
2 14 14 0 0 0 
3 14 14 0 0 0 
4 14 14 0 0 0 
5 14 14 0 0 0 
6 14 14 0 0 0 
7 14 14 0 0 0 
8 14 14 0 0 0 
9 14 14 0 0 0 
10 14 14 0 0 0 
11 14 14 0 0 0 
12 14 14 0 0 0 
13 14 14 0 0 0 
14 14 14 0 0 0 
15 14 14 0 0 0 
0 15 15 0 0 0 
1 15 15 0 0 0 
2 15 15 0 0 0 
3 15 15 0 0 0 
4 15 15 0 0 0 
5 15 15 0 0 0 
6 15 15 0 0 0 
7 15 15 0 0 0 
8 15 15 0 0 0 
9 15 15 0 0 0 
10 15 15 0 0 0 
11 15 15 0 0 0 
12 15 15 0 0 0 
13 15 15 0 0 0 
14 15 15 0 0 0 
15 15 15 0 0 0 
0 0 0 0 0 0 
1 0 0 0 0 0 
2 0 0 0 0 0 
3 0 0 0 0 0 
4 0 0 0 0 0 
5 0 0 0 0 0 
6 0 0 0 0 0 
7 0 0 0 0 0 
8 0 0 0 0 0 
9 0 0 0 0 0 
10 0 0 0 0 0 
11 0 0 0 0 0 
12 0 0 0 0 0 
13 0 0 0 0 0 
14 0 0 0 0 0 
15 0 0 0 0 0 
0 1 1 0 0 0 
1 1 1 0 0 0 
2 1 1 0 0 0 
3 1 1 0 0 0 
4 1 1 0 0 0 
5 1 1 0 0 0 
6 1 1 0 0 0 
7 1 1 0 0 0 
8 1 1 0 0 0 
9 1 1 0 0 0 
10 1 1 0 0 0 
11 1 1 0 0 0 
12 1 1 0 0 0 
13 1 1 0 0 0 
14 1 1 0 0 0 
15 1 1 0 0 0 
0 2 2 0 0 0 
1 2 2 0 0 0 
2 2 2 0 0 0 
3 2 2 0 0 0 
4 2 2 0 0 0 
5 2 2 0 0 0 
6 2 2 0 0 0 
7 2 2 0 0 0 
8 2 2 0 0 0 
9 2 2 0 0 0 
10 2 2 0 0 0 
11 2 2 0 0 0 
12 2 2 0 0 0 
13 2 2 0 0 0 
14 2 2 0 0 0 
15 2 2 0 0 0 
0 3 3 0 0 0 
1 3 3 0 0 0 
2 3 3 0 0 0 
3 3 3 0 0 0 
4 3 3 0 0 0 
5 3 3 0 0 0 
6 3 3 0 0 0 
7 3 3 0 0 0 
8 3 3 0 0 0 
9 3 3 0 0 0 
10 3 3 0 0 0 
11 3 3 0 0 0 
12 3 3 0 0 0 
13 3 3 0 0 0 
14 3 3 0 0 0 
15 3 3 0 0 0 
0 4 4 0 0 0 
1 4 4 0 0 0 
2 4 4 0 0 0 
3 4 4 0 0 0 
4 4 4 0 0 0 
5 4 4 0 0 0 
6 4 4 0 0 0 
7 4 4 0 0 0 
8 4 4 0 0 0 
9 4 4 0 0 0 
10 4 4 0 0 0 
11 4 4 0 0 0 
12 4 4 0 0 0 
13 4 4 0 0 0 
14 4 4 0 0 0 
15 4 4 0 0 0 
0 5 5 0 0 0 
1 5 5 0 0 0 
2 5 5 0 0 0 
3 5 5 0 0 0 
4 5 5 0 0 0 
5 5 5 0 0 0 
6 5 5 0 0 0 
7 5 5 0 0 0 
8 5 5 0 0 0 
9 5 5 0 0 0 
10 5 5 0 0 0 
11 5 5 0 0 0 
12 5 5 0 0 0 
13 5 5 0 0 0 
14 5 5 0 0 0 
15 5 5 0 0 0 
0 6 6 0 0 0 
1 6 6 0 0 0 
2 6 6 0 0 0 
3 6 6 0 0 0 
4 6 6 0 0 0 
5 6 6 0 0 0 
6 6 6 0 0 0 
7 6 6 0 0 0 
8 6 6 0 0 0 
9 6 6 0 0 0 
10 6 6 0 0 0 
11 6 6 0 0 0 
12 6 6 0 0 0 
13 6 6 0 0 0 
14 6 6 0 0 0 
15 6 6 0 0 0 
0 7 7 0.129365 -0.000288013 6.72444e-05 
1 7 7 0.129634 -0.000273454 5.91366e-06 
2 7 7 0.130321 -0.000229367 -5.56364e-05 
3 7 7 0.131345 -0.000157008 -0.00010812 
4 7 7 0.132551 -7.71369e-05 -0.000140575 
5 7 7 0.133753 -5.98061e-06 -0.000146771 
6 7 7 0.134769 5.90518e-05 -0.00012986 
7 7 7 0.135485 0.000161542 -0.000108556 
8 7 7 0.136037 0.000399071 -0.000134498 
9 7 7 0.136777 0.000135728 -4.21087e-05 
10 7 7 0.136038 -0.000806335 0.000240645 
11 7 7 0.135207 -0.00039303 0.000104415 
12 7 7 0.135141 -6.79713e-05 3.16076e-05 
13 7 7 0.135025 -2.86531e-05 3.27741e-05 
14 7 7 0.134718 -6.48272e-05 0.00010462 
15 7 7 0.13259 -0.00103557 -0.00391751 
0 8 8 0.13934 -0.000356466 -3.40404e-05 
1 8 8 0.13967 -0.000327461 -9.66985e-05 
2 8 8 0.140451 -0.000280427 -0.000147717 
3 8 8 0.141579 -0.000204768 -0.000179006 
4 8 8 0.142894 -0.000115638 -0.000185691 
5 8 8 0.1442 -3.00926e-05 -0.00016697 
6 8 8 0.145315 4.78921e-05 -0.000127038 
7 8 8 0.146142 0.000134991 -7.56679e-05 
8 8 8 0.146745 0.000215813 -3.16141e-05 
9 8 8 0.14715 1.5252e-05 -1.11659e-05 
10 8 8 0.146791 -0.000421652 1.18299e-06 
11 8 8 0.146073 -0.00036399 1.01471e-05 
12 8 8 0.145712 -0.000143458 1.8837e-05 
13 8 8 0.145515 -6.22878e-05 2.44364e-05 
14 8 8 0.145207 -7.46241e-05 8.81432e-05 
15 8 8 0.14314 0.00066417 -0.00413742 
0 9 9 0 0 0 
1 9 9 0 0 0 
2 9 9 0 0 0 
3 9 9 0 0 0 
4 9 9 0 0 0 
5 9 9 0 0 0 
6 9 9 0 0 0 
7 9 9 0 0 0 
8 9 9 0 0 0 
9 9 9 0 0 0 
10 9 9 0 0 0 
11 9 9 0 0 0 
12 9 9 0 0 0 
13 9 9 0 0 0 
14 9 9 0 0 0 
15 9 9 0 0 0 
0 10 10 0 0 0 
1 10 10 0 0 0 
2 10 10 0 0 0 
3 10 10 0 0 0 
4 10 10 0 0 0 
5 10 10 0 0 0 
6 10 10 0 0 0 
7 10 10 0 0 0 
8 10 10 0 0 0 
9 10 10 0 0 0 
10 10 10 0 0 0 
11 10 10 0 0 0 
12 10 10 0 0 0 
13 10 10 0 0 0 
14 10 10 0 0 0 
15 10 10 0 0 0 
0 11 11 0 0 0 
1 11 11 0 0 0 
2 11 11 0 0 0 
3 11 11 0 0 0 
4 11 11 0 0 0 
5 11 11 0 0 0 
6 11 11 0 0 0 
7 11 11 0 0 0 
8 11 11 0 0 0 
9 11 11 0 0 0 
10 11 11 0 0 0 
11 11 11 0 0 0 
12 11 11 0 0 0 
13 11 11 0 0 0 
14 11 11 0 0 0 
15 11 11 0 0 0 
0 12 12 0 0 0 
1 12 12 0 0 0 
2 12 12 0 0 0 
3 12 12 0 0 0 
4 12 12 0 0 0 
5 12 12 0 0 0 
6 12 12 0 0 0 
7 12 12 0 0 0 
8 12 12 0 0 0 
9 12 12 0 0 0 
10 12 12 0 0 0 
11 12 12 0 0 0 
12 12 12 0 0 0 
13 12 12 0 0 0 
14 12 12 0 0 0 
15 12 12 0 0 0 
0 13 13 0 0 0 
1 13 13 0 0 0 
2 13 13 0 0 0 
3 13 13 0 0 0 
4 13 13 0 0 0 
5 13 13 0 0 0 
6 13 13 0 0 0 
7 13 13 0 0 0 
8 13 13 0 0 0 
9 13 13 0 0 0 
10 13 13 0 0 0 
11 13 13 0 0 0 
12 13 13 0 0 0 
13 13 13 0 0 0 
14 13 13 0 0 0 
15 13 13 0 0 0 
0 14 14 0 0 0 
1 14 14 0 0 0 
2 14 14 0 0 0 
3 14 14 0 0 0 
4 14 14 0 0 0 
5 14 14 0 0 0 
6 14 14 0 0 0 
7 14 14 0 0 0 
8 14 14 0 0 0 
9 14 14 0 0 0 
10 14 14 0 0 0 
11 14 14 0 0 0 
12 14 14 0 0 0 
13 14 14 0 0 0 
14 14 14 0 0 0 
15 14 14 0 0 0 
0 15 15 0 0 0 
1 15 15 0 0 0 
2 15 15 0 0 0 
3 15 15 0 0 0 
4 15 15 0 0 0 
5 15 15 0 0 0 
6 15 15 0 0 0 
7 15 15 0 0 0 
8 15 15 0 0 0 
9 15 15 0 0 0 
10 15 15 0 0 0 
11 15 15 0 0 0 
12 15 15 0 0 0 
13 15 15 0 0 0 
14 15 15 0 0 0 
15 15 15 0 0 0 
0 0 0 0 0 0 
1 0 0 0 0 0 
2 0 0 0 0 0 
3 0 0 0 0 0 
4 0 0 0 0 0 
5 0 0 0 0 0 
6 0 0 0 0 0 
7 0 0 0 0 0 
8 0 0 0 0 0 
9 0 0 0 0 0 
10 0 0 0 0 0 
11 0 0 0 0 0 
12 0 0 0 0 0 
13 0 0 0 0 0 
14 0 0 0 0 0 
15 0 0 0 0 0 
0 1 1 0 0 0 
1 1 1 0 0 0 
2 1 1 0 0 0 
3 1 1 0 0 0 
4 1 1 0 0 0 
5 1 1 0 0 0 
6 1 1 0 0 0 
7 1 1 0 0 0 
8 1 1 0 0 0 
9 1 1 0 0 0 
10 1 1 0 0 0 
11 1 1 0 0 0 
12 1 1 0 0 0 
13 1 1 0 0 0 
14 1 1 0 0 0 
15 1 1 0 0 0 
0 2 2 0 0 0 
1 2 2 0 0 0 
2 2 2 0 0 0 
3 2 2 0 0 0 
4 2 2 0 0 0 
5 2 2 0 0 0 
6 2 2 0 0 0 
7 2 2 0 0 0 
8 2 2 0 0 0 
9 2 2 0 0 0 
10 2 2 0 0 0 
11 2 2 0 0 0 
12 2 2 0 0 0 
13 2 2 0 0 0 
14 2 2 0 0 0 
15 2 2 0 0 0 
0 3 3 0 0 0 
1 3 3 0 0 0 
2 3 3 0 0 0 
3 3 3 0 0 0 
4 3 3 0 0 0 
5 3 3 0 0 0 
6 3 3 0 0 0 
7 3 3 0 0 0 
8 3 3 0 0 0 
9 3 3 0 0 0 
10 3 3 0 0 0 
11 3 3 0 0 0 
12 3 3 0 0 0 
13 3 3 0 0 0 
14 3 3 0 0 0 
15 3 3 0 0 0 
0 4 4 0 0 0 
1 4 4 0 0 0 
2 4 4 0 0 0 
3 4 4 0 0 0 
4 4 4 0 0 0 
5 4 4 0 0 0 
6 4 4 0 0 0 
7 4 4 0 0 0 
8 4 4 0 0 0 
9 4 4 0 0 0 
10 4 4 0 0 0 
11 4 4 0 0 0 
12 4 4 0 0 0 
13 4 4 0 0 0 
14 4 4 0 0 0 
15 4 4 0 0 0 
0 5 5 0.227594 -0.000569651 0.000418626 
1 5 5 0.228078 -0.000578399 0.00026597 
2 5 5 0.229264 -0.000531247 8.70146e-05 
3 5 5 0.230992 -0.000457342 -6.80867e-05 
4 5 5 0.232984 -0.000368586 -0.000170786 
5 5 5 0.234912 -0.000280375 -0.000203961 
6 5 5 0.236471 -0.000222307 -0.000155136 
7 5 5 0.237444 -0.000277549 1.26804e-05 
8 5 5 0.237927 -0.000753606 0.000487604 
9 5 5 0.239003 -0.0006306 0.000735904 
10 5 5 0.23733 0.00149899 -0.000952374 
11 5 5 0.236227 0.000383927 -0.000345939 
12 5 5 0.236484 -0.00018411 0.000144786 
13 5 5 0.236315 -0.000242777 0.000242002 
14 5 5 0.235827 -0.000119122 0.000297677 
15 5 5 0.233815 -0.00344242 -0.004497 
0 6 6 0.517575 -0.00128518 0.000386721 
1 6 6 0.519063 -0.00143017 -4.80759e-05 
2 6 6 0.521897 -0.00140701 -0.000516653 
3 6 6 0.525711 -0.00123228 -0.000887362 
4 6 6 0.529879 -0.000951797 -0.00107616 
5 6 6 0.533717 -0.000628249 -0.00104738 
6 6 6 0.536614 -0.000325735 -0.000808223 
7 6 6 0.538018 -9.2668e-05 -0.000344137 
8 6 6 0.536577 0.000237073 0.00110801 
9 6 6 0.543355 0.00230022 0.00575881 
10 6 6 0.533405 -0.001416 -0.00398758 
11 6 6 0.533231 -0.000763658 -0.00163926 
12 6 6 0.535559 -0.000455717 -1.1876e-05 
13 6 6 0.53534 -0.000395057 0.000364241 
14 6 6 0.534488 -0.000259588 0.000630768 
15 6 6 0.534756 -0.00373711 -0.00666621 
0 7 7 0.847341 -0.00188898 -0.000323128 
1 7 7 0.850176 -0.00203156 -0.00139066 
2 7 7 0.854839 -0.00200209 -0.00226529 
3 7 7 0.860751 -0.00170136 -0.00281409 
4 7 7 0.867044 -0.00118933 -0.00293265 
5 7 7 0.872755 -0.00059013 -0.00260526 
6 7 7 0.877063 8.13318e-07 -0.00192601 
7 7 7 0.879455 0.000649241 -0.00106171 
8 7 7 0.87992 0.00199987 -7.1361e-05 
9 7 7 0.880958 0.00302051 0.00126465 
10 7 7 0.879151 -0.00252185 0.000798782 
11 7 7 0.875731 -0.0025834 0.000438481 
12 7 7 0.87497 -0.00114137 0.000521824 
13 7 7 0.874268 -0.000598319 0.000548646 
14 7 7 0.873497 -0.000497501 0.00079057 
15 7 7 0.875272 -0.00241213 -0.00827856 
0 8 8 0.892569 -0.00185446 -0.00108088 
1 8 8 0.89573 -0.00167374 -0.00230707 
2 8 8 0.90087 -0.00139747 -0.00318959 
3 8 8 0.907227 -0.00097719 -0.00361323 
4 8 8 0.913912 -0.000452873 -0.00352143 
5 8 8 0.919987 7.31416e-05 -0.00295421 
6 8 8 0.924677 0.00051791 -0.00205883 
7 8 8 0.927625 0.000880311 -0.0010499 
8 8 8 0.929087 0.00115653 -0.000155705 
9 8 8 0.929613 0.000765482 0.000426078 
10 8 8 0.92846 -0.000708505 0.000649213 
11 8 8 0.925794 -0.0014898 0.000668485 
12 8 8 0.923567 -0.00125408 0.000599394 
13 8 8 0.922224 -0.000875221 0.000480724 
14 8 8 0.921468 -0.000743889 0.000610628 
15 8 8 0.92364 0.000591616 -0.00866568 
0 9 9 0.596196 -0.00120169 -0.000920719 
1 9 9 0.598396 -0.000873413 -0.00148886 
2 9 9 0.602084 -0.00049769 -0.00185812 
3 9 9 0.606681 -0.000114959 -0.00198024 
4 9 9 0.611534 0.000230586 -0.00184284 
5 9 9 0.615982 0.000484149 -0.00148287 
6 9 9 0.619494 0.000614029 -0.000988309 
7 9 9 0.621812 0.000617762 -0.000474388 
8 9 9 0.622978 0.000472213 -6.07387e-05 
9 9 9 0.623141 9.58402e-05 0.000158543 
10 9 9 0.622376 -0.000435 0.00018783 
11 9 9 0.621001 -0.000773966 0.000144131 
12 9 9 0.619619 -0.000793393 0.000105124 
13 9 9 0.618595 -0.000668544 6.85557e-05 
14 9 9 0.617896 -0.000650537 0.000224563 
15 9 9 0.618758 0.00277606 -0.00763553 
0 10 10 0.256975 -0.000493949 -0.00036449 
1 10 10 0.257788 -0.000323213 -0.000471327 
2 10 10 0.259383 -0.000137762 -0.000525079 
3 10 10 0.261507 3.44395e-05 -0.00052174 
4 10 10 0.263854 0.000170308 -0.000463534 
5 10 10 0.266095 0.00025179 -0.000360106 
6 10 10 0.26795 0.000269473 -0.00023473 
7 10 10 0.269251 0.000226385 -0.000115986 
8 10 10 0.269956 0.000126124 -3.41913e-05 
9 10 10 0.27011 -2.44911e-05 -7.93052e-06 
10 10 10 0.269816 -0.000181756 -2.48042e-05 
11 10 10 0.269259 -0.000277227 -4.79519e-05 
12 10 10 0.268655 -0.00028933 -5.70643e-05 
13 10 10 0.268144 -0.000258918 -5.55372e-05 
14 10 10 0.267641 -0.000303846 4.16575e-05 
15 10 10 0.266243 0.00323664 -0.00497057 
0 11 11 0 0 0 
1 11 11 0 0 0 
2 11 11 0 0 0 
3 11 11 0 0 0 
4 11 11 0 0 0 
5 11 11 0 0 0 
6 11 11 0 0 0 
7 11 11 0 0 0 
8 11 11 0 0 0 
9 11 11 0 0 0 
10 11 11 0 0 0 
11 11 11 0 0 0 
12 11 11 0 0 0 
13 11 11 0 0 0 
14 11 11 0 0 0 
15 11 11 0 0 0 
0 12 12 0 0 0 
1 12 12 0 0 0 
2 12 12 0 0 0 
3 12 12 0 0 0 
4 12 12 0 0 0 
5 12 12 0 0 0 
6 12 12 0 0 0 
7 12 12 0 0 0 
8 12 12 0 0 0 
9 12 12 0 0 0 
10 12 12 0 0 0 
11 12 12 0 0 0 
12 12 12 0 0 0 
13 12 12 0 0 0 
14 12 12 0 0 0 
15 12 12 0 0 0 
0 13 13 0 0 0 
1 13 13 0 0 0 
2 13 13 0 0 0 
3 13 13 0 0 0 
4 13 13 0 0 0 
5 13 13 0 0 0 
6 13 13 0 0 0 
7 13 13 0 0 0 
8 13 13 0 0 0 
9 13 13 0 0 0 
10 13 13 0 0 0 
11 13 13 0 0 0 
12 13 13 0 0 0 
13 13 13 0 0 0 
14 13 13 0 0 0 
15 13 13 0 0 0 
0 14 14 0 0 0 
1 14 14 0 0 0 
2 14 14 0 0 0 
3 14 14 0 0 0 
4 14 14 0 0 0 
5 14 14 0 0 0 
6 14 14 0 0 0 
7 14 14 0 0 0 
8 14 14 0 0 0 
9 14 14 0 0 0 
10 14 14 0 0 0 
11 14 14 0 0 0 
12 14 14 0 0 0 
13 14 14 0 0 0 
14 14 14 0 0 0 
15 14 14 0 0 0 
0 15 15 0 0 0 
1 15 15 0 0 0 
2 15 15 0 0 0 
3 15 15 0 0 0 
4 15 15 0 0 0 
5 15 15 0 0 0 
6 15 15 0 0 0 
7 15 15 0 0 0 
8 15 15 0 0 0 
9 15 15 0 0 0 
10 15 15 0 0 0 
11 15 15 0 0 0 
12 15 15 0 0 0 
13 15 15 0 0 0 
14 15 15 0 0 0 
15 15 15 0 0 0 
0 0 0 0 0 0 
1 0 0 0 0 0 
2 0 0 0 0 0 
3 0 0 0 0 0 
4 0 0 0 0 0 
5 0 0 0 0 0 
6 0 0 0 0 0 
7 0 0 0 0 0 
8 0 0 0 0 0 
9 0 0 0 0 0 
10 0 0 0 0 0 
11 0 0 0 0 0 
12 0 0 0 0 0 
13 0 0 0 0 0 
14 0 0 0 0 0 
15 0 0 0 0 0 
0 1 1 0 0 0 
1 1 1 0 0 0 
2 1 1 0 0 0 
3 1 1 0 0 0 
4 1 1 0 0 0 
5 1 1 0 0 0 
6 1 1 0 0 0 
7 1 1 0 0 0 
8 1 1 0 0 0 
9 1 1 0 0 0 
10 1 1 0 0 0 
11 1 1 0 0 0 
12 1 1 0 0 0 
13 1 1 0 0 0 
14 1 1 0 0 0 
15 1 1 0 0 0 
0 2 2 0 0 0 
1 2 2 0 0 0 
2 2 2 0 0 0 
3 2 2 0 0 0 
4 2 2 0 0 0 
5 2 2 0 0 0 
6 2 2 0 0 0 
7 2 2 0 0 0 
8 2 2 0 0 0 
9 2 2 0 0 0 
10 2 2 0 0 0 
11 2 2 0 0 0 
12 2 2 0 0 0 
13 2 2 0 0 0 
14 2 2 0 0 0 
15 2 2 0 0 0 
0 3 3 0 0 0 
1 3 3 0 0 0 
2 3 3 0 0 0 
3 3 3 0 0 0 
4 3 3 0 0 0 
5 3 3 0 0 0 
6 3 3 0 0 0 
7 3 3 0 0 0 
8 3 3 0 0 0 
9 3 3 0 0 0 
10 3 3 0 0 0 
11 3 3 0 0 0 
12 3 3 0 0 0 
13 3 3 0 0 0 
14 3 3 0 0 0 
15 3 3 0 0 0 
0 4 4 0.216743 -0.000194266 0.000409444 
1 4 4 0.217165 -0.000304006 0.000314828 
2 4 4 0.218295 -0.000350664 0.000164962 
3 4 4 0.219938 -0.00035841 2.243e-05 
4 4 4 0.221837 -0.000337415 -7.49291e-05 
5 4 4 0.223698 -0.000295339 -0.000108663 
6 4 4 0.225257 -0.000246777 -7.13493e-05 
7 4 4 0.226373 -0.000213815 3.25937e-05 
8 4 4 0.227076 -0.000187152 0.000144324 
9 4 4 0.227373 -3.70606e-05 6.89222e-05 
10 4 4 0.226908 0.000211041 -0.000162882 
11 4 4 0.225999 0.000211704 -0.000121329 
12 4 4 0.225327 6.56457e-05 8.21934e-05 
13 4 4 0.224894 -2.53002e-05 0.000199573 
14 4 4 0.224413 4.55779e-05 0.000262988 
15 4 4 0.222388 -0.00460022 -0.00302355 
0 5 5 0.778172 -0.00105581 0.000920669 
1 5 5 0.78037 -0.00192335 0.000326117 
2 5 5 0.784486 -0.00235512 -0.000396882 
3 5 5 0.789858 -0.0024346 -0.00100903 
4 5 5 0.795642 -0.00221614 -0.00135102 
5 5 5 0.80093 -0.0017732 -0.001354 
6 5 5 0.804958 -0.00123683 -0.00101724 
7 5 5 0.80734 -0.000807709 -0.000365116 
8 5 5 0.80836 -0.000710376 0.000575469 
9 5 5 0.808993 -0.000331455 0.00100666 
10 5 5 0.807454 0.00126809 -0.000240714 
11 5 5 0.804197 0.00136875 -0.00035918 
12 5 5 0.802211 0.000585428 0.000354282 
13 5 5 0.801026 4.40463e-05 0.000791873 
14 5 5 0.800143 4.24019e-05 0.00102992 
15 5 5 0.801911 -0.0064129 -0.00541569 
0 6 6 1.42503 -0.00112189 -0.00054703 
1 6 6 1.42667 -0.00347311 -0.00248678 
2 6 6 1.43066 -0.00497746 -0.00428529 
3 6 6 1.43649 -0.00555511 -0.00555056 
4 6 6 1.44328 -0.00521142 -0.00596562 
5 6 6 1.44986 -0.00408899 -0.00541426 
6 6 6 1.45506 -0.00250193 -0.0040164 
7 6 6 1.45801 -0.000888852 -0.0020165 
8 6 6 1.45856 0.000311874 0.000626278 
9 6 6 1.45863 0.00114453 0.00315177 
10 6 6 1.45723 0.00206105 0.00102802 
11 6 6 1.45338 0.00198967 8.59564e-05 
12 6 6 1.45122 0.00125977 0.000871013 
13 6 6 1.44973 0.00050622 0.00137112 
14 6 6 1.44871 -9.14032e-06 0.00150766 
15 6 6 1.45004 -0.00452254 -0.00531435 
0 7 7 1.73742 0.000747728 -0.00204366 
1 7 7 1.73669 -0.00140445 -0.00588888 
2 7 7 1.73744 -0.00303273 -0.0089903 
3 7 7 1.73971 -0.00391798 -0.0109132 
4 7 7 1.74333 -0.00391841 -0.0112864 
5 7 7 1.74769 -0.00307034 -0.00999035 
6 7 7 1.75185 -0.00160872 -0.00731204 
7 7 7 1.75486 0.000120269 -0.00389077 
8 7 7 1.75633 0.00184676 -0.000384786 
9 7 7 1.75704 0.00296431 0.00229919 
10 7 7 1.7566 0.00218227 0.00266961 
11 7 7 1.75446 0.00113398 0.00247254 
12 7 7 1.75264 0.000680585 0.00242282 
13 7 7 1.75134 0.000362761 0.00209663 
14 7 7 1.75049 -8.22191e-06 0.00144101 
15 7 7 1.75023 -0.00186036 -0.00505202 
0 8 8 1.75962 0.00179319 -0.00253811 
1 8 8 1.7593 0.00127256 -0.00705723 
2 8 8 1.76026 0.00095272 -0.0105564 
3 8 8 1.76253 0.000813817 -0.0125744 
4 8 8 1.76599 0.00086623 -0.0127642 
5 8 8 1.77017 0.00108793 -0.011075 
6 8 8 1.77432 0.00141426 -0.00791667 
7 8 8 1.77763 0.00177132 -0.00411371 
8 8 8 1.77972 0.00206105 -0.000606885 
9 8 8 1.78073 0.00197257 0.0018552 
10 8 8 1.78065 0.00121869 0.00298435 
11 8 8 1.77957 0.000327511 0.00316228 
12 8 8 1.77818 -0.00022825 0.00280107 
13 8 8 1.77701 -0.000458181 0.00208724 
14 8 8 1.7764 -0.000488854 0.00108092 
15 8 8 1.77635 0.000465261 -0.00555702 
0 9 9 1.49545 0.00104903 -0.0028107 
1 9 9 1.49808 0.00197758 -0.00593219 
2 9 9 1.50266 0.0028552 -0.00813927 
3 9 9 1.50871 0.0034899 -0.00915958 
4 9 9 1.51552 0.00375176 -0.00884846 
5 9 9 1.52217 0.00359577 -0.00730184 
6 9 9 1.52774 0.00307811 -0.00492089 
7 9 9 1.5316 0.00234017 -0.00231846 
8 9 9 1.53362 0.00151985 -0.000100844 
9 9 9 1.53409 0.000661066 0.00134229 
10 9 9 1.53341 -0.000197509 0.00194309 
11 9 9 1.532 -0.000870251 0.00190293 
12 9 9 1.53039 -0.001201 0.0014965 
13 9 9 1.52905 -0.00120975 0.000926196 
14 9 9 1.52843 -0.00103478 0.000343356 
15 9 9 1.52985 0.00283446 -0.00661147 
0 10 10 0.934888 -0.000129202 -0.00177799 
1 10 10 0.938446 0.000731246 -0.00274883 
2 10 10 0.943985 0.00150646 -0.00331575 
3 10 10 0.950755 0.00205752 -0.00343418 
4 10 10 0.957829 0.00229233 -0.00311037 
5 10 10 0.964261 0.00218816 -0.00242693 
6 10 10 0.969299 0.00179593 -0.00155174 
7 10 10 0.972557 0.00122646 -0.000691557 
8 10 10 0.974064 0.000598263 -2.86414e-05 
9 10 10 0.974129 -2.24589e-06 0.000337806 
10 10 10 0.973182 -0.000501843 0.000420051 
11 10 10 0.971693 -0.000820945 0.000318604 
12 10 10 0.970113 -0.000923218 0.000144897 
13 10 10 0.968793 -0.000863013 -2.45982e-05 
14 10 10 0.967945 -0.000916492 4.2779e-05 
15 10 10 0.970728 0.00567099 -0.00675005 
0 11 11 0.275371 -0.000197674 -0.000431541 
1 11 11 0.276313 -2.0792e-05 -0.000516975 
2 11 11 0.278066 0.000148891 -0.000541303 
3 11 11 0.280372 0.000282489 -0.0005109 
4 11 11 0.282899 0.000359018 -0.000434067 
5 11 11 0.285296 0.000369908 -0.00032452 
6 11 11 0.287266 0.000318406 -0.000204961 
7 11 11 0.288627 0.00022206 -0.000101045 
8 11 11 0.28934 0.000103782 -3.50093e-05 
9 11 11 0.289481 -1.51798e-05 -1.59673e-05 
10 11 11 0.2892 -0.000113314 -3.32281e-05 
11 11 11 0.288682 -0.000173369 -6.22038e-05 
12 11 11 0.288102 -0.000190086 -8.46722e-05 
13 11 11 0.28758 -0.00017901 -9.26105e-05 
14 11 11 0.287062 -0.000255176 -6.21793e-06 
15 11 11 0.285782 0.00485856 -0.0036996 
0 12 12 0 0 0 
1 12 12 0 0 0 
2 12 12 0 0 0 
3 12 12 0 0 0 
4 12 12 0 0 0 
5 12 12 0 0 0 
6 12 12 0 0 0 
7 12 12 0 0 0 
8 12 12 0 0 0 
9 12 12 0 0 0 
10 12 12 0 0 0 
11 12 12 0 0 0 
12 12 12 0 0 0 
13 12 12 0 0 0 
14 12 12 0 0 0 
15 12 12 0 0 0 
0 13 13 0 0 0 
1 13 13 0 0 0 
2 13 13 0 0 0 
3 13 13 0 0 0 
4 13 13 0 0 0 
5 13 13 0 0 0 
6 13 13 0 0 0 
7 13 13 0 0 0 
8 13 13 0 0 0 
9 13 13 0 0 0 
10 13 13 0 0 0 
11 13 13 0 0 0 
12 13 13 0 0 0 
13 13 13 0 0 0 
14 13 13 0 0 0 
15 13 13 0 0 0 
0 14 14 0 0 0 
1 14 14 0 0 0 
2 14 14 0 0 0 
3 14 14 0 0 0 
4 14 14 0 0 0 
5 14 14 0 0 0 
6 14 14 0 0 0 
7 14 14 0 0 0 
8 14 14 0 0 0 
9 14 14 0 0 0 
10 14 14 0 0 0 
11 14 14 0 0 0 
12 14 14 0 0 0 
13 14 14 0 0 0 
14 14 14 0 0 0 
15 14 14 0 0 0 
0 15 15 0 0 0 
1 15 15 0 0 0 
2 15 15 0 0 0 
3 15 15 0 0 0 
4 15 15 0 0 0 
5 15 15 0 0 0 
6 15 15 0 0 0 
7 15 15 0 0 0 
8 15 15 0 0 0 
9 15 15 0 0 0 
10 15 15 0 0 0 
11 15 15 0 0 0 
12 15 15 0 0 0 
13 15 15 0 0 0 
14 15 15 0 0 0 
15 15 15 0 0 0 
0 0 0 0 0 0 
1 0 0 0 0 0 
2 0 0 0 0 0 
3 0 0 0 0 0 
4 0 0 0 0 0 
5 0 0 0 0 0 
6 0 0 0 0 0 
7 0 0 0 0 0 
8 0 0 0 0 0 
9 0 0 0 0 0 
10 0 0 0 0 0 
11 0 0 0 0 0 
12 0 0 0 0 0 
13 0 0 0 0 0 
14 0 0 0 0 0 
15 0 0 0 0 0 
0 1 1 0 0 0 
1 1 1 0 0 0 
2 1 1 0 0 0 
3 1 1 0 0 0 
4 1 1 0 0 0 
5 1 1 0 0 0 
6 1 1 0 0 0 
7 1 1 0 0 0 
8 1 1 0 0 0 
9 1 1 0 0 0 
10 1 1 0 0 0 
11 1 1 0 0 0 
12 1 1 0 0 0 
13 1 1 0 0 0 
14 1 1 0 0 0 
15 1 1 0 0 0 
0 2 2 0 0 0 
1 2 2 0 0 0 
2 2 2 0 0 0 
3 2 2 0 0 0 
4 2 2 0 0 0 
5 2 2 0 0 0 
6 2 2 0 0 0 
7 2 2 0 0 0 
8 2 2 0 0 0 
9 2 2 0 0 0 
10 2 2 0 0 0 
11 2 2 0 0 0 
12 2 2 0 0 0 
13 2 2 0 0 0 
14 2 2 0 0 0 
15 2 2 0 0 0 
0 3 3 0 0 0 
1 3 3 0 0 0 
2 3 3 0 0 0 
3 3 3 0 0 0 
4 3 3 0 0 0 
5 3 3 0 0 0 
6 3 3 0 0 0 
7 3 3 0 0 0 
8 3 3 0 0 0 
9 3 3 0 0 0 
10 3 3 0 0 0 
11 3 3 0 0 0 
12 3 3 0 0 0 
13 3 3 0 0 0 
14 3 3 0 0 0 
15 3 3 0 0 0 
0 4 4 0.498916 -0.00013237 0.000566994 
1 4 4 0.500169 -0.000658239 0.000407921 
2 4 4 0.502896 -0.00102332 0.000153606 
3 4 4 0.506566 -0.00120907 -0.000100957 
4 4 4 0.510572 -0.00121485 -0.000273028 
5 4 4 0.514294 -0.00106155 -0.000318841 
6 4 4 0.517231 -0.000799398 -0.000233772 
7 4 4 0.519121 -0.000498832 -5.35367e-05 
8 4 4 0.519976 -0.000205995 0.000121603 
9 4 4 0.519911 9.47549e-05 0.00013714 
10 4 4 0.518976 0.000368365 -1.06643e-06 
11 4 4 0.51748 0.000473184 -2.64434e-05 
12 4 4 0.516025 0.00039183 0.000127051 
13 4 4 0.514925 0.00025973 0.000288274 
14 4 4 0.51407 0.000359798 0.000431975 
15 4 4 0.514195 -0.00698314 -0.00278807 
0 5 5 1.40238 -0.000165089 0.000311836 
1 5 5 1.4036 -0.00324472 -0.00068735 
2 5 5 1.40761 -0.00551813 -0.00172224 
3 5 5 1.41356 -0.0067228 -0.00257854 
4 5 5 1.42041 -0.00675819 -0.00301136 
5 5 5 1.42697 -0.00571795 -0.00288286 
6 5 5 1.43213 -0.00393215 -0.00221247 
7 5 5 1.4352 -0.00190874 -0.00116537 
8 5 5 1.43616 -0.000126002 -2.90273e-05 
9 5 5 1.4355 0.00124972 0.000729148 
10 5 5 1.43343 0.00225496 0.000803832 
11 5 5 1.43031 0.00267568 0.00070722 
12 5 5 1.42713 0.00242809 0.000844485 
13 5 5 1.42467 0.00178216 0.00107267 
14 5 5 1.42331 0.00115663 0.00121633 
15 5 5 1.42478 -0.00620401 -0.00283815 
0 6 6 2.00867 0.0032258 -0.00132879 
1 6 6 2.00365 -0.00187143 -0.00414778 
2 6 6 1.99892 -0.00618863 -0.00656506 
3 6 6 1.99507 -0.00915079 -0.00828575 
4 6 6 1.99265 -0.0103147 -0.00894854 
5 6 6 1.99191 -0.00949273 -0.0083034 
6 6 6 1.99255 -0.00693806 -0.00641018 
7 6 6 1.99383 -0.00340744 -0.00371183 
8 6 6 1.99499 9.31034e-05 -0.000897596 
9 6 6 1.99574 0.00279476 0.00118462 
10 6 6 1.99567 0.00441756 0.00196841 
11 6 6 1.99465 0.00499661 0.00208699 
12 6 6 1.99329 0.00471071 0.00208359 
13 6 6 1.99199 0.00379452 0.00194344 
14 6 6 1.9909 0.00241765 0.00151506 
15 6 6 1.98962 -0.00219231 -0.0021214 
0 7 7 2.35374 0.0068279 -0.000582565 
1 7 7 2.34758 0.00341342 -0.00547066 
2 7 7 2.33773 0.00011606 -0.0097438 
3 7 7 2.3255 -0.0026393 -0.0129458 
4 7 7 2.31267 -0.00443092 -0.014532 
5 7 7 2.30122 -0.00491556 -0.0140255 
6 7 7 2.2928 -0.00398624 -0.0113402 
7 7 7 2.28816 -0.00193347 -0.00707933 
8 7 7 2.28702 0.000576244 -0.00245959 
9 7 7 2.28841 0.00274978 0.00117209 
10 7 7 2.29098 0.00406601 0.0030916 
11 7 7 2.29361 0.00457152 0.00372027 
12 7 7 2.29598 0.00448019 0.00363926 
13 7 7 2.29783 0.00392458 0.00306245 
14 7 7 2.29885 0.00300604 0.00200216 
15 7 7 2.29856 0.000949087 -0.00177191 
0 8 8 2.37372 0.00670661 0.000458727 
1 8 8 2.36907 0.00695167 -0.00521076 
2 8 8 2.36012 0.00685948 -0.0102036 
3 8 8 2.34816 0.00648438 -0.0139637 
4 8 8 2.33503 0.00585005 -0.0158718 
5 8 8 2.3229 0.0049902 -0.0154042 
6 8 8 2.3137 0.00400384 -0.012483 
7 8 8 2.30851 0.00307601 -0.0078061 
8 8 8 2.30723 0.00239871 -0.00275241 
9 8 8 2.30891 0.00200414 0.00128935 
10 8 8 2.31223 0.0017826 0.00364543 
11 8 8 2.31607 0.00168097 0.00448995 
12 8 8 2.31974 0.00165409 0.00430403 
13 8 8 2.32282 0.00163482 0.00344732 
14 8 8 2.32492 0.00164033 0.00204765 
15 8 8 2.32551 0.002317 -0.00200108 
0 9 9 2.07105 0.00545597 -0.000924011 
1 9 9 2.06869 0.00816532 -0.00552571 
2 9 9 2.06502 0.010268 -0.0092853 
3 9 9 2.06091 0.011487 -0.0117337 
4 9 9 2.05741 0.0115481 -0.0124572 
5 9 9 2.05533 0.0103306 -0.0112596 
6 9 9 2.05501 0.00803881 -0.00838879 
7 9 9 2.05612 0.00523882 -0.00461926 
8 9 9 2.05806 0.0026314 -0.000992435 
9 9 9 2.06025 0.000689392 0.00167022 
10 9 9 2.06235 -0.000479943 0.00307917 
11 9 9 2.0642 -0.00098301 0.00340317 
12 9 9 2.06573 -0.000996446 0.00298603 
13 9 9 2.06691 -0.000673965 0.0021238 
14 9 9 2.06775 -1.45205e-05 0.000913791 
15 9 9 2.06778 0.00345222 -0.00320557 
0 10 10 1.51597 0.00316501 -0.00212123 
1 10 10 1.51911 0.00558009 -0.00420106 
2 10 10 1.52391 0.00741193 -0.00560563 
3 10 10 1.53002 0.00837573 -0.00617754 
4 10 10 1.53685 0.00828526 -0.00585597 
5 10 10 1.54356 0.0071646 -0.00473625 
6 10 10 1.54925 0.00530003 -0.00310743 
7 10 10 1.55329 0.00316536 -0.00138603 
8 10 10 1.55552 0.00123059 3.37632e-05 
9 10 10 1.55623 -0.000214902 0.000923518 
10 10 10 1.5559 -0.00109747 0.0012606 
11 10 10 1.55502 -0.00147352 0.00117147 
12 10 10 1.55398 -0.00145103 0.000829491 
13 10 10 1.55307 -0.00115443 0.000384889 
14 10 10 1.55272 -0.000717954 -5.52035e-05 
15 10 10 1.55411 0.00588871 -0.0042506 
0 11 11 0.623986 0.000334699 -0.000774476 
1 11 11 0.62654 0.000966478 -0.00102817 
2 11 11 0.630553 0.00146659 -0.00113798 
3 11 11 0.635489 0.00175925 -0.00110874 
4 11 11 0.640676 0.00180066 -0.000957828 
5 11 11 0.645424 0.00159815 -0.000718755 
6 11 11 0.649177 0.00121225 -0.000445313 
7 11 11 0.651639 0.000742221 -0.000197538 
8 11 11 0.652812 0.000290143 -2.36966e-05 
9 11 11 0.65292 -7.30637e-05 5.48678e-05 
10 11 11 0.652302 -0.000314385 4.92845e-05 
11 11 11 0.651309 -0.000428638 -3.79848e-06 
12 11 11 0.650244 -0.000437225 -7.0293e-05 
13 11 11 0.649315 -0.000380989 -0.000121098 
14 11 11 0.648579 -0.000521892 -5.30068e-05 
15 11 11 0.649691 0.00732212 -0.00373784 
0 12 12 0.065834 -1.94729e-05 -3.29548e-05 
1 12 12 0.0659618 1.17288e-05 -2.86629e-05 
2 12 12 0.0663305 4.02475e-05 -2.19726e-05 
3 12 12 0.066885 6.19062e-05 -1.48284e-05 
4 12 12 0.067544 7.33359e-05 -8.43654e-06 
5 12 12 0.0682121 7.30318e-05 -3.66974e-06 
6 12 12 0.0687958 6.17402e-05 -8.78084e-07 
7 12 12 0.0692287 4.30044e-05 -4.39862e-07 
8 12 12 0.0694834 2.18402e-05 -2.36818e-06 
9 12 12 0.0695718 2.4218e-06 -6.26016e-06 
10 12 12 0.0695236 -1.22718e-05 -1.06863e-05 
11 12 12 0.0694147 -1.94758e-05 -1.40899e-05 
12 12 12 0.0692711 -2.21711e-05 -1.53439e-05 
13 12 12 0.0691256 -2.1289e-05 -1.41856e-05 
14 12 12 0.0689309 -5.03443e-05 -7.62908e-06 
15 12 12 0.0672999 0.00229392 -0.00118899 
0 13 13 0 0 0 
1 13 13 0 0 0 
2 13 13 0 0 0 
3 13 13 0 0 0 
4 13 13 0 0 0 
5 13 13 0 0 0 
6 13 13 0 0 0 
7 13 13 0 0 0 
8 13 13 0 0 0 
9 13 13 0 0 0 
10 13 13 0 0 0 
11 13 13 0 0 0 
12 13 13 0 0 0 
13 13 13 0 0 0 
14 13 13 0 0 0 
15 13 13 0 0 0 
0 14 14 0 0 0 
1 14 14 0 0 0 
2 14 14 0 0 0 
3 14 14 0 0 0 
4 14 14 0 0 0 
5 14 14 0 0 0 
6 14 14 0 0 0 
7 14 14 0 0 0 
8 14 14 0 0 0 
9 14 14 0 0 0 
10 14 14 0 0 0 
11 14 14 0 0 0 
12 14 14 0 0 0 
13 14 14 0 0 0 
14 14 14 0 0 0 
15 14 14 0 0 0 
0 15 15 0 0 0 
1 15 15 0 0 0 
2 15 15 0 0 0 
3 15 15 0 0 0 
4 15 15 0 0 0 
5 15 15 0 0 0 
6 15 15 0 0 0 
7 15 15 0 0 0 
8 15 15 0 0 0 
9 15 15 0 0 0 
10 15 15 0 0 0 
11 15 15 0 0 0 
12 15 15 0 0 0 
13 15 15 0 0 0 
14 15 15 0 0 0 
15 15 15 0 0 0 
0 0 0 0 0 0 
1 0 0 0 0 0 
2 0 0 0 0 0 
3 0 0 0 0 0 
4 0 0 0 0 0 
5 0 0 0 0 0 
6 0 0 0 0 0 
7 0 0 0 0 0 
8 0 0 0 0 0 
9 0 0 0 0 0 
10 0 0 0 0 0 
11 0 0 0 0 0 
12 0 0 0 0 0 
13 0 0 0 0 0 
14 0 0 0 0 0 
15 0 0 0 0 0 
0 1 1 0 0 0 
1 1 1 0 0 0 
2 1 1 0 0 0 
3 1 1 0 0 0 
4 1 1 0 0 0 
5 1 1 0 0 0 
6 1 1 0 0 0 
7 1 1 0 0 0 
8 1 1 0 0 0 
9 1 1 0 0 0 
10 1 1 0 0 0 
11 1 1 0 0 0 
12 1 1 0 0 0 
13 1 1 0 0 0 
14 1 1 0 0 0 
15 1 1 0 0 0 
0 2 2 0 0 0 
1 2 2 0 0 0 
2 2 2 0 0 0 
3 2 2 0 0 0 
4 2 2 0 0 0 
5 2 2 0 0 0 
6 2 2 0 0 0 
7 2 2 0 0 0 
8 2 2 0 0 0 
9 2 2 0 0 0 
10 2 2 0 0 0 
11 2 2 0 0 0 
12 2 2 0 0 0 
13 2 2 0 0 0 
14 2 2 0 0 0 
15 2 2 0 0 0 
0 3 3 0.042877 3.66287e-05 4.74673e-06 
1 3 3 0.0427952 1.19977e-05 1.12861e-05 
2 3 3 0.0429168 -1.25475e-05 1.36508e-05 
3 3 3 0.0432102 -3.41628e-05 1.36639e-05 
4 3 3 0.0436244 -4.95886e-05 1.30329e-05 
5 3 3 0.0440897 -5.63545e-05 1.28782e-05 
6 3 3 0.0445312 -5.35355e-05 1.31301e-05 
7 3 3 0.0448884 -4.24232e-05 1.23066e-05 
8 3 3 0.0451183 -2.59993e-05 7.48157e-06 
9 3 3 0.0452114 -8.20511e-06 -2.34996e-06 
10 3 3 0.0451853 6.47381e-06 -1.20863e-05 
11 3 3 0.0450809 1.48093e-05 -1.44529e-05 
12 3 3 0.0449447 1.71686e-05 -9.42967e-06 
13 3 3 0.0448064 1.75929e-05 -3.22597e-06 
14 3 3 0.0445997 6.0958e-05 -1.14852e-05 
15 3 3 0.0428697 -0.00243306 -0.000238824 
0 4 4 0.737271 0.000120646 0.000261243 
1 4 4 0.739003 -0.000929891 0.000193229 
2 4 4 0.742783 -0.00175402 6.48673e-05 
3 4 4 0.747858 -0.00224273 -8.19859e-05 
4 4 4 0.753343 -0.00233978 -0.000188424 
5 4 4 0.758356 -0.00206209 -0.000213539 
6 4 4 0.762197 -0.00150726 -0.000149774 
7 4 4 0.764505 -0.00082861 -2.93175e-05 
8 4 4 0.765284 -0.000177631 7.721e-05 
9 4 4 0.764788 0.000347326 9.53545e-05 
10 4 4 0.763368 0.000694531 2.83373e-05 
11 4 4 0.761457 0.000844275 -1.59456e-05 
12 4 4 0.759534 0.000817047 2.66812e-05 
13 4 4 0.757948 0.000692889 0.00011265 
14 4 4 0.75681 0.000820011 0.000183789 
15 4 4 0.758303 -0.00840629 -0.000742766 
0 5 5 1.68827 0.00107494 -0.000176502 
1 5 5 1.68652 -0.00348851 -0.000626043 
2 5 5 1.68715 -0.00721881 -0.0010444 
3 5 5 1.68984 -0.00959244 -0.00138897 
4 5 5 1.694 -0.0102353 -0.00156992 
5 5 5 1.69874 -0.00908294 -0.00150625 
6 5 5 1.70298 -0.00650028 -0.0011804 
7 5 5 1.7058 -0.00323702 -0.000671242 
8 5 5 1.70676 -0.000134563 -0.000137998 
9 5 5 1.70602 0.00223046 0.000233863 
10 5 5 1.704 0.00365367 0.000367436 
11 5 5 1.70129 0.0041849 0.000371934 
12 5 5 1.69846 0.00399971 0.000382087 
13 5 5 1.69601 0.0033216 0.000426081 
14 5 5 1.69442 0.00230976 0.00044927 
15 5 5 1.69408 -0.00495798 -0.000746253 
0 6 6 2.33114 0.00600529 -0.000684914 
1 6 6 2.32348 -0.000132213 -0.00198869 
2 6 6 2.31289 -0.0057961 -0.00309549 
3 6 6 2.30064 -0.0102933 -0.00391019 
4 6 6 2.28834 -0.0128975 -0.0042954 
5 6 6 2.27773 -0.0130209 -0.00411125 
6 6 6 2.27015 -0.0105623 -0.00331579 
7 6 6 2.26607 -0.00620003 -0.00207275 
8 6 6 2.26495 -0.00127414 -0.000749143 
9 6 6 2.26574 0.00289606 0.000251107 
10 6 6 2.26729 0.00561917 0.000748835 
11 6 6 2.2688 0.00685917 0.000888215 
12 6 6 2.26994 0.00690838 0.000873322 
13 6 6 2.27055 0.00609231 0.000779238 
14 6 6 2.27052 0.00456064 0.000575185 
15 6 6 2.26944 2.24249e-05 -0.000541681 
0 7 7 2.69856 0.00824979 0.000409432 
1 7 7 2.69608 0.00517263 -0.00175632 
2 7 7 2.68521 0.00189427 -0.00372524 
3 7 7 2.66713 -0.00121983 -0.00534556 
4 7 7 2.6439 -0.00371466 -0.0064003 
5 7 7 2.61852 -0.0050851 -0.00661868 
6 7 7 2.59484 -0.00493315 -0.00580579 
7 7 7 2.57663 -0.0032524 -0.00405437 
8 7 7 2.56622 -0.000625145 -0.00188144 
9 7 7 2.56357 0.00205028 -5.93386e-06 
10 7 7 2.56664 0.00410232 0.00113748 
11 7 7 2.57274 0.00531699 0.00159402 
12 7 7 2.57969 0.00576874 0.00161256 
13 7 7 2.586 0.00559424 0.00136983 
14 7 7 2.59065 0.00489484 0.000928173 
15 7 7 2.59307 0.00303308 -0.000323218 
0 8 8 2.7157 0.00575603 0.00121024 
1 8 8 2.71565 0.00751284 -0.00122904 
2 8 8 2.70669 0.00875066 -0.00351287 
3 8 8 2.68982 0.00942972 -0.00544208 
4 8 8 2.66692 0.00948092 -0.00675269 
5 8 8 2.64104 0.00881292 -0.00713335 
6 8 8 2.61623 0.00741254 -0.00635739 
7 8 8 2.59667 0.00549361 -0.00451155 
8 8 8 2.58524 0.00353709 -0.00214754 
9 8 8 2.58222 0.00206369 -2.9653e-05 
10 8 8 2.58569 0.00131606 0.00135264 
11 8 8 2.59289 0.00121059 0.00196438 
12 8 8 2.60138 0.0014984 0.00201064 
13 8 8 2.60943 0.00193998 0.00169172 
14 8 8 2.6158 0.00241126 0.00111617 
15 8 8 2.61977 0.00338696 -0.000274365 
0 9 9 2.39065 0.00523366 0.000384041 
1 9 9 2.38766 0.0100518 -0.00171616 
2 9 9 2.37978 0.0140165 -0.00356476 
3 9 9 2.36826 0.0167283 -0.00495317 
4 9 9 2.35498 0.0177208 -0.0056593 
5 9 9 2.34228 0.0166138 -0.00549872 
6 9 9 2.33236 0.0134335 -0.004449 
7 9 9 2.32659 0.00889878 -0.00276826 
8 9 9 2.32508 0.0042782 -0.000958803 
9 9 9 2.32696 0.000717568 0.000488118 
10 9 9 2.33097 -0.00131934 0.00133791 
11 9 9 2.33594 -0.00200174 0.00162708 
12 9 9 2.34096 -0.00175495 0.00151441 
13 9 9 2.34536 -0.000953069 0.00115047 
14 9 9 2.34863 0.000268374 0.000603358 
15 9 9 2.35018 0.00388547 -0.000806194 
0 10 10 1.79563 0.00523075 -0.000737583 
1 10 10 1.79662 0.00931282 -0.00183462 
2 10 10 1.7981 0.0123869 -0.00263601 
3 10 10 1.80035 0.0140293 -0.00304631 
4 10 10 1.80352 0.013922 -0.00300884 
5 10 10 1.80744 0.0120443 -0.00253615 
6 10 10 1.81155 0.00882924 -0.00174627 
7 10 10 1.81517 0.00510749 -0.000848663 
8 10 10 1.81784 0.00177346 -6.74746e-05 
9 10 10 1.81951 -0.000597688 0.000451734 
10 10 10 1.82042 -0.00188166 0.000678714 
11 10 10 1.82087 -0.00225722 0.000670109 
12 10 10 1.82107 -0.00199886 0.000512659 
13 10 10 1.82117 -0.00134347 0.000283023 
14 10 10 1.82141 -0.00035597 6.31703e-06 
15 10 10 1.82175 0.00597184 -0.00137603 
0 11 11 0.95802 0.00148271 -0.000452892 
1 11 11 0.9619 0.00276748 -0.000645384 
2 11 11 0.967671 0.0036925 -0.000742258 
3 11 11 0.974636 0.00412922 -0.000744298 
4 11 11 0.981899 0.00401758 -0.000660326 
5 11 11 0.988515 0.00340539 -0.000508494 
6 11 11 0.993712 0.00245655 -0.00032334 
7 11 11 0.99709 0.00140342 -0.000147257 
8 11 11 0.998673 0.000466601 -1.58149e-05 
9 11 11 0.998811 -0.000217716 5.28975e-05 
10 11 11 0.997998 -0.000612665 6.14034e-05 
11 11 11 0.99672 -0.000747948 2.87061e-05 
12 11 11 0.995368 -0.000694688 -1.63116e-05 
13 11 11 0.994213 -0.000534529 -5.42945e-05 
14 11 11 0.993473 -0.000576677 -2.56358e-05 
15 11 11 0.995717 0.00876443 -0.0015544 
0 12 12 0.182731 1.91527e-05 -4.7632e-05 
1 12 12 0.183293 0.000106818 -5.32831e-05 
2 12 12 0.184436 0.000178778 -5.33715e-05 
3 12 12 0.185994 0.000225288 -5.04627e-05 
4 12 12 0.187746 0.000239697 -4.47751e-05 
5 12 12 0.189447 0.000221108 -3.6461e-05 
6 12 12 0.190874 0.000175178 -2.67713e-05 
7 12 12 0.191884 0.000114313 -1.79477e-05 
8 12 12 0.192436 5.31152e-05 -1.22796e-05 
9 12 12 0.19258 2.45649e-06 -1.11521e-05 
10 12 12 0.192423 -3.17539e-05 -1.36325e-05 
11 12 12 0.192102 -4.76024e-05 -1.84887e-05 
12 12 12 0.191727 -5.02823e-05 -1.92111e-05 
13 12 12 0.191371 -4.57309e-05 -1.64832e-05 
14 12 12 0.190971 -0.000107557 1.69018e-05 
15 12 12 0.188798 0.00500981 -0.000846419 
0 13 13 0 0 0 
1 13 13 0 0 0 
2 13 13 0 0 0 
3 13 13 0 0 0 
4 13 13 0 0 0 
5 13 13 0 0 0 
6 13 13 0 0 0 
7 13 13 0 0 0 
8 13 13 0 0 0 
9 13 13 0 0 0 
10 13 13 0 0 0 
11 13 13 0 0 0 
12 13 13 0 0 0 
13 13 13 0 0 0 
14 13 13 0 0 0 
15 13 13 0 0 0 
0 14 14 0 0 0 
1 14 14 0 0 0 
2 14 14 0 0 0 
3 14 14 0 0 0 
4 14 14 0 0 0 
5 14 14 0 0 0 
6 14 14 0 0 0 
7 14 14 0 0 0 
8 14 14 0 0 0 
9 14 14 0 0 0 
10 14 14 0 0 0 
11 14 14 0 0 0 
12 14 14 0 0 0 
13 14 14 0 0 0 
14 14 14 0 0 0 
15 14 14 0 0 0 
0 15 15 0 0 0 
1 15 15 0 0 0 
2 15 15 0 0 0 
3 15 15 0 0 0 
4 15 15 0 0 0 
5 15 15 0 0 0 
6 15 15 0 0 0 
7 15 15 0 0 0 
8 15 15 0 0 0 
9 15 15 0 0 0 
10 15 15 0 0 0 
11 15 15 0 0 0 
12 15 15 0 0 0 
13 15 15 0 0 0 
14 15 15 0 0 0 
15 15 15 0 0 0 
0 0 0 0 0 0 
1 0 0 0 0 0 
2 0 0 0 0 0 
3 0 0 0 0 0 
4 0 0 0 0 0 
5 0 0 0 0 0 
6 0 0 0 0 0 
7 0 0 0 0 0 
8 0 0 0 0 0 
9 0 0 0 0 0 
10 0 0 0 0 0 
11 0 0 0 0 0 
12 0 0 0 0 0 
13 0 0 0 0 0 
14 0 0 0 0 0 
15 0 0 0 0 0 
0 1 1 0 0 0 
1 1 1 0 0 0 
2 1 1 0 0 0 
3 1 1 0 0 0 
4 1 1 0 0 0 
5 1 1 0 0 0 
6 1 1 0 0 0 
7 1 1 0 0 0 
8 1 1 0 0 0 
9 1 1 0 0 0 
10 1 1 0 0 0 
11 1 1 0 0 0 
12 1 1 0 0 0 
13 1 1 0 0 0 
14 1 1 0 0 0 
15 1 1 0 0 0 
0 2 2 0 0 0 
1 2 2 0 0 0 
2 2 2 0 0 0 
3 2 2 0 0 0 
4 2 2 0 0 0 
5 2 2 0 0 0 
6 2 2 0 0 0 
7 2 2 0 0 0 
8 2 2 0 0 0 
9 2 2 0 0 0 
10 2 2 0 0 0 
11 2 2 0 0 0 
12 2 2 0 0 0 
13 2 2 0 0 0 
14 2 2 0 0 0 
15 2 2 0 0 0 
0 3 3 0.0428454 3.77909e-05 1.39881e-06 
1 3 3 0.0427626 1.44982e-05 2.51204e-06 
2 3 3 0.0428833 -9.85862e-06 1.0711e-06 
3 3 3 0.0431764 -3.17761e-05 -1.0204e-06 
4 3 3 0.0435904 -4.76188e-05 -2.6722e-06 
5 3 3 0.0440555 -5.44058e-05 -2.45413e-06 
6 3 3 0.0444964 -5.12658e-05 -5.02938e-07 
7 3 3 0.0448525 -4.01133e-05 1.43002e-06 
8 3 3 0.0450808 -2.48718e-05 5.63555e-07 
9 3 3 0.0451731 -9.79634e-06 -4.34693e-06 
10 3 3 0.0451485 2.30043e-06 -9.996e-06 
11 3 3 0.0450465 1.03188e-05 -1.12765e-05 
12 3 3 0.0449116 1.44618e-05 -7.38849e-06 
13 3 3 0.0447727 1.69991e-05 -1.88305e-06 
14 3 3 0.0445648 6.12065e-05 1.17645e-05 
15 3 3 0.0428346 -0.00243197 0.000237462 
0 4 4 0.737134 0.000128847 -0.000256088 
1 4 4 0.73884 -0.00090215 -6.78771e-05 
2 4 4 0.742591 -0.00172166 0.000100693 
3 4 4 0.747658 -0.00221939 0.000225742 
4 4 4 0.75315 -0.00232704 0.000290842 
5 4 4 0.758174 -0.00205256 0.000299459 
6 4 4 0.762013 -0.00149233 0.000264394 
7 4 4 0.764294 -0.000802902 0.000194649 
8 4 4 0.765012 -0.000147569 9.34314e-05 
9 4 4 0.76445 0.000359533 -3.64133e-05 
10 4 4 0.763028 0.000672165 -0.000170877 
11 4 4 0.761192 0.00079882 -0.000265158 
12 4 4 0.759345 0.000779348 -0.00028883 
13 4 4 0.757773 0.000679716 -0.000254557 
14 4 4 0.756599 0.000825734 -0.000224138 
15 4 4 0.758047 -0.00839519 0.000716512 
0 5 5 1.6878 0.00106465 -0.000153056 
1 5 5 1.68604 -0.00344967 0.000551524 
2 5 5 1.68665 -0.00714895 0.00118644 
3 5 5 1.68933 -0.00952323 0.0016357 
4 5 5 1.69351 -0.0101876 0.00181058 
5 5 5 1.69828 -0.00905917 0.00168493 
6 5 5 1.70254 -0.00648778 0.00131305 
7 5 5 1.70534 -0.00321747 0.000808956 
8 5 5 1.70623 -0.000100755 0.000292669 
9 5 5 1.70536 0.00225939 -0.000162618 
10 5 5 1.70326 0.00364433 -0.000518647 
11 5 5 1.70056 0.00413489 -0.00074672 
12 5 5 1.69781 0.0039428 -0.000829354 
13 5 5 1.69542 0.00329333 -0.000778027 
14 5 5 1.69382 0.0023228 -0.000622935 
15 5 5 1.69345 -0.00492073 0.000718874 
0 6 6 2.33036 0.00597223 -4.68206e-05 
1 6 6 2.32267 -0.0001312 0.00147078 
2 6 6 2.31206 -0.00576112 0.00283657 
3 6 6 2.29981 -0.0102361 0.00388797 
4 6 6 2.28755 -0.0128376 0.00443565 
5 6 6 2.277 -0.012972 0.00432437 
6 6 6 2.26948 -0.0105309 0.00353715 
7 6 6 2.26542 -0.00618525 0.00227631 
8 6 6 2.26427 -0.00127127 0.000905116 
9 6 6 2.26495 0.00289039 -0.000245826 
10 6 6 2.26639 0.00560056 -0.00101987 
11 6 6 2.26787 0.0068294 -0.00141362 
12 6 6 2.269 0.0068784 -0.00149402 
13 6 6 2.2696 0.00607573 -0.00133982 
14 6 6 2.26955 0.00456798 -0.000979296 
15 6 6 2.26844 5.29135e-05 0.000328712 
0 7 7 2.69791 0.00827283 -0.00108504 
1 7 7 2.69535 0.00518924 0.00118444 
2 7 7 2.68442 0.00190718 0.00331402 
3 7 7 2.66632 -0.00120779 0.00511638 
4 7 7 2.6431 -0.00370134 0.00633865 
5 7 7 2.61778 -0.00507082 0.00668865 
6 7 7 2.59417 -0.00492205 0.00596046 
7 7 7 2.57601 -0.0032506 0.00424858 
8 7 7 2.56561 -0.000636642 0.00205546 
9 7 7 2.5629 0.00203488 4.30841e-05 
10 7 7 2.5659 0.00410281 -0.00135502 
11 7 7 2.57196 0.00533778 -0.00206095 
12 7 7 2.57887 0.00579541 -0.00220793 
13 7 7 2.58513 0.00561616 -0.00196526 
14 7 7 2.58972 0.00491044 -0.00143644 
15 7 7 2.59208 0.0030427 -5.32709e-05 
0 8 8 2.71537 0.00584687 -0.00175835 
1 8 8 2.71524 0.00757466 0.000744324 
2 8 8 2.70623 0.00878024 0.00314627 
3 8 8 2.68932 0.00943028 0.00522224 
4 8 8 2.66641 0.00946122 0.00668056 
5 8 8 2.64055 0.00878424 0.00718676 
6 8 8 2.61577 0.00738293 0.00649206 
7 8 8 2.59626 0.00546518 0.00467587 
8 8 8 2.58484 0.00351261 0.00227721 
9 8 8 2.5818 0.00205788 3.7894e-05 
10 8 8 2.58524 0.00134691 -0.00153561 
11 8 8 2.59241 0.00127428 -0.00233227 
12 8 8 2.60087 0.00157088 -0.00248928 
13 8 8 2.60887 0.0020001 -0.00219282 
14 8 8 2.61519 0.00244722 -0.0015699 
15 8 8 2.6191 0.00339628 -8.97436e-05 
0 9 9 2.39053 0.00532494 -0.000879252 
1 9 9 2.3875 0.0101045 0.00132137 
2 9 9 2.37958 0.0140269 0.00331685 
3 9 9 2.36803 0.0167029 0.00486871 
4 9 9 2.35474 0.0176738 0.00571876 
5 9 9 2.34204 0.0165625 0.00565391 
6 9 9 2.33214 0.0133918 0.00463309 
7 9 9 2.32638 0.00887379 0.0029157 
8 9 9 2.32488 0.00427295 0.00101422 
9 9 9 2.32675 0.000737736 -0.000566073 
10 9 9 2.33073 -0.0012712 -0.00156075 
11 9 9 2.33567 -0.00193372 -0.00196547 
12 9 9 2.34067 -0.00168607 -0.00190977 
13 9 9 2.34504 -0.000901016 -0.00153495 
14 9 9 2.34828 0.000292898 -0.000924132 
15 9 9 2.34979 0.00388151 0.000578818 
0 10 10 1.79557 0.00525867 0.00050374 
1 10 10 1.79654 0.00930966 0.00172993 
2 10 10 1.798 0.0123573 0.00266317 
3 10 10 1.80023 0.0139846 0.00317734 
4 10 10 1.8034 0.013877 0.00318839 
5 10 10 1.80732 0.0120116 0.00270298 
6 10 10 1.81145 0.00881416 0.00185274 
7 10 10 1.81507 0.00510902 0.000871085 
8 10 10 1.81773 0.00178746 4.46392e-06 
9 10 10 1.81938 -0.000574025 -0.00058745 
10 10 10 1.82027 -0.00185027 -0.000867013 
11 10 10 1.82069 -0.00222292 -0.000882939 
12 10 10 1.82088 -0.00197038 -0.000718066 
13 10 10 1.82098 -0.00132821 -0.000447742 
14 10 10 1.82121 -0.000357237 -0.00011137 
15 10 10 1.82154 0.00595732 0.00133253 
0 11 11 0.957964 0.00147625 0.00047246 
1 11 11 0.961838 0.00275051 0.000720707 
2 11 11 0.967601 0.00367126 0.000855991 
3 11 11 0.974561 0.00410922 0.000864203 
4 11 11 0.981822 0.00400275 0.00075544 
5 11 11 0.988438 0.0033975 0.000564285 
6 11 11 0.993635 0.0024547 0.000339974 
7 11 11 0.997008 0.00140526 0.000133666 
8 11 11 0.99858 0.000470448 -1.71778e-05 
9 11 11 0.998706 -0.000211651 -9.93209e-05 
10 11 11 0.997887 -0.000603291 -0.000120262 
11 11 11 0.996608 -0.000739159 -9.60009e-05 
12 11 11 0.995259 -0.000687066 -4.5565e-05 
13 11 11 0.994109 -0.000530636 9.67897e-06 
14 11 11 0.993367 -0.000577724 -9.87956e-07 
15 11 11 0.995607 0.00876231 0.00154162 
0 12 12 0.182703 1.75998e-05 6.28003e-05 
1 12 12 0.183263 0.000103963 7.65861e-05 
2 12 12 0.184402 0.00017609 8.2836e-05 
3 12 12 0.185962 0.000222856 7.77109e-05 
4 12 12 0.187714 0.000237781 6.58052e-05 
5 12 12 0.189413 0.000219849 5.00656e-05 
6 12 12 0.190839 0.000174512 3.34653e-05 
7 12 12 0.191847 0.000114086 1.90968e-05 
8 12 12 0.192396 5.33572e-05 8.84078e-06 
9 12 12 0.19254 3.37128e-06 2.50595e-06 
10 12 12 0.192387 -2.98182e-05 -1.52132e-07 
11 12 12 0.192066 -4.61694e-05 6.73728e-07 
12 12 12 0.191691 -4.89912e-05 3.7393e-06 
13 12 12 0.191337 -4.48304e-05 5.428e-06 
14 12 12 0.190934 -0.000107467 -2.44797e-05 
15 12 12 0.188759 0.00500963 0.000842556 
0 13 13 0 0 0 
1 13 13 0 0 0 
2 13 13 0 0 0 
3 13 13 0 0 0 
4 13 13 0 0 0 
5 13 13 0 0 0 
6 13 13 0 0 0 
7 13 13 0 0 0 
8 13 13 0 0 0 
9 13 13 0 0 0 
10 13 13 0 0 0 
11 13 13 0 0 0 
12 13 13 0 0 0 
13 13 13 0 0 0 
14 13 13 0 0 0 
15 13 13 0 0 0 
0 14 14 0 0 0 
1 14 14 0 0 0 
2 14 14 0 0 0 
3 14 14 0 0 0 
4 14 14 0 0 0 
5 14 14 0 0 0 
6 14 14 0 0 0 
7 14 14 0 0 0 
8 14 14 0 0 0 
9 14 14 0 0 0 
10 14 14 0 0 0 
11 14 14 0 0 0 
12 14 14 0 0 0 
13 14 14 0 0 0 
14 14 14 0 0 0 
15 14 14 0 0 0 
0 15 15 0 0 0 
1 15 15 0 0 0 
2 15 15 0 0 0 
3 15 15 0 0 0 
4 15 15 0 0 0 
5 15 15 0 0 0 
6 15 15 0 0 0 
7 15 15 0 0 0 
8 15 15 0 0 0 
9 15 15 0 0 0 
10 15 15 0 0 0 
11 15 15 0 0 0 
12 15 15 0 0 0 
13 15 15 0 0 0 
14 15 15 0 0 0 
15 15 15 0 0 0 
0 0 0 0 0 0 
1 0 0 0 0 0 
2 0 0 0 0 0 
3 0 0 0 0 0 
4 0 0 0 0 0 
5 0 0 0 0 0 
6 0 0 0 0 0 
7 0 0 0 0 0 
8 0 0 0 0 0 
9 0 0 0 0 0 
10 0 0 0 0 0 
11 0 0 0 0 0 
12 0 0 0 0 0 
13 0 0 0 0 0 
14 0 0 0 0 0 
15 0 0 0 0 0 
0 1 1 0 0 0 
1 1 1 0 0 0 
2 1 1 0 0 0 
3 1 1 0 0 0 
4 1 1 0 0 0 
5 1 1 0 0 0 
6 1 1 0 0 0 
7 1 1 0 0 0 
8 1 1 0 0 0 
9 1 1 0 0 0 
10 1 1 0 0 0 
11 1 1 0 0 0 
12 1 1 0 0 0 
13 1 1 0 0 0 
14 1 1 0 0 0 
15 1 1 0 0 0 
0 2 2 0 0 0 
1 2 2 0 0 0 
2 2 2 0 0 0 
3 2 2 0 0 0 
4 2 2 0 0 0 
5 2 2 0 0 0 
6 2 2 0 0 0 
7 2 2 0 0 0 
8 2 2 0 0 0 
9 2 2 0 0 0 
10 2 2 0 0 0 
11 2 2 0 0 0 
12 2 2 0 0 0 
13 2 2 0 0 0 
14 2 2 0 0 0 
15 2 2 0 0 0 
0 3 3 0 0 0 
1 3 3 0 0 0 
2 3 3 0 0 0 
3 3 3 0 0 0 
4 3 3 0 0 0 
5 3 3 0 0 0 
6 3 3 0 0 0 
7 3 3 0 0 0 
8 3 3 0 0 0 
9 3 3 0 0 0 
10 3 3 0 0 0 
11 3 3 0 0 0 
12 3 3 0 0 0 
13 3 3 0 0 0 
14 3 3 0 0 0 
15 3 3 0 0 0 
0 4 4 0.498553 -0.000105556 -0.000540058 
1 4 4 0.499723 -0.000592718 -0.000296222 
2 4 4 0.502387 -0.000960282 -3.87008e-05 
3 4 4 0.506042 -0.00117152 0.000182443 
4 4 4 0.510069 -0.00119346 0.000331621 
5 4 4 0.51381 -0.00103734 0.000385498 
6 4 4 0.516743 -0.000752924 0.000346885 
7 4 4 0.518577 -0.000415234 0.000236319 
8 4 4 0.519274 -0.000102639 8.50656e-05 
9 4 4 0.519021 0.0001306 -7.50791e-05 
10 4 4 0.518118 0.000265313 -0.000215204 
11 4 4 0.51689 0.000311619 -0.000311805 
12 4 4 0.515618 0.000294364 -0.00035283 
13 4 4 0.514497 0.000248221 -0.000349964 
14 4 4 0.513529 0.000386294 -0.00041655 
15 4 4 0.51355 -0.00695501 0.00278867 
0 5 5 1.40102 -0.000189221 -0.000584726 
1 5 5 1.40216 -0.00310845 0.000698712 
2 5 5 1.40608 -0.00533683 0.00187721 
3 5 5 1.41202 -0.00658669 0.00274416 
4 5 5 1.41892 -0.00668783 0.00313322 
5 5 5 1.42554 -0.00568564 0.00297665 
6 5 5 1.43073 -0.00388741 0.00234647 
7 5 5 1.43376 -0.00178997 0.00143493 
8 5 5 1.43449 0.000101493 0.000473436 
9 5 5 1.43334 0.0014589 -0.000360366 
10 5 5 1.43101 0.00218731 -0.000974118 
11 5 5 1.42819 0.00236395 -0.00134374 
12 5 5 1.42542 0.00214179 -0.0014831 
13 5 5 1.42309 0.0016867 -0.00143385 
14 5 5 1.42164 0.00122268 -0.00130953 
15 5 5 1.42296 -0.00610175 0.00285703 
0 6 6 2.00596 0.00315558 0.000625495 
1 6 6 2.00088 -0.00181698 0.00371486 
2 6 6 1.99616 -0.00604988 0.00638852 
3 6 6 1.99239 -0.00899606 0.00827909 
4 6 6 1.99011 -0.0101917 0.00902218 
5 6 6 1.9895 -0.0094152 0.0084045 
6 6 6 1.99024 -0.00689786 0.00654329 
7 6 6 1.99156 -0.00338286 0.00394901 
8 6 6 1.99259 0.000128321 0.00132827 
9 6 6 1.99289 0.00283284 -0.000760598 
10 6 6 1.99244 0.00439637 -0.00210082 
11 6 6 1.99146 0.0048914 -0.00274583 
12 6 6 1.99021 0.00457851 -0.00285392 
13 6 6 1.98893 0.00372821 -0.00256373 
14 6 6 1.98779 0.00245942 -0.00187967 
15 6 6 1.98648 -0.00208747 0.00199923 
0 7 7 2.35125 0.00692046 -8.47735e-05 
1 7 7 2.34493 0.00347232 0.00493643 
2 7 7 2.33504 0.000148977 0.00938013 
3 7 7 2.32288 -0.00261704 0.012747 
4 7 7 2.31019 -0.00440577 0.0144667 
5 7 7 2.29891 -0.00488625 0.014055 
6 7 7 2.29065 -0.00397138 0.011445 
7 7 7 2.2861 -0.0019701 0.00727522 
8 7 7 2.28489 0.000454934 0.0027655 
9 7 7 2.28597 0.00260131 -0.000920204 
10 7 7 2.28823 0.00403989 -0.00323652 
11 7 7 2.29079 0.00467277 -0.0042446 
12 7 7 2.29311 0.00460832 -0.00427954 
13 7 7 2.29485 0.00402683 -0.00364968 
14 7 7 2.29576 0.00306802 -0.00245689 
15 7 7 2.2954 0.000967598 0.00148664 
0 8 8 2.37243 0.00691928 -0.000948435 
1 8 8 2.36765 0.00705665 0.00480053 
2 8 8 2.35861 0.00685816 0.00991314 
3 8 8 2.34662 0.00641166 0.0138049 
4 8 8 2.33353 0.00575631 0.0158301 
5 8 8 2.32149 0.00491158 0.0154506 
6 8 8 2.3124 0.00394403 0.0125871 
7 8 8 2.30727 0.00300698 0.00794742 
8 8 8 2.30596 0.00229747 0.00290093 
9 8 8 2.30746 0.00192404 -0.00122863 
10 8 8 2.31059 0.00182999 -0.00379348 
11 8 8 2.31433 0.00185452 -0.00484033 
12 8 8 2.31794 0.00185982 -0.00474529 
13 8 8 2.32095 0.00179488 -0.00388138 
14 8 8 2.32295 0.00171301 -0.00241602 
15 8 8 2.32345 0.00229683 0.0017324 
0 9 9 2.07059 0.00561494 0.000577151 
1 9 9 2.06815 0.00821067 0.00527806 
2 9 9 2.0644 0.0102061 0.00916263 
3 9 9 2.06024 0.0113583 0.0117301 
4 9 9 2.05672 0.0114079 0.0125385 
5 9 9 2.05467 0.0102211 0.0113798 
6 9 9 2.05439 0.00797244 0.00850758 
7 9 9 2.05554 0.00520105 0.0047091 
8 9 9 2.05744 0.00260926 0.00103001 
9 9 9 2.05952 0.000702532 -0.00171759 
10 9 9 2.06151 -0.000397262 -0.00323693 
11 9 9 2.06328 -0.00083851 -0.00365561 
12 9 9 2.06476 -0.000843162 -0.00328136 
13 9 9 2.06592 -0.000566832 -0.00240393 
14 9 9 2.06671 1.53036e-05 -0.00113602 
15 9 9 2.06668 0.00340859 0.00306175 
0 10 10 1.51575 0.00318825 0.00201316 
1 10 10 1.51884 0.00553316 0.00418738 
2 10 10 1.5236 0.00731433 0.00567594 
3 10 10 1.52968 0.00826373 0.00629724 
4 10 10 1.5365 0.00819377 0.00598068 
5 10 10 1.54322 0.0071109 0.00483286 
6 10 10 1.54892 0.00527988 0.0031627 
7 10 10 1.55296 0.00316343 0.00140184 
8 10 10 1.55515 0.00123699 -5.35686e-05 
9 10 10 1.55578 -0.000194362 -0.000981461 
10 10 10 1.55538 -0.00105046 -0.00136217 
11 10 10 1.55446 -0.00140392 -0.00130685 
12 10 10 1.55342 -0.00138414 -0.000972573 
13 10 10 1.55252 -0.00111679 -0.000503663 
14 10 10 1.55216 -0.000721032 -2.08658e-05 
15 10 10 1.55353 0.00585872 0.00421521 
0 11 11 0.623701 0.000320098 0.000795301 
1 11 11 0.626242 0.000933344 0.0010831 
2 11 11 0.630237 0.00142624 0.00121048 
3 11 11 0.635159 0.00172263 0.00117928 
4 11 11 0.64034 0.00177454 0.00101184 
5 11 11 0.645085 0.00158273 0.000752902 
6 11 11 0.648833 0.00120388 0.000463771 
7 11 11 0.651279 0.000737335 0.000205352 
8 11 11 0.652423 0.000288839 2.15699e-05 
9 11 11 0.652505 -6.63056e-05 -7.27759e-05 
10 11 11 0.651878 -0.000295732 -8.78806e-05 
11 11 11 0.650896 -0.000403727 -4.75394e-05 
12 11 11 0.64985 -0.000414614 1.95308e-05 
13 11 11 0.648935 -0.000367966 8.42479e-05 
14 11 11 0.648195 -0.000519461 3.11954e-05 
15 11 11 0.649293 0.00732051 0.00372346 
0 12 12 0.0657847 -2.1393e-05 3.76759e-05 
1 12 12 0.0659091 8.16792e-06 3.62289e-05 
2 12 12 0.0662725 3.69195e-05 3.09316e-05 
3 12 12 0.0668317 5.86087e-05 2.3351e-05 
4 12 12 0.0674896 7.06225e-05 1.5346e-05 
5 12 12 0.0681559 7.11459e-05 8.30037e-06 
6 12 12 0.0687384 6.0614e-05 3.46719e-06 
7 12 12 0.0691696 4.25623e-05 1.27806e-06 
8 12 12 0.0694224 2.21795e-05 1.4943e-06 
9 12 12 0.0695104 3.83808e-06 3.10944e-06 
10 12 12 0.0694722 -9.51982e-06 5.4886e-06 
11 12 12 0.069358 -1.72766e-05 8.07052e-06 
12 12 12 0.0692134 -2.01932e-05 1.01937e-05 
13 12 12 0.0690693 -1.99572e-05 1.06588e-05 
14 12 12 0.0688702 -5.00586e-05 5.56371e-06 
15 12 12 0.0672393 0.00229347 0.00118726 
0 13 13 0 0 0 
1 13 13 0 0 0 
2 13 13 0 0 0 
3 13 13 0 0 0 
4 13 13 0 0 0 
5 13 13 0 0 0 
6 13 13 0 0 0 
7 13 13 0 0 0 
8 13 13 0 0 0 
9 13 13 0 0 0 
10 13 13 0 0 0 
11 13 13 0 0 0 
12 13 13 0 0 0 
13 13 13 0 0 0 
14 13 13 0 0 0 
15 13 13 0 0 0 
0 14 14 0 0 0 
1 14 14 0 0 0 
2 14 14 0 0 0 
3 14 14 0 0 0 
4 14 14 0 0 0 
5 14 14 0 0 0 
6 14 14 0 0 0 
7 14 14 0 0 0 
8 14 14 0 0 0 
9 14 14 0 0 0 
10 14 14 0 0 0 
11 14 14 0 0 0 
12 14 14 0 0 0 
13 14 14 0 0 0 
14 14 14 0 0 0 
15 14 14 0 0 0 
0 15 15 0 0 0 
1 15 15 0 0 0 
2 15 15 0 0 0 
3 15 15 0 0 0 
4 15 15 0 0 0 
5 15 15 0 0 0 
6 15 15 0 0 0 
7 15 15 0 0 0 
8 15 15 0 0 0 
9 15 15 0 0 0 
10 15 15 0 0 0 
11 15 15 0 0 0 
12 15 15 0 0 0 
13 15 15 0 0 0 
14 15 15 0 0 0 
15 15 15 0 0 0 
0 0 0 0 0 0 
1 0 0 0 0 0 
2 0 0 0 0 0 
3 0 0 0 0 0 
4 0 0 0 0 0 
5 0 0 0 0 0 
6 0 0 0 0 0 
7 0 0 0 0 0 
8 0 0 0 0 0 
9 0 0 0 0 0 
10 0 0 0 0 0 
11 0 0 0 0 0 
12 0 0 0 0 0 
13 0 0 0 0 0 
14 0 0 0 0 0 
15 0 0 0 0 0 
0 1 1 0 0 0 
1 1 1 0 0 0 
2 1 1 0 0 0 
3 1 1 0 0 0 
4 1 1 0 0 0 
5 1 1 0 0 0 
6 1 1 0 0 0 
7 1 1 0 0 0 
8 1 1 0 0 0 
9 1 1 0 0 0 
10 1 1 0 0 0 
11 1 1 0 0 0 
12 1 1 0 0 0 
13 1 1 0 0 0 
14 1 1 0 0 0 
15 1 1 0 0 0 
0 2 2 0 0 0 
1 2 2 0 0 0 
2 2 2 0 0 0 
3 2 2 0 0 0 
4 2 2 0 0 0 
5 2 2 0 0 0 
6 2 2 0 0 0 
7 2 2 0 0 0 
8 2 2 0 0 0 
9 2 2 0 0 0 
10 2 2 0 0 0 
11 2 2 0 0 0 
12 2 2 0 0 0 
13 2 2 0 0 0 
14 2 2 0 0 0 
15 2 2 0 0 0 
0 3 3 0 0 0 
1 3 3 0 0 0 
2 3 3 0 0 0 
3 3 3 0 0 0 
4 3 3 0 0 0 
5 3 3 0 0 0 
6 3 3 0 0 0 
7 3 3 0 0 0 
8 3 3 0 0 0 
9 3 3 0 0 0 
10 3 3 0 0 0 
11 3 3 0 0 0 
12 3 3 0 0 0 
13 3 3 0 0 0 
14 3 3 0 0 0 
15 3 3 0 0 0 
0 4 4 0.216202 -0.000150328 -0.000359194 
1 4 4 0.216533 -0.000249371 -0.000245457 
2 4 4 0.217623 -0.000312808 -0.000114705 
3 4 4 0.219262 -0.000337593 6.8279e-06 
4 4 4 0.221171 -0.000323 9.89982e-05 
5 4 4 0.223044 -0.00027356 0.000145746 
6 4 4 0.224609 -0.000201152 0.000143852 
7 4 4 0.225687 -0.000121926 0.000102248 
8 4 4 0.226219 -5.32072e-05 3.62705e-05 
9 4 4 0.22626 -5.87933e-06 -3.62819e-05 
10 4 4 0.225945 1.7334e-05 -0.000100329 
11 4 4 0.225428 2.10769e-05 -0.000145971 
12 4 4 0.22485 1.3337e-05 -0.000168384 
13 4 4 0.224303 3.99856e-06 -0.000172792 
14 4 4 0.223704 8.00889e-05 -0.000225349 
15 4 4 0.221621 -0.00457996 0.00302765 
0 5 5 0.775971 -0.000919405 -0.000936596 
1 5 5 0.777916 -0.00171521 -0.000216991 
2 5 5 0.781935 -0.00221068 0.000488527 
3 5 5 0.787308 -0.00236648 0.00105318 
4 5 5 0.793124 -0.00218784 0.00137408 
5 5 5 0.798457 -0.00173893 0.00139917 
6 5 5 0.802552 -0.00113599 0.00115351 
7 5 5 0.805003 -0.000522067 0.000727655 
8 5 5 0.805802 -2.25457e-05 0.000240168 
9 5 5 0.805263 0.000293221 -0.000207832 
10 5 5 0.803858 0.000420338 -0.000552209 
11 5 5 0.802058 0.000398404 -0.000768577 
12 5 5 0.800246 0.000285578 -0.000858023 
13 5 5 0.798677 0.000146541 -0.000850087 
14 5 5 0.797463 0.000211188 -0.000960761 
15 5 5 0.799086 -0.00630721 0.00543641 
0 6 6 1.41765 -0.00100839 -6.07773e-05 
1 6 6 1.41905 -0.00326991 0.00221274 
2 6 6 1.42305 -0.00479648 0.00415871 
3 6 6 1.42897 -0.00543153 0.00546839 
4 6 6 1.43583 -0.00513798 0.00589999 
5 6 6 1.44246 -0.00404834 0.00537963 
6 6 6 1.44774 -0.00247179 0.00407802 
7 6 6 1.45094 -0.000822956 0.00236798 
8 6 6 1.4519 0.000522102 0.000673632 
9 6 6 1.45104 0.00135213 -0.000695072 
10 6 6 1.44902 0.0016477 -0.00160815 
11 6 6 1.44651 0.00151925 -0.00207497 
12 6 6 1.44403 0.00112528 -0.00217155 
13 6 6 1.44193 0.000620863 -0.00199635 
14 6 6 1.44062 0.000174173 -0.00172097 
15 6 6 1.44198 -0.00437981 0.0053199 
0 7 7 1.7322 0.00103434 0.00140044 
1 7 7 1.73132 -0.00132456 0.00541716 
2 7 7 1.7321 -0.00302578 0.00868389 
3 7 7 1.73452 -0.00389222 0.0107332 
4 7 7 1.73827 -0.00385744 0.0111928 
5 7 7 1.74273 -0.00300994 0.00996045 
6 7 7 1.74697 -0.00162136 0.00735811 
7 7 7 1.7501 -9.41724e-05 0.0041021 
8 7 7 1.75162 0.00117429 0.00101469 
9 7 7 1.75161 0.00193691 -0.00132401 
10 7 7 1.75053 0.00214699 -0.00272375 
11 7 7 1.7489 0.00190545 -0.00328046 
12 7 7 1.74716 0.00137726 -0.00320286 
13 7 7 1.74561 0.000728508 -0.00269171 
14 7 7 1.7446 7.71224e-05 -0.0018287 
15 7 7 1.74435 -0.00192342 0.00487994 
0 8 8 1.75756 0.0020393 0.00219668 
1 8 8 1.75717 0.00127005 0.00678673 
2 8 8 1.75806 0.000813122 0.0103785 
3 8 8 1.76032 0.000677196 0.0124813 
4 8 8 1.76384 0.000799782 0.0127348 
5 8 8 1.76812 0.00107193 0.0110938 
6 8 8 1.77233 0.00136825 0.00798119 
7 8 8 1.77564 0.00157714 0.00424121 
8 8 8 1.77753 0.0016266 0.00080919 
9 8 8 1.77805 0.00149029 -0.0016808 
10 8 8 1.77757 0.00118638 -0.0030493 
11 8 8 1.77656 0.000763974 -0.00344504 
12 8 8 1.77539 0.000296993 -0.00314343 
13 8 8 1.77433 -0.000131994 -0.00240146 
14 8 8 1.77367 -0.000435173 -0.00132582 
15 8 8 1.77351 0.000358677 0.00540201 
0 9 9 1.49474 0.00112817 0.00265846 
1 9 9 1.49731 0.00189838 0.00585347 
2 9 9 1.50179 0.00268809 0.00812555 
3 9 9 1.50778 0.00333051 0.00918427 
4 9 9 1.5146 0.00365224 0.00888762 
5 9 9 1.5213 0.00354579 0.00734864 
6 9 9 1.5269 0.00302497 0.00498122 
7 9 9 1.53072 0.0022228 0.00240056 
8 9 9 1.53257 0.00132942 0.000193424 
9 9 9 1.53277 0.00050608 -0.00129205 
10 9 9 1.5319 -0.00015984 -0.0019996 
11 9 9 1.53051 -0.000639152 -0.00206592 
12 9 9 1.52904 -0.00093255 -0.00170042 
13 9 9 1.52779 -0.00105103 -0.00110266 
14 9 9 1.52715 -0.00102454 -0.000463222 
15 9 9 1.52846 0.00276887 0.00653896 
0 10 10 0.934364 -0.00014293 0.00176342 
1 10 10 0.937878 0.000653305 0.00278326 
2 10 10 0.943357 0.00140329 0.00337635 
3 10 10 0.950087 0.00196932 0.00349494 
4 10 10 0.957153 0.00223535 0.00315792 
5 10 10 0.963594 0.0021507 0.0024667 
6 10 10 0.968627 0.00175471 0.00159472 
7 10 10 0.971834 0.0011653 0.000743461 
8 10 10 0.973235 0.000530061 7.67089e-05 
9 10 10 0.973185 -3.05072e-05 -0.000325617 
10 10 10 0.972195 -0.000448296 -0.000470562 
11 10 10 0.970758 -0.000704586 -0.000419096 
12 10 10 0.96927 -0.000812073 -0.000251226 
13 10 10 0.967996 -0.000806638 -5.0426e-05 
14 10 10 0.967123 -0.000914946 -8.37314e-05 
15 10 10 0.969846 0.00565818 0.00672425 
0 11 11 0.274997 -0.000207936 0.000442936 
1 11 11 0.275924 -4.33235e-05 0.00054368 
2 11 11 0.27766 0.000122523 0.000573661 
3 11 11 0.279952 0.000259761 0.000539802 
4 11 11 0.28247 0.000342442 0.000456406 
5 11 11 0.284863 0.000356803 0.000343111 
6 11 11 0.286824 0.000305703 0.000222964 
7 11 11 0.288165 0.000208984 0.000118511 
8 11 11 0.288849 9.49092e-05 4.59256e-05 
9 11 11 0.288971 -1.14229e-05 1.006e-05 
10 11 11 0.288694 -9.32879e-05 6.47994e-06 
11 11 11 0.288201 -0.000144604 2.44862e-05 
12 11 11 0.287648 -0.000166692 5.11088e-05 
13 11 11 0.287137 -0.000167149 7.23722e-05 
14 11 11 0.28661 -0.000252632 -3.75668e-06 
15 11 11 0.28531 0.00485545 0.00369042 
0 12 12 0 0 0 
1 12 12 0 0 0 
2 12 12 0 0 0 
3 12 12 0 0 0 
4 12 12 0 0 0 
5 12 12 0 0 0 
6 12 12 0 0 0 
7 12 12 0 0 0 
8 12 12 0 0 0 
9 12 12 0 0 0 
10 12 12 0 0 0 
11 12 12 0 0 0 
12 12 12 0 0 0 
13 12 12 0 0 0 
14 12 12 0 0 0 
15 12 12 0 0 0 
0 13 13 0 0 0 
1 13 13 0 0 0 
2 13 13 0 0 0 
3 13 13 0 0 0 
4 13 13 0 0 0 
5 13 13 0 0 0 
6 13 13 0 0 0 
7 13 13 0 0 0 
8 13 13 0 0 0 
9 13 13 0 0 0 
10 13 13 0 0 0 
11 13 13 0 0 0 
12 13 13 0 0 0 
13 13 13 0 0 0 
14 13 13 0 0 0 
15 13 13 0 0 0 
0 14 14 0 0 0 
1 14 14 0 0 0 
2 14 14 0 0 0 
3 14 14 0 0 0 
4 14 14 0 0 0 
5 14 14 0 0 0 
6 14 14 0 0 0 
7 14 14 0 0 0 
8 14 14 0 0 0 
9 14 14 0 0 0 
10 14 14 0 0 0 
11 14 14 0 0 0 
12 14 14 0 0 0 
13 14 14 0 0 0 
14 14 14 0 0 0 
15 14 14 0 0 0 
0 15 15 0 0 0 
1 15 15 0 0 0 
2 15 15 0 0 0 
3 15 15 0 0 0 
4 15 15 0 0 0 
5 15 15 0 0 0 
6 15 15 0 0 0 
7 15 15 0 0 0 
8 15 15 0 0 0 
9 15 15 0 0 0 
10 15 15 0 0 0 
11 15 15 0 0 0 
12 15 15 0 0 0 
13 15 15 0 0 0 
14 15 15 0 0 0 
15 15 15 0 0 0 
0 0 0 0 0 0 
1 0 0 0 0 0 
2 0 0 0 0 0 
3 0 0 0 0 0 
4 0 0 0 0 0 
5 0 0 0 0 0 
6 0 0 0 0 0 
7 0 0 0 0 0 
8 0 0 0 0 0 
9 0 0 0 0 0 
10 0 0 0 0 0 
11 0 0 0 0 0 
12 0 0 0 0 0 
13 0 0 0 0 0 
14 0 0 0 0 0 
15 0 0 0 0 0 
0 1 1 0 0 0 
1 1 1 0 0 0 
2 1 1 0 0 0 
3 1 1 0 0 0 
4 1 1 0 0 0 
5 1 1 0 0 0 
6 1 1 0 0 0 
7 1 1 0 0 0 
8 1 1 0 0 0 
9 1 1 0 0 0 
10 1 1 0 0 0 
11 1 1 0 0 0 
12 1 1 0 0 0 
13 1 1 0 0 0 
14 1 1 0 0 0 
15 1 1 0 0 0 
0 2 2 0 0 0 
1 2 2 0 0 0 
2 2 2 0 0 0 
3 2 2 0 0 0 
4 2 2 0 0 0 
5 2 2 0 0 0 
6 2 2 0 0 0 
7 2 2 0 0 0 
8 2 2 0 0 0 
9 2 2 0 0 0 
10 2 2 0 0 0 
11 2 2 0 0 0 
12 2 2 0 0 0 
13 2 2 0 0 0 
14 2 2 0 0 0 
15 2 2 0 0 0 
0 3 3 0 0 0 
1 3 3 0 0 0 
2 3 3 0 0 0 
3 3 3 0 0 0 
4 3 3 0 0 0 
5 3 3 0 0 0 
6 3 3 0 0 0 
7 3 3 0 0 0 
8 3 3 0 0 0 
9 3 3 0 0 0 
10 3 3 0 0 0 
11 3 3 0 0 0 
12 3 3 0 0 0 
13 3 3 0 0 0 
14 3 3 0 0 0 
15 3 3 0 0 0 
0 4 4 0 0 0 
1 4 4 0 0 0 
2 4 4 0 0 0 
3 4 4 0 0 0 
4 4 4 0 0 0 
5 4 4 0 0 0 
6 4 4 0 0 0 
7 4 4 0 0 0 
8 4 4 0 0 0 
9 4 4 0 0 0 
10 4 4 0 0 0 
11 4 4 0 0 0 
12 4 4 0 0 0 
13 4 4 0 0 0 
14 4 4 0 0 0 
15 4 4 0 0 0 
0 5 5 0.224694 -0.000426186 -0.000354216 
1 5 5 0.225077 -0.000488024 -0.000217397 
2 5 5 0.226234 -0.000490635 -6.65177e-05 
3 5 5 0.227953 -0.000442956 7.11857e-05 
4 5 5 0.229944 -0.000362654 0.000169816 
5 5 5 0.231893 -0.000267032 0.000211778 
6 5 5 0.233518 -0.000172072 0.000196592 
7 5 5 0.234633 -9.36516e-05 0.000136775 
8 5 5 0.235184 -4.34777e-05 5.36157e-05 
9 5 5 0.235232 -2.39996e-05 -3.19224e-05 
10 5 5 0.234917 -2.98625e-05 -0.000102981 
11 5 5 0.234398 -5.10052e-05 -0.000151666 
12 5 5 0.233817 -7.5799e-05 -0.000175528 
13 5 5 0.233266 -9.22635e-05 -0.000179994 
14 5 5 0.232663 -3.23938e-05 -0.000251511 
15 5 5 0.230601 -0.00338029 0.00444885 
0 6 6 0.519424 -0.00121392 -0.000522325 
1 6 6 0.520841 -0.00140793 -9.59634e-07 
2 6 6 0.523711 -0.00140251 0.000483827 
3 6 6 0.52754 -0.0012304 0.000859641 
4 6 6 0.53173 -0.000949807 0.00105383 
5 6 6 0.535607 -0.000625829 0.00103492 
6 6 6 0.538646 -0.00032498 0.000833753 
7 6 6 0.540552 -9.96836e-05 0.000517176 
8 6 6 0.541305 2.21191e-05 0.000170773 
9 6 6 0.541103 4.13657e-05 -0.000135835 
10 6 6 0.540265 -1.66258e-05 -0.000359722 
11 6 6 0.539116 -0.000116283 -0.000490194 
12 6 6 0.537927 -0.000221578 -0.000534616 
13 6 6 0.536874 -0.000300125 -0.000519074 
14 6 6 0.535965 -0.000239581 -0.00064616 
15 6 6 0.536085 -0.00375869 0.00676872 
0 7 7 0.840273 -0.00189469 1.21737e-05 
1 7 7 0.842831 -0.00211484 0.00118544 
2 7 7 0.847421 -0.00199807 0.00214245 
3 7 7 0.853318 -0.00162834 0.00274121 
4 7 7 0.859602 -0.00110962 0.00288855 
5 7 7 0.865332 -0.000563617 0.00258094 
6 7 7 0.869739 -0.000113697 0.00192142 
7 7 7 0.872417 0.000165222 0.00109431 
8 7 7 0.873379 0.000250051 0.000294322 
9 7 7 0.872964 0.00016721 -0.000339864 
10 7 7 0.871665 -2.59277e-05 -0.000747584 
11 7 7 0.869967 -0.000262369 -0.000935889 
12 7 7 0.868255 -0.000482804 -0.000947001 
13 7 7 0.866784 -0.000642031 -0.000849653 
14 7 7 0.865701 -0.000665037 -0.000957081 
15 7 7 0.867408 -0.00252576 0.00816989 
0 8 8 0.891069 -0.00185102 0.000976217 
1 8 8 0.893991 -0.00183366 0.00223494 
2 8 8 0.89899 -0.00151751 0.00314555 
3 8 8 0.905318 -0.00101168 0.00358973 
4 8 8 0.912029 -0.000449982 0.00351558 
5 8 8 0.918144 3.79188e-05 0.00297154 
6 8 8 0.922866 0.000353352 0.00210664 
7 8 8 0.925772 0.000455875 0.00113856 
8 8 8 0.92688 0.00036455 0.00027576 
9 8 8 0.926546 0.000137974 -0.000350051 
10 8 8 0.925285 -0.000152424 -0.000700913 
11 8 8 0.923601 -0.000439359 -0.000809462 
12 8 8 0.921894 -0.00067077 -0.000742954 
13 8 8 0.920432 -0.000812162 -0.000588202 
14 8 8 0.91938 -0.000876666 -0.000683261 
15 8 8 0.921356 0.000497475 0.00861145 
0 9 9 0.595797 -0.00121679 0.000901212 
1 9 9 0.597899 -0.000972159 0.00149801 
2 9 9 0.601499 -0.000591896 0.00187275 
3 9 9 0.606066 -0.00016809 0.00199117 
4 9 9 0.610928 0.000201367 0.00185385 
5 9 9 0.615393 0.000439242 0.00150659 
6 9 9 0.618898 0.000509547 0.00103566 
7 9 9 0.621136 0.000424098 0.000549568 
8 9 9 0.622099 0.000230562 0.000143989 
9 9 9 0.622021 -9.16567e-06 -0.000126331 
10 9 9 0.621255 -0.000244352 -0.000254258 
11 9 9 0.62015 -0.000436381 -0.000265839 
12 9 9 0.618998 -0.00056281 -0.0002022 
13 9 9 0.617992 -0.000617946 -0.000112976 
14 9 9 0.617179 -0.000693237 -0.000240376 
15 9 9 0.617925 0.00274485 0.00761408 
0 10 10 0.256419 -0.000507454 0.00036824 
1 10 10 0.2572 -0.000361174 0.000488443 
2 10 10 0.258761 -0.000177111 0.000543891 
3 10 10 0.260867 5.7168e-06 0.000536416 
4 10 10 0.263207 0.000149321 0.000474786 
5 10 10 0.265443 0.000227123 0.000375088 
6 10 10 0.267285 0.000231067 0.000257717 
7 10 10 0.268547 0.000173218 0.000146259 
8 10 10 0.269187 7.86901e-05 5.98314e-05 
9 10 10 0.269292 -2.67562e-05 9.36086e-06 
10 10 10 0.269019 -0.000120149 -8.13189e-06 
11 10 10 0.268537 -0.000189339 -5.1234e-07 
12 10 10 0.267995 -0.000229017 2.02466e-05 
13 10 10 0.267492 -0.000242054 4.05967e-05 
14 10 10 0.266956 -0.00031075 -4.47461e-05 
15 10 10 0.265519 0.00323281 0.00495846 
0 11 11 0 0 0 
1 11 11 0 0 0 
2 11 11 0 0 0 
3 11 11 0 0 0 
4 11 11 0 0 0 
5 11 11 0 0 0 
6 11 11 0 0 0 
7 11 11 0 0 0 
8 11 11 0 0 0 
9 11 11 0 0 0 
10 11 11 0 0 0 
11 11 11 0 0 0 
12 11 11 0 0 0 
13 11 11 0 0 0 
14 11 11 0 0 0 
15 11 11 0 0 0 
0 12 12 0 0 0 
1 12 12 0 0 0 
2 12 12 0 0 0 
3 12 12 0 0 0 
4 12 12 0 0 0 
5 12 12 0 0 0 
6 12 12 0 0 0 
7 12 12 0 0 0 
8 12 12 0 0 0 
9 12 12 0 0 0 
10 12 12 0 0 0 
11 12 12 0 0 0 
12 12 12 0 0 0 
13 12 12 0 0 0 
14 12 12 0 0 0 
15 12 12 0 0 0 
0 13 13 0 0 0 
1 13 13 0 0 0 
2 13 13 0 0 0 
3 13 13 0 0 0 
4 13 13 0 0 0 
5 13 13 0 0 0 
6 13 13 0 0 0 
7 13 13 0 0 0 
8 13 13 0 0 0 
9 13 13 0 0 0 
10 13 13 0 0 0 
11 13 13 0 0 0 
12 13 13 0 0 0 
13 13 13 0 0 0 
14 13 13 0 0 0 
15 13 13 0 0 0 
0 14 14 0 0 0 
1 14 14 0 0 0 
2 14 14 0 0 0 
3 14 14 0 0 0 
4 14 14 0 0 0 
5 14 14 0 0 0 
6 14 14 0 0 0 
7 14 14 0 0 0 
8 14 14 0 0 0 
9 14 14 0 0 0 
10 14 14 0 0 0 
11 14 14 0 0 0 
12 14 14 0 0 0 
13 14 14 0 0 0 
14 14 14 0 0 0 
15 14 14 0 0 0 
0 15 15 0 0 0 
1 15 15 0 0 0 
2 15 15 0 0 0 
3 15 15 0 0 0 
4 15 15 0 0 0 
5 15 15 0 0 0 
6 15 15 0 0 0 
7 15 15 0 0 0 
8 15 15 0 0 0 
9 15 15 0 0 0 
10 15 15 0 0 0 
11 15 15 0 0 0 
12 15 15 0 0 0 
13 15 15 0 0 0 
14 15 15 0 0 0 
15 15 15 0 0 0 
0 0 0 0 0 0 
1 0 0 0 0 0 
2 0 0 0 0 0 
3 0 0 0 0 0 
4 0 0 0 0 0 
5 0 0 0 0 0 
6 0 0 0 0 0 
7 0 0 0 0 0 
8 0 0 0 0 0 
9 0 0 0 0 0 
10 0 0 0 0 0 
11 0 0 0 0 0 
12 0 0 0 0 0 
13 0 0 0 0 0 
14 0 0 0 0 0 
15 0 0 0 0 0 
0 1 1 0 0 0 
1 1 1 0 0 0 
2 1 1 0 0 0 
3 1 1 0 0 0 
4 1 1 0 0 0 
5 1 1 0 0 0 
6 1 1 0 0 0 
7 1 1 0 0 0 
8 1 1 0 0 0 
9 1 1 0 0 0 
10 1 1 0 0 0 
11 1 1 0 0 0 
12 1 1 0 0 0 
13 1 1 0 0 0 
14 1 1 0 0 0 
15 1 1 0 0 0 
0 2 2 0 0 0 
1 2 2 0 0 0 
2 2 2 0 0 0 
3 2 2 0 0 0 
4 2 2 0 0 0 
5 2 2 0 0 0 
6 2 2 0 0 0 
7 2 2 0 0 0 
8 2 2 0 0 0 
9 2 2 0 0 0 
10 2 2 0 0 0 
11 2 2 0 0 0 
12 2 2 0 0 0 
13 2 2 0 0 0 
14 2 2 0 0 0 
15 2 2 0 0 0 
0 3 3 0 0 0 
1 3 3 0 0 0 
2 3 3 0 0 0 
3 3 3 0 0 0 
4 3 3 0 0 0 
5 3 3 0 0 0 
6 3 3 0 0 0 
7 3 3 0 0 0 
8 3 3 0 0 0 
9 3 3 0 0 0 
10 3 3 0 0 0 
11 3 3 0 0 0 
12 3 3 0 0 0 
13 3 3 0 0 0 
14 3 3 0 0 0 
15 3 3 0 0 0 
0 4 4 0 0 0 
1 4 4 0 0 0 
2 4 4 0 0 0 
3 4 4 0 0 0 
4 4 4 0 0 0 
5 4 4 0 0 0 
6 4 4 0 0 0 
7 4 4 0 0 0 
8 4 4 0 0 0 
9 4 4 0 0 0 
10 4 4 0 0 0 
11 4 4 0 0 0 
12 4 4 0 0 0 
13 4 4 0 0 0 
14 4 4 0 0 0 
15 4 4 0 0 0 
0 5 5 0 0 0 
1 5 5 0 0 0 
2 5 5 0 0 0 
3 5 5 0 0 0 
4 5 5 0 0 0 
5 5 5 0 0 0 
6 5 5 0 0 0 
7 5 5 0 0 0 
8 5 5 0 0 0 
9 5 5 0 0 0 
10 5 5 0 0 0 
11 5 5 0 0 0 
12 5 5 0 0 0 
13 5 5 0 0 0 
14 5 5 0 0 0 
15 5 5 0 0 0 
0 6 6 0 0 0 
1 6 6 0 0 0 
2 6 6 0 0 0 
3 6 6 0 0 0 
4 6 6 0 0 0 
5 6 6 0 0 0 
6 6 6 0 0 0 
7 6 6 0 0 0 
8 6 6 0 0 0 
9 6 6 0 0 0 
10 6 6 0 0 0 
11 6 6 0 0 0 
12 6 6 0 0 0 
13 6 6 0 0 0 
14 6 6 0 0 0 
15 6 6 0 0 0 
0 7 7 0.128481 -0.000363408 -9.38469e-05 
1 7 7 0.128679 -0.000314874 -2.00144e-05 
2 7 7 0.129346 -0.000238416 5.09338e-05 
3 7 7 0.130367 -0.000153899 0.000107178 
4 7 7 0.131578 -7.66029e-05 0.000140296 
5 7 7 0.132795 -1.99858e-05 0.00014572 
6 7 7 0.133843 8.13568e-06 0.000124118 
7 7 7 0.134598 9.7387e-06 8.40724e-05 
8 7 7 0.135012 -8.81877e-06 3.75973e-05 
9 7 7 0.135115 -3.89302e-05 -5.40209e-06 
10 7 7 0.134984 -7.14841e-05 -3.74295e-05 
11 7 7 0.134714 -9.92458e-05 -5.65136e-05 
12 7 7 0.134392 -0.000117483 -6.37893e-05 
13 7 7 0.134074 -0.000123718 -6.42299e-05 
14 7 7 0.133681 -0.000112931 -0.000120256 
15 7 7 0.131535 -0.00104887 0.00388475 
0 8 8 0.138752 -0.00041407 3.16484e-05 
1 8 8 0.138999 -0.000374652 9.61306e-05 
2 8 8 0.139748 -0.000300021 0.000147226 
3 8 8 0.140871 -0.000209635 0.000178713 
4 8 8 0.14219 -0.00012217 0.000186544 
5 8 8 0.143505 -5.27451e-05 0.000171031 
6 8 8 0.14463 -1.12863e-05 0.000135748 
7 8 8 0.145434 1.27201e-06 8.98295e-05 
8 8 8 0.145871 -9.91182e-06 4.43047e-05 
9 8 8 0.145975 -3.64443e-05 7.28133e-06 
10 8 8 0.145831 -6.89391e-05 -1.66405e-05 
11 8 8 0.145542 -9.87334e-05 -2.77863e-05 
12 8 8 0.145199 -0.000119487 -2.94497e-05 
13 8 8 0.144864 -0.000126257 -2.76465e-05 
14 8 8 0.144455 -0.000120377 -8.97012e-05 
15 8 8 0.142345 0.000647261 0.00412221 
0 9 9 0 0 0 
1 9 9 0 0 0 
2 9 9 0 0 0 
3 9 9 0 0 0 
4 9 9 0 0 0 
5 9 9 0 0 0 
6 9 9 0 0 0 
7 9 9 0 0 0 
8 9 9 0 0 0 
9 9 9 0 0 0 
10 9 9 0 0 0 
11 9 9 0 0 0 
12 9 9 0 0 0 
13 9 9 0 0 0 
14 9 9 0 0 0 
15 9 9 0 0 0 
0 10 10 0 0 0 
1 10 10 0 0 0 
2 10 10 0 0 0 
3 10 10 0 0 0 
4 10 10 0 0 0 
5 10 10 0 0 0 
6 10 10 0 0 0 
7 10 10 0 0 0 
8 10 10 0 0 0 
9 10 10 0 0 0 
10 10 10 0 0 0 
11 10 10 0 0 0 
12 10 10 0 0 0 
13 10 10 0 0 0 
14 10 10 0 0 0 
15 10 10 0 0 0 
0 11 11 0 0 0 
1 11 11 0 0 0 
2 11 11 0 0 0 
3 11 11 0 0 0 
4 11 11 0 0 0 
5 11 11 0 0 0 
6 11 11 0 0 0 
7 11 11 0 0 0 
8 11 11 0 0 0 
9 11 11 0 0 0 
10 11 11 0 0 0 
11 11 11 0 0 0 
12 11 11 0 0 0 
13 11 11 0 0 0 
14 11 11 0 0 0 
15 11 11 0 0 0 
0 12 12 0 0 0 
1 12 12 0 0 0 
2 12 12 0 0 0 
3 12 12 0 0 0 
4 12 12 0 0 0 
5 12 12 0 0 0 
6 12 12 0 0 0 
7 12 12 0 0 0 
8 12 12 0 0 0 
9 12 12 0 0 0 
10 12 12 0 0 0 
11 12 12 0 0 0 
12 12 12 0 0 0 
13 12 12 0 0 0 
14 12 12 0 0 0 
15 12 12 0 0 0 
0 13 13 0 0 0 
1 13 13 0 0 0 
2 13 13 0 0 0 
3 13 13 0 0 0 
4 13 13 0 0 0 
5 13 13 0 0 0 
6 13 13 0 0 0 
7 13 13 0 0 0 
8 13 13 0 0 0 
9 13 13 0 0 0 
10 13 13 0 0 0 
11 13 13 0 0 0 
12 13 13 0 0 0 
13 13 13 0 0 0 
14 13 13 0 0 0 
15 13 13 0 0 0 
0 14 14 0 0 0 
1 14 14 0 0 0 
2 14 14 0 0 0 
3 14 14 0 0 0 
4 14 14 0 0 0 
5 14 14 0 0 0 
6 14 14 0 0 0 
7 14 14 0 0 0 
8 14 14 0 0 0 
9 14 14 0 0 0 
10 14 14 0 0 0 
11 14 14 0 0 0 
12 14 14 0 0 0 
13 14 14 0 0 0 
14 14 14 0 0 0 
15 14 14 0 0 0 
0 15 15 0 0 0 
1 15 15 0 0 0 
2 15 15 0 0 0 
3 15 15 0 0 0 
4 15 15 0 0 0 
5 15 15 0 0 0 
6 15 15 0 0 0 
7 15 15 0 0 0 
8 15 15 0 0 0 
9 15 15 0 0 0 
10 15 15 0 0 0 
11 15 15 0 0 0 
12 15 15 0 0 0 
13 15 15 0 0 0 
14 15 15 0 0 0 
15 15 15 0 0 0 
0 0 0 0 0 0 
1 0 0 0 0 0 
2 0 0 0 0 0 
3 0 0 0 0 0 
4 0 0 0 0 0 
5 0 0 0 0 0 
6 0 0 0 0 0 
7 0 0 0 0 0 
8 0 0 0 0 0 
9 0 0 0 0 0 
10 0 0 0 0 0 
11 0 0 0 0 0 
12 0 0 0 0 0 
13 0 0 0 0 0 
14 0 0 0 0 0 
15 0 0 0 0 0 
0 1 1 0 0 0 
1 1 1 0 0 0 
2 1 1 0 0 0 
3 1 1 0 0 0 
4 1 1 0 0 0 
5 1 1 0 0 0 
6 1 1 0 0 0 
7 1 1 0 0 0 
8 1 1 0 0 0 
9 1 1 0 0 0 
10 1 1 0 0 0 
11 1 1 0 0 0 
12 1 1 0 0 0 
13 1 1 0 0 0 
14 1 1 0 0 0 
15 1 1 0 0 0 
0 2 2 0 0 0 
1 2 2 0 0 0 
2 2 2 0 0 0 
3 2 2 0 0 0 
4 2 2 0 0 0 
5 2 2 0 0 0 
6 2 2 0 0 0 
7 2 2 0 0 0 
8 2 2 0 0 0 
9 2 2 0 0 0 
10 2 2 0 0 0 
11 2 2 0 0 0 
12 2 2 0 0 0 
13 2 2 0 0 0 
14 2 2 0 0 0 
15 2 2 0 0 0 
0 3 3 0 0 0 
1 3 3 0 0 0 
2 3 3 0 0 0 
3 3 3 0 0 0 
4 3 3 0 0 0 
5 3 3 0 0 0 
6 3 3 0 0 0 
7 3 3 0 0 0 
8 3 3 0 0 0 
9 3 3 0 0 0 
10 3 3 0 0 0 
11 3 3 0 0 0 
12 3 3 0 0 0 
13 3 3 0 0 0 
14 3 3 0 0 0 
15 3 3 0 0 0 
0 4 4 0 0 0 
1 4 4 0 0 0 
2 4 4 0 0 0 
3 4 4 0 0 0 
4 4 4 0 0 0 
5 4 4 0 0 0 
6 4 4 0 0 0 
7 4 4 0 0 0 
8 4 4 0 0 0 
9 4 4 0 0 0 
10 4 4 0 0 0 
11 4 4 0 0 0 
12 4 4 0 0 0 
13 4 4 0 0 0 
14 4 4 0 0 0 
15 4 4 0 0 0 
0 5 5 0 0 0 
1 5 5 0 0 0 
2 5 5 0 0 0 
3 5 5 0 0 0 
4 5 5 0 0 0 
5 5 5 0 0 0 
6 5 5 0 0 0 
7 5 5 0 0 0 
8 5 5 0 0 0 
9 5 5 0 0 0 
10 5 5 0 0 0 
11 5 5 0 0 0 
12 5 5 0 0 0 
13 5 5 0 0 0 
14 5 5 0 0 0 
15 5 5 0 0 0 
0 6 6 0 0 0 
1 6 6 0 0 0 
2 6 6 0 0 0 
3 6 6 0 0 0 
4 6 6 0 0 0 
5 6 6 0 0 0 
6 6 6 0 0 0 
7 6 6 0 0 0 
8 6 6 0 0 0 
9 6 6 0 0 0 
10 6 6 0 0 0 
11 6 6 0 0 0 
12 6 6 0 0 0 
13 6 6 0 0 0 
14 6 6 0 0 0 
15 6 6 0 0 0 
0 7 7 0 0 0 
1 7 7 0 0 0 
2 7 7 0 0 0 
3 7 7 0 0 0 
4 7 7 0 0 0 
5 7 7 0 0 0 
6 7 7 0 0 0 
7 7 7 0 0 0 
8 7 7 0 0 0 
9 7 7 0 0 0 
10 7 7 0 0 0 
11 7 7 0 0 0 
12 7 7 0 0 0 
13 7 7 0 0 0 
14 7 7 0 0 0 
15 7 7 0 0 0 
0 8 8 0 0 0 
1 8 8 0 0 0 
2 8 8 0 0 0 
3 8 8 0 0 0 
4 8 8 0 0 0 
5 8 8 0 0 0 
6 8 8 0 0 0 
7 8 8 0 0 0 
8 8 8 0 0 0 
9 8 8 0 0 0 
10 8 8 0 0 0 
11 8 8 0 0 0 
12 8 8 0 0 0 
13 8 8 0 0 0 
14 8 8 0 0 0 
15 8 8 0 0 0 
0 9 9 0 0 0 
1 9 9 0 0 0 
2 9 9 0 0 0 
3 9 9 0 0 0 
4 9 9 0 0 0 
5 9 9 0 0 0 
6 9 9 0 0 0 
7 9 9 0 0 0 
8 9 9 0 0 0 
9 9 9 0 0 0 
10 9 9 0 0 0 
11 9 9 0 0 0 
12 9 9 0 0 0 
13 9 9 0 0 0 
14 9 9 0 0 0 
15 9 9 0 0 0 
0 10 10 0 0 0 
1 10 10 0 0 0 
2 10 10 0 0 0 
3 10 10 0 0 0 
4 10 10 0 0 0 
5 10 10 0 0 0 
6 10 10 0 0 0 
7 10 10 0 0 0 
8 10 10 0 0 0 
9 10 10 0 0 0 
10 10 10 0 0 0 
11 10 10 0 0 0 
12 10 10 0 0 0 
13 10 10 0 0 0 
14 10 10 0 0 0 
15 10 10 0 0 0 
0 11 11 0 0 0 
1 11 11 0 0 0 
2 11 11 0 0 0 
3 11 11 0 0 0 
4 11 11 0 0 0 
5 11 11 0 0 0 
6 11 11 0 0 0 
7 11 11 0 0 0 
8 11 11 0 0 0 
9 11 11 0 0 0 
10 11 11 0 0 0 
11 11 11 0 0 0 
12 11 11 0 0 0 
13 11 11 0 0 0 
14 11 11 0 0 0 
15 11 11 0 0 0 
0 12 12 0 0 0 
1 12 12 0 0 0 
2 12 12 0 0 0 
3 12 12 0 0 0 
4 12 12 0 0 0 
5 12 12 0 0 0 
6 12 12 0 0 0 
7 12 12 0 0 0 
8 12 12 0 0 0 
9 12 12 0 0 0 
10 12 12 0 0 0 
11 12 12 0 0 0 
12 12 12 0 0 0 
13 12 12 0 0 0 
14 12 12 0 0 0 
15 12 12 0 0 0 
0 13 13 0 0 0 
1 13 13 0 0 0 
2 13 13 0 0 0 
3 13 13 0 0 0 
4 13 13 0 0 0 
5 13 13 0 0 0 
6 13 13 0 0 0 
7 13 13 0 0 0 
8 13 13 0 0 0 
9 13 13 0 0 0 
10 13 13 0 0 0 
11 13 13 0 0 0 
12 13 13 0 0 0 
13 13 13 0 0 0 
14 13 13 0 0 0 
15 13 13 0 0 0 
0 14 14 0 0 0 
1 14 14 0 0 0 
2 14 14 0 0 0 
3 14 14 0 0 0 
4 14 14 0 0 0 
5 14 14 0 0 0 
6 14 14 0 0 0 
7 14 14 0 0 0 
8 14 14 0 0 0 
9 14 14 0 0 0 
10 14 14 0 0 0 
11 14 14 0 0 0 
12 14 14 0 0 0 
13 14 14 0 0 0 
14 14 14 0 0 0 
15 14 14 0 0 0 
0 15 15 0 0 0 
1 15 15 0 0 0 
2 15 15 0 0 0 
3 15 15 0 0 0 
4 15 15 0 0 0 
5 15 15 0 0 0 
6 15 15 0 0 0 
7 15 15 0 0 0 
8 15 15 0 0 0 
9 15 15 0 0 0 
10 15 15 0 0 0 
11 15 15 0 0 0 
12 15 15 0 0 0 
13 15 15 0 0 0 
14 15 15 0 0 0 
15 15 15 0 0 0 
0 0 0 0 0 0 
1 0 0 0 0 0 
2 0 0 0 0 0 
3 0 0 0 0 0 
4 0 0 0 0 0 
5 0 0 0 0 0 
6 0 0 0 0 0 
7 0 0 0 0 0 
8 0 0 0 0 0 
9 0 0 0 0 0 
10 0 0 0 0 0 
11 0 0 0 0 0 
12 0 0 0 0 0 
13 0 0 0 0 0 
14 0 0 0 0 0 
15 0 0 0 0 0 
0 1 1 0 0 0 
1 1 1 0 0 0 
2 1 1 0 0 0 
3 1 1 0 0 0 
4 1 1 0 0 0 
5 1 1 0 0 0 
6 1 1 0 0 0 
7 1 1 0 0 0 
8 1 1 0 0 0 
9 1 1 0 0 0 
10 1 1 0 0 0 
11 1 1 0 0 0 
12 1 1 0 0 0 
13 1 1 0 0 0 
14 1 1 0 0 0 
15 1 1 0 0 0 
0 2 2 0 0 0 
1 2 2 0 0 0 
2 2 2 0 0 0 
3 2 2 0 0 0 
4 2 2 0 0 0 
5 2 2 0 0 0 
6 2 2 0 0 0 
7 2 2 0 0 0 
8 2 2 0 0 0 
9 2 2 0 0 0 
10 2 2 0 0 0 
11 2 2 0 0 0 
12 2 2 0 0 0 
13 2 2 0 0 0 
14 2 2 0 0 0 
15 2 2 0 0 0 
0 3 3 0 0 0 
1 3 3 0 0 0 
2 3 3 0 0 0 
3 3 3 0 0 0 
4 3 3 0 0 0 
5 3 3 0 0 0 
6 3 3 0 0 0 
7 3 3 0 0 0 
8 3 3 0 0 0 
9 3 3 0 0 0 
10 3 3 0 0 0 
11 3 3 0 0 0 
12 3 3 0 0 0 
13 3 3 0 0 0 
14 3 3 0 0 0 
15 3 3 0 0 0 
0 4 4 0 0 0 
1 4 4 0 0 0 
2 4 4 0 0 0 
3 4 4 0 0 0 
4 4 4 0 0 0 
5 4 4 0 0 0 
6 4 4 0 0 0 
7 4 4 0 0 0 
8 4 4 0 0 0 
9 4 4 0 0 0 
10 4 4 0 0 0 
11 4 4 0 0 0 
12 4 4 0 0 0 
13 4 4 0 0 0 
14 4 4 0 0 0 
15 4 4 0 0 0 
0 5 5 0 0 0 
1 5 5 0 0 0 
2 5 5 0 0 0 
3 5 5 0 0 0 
4 5 5 0 0 0 
5 5 5 0 0 0 
6 5 5 0 0 0 
7 5 5 0 0 0 
8 5 5 0 0 0 
9 5 5 0 0 0 
10 5 5 0 0 0 
11 5 5 0 0 0 
12 5 5 0 0 0 
13 5 5 0 0 0 
14 5 5 0 0 0 
15 5 5 0 0 0 
0 6 6 0 0 0 
1 6 6 0 0 0 
2 6 6 0 0 0 
3 6 6 0 0 0 
4 6 6 0 0 0 
5 6 6 0 0 0 
6 6 6 0 0 0 
7 6 6 0 0 0 
8 6 6 0 0 0 
9 6 6 0 0 0 
10 6 6 0 0 0 
11 6 6 0 0 0 
12 6 6 0 0 0 
13 6 6 0 0 0 
14 6 6 0 0 0 
15 6 6 0 0 0 
0 7 7 0 0 0 
1 7 7 0 0 0 
2 7 7 0 0 0 
3 7 7 0 0 0 
4 7 7 0 0 0 
5 7 7 0 0 0 
6 7 7 0 0 0 
7 7 7 0 0 0 
8 7 7 0 0 0 
9 7 7 0 0 0 
10 7 7 0 0 0 
11 7 7 0 0 0 
12 7 7 0 0 0 
13 7 7 0 0 0 
14 7 7 0 0 0 
15 7 7 0 0 0 
0 8 8 0 0 0 
1 8 8 0 0 0 
2 8 8 0 0 0 
3 8 8 0 0 0 
4 8 8 0 0 0 
5 8 8 0 0 0 
6 8 8 0 0 0 
7 8 8 0 0 0 
8 8 8 0 0 0 
9 8 8 0 0 0 
10 8 8 0 0 0 
11 8 8 0 0 0 
12 8 8 0 0 0 
13 8 8 0 0 0 
14 8 8 0 0 0 
15 8 8 0 0 0 
0 9 9 0 0 0 
1 9 9 0 0 0 
2 9 9 0 0 0 
3 9 9 0 0 0 
4 9 9 0 0 0 
5 9 9 0 0 0 
6 9 9 0 0 0 
7 9 9 0 0 0 
8 9 9 0 0 0 
9 9 9 0 0 0 
10 9 9 0 0 0 
11 9 9 0 0 0 
12 9 9 0 0 0 
13 9 9 0 0 0 
14 9 9 0 0 0 
15 9 9 0 0 0 
0 10 10 0 0 0 
1 10 10 0 0 0 
2 10 10 0 0 0 
3 10 10 0 0 0 
4 10 10 0 0 0 
5 10 10 0 0 0 
6 10 10 0 0 0 
7 10 10 0 0 0 
8 10 10 0 0 0 
9 10 10 0 0 0 
10 10 10 0 0 0 
11 10 10 0 0 0 
12 10 10 0 0 0 
13 10 10 0 0 0 
14 10 10 0 0 0 
15 10 10 0 0 0 
0 11 11 0 0 0 
1 11 11 0 0 0 
2 11 11 0 0 0 
3 11 11 0 0 0 
4 11 11 0 0 0 
5 11 11 0 0 0 
6 11 11 0 0 0 
7 11 11 0 0 0 
8 11 11 0 0 0 
9 11 11 0 0 0 
10 11 11 0 0 0 
11 11 11 0 0 0 
12 11 11 0 0 0 
13 11 11 0 0 0 
14 11 11 0 0 0 
15 11 11 0 0 0 
0 12 12 0 0 0 
1 12 12 0 0 0 
2 12 12 0 0 0 
3 12 12 0 0 0 
4 12 12 0 0 0 
5 12 12 0 0 0 
6 12 12 0 0 0 
7 12 12 0 0 0 
8 12 12 0 0 0 
9 12 12 0 0 0 
10 12 12 0 0 0 
11 12 12 0 0 0 
12 12 12 0 0 0 
13 12 12 0 0 0 
14 12 12 0 0 0 
15 12 12 0 0 0 
0 13 13 0 0 0 
1 13 13 0 0 0 
2 13 13 0 0 0 
3 13 13 0 0 0 
4 13 13 0 0 0 
5 13 13 0 0 0 
6 13 13 0 0 0 
7 13 13 0 0 0 
8 13 13 0 0 0 
9 13 13 0 0 0 
10 13 13 0 0 0 
11 13 13 0 0 0 
12 13 13 0 0 0 
13 13 13 0 0 0 
14 13 13 0 0 0 
15 13 13 0 0 0 
0 14 14 0 0 0 
1 14 14 0 0 0 
2 14 14 0 0 0 
3 14 14 0 0 0 
4 14 14 0 0 0 
5 14 14 0 0 0 
6 14 14 0 0 0 
7 14 14 0 0 0 
8 14 14 0 0 0 
9 14 14 0 0 0 
10 14 14 0 0 0 
11 14 14 0 0 0 
12 14 14 0 0 0 
13 14 14 0 0 0 
14 14 14 0 0 0 
15 14 14 0 0 0 
0 15 15 0 0 0 
1 15 15 0 0 0 
2 15 15 0 0 0 
3 15 15 0 0 0 
4 15 15 0 0 0 
5 15 15 0 0 0 
6 15 15 0 0 0 
7 15 15 0 0 0 
8 15 15 0 0 0 
9 15 15 0 0 0 
10 15 15 0 0 0 
11 15 15 0 0 0 
12 15 15 0 0 0 
13 15 15 0 0 0 
14 15 15 0 0 0 
15 15 15 0 0 0 
0 0 0 0 0 0 
1 0 0 0 0 0 
2 0 0 0 0 0 
3 0 0 0 0 0 
4 0 0 0 0 0 
5 0 0 0 0 0 
6 0 0 0 0 0 
7 0 0 0 0 0 
8 0 0 0 0 0 
9 0 0 0 0 0 
10 0 0 0 0 0 
11 0 0 0 0 0 
12 0 0 0 0 0 
13 0 0 0 0 0 
14 0 0 0 0 0 
15 0 0 0 0 0 
0 1 1 0 0 0 
1 1 1 0 0 0 
2 1 1 0 0 0 
3 1 1 0 0 0 
4 1 1 0 0 0 
5 1 1 0 0 0 
6 1 1 0 0 0 
7 1 1 0 0 0 
8 1 1 0 0 0 
9 1 1 0 0 0 
10 1 1 0 0 0 
11 1 1 0 0 0 
12 1 1 0 0 0 
13 1 1 0 0 0 
14 1 1 0 0 0 
15 1 1 0 0 0 
0 2 2 0 0 0 
1 2 2 0 0 0 
2 2 2 0 0 0 
3 2 2 0 0 0 
4 2 2 0 0 0 
5 2 2 0 0 0 
6 2 2 0 0 0 
7 2 2 0 0 0 
8 2 2 0 0 0 
9 2 2 0 0 0 
10 2 2 0 0 0 
11 2 2 0 0 0 
12 2 2 0 0 0 
13 2 2 0 0 0 
14 2 2 0 0 0 
15 2 2 0 0 0 
0 3 3 0 0 0 
1 3 3 0 0 0 
2 3 3 0 0 0 
3 3 3 0 0 0 
4 3 3 0 0 0 
5 3 3 0 0 0 
6 3 3 0 0 0 
7 3 3 0 0 0 
8 3 3 0 0 0 
9 3 3 0 0 0 
10 3 3 0 0 0 
11 3 3 0 0 0 
12 3 3 0 0 0 
13 3 3 0 0 0 
14 3 3 0 0 0 
15 3 3 0 0 0 
0 4 4 0 0 0 
1 4 4 0 0 0 
2 4 4 0 0 0 
3 4 4 0 0 0 
4 4 4 0 0 0 
5 4 4 0 0 0 
6 4 4 0 0 0 
7 4 4 0 0 0 
8 4 4 0 0 0 
9 4 4 0 0 0 
10 4 4 0 0 0 
11 4 4 0 0 0 
12 4 4 0 0 0 
13 4 4 0 0 0 
14 4 4 0 0 0 
15 4 4 0 0 0 
0 5 5 0 0 0 
1 5 5 0 0 0 
2 5 5 0 0 0 
3 5 5 0 0 0 
4 5 5 0 0 0 
5 5 5 0 0 0 
6 5 5 0 0 0 
7 5 5 0 0 0 
8 5 5 0 0 0 
9 5 5 0 0 0 
10 5 5 0 0 0 
11 5 5 0 0 0 
12 5 5 0 0 0 
13 5 5 0 0 0 
14 5 5 0 0 0 
15 5 5 0 0 0 
0 6 6 0 0 0 
1 6 6 0 0 0 
2 6 6 0 0 0 
3 6 6 0 0 0 
4 6 6 0 0 0 
5 6 6 0 0 0 
6 6 6 0 0 0 
7 6 6 0 0 0 
8 6 6 0 0 0 
9 6 6 0 0 0 
10 6 6 0 0 0 
11 6 6 0 0 0 
12 6 6 0 0 0 
13 6 6 0 0 0 
14 6 6 0 0 0 
15 6 6 0 0 0 
0 7 7 0 0 0 
1 7 7 0 0 0 
2 7 7 0 0 0 
3 7 7 0 0 0 
4 7 7 0 0 0 
5 7 7 0 0 0 
6 7 7 0 0 0 
7 7 7 0 0 0 
8 7 7 0 0 0 
9 7 7 0 0 0 
10 7 7 0 0 0 
11 7 7 0 0 0 
12 7 7 0 0 0 
13 7 7 0 0 0 
14 7 7 0 0 0 
15 7 7 0 0 0 
0 8 8 0 0 0 
1 8 8 0 0 0 
2 8 8 0 0 0 
3 8 8 0 0 0 
4 8 8 0 0 0 
5 8 8 0 0 0 
6 8 8 0 0 0 
7 8 8 0 0 0 
8 8 8 0 0 0 
9 8 8 0 0 0 
10 8 8 0 0 0 
11 8 8 0 0 0 
12 8 8 0 0 0 
13 8 8 0 0 0 
14 8 8 0 0 0 
15 8 8 0 0 0 
0 9 9 0 0 0 
1 9 9 0 0 0 
2 9 9 0 0 0 
3 9 9 0 0 0 
4 9 9 0 0 0 
5 9 9 0 0 0 
6 9 9 0 0 0 
7 9 9 0 0 0 
8 9 9 0 0 0 
9 9 9 0 0 0 
10 9 9 0 0 0 
11 9 9 0 0 0 
12 9 9 0 0 0 
13 9 9 0 0 0 
14 9 9 0 0 0 
15 9 9 0 0 0 
0 10 10 0 0 0 
1 10 10 0 0 0 
2 10 10 0 0 0 
3 10 10 0 0 0 
4 10 10 0 0 0 
5 10 10 0 0 0 
6 10 10 0 0 0 
7 10 10 0 0 0 
8 10 10 0 0 0 
9 10 10 0 0 0 
10 10 10 0 0 0 
11 10 10 0 0 0 
12 10 10 0 0 0 
13 10 10 0 0 0 
14 10 10 0 0 0 
15 10 10 0 0 0 
0 11 11 0 0 0 
1 11 11 0 0 0 
2 11 11 0 0 0 
3 11 11 0 0 0 
4 11 11 0 0 0 
5 11 11 0 0 0 
6 11 11 0 0 0 
7 11 11 0 0 0 
8 11 11 0 0 0 
9 11 11 0 0 0 
10 11 11 0 0 0 
11 11 11 0 0 0 
12 11 11 0 0 0 
13 11 11 0 0 0 
14 11 11 0 0 0 
15 11 11 0 0 0 
0 12 12 0 0 0 
1 12 12 0 0 0 
2 12 12 0 0 0 
3 12 12 0 0 0 
4 12 12 0 0 0 
5 12 12 0 0 0 
6 12 12 0 0 0 
7 12 12 0 0 0 
8 12 12 0 0 0 
9 12 12 0 0 0 
10 12 12 0 0 0 
11 12 12 0 0 0 
12 12 12 0 0 0 
13 12 12 0 0 0 
14 12 12 0 0 0 
15 12 12 0 0 0 
0 13 13 0 0 0 
1 13 13 0 0 0 
2 13 13 0 0 0 
3 13 13 0 0 0 
4 13 13 0 0 0 
5 13 13 0 0 0 
6 13 13 0 0 0 
7 13 13 0 0 0 
8 13 13 0 0 0 
9 13 13 0 0 0 
10 13 13 0 0 0 
11 13 13 0 0 0 
12 13 13 0 0 0 
13 13 13 0 0 0 
14 13 13 0 0 0 
15 13 13 0 0 0 
0 14 14 0 0 0 
1 14 14 0 0 0 
2 14 14 0 0 0 
3 14 14 0 0 0 
4 14 14 0 0 0 
5 14 14 0 0 0 
6 14 14 0 0 0 
7 14 14 0 0 0 
8 14 14 0 0 0 
9 14 14 0 0 0 
10 14 14 0 0 0 
11 14 14 0 0 0 
12 14 14 0 0 0 
13 14 14 0 0 0 
14 14 14 0 0 0 
15 14 14 0 0 0 
0 15 15 0 0 0 
1 15 15 0 0 0 
2 15 15 0 0 0 
3 15 15 0 0 0 
4 15 15 0 0 0 
5 15 15 0 0 0 
6 15 15 0 0 0 
7 15 15 0 0 0 
8 15 15 0 0 0 
9 15 15 0 0 0 
10 15 15 0 0 0 
11 15 15 0 0 0 
12 15 15 0 0 0 
13 15 15 0 0 0 
14 15 15 0 0 0 
15 15 15 0 0 0 
