0 0 0 0 0 0 
1 0 0 0 0 0 
2 0 0 0 0 0 
3 0 0 0 0 0 
4 0 0 0 0 0 
5 0 0 0 0 0 
6 0 0 0 0 0 
7 0 0 0 0 0 
8 0 0 0 0 0 
9 0 0 0 0 0 
10 0 0 0 0 0 
11 0 0 0 0 0 
12 0 0 0 0 0 
13 0 0 0 0 0 
14 0 0 0 0 0 
15 0 0 0 0 0 
0 1 1 0 0 0 
1 1 1 0 0 0 
2 1 1 0 0 0 
3 1 1 0 0 0 
4 1 1 0 0 0 
5 1 1 0 0 0 
6 1 1 0 0 0 
7 1 1 0 0 0 
8 1 1 0 0 0 
9 1 1 0 0 0 
10 1 1 0 0 0 
11 1 1 0 0 0 
12 1 1 0 0 0 
13 1 1 0 0 0 
14 1 1 0 0 0 
15 1 1 0 0 0 
0 2 2 0 0 0 
1 2 2 0 0 0 
2 2 2 0 0 0 
3 2 2 0 0 0 
4 2 2 0 0 0 
5 2 2 0 0 0 
6 2 2 0 0 0 
7 2 2 0 0 0 
8 2 2 0 0 0 
9 2 2 0 0 0 
10 2 2 0 0 0 
11 2 2 0 0 0 
12 2 2 0 0 0 
13 2 2 0 0 0 
14 2 2 0 0 0 
15 2 2 0 0 0 
0 3 3 0 0 0 
1 3 3 0 0 0 
2 3 3 0 0 0 
3 3 3 0 0 0 
4 3 3 0 0 0 
5 3 3 0 0 0 
6 3 3 0 0 0 
7 3 3 0 0 0 
8 3 3 0 0 0 
9 3 3 0 0 0 
10 3 3 0 0 0 
11 3 3 0 0 0 
12 3 3 0 0 0 
13 3 3 0 0 0 
14 3 3 0 0 0 
15 3 3 0 0 0 
0 4 4 0 0 0 
1 4 4 0 0 0 
2 4 4 0 0 0 
3 4 4 0 0 0 
4 4 4 0 0 0 
5 4 4 0 0 0 
6 4 4 0 0 0 
7 4 4 0 0 0 
8 4 4 0 0 0 
9 4 4 0 0 0 
10 4 4 0 0 0 
11 4 4 0 0 0 
12 4 4 0 0 0 
13 4 4 0 0 0 
14 4 4 0 0 0 
15 4 4 0 0 0 
0 5 5 0 0 0 
1 5 5 0 0 0 
2 5 5 0 0 0 
3 5 5 0 0 0 
4 5 5 0 0 0 
5 5 5 0 0 0 
6 5 5 0 0 0 
7 5 5 0 0 0 
8 5 5 0 0 0 
9 5 5 0 0 0 
10 5 5 0 0 0 
11 5 5 0 0 0 
12 5 5 0 0 0 
13 5 5 0 0 0 
14 5 5 0 0 0 
15 5 5 0 0 0 
0 6 6 0 0 0 
1 6 6 0 0 0 
2 6 6 0 0 0 
3 6 6 0 0 0 
4 6 6 0 0 0 
5 6 6 0 0 0 
6 6 6 0 0 0 
7 6 6 0 0 0 
8 6 6 0 0 0 
9 6 6 0 0 0 
10 6 6 0 0 0 
11 6 6 0 0 0 
12 6 6 0 0 0 
13 6 6 0 0 0 
14 6 6 0 0 0 
15 6 6 0 0 0 
0 7 7 0 0 0 
1 7 7 0 0 0 
2 7 7 0 0 0 
3 7 7 0 0 0 
4 7 7 0 0 0 
5 7 7 0 0 0 
6 7 7 0 0 0 
7 7 7 0 0 0 
8 7 7 0 0 0 
9 7 7 0 0 0 
10 7 7 0 0 0 
11 7 7 0 0 0 
12 7 7 0 0 0 
13 7 7 0 0 0 
14 7 7 0 0 0 
15 7 7 0 0 0 
0 8 8 0 0 0 
1 8 8 0 0 0 
2 8 8 0 0 0 
3 8 8 0 0 0 
4 8 8 0 0 0 
5 8 8 0 0 0 
6 8 8 0 0 0 
7 8 8 0 0 0 
8 8 8 0 0 0 
9 8 8 0 0 0 
10 8 8 0 0 0 
11 8 8 0 0 0 
12 8 8 0 0 0 
13 8 8 0 0 0 
14 8 8 0 0 0 
15 8 8 0 0 0 
0 9 9 0 0 0 
1 9 9 0 0 0 
2 9 9 0 0 0 
3 9 9 0 0 0 
4 9 9 0 0 0 
5 9 9 0 0 0 
6 9 9 0 0 0 
7 9 9 0 0 0 
8 9 9 0 0 0 
9 9 9 0 0 0 
10 9 9 0 0 0 
11 9 9 0 0 0 
12 9 9 0 0 0 
13 9 9 0 0 0 
14 9 9 0 0 0 
15 9 9 0 0 0 
0 10 10 0 0 0 
1 10 10 0 0 0 
2 10 10 0 0 0 
3 10 10 0 0 0 
4 10 10 0 0 0 
5 10 10 0 0 0 
6 10 10 0 0 0 
7 10 10 0 0 0 
8 10 10 0 0 0 
9 10 10 0 0 0 
10 10 10 0 0 0 
11 10 10 0 0 0 
12 10 10 0 0 0 
13 10 10 0 0 0 
14 10 10 0 0 0 
15 10 10 0 0 0 
0 11 11 0 0 0 
1 11 11 0 0 0 
2 11 11 0 0 0 
3 11 11 0 0 0 
4 11 11 0 0 0 
5 11 11 0 0 0 
6 11 11 0 0 0 
7 11 11 0 0 0 
8 11 11 0 0 0 
9 11 11 0 0 0 
10 11 11 0 0 0 
11 11 11 0 0 0 
12 11 11 0 0 0 
13 11 11 0 0 0 
14 11 11 0 0 0 
15 11 11 0 0 0 
0 12 12 0 0 0 
1 12 12 0 0 0 
2 12 12 0 0 0 
3 12 12 0 0 0 
4 12 12 0 0 0 
5 12 12 0 0 0 
6 12 12 0 0 0 
7 12 12 0 0 0 
8 12 12 0 0 0 
9 12 12 0 0 0 
10 12 12 0 0 0 
11 12 12 0 0 0 
12 12 12 0 0 0 
13 12 12 0 0 0 
14 12 12 0 0 0 
15 12 12 0 0 0 
0 13 13 0 0 0 
1 13 13 0 0 0 
2 13 13 0 0 0 
3 13 13 0 0 0 
4 13 13 0 0 0 
5 13 13 0 0 0 
6 13 13 0 0 0 
7 13 13 0 0 0 
8 13 13 0 0 0 
9 13 13 0 0 0 
10 13 13 0 0 0 
11 13 13 0 0 0 
12 13 13 0 0 0 
13 13 13 0 0 0 
14 13 13 0 0 0 
15 13 13 0 0 0 
0 14 14 0 0 0 
1 14 14 0 0 0 
2 14 14 0 0 0 
3 14 14 0 0 0 
4 14 14 0 0 0 
5 14 14 0 0 0 
6 14 14 0 0 0 
7 14 14 0 0 0 
8 14 14 0 0 0 
9 14 14 0 0 0 
10 14 14 0 0 0 
11 14 14 0 0 0 
12 14 14 0 0 0 
13 14 14 0 0 0 
14 14 14 0 0 0 
15 14 14 0 0 0 
0 15 15 0 0 0 
1 15 15 0 0 0 
2 15 15 0 0 0 
3 15 15 0 0 0 
4 15 15 0 0 0 
5 15 15 0 0 0 
6 15 15 0 0 0 
7 15 15 0 0 0 
8 15 15 0 0 0 
9 15 15 0 0 0 
10 15 15 0 0 0 
11 15 15 0 0 0 
12 15 15 0 0 0 
13 15 15 0 0 0 
14 15 15 0 0 0 
15 15 15 0 0 0 
0 0 0 0 0 0 
1 0 0 0 0 0 
2 0 0 0 0 0 
3 0 0 0 0 0 
4 0 0 0 0 0 
5 0 0 0 0 0 
6 0 0 0 0 0 
7 0 0 0 0 0 
8 0 0 0 0 0 
9 0 0 0 0 0 
10 0 0 0 0 0 
11 0 0 0 0 0 
12 0 0 0 0 0 
13 0 0 0 0 0 
14 0 0 0 0 0 
15 0 0 0 0 0 
0 1 1 0 0 0 
1 1 1 0 0 0 
2 1 1 0 0 0 
3 1 1 0 0 0 
4 1 1 0 0 0 
5 1 1 0 0 0 
6 1 1 0 0 0 
7 1 1 0 0 0 
8 1 1 0 0 0 
9 1 1 0 0 0 
10 1 1 0 0 0 
11 1 1 0 0 0 
12 1 1 0 0 0 
13 1 1 0 0 0 
14 1 1 0 0 0 
15 1 1 0 0 0 
0 2 2 0 0 0 
1 2 2 0 0 0 
2 2 2 0 0 0 
3 2 2 0 0 0 
4 2 2 0 0 0 
5 2 2 0 0 0 
6 2 2 0 0 0 
7 2 2 0 0 0 
8 2 2 0 0 0 
9 2 2 0 0 0 
10 2 2 0 0 0 
11 2 2 0 0 0 
12 2 2 0 0 0 
13 2 2 0 0 0 
14 2 2 0 0 0 
15 2 2 0 0 0 
0 3 3 0 0 0 
1 3 3 0 0 0 
2 3 3 0 0 0 
3 3 3 0 0 0 
4 3 3 0 0 0 
5 3 3 0 0 0 
6 3 3 0 0 0 
7 3 3 0 0 0 
8 3 3 0 0 0 
9 3 3 0 0 0 
10 3 3 0 0 0 
11 3 3 0 0 0 
12 3 3 0 0 0 
13 3 3 0 0 0 
14 3 3 0 0 0 
15 3 3 0 0 0 
0 4 4 0 0 0 
1 4 4 0 0 0 
2 4 4 0 0 0 
3 4 4 0 0 0 
4 4 4 0 0 0 
5 4 4 0 0 0 
6 4 4 0 0 0 
7 4 4 0 0 0 
8 4 4 0 0 0 
9 4 4 0 0 0 
10 4 4 0 0 0 
11 4 4 0 0 0 
12 4 4 0 0 0 
13 4 4 0 0 0 
14 4 4 0 0 0 
15 4 4 0 0 0 
0 5 5 0 0 0 
1 5 5 0 0 0 
2 5 5 0 0 0 
3 5 5 0 0 0 
4 5 5 0 0 0 
5 5 5 0 0 0 
6 5 5 0 0 0 
7 5 5 0 0 0 
8 5 5 0 0 0 
9 5 5 0 0 0 
10 5 5 0 0 0 
11 5 5 0 0 0 
12 5 5 0 0 0 
13 5 5 0 0 0 
14 5 5 0 0 0 
15 5 5 0 0 0 
0 6 6 0 0 0 
1 6 6 0 0 0 
2 6 6 0 0 0 
3 6 6 0 0 0 
4 6 6 0 0 0 
5 6 6 0 0 0 
6 6 6 0 0 0 
7 6 6 0 0 0 
8 6 6 0 0 0 
9 6 6 0 0 0 
10 6 6 0 0 0 
11 6 6 0 0 0 
12 6 6 0 0 0 
13 6 6 0 0 0 
14 6 6 0 0 0 
15 6 6 0 0 0 
0 7 7 0 0 0 
1 7 7 0 0 0 
2 7 7 0 0 0 
3 7 7 0 0 0 
4 7 7 0 0 0 
5 7 7 0 0 0 
6 7 7 0 0 0 
7 7 7 0 0 0 
8 7 7 0 0 0 
9 7 7 0 0 0 
10 7 7 0 0 0 
11 7 7 0 0 0 
12 7 7 0 0 0 
13 7 7 0 0 0 
14 7 7 0 0 0 
15 7 7 0 0 0 
0 8 8 0 0 0 
1 8 8 0 0 0 
2 8 8 0 0 0 
3 8 8 0 0 0 
4 8 8 0 0 0 
5 8 8 0 0 0 
6 8 8 0 0 0 
7 8 8 0 0 0 
8 8 8 0 0 0 
9 8 8 0 0 0 
10 8 8 0 0 0 
11 8 8 0 0 0 
12 8 8 0 0 0 
13 8 8 0 0 0 
14 8 8 0 0 0 
15 8 8 0 0 0 
0 9 9 0 0 0 
1 9 9 0 0 0 
2 9 9 0 0 0 
3 9 9 0 0 0 
4 9 9 0 0 0 
5 9 9 0 0 0 
6 9 9 0 0 0 
7 9 9 0 0 0 
8 9 9 0 0 0 
9 9 9 0 0 0 
10 9 9 0 0 0 
11 9 9 0 0 0 
12 9 9 0 0 0 
13 9 9 0 0 0 
14 9 9 0 0 0 
15 9 9 0 0 0 
0 10 10 0 0 0 
1 10 10 0 0 0 
2 10 10 0 0 0 
3 10 10 0 0 0 
4 10 10 0 0 0 
5 10 10 0 0 0 
6 10 10 0 0 0 
7 10 10 0 0 0 
8 10 10 0 0 0 
9 10 10 0 0 0 
10 10 10 0 0 0 
11 10 10 0 0 0 
12 10 10 0 0 0 
13 10 10 0 0 0 
14 10 10 0 0 0 
15 10 10 0 0 0 
0 11 11 0 0 0 
1 11 11 0 0 0 
2 11 11 0 0 0 
3 11 11 0 0 0 
4 11 11 0 0 0 
5 11 11 0 0 0 
6 11 11 0 0 0 
7 11 11 0 0 0 
8 11 11 0 0 0 
9 11 11 0 0 0 
10 11 11 0 0 0 
11 11 11 0 0 0 
12 11 11 0 0 0 
13 11 11 0 0 0 
14 11 11 0 0 0 
15 11 11 0 0 0 
0 12 12 0 0 0 
1 12 12 0 0 0 
2 12 12 0 0 0 
3 12 12 0 0 0 
4 12 12 0 0 0 
5 12 12 0 0 0 
6 12 12 0 0 0 
7 12 12 0 0 0 
8 12 12 0 0 0 
9 12 12 0 0 0 
10 12 12 0 0 0 
11 12 12 0 0 0 
12 12 12 0 0 0 
13 12 12 0 0 0 
14 12 12 0 0 0 
15 12 12 0 0 0 
0 13 13 0 0 0 
1 13 13 0 0 0 
2 13 13 0 0 0 
3 13 13 0 0 0 
4 13 13 0 0 0 
5 13 13 0 0 0 
6 13 13 0 0 0 
7 13 13 0 0 0 
8 13 13 0 0 0 
9 13 13 0 0 0 
10 13 13 0 0 0 
11 13 13 0 0 0 
12 13 13 0 0 0 
13 13 13 0 0 0 
14 13 13 0 0 0 
15 13 13 0 0 0 
0 14 14 0 0 0 
1 14 14 0 0 0 
2 14 14 0 0 0 
3 14 14 0 0 0 
4 14 14 0 0 0 
5 14 14 0 0 0 
6 14 14 0 0 0 
7 14 14 0 0 0 
8 14 14 0 0 0 
9 14 14 0 0 0 
10 14 14 0 0 0 
11 14 14 0 0 0 
12 14 14 0 0 0 
13 14 14 0 0 0 
14 14 14 0 0 0 
15 14 14 0 0 0 
0 15 15 0 0 0 
1 15 15 0 0 0 
2 15 15 0 0 0 
3 15 15 0 0 0 
4 15 15 0 0 0 
5 15 15 0 0 0 
6 15 15 0 0 0 
7 15 15 0 0 0 
8 15 15 0 0 0 
9 15 15 0 0 0 
10 15 15 0 0 0 
11 15 15 0 0 0 
12 15 15 0 0 0 
13 15 15 0 0 0 
14 15 15 0 0 0 
15 15 15 0 0 0 
0 0 0 0 0 0 
1 0 0 0 0 0 
2 0 0 0 0 0 
3 0 0 0 0 0 
4 0 0 0 0 0 
5 0 0 0 0 0 
6 0 0 0 0 0 
7 0 0 0 0 0 
8 0 0 0 0 0 
9 0 0 0 0 0 
10 0 0 0 0 0 
11 0 0 0 0 0 
12 0 0 0 0 0 
13 0 0 0 0 0 
14 0 0 0 0 0 
15 0 0 0 0 0 
0 1 1 0 0 0 
1 1 1 0 0 0 
2 1 1 0 0 0 
3 1 1 0 0 0 
4 1 1 0 0 0 
5 1 1 0 0 0 
6 1 1 0 0 0 
7 1 1 0 0 0 
8 1 1 0 0 0 
9 1 1 0 0 0 
10 1 1 0 0 0 
11 1 1 0 0 0 
12 1 1 0 0 0 
13 1 1 0 0 0 
14 1 1 0 0 0 
15 1 1 0 0 0 
0 2 2 0 0 0 
1 2 2 0 0 0 
2 2 2 0 0 0 
3 2 2 0 0 0 
4 2 2 0 0 0 
5 2 2 0 0 0 
6 2 2 0 0 0 
7 2 2 0 0 0 
8 2 2 0 0 0 
9 2 2 0 0 0 
10 2 2 0 0 0 
11 2 2 0 0 0 
12 2 2 0 0 0 
13 2 2 0 0 0 
14 2 2 0 0 0 
15 2 2 0 0 0 
0 3 3 0 0 0 
1 3 3 0 0 0 
2 3 3 0 0 0 
3 3 3 0 0 0 
4 3 3 0 0 0 
5 3 3 0 0 0 
6 3 3 0 0 0 
7 3 3 0 0 0 
8 3 3 0 0 0 
9 3 3 0 0 0 
10 3 3 0 0 0 
11 3 3 0 0 0 
12 3 3 0 0 0 
13 3 3 0 0 0 
14 3 3 0 0 0 
15 3 3 0 0 0 
0 4 4 0 0 0 
1 4 4 0 0 0 
2 4 4 0 0 0 
3 4 4 0 0 0 
4 4 4 0 0 0 
5 4 4 0 0 0 
6 4 4 0 0 0 
7 4 4 0 0 0 
8 4 4 0 0 0 
9 4 4 0 0 0 
10 4 4 0 0 0 
11 4 4 0 0 0 
12 4 4 0 0 0 
13 4 4 0 0 0 
14 4 4 0 0 0 
15 4 4 0 0 0 
0 5 5 0 0 0 
1 5 5 0 0 0 
2 5 5 0 0 0 
3 5 5 0 0 0 
4 5 5 0 0 0 
5 5 5 0 0 0 
6 5 5 0 0 0 
7 5 5 0 0 0 
8 5 5 0 0 0 
9 5 5 0 0 0 
10 5 5 0 0 0 
11 5 5 0 0 0 
12 5 5 0 0 0 
13 5 5 0 0 0 
14 5 5 0 0 0 
15 5 5 0 0 0 
0 6 6 0 0 0 
1 6 6 0 0 0 
2 6 6 0 0 0 
3 6 6 0 0 0 
4 6 6 0 0 0 
5 6 6 0 0 0 
6 6 6 0 0 0 
7 6 6 0 0 0 
8 6 6 0 0 0 
9 6 6 0 0 0 
10 6 6 0 0 0 
11 6 6 0 0 0 
12 6 6 0 0 0 
13 6 6 0 0 0 
14 6 6 0 0 0 
15 6 6 0 0 0 
0 7 7 0 0 0 
1 7 7 0 0 0 
2 7 7 0 0 0 
3 7 7 0 0 0 
4 7 7 0 0 0 
5 7 7 0 0 0 
6 7 7 0 0 0 
7 7 7 0 0 0 
8 7 7 0 0 0 
9 7 7 0 0 0 
10 7 7 0 0 0 
11 7 7 0 0 0 
12 7 7 0 0 0 
13 7 7 0 0 0 
14 7 7 0 0 0 
15 7 7 0 0 0 
0 8 8 0 0 0 
1 8 8 0 0 0 
2 8 8 0 0 0 
3 8 8 0 0 0 
4 8 8 0 0 0 
5 8 8 0 0 0 
6 8 8 0 0 0 
7 8 8 0 0 0 
8 8 8 0 0 0 
9 8 8 0 0 0 
10 8 8 0 0 0 
11 8 8 0 0 0 
12 8 8 0 0 0 
13 8 8 0 0 0 
14 8 8 0 0 0 
15 8 8 0 0 0 
0 9 9 0 0 0 
1 9 9 0 0 0 
2 9 9 0 0 0 
3 9 9 0 0 0 
4 9 9 0 0 0 
5 9 9 0 0 0 
6 9 9 0 0 0 
7 9 9 0 0 0 
8 9 9 0 0 0 
9 9 9 0 0 0 
10 9 9 0 0 0 
11 9 9 0 0 0 
12 9 9 0 0 0 
13 9 9 0 0 0 
14 9 9 0 0 0 
15 9 9 0 0 0 
0 10 10 0 0 0 
1 10 10 0 0 0 
2 10 10 0 0 0 
3 10 10 0 0 0 
4 10 10 0 0 0 
5 10 10 0 0 0 
6 10 10 0 0 0 
7 10 10 0 0 0 
8 10 10 0 0 0 
9 10 10 0 0 0 
10 10 10 0 0 0 
11 10 10 0 0 0 
12 10 10 0 0 0 
13 10 10 0 0 0 
14 10 10 0 0 0 
15 10 10 0 0 0 
0 11 11 0 0 0 
1 11 11 0 0 0 
2 11 11 0 0 0 
3 11 11 0 0 0 
4 11 11 0 0 0 
5 11 11 0 0 0 
6 11 11 0 0 0 
7 11 11 0 0 0 
8 11 11 0 0 0 
9 11 11 0 0 0 
10 11 11 0 0 0 
11 11 11 0 0 0 
12 11 11 0 0 0 
13 11 11 0 0 0 
14 11 11 0 0 0 
15 11 11 0 0 0 
0 12 12 0 0 0 
1 12 12 0 0 0 
2 12 12 0 0 0 
3 12 12 0 0 0 
4 12 12 0 0 0 
5 12 12 0 0 0 
6 12 12 0 0 0 
7 12 12 0 0 0 
8 12 12 0 0 0 
9 12 12 0 0 0 
10 12 12 0 0 0 
11 12 12 0 0 0 
12 12 12 0 0 0 
13 12 12 0 0 0 
14 12 12 0 0 0 
15 12 12 0 0 0 
0 13 13 0 0 0 
1 13 13 0 0 0 
2 13 13 0 0 0 
3 13 13 0 0 0 
4 13 13 0 0 0 
5 13 13 0 0 0 
6 13 13 0 0 0 
7 13 13 0 0 0 
8 13 13 0 0 0 
9 13 13 0 0 0 
10 13 13 0 0 0 
11 13 13 0 0 0 
12 13 13 0 0 0 
13 13 13 0 0 0 
14 13 13 0 0 0 
15 13 13 0 0 0 
0 14 14 0 0 0 
1 14 14 0 0 0 
2 14 14 0 0 0 
3 14 14 0 0 0 
4 14 14 0 0 0 
5 14 14 0 0 0 
6 14 14 0 0 0 
7 14 14 0 0 0 
8 14 14 0 0 0 
9 14 14 0 0 0 
10 14 14 0 0 0 
11 14 14 0 0 0 
12 14 14 0 0 0 
13 14 14 0 0 0 
14 14 14 0 0 0 
15 14 14 0 0 0 
0 15 15 0 0 0 
1 15 15 0 0 0 
2 15 15 0 0 0 
3 15 15 0 0 0 
4 15 15 0 0 0 
5 15 15 0 0 0 
6 15 15 0 0 0 
7 15 15 0 0 0 
8 15 15 0 0 0 
9 15 15 0 0 0 
10 15 15 0 0 0 
11 15 15 0 0 0 
12 15 15 0 0 0 
13 15 15 0 0 0 
14 15 15 0 0 0 
15 15 15 0 0 0 
0 0 0 0 0 0 
1 0 0 0 0 0 
2 0 0 0 0 0 
3 0 0 0 0 0 
4 0 0 0 0 0 
5 0 0 0 0 0 
6 0 0 0 0 0 
7 0 0 0 0 0 
8 0 0 0 0 0 
9 0 0 0 0 0 
10 0 0 0 0 0 
11 0 0 0 0 0 
12 0 0 0 0 0 
13 0 0 0 0 0 
14 0 0 0 0 0 
15 0 0 0 0 0 
0 1 1 0 0 0 
1 1 1 0 0 0 
2 1 1 0 0 0 
3 1 1 0 0 0 
4 1 1 0 0 0 
5 1 1 0 0 0 
6 1 1 0 0 0 
7 1 1 0 0 0 
8 1 1 0 0 0 
9 1 1 0 0 0 
10 1 1 0 0 0 
11 1 1 0 0 0 
12 1 1 0 0 0 
13 1 1 0 0 0 
14 1 1 0 0 0 
15 1 1 0 0 0 
0 2 2 0 0 0 
1 2 2 0 0 0 
2 2 2 0 0 0 
3 2 2 0 0 0 
4 2 2 0 0 0 
5 2 2 0 0 0 
6 2 2 0 0 0 
7 2 2 0 0 0 
8 2 2 0 0 0 
9 2 2 0 0 0 
10 2 2 0 0 0 
11 2 2 0 0 0 
12 2 2 0 0 0 
13 2 2 0 0 0 
14 2 2 0 0 0 
15 2 2 0 0 0 
0 3 3 0 0 0 
1 3 3 0 0 0 
2 3 3 0 0 0 
3 3 3 0 0 0 
4 3 3 0 0 0 
5 3 3 0 0 0 
6 3 3 0 0 0 
7 3 3 0 0 0 
8 3 3 0 0 0 
9 3 3 0 0 0 
10 3 3 0 0 0 
11 3 3 0 0 0 
12 3 3 0 0 0 
13 3 3 0 0 0 
14 3 3 0 0 0 
15 3 3 0 0 0 
0 4 4 0 0 0 
1 4 4 0 0 0 
2 4 4 0 0 0 
3 4 4 0 0 0 
4 4 4 0 0 0 
5 4 4 0 0 0 
6 4 4 0 0 0 
7 4 4 0 0 0 
8 4 4 0 0 0 
9 4 4 0 0 0 
10 4 4 0 0 0 
11 4 4 0 0 0 
12 4 4 0 0 0 
13 4 4 0 0 0 
14 4 4 0 0 0 
15 4 4 0 0 0 
0 5 5 0 0 0 
1 5 5 0 0 0 
2 5 5 0 0 0 
3 5 5 0 0 0 
4 5 5 0 0 0 
5 5 5 0 0 0 
6 5 5 0 0 0 
7 5 5 0 0 0 
8 5 5 0 0 0 
9 5 5 0 0 0 
10 5 5 0 0 0 
11 5 5 0 0 0 
12 5 5 0 0 0 
13 5 5 0 0 0 
14 5 5 0 0 0 
15 5 5 0 0 0 
0 6 6 0 0 0 
1 6 6 0 0 0 
2 6 6 0 0 0 
3 6 6 0 0 0 
4 6 6 0 0 0 
5 6 6 0 0 0 
6 6 6 0 0 0 
7 6 6 0 0 0 
8 6 6 0 0 0 
9 6 6 0 0 0 
10 6 6 0 0 0 
11 6 6 0 0 0 
12 6 6 0 0 0 
13 6 6 0 0 0 
14 6 6 0 0 0 
15 6 6 0 0 0 
0 7 7 0.0231307 -0.000137777 0.000143772 
1 7 7 0.0221601 -0.000176066 0.000160931 
2 7 7 0.0212256 -0.000217961 0.000157726 
3 7 7 0.0204617 -0.000246242 0.000137458 
4 7 7 0.0199579 -0.000248673 0.000102948 
5 7 7 0.0197579 -0.000219857 5.78798e-05 
6 7 7 0.0198696 -0.000162307 7.43662e-06 
7 7 7 0.0202671 -7.73588e-05 -4.44744e-05 
8 7 7 0.0209188 3.71954e-05 -9.85088e-05 
9 7 7 0.0217574 5.13868e-05 -0.000108572 
10 7 7 0.0223971 -0.000141374 -4.65366e-05 
11 7 7 0.0229066 -0.000144837 -4.51372e-05 
12 7 7 0.023433 -6.54297e-05 -4.71417e-05 
13 7 7 0.023767 -3.02705e-05 -1.91453e-05 
14 7 7 0.0235705 -4.34885e-05 0.00014837 
15 7 7 0.019558 -0.000524873 -0.0024368 
0 8 8 0.0255157 -0.000136081 0.000113398 
1 8 8 0.0244558 -0.000175049 0.000116311 
2 8 8 0.0234641 -0.000220931 9.67055e-05 
3 8 8 0.0226682 -0.000256288 6.37049e-05 
4 8 8 0.0221532 -0.000266829 2.44451e-05 
5 8 8 0.0219645 -0.000244267 -1.56444e-05 
6 8 8 0.0221111 -0.000189949 -5.18398e-05 
7 8 8 0.0225709 -0.000108745 -8.0771e-05 
8 8 8 0.0233055 -1.49028e-05 -0.000102062 
9 8 8 0.0242262 7.33924e-06 -0.000114498 
10 8 8 0.025038 -9.96243e-05 -0.00010981 
11 8 8 0.0256075 -0.00014079 -9.37053e-05 
12 8 8 0.0260577 -9.21403e-05 -6.76288e-05 
13 8 8 0.0263324 -4.47836e-05 -2.66139e-05 
14 8 8 0.026083 -2.17518e-05 0.000152443 
15 8 8 0.0219535 0.000360599 -0.00254387 
0 9 9 0 0 0 
1 9 9 0 0 0 
2 9 9 0 0 0 
3 9 9 0 0 0 
4 9 9 0 0 0 
5 9 9 0 0 0 
6 9 9 0 0 0 
7 9 9 0 0 0 
8 9 9 0 0 0 
9 9 9 0 0 0 
10 9 9 0 0 0 
11 9 9 0 0 0 
12 9 9 0 0 0 
13 9 9 0 0 0 
14 9 9 0 0 0 
15 9 9 0 0 0 
0 10 10 0 0 0 
1 10 10 0 0 0 
2 10 10 0 0 0 
3 10 10 0 0 0 
4 10 10 0 0 0 
5 10 10 0 0 0 
6 10 10 0 0 0 
7 10 10 0 0 0 
8 10 10 0 0 0 
9 10 10 0 0 0 
10 10 10 0 0 0 
11 10 10 0 0 0 
12 10 10 0 0 0 
13 10 10 0 0 0 
14 10 10 0 0 0 
15 10 10 0 0 0 
0 11 11 0 0 0 
1 11 11 0 0 0 
2 11 11 0 0 0 
3 11 11 0 0 0 
4 11 11 0 0 0 
5 11 11 0 0 0 
6 11 11 0 0 0 
7 11 11 0 0 0 
8 11 11 0 0 0 
9 11 11 0 0 0 
10 11 11 0 0 0 
11 11 11 0 0 0 
12 11 11 0 0 0 
13 11 11 0 0 0 
14 11 11 0 0 0 
15 11 11 0 0 0 
0 12 12 0 0 0 
1 12 12 0 0 0 
2 12 12 0 0 0 
3 12 12 0 0 0 
4 12 12 0 0 0 
5 12 12 0 0 0 
6 12 12 0 0 0 
7 12 12 0 0 0 
8 12 12 0 0 0 
9 12 12 0 0 0 
10 12 12 0 0 0 
11 12 12 0 0 0 
12 12 12 0 0 0 
13 12 12 0 0 0 
14 12 12 0 0 0 
15 12 12 0 0 0 
0 13 13 0 0 0 
1 13 13 0 0 0 
2 13 13 0 0 0 
3 13 13 0 0 0 
4 13 13 0 0 0 
5 13 13 0 0 0 
6 13 13 0 0 0 
7 13 13 0 0 0 
8 13 13 0 0 0 
9 13 13 0 0 0 
10 13 13 0 0 0 
11 13 13 0 0 0 
12 13 13 0 0 0 
13 13 13 0 0 0 
14 13 13 0 0 0 
15 13 13 0 0 0 
0 14 14 0 0 0 
1 14 14 0 0 0 
2 14 14 0 0 0 
3 14 14 0 0 0 
4 14 14 0 0 0 
5 14 14 0 0 0 
6 14 14 0 0 0 
7 14 14 0 0 0 
8 14 14 0 0 0 
9 14 14 0 0 0 
10 14 14 0 0 0 
11 14 14 0 0 0 
12 14 14 0 0 0 
13 14 14 0 0 0 
14 14 14 0 0 0 
15 14 14 0 0 0 
0 15 15 0 0 0 
1 15 15 0 0 0 
2 15 15 0 0 0 
3 15 15 0 0 0 
4 15 15 0 0 0 
5 15 15 0 0 0 
6 15 15 0 0 0 
7 15 15 0 0 0 
8 15 15 0 0 0 
9 15 15 0 0 0 
10 15 15 0 0 0 
11 15 15 0 0 0 
12 15 15 0 0 0 
13 15 15 0 0 0 
14 15 15 0 0 0 
15 15 15 0 0 0 
0 0 0 0 0 0 
1 0 0 0 0 0 
2 0 0 0 0 0 
3 0 0 0 0 0 
4 0 0 0 0 0 
5 0 0 0 0 0 
6 0 0 0 0 0 
7 0 0 0 0 0 
8 0 0 0 0 0 
9 0 0 0 0 0 
10 0 0 0 0 0 
11 0 0 0 0 0 
12 0 0 0 0 0 
13 0 0 0 0 0 
14 0 0 0 0 0 
15 0 0 0 0 0 
0 1 1 0 0 0 
1 1 1 0 0 0 
2 1 1 0 0 0 
3 1 1 0 0 0 
4 1 1 0 0 0 
5 1 1 0 0 0 
6 1 1 0 0 0 
7 1 1 0 0 0 
8 1 1 0 0 0 
9 1 1 0 0 0 
10 1 1 0 0 0 
11 1 1 0 0 0 
12 1 1 0 0 0 
13 1 1 0 0 0 
14 1 1 0 0 0 
15 1 1 0 0 0 
0 2 2 0 0 0 
1 2 2 0 0 0 
2 2 2 0 0 0 
3 2 2 0 0 0 
4 2 2 0 0 0 
5 2 2 0 0 0 
6 2 2 0 0 0 
7 2 2 0 0 0 
8 2 2 0 0 0 
9 2 2 0 0 0 
10 2 2 0 0 0 
11 2 2 0 0 0 
12 2 2 0 0 0 
13 2 2 0 0 0 
14 2 2 0 0 0 
15 2 2 0 0 0 
0 3 3 0 0 0 
1 3 3 0 0 0 
2 3 3 0 0 0 
3 3 3 0 0 0 
4 3 3 0 0 0 
5 3 3 0 0 0 
6 3 3 0 0 0 
7 3 3 0 0 0 
8 3 3 0 0 0 
9 3 3 0 0 0 
10 3 3 0 0 0 
11 3 3 0 0 0 
12 3 3 0 0 0 
13 3 3 0 0 0 
14 3 3 0 0 0 
15 3 3 0 0 0 
0 4 4 0 0 0 
1 4 4 0 0 0 
2 4 4 0 0 0 
3 4 4 0 0 0 
4 4 4 0 0 0 
5 4 4 0 0 0 
6 4 4 0 0 0 
7 4 4 0 0 0 
8 4 4 0 0 0 
9 4 4 0 0 0 
10 4 4 0 0 0 
11 4 4 0 0 0 
12 4 4 0 0 0 
13 4 4 0 0 0 
14 4 4 0 0 0 
15 4 4 0 0 0 
0 5 5 0.0613318 7.08627e-05 0.000294462 
1 5 5 0.0596668 -5.43948e-05 0.00040312 
2 5 5 0.0580954 -0.000169186 0.000446834 
3 5 5 0.0568421 -0.000254321 0.000430116 
4 5 5 0.0560489 -0.000305054 0.000363732 
5 5 5 0.055779 -0.000325312 0.00026458 
6 5 5 0.0560266 -0.00032583 0.000153878 
7 5 5 0.0567195 -0.000330508 6.09576e-05 
8 5 5 0.057753 -0.000392781 3.09892e-05 
9 5 5 0.0589551 -0.000317902 -2.20286e-06 
10 5 5 0.0598308 0.000136742 -0.000277428 
11 5 5 0.0607515 0.00013556 -0.000316983 
12 5 5 0.0617163 9.20215e-06 -0.000177349 
13 5 5 0.0622799 -4.56645e-05 -3.64691e-05 
14 5 5 0.0620518 8.05399e-05 0.000256219 
15 5 5 0.0571035 -0.00251394 -0.00312932 
0 6 6 0.20926 0.000349062 0.00105029 
1 6 6 0.20598 3.7125e-05 0.00120537 
2 6 6 0.20303 -0.000308441 0.00118181 
3 6 6 0.200841 -0.000606705 0.00101149 
4 6 6 0.199666 -0.000811503 0.000726587 
5 6 6 0.199582 -0.000904493 0.000370426 
6 6 6 0.200514 -0.000892012 -2.31907e-06 
7 6 6 0.202209 -0.000798587 -0.000323494 
8 6 6 0.204118 -0.000645077 -0.000453946 
9 6 6 0.211608 -0.000299325 -0.000199807 
10 6 6 0.209637 -0.000161579 -0.000693331 
11 6 6 0.209601 -0.000216023 -0.000914498 
12 6 6 0.212054 -0.000142797 -0.000565013 
13 6 6 0.213235 -8.78544e-05 -0.000181917 
14 6 6 0.213016 0.000183409 0.000669896 
15 6 6 0.209988 -0.00321797 -0.00599815 
0 7 7 0.422066 0.000402975 0.0025088 
1 7 7 0.417276 -3.66242e-05 0.00243111 
2 7 7 0.413256 -0.000574503 0.00204456 
3 7 7 0.410475 -0.00106834 0.00144588 
4 7 7 0.409206 -0.00141193 0.000713337 
5 7 7 0.40952 -0.00153804 -7.12165e-05 
6 7 7 0.411298 -0.00142615 -0.000816406 
7 7 7 0.414215 -0.00107111 -0.00142955 
8 7 7 0.41777 -0.000396523 -0.0018162 
9 7 7 0.421522 0.000313162 -0.00172329 
10 7 7 0.424719 -0.000408552 -0.00141113 
11 7 7 0.427231 -0.000758198 -0.00118673 
12 7 7 0.429319 -0.000447409 -0.000782731 
13 7 7 0.430419 -0.000193342 -0.000214092 
14 7 7 0.430297 2.09407e-05 0.00112012 
15 7 7 0.430228 -0.00185383 -0.0084184 
0 8 8 0.448184 -0.000174175 0.00270373 
1 8 8 0.443136 -0.000597164 0.00241324 
2 8 8 0.439083 -0.00100862 0.00178869 
3 8 8 0.43641 -0.00133061 0.000981211 
4 8 8 0.435315 -0.00149286 0.000107591 
5 8 8 0.435836 -0.00144421 -0.000731026 
6 8 8 0.437857 -0.00117456 -0.00144232 
7 8 8 0.441113 -0.000710507 -0.0019464 
8 8 8 0.445237 -0.000119646 -0.00218959 
9 8 8 0.449768 0.000329795 -0.00214598 
10 8 8 0.453782 0.000212041 -0.00182935 
11 8 8 0.456453 -0.000114297 -0.00135164 
12 8 8 0.457966 -0.000206523 -0.000798333 
13 8 8 0.458543 -0.000187895 -0.00017374 
14 8 8 0.458128 -0.00026744 0.00121309 
15 8 8 0.458328 0.000935979 -0.00880096 
0 9 9 0.256865 -0.000616762 0.00121366 
1 9 9 0.253284 -0.000878518 0.00100764 
2 9 9 0.250345 -0.00104425 0.000641534 
3 9 9 0.248371 -0.00109839 0.000205486 
4 9 9 0.247522 -0.00103033 -0.000233318 
5 9 9 0.247834 -0.000837026 -0.000620646 
6 9 9 0.249234 -0.00053861 -0.000914913 
7 9 9 0.251541 -0.000180512 -0.00108867 
8 9 9 0.254474 0.000159368 -0.00113437 
9 9 9 0.257634 0.000367317 -0.00106948 
10 9 9 0.260513 0.000358051 -0.000923991 
11 9 9 0.262672 0.000206023 -0.000712651 
12 9 9 0.263979 4.59436e-05 -0.0004506 
13 9 9 0.26449 -9.39052e-05 -0.000143763 
14 9 9 0.264054 -0.000447145 0.000680255 
15 9 9 0.26158 0.00280294 -0.00670386 
0 10 10 0.0738429 -0.000351797 0.000198452 
1 10 10 0.0720788 -0.000444115 0.00013774 
2 10 10 0.0705253 -0.000484169 4.31984e-05 
3 10 10 0.0693811 -0.000472243 -5.92956e-05 
4 10 10 0.0687583 -0.000411767 -0.000152596 
5 10 10 0.0687008 -0.000307247 -0.000224354 
6 10 10 0.0691941 -0.000173557 -0.000268646 
7 10 10 0.0701672 -3.22804e-05 -0.000284999 
8 10 10 0.0714892 8.71004e-05 -0.000278684 
9 10 10 0.0729714 0.000154922 -0.000258564 
10 10 10 0.0743904 0.00015586 -0.000230649 
11 10 10 0.0755511 0.000107485 -0.0001928 
12 10 10 0.076343 4.04467e-05 -0.000142274 
13 10 10 0.0767198 -3.76966e-05 -7.5561e-05 
14 10 10 0.0763798 -0.000289766 0.000201376 
15 10 10 0.0718626 0.00259589 -0.0035707 
0 11 11 0 0 0 
1 11 11 0 0 0 
2 11 11 0 0 0 
3 11 11 0 0 0 
4 11 11 0 0 0 
5 11 11 0 0 0 
6 11 11 0 0 0 
7 11 11 0 0 0 
8 11 11 0 0 0 
9 11 11 0 0 0 
10 11 11 0 0 0 
11 11 11 0 0 0 
12 11 11 0 0 0 
13 11 11 0 0 0 
14 11 11 0 0 0 
15 11 11 0 0 0 
0 12 12 0 0 0 
1 12 12 0 0 0 
2 12 12 0 0 0 
3 12 12 0 0 0 
4 12 12 0 0 0 
5 12 12 0 0 0 
6 12 12 0 0 0 
7 12 12 0 0 0 
8 12 12 0 0 0 
9 12 12 0 0 0 
10 12 12 0 0 0 
11 12 12 0 0 0 
12 12 12 0 0 0 
13 12 12 0 0 0 
14 12 12 0 0 0 
15 12 12 0 0 0 
0 13 13 0 0 0 
1 13 13 0 0 0 
2 13 13 0 0 0 
3 13 13 0 0 0 
4 13 13 0 0 0 
5 13 13 0 0 0 
6 13 13 0 0 0 
7 13 13 0 0 0 
8 13 13 0 0 0 
9 13 13 0 0 0 
10 13 13 0 0 0 
11 13 13 0 0 0 
12 13 13 0 0 0 
13 13 13 0 0 0 
14 13 13 0 0 0 
15 13 13 0 0 0 
0 14 14 0 0 0 
1 14 14 0 0 0 
2 14 14 0 0 0 
3 14 14 0 0 0 
4 14 14 0 0 0 
5 14 14 0 0 0 
6 14 14 0 0 0 
7 14 14 0 0 0 
8 14 14 0 0 0 
9 14 14 0 0 0 
10 14 14 0 0 0 
11 14 14 0 0 0 
12 14 14 0 0 0 
13 14 14 0 0 0 
14 14 14 0 0 0 
15 14 14 0 0 0 
0 15 15 0 0 0 
1 15 15 0 0 0 
2 15 15 0 0 0 
3 15 15 0 0 0 
4 15 15 0 0 0 
5 15 15 0 0 0 
6 15 15 0 0 0 
7 15 15 0 0 0 
8 15 15 0 0 0 
9 15 15 0 0 0 
10 15 15 0 0 0 
11 15 15 0 0 0 
12 15 15 0 0 0 
13 15 15 0 0 0 
14 15 15 0 0 0 
15 15 15 0 0 0 
0 0 0 0 0 0 
1 0 0 0 0 0 
2 0 0 0 0 0 
3 0 0 0 0 0 
4 0 0 0 0 0 
5 0 0 0 0 0 
6 0 0 0 0 0 
7 0 0 0 0 0 
8 0 0 0 0 0 
9 0 0 0 0 0 
10 0 0 0 0 0 
11 0 0 0 0 0 
12 0 0 0 0 0 
13 0 0 0 0 0 
14 0 0 0 0 0 
15 0 0 0 0 0 
0 1 1 0 0 0 
1 1 1 0 0 0 
2 1 1 0 0 0 
3 1 1 0 0 0 
4 1 1 0 0 0 
5 1 1 0 0 0 
6 1 1 0 0 0 
7 1 1 0 0 0 
8 1 1 0 0 0 
9 1 1 0 0 0 
10 1 1 0 0 0 
11 1 1 0 0 0 
12 1 1 0 0 0 
13 1 1 0 0 0 
14 1 1 0 0 0 
15 1 1 0 0 0 
0 2 2 0 0 0 
1 2 2 0 0 0 
2 2 2 0 0 0 
3 2 2 0 0 0 
4 2 2 0 0 0 
5 2 2 0 0 0 
6 2 2 0 0 0 
7 2 2 0 0 0 
8 2 2 0 0 0 
9 2 2 0 0 0 
10 2 2 0 0 0 
11 2 2 0 0 0 
12 2 2 0 0 0 
13 2 2 0 0 0 
14 2 2 0 0 0 
15 2 2 0 0 0 
0 3 3 0 0 0 
1 3 3 0 0 0 
2 3 3 0 0 0 
3 3 3 0 0 0 
4 3 3 0 0 0 
5 3 3 0 0 0 
6 3 3 0 0 0 
7 3 3 0 0 0 
8 3 3 0 0 0 
9 3 3 0 0 0 
10 3 3 0 0 0 
11 3 3 0 0 0 
12 3 3 0 0 0 
13 3 3 0 0 0 
14 3 3 0 0 0 
15 3 3 0 0 0 
0 4 4 0.0559404 0.000211854 0.000213045 
1 4 4 0.0542218 0.000143967 0.000336745 
2 4 4 0.0526619 6.17202e-05 0.000403913 
3 4 4 0.0514375 -1.51476e-05 0.000409248 
4 4 4 0.0506585 -8.06075e-05 0.000362221 
5 4 4 0.0503816 -0.000134515 0.000281316 
6 4 4 0.0506109 -0.000179858 0.000189 
7 4 4 0.0513009 -0.000219377 0.000106695 
8 4 4 0.0523666 -0.000248944 4.32157e-05 
9 4 4 0.053655 -0.000225289 -4.22867e-05 
10 4 4 0.0548379 -0.000114559 -0.000177806 
11 4 4 0.0556895 -2.45375e-05 -0.000236325 
12 4 4 0.0562697 -4.89269e-06 -0.000169731 
13 4 4 0.0565628 -7.8603e-09 -4.64387e-05 
14 4 4 0.056195 0.000189453 0.000205922 
15 4 4 0.0512306 -0.00322526 -0.00215391 
0 5 5 0.371967 0.00197705 0.00138839 
1 5 5 0.366795 0.0014687 0.00173905 
2 5 5 0.362479 0.000815049 0.00183731 
3 5 5 0.359438 0.00015433 0.0016829 
4 5 5 0.357905 -0.000435734 0.00131366 
5 5 5 0.357935 -0.000917971 0.000805379 
6 5 5 0.359417 -0.00127877 0.000258875 
7 5 5 0.362075 -0.00152628 -0.000208728 
8 5 5 0.365547 -0.00169322 -0.000479466 
9 5 5 0.369443 -0.00159733 -0.000622618 
10 5 5 0.372756 -0.000841732 -0.00102844 
11 5 5 0.374846 -0.000191598 -0.00121703 
12 5 5 0.37617 4.54682e-05 -0.000882825 
13 5 5 0.376708 0.000183843 -0.00031142 
14 5 5 0.37616 0.000828313 0.000765076 
15 5 5 0.375072 -0.00606278 -0.00551175 
0 6 6 0.940719 0.00584438 0.00479577 
1 6 6 0.934252 0.00485232 0.00476838 
2 6 6 0.92874 0.00327337 0.00418474 
3 6 6 0.924687 0.00146939 0.00316818 
4 6 6 0.922392 -0.000280574 0.00182139 
5 6 6 0.921965 -0.00177632 0.000285813 
6 6 6 0.923326 -0.00288474 -0.00124397 
7 6 6 0.926168 -0.00353223 -0.00252164 
8 6 6 0.929938 -0.00371574 -0.00322293 
9 6 6 0.934115 -0.00333605 -0.0030949 
10 6 6 0.938161 -0.00221507 -0.00314708 
11 6 6 0.941323 -0.00104186 -0.00307807 
12 6 6 0.943618 -0.000130207 -0.00216734 
13 6 6 0.944775 0.000571419 -0.000873262 
14 6 6 0.945226 0.00129807 0.000828015 
15 6 6 0.948832 -0.00448098 -0.00747066 
0 7 7 1.2667 0.00603661 0.00913269 
1 7 7 1.26269 0.00545455 0.00833599 
2 7 7 1.25898 0.00415644 0.00656569 
3 7 7 1.25586 0.00246482 0.00422476 
4 7 7 1.25354 0.000688752 0.00158361 
5 7 7 1.25216 -0.000905171 -0.00111825 
6 7 7 1.25183 -0.00210818 -0.00361936 
7 7 7 1.25258 -0.00276678 -0.0056207 
8 7 7 1.25429 -0.00276854 -0.00679011 
9 7 7 1.25685 -0.00213967 -0.00686445 
10 7 7 1.25994 -0.00143047 -0.00611968 
11 7 7 1.26275 -0.000809632 -0.00480306 
12 7 7 1.26493 -4.07054e-05 -0.00296655 
13 7 7 1.26635 0.000675381 -0.00100005 
14 7 7 1.26747 0.00113722 0.000725157 
15 7 7 1.26973 -0.000961687 -0.00706465 
0 8 8 1.28883 0.00226412 0.010517 
1 8 8 1.28585 0.00205439 0.00941024 
2 8 8 1.28312 0.00159132 0.00711275 
3 8 8 1.2809 0.000985793 0.00417325 
4 8 8 1.2793 0.000390988 0.000982814 
5 8 8 1.27839 -5.5001e-05 -0.00213634 
6 8 8 1.27829 -0.000255249 -0.00487991 
7 8 8 1.27908 -0.000162591 -0.00694741 
8 8 8 1.28081 0.000209793 -0.00806383 
9 8 8 1.28342 0.000731542 -0.00805544 
10 8 8 1.28656 0.00110693 -0.00697363 
11 8 8 1.28953 0.0011908 -0.00510286 
12 8 8 1.2918 0.00111437 -0.00286701 
13 8 8 1.29323 0.000962814 -0.000714176 
14 8 8 1.29443 0.00074291 0.000985072 
15 8 8 1.29665 0.00197886 -0.00683265 
0 9 9 1.01248 -0.0014171 0.00719063 
1 9 9 1.0081 -0.00153718 0.00613923 
2 9 9 1.00457 -0.00142967 0.0042766 
3 9 9 1.00225 -0.00113025 0.00202839 
4 9 9 1.0013 -0.000644916 -0.000291141 
5 9 9 1.00177 5.68618e-06 -0.00243006 
6 9 9 1.00359 0.000764832 -0.00417152 
7 9 9 1.00664 0.00153746 -0.00532961 
8 9 9 1.01065 0.00219275 -0.0057703 
9 9 9 1.0152 0.00257414 -0.00545602 
10 9 9 1.01967 0.00254662 -0.00449208 
11 9 9 1.0234 0.00211396 -0.00311665 
12 9 9 1.02594 0.00143657 -0.00162643 
13 9 9 1.02727 0.000675501 -0.000249364 
14 9 9 1.02813 -0.0002205 0.00115478 
15 9 9 1.03195 0.00458537 -0.00748972 
0 10 10 0.478159 -0.00169697 0.00214473 
1 10 10 0.473546 -0.00181232 0.00165322 
2 10 10 0.469872 -0.00166553 0.000917975 
3 10 10 0.467566 -0.00131386 0.000107709 
4 10 10 0.466831 -0.000808487 -0.000661291 
5 10 10 0.467697 -0.000204489 -0.00130496 
6 10 10 0.470035 0.000424194 -0.00176381 
7 10 10 0.473564 0.000989044 -0.00200162 
8 10 10 0.477855 0.001396 -0.00200909 
9 10 10 0.48235 0.00156508 -0.00181038 
10 10 10 0.486449 0.00145942 -0.00146186 
11 10 10 0.489653 0.00112208 -0.00103588 
12 10 10 0.491695 0.000657425 -0.00059994 
13 10 10 0.492565 0.000131263 -0.000169683 
14 10 10 0.492346 -0.000928082 0.000791523 
15 10 10 0.493478 0.00630059 -0.00684153 
0 11 11 0.0819453 -0.000357034 0.000146676 
1 11 11 0.0801312 -0.000404061 6.96076e-05 
2 11 11 0.0785403 -0.000393031 -3.14673e-05 
3 11 11 0.0773844 -0.000335265 -0.000129805 
4 11 11 0.0767823 -0.000242598 -0.000210179 
5 11 11 0.0767797 -0.000125543 -0.00026405 
6 11 11 0.0773561 -3.03117e-07 -0.000289476 
7 11 11 0.0784288 0.000114874 -0.000289704 
8 11 11 0.0798524 0.000201064 -0.000270901 
9 11 11 0.0814305 0.000243981 -0.000240849 
10 11 11 0.0829439 0.00023609 -0.000205566 
11 11 11 0.0841988 0.000184327 -0.00016789 
12 11 11 0.0850689 0.000105977 -0.000127819 
13 11 11 0.08549 8.00871e-06 -7.82061e-05 
14 11 11 0.0851681 -0.000309843 0.000159362 
15 11 11 0.0806854 0.00353918 -0.00288848 
0 12 12 0 0 0 
1 12 12 0 0 0 
2 12 12 0 0 0 
3 12 12 0 0 0 
4 12 12 0 0 0 
5 12 12 0 0 0 
6 12 12 0 0 0 
7 12 12 0 0 0 
8 12 12 0 0 0 
9 12 12 0 0 0 
10 12 12 0 0 0 
11 12 12 0 0 0 
12 12 12 0 0 0 
13 12 12 0 0 0 
14 12 12 0 0 0 
15 12 12 0 0 0 
0 13 13 0 0 0 
1 13 13 0 0 0 
2 13 13 0 0 0 
3 13 13 0 0 0 
4 13 13 0 0 0 
5 13 13 0 0 0 
6 13 13 0 0 0 
7 13 13 0 0 0 
8 13 13 0 0 0 
9 13 13 0 0 0 
10 13 13 0 0 0 
11 13 13 0 0 0 
12 13 13 0 0 0 
13 13 13 0 0 0 
14 13 13 0 0 0 
15 13 13 0 0 0 
0 14 14 0 0 0 
1 14 14 0 0 0 
2 14 14 0 0 0 
3 14 14 0 0 0 
4 14 14 0 0 0 
5 14 14 0 0 0 
6 14 14 0 0 0 
7 14 14 0 0 0 
8 14 14 0 0 0 
9 14 14 0 0 0 
10 14 14 0 0 0 
11 14 14 0 0 0 
12 14 14 0 0 0 
13 14 14 0 0 0 
14 14 14 0 0 0 
15 14 14 0 0 0 
0 15 15 0 0 0 
1 15 15 0 0 0 
2 15 15 0 0 0 
3 15 15 0 0 0 
4 15 15 0 0 0 
5 15 15 0 0 0 
6 15 15 0 0 0 
7 15 15 0 0 0 
8 15 15 0 0 0 
9 15 15 0 0 0 
10 15 15 0 0 0 
11 15 15 0 0 0 
12 15 15 0 0 0 
13 15 15 0 0 0 
14 15 15 0 0 0 
15 15 15 0 0 0 
0 0 0 0 0 0 
1 0 0 0 0 0 
2 0 0 0 0 0 
3 0 0 0 0 0 
4 0 0 0 0 0 
5 0 0 0 0 0 
6 0 0 0 0 0 
7 0 0 0 0 0 
8 0 0 0 0 0 
9 0 0 0 0 0 
10 0 0 0 0 0 
11 0 0 0 0 0 
12 0 0 0 0 0 
13 0 0 0 0 0 
14 0 0 0 0 0 
15 0 0 0 0 0 
0 1 1 0 0 0 
1 1 1 0 0 0 
2 1 1 0 0 0 
3 1 1 0 0 0 
4 1 1 0 0 0 
5 1 1 0 0 0 
6 1 1 0 0 0 
7 1 1 0 0 0 
8 1 1 0 0 0 
9 1 1 0 0 0 
10 1 1 0 0 0 
11 1 1 0 0 0 
12 1 1 0 0 0 
13 1 1 0 0 0 
14 1 1 0 0 0 
15 1 1 0 0 0 
0 2 2 0 0 0 
1 2 2 0 0 0 
2 2 2 0 0 0 
3 2 2 0 0 0 
4 2 2 0 0 0 
5 2 2 0 0 0 
6 2 2 0 0 0 
7 2 2 0 0 0 
8 2 2 0 0 0 
9 2 2 0 0 0 
10 2 2 0 0 0 
11 2 2 0 0 0 
12 2 2 0 0 0 
13 2 2 0 0 0 
14 2 2 0 0 0 
15 2 2 0 0 0 
0 3 3 0 0 0 
1 3 3 0 0 0 
2 3 3 0 0 0 
3 3 3 0 0 0 
4 3 3 0 0 0 
5 3 3 0 0 0 
6 3 3 0 0 0 
7 3 3 0 0 0 
8 3 3 0 0 0 
9 3 3 0 0 0 
10 3 3 0 0 0 
11 3 3 0 0 0 
12 3 3 0 0 0 
13 3 3 0 0 0 
14 3 3 0 0 0 
15 3 3 0 0 0 
0 4 4 0.196398 0.00112742 0.00040726 
1 4 4 0.192635 0.0010126 0.000613579 
2 4 4 0.189452 0.000769 0.000734842 
3 4 4 0.187165 0.000463563 0.000746615 
4 4 4 0.185932 0.000140739 0.000654699 
5 4 4 0.185799 -0.000168764 0.000487925 
6 4 4 0.186701 -0.000440775 0.000290486 
7 4 4 0.18847 -0.000652013 0.000104107 
8 4 4 0.19084 -0.000775357 -4.73477e-05 
9 4 4 0.193444 -0.000770613 -0.000186839 
10 4 4 0.195811 -0.000620421 -0.0003337 
11 4 4 0.197541 -0.000392336 -0.000407665 
12 4 4 0.198531 -0.000175088 -0.000333558 
13 4 4 0.198815 3.11706e-05 -0.000136425 
14 4 4 0.198116 0.000692833 0.00032097 
15 4 4 0.194481 -0.00598829 -0.00240206 
0 5 5 0.91819 0.00740857 0.00245775 
1 5 5 0.910459 0.00666233 0.0026553 
2 5 5 0.904018 0.00513277 0.00260015 
3 5 5 0.899404 0.00318328 0.00227155 
4 5 5 0.896852 0.00110028 0.00166896 
5 5 5 0.896383 -0.000884513 0.000851946 
6 5 5 0.897843 -0.00257649 -5.53641e-05 
7 5 5 0.900912 -0.00381165 -0.000887243 
8 5 5 0.90512 -0.00445877 -0.00148278 
9 5 5 0.909859 -0.00440497 -0.00178292 
10 5 5 0.914296 -0.0035913 -0.00188686 
11 5 5 0.917519 -0.00224611 -0.001795 
12 5 5 0.919147 -0.000812707 -0.00137879 
13 5 5 0.91936 0.000457755 -0.000662446 
14 5 5 0.918949 0.00188913 0.000443224 
15 5 5 0.921996 -0.00713778 -0.00437434 
0 6 6 1.53657 0.0130172 0.00699992 
1 6 6 1.53514 0.0125632 0.00640958 
2 6 6 1.53295 0.0106176 0.00518487 
3 6 6 1.53025 0.00771025 0.00361471 
4 6 6 1.52724 0.00429743 0.00182054 
5 6 6 1.52411 0.000795883 -0.000106096 
6 6 6 1.52111 -0.00241165 -0.00202588 
7 6 6 1.51851 -0.00497811 -0.00372239 
8 6 6 1.51662 -0.00660115 -0.00492151 
9 6 6 1.51574 -0.00704725 -0.00540439 
10 6 6 1.51589 -0.0062233 -0.00518728 
11 6 6 1.51668 -0.00433352 -0.00436094 
12 6 6 1.51761 -0.00190695 -0.00301998 
13 6 6 1.51835 0.000421459 -0.00146735 
14 6 6 1.51905 0.0019924 -0.000224194 
15 6 6 1.51939 -0.00227984 -0.00410101 
0 7 7 1.83985 0.00949842 0.0118743 
1 7 7 1.84872 0.0101564 0.0112161 
2 7 7 1.85553 0.00967298 0.00910167 
3 7 7 1.85968 0.00824419 0.00624853 
4 7 7 1.86088 0.00613548 0.00304485 
5 7 7 1.85914 0.00366223 -0.000262797 
6 7 7 1.85472 0.0011543 -0.003447 
7 7 7 1.84816 -0.00106876 -0.00623551 
8 7 7 1.84034 -0.00271577 -0.00829386 
9 7 7 1.83237 -0.00356203 -0.00929123 
10 7 7 1.8254 -0.00351113 -0.00905065 
11 7 7 1.82025 -0.00260985 -0.00757658 
12 7 7 1.81732 -0.00109013 -0.00515886 
13 7 7 1.81646 0.000598169 -0.00248364 
14 7 7 1.81708 0.00187398 -0.000556379 
15 7 7 1.81751 0.00109305 -0.00318194 
0 8 8 1.85364 0.000777444 0.0133928 
1 8 8 1.86444 0.00182224 0.012968 
2 8 8 1.87336 0.00286655 0.0107289 
3 8 8 1.87959 0.00358608 0.00747188 
4 8 8 1.88265 0.00392502 0.00370258 
5 8 8 1.88237 0.00396981 -0.00021228 
6 8 8 1.87893 0.00384571 -0.00394672 
7 8 8 1.87282 0.00365867 -0.00716331 
8 8 8 1.86495 0.00346699 -0.00949471 
9 8 8 1.85652 0.00326532 -0.0105827 
10 8 8 1.84885 0.0030026 -0.0101912 
11 8 8 1.84304 0.00266178 -0.00834777 
12 8 8 1.8397 0.00230219 -0.00547967 
13 8 8 1.83879 0.00201495 -0.00240997 
14 8 8 1.83971 0.00192572 -0.000241594 
15 8 8 1.84069 0.0029278 -0.00271322 
0 9 9 1.58844 -0.00527168 0.0107045 
1 9 9 1.59222 -0.00421589 0.00992745 
2 9 9 1.59514 -0.00249552 0.00778339 
3 9 9 1.59698 -0.000571745 0.0048771 
4 9 9 1.59755 0.0013529 0.00165066 
5 9 9 1.59684 0.003184 -0.00154433 
6 9 9 1.59503 0.00483221 -0.00440061 
7 9 9 1.59253 0.00616886 -0.00663097 
8 9 9 1.58994 0.00702345 -0.00796839 
9 9 9 1.58788 0.00721927 -0.00821036 
10 9 9 1.58681 0.00665232 -0.00730897 
11 9 9 1.58688 0.00539889 -0.00546437 
12 9 9 1.58787 0.00375388 -0.00313534 
13 9 9 1.58946 0.00213353 -0.000916133 
14 9 9 1.59153 0.00106698 0.00050949 
15 9 9 1.59319 0.00471296 -0.00331384 
0 10 10 1.03334 -0.0049525 0.00479519 
1 10 10 1.02992 -0.00433451 0.00398317 
2 10 10 1.02726 -0.00309714 0.00262747 
3 10 10 1.02565 -0.0015275 0.00104316 
4 10 10 1.02521 0.000186809 -0.000537961 
5 10 10 1.02599 0.00188964 -0.00194187 
6 10 10 1.02798 0.00341655 -0.00303257 
7 10 10 1.03107 0.00458761 -0.00370671 
8 10 10 1.03505 0.00523423 -0.00389778 
9 10 10 1.03952 0.00524392 -0.00360018 
10 10 10 1.04394 0.00461478 -0.00289432 
11 10 10 1.04777 0.00349239 -0.00194912 
12 10 10 1.05057 0.00213797 -0.000973608 
13 10 10 1.05226 0.000786229 -0.000123857 
14 10 10 1.05354 -0.000651058 0.000661574 
15 10 10 1.05764 0.00756534 -0.00468587 
0 11 11 0.272273 -0.00128872 0.000526957 
1 11 11 0.268932 -0.00124294 0.000341993 
2 11 11 0.266195 -0.00100758 9.80893e-05 
3 11 11 0.264407 -0.000652822 -0.000147504 
4 11 11 0.26375 -0.000233867 -0.000359886 
5 11 11 0.26427 0.000201671 -0.000518492 
6 11 11 0.265885 0.000603931 -0.000613578 
7 11 11 0.268393 0.00092103 -0.000645164 
8 11 11 0.271476 0.00110876 -0.000618645 
9 11 11 0.274731 0.00114121 -0.000545499 
10 11 11 0.277736 0.0010176 -0.00044247 
11 11 11 0.280142 0.000771849 -0.000328602 
12 11 11 0.281742 0.000458854 -0.000219734 
13 11 11 0.282473 0.000101424 -0.000113104 
14 11 11 0.282143 -0.000818594 0.000212352 
15 11 11 0.280254 0.00674265 -0.00349642 
0 12 12 0.00953324 -5.83081e-05 -1.41141e-05 
1 12 12 0.0090321 -6.47106e-05 -1.7925e-05 
2 12 12 0.00855382 -6.02498e-05 -2.05803e-05 
3 12 12 0.00816809 -4.83182e-05 -2.12836e-05 
4 12 12 0.00791774 -3.17056e-05 -1.99658e-05 
5 12 12 0.00782574 -1.23574e-05 -1.69619e-05 
6 12 12 0.00789548 7.49922e-06 -1.30394e-05 
7 12 12 0.00811475 2.52203e-05 -9.21435e-06 
8 12 12 0.00845213 3.84079e-05 -6.37071e-06 
9 12 12 0.00885994 4.55192e-05 -5.01045e-06 
10 12 12 0.00927858 4.50989e-05 -5.18528e-06 
11 12 12 0.00965465 3.79016e-05 -6.53651e-06 
12 12 12 0.00993791 2.52489e-05 -8.2565e-06 
13 12 12 0.0100929 7.34874e-06 -9.75064e-06 
14 12 12 0.0099627 -7.52455e-05 -9.20715e-06 
15 12 12 0.00747748 0.00139007 -0.000597597 
0 13 13 0 0 0 
1 13 13 0 0 0 
2 13 13 0 0 0 
3 13 13 0 0 0 
4 13 13 0 0 0 
5 13 13 0 0 0 
6 13 13 0 0 0 
7 13 13 0 0 0 
8 13 13 0 0 0 
9 13 13 0 0 0 
10 13 13 0 0 0 
11 13 13 0 0 0 
12 13 13 0 0 0 
13 13 13 0 0 0 
14 13 13 0 0 0 
15 13 13 0 0 0 
0 14 14 0 0 0 
1 14 14 0 0 0 
2 14 14 0 0 0 
3 14 14 0 0 0 
4 14 14 0 0 0 
5 14 14 0 0 0 
6 14 14 0 0 0 
7 14 14 0 0 0 
8 14 14 0 0 0 
9 14 14 0 0 0 
10 14 14 0 0 0 
11 14 14 0 0 0 
12 14 14 0 0 0 
13 14 14 0 0 0 
14 14 14 0 0 0 
15 14 14 0 0 0 
0 15 15 0 0 0 
1 15 15 0 0 0 
2 15 15 0 0 0 
3 15 15 0 0 0 
4 15 15 0 0 0 
5 15 15 0 0 0 
6 15 15 0 0 0 
7 15 15 0 0 0 
8 15 15 0 0 0 
9 15 15 0 0 0 
10 15 15 0 0 0 
11 15 15 0 0 0 
12 15 15 0 0 0 
13 15 15 0 0 0 
14 15 15 0 0 0 
15 15 15 0 0 0 
0 0 0 0 0 0 
1 0 0 0 0 0 
2 0 0 0 0 0 
3 0 0 0 0 0 
4 0 0 0 0 0 
5 0 0 0 0 0 
6 0 0 0 0 0 
7 0 0 0 0 0 
8 0 0 0 0 0 
9 0 0 0 0 0 
10 0 0 0 0 0 
11 0 0 0 0 0 
12 0 0 0 0 0 
13 0 0 0 0 0 
14 0 0 0 0 0 
15 0 0 0 0 0 
0 1 1 0 0 0 
1 1 1 0 0 0 
2 1 1 0 0 0 
3 1 1 0 0 0 
4 1 1 0 0 0 
5 1 1 0 0 0 
6 1 1 0 0 0 
7 1 1 0 0 0 
8 1 1 0 0 0 
9 1 1 0 0 0 
10 1 1 0 0 0 
11 1 1 0 0 0 
12 1 1 0 0 0 
13 1 1 0 0 0 
14 1 1 0 0 0 
15 1 1 0 0 0 
0 2 2 0 0 0 
1 2 2 0 0 0 
2 2 2 0 0 0 
3 2 2 0 0 0 
4 2 2 0 0 0 
5 2 2 0 0 0 
6 2 2 0 0 0 
7 2 2 0 0 0 
8 2 2 0 0 0 
9 2 2 0 0 0 
10 2 2 0 0 0 
11 2 2 0 0 0 
12 2 2 0 0 0 
13 2 2 0 0 0 
14 2 2 0 0 0 
15 2 2 0 0 0 
0 3 3 0.00150634 3.62497e-05 -7.315e-06 
1 3 3 0.00111151 4.72541e-05 -3.0412e-06 
2 3 3 0.000700224 4.93602e-05 1.90579e-06 
3 3 3 0.000331994 4.50004e-05 5.90925e-06 
4 3 3 4.50608e-05 3.56389e-05 8.48871e-06 
5 3 3 -0.000132745 2.29899e-05 9.40601e-06 
6 3 3 -0.000187446 8.34509e-06 9.37205e-06 
7 3 3 -0.00011833 -6.8854e-06 8.74961e-06 
8 3 3 6.08038e-05 -2.04452e-05 7.32724e-06 
9 3 3 0.000318004 -3.00058e-05 3.903e-06 
10 3 3 0.000608837 -3.38884e-05 -1.20898e-06 
11 3 3 0.000884771 -3.16792e-05 -5.61568e-06 
12 3 3 0.00110443 -2.4286e-05 -7.22607e-06 
13 3 3 0.00123516 -1.15567e-05 -6.24312e-06 
14 3 3 0.00114006 7.10942e-05 -1.4365e-05 
15 3 3 -0.00104021 -0.00163102 -3.3005e-05 
0 4 4 0.349235 0.00237618 0.000198421 
1 4 4 0.343877 0.00226663 0.000329514 
2 4 4 0.339431 0.00187426 0.000428401 
3 4 4 0.336328 0.00130266 0.000466119 
4 4 4 0.334764 0.000638113 0.000434388 
5 4 4 0.334763 -4.09323e-05 0.000340232 
6 4 4 0.33619 -0.000658341 0.000211109 
7 4 4 0.338761 -0.00114228 7.70052e-05 
8 4 4 0.342057 -0.00142992 -3.93728e-05 
9 4 4 0.345553 -0.00147941 -0.000142933 
10 4 4 0.34869 -0.00129134 -0.000238476 
11 4 4 0.351005 -0.00092305 -0.000295836 
12 4 4 0.352283 -0.000469476 -0.000276779 
13 4 4 0.352538 2.60392e-05 -0.000171239 
14 4 4 0.351757 0.00118567 9.44085e-05 
15 4 4 0.350487 -0.00821968 -0.000735476 
0 5 5 1.21775 0.0113869 0.00111659 
1 5 5 1.21084 0.0106839 0.00110177 
2 5 5 1.20455 0.0087929 0.00102743 
3 5 5 1.19946 0.00615294 0.000890518 
4 5 5 1.19589 0.0031183 0.000670247 
5 5 5 1.19397 1.94751e-05 0.000358626 
6 5 5 1.19369 -0.00281163 -2.07041e-05 
7 5 5 1.19488 -0.00504807 -0.000409058 
8 5 5 1.19729 -0.00639768 -0.000731315 
9 5 5 1.20048 -0.00666037 -0.000933484 
10 5 5 1.20383 -0.00581106 -0.00100777 
11 5 5 1.20664 -0.00408224 -0.000957029 
12 5 5 1.20833 -0.0019272 -0.00077987 
13 5 5 1.20878 0.000186984 -0.000491066 
14 5 5 1.20872 0.00200431 -0.00011597 
15 5 5 1.21032 -0.00649374 -0.00155418 
0 6 6 1.82396 0.0163537 0.00330478 
1 6 6 1.83065 0.0163917 0.00297506 
2 6 6 1.83514 0.0145891 0.00231693 
3 6 6 1.83706 0.0115576 0.00153976 
4 6 6 1.83638 0.00772996 0.000724068 
5 6 6 1.83327 0.00349605 -0.000100955 
6 6 6 1.82809 -0.000734025 -0.000909674 
7 6 6 1.82138 -0.00451613 -0.00165003 
8 6 6 1.81389 -0.00738537 -0.00223767 
9 6 6 1.80656 -0.00890119 -0.00257759 
10 6 6 1.80031 -0.00876124 -0.00260345 
11 6 6 1.79579 -0.00698108 -0.00229253 
12 6 6 1.7932 -0.00403419 -0.00169958 
13 6 6 1.79227 -0.000793942 -0.000994105 
14 6 6 1.79244 0.00158205 -0.000461431 
15 6 6 1.79215 -0.00114273 -0.0013878 
0 7 7 2.11463 0.00968784 0.00524094 
1 7 7 2.13572 0.0106056 0.0052125 
2 7 7 2.15486 0.0105312 0.00437192 
3 7 7 2.16973 0.00963523 0.00314182 
4 7 7 2.1792 0.00804023 0.00174591 
5 7 7 2.18275 0.00590344 0.000302141 
6 7 7 2.18038 0.00344348 -0.00110854 
7 7 7 2.1725 0.000932589 -0.0024006 
8 7 7 2.15998 -0.0013189 -0.00346441 
9 7 7 2.14426 -0.00298431 -0.00416153 
10 7 7 2.12735 -0.00376214 -0.00435316 
11 7 7 2.11163 -0.00346387 -0.00394134 
12 7 7 2.09936 -0.00216322 -0.00297556 
13 7 7 2.09186 -0.00030077 -0.00174858 
14 7 7 2.08888 0.00140027 -0.000745067 
15 7 7 2.08851 0.00145522 -0.00108492 
0 8 8 2.12502 -0.00193939 0.00572693 
1 8 8 2.14775 -0.00129243 0.00593357 
2 8 8 2.16901 0.000200363 0.00519308 
3 8 8 2.18633 0.00188151 0.00391991 
4 8 8 2.19831 0.00339139 0.00236232 
5 8 8 2.20421 0.00458411 0.000680805 
6 8 8 2.20376 0.00543531 -0.000996526 
7 8 8 2.19718 0.00596812 -0.0025429 
8 8 8 2.18526 0.00620144 -0.00381458 
9 8 8 2.16941 0.00611664 -0.00464353 
10 8 8 2.15175 0.00567546 -0.00486353 
11 8 8 2.13493 0.0048799 -0.00436991 
12 8 8 2.12154 0.00385622 -0.00324087 
13 8 8 2.11329 0.0028759 -0.00182144 
14 8 8 2.1101 0.00228251 -0.00065216 
15 8 8 2.11012 0.00287355 -0.000867655 
0 9 9 1.86482 -0.00988104 0.004883 
1 9 9 1.87736 -0.00877003 0.00478932 
2 9 9 1.88827 -0.0060853 0.0039958 
3 9 9 1.89655 -0.00276159 0.00279284 
4 9 9 1.9015 0.000687776 0.00138235 
5 9 9 1.9028 0.00398215 -8.05088e-05 
6 9 9 1.90046 0.00692863 -0.00146168 
7 9 9 1.89494 0.00933158 -0.00263458 
8 9 9 1.88713 0.010951 -0.00347152 
9 9 9 1.87833 0.0115191 -0.00385233 
10 9 9 1.87001 0.0108371 -0.00369362 
11 9 9 1.86352 0.00894593 -0.00301023 
12 9 9 1.85972 0.00626565 -0.00196703 
13 9 9 1.85872 0.00355057 -0.000867496 
14 9 9 1.85992 0.00176718 -0.000104808 
15 9 9 1.86148 0.00427353 -0.000907309 
0 10 10 1.32247 -0.00864601 0.00253841 
1 10 10 1.32214 -0.00736745 0.00219994 
2 10 10 1.32189 -0.00502496 0.0015627 
3 10 10 1.32178 -0.00218961 0.000784854 
4 10 10 1.32176 0.000778306 -1.77333e-05 
5 10 10 1.32189 0.0036154 -0.000757187 
6 10 10 1.32228 0.00607821 -0.00136396 
7 10 10 1.32312 0.00791333 -0.0017828 
8 10 10 1.3246 0.00887859 -0.00197074 
9 10 10 1.32678 0.00880703 -0.00190645 
10 10 10 1.32951 0.00769936 -0.00160762 
11 10 10 1.33243 0.00579609 -0.00114534 
12 10 10 1.33512 0.00354444 -0.000630372 
13 10 10 1.33731 0.00142307 -0.000172656 
14 10 10 1.33941 -0.000156011 0.000132414 
15 10 10 1.34221 0.00728541 -0.00151067 
0 11 11 0.499631 -0.00267175 0.000410474 
1 11 11 0.495347 -0.00236661 0.000294685 
2 11 11 0.491961 -0.00170439 0.000138715 
3 11 11 0.489886 -0.000851644 -2.27279e-05 
4 11 11 0.489331 7.0109e-05 -0.00016926 
5 11 11 0.49034 0.000961758 -0.000287995 
6 11 11 0.492798 0.00172984 -0.000371794 
7 11 11 0.496435 0.00228319 -0.00041823 
8 11 11 0.50082 0.00255035 -0.000425998 
9 11 11 0.505406 0.00249911 -0.00039618 
10 11 11 0.509618 0.0021515 -0.000336707 
11 11 11 0.512978 0.00159214 -0.000261734 
12 11 11 0.515214 0.000937731 -0.000182849 
13 11 11 0.516272 0.000247344 -0.000100437 
14 11 11 0.516227 -0.00112394 0.000102585 
15 11 11 0.516987 0.00896112 -0.00177411 
0 12 12 0.0422645 -0.000167971 5.60223e-07 
1 12 12 0.0409955 -0.000171387 -1.77056e-06 
2 12 12 0.0398436 -0.000145625 -5.90098e-06 
3 12 12 0.0389704 -0.000101784 -1.00002e-05 
4 12 12 0.0384707 -4.83953e-05 -1.39092e-05 
5 12 12 0.0383875 8.53856e-06 -1.70932e-05 
6 12 12 0.0387144 6.26712e-05 -2.04609e-05 
7 12 12 0.0394027 0.00010756 -2.43496e-05 
8 12 12 0.0403569 0.000137493 -2.86796e-05 
9 12 12 0.0414459 0.000149048 -3.22478e-05 
10 12 12 0.0425199 0.000140173 -3.46459e-05 
11 12 12 0.0434425 0.000113771 -3.544e-05 
12 12 12 0.0441099 7.49924e-05 -3.27898e-05 
13 12 12 0.0444532 2.42465e-05 -2.50071e-05 
14 12 12 0.0441775 -0.000177967 2.9442e-05 
15 12 12 0.0394368 0.00310373 -0.000742851 
0 13 13 0 0 0 
1 13 13 0 0 0 
2 13 13 0 0 0 
3 13 13 0 0 0 
4 13 13 0 0 0 
5 13 13 0 0 0 
6 13 13 0 0 0 
7 13 13 0 0 0 
8 13 13 0 0 0 
9 13 13 0 0 0 
10 13 13 0 0 0 
11 13 13 0 0 0 
12 13 13 0 0 0 
13 13 13 0 0 0 
14 13 13 0 0 0 
15 13 13 0 0 0 
0 14 14 0 0 0 
1 14 14 0 0 0 
2 14 14 0 0 0 
3 14 14 0 0 0 
4 14 14 0 0 0 
5 14 14 0 0 0 
6 14 14 0 0 0 
7 14 14 0 0 0 
8 14 14 0 0 0 
9 14 14 0 0 0 
10 14 14 0 0 0 
11 14 14 0 0 0 
12 14 14 0 0 0 
13 14 14 0 0 0 
14 14 14 0 0 0 
15 14 14 0 0 0 
0 15 15 0 0 0 
1 15 15 0 0 0 
2 15 15 0 0 0 
3 15 15 0 0 0 
4 15 15 0 0 0 
5 15 15 0 0 0 
6 15 15 0 0 0 
7 15 15 0 0 0 
8 15 15 0 0 0 
9 15 15 0 0 0 
10 15 15 0 0 0 
11 15 15 0 0 0 
12 15 15 0 0 0 
13 15 15 0 0 0 
14 15 15 0 0 0 
15 15 15 0 0 0 
0 0 0 0 0 0 
1 0 0 0 0 0 
2 0 0 0 0 0 
3 0 0 0 0 0 
4 0 0 0 0 0 
5 0 0 0 0 0 
6 0 0 0 0 0 
7 0 0 0 0 0 
8 0 0 0 0 0 
9 0 0 0 0 0 
10 0 0 0 0 0 
11 0 0 0 0 0 
12 0 0 0 0 0 
13 0 0 0 0 0 
14 0 0 0 0 0 
15 0 0 0 0 0 
0 1 1 0 0 0 
1 1 1 0 0 0 
2 1 1 0 0 0 
3 1 1 0 0 0 
4 1 1 0 0 0 
5 1 1 0 0 0 
6 1 1 0 0 0 
7 1 1 0 0 0 
8 1 1 0 0 0 
9 1 1 0 0 0 
10 1 1 0 0 0 
11 1 1 0 0 0 
12 1 1 0 0 0 
13 1 1 0 0 0 
14 1 1 0 0 0 
15 1 1 0 0 0 
0 2 2 0 0 0 
1 2 2 0 0 0 
2 2 2 0 0 0 
3 2 2 0 0 0 
4 2 2 0 0 0 
5 2 2 0 0 0 
6 2 2 0 0 0 
7 2 2 0 0 0 
8 2 2 0 0 0 
9 2 2 0 0 0 
10 2 2 0 0 0 
11 2 2 0 0 0 
12 2 2 0 0 0 
13 2 2 0 0 0 
14 2 2 0 0 0 
15 2 2 0 0 0 
0 3 3 0.00150314 3.50089e-05 -1.28962e-06 
1 3 3 0.00110855 4.73281e-05 3.00103e-06 
2 3 3 0.000697169 5.06579e-05 6.28139e-06 
3 3 3 0.000328694 4.71482e-05 7.97611e-06 
4 3 3 4.16544e-05 3.82113e-05 8.27045e-06 
5 3 3 -0.000136099 2.55091e-05 6.92683e-06 
6 3 3 -0.000190786 1.05043e-05 4.6534e-06 
7 3 3 -0.00012198 -5.22528e-06 1.90547e-06 
8 3 3 5.64464e-05 -1.94947e-05 -1.10314e-06 
9 3 3 0.000312883 -3.02247e-05 -5.05289e-06 
10 3 3 0.000603499 -3.55902e-05 -9.41483e-06 
11 3 3 0.000880025 -3.44786e-05 -1.23606e-05 
12 3 3 0.00110059 -2.72557e-05 -1.24733e-05 
13 3 3 0.00123173 -1.38498e-05 -9.35746e-06 
14 3 3 0.00113653 6.97612e-05 5.23039e-06 
15 3 3 -0.00104301 -0.00163036 3.06243e-05 
0 4 4 0.349093 0.0023446 -0.000422691 
1 4 4 0.343744 0.00225388 -0.000437533 
2 4 4 0.339285 0.00188356 -0.000394927 
3 4 4 0.33616 0.00132994 -0.000310802 
4 4 4 0.334579 0.000675178 -0.00019945 
5 4 4 0.334573 -2.07392e-06 -8.01043e-05 
6 4 4 0.336 -0.000623199 3.31459e-05 
7 4 4 0.338567 -0.00111293 0.000125915 
8 4 4 0.341843 -0.00140657 0.000186357 
9 4 4 0.345303 -0.001468 0.000195928 
10 4 4 0.348414 -0.0013019 0.000147994 
11 4 4 0.350744 -0.00095774 5.98601e-05 
12 4 4 0.352065 -0.000515917 -3.91413e-05 
13 4 4 0.352354 -1.55902e-05 -0.000130252 
14 4 4 0.35158 0.00115886 -0.000317712 
15 4 4 0.35029 -0.00822674 0.000615509 
0 5 5 1.2173 0.0113032 -0.00168406 
1 5 5 1.21039 0.0106114 -0.00164913 
2 5 5 1.20407 0.00875281 -0.00143186 
3 5 5 1.19895 0.00615551 -0.00107919 
4 5 5 1.19535 0.00316082 -0.000625506 
5 5 5 1.19342 8.94951e-05 -0.000116039 
6 5 5 1.19313 -0.00273097 0.000387628 
7 5 5 1.19434 -0.00496938 0.000817016 
8 5 5 1.19676 -0.0063273 0.0011062 
9 5 5 1.19993 -0.00660671 0.0012058 
10 5 5 1.20324 -0.00579048 0.00109048 
11 5 5 1.20601 -0.0041069 0.00078935 
12 5 5 1.2077 -0.00198915 0.000381262 
13 5 5 1.20816 0.000109543 -4.30212e-05 
14 5 5 1.20812 0.00193395 -0.000436848 
15 5 5 1.20971 -0.00654027 0.00108896 
0 6 6 1.82345 0.0163091 -0.00380259 
1 6 6 1.83006 0.0163321 -0.00359576 
2 6 6 1.83446 0.0145303 -0.0029638 
3 6 6 1.8363 0.011515 -0.00211521 
4 6 6 1.83555 0.0077146 -0.00114728 
5 6 6 1.8324 0.00351173 -0.000118222 
6 6 6 1.8272 -0.000691797 0.000905232 
7 6 6 1.82051 -0.00445708 0.00182927 
8 6 6 1.81306 -0.00732085 0.00253467 
9 6 6 1.80577 -0.00884418 0.00289433 
10 6 6 1.79953 -0.00872318 0.00281328 
11 6 6 1.79501 -0.00696923 0.002289 
12 6 6 1.7924 -0.00404709 0.00145329 
13 6 6 1.79145 -0.000824361 0.000547846 
14 6 6 1.79158 0.00154369 -0.000105003 
15 6 6 1.79125 -0.00118012 0.000801458 
0 7 7 2.11426 0.00971337 -0.0055608 
1 7 7 2.13529 0.0106254 -0.0056348 
2 7 7 2.15434 0.0105436 -0.00485969 
3 7 7 2.16911 0.009641 -0.00364269 
4 7 7 2.17847 0.0080417 -0.0022019 
5 7 7 2.18195 0.00590298 -0.000659768 
6 7 7 2.17953 0.00344294 0.000888405 
7 7 7 2.17163 0.000932789 0.00233418 
8 7 7 2.15912 -0.00131892 0.00353529 
9 7 7 2.14343 -0.00298311 0.00431329 
10 7 7 2.12656 -0.00375672 0.00448854 
11 7 7 2.11087 -0.00344994 0.00395945 
12 7 7 2.09862 -0.002142 0.00282348 
13 7 7 2.09113 -0.000276854 0.00142935 
14 7 7 2.08813 0.00142243 0.00029885 
15 7 7 2.0877 0.00147105 0.000579113 
0 8 8 2.12483 -0.00187817 -0.00595233 
1 8 8 2.14753 -0.00121546 -0.00624861 
2 8 8 2.16875 0.000280685 -0.00557695 
3 8 8 2.18601 0.00195302 -0.00433347 
4 8 8 2.19792 0.00344443 -0.00275704 
5 8 8 2.20374 0.00461227 -0.00100869 
6 8 8 2.20323 0.00543617 0.000773514 
7 8 8 2.19662 0.00594388 0.00244358 
8 8 8 2.18467 0.00615955 0.00383053 
9 8 8 2.16882 0.00607026 0.00473578 
10 8 8 2.15119 0.00564159 0.00496136 
11 8 8 2.13439 0.00487359 0.00439597 
12 8 8 2.12103 0.00388034 0.00314292 
13 8 8 2.11279 0.00292312 0.00158677 
14 8 8 2.1096 0.00234117 0.000301072 
15 8 8 2.1096 0.00293169 0.000447699 
0 9 9 1.86474 -0.00980007 -0.00512729 
1 9 9 1.87728 -0.00866976 -0.0051448 
2 9 9 1.88818 -0.00598456 -0.00441626 
3 9 9 1.89642 -0.00267805 -0.0032153 
4 9 9 1.90133 0.000741341 -0.00174479 
5 9 9 1.90258 0.0039988 -0.000172219 
6 9 9 1.9002 0.00690851 0.00134673 
7 9 9 1.89464 0.009282 0.00265642 
8 9 9 1.88682 0.0108857 0.00359846 
9 9 9 1.87801 0.0114566 0.0040243 
10 9 9 1.86969 0.010797 0.00383635 
11 9 9 1.86323 0.00894125 0.0030546 
12 9 9 1.85944 0.00629765 0.00187249 
13 9 9 1.85846 0.0036097 0.000632856 
14 9 9 1.85965 0.00183893 -0.00023781 
15 9 9 1.86118 0.00434328 0.000512963 
0 10 10 1.32244 -0.00857484 -0.00284301 
1 10 10 1.3221 -0.00729588 -0.00254521 
2 10 10 1.32185 -0.00496901 -0.00187791 
3 10 10 1.32171 -0.00216016 -0.00101119 
4 10 10 1.32167 0.00077695 -8.48481e-05 
5 10 10 1.32177 0.00358547 0.000786757 
6 10 10 1.32214 0.00602741 0.00150721 
7 10 10 1.32296 0.00785388 0.00199468 
8 10 10 1.32443 0.00882453 0.00218952 
9 10 10 1.32661 0.00877143 0.00206913 
10 10 10 1.32934 0.00769081 0.00166625 
11 10 10 1.33227 0.00581641 0.00107607 
12 10 10 1.33496 0.003588 0.000440012 
13 10 10 1.33715 0.00147882 -0.000103763 
14 10 10 1.33924 -0.000100674 -0.000444245 
15 10 10 1.34204 0.00733028 0.00121765 
0 11 11 0.499588 -0.00264768 -0.00055549 
1 11 11 0.495306 -0.0023506 -0.000398734 
2 11 11 0.491917 -0.00170072 -0.000172162 
3 11 11 0.489834 -0.000861574 6.82969e-05 
4 11 11 0.489268 4.85888e-05 0.000281745 
5 11 11 0.490264 0.000933999 0.000443325 
6 11 11 0.492712 0.00170096 0.000536992 
7 11 11 0.496341 0.00225933 0.000556783 
8 11 11 0.500721 0.00253633 0.000507581 
9 11 11 0.505304 0.00249732 0.000405932 
10 11 11 0.509516 0.00216222 0.000274136 
11 11 11 0.512879 0.00161225 0.000137961 
12 11 11 0.515118 0.000963364 2.2364e-05 
13 11 11 0.51618 0.000272899 -6.51234e-05 
14 11 11 0.516138 -0.00110373 -0.000245185 
15 11 11 0.516896 0.00897308 0.00167682 
0 12 12 0.0422515 -0.000165842 -2.11466e-05 
1 12 12 0.0409833 -0.000170654 -6.24161e-06 
2 12 12 0.0398309 -0.000146382 1.38618e-05 
3 12 12 0.038957 -0.00010409 3.24108e-05 
4 12 12 0.038456 -5.18319e-05 4.55645e-05 
5 12 12 0.03837 4.93549e-06 5.24215e-05 
6 12 12 0.038695 5.93429e-05 5.2126e-05 
7 12 12 0.0393813 0.000105255 4.59922e-05 
8 12 12 0.040334 0.000136662 3.5959e-05 
9 12 12 0.0414221 0.000149768 2.49915e-05 
10 12 12 0.0424972 0.000142364 1.43251e-05 
11 12 12 0.0434203 0.000116799 5.35337e-06 
12 12 12 0.0440889 7.83752e-05 -5.7856e-07 
13 12 12 0.0444338 2.7321e-05 -5.12857e-06 
14 12 12 0.0441585 -0.000175849 -5.17002e-05 
15 12 12 0.0394178 0.00310426 0.000732239 
0 13 13 0 0 0 
1 13 13 0 0 0 
2 13 13 0 0 0 
3 13 13 0 0 0 
4 13 13 0 0 0 
5 13 13 0 0 0 
6 13 13 0 0 0 
7 13 13 0 0 0 
8 13 13 0 0 0 
9 13 13 0 0 0 
10 13 13 0 0 0 
11 13 13 0 0 0 
12 13 13 0 0 0 
13 13 13 0 0 0 
14 13 13 0 0 0 
15 13 13 0 0 0 
0 14 14 0 0 0 
1 14 14 0 0 0 
2 14 14 0 0 0 
3 14 14 0 0 0 
4 14 14 0 0 0 
5 14 14 0 0 0 
6 14 14 0 0 0 
7 14 14 0 0 0 
8 14 14 0 0 0 
9 14 14 0 0 0 
10 14 14 0 0 0 
11 14 14 0 0 0 
12 14 14 0 0 0 
13 14 14 0 0 0 
14 14 14 0 0 0 
15 14 14 0 0 0 
0 15 15 0 0 0 
1 15 15 0 0 0 
2 15 15 0 0 0 
3 15 15 0 0 0 
4 15 15 0 0 0 
5 15 15 0 0 0 
6 15 15 0 0 0 
7 15 15 0 0 0 
8 15 15 0 0 0 
9 15 15 0 0 0 
10 15 15 0 0 0 
11 15 15 0 0 0 
12 15 15 0 0 0 
13 15 15 0 0 0 
14 15 15 0 0 0 
15 15 15 0 0 0 
0 0 0 0 0 0 
1 0 0 0 0 0 
2 0 0 0 0 0 
3 0 0 0 0 0 
4 0 0 0 0 0 
5 0 0 0 0 0 
6 0 0 0 0 0 
7 0 0 0 0 0 
8 0 0 0 0 0 
9 0 0 0 0 0 
10 0 0 0 0 0 
11 0 0 0 0 0 
12 0 0 0 0 0 
13 0 0 0 0 0 
14 0 0 0 0 0 
15 0 0 0 0 0 
0 1 1 0 0 0 
1 1 1 0 0 0 
2 1 1 0 0 0 
3 1 1 0 0 0 
4 1 1 0 0 0 
5 1 1 0 0 0 
6 1 1 0 0 0 
7 1 1 0 0 0 
8 1 1 0 0 0 
9 1 1 0 0 0 
10 1 1 0 0 0 
11 1 1 0 0 0 
12 1 1 0 0 0 
13 1 1 0 0 0 
14 1 1 0 0 0 
15 1 1 0 0 0 
0 2 2 0 0 0 
1 2 2 0 0 0 
2 2 2 0 0 0 
3 2 2 0 0 0 
4 2 2 0 0 0 
5 2 2 0 0 0 
6 2 2 0 0 0 
7 2 2 0 0 0 
8 2 2 0 0 0 
9 2 2 0 0 0 
10 2 2 0 0 0 
11 2 2 0 0 0 
12 2 2 0 0 0 
13 2 2 0 0 0 
14 2 2 0 0 0 
15 2 2 0 0 0 
0 3 3 0 0 0 
1 3 3 0 0 0 
2 3 3 0 0 0 
3 3 3 0 0 0 
4 3 3 0 0 0 
5 3 3 0 0 0 
6 3 3 0 0 0 
7 3 3 0 0 0 
8 3 3 0 0 0 
9 3 3 0 0 0 
10 3 3 0 0 0 
11 3 3 0 0 0 
12 3 3 0 0 0 
13 3 3 0 0 0 
14 3 3 0 0 0 
15 3 3 0 0 0 
0 4 4 0.196081 0.00106296 -0.000554729 
1 4 4 0.192319 0.000999829 -0.000654532 
2 4 4 0.189098 0.000803747 -0.000674045 
3 4 4 0.186765 0.000527513 -0.000618732 
4 4 4 0.185505 0.000215629 -0.000495315 
5 4 4 0.185366 -9.61328e-05 -0.000326799 
6 4 4 0.186272 -0.000375045 -0.000140188 
7 4 4 0.18803 -0.000589698 3.516e-05 
8 4 4 0.190344 -0.000714607 0.000172158 
9 4 4 0.192847 -0.000735919 0.000245588 
10 4 4 0.195161 -0.000657293 0.000245054 
11 4 4 0.19697 -0.000499541 0.000179243 
12 4 4 0.198083 -0.000296233 6.89151e-05 
13 4 4 0.198431 -5.8221e-05 -7.32069e-05 
14 4 4 0.197721 0.000648574 -0.000444706 
15 4 4 0.194026 -0.00598277 0.00236269 
0 5 5 0.916775 0.00715126 -0.00298055 
1 5 5 0.909016 0.00649774 -0.00306128 
2 5 5 0.902483 0.00509595 -0.0028087 
3 5 5 0.897759 0.0032639 -0.0022767 
4 5 5 0.895129 0.00125797 -0.00151272 
5 5 5 0.894642 -0.000695857 -0.000595059 
6 5 5 0.89614 -0.00238916 0.000358768 
7 5 5 0.899265 -0.00362903 0.00121041 
8 5 5 0.903477 -0.00426298 0.00182428 
9 5 5 0.908078 -0.00421666 0.00209537 
10 5 5 0.912315 -0.00353769 0.00198095 
11 5 5 0.91552 -0.00240805 0.00152768 
12 5 5 0.917292 -0.0010971 0.000856198 
13 5 5 0.917616 0.000180675 8.39819e-05 
14 5 5 0.917205 0.00169554 -0.000941897 
15 5 5 0.920178 -0.0072121 0.00404262 
0 6 6 1.53435 0.0128341 -0.00750782 
1 6 6 1.53268 0.0123772 -0.0069866 
2 6 6 1.53024 0.0104805 -0.0057228 
3 6 6 1.52732 0.00765404 -0.00403207 
4 6 6 1.52416 0.00432742 -0.00207311 
5 6 6 1.52099 0.000893952 2.59622e-05 
6 6 6 1.51804 -0.00227429 0.00209623 
7 6 6 1.51557 -0.0048246 0.00391351 
8 6 6 1.51385 -0.0064414 0.00522009 
9 6 6 1.51304 -0.00689667 0.00577924 
10 6 6 1.51315 -0.00613059 0.005461 
11 6 6 1.51388 -0.00434601 0.00433212 
12 6 6 1.51477 -0.00201238 0.0026832 
13 6 6 1.51544 0.000272038 0.000936321 
14 6 6 1.51601 0.00184938 -0.000385342 
15 6 6 1.5162 -0.00237798 0.00354858 
0 7 7 1.83818 0.00956073 -0.0121839 
1 7 7 1.84678 0.0102097 -0.0116176 
2 7 7 1.85329 0.00970844 -0.00954647 
3 7 7 1.85715 0.00826045 -0.00668267 
4 7 7 1.85813 0.0061358 -0.00341754 
5 7 7 1.85625 0.00365217 -8.59927e-06 
6 7 7 1.85181 0.00114021 0.00329994 
7 7 7 1.84534 -0.0010852 0.00621939 
8 7 7 1.83766 -0.00274281 0.00840551 
9 7 7 1.82982 -0.00360402 0.00949733 
10 7 7 1.8229 -0.00354013 0.00922476 
11 7 7 1.81777 -0.00259217 0.00758058 
12 7 7 1.81483 -0.0010317 0.00496095 
13 7 7 1.8139 0.000674637 0.00212566 
14 7 7 1.81438 0.00195155 9.53586e-05 
15 7 7 1.81463 0.00115152 0.00270648 
0 8 8 1.85284 0.000979519 -0.0136165 
1 8 8 1.86352 0.00205067 -0.0132694 
2 8 8 1.87227 0.00307491 -0.0110752 
3 8 8 1.87831 0.00373768 -0.00782168 
4 8 8 1.88119 0.00399697 -0.0040137 
5 8 8 1.88077 0.00395675 -2.31392e-05 
6 8 8 1.87724 0.00376022 0.00381066 
7 8 8 1.87111 0.00352391 0.00713223 
8 8 8 1.86327 0.0033074 0.00955564 
9 8 8 1.85488 0.0031121 0.0106976 
10 8 8 1.84725 0.0029065 0.0102875 
11 8 8 1.84147 0.00266516 0.00834803 
12 8 8 1.83814 0.00240157 0.00534872 
13 8 8 1.83721 0.00217597 0.0021571 
14 8 8 1.83806 0.00210966 -0.000101279 
15 8 8 1.83894 0.00309423 0.00233545 
0 9 9 1.58813 -0.00503105 -0.0109501 
1 9 9 1.59188 -0.00395942 -0.0102382 
2 9 9 1.59474 -0.00227778 -0.00810818 
3 9 9 1.59649 -0.000433554 -0.00516391 
4 9 9 1.59695 0.00139035 -0.00185828 
5 9 9 1.59613 0.00312112 0.00144097 
6 9 9 1.59423 0.00469065 0.00440509 
7 9 9 1.59169 0.0059841 0.00672334 
8 9 9 1.58907 0.0068358 0.00810993 
9 9 9 1.58701 0.00706955 0.00835131 
10 9 9 1.58595 0.00658061 0.0073952 
11 9 9 1.58602 0.00542866 0.00545032 
12 9 9 1.58703 0.00387614 0.00300306 
13 9 9 1.58861 0.00231338 0.000679551 
14 9 9 1.59065 0.00126209 -0.000814437 
15 9 9 1.59226 0.00488402 0.00299211 
0 10 10 1.03315 -0.00478761 -0.00503072 
1 10 10 1.02974 -0.00419241 -0.00421194 
2 10 10 1.02706 -0.00301287 -0.00279685 
3 10 10 1.02539 -0.0015181 -0.00112066 
4 10 10 1.02489 0.000122901 0.000560307 
5 10 10 1.0256 0.00176997 0.00205113 
6 10 10 1.02753 0.00326852 0.00319989 
7 10 10 1.03059 0.00444248 0.00388961 
8 10 10 1.03455 0.00512018 0.00405161 
9 10 10 1.039 0.00518288 0.00368794 
10 10 10 1.04342 0.00462037 0.00289237 
11 10 10 1.04724 0.00356537 0.00184935 
12 10 10 1.05005 0.00226112 0.000789874 
13 10 10 1.05176 0.000929208 -0.00010961 
14 10 10 1.05304 -0.000520431 -0.000902452 
15 10 10 1.05712 0.0076605 0.00447963 
0 11 11 0.27213 -0.00124837 -0.000605849 
1 11 11 0.268799 -0.00122121 -0.000386495 
2 11 11 0.266055 -0.00101106 -9.44113e-05 
3 11 11 0.264251 -0.000681229 0.000199583 
4 11 11 0.263571 -0.000280552 0.000447174 
5 11 11 0.264066 0.000146842 0.000623613 
6 11 11 0.26566 0.00055104 0.000715947 
7 11 11 0.268152 0.000880104 0.000724288 
8 11 11 0.271221 0.00108699 0.000659169 
9 11 11 0.274466 0.0011419 0.000540791 
10 11 11 0.277467 0.00104114 0.000393072 
11 11 11 0.27988 0.000813703 0.000242705 
12 11 11 0.281494 0.000510022 0.000113717 
13 11 11 0.282239 0.000150317 9.03038e-06 
14 11 11 0.281918 -0.000781473 -0.000296115 
15 11 11 0.280025 0.00676105 0.00344459 
0 12 12 0.00951784 -5.5815e-05 7.79581e-06 
1 12 12 0.00901736 -6.38566e-05 1.55649e-05 
2 12 12 0.0085386 -6.1136e-05 2.29626e-05 
3 12 12 0.00815316 -5.10321e-05 2.80498e-05 
4 12 12 0.007902 -3.56318e-05 2.94887e-05 
5 12 12 0.00780797 -1.65532e-05 2.75549e-05 
6 12 12 0.00787622 3.66029e-06 2.24896e-05 
7 12 12 0.00809397 2.2587e-05 1.56564e-05 
8 12 12 0.00843002 3.75039e-05 8.52168e-06 
9 12 12 0.00883691 4.64219e-05 2.76566e-06 
10 12 12 0.00925707 4.7699e-05 -1.03885e-06 
11 12 12 0.00963258 4.15171e-05 -2.56322e-06 
12 12 12 0.00991651 2.9285e-05 -1.86909e-06 
13 12 12 0.0100727 1.09764e-05 6.81817e-07 
14 12 12 0.00994254 -7.27451e-05 2.69814e-06 
15 12 12 0.00745837 0.00139043 0.000594264 
0 13 13 0 0 0 
1 13 13 0 0 0 
2 13 13 0 0 0 
3 13 13 0 0 0 
4 13 13 0 0 0 
5 13 13 0 0 0 
6 13 13 0 0 0 
7 13 13 0 0 0 
8 13 13 0 0 0 
9 13 13 0 0 0 
10 13 13 0 0 0 
11 13 13 0 0 0 
12 13 13 0 0 0 
13 13 13 0 0 0 
14 13 13 0 0 0 
15 13 13 0 0 0 
0 14 14 0 0 0 
1 14 14 0 0 0 
2 14 14 0 0 0 
3 14 14 0 0 0 
4 14 14 0 0 0 
5 14 14 0 0 0 
6 14 14 0 0 0 
7 14 14 0 0 0 
8 14 14 0 0 0 
9 14 14 0 0 0 
10 14 14 0 0 0 
11 14 14 0 0 0 
12 14 14 0 0 0 
13 14 14 0 0 0 
14 14 14 0 0 0 
15 14 14 0 0 0 
0 15 15 0 0 0 
1 15 15 0 0 0 
2 15 15 0 0 0 
3 15 15 0 0 0 
4 15 15 0 0 0 
5 15 15 0 0 0 
6 15 15 0 0 0 
7 15 15 0 0 0 
8 15 15 0 0 0 
9 15 15 0 0 0 
10 15 15 0 0 0 
11 15 15 0 0 0 
12 15 15 0 0 0 
13 15 15 0 0 0 
14 15 15 0 0 0 
15 15 15 0 0 0 
0 0 0 0 0 0 
1 0 0 0 0 0 
2 0 0 0 0 0 
3 0 0 0 0 0 
4 0 0 0 0 0 
5 0 0 0 0 0 
6 0 0 0 0 0 
7 0 0 0 0 0 
8 0 0 0 0 0 
9 0 0 0 0 0 
10 0 0 0 0 0 
11 0 0 0 0 0 
12 0 0 0 0 0 
13 0 0 0 0 0 
14 0 0 0 0 0 
15 0 0 0 0 0 
0 1 1 0 0 0 
1 1 1 0 0 0 
2 1 1 0 0 0 
3 1 1 0 0 0 
4 1 1 0 0 0 
5 1 1 0 0 0 
6 1 1 0 0 0 
7 1 1 0 0 0 
8 1 1 0 0 0 
9 1 1 0 0 0 
10 1 1 0 0 0 
11 1 1 0 0 0 
12 1 1 0 0 0 
13 1 1 0 0 0 
14 1 1 0 0 0 
15 1 1 0 0 0 
0 2 2 0 0 0 
1 2 2 0 0 0 
2 2 2 0 0 0 
3 2 2 0 0 0 
4 2 2 0 0 0 
5 2 2 0 0 0 
6 2 2 0 0 0 
7 2 2 0 0 0 
8 2 2 0 0 0 
9 2 2 0 0 0 
10 2 2 0 0 0 
11 2 2 0 0 0 
12 2 2 0 0 0 
13 2 2 0 0 0 
14 2 2 0 0 0 
15 2 2 0 0 0 
0 3 3 0 0 0 
1 3 3 0 0 0 
2 3 3 0 0 0 
3 3 3 0 0 0 
4 3 3 0 0 0 
5 3 3 0 0 0 
6 3 3 0 0 0 
7 3 3 0 0 0 
8 3 3 0 0 0 
9 3 3 0 0 0 
10 3 3 0 0 0 
11 3 3 0 0 0 
12 3 3 0 0 0 
13 3 3 0 0 0 
14 3 3 0 0 0 
15 3 3 0 0 0 
0 4 4 0.0556281 0.000179173 -0.000261306 
1 4 4 0.0538837 0.000151928 -0.000328396 
2 4 4 0.0522877 9.61762e-05 -0.000357029 
3 4 4 0.0510349 2.97328e-05 -0.00034673 
4 4 4 0.0502431 -3.61797e-05 -0.000298403 
5 4 4 0.0499667 -9.43686e-05 -0.0002221 
6 4 4 0.0502015 -0.000141365 -0.000131334 
7 4 4 0.0508834 -0.000174054 -4.10038e-05 
8 4 4 0.0518952 -0.000190231 3.52996e-05 
9 4 4 0.0530759 -0.000188872 8.38023e-05 
10 4 4 0.0542437 -0.0001709 9.81239e-05 
11 4 4 0.0552307 -0.000139015 7.98358e-05 
12 4 4 0.0559137 -9.82281e-05 3.63203e-05 
13 4 4 0.0562128 -4.74636e-05 -2.78053e-05 
14 4 4 0.0557992 0.00017704 -0.000232834 
15 4 4 0.0507886 -0.00320069 0.00215815 
0 5 5 0.369553 0.00180261 -0.00162326 
1 5 5 0.364182 0.00145663 -0.00181726 
2 5 5 0.359697 0.000916331 -0.00179261 
3 5 5 0.356555 0.000309446 -0.00156981 
4 5 5 0.354988 -0.000273746 -0.00117716 
5 5 5 0.355037 -0.000771108 -0.000668359 
6 5 5 0.356573 -0.00114082 -0.000118754 
7 5 5 0.35929 -0.00135411 0.000386846 
8 5 5 0.362743 -0.00139793 0.000769244 
9 5 5 0.366392 -0.00127852 0.000966636 
10 5 5 0.369693 -0.0010296 0.000952457 
11 5 5 0.372206 -0.000705094 0.000749212 
12 5 5 0.373681 -0.000366464 0.000415547 
13 5 5 0.374062 -3.09407e-05 -5.84217e-06 
14 5 5 0.373241 0.000770145 -0.000944941 
15 5 5 0.371915 -0.00600454 0.00542108 
0 6 6 0.933398 0.0056426 -0.00522275 
1 6 6 0.926389 0.00475493 -0.005102 
2 6 6 0.920489 0.0032749 -0.00440432 
3 6 6 0.916237 0.0015469 -0.00328312 
4 6 6 0.913901 -0.000158521 -0.00185785 
5 6 6 0.913543 -0.00163697 -0.000269888 
6 6 6 0.915045 -0.0027421 0.00129696 
7 6 6 0.918102 -0.00337557 0.00263254 
8 6 6 0.922227 -0.00349293 0.00353166 
9 6 6 0.926774 -0.00311459 0.00384614 
10 6 6 0.931022 -0.00234622 0.00353373 
11 6 6 0.93432 -0.0013711 0.00269439 
12 6 6 0.936262 -0.000403409 0.00154227 
13 6 6 0.936812 0.000411217 0.000279834 
14 6 6 0.936649 0.00124889 -0.00131182 
15 6 6 0.939765 -0.00443919 0.00709415 
0 7 7 1.26154 0.00624877 -0.00938722 
1 7 7 1.25706 0.00559702 -0.00864384 
2 7 7 1.25293 0.00421285 -0.00688093 
3 7 7 1.24954 0.00245014 -0.00451118 
4 7 7 1.2471 0.000637252 -0.00181541 
5 7 7 1.24575 -0.000956981 0.000956712 
6 7 7 1.24556 -0.00214472 0.00353014 
7 7 7 1.24652 -0.00281329 0.00560649 
8 7 7 1.24852 -0.00292332 0.00689376 
9 7 7 1.2513 -0.00251119 0.00717831 
10 7 7 1.2544 -0.00169976 0.00641465 
11 7 7 1.25724 -0.000692112 0.00479477 
12 7 7 1.25931 0.000272158 0.00272117 
13 7 7 1.26039 0.000996951 0.000636341 
14 7 7 1.26108 0.00139538 -0.00114171 
15 7 7 1.263 -0.000816433 0.00668173 
0 8 8 1.28699 0.00263744 -0.0106793 
1 8 8 1.28388 0.00237007 -0.00961488 
2 8 8 1.28098 0.00176936 -0.00732588 
3 8 8 1.27856 0.00100398 -0.0043676 
4 8 8 1.27681 0.00027736 -0.00113829 
5 8 8 1.27582 -0.000241571 0.00203431 
6 8 8 1.27572 -0.000461906 0.00483571 
7 8 8 1.27657 -0.000375327 0.0069572 
8 8 8 1.27838 -4.22568e-05 0.00812184 
9 8 8 1.28096 0.000428745 0.00815048 
10 8 8 1.28396 0.000905666 0.00705374 
11 8 8 1.28685 0.00126505 0.00509371 
12 8 8 1.28913 0.00142546 0.00274498 
13 8 8 1.29058 0.00136309 0.000505282 
14 8 8 1.29173 0.00111209 -0.00124697 
15 8 8 1.29384 0.00221829 0.00657004 
0 9 9 1.01181 -0.00111757 -0.00735988 
1 9 9 1.00744 -0.00130624 -0.00630319 
2 9 9 1.00386 -0.00132692 -0.00439992 
3 9 9 1.00144 -0.00116941 -0.00209441 
4 9 9 1.00037 -0.000799827 0.000282044 
5 9 9 1.00073 -0.000216094 0.00246848 
6 9 9 1.00249 0.000525337 0.00424447 
7 9 9 1.00551 0.00130918 0.00542099 
8 9 9 1.0095 0.00198807 0.00586281 
9 9 9 1.01398 0.00241892 0.00552849 
10 9 9 1.01836 0.00250652 0.00451217 
11 9 9 1.02205 0.00223948 0.00305379 
12 9 9 1.02462 0.00169513 0.00148094 
13 9 9 1.02601 0.000978701 5.33601e-05 
14 9 9 1.0269 4.39706e-05 -0.00136276 
15 9 9 1.0307 0.00475523 0.00730694 
0 10 10 0.477772 -0.00156814 -0.00225091 
1 10 10 0.473182 -0.00174196 -0.00171835 
2 10 10 0.469485 -0.00167219 -0.00092505 
3 10 10 0.467122 -0.0013918 -5.89569e-05 
4 10 10 0.466317 -0.000934318 0.000748395 
5 10 10 0.467119 -0.000350141 0.00141095 
6 10 10 0.469408 0.000283596 0.00187093 
7 10 10 0.472901 0.000870848 0.00209343 
8 10 10 0.47715 0.00131342 0.00207087 
9 10 10 0.481598 0.00153446 0.00182837 
10 10 10 0.485667 0.00150086 0.0014226 
11 10 10 0.488883 0.00123723 0.000937694 
12 10 10 0.490978 0.000814757 0.000463323 
13 10 10 0.491902 0.000284831 2.81248e-05 
14 10 10 0.491707 -0.000814207 -0.000910067 
15 10 10 0.492818 0.00635999 0.00676241 
0 11 11 0.0817891 -0.000334644 -0.000174647 
1 11 11 0.079985 -0.000396646 -7.77234e-05 
2 11 11 0.0783907 -0.000402891 4.56291e-05 
3 11 11 0.0772216 -0.000359835 0.00016278 
4 11 11 0.0766021 -0.000275681 0.000253312 
5 11 11 0.0765815 -0.000160812 0.000309853 
6 11 11 0.0771419 -3.21435e-05 0.000330523 
7 11 11 0.0782001 9.11859e-05 0.000319607 
8 11 11 0.079609 0.000189179 0.000284633 
9 11 11 0.0811738 0.000246334 0.000235237 
10 11 11 0.0826833 0.000254349 0.00017927 
11 11 11 0.0839478 0.000215997 0.000124661 
12 11 11 0.0848361 0.000142666 7.77487e-05 
13 11 11 0.085274 4.05906e-05 3.32841e-05 
14 11 11 0.0849596 -0.000287537 -0.000191202 
15 11 11 0.0804737 0.00354568 0.00287164 
0 12 12 0 0 0 
1 12 12 0 0 0 
2 12 12 0 0 0 
3 12 12 0 0 0 
4 12 12 0 0 0 
5 12 12 0 0 0 
6 12 12 0 0 0 
7 12 12 0 0 0 
8 12 12 0 0 0 
9 12 12 0 0 0 
10 12 12 0 0 0 
11 12 12 0 0 0 
12 12 12 0 0 0 
13 12 12 0 0 0 
14 12 12 0 0 0 
15 12 12 0 0 0 
0 13 13 0 0 0 
1 13 13 0 0 0 
2 13 13 0 0 0 
3 13 13 0 0 0 
4 13 13 0 0 0 
5 13 13 0 0 0 
6 13 13 0 0 0 
7 13 13 0 0 0 
8 13 13 0 0 0 
9 13 13 0 0 0 
10 13 13 0 0 0 
11 13 13 0 0 0 
12 13 13 0 0 0 
13 13 13 0 0 0 
14 13 13 0 0 0 
15 13 13 0 0 0 
0 14 14 0 0 0 
1 14 14 0 0 0 
2 14 14 0 0 0 
3 14 14 0 0 0 
4 14 14 0 0 0 
5 14 14 0 0 0 
6 14 14 0 0 0 
7 14 14 0 0 0 
8 14 14 0 0 0 
9 14 14 0 0 0 
10 14 14 0 0 0 
11 14 14 0 0 0 
12 14 14 0 0 0 
13 14 14 0 0 0 
14 14 14 0 0 0 
15 14 14 0 0 0 
0 15 15 0 0 0 
1 15 15 0 0 0 
2 15 15 0 0 0 
3 15 15 0 0 0 
4 15 15 0 0 0 
5 15 15 0 0 0 
6 15 15 0 0 0 
7 15 15 0 0 0 
8 15 15 0 0 0 
9 15 15 0 0 0 
10 15 15 0 0 0 
11 15 15 0 0 0 
12 15 15 0 0 0 
13 15 15 0 0 0 
14 15 15 0 0 0 
15 15 15 0 0 0 
0 0 0 0 0 0 
1 0 0 0 0 0 
2 0 0 0 0 0 
3 0 0 0 0 0 
4 0 0 0 0 0 
5 0 0 0 0 0 
6 0 0 0 0 0 
7 0 0 0 0 0 
8 0 0 0 0 0 
9 0 0 0 0 0 
10 0 0 0 0 0 
11 0 0 0 0 0 
12 0 0 0 0 0 
13 0 0 0 0 0 
14 0 0 0 0 0 
15 0 0 0 0 0 
0 1 1 0 0 0 
1 1 1 0 0 0 
2 1 1 0 0 0 
3 1 1 0 0 0 
4 1 1 0 0 0 
5 1 1 0 0 0 
6 1 1 0 0 0 
7 1 1 0 0 0 
8 1 1 0 0 0 
9 1 1 0 0 0 
10 1 1 0 0 0 
11 1 1 0 0 0 
12 1 1 0 0 0 
13 1 1 0 0 0 
14 1 1 0 0 0 
15 1 1 0 0 0 
0 2 2 0 0 0 
1 2 2 0 0 0 
2 2 2 0 0 0 
3 2 2 0 0 0 
4 2 2 0 0 0 
5 2 2 0 0 0 
6 2 2 0 0 0 
7 2 2 0 0 0 
8 2 2 0 0 0 
9 2 2 0 0 0 
10 2 2 0 0 0 
11 2 2 0 0 0 
12 2 2 0 0 0 
13 2 2 0 0 0 
14 2 2 0 0 0 
15 2 2 0 0 0 
0 3 3 0 0 0 
1 3 3 0 0 0 
2 3 3 0 0 0 
3 3 3 0 0 0 
4 3 3 0 0 0 
5 3 3 0 0 0 
6 3 3 0 0 0 
7 3 3 0 0 0 
8 3 3 0 0 0 
9 3 3 0 0 0 
10 3 3 0 0 0 
11 3 3 0 0 0 
12 3 3 0 0 0 
13 3 3 0 0 0 
14 3 3 0 0 0 
15 3 3 0 0 0 
0 4 4 0 0 0 
1 4 4 0 0 0 
2 4 4 0 0 0 
3 4 4 0 0 0 
4 4 4 0 0 0 
5 4 4 0 0 0 
6 4 4 0 0 0 
7 4 4 0 0 0 
8 4 4 0 0 0 
9 4 4 0 0 0 
10 4 4 0 0 0 
11 4 4 0 0 0 
12 4 4 0 0 0 
13 4 4 0 0 0 
14 4 4 0 0 0 
15 4 4 0 0 0 
0 5 5 0.0592172 7.80632e-05 -0.000303941 
1 5 5 0.0574423 -5.69952e-06 -0.000376225 
2 5 5 0.0558204 -0.000103774 -0.000402617 
3 5 5 0.0545511 -0.000189842 -0.000383799 
4 5 5 0.0537549 -0.000250124 -0.000322887 
5 5 5 0.0534887 -0.000280109 -0.000230878 
6 5 5 0.0537484 -0.000282338 -0.000122345 
7 5 5 0.0544681 -0.000263066 -1.48102e-05 
8 5 5 0.0555257 -0.000229566 7.484e-05 
9 5 5 0.0567554 -0.000188977 0.000132692 
10 5 5 0.0579709 -0.000148236 0.000149843 
11 5 5 0.0589988 -0.000111643 0.000127687 
12 5 5 0.0597127 -8.15631e-05 7.50392e-05 
13 5 5 0.0600312 -5.05926e-05 -9.58865e-07 
14 5 5 0.0596142 0.000119971 -0.000255221 
15 5 5 0.0545144 -0.00249967 0.00306569 
0 6 6 0.213107 0.000382449 -0.0011505 
1 6 6 0.209501 6.06012e-05 -0.00125648 
2 6 6 0.206425 -0.00029124 -0.00120347 
3 6 6 0.204219 -0.000593416 -0.00101515 
4 6 6 0.203076 -0.000800178 -0.00072153 
5 6 6 0.20304 -0.000893736 -0.000361937 
6 6 6 0.204045 -0.000882107 1.40253e-05 
7 6 6 0.205899 -0.000786642 0.00035159 
8 6 6 0.208309 -0.000637721 0.000598477 
9 6 6 0.210907 -0.000466289 0.000719078 
10 6 6 0.213315 -0.000304969 0.000697431 
11 6 6 0.215215 -0.000177461 0.000550584 
12 6 6 0.216415 -9.62427e-05 0.000318282 
13 6 6 0.216844 -4.85184e-05 2.50705e-05 
14 6 6 0.216248 0.000203371 -0.000722167 
15 6 6 0.212778 -0.00314824 0.00583776 
0 7 7 0.415924 0.000555463 -0.00260436 
1 7 7 0.410777 -4.98517e-05 -0.00254851 
2 7 7 0.406547 -0.00066823 -0.0021611 
3 7 7 0.40368 -0.00117136 -0.00154649 
4 7 7 0.402401 -0.001479 -0.000792592 
5 7 7 0.402744 -0.00156116 1.41136e-05 
6 7 7 0.404581 -0.00144229 0.00077246 
7 7 7 0.407606 -0.00117259 0.00138446 
8 7 7 0.411368 -0.000821783 0.001763 
9 7 7 0.415315 -0.000462644 0.00185744 
10 7 7 0.418889 -0.00016305 0.00166574 
11 7 7 0.421637 3.02183e-05 0.00124608 
12 7 7 0.423304 0.000100715 0.000695897 
13 7 7 0.423837 6.54873e-05 6.68371e-05 
14 7 7 0.423217 7.70655e-05 -0.0012801 
15 7 7 0.422699 -0.00182074 0.00823312 
0 8 8 0.446617 8.89607e-05 -0.00275566 
1 8 8 0.441471 -0.000535146 -0.00246199 
2 8 8 0.437266 -0.00110131 -0.00182724 
3 8 8 0.43446 -0.00149828 -0.00101032 
4 8 8 0.433287 -0.00166401 -0.000129761 
5 8 8 0.433787 -0.00158489 0.000718671 
6 8 8 0.43583 -0.00130145 0.00144276 
7 8 8 0.439104 -0.000887641 0.00196069 
8 8 8 0.443142 -0.000434723 0.00220953 
9 8 8 0.447368 -3.30705e-05 0.0021636 
10 8 8 0.451199 0.000244849 0.00184676 
11 8 8 0.454163 0.000361457 0.00133542 
12 8 8 0.455992 0.000323152 0.00073544 
13 8 8 0.456633 0.000171606 9.07491e-05 
14 8 8 0.456091 -9.94793e-05 -0.00130079 
15 8 8 0.456115 0.000923863 0.00871273 
0 9 9 0.256473 -0.000483919 -0.00126129 
1 9 9 0.252906 -0.000846172 -0.00102508 
2 9 9 0.249918 -0.00110418 -0.000629917 
3 9 9 0.247871 -0.00121503 -0.00017593 
4 9 9 0.246957 -0.00116295 0.000267753 
5 9 9 0.247228 -0.000960781 0.000654502 
6 9 9 0.248607 -0.000650599 0.000949155 
7 9 9 0.250888 -0.000294873 0.0011263 
8 9 9 0.25375 3.76062e-05 0.00117238 
9 9 9 0.256789 0.000286618 0.00109059 
10 9 9 0.259595 0.00041131 0.00090137 
11 9 9 0.261826 0.000403606 0.000643529 
12 9 9 0.263276 0.000286963 0.000363152 
13 9 9 0.263884 9.47418e-05 6.81819e-05 
14 9 9 0.26346 -0.000346666 -0.000732172 
15 9 9 0.260922 0.00281261 0.00667149 
0 10 10 0.0736372 -0.000315306 -0.000218243 
1 10 10 0.0718859 -0.000438929 -0.000140198 
2 10 10 0.0703231 -0.000509019 -2.89368e-05 
3 10 10 0.0691575 -0.000517257 8.46726e-05 
4 10 10 0.0685104 -0.000463923 0.000181079 
5 10 10 0.0684316 -0.000358153 0.000252017 
6 10 10 0.0689069 -0.000218878 0.000293432 
7 10 10 0.0698601 -7.10425e-05 0.000305969 
8 10 10 0.0711534 5.89634e-05 0.000292771 
9 10 10 0.0726037 0.000149225 0.000259827 
10 10 10 0.0740118 0.000186763 0.000211871 
11 10 10 0.0751957 0.000170961 0.000156303 
12 10 10 0.076028 0.000112397 0.000100327 
13 10 10 0.0764354 1.92582e-05 4.10571e-05 
14 10 10 0.0761034 -0.000257774 -0.000222404 
15 10 10 0.0715758 0.00260043 0.00355724 
0 11 11 0 0 0 
1 11 11 0 0 0 
2 11 11 0 0 0 
3 11 11 0 0 0 
4 11 11 0 0 0 
5 11 11 0 0 0 
6 11 11 0 0 0 
7 11 11 0 0 0 
8 11 11 0 0 0 
9 11 11 0 0 0 
10 11 11 0 0 0 
11 11 11 0 0 0 
12 11 11 0 0 0 
13 11 11 0 0 0 
14 11 11 0 0 0 
15 11 11 0 0 0 
0 12 12 0 0 0 
1 12 12 0 0 0 
2 12 12 0 0 0 
3 12 12 0 0 0 
4 12 12 0 0 0 
5 12 12 0 0 0 
6 12 12 0 0 0 
7 12 12 0 0 0 
8 12 12 0 0 0 
9 12 12 0 0 0 
10 12 12 0 0 0 
11 12 12 0 0 0 
12 12 12 0 0 0 
13 12 12 0 0 0 
14 12 12 0 0 0 
15 12 12 0 0 0 
0 13 13 0 0 0 
1 13 13 0 0 0 
2 13 13 0 0 0 
3 13 13 0 0 0 
4 13 13 0 0 0 
5 13 13 0 0 0 
6 13 13 0 0 0 
7 13 13 0 0 0 
8 13 13 0 0 0 
9 13 13 0 0 0 
10 13 13 0 0 0 
11 13 13 0 0 0 
12 13 13 0 0 0 
13 13 13 0 0 0 
14 13 13 0 0 0 
15 13 13 0 0 0 
0 14 14 0 0 0 
1 14 14 0 0 0 
2 14 14 0 0 0 
3 14 14 0 0 0 
4 14 14 0 0 0 
5 14 14 0 0 0 
6 14 14 0 0 0 
7 14 14 0 0 0 
8 14 14 0 0 0 
9 14 14 0 0 0 
10 14 14 0 0 0 
11 14 14 0 0 0 
12 14 14 0 0 0 
13 14 14 0 0 0 
14 14 14 0 0 0 
15 14 14 0 0 0 
0 15 15 0 0 0 
1 15 15 0 0 0 
2 15 15 0 0 0 
3 15 15 0 0 0 
4 15 15 0 0 0 
5 15 15 0 0 0 
6 15 15 0 0 0 
7 15 15 0 0 0 
8 15 15 0 0 0 
9 15 15 0 0 0 
10 15 15 0 0 0 
11 15 15 0 0 0 
12 15 15 0 0 0 
13 15 15 0 0 0 
14 15 15 0 0 0 
15 15 15 0 0 0 
0 0 0 0 0 0 
1 0 0 0 0 0 
2 0 0 0 0 0 
3 0 0 0 0 0 
4 0 0 0 0 0 
5 0 0 0 0 0 
6 0 0 0 0 0 
7 0 0 0 0 0 
8 0 0 0 0 0 
9 0 0 0 0 0 
10 0 0 0 0 0 
11 0 0 0 0 0 
12 0 0 0 0 0 
13 0 0 0 0 0 
14 0 0 0 0 0 
15 0 0 0 0 0 
0 1 1 0 0 0 
1 1 1 0 0 0 
2 1 1 0 0 0 
3 1 1 0 0 0 
4 1 1 0 0 0 
5 1 1 0 0 0 
6 1 1 0 0 0 
7 1 1 0 0 0 
8 1 1 0 0 0 
9 1 1 0 0 0 
10 1 1 0 0 0 
11 1 1 0 0 0 
12 1 1 0 0 0 
13 1 1 0 0 0 
14 1 1 0 0 0 
15 1 1 0 0 0 
0 2 2 0 0 0 
1 2 2 0 0 0 
2 2 2 0 0 0 
3 2 2 0 0 0 
4 2 2 0 0 0 
5 2 2 0 0 0 
6 2 2 0 0 0 
7 2 2 0 0 0 
8 2 2 0 0 0 
9 2 2 0 0 0 
10 2 2 0 0 0 
11 2 2 0 0 0 
12 2 2 0 0 0 
13 2 2 0 0 0 
14 2 2 0 0 0 
15 2 2 0 0 0 
0 3 3 0 0 0 
1 3 3 0 0 0 
2 3 3 0 0 0 
3 3 3 0 0 0 
4 3 3 0 0 0 
5 3 3 0 0 0 
6 3 3 0 0 0 
7 3 3 0 0 0 
8 3 3 0 0 0 
9 3 3 0 0 0 
10 3 3 0 0 0 
11 3 3 0 0 0 
12 3 3 0 0 0 
13 3 3 0 0 0 
14 3 3 0 0 0 
15 3 3 0 0 0 
0 4 4 0 0 0 
1 4 4 0 0 0 
2 4 4 0 0 0 
3 4 4 0 0 0 
4 4 4 0 0 0 
5 4 4 0 0 0 
6 4 4 0 0 0 
7 4 4 0 0 0 
8 4 4 0 0 0 
9 4 4 0 0 0 
10 4 4 0 0 0 
11 4 4 0 0 0 
12 4 4 0 0 0 
13 4 4 0 0 0 
14 4 4 0 0 0 
15 4 4 0 0 0 
0 5 5 0 0 0 
1 5 5 0 0 0 
2 5 5 0 0 0 
3 5 5 0 0 0 
4 5 5 0 0 0 
5 5 5 0 0 0 
6 5 5 0 0 0 
7 5 5 0 0 0 
8 5 5 0 0 0 
9 5 5 0 0 0 
10 5 5 0 0 0 
11 5 5 0 0 0 
12 5 5 0 0 0 
13 5 5 0 0 0 
14 5 5 0 0 0 
15 5 5 0 0 0 
0 6 6 0 0 0 
1 6 6 0 0 0 
2 6 6 0 0 0 
3 6 6 0 0 0 
4 6 6 0 0 0 
5 6 6 0 0 0 
6 6 6 0 0 0 
7 6 6 0 0 0 
8 6 6 0 0 0 
9 6 6 0 0 0 
10 6 6 0 0 0 
11 6 6 0 0 0 
12 6 6 0 0 0 
13 6 6 0 0 0 
14 6 6 0 0 0 
15 6 6 0 0 0 
0 7 7 0.0224045 -0.00014278 -0.000150314 
1 7 7 0.0213815 -0.000205943 -0.000171359 
2 7 7 0.0204169 -0.000252708 -0.000167841 
3 7 7 0.0196393 -0.000273551 -0.000145146 
4 7 7 0.019131 -0.000264942 -0.000108011 
5 7 7 0.0189302 -0.000228835 -6.07253e-05 
6 7 7 0.0190457 -0.000175271 -1.06228e-05 
7 7 7 0.0194468 -0.000114971 3.59617e-05 
8 7 7 0.0200691 -5.93942e-05 7.22249e-05 
9 7 7 0.0208179 -1.72851e-05 9.34912e-05 
10 7 7 0.0215824 5.73688e-06 9.63026e-05 
11 7 7 0.0222531 9.23043e-06 8.14973e-05 
12 7 7 0.0227424 -3.29907e-06 5.29445e-05 
13 7 7 0.0229831 -2.79182e-05 1.09476e-05 
14 7 7 0.0226975 -6.18993e-05 -0.000160704 
15 7 7 0.0186472 -0.000534546 0.00240136 
0 8 8 0.0251767 -0.000123827 -0.000116094 
1 8 8 0.0240857 -0.000198871 -0.000116 
2 8 8 0.0230626 -0.000259146 -9.47612e-05 
3 8 8 0.0222456 -0.000292096 -6.15017e-05 
4 8 8 0.0217206 -0.000293056 -2.30398e-05 
5 8 8 0.0215283 -0.000262941 1.70034e-05 
6 8 8 0.0216753 -0.000211354 5.38631e-05 
7 8 8 0.0221269 -0.000149526 8.41797e-05 
8 8 8 0.0228116 -8.96488e-05 0.000104432 
9 8 8 0.0236263 -4.14309e-05 0.000112395 
10 8 8 0.0244516 -1.14048e-05 0.000106501 
11 8 8 0.0251712 -9.18552e-07 8.79397e-05 
12 8 8 0.0256932 -6.40754e-06 5.9808e-05 
13 8 8 0.0259482 -1.93448e-05 2.05955e-05 
14 8 8 0.0256463 -2.76287e-05 -0.000156436 
15 8 8 0.0214804 0.000329559 0.00252817 
0 9 9 0 0 0 
1 9 9 0 0 0 
2 9 9 0 0 0 
3 9 9 0 0 0 
4 9 9 0 0 0 
5 9 9 0 0 0 
6 9 9 0 0 0 
7 9 9 0 0 0 
8 9 9 0 0 0 
9 9 9 0 0 0 
10 9 9 0 0 0 
11 9 9 0 0 0 
12 9 9 0 0 0 
13 9 9 0 0 0 
14 9 9 0 0 0 
15 9 9 0 0 0 
0 10 10 0 0 0 
1 10 10 0 0 0 
2 10 10 0 0 0 
3 10 10 0 0 0 
4 10 10 0 0 0 
5 10 10 0 0 0 
6 10 10 0 0 0 
7 10 10 0 0 0 
8 10 10 0 0 0 
9 10 10 0 0 0 
10 10 10 0 0 0 
11 10 10 0 0 0 
12 10 10 0 0 0 
13 10 10 0 0 0 
14 10 10 0 0 0 
15 10 10 0 0 0 
0 11 11 0 0 0 
1 11 11 0 0 0 
2 11 11 0 0 0 
3 11 11 0 0 0 
4 11 11 0 0 0 
5 11 11 0 0 0 
6 11 11 0 0 0 
7 11 11 0 0 0 
8 11 11 0 0 0 
9 11 11 0 0 0 
10 11 11 0 0 0 
11 11 11 0 0 0 
12 11 11 0 0 0 
13 11 11 0 0 0 
14 11 11 0 0 0 
15 11 11 0 0 0 
0 12 12 0 0 0 
1 12 12 0 0 0 
2 12 12 0 0 0 
3 12 12 0 0 0 
4 12 12 0 0 0 
5 12 12 0 0 0 
6 12 12 0 0 0 
7 12 12 0 0 0 
8 12 12 0 0 0 
9 12 12 0 0 0 
10 12 12 0 0 0 
11 12 12 0 0 0 
12 12 12 0 0 0 
13 12 12 0 0 0 
14 12 12 0 0 0 
15 12 12 0 0 0 
0 13 13 0 0 0 
1 13 13 0 0 0 
2 13 13 0 0 0 
3 13 13 0 0 0 
4 13 13 0 0 0 
5 13 13 0 0 0 
6 13 13 0 0 0 
7 13 13 0 0 0 
8 13 13 0 0 0 
9 13 13 0 0 0 
10 13 13 0 0 0 
11 13 13 0 0 0 
12 13 13 0 0 0 
13 13 13 0 0 0 
14 13 13 0 0 0 
15 13 13 0 0 0 
0 14 14 0 0 0 
1 14 14 0 0 0 
2 14 14 0 0 0 
3 14 14 0 0 0 
4 14 14 0 0 0 
5 14 14 0 0 0 
6 14 14 0 0 0 
7 14 14 0 0 0 
8 14 14 0 0 0 
9 14 14 0 0 0 
10 14 14 0 0 0 
11 14 14 0 0 0 
12 14 14 0 0 0 
13 14 14 0 0 0 
14 14 14 0 0 0 
15 14 14 0 0 0 
0 15 15 0 0 0 
1 15 15 0 0 0 
2 15 15 0 0 0 
3 15 15 0 0 0 
4 15 15 0 0 0 
5 15 15 0 0 0 
6 15 15 0 0 0 
7 15 15 0 0 0 
8 15 15 0 0 0 
9 15 15 0 0 0 
10 15 15 0 0 0 
11 15 15 0 0 0 
12 15 15 0 0 0 
13 15 15 0 0 0 
14 15 15 0 0 0 
15 15 15 0 0 0 
0 0 0 0 0 0 
1 0 0 0 0 0 
2 0 0 0 0 0 
3 0 0 0 0 0 
4 0 0 0 0 0 
5 0 0 0 0 0 
6 0 0 0 0 0 
7 0 0 0 0 0 
8 0 0 0 0 0 
9 0 0 0 0 0 
10 0 0 0 0 0 
11 0 0 0 0 0 
12 0 0 0 0 0 
13 0 0 0 0 0 
14 0 0 0 0 0 
15 0 0 0 0 0 
0 1 1 0 0 0 
1 1 1 0 0 0 
2 1 1 0 0 0 
3 1 1 0 0 0 
4 1 1 0 0 0 
5 1 1 0 0 0 
6 1 1 0 0 0 
7 1 1 0 0 0 
8 1 1 0 0 0 
9 1 1 0 0 0 
10 1 1 0 0 0 
11 1 1 0 0 0 
12 1 1 0 0 0 
13 1 1 0 0 0 
14 1 1 0 0 0 
15 1 1 0 0 0 
0 2 2 0 0 0 
1 2 2 0 0 0 
2 2 2 0 0 0 
3 2 2 0 0 0 
4 2 2 0 0 0 
5 2 2 0 0 0 
6 2 2 0 0 0 
7 2 2 0 0 0 
8 2 2 0 0 0 
9 2 2 0 0 0 
10 2 2 0 0 0 
11 2 2 0 0 0 
12 2 2 0 0 0 
13 2 2 0 0 0 
14 2 2 0 0 0 
15 2 2 0 0 0 
0 3 3 0 0 0 
1 3 3 0 0 0 
2 3 3 0 0 0 
3 3 3 0 0 0 
4 3 3 0 0 0 
5 3 3 0 0 0 
6 3 3 0 0 0 
7 3 3 0 0 0 
8 3 3 0 0 0 
9 3 3 0 0 0 
10 3 3 0 0 0 
11 3 3 0 0 0 
12 3 3 0 0 0 
13 3 3 0 0 0 
14 3 3 0 0 0 
15 3 3 0 0 0 
0 4 4 0 0 0 
1 4 4 0 0 0 
2 4 4 0 0 0 
3 4 4 0 0 0 
4 4 4 0 0 0 
5 4 4 0 0 0 
6 4 4 0 0 0 
7 4 4 0 0 0 
8 4 4 0 0 0 
9 4 4 0 0 0 
10 4 4 0 0 0 
11 4 4 0 0 0 
12 4 4 0 0 0 
13 4 4 0 0 0 
14 4 4 0 0 0 
15 4 4 0 0 0 
0 5 5 0 0 0 
1 5 5 0 0 0 
2 5 5 0 0 0 
3 5 5 0 0 0 
4 5 5 0 0 0 
5 5 5 0 0 0 
6 5 5 0 0 0 
7 5 5 0 0 0 
8 5 5 0 0 0 
9 5 5 0 0 0 
10 5 5 0 0 0 
11 5 5 0 0 0 
12 5 5 0 0 0 
13 5 5 0 0 0 
14 5 5 0 0 0 
15 5 5 0 0 0 
0 6 6 0 0 0 
1 6 6 0 0 0 
2 6 6 0 0 0 
3 6 6 0 0 0 
4 6 6 0 0 0 
5 6 6 0 0 0 
6 6 6 0 0 0 
7 6 6 0 0 0 
8 6 6 0 0 0 
9 6 6 0 0 0 
10 6 6 0 0 0 
11 6 6 0 0 0 
12 6 6 0 0 0 
13 6 6 0 0 0 
14 6 6 0 0 0 
15 6 6 0 0 0 
0 7 7 0 0 0 
1 7 7 0 0 0 
2 7 7 0 0 0 
3 7 7 0 0 0 
4 7 7 0 0 0 
5 7 7 0 0 0 
6 7 7 0 0 0 
7 7 7 0 0 0 
8 7 7 0 0 0 
9 7 7 0 0 0 
10 7 7 0 0 0 
11 7 7 0 0 0 
12 7 7 0 0 0 
13 7 7 0 0 0 
14 7 7 0 0 0 
15 7 7 0 0 0 
0 8 8 0 0 0 
1 8 8 0 0 0 
2 8 8 0 0 0 
3 8 8 0 0 0 
4 8 8 0 0 0 
5 8 8 0 0 0 
6 8 8 0 0 0 
7 8 8 0 0 0 
8 8 8 0 0 0 
9 8 8 0 0 0 
10 8 8 0 0 0 
11 8 8 0 0 0 
12 8 8 0 0 0 
13 8 8 0 0 0 
14 8 8 0 0 0 
15 8 8 0 0 0 
0 9 9 0 0 0 
1 9 9 0 0 0 
2 9 9 0 0 0 
3 9 9 0 0 0 
4 9 9 0 0 0 
5 9 9 0 0 0 
6 9 9 0 0 0 
7 9 9 0 0 0 
8 9 9 0 0 0 
9 9 9 0 0 0 
10 9 9 0 0 0 
11 9 9 0 0 0 
12 9 9 0 0 0 
13 9 9 0 0 0 
14 9 9 0 0 0 
15 9 9 0 0 0 
0 10 10 0 0 0 
1 10 10 0 0 0 
2 10 10 0 0 0 
3 10 10 0 0 0 
4 10 10 0 0 0 
5 10 10 0 0 0 
6 10 10 0 0 0 
7 10 10 0 0 0 
8 10 10 0 0 0 
9 10 10 0 0 0 
10 10 10 0 0 0 
11 10 10 0 0 0 
12 10 10 0 0 0 
13 10 10 0 0 0 
14 10 10 0 0 0 
15 10 10 0 0 0 
0 11 11 0 0 0 
1 11 11 0 0 0 
2 11 11 0 0 0 
3 11 11 0 0 0 
4 11 11 0 0 0 
5 11 11 0 0 0 
6 11 11 0 0 0 
7 11 11 0 0 0 
8 11 11 0 0 0 
9 11 11 0 0 0 
10 11 11 0 0 0 
11 11 11 0 0 0 
12 11 11 0 0 0 
13 11 11 0 0 0 
14 11 11 0 0 0 
15 11 11 0 0 0 
0 12 12 0 0 0 
1 12 12 0 0 0 
2 12 12 0 0 0 
3 12 12 0 0 0 
4 12 12 0 0 0 
5 12 12 0 0 0 
6 12 12 0 0 0 
7 12 12 0 0 0 
8 12 12 0 0 0 
9 12 12 0 0 0 
10 12 12 0 0 0 
11 12 12 0 0 0 
12 12 12 0 0 0 
13 12 12 0 0 0 
14 12 12 0 0 0 
15 12 12 0 0 0 
0 13 13 0 0 0 
1 13 13 0 0 0 
2 13 13 0 0 0 
3 13 13 0 0 0 
4 13 13 0 0 0 
5 13 13 0 0 0 
6 13 13 0 0 0 
7 13 13 0 0 0 
8 13 13 0 0 0 
9 13 13 0 0 0 
10 13 13 0 0 0 
11 13 13 0 0 0 
12 13 13 0 0 0 
13 13 13 0 0 0 
14 13 13 0 0 0 
15 13 13 0 0 0 
0 14 14 0 0 0 
1 14 14 0 0 0 
2 14 14 0 0 0 
3 14 14 0 0 0 
4 14 14 0 0 0 
5 14 14 0 0 0 
6 14 14 0 0 0 
7 14 14 0 0 0 
8 14 14 0 0 0 
9 14 14 0 0 0 
10 14 14 0 0 0 
11 14 14 0 0 0 
12 14 14 0 0 0 
13 14 14 0 0 0 
14 14 14 0 0 0 
15 14 14 0 0 0 
0 15 15 0 0 0 
1 15 15 0 0 0 
2 15 15 0 0 0 
3 15 15 0 0 0 
4 15 15 0 0 0 
5 15 15 0 0 0 
6 15 15 0 0 0 
7 15 15 0 0 0 
8 15 15 0 0 0 
9 15 15 0 0 0 
10 15 15 0 0 0 
11 15 15 0 0 0 
12 15 15 0 0 0 
13 15 15 0 0 0 
14 15 15 0 0 0 
15 15 15 0 0 0 
0 0 0 0 0 0 
1 0 0 0 0 0 
2 0 0 0 0 0 
3 0 0 0 0 0 
4 0 0 0 0 0 
5 0 0 0 0 0 
6 0 0 0 0 0 
7 0 0 0 0 0 
8 0 0 0 0 0 
9 0 0 0 0 0 
10 0 0 0 0 0 
11 0 0 0 0 0 
12 0 0 0 0 0 
13 0 0 0 0 0 
14 0 0 0 0 0 
15 0 0 0 0 0 
0 1 1 0 0 0 
1 1 1 0 0 0 
2 1 1 0 0 0 
3 1 1 0 0 0 
4 1 1 0 0 0 
5 1 1 0 0 0 
6 1 1 0 0 0 
7 1 1 0 0 0 
8 1 1 0 0 0 
9 1 1 0 0 0 
10 1 1 0 0 0 
11 1 1 0 0 0 
12 1 1 0 0 0 
13 1 1 0 0 0 
14 1 1 0 0 0 
15 1 1 0 0 0 
0 2 2 0 0 0 
1 2 2 0 0 0 
2 2 2 0 0 0 
3 2 2 0 0 0 
4 2 2 0 0 0 
5 2 2 0 0 0 
6 2 2 0 0 0 
7 2 2 0 0 0 
8 2 2 0 0 0 
9 2 2 0 0 0 
10 2 2 0 0 0 
11 2 2 0 0 0 
12 2 2 0 0 0 
13 2 2 0 0 0 
14 2 2 0 0 0 
15 2 2 0 0 0 
0 3 3 0 0 0 
1 3 3 0 0 0 
2 3 3 0 0 0 
3 3 3 0 0 0 
4 3 3 0 0 0 
5 3 3 0 0 0 
6 3 3 0 0 0 
7 3 3 0 0 0 
8 3 3 0 0 0 
9 3 3 0 0 0 
10 3 3 0 0 0 
11 3 3 0 0 0 
12 3 3 0 0 0 
13 3 3 0 0 0 
14 3 3 0 0 0 
15 3 3 0 0 0 
0 4 4 0 0 0 
1 4 4 0 0 0 
2 4 4 0 0 0 
3 4 4 0 0 0 
4 4 4 0 0 0 
5 4 4 0 0 0 
6 4 4 0 0 0 
7 4 4 0 0 0 
8 4 4 0 0 0 
9 4 4 0 0 0 
10 4 4 0 0 0 
11 4 4 0 0 0 
12 4 4 0 0 0 
13 4 4 0 0 0 
14 4 4 0 0 0 
15 4 4 0 0 0 
0 5 5 0 0 0 
1 5 5 0 0 0 
2 5 5 0 0 0 
3 5 5 0 0 0 
4 5 5 0 0 0 
5 5 5 0 0 0 
6 5 5 0 0 0 
7 5 5 0 0 0 
8 5 5 0 0 0 
9 5 5 0 0 0 
10 5 5 0 0 0 
11 5 5 0 0 0 
12 5 5 0 0 0 
13 5 5 0 0 0 
14 5 5 0 0 0 
15 5 5 0 0 0 
0 6 6 0 0 0 
1 6 6 0 0 0 
2 6 6 0 0 0 
3 6 6 0 0 0 
4 6 6 0 0 0 
5 6 6 0 0 0 
6 6 6 0 0 0 
7 6 6 0 0 0 
8 6 6 0 0 0 
9 6 6 0 0 0 
10 6 6 0 0 0 
11 6 6 0 0 0 
12 6 6 0 0 0 
13 6 6 0 0 0 
14 6 6 0 0 0 
15 6 6 0 0 0 
0 7 7 0 0 0 
1 7 7 0 0 0 
2 7 7 0 0 0 
3 7 7 0 0 0 
4 7 7 0 0 0 
5 7 7 0 0 0 
6 7 7 0 0 0 
7 7 7 0 0 0 
8 7 7 0 0 0 
9 7 7 0 0 0 
10 7 7 0 0 0 
11 7 7 0 0 0 
12 7 7 0 0 0 
13 7 7 0 0 0 
14 7 7 0 0 0 
15 7 7 0 0 0 
0 8 8 0 0 0 
1 8 8 0 0 0 
2 8 8 0 0 0 
3 8 8 0 0 0 
4 8 8 0 0 0 
5 8 8 0 0 0 
6 8 8 0 0 0 
7 8 8 0 0 0 
8 8 8 0 0 0 
9 8 8 0 0 0 
10 8 8 0 0 0 
11 8 8 0 0 0 
12 8 8 0 0 0 
13 8 8 0 0 0 
14 8 8 0 0 0 
15 8 8 0 0 0 
0 9 9 0 0 0 
1 9 9 0 0 0 
2 9 9 0 0 0 
3 9 9 0 0 0 
4 9 9 0 0 0 
5 9 9 0 0 0 
6 9 9 0 0 0 
7 9 9 0 0 0 
8 9 9 0 0 0 
9 9 9 0 0 0 
10 9 9 0 0 0 
11 9 9 0 0 0 
12 9 9 0 0 0 
13 9 9 0 0 0 
14 9 9 0 0 0 
15 9 9 0 0 0 
0 10 10 0 0 0 
1 10 10 0 0 0 
2 10 10 0 0 0 
3 10 10 0 0 0 
4 10 10 0 0 0 
5 10 10 0 0 0 
6 10 10 0 0 0 
7 10 10 0 0 0 
8 10 10 0 0 0 
9 10 10 0 0 0 
10 10 10 0 0 0 
11 10 10 0 0 0 
12 10 10 0 0 0 
13 10 10 0 0 0 
14 10 10 0 0 0 
15 10 10 0 0 0 
0 11 11 0 0 0 
1 11 11 0 0 0 
2 11 11 0 0 0 
3 11 11 0 0 0 
4 11 11 0 0 0 
5 11 11 0 0 0 
6 11 11 0 0 0 
7 11 11 0 0 0 
8 11 11 0 0 0 
9 11 11 0 0 0 
10 11 11 0 0 0 
11 11 11 0 0 0 
12 11 11 0 0 0 
13 11 11 0 0 0 
14 11 11 0 0 0 
15 11 11 0 0 0 
0 12 12 0 0 0 
1 12 12 0 0 0 
2 12 12 0 0 0 
3 12 12 0 0 0 
4 12 12 0 0 0 
5 12 12 0 0 0 
6 12 12 0 0 0 
7 12 12 0 0 0 
8 12 12 0 0 0 
9 12 12 0 0 0 
10 12 12 0 0 0 
11 12 12 0 0 0 
12 12 12 0 0 0 
13 12 12 0 0 0 
14 12 12 0 0 0 
15 12 12 0 0 0 
0 13 13 0 0 0 
1 13 13 0 0 0 
2 13 13 0 0 0 
3 13 13 0 0 0 
4 13 13 0 0 0 
5 13 13 0 0 0 
6 13 13 0 0 0 
7 13 13 0 0 0 
8 13 13 0 0 0 
9 13 13 0 0 0 
10 13 13 0 0 0 
11 13 13 0 0 0 
12 13 13 0 0 0 
13 13 13 0 0 0 
14 13 13 0 0 0 
15 13 13 0 0 0 
0 14 14 0 0 0 
1 14 14 0 0 0 
2 14 14 0 0 0 
3 14 14 0 0 0 
4 14 14 0 0 0 
5 14 14 0 0 0 
6 14 14 0 0 0 
7 14 14 0 0 0 
8 14 14 0 0 0 
9 14 14 0 0 0 
10 14 14 0 0 0 
11 14 14 0 0 0 
12 14 14 0 0 0 
13 14 14 0 0 0 
14 14 14 0 0 0 
15 14 14 0 0 0 
0 15 15 0 0 0 
1 15 15 0 0 0 
2 15 15 0 0 0 
3 15 15 0 0 0 
4 15 15 0 0 0 
5 15 15 0 0 0 
6 15 15 0 0 0 
7 15 15 0 0 0 
8 15 15 0 0 0 
9 15 15 0 0 0 
10 15 15 0 0 0 
11 15 15 0 0 0 
12 15 15 0 0 0 
13 15 15 0 0 0 
14 15 15 0 0 0 
15 15 15 0 0 0 
0 0 0 0 0 0 
1 0 0 0 0 0 
2 0 0 0 0 0 
3 0 0 0 0 0 
4 0 0 0 0 0 
5 0 0 0 0 0 
6 0 0 0 0 0 
7 0 0 0 0 0 
8 0 0 0 0 0 
9 0 0 0 0 0 
10 0 0 0 0 0 
11 0 0 0 0 0 
12 0 0 0 0 0 
13 0 0 0 0 0 
14 0 0 0 0 0 
15 0 0 0 0 0 
0 1 1 0 0 0 
1 1 1 0 0 0 
2 1 1 0 0 0 
3 1 1 0 0 0 
4 1 1 0 0 0 
5 1 1 0 0 0 
6 1 1 0 0 0 
7 1 1 0 0 0 
8 1 1 0 0 0 
9 1 1 0 0 0 
10 1 1 0 0 0 
11 1 1 0 0 0 
12 1 1 0 0 0 
13 1 1 0 0 0 
14 1 1 0 0 0 
15 1 1 0 0 0 
0 2 2 0 0 0 
1 2 2 0 0 0 
2 2 2 0 0 0 
3 2 2 0 0 0 
4 2 2 0 0 0 
5 2 2 0 0 0 
6 2 2 0 0 0 
7 2 2 0 0 0 
8 2 2 0 0 0 
9 2 2 0 0 0 
10 2 2 0 0 0 
11 2 2 0 0 0 
12 2 2 0 0 0 
13 2 2 0 0 0 
14 2 2 0 0 0 
15 2 2 0 0 0 
0 3 3 0 0 0 
1 3 3 0 0 0 
2 3 3 0 0 0 
3 3 3 0 0 0 
4 3 3 0 0 0 
5 3 3 0 0 0 
6 3 3 0 0 0 
7 3 3 0 0 0 
8 3 3 0 0 0 
9 3 3 0 0 0 
10 3 3 0 0 0 
11 3 3 0 0 0 
12 3 3 0 0 0 
13 3 3 0 0 0 
14 3 3 0 0 0 
15 3 3 0 0 0 
0 4 4 0 0 0 
1 4 4 0 0 0 
2 4 4 0 0 0 
3 4 4 0 0 0 
4 4 4 0 0 0 
5 4 4 0 0 0 
6 4 4 0 0 0 
7 4 4 0 0 0 
8 4 4 0 0 0 
9 4 4 0 0 0 
10 4 4 0 0 0 
11 4 4 0 0 0 
12 4 4 0 0 0 
13 4 4 0 0 0 
14 4 4 0 0 0 
15 4 4 0 0 0 
0 5 5 0 0 0 
1 5 5 0 0 0 
2 5 5 0 0 0 
3 5 5 0 0 0 
4 5 5 0 0 0 
5 5 5 0 0 0 
6 5 5 0 0 0 
7 5 5 0 0 0 
8 5 5 0 0 0 
9 5 5 0 0 0 
10 5 5 0 0 0 
11 5 5 0 0 0 
12 5 5 0 0 0 
13 5 5 0 0 0 
14 5 5 0 0 0 
15 5 5 0 0 0 
0 6 6 0 0 0 
1 6 6 0 0 0 
2 6 6 0 0 0 
3 6 6 0 0 0 
4 6 6 0 0 0 
5 6 6 0 0 0 
6 6 6 0 0 0 
7 6 6 0 0 0 
8 6 6 0 0 0 
9 6 6 0 0 0 
10 6 6 0 0 0 
11 6 6 0 0 0 
12 6 6 0 0 0 
13 6 6 0 0 0 
14 6 6 0 0 0 
15 6 6 0 0 0 
0 7 7 0 0 0 
1 7 7 0 0 0 
2 7 7 0 0 0 
3 7 7 0 0 0 
4 7 7 0 0 0 
5 7 7 0 0 0 
6 7 7 0 0 0 
7 7 7 0 0 0 
8 7 7 0 0 0 
9 7 7 0 0 0 
10 7 7 0 0 0 
11 7 7 0 0 0 
12 7 7 0 0 0 
13 7 7 0 0 0 
14 7 7 0 0 0 
15 7 7 0 0 0 
0 8 8 0 0 0 
1 8 8 0 0 0 
2 8 8 0 0 0 
3 8 8 0 0 0 
4 8 8 0 0 0 
5 8 8 0 0 0 
6 8 8 0 0 0 
7 8 8 0 0 0 
8 8 8 0 0 0 
9 8 8 0 0 0 
10 8 8 0 0 0 
11 8 8 0 0 0 
12 8 8 0 0 0 
13 8 8 0 0 0 
14 8 8 0 0 0 
15 8 8 0 0 0 
0 9 9 0 0 0 
1 9 9 0 0 0 
2 9 9 0 0 0 
3 9 9 0 0 0 
4 9 9 0 0 0 
5 9 9 0 0 0 
6 9 9 0 0 0 
7 9 9 0 0 0 
8 9 9 0 0 0 
9 9 9 0 0 0 
10 9 9 0 0 0 
11 9 9 0 0 0 
12 9 9 0 0 0 
13 9 9 0 0 0 
14 9 9 0 0 0 
15 9 9 0 0 0 
0 10 10 0 0 0 
1 10 10 0 0 0 
2 10 10 0 0 0 
3 10 10 0 0 0 
4 10 10 0 0 0 
5 10 10 0 0 0 
6 10 10 0 0 0 
7 10 10 0 0 0 
8 10 10 0 0 0 
9 10 10 0 0 0 
10 10 10 0 0 0 
11 10 10 0 0 0 
12 10 10 0 0 0 
13 10 10 0 0 0 
14 10 10 0 0 0 
15 10 10 0 0 0 
0 11 11 0 0 0 
1 11 11 0 0 0 
2 11 11 0 0 0 
3 11 11 0 0 0 
4 11 11 0 0 0 
5 11 11 0 0 0 
6 11 11 0 0 0 
7 11 11 0 0 0 
8 11 11 0 0 0 
9 11 11 0 0 0 
10 11 11 0 0 0 
11 11 11 0 0 0 
12 11 11 0 0 0 
13 11 11 0 0 0 
14 11 11 0 0 0 
15 11 11 0 0 0 
0 12 12 0 0 0 
1 12 12 0 0 0 
2 12 12 0 0 0 
3 12 12 0 0 0 
4 12 12 0 0 0 
5 12 12 0 0 0 
6 12 12 0 0 0 
7 12 12 0 0 0 
8 12 12 0 0 0 
9 12 12 0 0 0 
10 12 12 0 0 0 
11 12 12 0 0 0 
12 12 12 0 0 0 
13 12 12 0 0 0 
14 12 12 0 0 0 
15 12 12 0 0 0 
0 13 13 0 0 0 
1 13 13 0 0 0 
2 13 13 0 0 0 
3 13 13 0 0 0 
4 13 13 0 0 0 
5 13 13 0 0 0 
6 13 13 0 0 0 
7 13 13 0 0 0 
8 13 13 0 0 0 
9 13 13 0 0 0 
10 13 13 0 0 0 
11 13 13 0 0 0 
12 13 13 0 0 0 
13 13 13 0 0 0 
14 13 13 0 0 0 
15 13 13 0 0 0 
0 14 14 0 0 0 
1 14 14 0 0 0 
2 14 14 0 0 0 
3 14 14 0 0 0 
4 14 14 0 0 0 
5 14 14 0 0 0 
6 14 14 0 0 0 
7 14 14 0 0 0 
8 14 14 0 0 0 
9 14 14 0 0 0 
10 14 14 0 0 0 
11 14 14 0 0 0 
12 14 14 0 0 0 
13 14 14 0 0 0 
14 14 14 0 0 0 
15 14 14 0 0 0 
0 15 15 0 0 0 
1 15 15 0 0 0 
2 15 15 0 0 0 
3 15 15 0 0 0 
4 15 15 0 0 0 
5 15 15 0 0 0 
6 15 15 0 0 0 
7 15 15 0 0 0 
8 15 15 0 0 0 
9 15 15 0 0 0 
10 15 15 0 0 0 
11 15 15 0 0 0 
12 15 15 0 0 0 
13 15 15 0 0 0 
14 15 15 0 0 0 
15 15 15 0 0 0 
