0 0 0 0 0 0 
1 0 0 0 0 0 
2 0 0 0 0 0 
3 0 0 0 0 0 
4 0 0 0 0 0 
5 0 0 0 0 0 
6 0 0 0 0 0 
7 0 0 0 0 0 
8 0 0 0 0 0 
9 0 0 0 0 0 
10 0 0 0 0 0 
11 0 0 0 0 0 
12 0 0 0 0 0 
13 0 0 0 0 0 
14 0 0 0 0 0 
15 0 0 0 0 0 
0 1 1 0 0 0 
1 1 1 0 0 0 
2 1 1 0 0 0 
3 1 1 0 0 0 
4 1 1 0 0 0 
5 1 1 0 0 0 
6 1 1 0 0 0 
7 1 1 0 0 0 
8 1 1 0 0 0 
9 1 1 0 0 0 
10 1 1 0 0 0 
11 1 1 0 0 0 
12 1 1 0 0 0 
13 1 1 0 0 0 
14 1 1 0 0 0 
15 1 1 0 0 0 
0 2 2 0 0 0 
1 2 2 0 0 0 
2 2 2 0 0 0 
3 2 2 0 0 0 
4 2 2 0 0 0 
5 2 2 0 0 0 
6 2 2 0 0 0 
7 2 2 0 0 0 
8 2 2 0 0 0 
9 2 2 0 0 0 
10 2 2 0 0 0 
11 2 2 0 0 0 
12 2 2 0 0 0 
13 2 2 0 0 0 
14 2 2 0 0 0 
15 2 2 0 0 0 
0 3 3 0 0 0 
1 3 3 0 0 0 
2 3 3 0 0 0 
3 3 3 0 0 0 
4 3 3 0 0 0 
5 3 3 0 0 0 
6 3 3 0 0 0 
7 3 3 0 0 0 
8 3 3 0 0 0 
9 3 3 0 0 0 
10 3 3 0 0 0 
11 3 3 0 0 0 
12 3 3 0 0 0 
13 3 3 0 0 0 
14 3 3 0 0 0 
15 3 3 0 0 0 
0 4 4 0 0 0 
1 4 4 0 0 0 
2 4 4 0 0 0 
3 4 4 0 0 0 
4 4 4 0 0 0 
5 4 4 0 0 0 
6 4 4 0 0 0 
7 4 4 0 0 0 
8 4 4 0 0 0 
9 4 4 0 0 0 
10 4 4 0 0 0 
11 4 4 0 0 0 
12 4 4 0 0 0 
13 4 4 0 0 0 
14 4 4 0 0 0 
15 4 4 0 0 0 
0 5 5 0 0 0 
1 5 5 0 0 0 
2 5 5 0 0 0 
3 5 5 0 0 0 
4 5 5 0 0 0 
5 5 5 0 0 0 
6 5 5 0 0 0 
7 5 5 0 0 0 
8 5 5 0 0 0 
9 5 5 0 0 0 
10 5 5 0 0 0 
11 5 5 0 0 0 
12 5 5 0 0 0 
13 5 5 0 0 0 
14 5 5 0 0 0 
15 5 5 0 0 0 
0 6 6 0 0 0 
1 6 6 0 0 0 
2 6 6 0 0 0 
3 6 6 0 0 0 
4 6 6 0 0 0 
5 6 6 0 0 0 
6 6 6 0 0 0 
7 6 6 0 0 0 
8 6 6 0 0 0 
9 6 6 0 0 0 
10 6 6 0 0 0 
11 6 6 0 0 0 
12 6 6 0 0 0 
13 6 6 0 0 0 
14 6 6 0 0 0 
15 6 6 0 0 0 
0 7 7 0 0 0 
1 7 7 0 0 0 
2 7 7 0 0 0 
3 7 7 0 0 0 
4 7 7 0 0 0 
5 7 7 0 0 0 
6 7 7 0 0 0 
7 7 7 0 0 0 
8 7 7 0 0 0 
9 7 7 0 0 0 
10 7 7 0 0 0 
11 7 7 0 0 0 
12 7 7 0 0 0 
13 7 7 0 0 0 
14 7 7 0 0 0 
15 7 7 0 0 0 
0 8 8 0 0 0 
1 8 8 0 0 0 
2 8 8 0 0 0 
3 8 8 0 0 0 
4 8 8 0 0 0 
5 8 8 0 0 0 
6 8 8 0 0 0 
7 8 8 0 0 0 
8 8 8 0 0 0 
9 8 8 0 0 0 
10 8 8 0 0 0 
11 8 8 0 0 0 
12 8 8 0 0 0 
13 8 8 0 0 0 
14 8 8 0 0 0 
15 8 8 0 0 0 
0 9 9 0 0 0 
1 9 9 0 0 0 
2 9 9 0 0 0 
3 9 9 0 0 0 
4 9 9 0 0 0 
5 9 9 0 0 0 
6 9 9 0 0 0 
7 9 9 0 0 0 
8 9 9 0 0 0 
9 9 9 0 0 0 
10 9 9 0 0 0 
11 9 9 0 0 0 
12 9 9 0 0 0 
13 9 9 0 0 0 
14 9 9 0 0 0 
15 9 9 0 0 0 
0 10 10 0 0 0 
1 10 10 0 0 0 
2 10 10 0 0 0 
3 10 10 0 0 0 
4 10 10 0 0 0 
5 10 10 0 0 0 
6 10 10 0 0 0 
7 10 10 0 0 0 
8 10 10 0 0 0 
9 10 10 0 0 0 
10 10 10 0 0 0 
11 10 10 0 0 0 
12 10 10 0 0 0 
13 10 10 0 0 0 
14 10 10 0 0 0 
15 10 10 0 0 0 
0 11 11 0 0 0 
1 11 11 0 0 0 
2 11 11 0 0 0 
3 11 11 0 0 0 
4 11 11 0 0 0 
5 11 11 0 0 0 
6 11 11 0 0 0 
7 11 11 0 0 0 
8 11 11 0 0 0 
9 11 11 0 0 0 
10 11 11 0 0 0 
11 11 11 0 0 0 
12 11 11 0 0 0 
13 11 11 0 0 0 
14 11 11 0 0 0 
15 11 11 0 0 0 
0 12 12 0 0 0 
1 12 12 0 0 0 
2 12 12 0 0 0 
3 12 12 0 0 0 
4 12 12 0 0 0 
5 12 12 0 0 0 
6 12 12 0 0 0 
7 12 12 0 0 0 
8 12 12 0 0 0 
9 12 12 0 0 0 
10 12 12 0 0 0 
11 12 12 0 0 0 
12 12 12 0 0 0 
13 12 12 0 0 0 
14 12 12 0 0 0 
15 12 12 0 0 0 
0 13 13 0 0 0 
1 13 13 0 0 0 
2 13 13 0 0 0 
3 13 13 0 0 0 
4 13 13 0 0 0 
5 13 13 0 0 0 
6 13 13 0 0 0 
7 13 13 0 0 0 
8 13 13 0 0 0 
9 13 13 0 0 0 
10 13 13 0 0 0 
11 13 13 0 0 0 
12 13 13 0 0 0 
13 13 13 0 0 0 
14 13 13 0 0 0 
15 13 13 0 0 0 
0 14 14 0 0 0 
1 14 14 0 0 0 
2 14 14 0 0 0 
3 14 14 0 0 0 
4 14 14 0 0 0 
5 14 14 0 0 0 
6 14 14 0 0 0 
7 14 14 0 0 0 
8 14 14 0 0 0 
9 14 14 0 0 0 
10 14 14 0 0 0 
11 14 14 0 0 0 
12 14 14 0 0 0 
13 14 14 0 0 0 
14 14 14 0 0 0 
15 14 14 0 0 0 
0 15 15 0 0 0 
1 15 15 0 0 0 
2 15 15 0 0 0 
3 15 15 0 0 0 
4 15 15 0 0 0 
5 15 15 0 0 0 
6 15 15 0 0 0 
7 15 15 0 0 0 
8 15 15 0 0 0 
9 15 15 0 0 0 
10 15 15 0 0 0 
11 15 15 0 0 0 
12 15 15 0 0 0 
13 15 15 0 0 0 
14 15 15 0 0 0 
15 15 15 0 0 0 
0 0 0 0 0 0 
1 0 0 0 0 0 
2 0 0 0 0 0 
3 0 0 0 0 0 
4 0 0 0 0 0 
5 0 0 0 0 0 
6 0 0 0 0 0 
7 0 0 0 0 0 
8 0 0 0 0 0 
9 0 0 0 0 0 
10 0 0 0 0 0 
11 0 0 0 0 0 
12 0 0 0 0 0 
13 0 0 0 0 0 
14 0 0 0 0 0 
15 0 0 0 0 0 
0 1 1 0 0 0 
1 1 1 0 0 0 
2 1 1 0 0 0 
3 1 1 0 0 0 
4 1 1 0 0 0 
5 1 1 0 0 0 
6 1 1 0 0 0 
7 1 1 0 0 0 
8 1 1 0 0 0 
9 1 1 0 0 0 
10 1 1 0 0 0 
11 1 1 0 0 0 
12 1 1 0 0 0 
13 1 1 0 0 0 
14 1 1 0 0 0 
15 1 1 0 0 0 
0 2 2 0 0 0 
1 2 2 0 0 0 
2 2 2 0 0 0 
3 2 2 0 0 0 
4 2 2 0 0 0 
5 2 2 0 0 0 
6 2 2 0 0 0 
7 2 2 0 0 0 
8 2 2 0 0 0 
9 2 2 0 0 0 
10 2 2 0 0 0 
11 2 2 0 0 0 
12 2 2 0 0 0 
13 2 2 0 0 0 
14 2 2 0 0 0 
15 2 2 0 0 0 
0 3 3 0 0 0 
1 3 3 0 0 0 
2 3 3 0 0 0 
3 3 3 0 0 0 
4 3 3 0 0 0 
5 3 3 0 0 0 
6 3 3 0 0 0 
7 3 3 0 0 0 
8 3 3 0 0 0 
9 3 3 0 0 0 
10 3 3 0 0 0 
11 3 3 0 0 0 
12 3 3 0 0 0 
13 3 3 0 0 0 
14 3 3 0 0 0 
15 3 3 0 0 0 
0 4 4 0 0 0 
1 4 4 0 0 0 
2 4 4 0 0 0 
3 4 4 0 0 0 
4 4 4 0 0 0 
5 4 4 0 0 0 
6 4 4 0 0 0 
7 4 4 0 0 0 
8 4 4 0 0 0 
9 4 4 0 0 0 
10 4 4 0 0 0 
11 4 4 0 0 0 
12 4 4 0 0 0 
13 4 4 0 0 0 
14 4 4 0 0 0 
15 4 4 0 0 0 
0 5 5 0 0 0 
1 5 5 0 0 0 
2 5 5 0 0 0 
3 5 5 0 0 0 
4 5 5 0 0 0 
5 5 5 0 0 0 
6 5 5 0 0 0 
7 5 5 0 0 0 
8 5 5 0 0 0 
9 5 5 0 0 0 
10 5 5 0 0 0 
11 5 5 0 0 0 
12 5 5 0 0 0 
13 5 5 0 0 0 
14 5 5 0 0 0 
15 5 5 0 0 0 
0 6 6 0 0 0 
1 6 6 0 0 0 
2 6 6 0 0 0 
3 6 6 0 0 0 
4 6 6 0 0 0 
5 6 6 0 0 0 
6 6 6 0 0 0 
7 6 6 0 0 0 
8 6 6 0 0 0 
9 6 6 0 0 0 
10 6 6 0 0 0 
11 6 6 0 0 0 
12 6 6 0 0 0 
13 6 6 0 0 0 
14 6 6 0 0 0 
15 6 6 0 0 0 
0 7 7 0 0 0 
1 7 7 0 0 0 
2 7 7 0 0 0 
3 7 7 0 0 0 
4 7 7 0 0 0 
5 7 7 0 0 0 
6 7 7 0 0 0 
7 7 7 0 0 0 
8 7 7 0 0 0 
9 7 7 0 0 0 
10 7 7 0 0 0 
11 7 7 0 0 0 
12 7 7 0 0 0 
13 7 7 0 0 0 
14 7 7 0 0 0 
15 7 7 0 0 0 
0 8 8 0 0 0 
1 8 8 0 0 0 
2 8 8 0 0 0 
3 8 8 0 0 0 
4 8 8 0 0 0 
5 8 8 0 0 0 
6 8 8 0 0 0 
7 8 8 0 0 0 
8 8 8 0 0 0 
9 8 8 0 0 0 
10 8 8 0 0 0 
11 8 8 0 0 0 
12 8 8 0 0 0 
13 8 8 0 0 0 
14 8 8 0 0 0 
15 8 8 0 0 0 
0 9 9 0 0 0 
1 9 9 0 0 0 
2 9 9 0 0 0 
3 9 9 0 0 0 
4 9 9 0 0 0 
5 9 9 0 0 0 
6 9 9 0 0 0 
7 9 9 0 0 0 
8 9 9 0 0 0 
9 9 9 0 0 0 
10 9 9 0 0 0 
11 9 9 0 0 0 
12 9 9 0 0 0 
13 9 9 0 0 0 
14 9 9 0 0 0 
15 9 9 0 0 0 
0 10 10 0 0 0 
1 10 10 0 0 0 
2 10 10 0 0 0 
3 10 10 0 0 0 
4 10 10 0 0 0 
5 10 10 0 0 0 
6 10 10 0 0 0 
7 10 10 0 0 0 
8 10 10 0 0 0 
9 10 10 0 0 0 
10 10 10 0 0 0 
11 10 10 0 0 0 
12 10 10 0 0 0 
13 10 10 0 0 0 
14 10 10 0 0 0 
15 10 10 0 0 0 
0 11 11 0 0 0 
1 11 11 0 0 0 
2 11 11 0 0 0 
3 11 11 0 0 0 
4 11 11 0 0 0 
5 11 11 0 0 0 
6 11 11 0 0 0 
7 11 11 0 0 0 
8 11 11 0 0 0 
9 11 11 0 0 0 
10 11 11 0 0 0 
11 11 11 0 0 0 
12 11 11 0 0 0 
13 11 11 0 0 0 
14 11 11 0 0 0 
15 11 11 0 0 0 
0 12 12 0 0 0 
1 12 12 0 0 0 
2 12 12 0 0 0 
3 12 12 0 0 0 
4 12 12 0 0 0 
5 12 12 0 0 0 
6 12 12 0 0 0 
7 12 12 0 0 0 
8 12 12 0 0 0 
9 12 12 0 0 0 
10 12 12 0 0 0 
11 12 12 0 0 0 
12 12 12 0 0 0 
13 12 12 0 0 0 
14 12 12 0 0 0 
15 12 12 0 0 0 
0 13 13 0 0 0 
1 13 13 0 0 0 
2 13 13 0 0 0 
3 13 13 0 0 0 
4 13 13 0 0 0 
5 13 13 0 0 0 
6 13 13 0 0 0 
7 13 13 0 0 0 
8 13 13 0 0 0 
9 13 13 0 0 0 
10 13 13 0 0 0 
11 13 13 0 0 0 
12 13 13 0 0 0 
13 13 13 0 0 0 
14 13 13 0 0 0 
15 13 13 0 0 0 
0 14 14 0 0 0 
1 14 14 0 0 0 
2 14 14 0 0 0 
3 14 14 0 0 0 
4 14 14 0 0 0 
5 14 14 0 0 0 
6 14 14 0 0 0 
7 14 14 0 0 0 
8 14 14 0 0 0 
9 14 14 0 0 0 
10 14 14 0 0 0 
11 14 14 0 0 0 
12 14 14 0 0 0 
13 14 14 0 0 0 
14 14 14 0 0 0 
15 14 14 0 0 0 
0 15 15 0 0 0 
1 15 15 0 0 0 
2 15 15 0 0 0 
3 15 15 0 0 0 
4 15 15 0 0 0 
5 15 15 0 0 0 
6 15 15 0 0 0 
7 15 15 0 0 0 
8 15 15 0 0 0 
9 15 15 0 0 0 
10 15 15 0 0 0 
11 15 15 0 0 0 
12 15 15 0 0 0 
13 15 15 0 0 0 
14 15 15 0 0 0 
15 15 15 0 0 0 
0 0 0 0 0 0 
1 0 0 0 0 0 
2 0 0 0 0 0 
3 0 0 0 0 0 
4 0 0 0 0 0 
5 0 0 0 0 0 
6 0 0 0 0 0 
7 0 0 0 0 0 
8 0 0 0 0 0 
9 0 0 0 0 0 
10 0 0 0 0 0 
11 0 0 0 0 0 
12 0 0 0 0 0 
13 0 0 0 0 0 
14 0 0 0 0 0 
15 0 0 0 0 0 
0 1 1 0 0 0 
1 1 1 0 0 0 
2 1 1 0 0 0 
3 1 1 0 0 0 
4 1 1 0 0 0 
5 1 1 0 0 0 
6 1 1 0 0 0 
7 1 1 0 0 0 
8 1 1 0 0 0 
9 1 1 0 0 0 
10 1 1 0 0 0 
11 1 1 0 0 0 
12 1 1 0 0 0 
13 1 1 0 0 0 
14 1 1 0 0 0 
15 1 1 0 0 0 
0 2 2 0 0 0 
1 2 2 0 0 0 
2 2 2 0 0 0 
3 2 2 0 0 0 
4 2 2 0 0 0 
5 2 2 0 0 0 
6 2 2 0 0 0 
7 2 2 0 0 0 
8 2 2 0 0 0 
9 2 2 0 0 0 
10 2 2 0 0 0 
11 2 2 0 0 0 
12 2 2 0 0 0 
13 2 2 0 0 0 
14 2 2 0 0 0 
15 2 2 0 0 0 
0 3 3 0 0 0 
1 3 3 0 0 0 
2 3 3 0 0 0 
3 3 3 0 0 0 
4 3 3 0 0 0 
5 3 3 0 0 0 
6 3 3 0 0 0 
7 3 3 0 0 0 
8 3 3 0 0 0 
9 3 3 0 0 0 
10 3 3 0 0 0 
11 3 3 0 0 0 
12 3 3 0 0 0 
13 3 3 0 0 0 
14 3 3 0 0 0 
15 3 3 0 0 0 
0 4 4 0 0 0 
1 4 4 0 0 0 
2 4 4 0 0 0 
3 4 4 0 0 0 
4 4 4 0 0 0 
5 4 4 0 0 0 
6 4 4 0 0 0 
7 4 4 0 0 0 
8 4 4 0 0 0 
9 4 4 0 0 0 
10 4 4 0 0 0 
11 4 4 0 0 0 
12 4 4 0 0 0 
13 4 4 0 0 0 
14 4 4 0 0 0 
15 4 4 0 0 0 
0 5 5 0 0 0 
1 5 5 0 0 0 
2 5 5 0 0 0 
3 5 5 0 0 0 
4 5 5 0 0 0 
5 5 5 0 0 0 
6 5 5 0 0 0 
7 5 5 0 0 0 
8 5 5 0 0 0 
9 5 5 0 0 0 
10 5 5 0 0 0 
11 5 5 0 0 0 
12 5 5 0 0 0 
13 5 5 0 0 0 
14 5 5 0 0 0 
15 5 5 0 0 0 
0 6 6 0 0 0 
1 6 6 0 0 0 
2 6 6 0 0 0 
3 6 6 0 0 0 
4 6 6 0 0 0 
5 6 6 0 0 0 
6 6 6 0 0 0 
7 6 6 0 0 0 
8 6 6 0 0 0 
9 6 6 0 0 0 
10 6 6 0 0 0 
11 6 6 0 0 0 
12 6 6 0 0 0 
13 6 6 0 0 0 
14 6 6 0 0 0 
15 6 6 0 0 0 
0 7 7 0 0 0 
1 7 7 0 0 0 
2 7 7 0 0 0 
3 7 7 0 0 0 
4 7 7 0 0 0 
5 7 7 0 0 0 
6 7 7 0 0 0 
7 7 7 0 0 0 
8 7 7 0 0 0 
9 7 7 0 0 0 
10 7 7 0 0 0 
11 7 7 0 0 0 
12 7 7 0 0 0 
13 7 7 0 0 0 
14 7 7 0 0 0 
15 7 7 0 0 0 
0 8 8 0 0 0 
1 8 8 0 0 0 
2 8 8 0 0 0 
3 8 8 0 0 0 
4 8 8 0 0 0 
5 8 8 0 0 0 
6 8 8 0 0 0 
7 8 8 0 0 0 
8 8 8 0 0 0 
9 8 8 0 0 0 
10 8 8 0 0 0 
11 8 8 0 0 0 
12 8 8 0 0 0 
13 8 8 0 0 0 
14 8 8 0 0 0 
15 8 8 0 0 0 
0 9 9 0 0 0 
1 9 9 0 0 0 
2 9 9 0 0 0 
3 9 9 0 0 0 
4 9 9 0 0 0 
5 9 9 0 0 0 
6 9 9 0 0 0 
7 9 9 0 0 0 
8 9 9 0 0 0 
9 9 9 0 0 0 
10 9 9 0 0 0 
11 9 9 0 0 0 
12 9 9 0 0 0 
13 9 9 0 0 0 
14 9 9 0 0 0 
15 9 9 0 0 0 
0 10 10 0 0 0 
1 10 10 0 0 0 
2 10 10 0 0 0 
3 10 10 0 0 0 
4 10 10 0 0 0 
5 10 10 0 0 0 
6 10 10 0 0 0 
7 10 10 0 0 0 
8 10 10 0 0 0 
9 10 10 0 0 0 
10 10 10 0 0 0 
11 10 10 0 0 0 
12 10 10 0 0 0 
13 10 10 0 0 0 
14 10 10 0 0 0 
15 10 10 0 0 0 
0 11 11 0 0 0 
1 11 11 0 0 0 
2 11 11 0 0 0 
3 11 11 0 0 0 
4 11 11 0 0 0 
5 11 11 0 0 0 
6 11 11 0 0 0 
7 11 11 0 0 0 
8 11 11 0 0 0 
9 11 11 0 0 0 
10 11 11 0 0 0 
11 11 11 0 0 0 
12 11 11 0 0 0 
13 11 11 0 0 0 
14 11 11 0 0 0 
15 11 11 0 0 0 
0 12 12 0 0 0 
1 12 12 0 0 0 
2 12 12 0 0 0 
3 12 12 0 0 0 
4 12 12 0 0 0 
5 12 12 0 0 0 
6 12 12 0 0 0 
7 12 12 0 0 0 
8 12 12 0 0 0 
9 12 12 0 0 0 
10 12 12 0 0 0 
11 12 12 0 0 0 
12 12 12 0 0 0 
13 12 12 0 0 0 
14 12 12 0 0 0 
15 12 12 0 0 0 
0 13 13 0 0 0 
1 13 13 0 0 0 
2 13 13 0 0 0 
3 13 13 0 0 0 
4 13 13 0 0 0 
5 13 13 0 0 0 
6 13 13 0 0 0 
7 13 13 0 0 0 
8 13 13 0 0 0 
9 13 13 0 0 0 
10 13 13 0 0 0 
11 13 13 0 0 0 
12 13 13 0 0 0 
13 13 13 0 0 0 
14 13 13 0 0 0 
15 13 13 0 0 0 
0 14 14 0 0 0 
1 14 14 0 0 0 
2 14 14 0 0 0 
3 14 14 0 0 0 
4 14 14 0 0 0 
5 14 14 0 0 0 
6 14 14 0 0 0 
7 14 14 0 0 0 
8 14 14 0 0 0 
9 14 14 0 0 0 
10 14 14 0 0 0 
11 14 14 0 0 0 
12 14 14 0 0 0 
13 14 14 0 0 0 
14 14 14 0 0 0 
15 14 14 0 0 0 
0 15 15 0 0 0 
1 15 15 0 0 0 
2 15 15 0 0 0 
3 15 15 0 0 0 
4 15 15 0 0 0 
5 15 15 0 0 0 
6 15 15 0 0 0 
7 15 15 0 0 0 
8 15 15 0 0 0 
9 15 15 0 0 0 
10 15 15 0 0 0 
11 15 15 0 0 0 
12 15 15 0 0 0 
13 15 15 0 0 0 
14 15 15 0 0 0 
15 15 15 0 0 0 
0 0 0 0 0 0 
1 0 0 0 0 0 
2 0 0 0 0 0 
3 0 0 0 0 0 
4 0 0 0 0 0 
5 0 0 0 0 0 
6 0 0 0 0 0 
7 0 0 0 0 0 
8 0 0 0 0 0 
9 0 0 0 0 0 
10 0 0 0 0 0 
11 0 0 0 0 0 
12 0 0 0 0 0 
13 0 0 0 0 0 
14 0 0 0 0 0 
15 0 0 0 0 0 
0 1 1 0 0 0 
1 1 1 0 0 0 
2 1 1 0 0 0 
3 1 1 0 0 0 
4 1 1 0 0 0 
5 1 1 0 0 0 
6 1 1 0 0 0 
7 1 1 0 0 0 
8 1 1 0 0 0 
9 1 1 0 0 0 
10 1 1 0 0 0 
11 1 1 0 0 0 
12 1 1 0 0 0 
13 1 1 0 0 0 
14 1 1 0 0 0 
15 1 1 0 0 0 
0 2 2 0 0 0 
1 2 2 0 0 0 
2 2 2 0 0 0 
3 2 2 0 0 0 
4 2 2 0 0 0 
5 2 2 0 0 0 
6 2 2 0 0 0 
7 2 2 0 0 0 
8 2 2 0 0 0 
9 2 2 0 0 0 
10 2 2 0 0 0 
11 2 2 0 0 0 
12 2 2 0 0 0 
13 2 2 0 0 0 
14 2 2 0 0 0 
15 2 2 0 0 0 
0 3 3 0 0 0 
1 3 3 0 0 0 
2 3 3 0 0 0 
3 3 3 0 0 0 
4 3 3 0 0 0 
5 3 3 0 0 0 
6 3 3 0 0 0 
7 3 3 0 0 0 
8 3 3 0 0 0 
9 3 3 0 0 0 
10 3 3 0 0 0 
11 3 3 0 0 0 
12 3 3 0 0 0 
13 3 3 0 0 0 
14 3 3 0 0 0 
15 3 3 0 0 0 
0 4 4 0 0 0 
1 4 4 0 0 0 
2 4 4 0 0 0 
3 4 4 0 0 0 
4 4 4 0 0 0 
5 4 4 0 0 0 
6 4 4 0 0 0 
7 4 4 0 0 0 
8 4 4 0 0 0 
9 4 4 0 0 0 
10 4 4 0 0 0 
11 4 4 0 0 0 
12 4 4 0 0 0 
13 4 4 0 0 0 
14 4 4 0 0 0 
15 4 4 0 0 0 
0 5 5 0 0 0 
1 5 5 0 0 0 
2 5 5 0 0 0 
3 5 5 0 0 0 
4 5 5 0 0 0 
5 5 5 0 0 0 
6 5 5 0 0 0 
7 5 5 0 0 0 
8 5 5 0 0 0 
9 5 5 0 0 0 
10 5 5 0 0 0 
11 5 5 0 0 0 
12 5 5 0 0 0 
13 5 5 0 0 0 
14 5 5 0 0 0 
15 5 5 0 0 0 
0 6 6 0 0 0 
1 6 6 0 0 0 
2 6 6 0 0 0 
3 6 6 0 0 0 
4 6 6 0 0 0 
5 6 6 0 0 0 
6 6 6 0 0 0 
7 6 6 0 0 0 
8 6 6 0 0 0 
9 6 6 0 0 0 
10 6 6 0 0 0 
11 6 6 0 0 0 
12 6 6 0 0 0 
13 6 6 0 0 0 
14 6 6 0 0 0 
15 6 6 0 0 0 
0 7 7 0.12208 -0.000114512 -0.000223146 
1 7 7 0.123729 -5.36327e-05 -0.000180087 
2 7 7 0.124843 -2.52156e-05 -0.000113704 
3 7 7 0.125381 -2.96786e-05 -4.13229e-05 
4 7 7 0.125416 -5.6108e-05 2.1466e-05 
5 7 7 0.1251 -8.99977e-05 6.60942e-05 
6 7 7 0.124584 -0.000107786 8.87329e-05 
7 7 7 0.124007 -6.65044e-05 8.42846e-05 
8 7 7 0.123599 0.000111143 2.89428e-05 
9 7 7 0.123661 -4.71525e-05 5.08774e-05 
10 7 7 0.123009 -0.000564786 0.00015601 
11 7 7 0.122681 -0.00021311 2.5176e-05 
12 7 7 0.12292 -8.25075e-05 -1.23492e-05 
13 7 7 0.123207 -5.56092e-05 -2.13972e-05 
14 7 7 0.123326 -3.47477e-05 6.99113e-05 
15 7 7 0.121731 -0.000514539 -0.00225123 
0 8 8 0.130165 -0.000172581 -0.000289094 
1 8 8 0.131919 -9.0325e-05 -0.000218063 
2 8 8 0.133098 -4.22732e-05 -0.000133499 
3 8 8 0.133661 -3.15739e-05 -5.45098e-05 
4 8 8 0.133694 -4.88693e-05 5.33453e-06 
5 8 8 0.133357 -7.91441e-05 4.22872e-05 
6 8 8 0.132821 -9.93489e-05 5.8765e-05 
7 8 8 0.13225 -8.18988e-05 6.06833e-05 
8 8 8 0.131824 -3.30897e-05 4.9511e-05 
9 8 8 0.131595 -0.000145115 2.55113e-05 
10 8 8 0.131201 -0.000330651 -2.2421e-06 
11 8 8 0.130975 -0.000215267 -2.87413e-05 
12 8 8 0.131131 -0.000115828 -4.19836e-05 
13 8 8 0.131417 -7.48582e-05 -4.38748e-05 
14 8 8 0.13153 -3.85031e-05 6.42008e-05 
15 8 8 0.129896 0.000388884 -0.00238275 
0 9 9 0 0 0 
1 9 9 0 0 0 
2 9 9 0 0 0 
3 9 9 0 0 0 
4 9 9 0 0 0 
5 9 9 0 0 0 
6 9 9 0 0 0 
7 9 9 0 0 0 
8 9 9 0 0 0 
9 9 9 0 0 0 
10 9 9 0 0 0 
11 9 9 0 0 0 
12 9 9 0 0 0 
13 9 9 0 0 0 
14 9 9 0 0 0 
15 9 9 0 0 0 
0 10 10 0 0 0 
1 10 10 0 0 0 
2 10 10 0 0 0 
3 10 10 0 0 0 
4 10 10 0 0 0 
5 10 10 0 0 0 
6 10 10 0 0 0 
7 10 10 0 0 0 
8 10 10 0 0 0 
9 10 10 0 0 0 
10 10 10 0 0 0 
11 10 10 0 0 0 
12 10 10 0 0 0 
13 10 10 0 0 0 
14 10 10 0 0 0 
15 10 10 0 0 0 
0 11 11 0 0 0 
1 11 11 0 0 0 
2 11 11 0 0 0 
3 11 11 0 0 0 
4 11 11 0 0 0 
5 11 11 0 0 0 
6 11 11 0 0 0 
7 11 11 0 0 0 
8 11 11 0 0 0 
9 11 11 0 0 0 
10 11 11 0 0 0 
11 11 11 0 0 0 
12 11 11 0 0 0 
13 11 11 0 0 0 
14 11 11 0 0 0 
15 11 11 0 0 0 
0 12 12 0 0 0 
1 12 12 0 0 0 
2 12 12 0 0 0 
3 12 12 0 0 0 
4 12 12 0 0 0 
5 12 12 0 0 0 
6 12 12 0 0 0 
7 12 12 0 0 0 
8 12 12 0 0 0 
9 12 12 0 0 0 
10 12 12 0 0 0 
11 12 12 0 0 0 
12 12 12 0 0 0 
13 12 12 0 0 0 
14 12 12 0 0 0 
15 12 12 0 0 0 
0 13 13 0 0 0 
1 13 13 0 0 0 
2 13 13 0 0 0 
3 13 13 0 0 0 
4 13 13 0 0 0 
5 13 13 0 0 0 
6 13 13 0 0 0 
7 13 13 0 0 0 
8 13 13 0 0 0 
9 13 13 0 0 0 
10 13 13 0 0 0 
11 13 13 0 0 0 
12 13 13 0 0 0 
13 13 13 0 0 0 
14 13 13 0 0 0 
15 13 13 0 0 0 
0 14 14 0 0 0 
1 14 14 0 0 0 
2 14 14 0 0 0 
3 14 14 0 0 0 
4 14 14 0 0 0 
5 14 14 0 0 0 
6 14 14 0 0 0 
7 14 14 0 0 0 
8 14 14 0 0 0 
9 14 14 0 0 0 
10 14 14 0 0 0 
11 14 14 0 0 0 
12 14 14 0 0 0 
13 14 14 0 0 0 
14 14 14 0 0 0 
15 14 14 0 0 0 
0 15 15 0 0 0 
1 15 15 0 0 0 
2 15 15 0 0 0 
3 15 15 0 0 0 
4 15 15 0 0 0 
5 15 15 0 0 0 
6 15 15 0 0 0 
7 15 15 0 0 0 
8 15 15 0 0 0 
9 15 15 0 0 0 
10 15 15 0 0 0 
11 15 15 0 0 0 
12 15 15 0 0 0 
13 15 15 0 0 0 
14 15 15 0 0 0 
15 15 15 0 0 0 
0 0 0 0 0 0 
1 0 0 0 0 0 
2 0 0 0 0 0 
3 0 0 0 0 0 
4 0 0 0 0 0 
5 0 0 0 0 0 
6 0 0 0 0 0 
7 0 0 0 0 0 
8 0 0 0 0 0 
9 0 0 0 0 0 
10 0 0 0 0 0 
11 0 0 0 0 0 
12 0 0 0 0 0 
13 0 0 0 0 0 
14 0 0 0 0 0 
15 0 0 0 0 0 
0 1 1 0 0 0 
1 1 1 0 0 0 
2 1 1 0 0 0 
3 1 1 0 0 0 
4 1 1 0 0 0 
5 1 1 0 0 0 
6 1 1 0 0 0 
7 1 1 0 0 0 
8 1 1 0 0 0 
9 1 1 0 0 0 
10 1 1 0 0 0 
11 1 1 0 0 0 
12 1 1 0 0 0 
13 1 1 0 0 0 
14 1 1 0 0 0 
15 1 1 0 0 0 
0 2 2 0 0 0 
1 2 2 0 0 0 
2 2 2 0 0 0 
3 2 2 0 0 0 
4 2 2 0 0 0 
5 2 2 0 0 0 
6 2 2 0 0 0 
7 2 2 0 0 0 
8 2 2 0 0 0 
9 2 2 0 0 0 
10 2 2 0 0 0 
11 2 2 0 0 0 
12 2 2 0 0 0 
13 2 2 0 0 0 
14 2 2 0 0 0 
15 2 2 0 0 0 
0 3 3 0 0 0 
1 3 3 0 0 0 
2 3 3 0 0 0 
3 3 3 0 0 0 
4 3 3 0 0 0 
5 3 3 0 0 0 
6 3 3 0 0 0 
7 3 3 0 0 0 
8 3 3 0 0 0 
9 3 3 0 0 0 
10 3 3 0 0 0 
11 3 3 0 0 0 
12 3 3 0 0 0 
13 3 3 0 0 0 
14 3 3 0 0 0 
15 3 3 0 0 0 
0 4 4 0 0 0 
1 4 4 0 0 0 
2 4 4 0 0 0 
3 4 4 0 0 0 
4 4 4 0 0 0 
5 4 4 0 0 0 
6 4 4 0 0 0 
7 4 4 0 0 0 
8 4 4 0 0 0 
9 4 4 0 0 0 
10 4 4 0 0 0 
11 4 4 0 0 0 
12 4 4 0 0 0 
13 4 4 0 0 0 
14 4 4 0 0 0 
15 4 4 0 0 0 
0 5 5 0.201595 -0.000463572 -0.000326534 
1 5 5 0.204144 -0.000290571 -0.00028989 
2 5 5 0.20579 -0.000157192 -0.000182975 
3 5 5 0.20649 -7.68341e-05 -4.38543e-05 
4 5 5 0.206394 -5.03382e-05 9.30268e-05 
5 5 5 0.205755 -6.92085e-05 0.000206058 
6 5 5 0.20482 -0.000125034 0.000294216 
7 5 5 0.203778 -0.000250739 0.000396029 
8 5 5 0.202898 -0.000669832 0.000703829 
9 5 5 0.203179 -0.000576367 0.000786894 
10 5 5 0.20195 0.000815906 -0.000676596 
11 5 5 0.201562 -2.26371e-06 -0.000138622 
12 5 5 0.202119 -0.000112972 -1.02516e-05 
13 5 5 0.202643 -5.91891e-05 -5.35612e-05 
14 5 5 0.202941 8.46228e-05 6.27477e-05 
15 5 5 0.201332 -0.0017142 -0.00253608 
0 6 6 0.416516 -0.00114817 -0.00160882 
1 6 6 0.421202 -0.0006447 -0.00122062 
2 6 6 0.423959 -0.00024737 -0.000689855 
3 6 6 0.424838 -1.76533e-05 -0.000144366 
4 6 6 0.424233 4.19813e-05 0.000314169 
5 6 6 0.422693 -2.91318e-05 0.00063627 
6 6 6 0.420697 -0.000166141 0.000825524 
7 6 6 0.418474 -0.000302894 0.00096749 
8 6 6 0.415203 -0.000152389 0.0019653 
9 6 6 0.41894 0.00167667 0.00572728 
10 6 6 0.413257 -0.00246893 -0.0047473 
11 6 6 0.414281 -0.000867772 -0.00112583 
12 6 6 0.416296 -0.00041689 -0.000231552 
13 6 6 0.417592 -0.000269958 -0.000276387 
14 6 6 0.41861 5.85167e-05 0.000105928 
15 6 6 0.419027 -0.00166786 -0.00380472 
0 7 7 0.653939 -0.00131114 -0.00397966 
1 7 7 0.66041 -0.000593717 -0.00276097 
2 7 7 0.663984 -4.35062e-05 -0.00139382 
3 7 7 0.664854 0.000226033 -0.000162804 
4 7 7 0.663681 0.000215504 0.000749539 
5 7 7 0.661305 7.0757e-06 0.00128939 
6 7 7 0.658452 -0.000254748 0.00149612 
7 7 7 0.655632 -0.000337606 0.00145697 
8 7 7 0.65327 0.000402342 0.00140799 
9 7 7 0.653651 0.000841 0.00157725 
10 7 7 0.65267 -0.00330595 -0.00016582 
11 7 7 0.65178 -0.00183061 -0.000664239 
12 7 7 0.653457 -0.000817752 -0.000681152 
13 7 7 0.655417 -0.000561166 -0.000768859 
14 7 7 0.65724 -0.000217409 -6.01728e-05 
15 7 7 0.659772 -0.000951441 -0.00502123 
0 8 8 0.68685 -0.000315617 -0.00465191 
1 8 8 0.693585 8.738e-05 -0.00310599 
2 8 8 0.697295 0.000305979 -0.00148759 
3 8 8 0.698234 0.000299558 -0.0001285 
4 8 8 0.697106 0.000100095 0.000792666 
5 8 8 0.694774 -0.000209164 0.00125764 
6 8 8 0.692013 -0.00050831 0.00135094 
7 8 8 0.68945 -0.000663694 0.00118981 
8 8 8 0.687655 -0.000630487 0.000865797 
9 8 8 0.68694 -0.000877908 0.000407462 
10 8 8 0.686448 -0.00146112 -0.000157205 
11 8 8 0.686487 -0.00119379 -0.000645728 
12 8 8 0.687783 -0.000710454 -0.000939603 
13 8 8 0.68967 -0.000430056 -0.00101045 
14 8 8 0.691432 -0.000264913 -0.000157986 
15 8 8 0.6941 0.000610817 -0.00509356 
0 9 9 0.473484 0.000445019 -0.00246635 
1 9 9 0.478633 0.000487098 -0.00163526 
2 9 9 0.481614 0.000375006 -0.000795975 
3 9 9 0.482577 0.000154361 -0.000117306 
4 9 9 0.482003 -0.000113515 0.000316096 
5 9 9 0.480502 -0.000373964 0.000507128 
6 9 9 0.478639 -0.000571059 0.000511274 
7 9 9 0.476865 -0.000672973 0.000397024 
8 9 9 0.475502 -0.000701524 0.000211247 
9 9 9 0.474684 -0.000740043 -2.63605e-05 
10 9 9 0.474348 -0.0007371 -0.00027132 
11 9 9 0.474575 -0.000555498 -0.000455121 
12 9 9 0.475441 -0.000304602 -0.000560815 
13 9 9 0.476711 -0.000123388 -0.000559659 
14 9 9 0.477801 -0.000211007 -9.33487e-06 
15 9 9 0.478555 0.00162619 -0.00418446 
0 10 10 0.223027 0.000266755 -0.000664833 
1 10 10 0.22584 0.000253704 -0.000452477 
2 10 10 0.227625 0.000170222 -0.000245127 
3 10 10 0.228384 4.8488e-05 -8.23656e-05 
4 10 10 0.228315 -7.71759e-05 1.62362e-05 
5 10 10 0.227703 -0.000184959 5.50426e-05 
6 10 10 0.226835 -0.000258028 4.9272e-05 
7 10 10 0.225943 -0.000293449 1.75882e-05 
8 10 10 0.225185 -0.000300372 -2.84727e-05 
9 10 10 0.22465 -0.000292399 -8.16908e-05 
10 10 10 0.224375 -0.00025712 -0.000128077 
11 10 10 0.224395 -0.000181517 -0.000153965 
12 10 10 0.224715 -9.18585e-05 -0.000161253 
13 10 10 0.225243 -2.97014e-05 -0.000147884 
14 10 10 0.225559 -0.000146357 4.47331e-05 
15 10 10 0.224265 0.00175012 -0.00262464 
0 11 11 0 0 0 
1 11 11 0 0 0 
2 11 11 0 0 0 
3 11 11 0 0 0 
4 11 11 0 0 0 
5 11 11 0 0 0 
6 11 11 0 0 0 
7 11 11 0 0 0 
8 11 11 0 0 0 
9 11 11 0 0 0 
10 11 11 0 0 0 
11 11 11 0 0 0 
12 11 11 0 0 0 
13 11 11 0 0 0 
14 11 11 0 0 0 
15 11 11 0 0 0 
0 12 12 0 0 0 
1 12 12 0 0 0 
2 12 12 0 0 0 
3 12 12 0 0 0 
4 12 12 0 0 0 
5 12 12 0 0 0 
6 12 12 0 0 0 
7 12 12 0 0 0 
8 12 12 0 0 0 
9 12 12 0 0 0 
10 12 12 0 0 0 
11 12 12 0 0 0 
12 12 12 0 0 0 
13 12 12 0 0 0 
14 12 12 0 0 0 
15 12 12 0 0 0 
0 13 13 0 0 0 
1 13 13 0 0 0 
2 13 13 0 0 0 
3 13 13 0 0 0 
4 13 13 0 0 0 
5 13 13 0 0 0 
6 13 13 0 0 0 
7 13 13 0 0 0 
8 13 13 0 0 0 
9 13 13 0 0 0 
10 13 13 0 0 0 
11 13 13 0 0 0 
12 13 13 0 0 0 
13 13 13 0 0 0 
14 13 13 0 0 0 
15 13 13 0 0 0 
0 14 14 0 0 0 
1 14 14 0 0 0 
2 14 14 0 0 0 
3 14 14 0 0 0 
4 14 14 0 0 0 
5 14 14 0 0 0 
6 14 14 0 0 0 
7 14 14 0 0 0 
8 14 14 0 0 0 
9 14 14 0 0 0 
10 14 14 0 0 0 
11 14 14 0 0 0 
12 14 14 0 0 0 
13 14 14 0 0 0 
14 14 14 0 0 0 
15 14 14 0 0 0 
0 15 15 0 0 0 
1 15 15 0 0 0 
2 15 15 0 0 0 
3 15 15 0 0 0 
4 15 15 0 0 0 
5 15 15 0 0 0 
6 15 15 0 0 0 
7 15 15 0 0 0 
8 15 15 0 0 0 
9 15 15 0 0 0 
10 15 15 0 0 0 
11 15 15 0 0 0 
12 15 15 0 0 0 
13 15 15 0 0 0 
14 15 15 0 0 0 
15 15 15 0 0 0 
0 0 0 0 0 0 
1 0 0 0 0 0 
2 0 0 0 0 0 
3 0 0 0 0 0 
4 0 0 0 0 0 
5 0 0 0 0 0 
6 0 0 0 0 0 
7 0 0 0 0 0 
8 0 0 0 0 0 
9 0 0 0 0 0 
10 0 0 0 0 0 
11 0 0 0 0 0 
12 0 0 0 0 0 
13 0 0 0 0 0 
14 0 0 0 0 0 
15 0 0 0 0 0 
0 1 1 0 0 0 
1 1 1 0 0 0 
2 1 1 0 0 0 
3 1 1 0 0 0 
4 1 1 0 0 0 
5 1 1 0 0 0 
6 1 1 0 0 0 
7 1 1 0 0 0 
8 1 1 0 0 0 
9 1 1 0 0 0 
10 1 1 0 0 0 
11 1 1 0 0 0 
12 1 1 0 0 0 
13 1 1 0 0 0 
14 1 1 0 0 0 
15 1 1 0 0 0 
0 2 2 0 0 0 
1 2 2 0 0 0 
2 2 2 0 0 0 
3 2 2 0 0 0 
4 2 2 0 0 0 
5 2 2 0 0 0 
6 2 2 0 0 0 
7 2 2 0 0 0 
8 2 2 0 0 0 
9 2 2 0 0 0 
10 2 2 0 0 0 
11 2 2 0 0 0 
12 2 2 0 0 0 
13 2 2 0 0 0 
14 2 2 0 0 0 
15 2 2 0 0 0 
0 3 3 0 0 0 
1 3 3 0 0 0 
2 3 3 0 0 0 
3 3 3 0 0 0 
4 3 3 0 0 0 
5 3 3 0 0 0 
6 3 3 0 0 0 
7 3 3 0 0 0 
8 3 3 0 0 0 
9 3 3 0 0 0 
10 3 3 0 0 0 
11 3 3 0 0 0 
12 3 3 0 0 0 
13 3 3 0 0 0 
14 3 3 0 0 0 
15 3 3 0 0 0 
0 4 4 0.193443 -0.000449836 -0.000207865 
1 4 4 0.195847 -0.000313424 -0.000203331 
2 4 4 0.197402 -0.000179468 -0.000130708 
3 4 4 0.198064 -7.29809e-05 -2.05958e-05 
4 4 4 0.197977 -6.04706e-06 9.57314e-05 
5 4 4 0.197378 1.85372e-05 0.000198343 
6 4 4 0.196519 6.42319e-06 0.000281232 
7 4 4 0.195629 -3.66675e-05 0.000346991 
8 4 4 0.194926 -8.38286e-05 0.00037025 
9 4 4 0.194456 -3.64073e-05 0.000240265 
10 4 4 0.193982 5.21887e-05 3.84652e-05 
11 4 4 0.193751 2.88878e-06 6.84357e-07 
12 4 4 0.193948 -4.21678e-05 -1.94118e-05 
13 4 4 0.194346 -3.89289e-05 -5.74301e-05 
14 4 4 0.194538 0.000108212 3.51597e-05 
15 4 4 0.192855 -0.00243898 -0.00165436 
0 5 5 0.605829 -0.00270634 -0.00212595 
1 5 5 0.611786 -0.00166652 -0.0016619 
2 5 5 0.615036 -0.000675111 -0.000950728 
3 5 5 0.615724 7.58302e-05 -0.000177244 
4 5 5 0.614465 0.000503908 0.000504992 
5 5 5 0.612045 0.000624165 0.00101795 
6 5 5 0.609186 0.000501216 0.00135714 
7 5 5 0.606467 0.000178513 0.00158762 
8 5 5 0.604506 -0.00033684 0.00181207 
9 5 5 0.603964 -0.00041802 0.0014564 
10 5 5 0.603057 0.000216578 1.60418e-05 
11 5 5 0.602568 -0.000245951 -0.00019246 
12 5 5 0.603701 -0.000534744 -0.000253351 
13 5 5 0.605333 -0.000471123 -0.000457873 
14 5 5 0.606756 0.00013326 -8.54157e-05 
15 5 5 0.608617 -0.00321432 -0.00336292 
0 6 6 1.09879 -0.00601685 -0.00816663 
1 6 6 1.10604 -0.00353183 -0.00567226 
2 6 6 1.10996 -0.000965317 -0.00283755 
3 6 6 1.11054 0.00105677 -0.000280817 
4 6 6 1.10859 0.00222249 0.00162386 
5 6 6 1.10521 0.00253978 0.00279547 
6 6 6 1.10135 0.00220783 0.00334416 
7 6 6 1.09766 0.00146426 0.00350354 
8 6 6 1.09467 0.000511035 0.00381072 
9 6 6 1.09419 -0.000214649 0.00364336 
10 6 6 1.09382 -0.000712413 -0.000345975 
11 6 6 1.09278 -0.00150551 -0.00127664 
12 6 6 1.09411 -0.00179254 -0.00127922 
13 6 6 1.0963 -0.00163835 -0.00168518 
14 6 6 1.09904 -0.000851996 -0.00123863 
15 6 6 1.1045 -0.00316458 -0.00548697 
0 7 7 1.37636 -0.00407468 -0.0149019 
1 7 7 1.38207 -0.00238302 -0.010061 
2 7 7 1.38602 -0.000281285 -0.00468987 
3 7 7 1.38758 0.00157392 -8.08929e-05 
4 7 7 1.38704 0.00274003 0.00305676 
5 7 7 1.3852 0.00309683 0.00467465 
6 7 7 1.3828 0.00278323 0.00509178 
7 7 7 1.38034 0.0020876 0.00472482 
8 7 7 1.37829 0.00137476 0.00400385 
9 7 7 1.37754 0.000438267 0.00274701 
10 7 7 1.37694 -0.00139715 7.03672e-05 
11 7 7 1.37587 -0.00204694 -0.00174075 
12 7 7 1.37605 -0.00191702 -0.00266827 
13 7 7 1.37712 -0.00174451 -0.00327973 
14 7 7 1.37915 -0.00126861 -0.00295553 
15 7 7 1.38371 -0.00189531 -0.00741546 
0 8 8 1.39689 0.00211974 -0.0163781 
1 8 8 1.4026 0.00173269 -0.0109172 
2 8 8 1.4067 0.00156307 -0.00486981 
3 8 8 1.40861 0.0015275 0.000251112 
4 8 8 1.40865 0.0014748 0.00362429 
5 8 8 1.40754 0.00128331 0.00520037 
6 8 8 1.40596 0.000931983 0.00536088 
7 8 8 1.40437 0.000503437 0.00457812 
8 8 8 1.40311 9.05456e-05 0.0032309 
9 8 8 1.40235 -0.0004232 0.00149757 
10 8 8 1.40178 -0.00102614 -0.000465855 
11 8 8 1.40136 -0.00109635 -0.00219923 
12 8 8 1.40161 -0.000731172 -0.00342583 
13 8 8 1.40254 -0.000372709 -0.00401226 
14 8 8 1.40434 -0.000123966 -0.00350561 
15 8 8 1.40858 0.00101754 -0.0077444 
0 9 9 1.1582 0.00541038 -0.0109724 
1 9 9 1.16581 0.00391553 -0.00701154 
2 9 9 1.17028 0.00233477 -0.0028853 
3 9 9 1.17171 0.000965287 0.000456037 
4 9 9 1.17093 -6.04156e-05 0.00254563 
5 9 9 1.16896 -0.000749256 0.00339653 
6 9 9 1.16663 -0.00115191 0.00328771 
7 9 9 1.16451 -0.00131031 0.00255613 
8 9 9 1.16294 -0.00127201 0.00147763 
9 9 9 1.16208 -0.00111222 0.000240395 
10 9 9 1.1619 -0.000820379 -0.000987923 
11 9 9 1.16243 -0.000311809 -0.00201921 
12 9 9 1.16375 0.000300814 -0.00270908 
13 9 9 1.16571 0.000742721 -0.00290281 
14 9 9 1.16828 0.000594087 -0.00203459 
15 9 9 1.17361 0.00317931 -0.00598086 
0 10 10 0.717162 0.00318377 -0.00394517 
1 10 10 0.724302 0.00232092 -0.00249196 
2 10 10 0.728312 0.00130171 -0.00107896 
3 10 10 0.729493 0.000347207 1.02583e-05 
4 10 10 0.728607 -0.000397814 0.000652173 
5 10 10 0.726545 -0.00088611 0.000871634 
6 10 10 0.724084 -0.00112738 0.000777161 
7 10 10 0.721795 -0.0011588 0.000494777 
8 10 10 0.72005 -0.00103222 0.00012298 
9 10 10 0.719053 -0.000800326 -0.000270621 
10 10 10 0.718886 -0.000483807 -0.000626039 
11 10 10 0.719561 -0.000100081 -0.000890577 
12 10 10 0.721007 0.000274675 -0.00103493 
13 10 10 0.722959 0.000496402 -0.00100027 
14 10 10 0.724807 2.05429e-07 -0.000255462 
15 10 10 0.727994 0.00345316 -0.00366645 
0 11 11 0.236352 0.000528242 -0.00061721 
1 11 11 0.239337 0.00041365 -0.00041056 
2 11 11 0.241222 0.000248117 -0.000219337 
3 11 11 0.242021 7.51264e-05 -7.76069e-05 
4 11 11 0.241947 -6.95423e-05 1.75169e-06 
5 11 11 0.241306 -0.000171481 2.43466e-05 
6 11 11 0.240402 -0.000226593 7.32382e-06 
7 11 11 0.239471 -0.000240724 -3.03436e-05 
8 11 11 0.23868 -0.00022336 -7.57603e-05 
9 11 11 0.238131 -0.0001853 -0.000119181 
10 11 11 0.237883 -0.000128691 -0.000151816 
11 11 11 0.237956 -5.78658e-05 -0.000166549 
12 11 11 0.238333 1.23041e-05 -0.000164361 
13 11 11 0.238917 5.68297e-05 -0.000139072 
14 11 11 0.239288 -0.000103918 5.4879e-05 
15 11 11 0.238067 0.00265301 -0.00189466 
0 12 12 0 0 0 
1 12 12 0 0 0 
2 12 12 0 0 0 
3 12 12 0 0 0 
4 12 12 0 0 0 
5 12 12 0 0 0 
6 12 12 0 0 0 
7 12 12 0 0 0 
8 12 12 0 0 0 
9 12 12 0 0 0 
10 12 12 0 0 0 
11 12 12 0 0 0 
12 12 12 0 0 0 
13 12 12 0 0 0 
14 12 12 0 0 0 
15 12 12 0 0 0 
0 13 13 0 0 0 
1 13 13 0 0 0 
2 13 13 0 0 0 
3 13 13 0 0 0 
4 13 13 0 0 0 
5 13 13 0 0 0 
6 13 13 0 0 0 
7 13 13 0 0 0 
8 13 13 0 0 0 
9 13 13 0 0 0 
10 13 13 0 0 0 
11 13 13 0 0 0 
12 13 13 0 0 0 
13 13 13 0 0 0 
14 13 13 0 0 0 
15 13 13 0 0 0 
0 14 14 0 0 0 
1 14 14 0 0 0 
2 14 14 0 0 0 
3 14 14 0 0 0 
4 14 14 0 0 0 
5 14 14 0 0 0 
6 14 14 0 0 0 
7 14 14 0 0 0 
8 14 14 0 0 0 
9 14 14 0 0 0 
10 14 14 0 0 0 
11 14 14 0 0 0 
12 14 14 0 0 0 
13 14 14 0 0 0 
14 14 14 0 0 0 
15 14 14 0 0 0 
0 15 15 0 0 0 
1 15 15 0 0 0 
2 15 15 0 0 0 
3 15 15 0 0 0 
4 15 15 0 0 0 
5 15 15 0 0 0 
6 15 15 0 0 0 
7 15 15 0 0 0 
8 15 15 0 0 0 
9 15 15 0 0 0 
10 15 15 0 0 0 
11 15 15 0 0 0 
12 15 15 0 0 0 
13 15 15 0 0 0 
14 15 15 0 0 0 
15 15 15 0 0 0 
0 0 0 0 0 0 
1 0 0 0 0 0 
2 0 0 0 0 0 
3 0 0 0 0 0 
4 0 0 0 0 0 
5 0 0 0 0 0 
6 0 0 0 0 0 
7 0 0 0 0 0 
8 0 0 0 0 0 
9 0 0 0 0 0 
10 0 0 0 0 0 
11 0 0 0 0 0 
12 0 0 0 0 0 
13 0 0 0 0 0 
14 0 0 0 0 0 
15 0 0 0 0 0 
0 1 1 0 0 0 
1 1 1 0 0 0 
2 1 1 0 0 0 
3 1 1 0 0 0 
4 1 1 0 0 0 
5 1 1 0 0 0 
6 1 1 0 0 0 
7 1 1 0 0 0 
8 1 1 0 0 0 
9 1 1 0 0 0 
10 1 1 0 0 0 
11 1 1 0 0 0 
12 1 1 0 0 0 
13 1 1 0 0 0 
14 1 1 0 0 0 
15 1 1 0 0 0 
0 2 2 0 0 0 
1 2 2 0 0 0 
2 2 2 0 0 0 
3 2 2 0 0 0 
4 2 2 0 0 0 
5 2 2 0 0 0 
6 2 2 0 0 0 
7 2 2 0 0 0 
8 2 2 0 0 0 
9 2 2 0 0 0 
10 2 2 0 0 0 
11 2 2 0 0 0 
12 2 2 0 0 0 
13 2 2 0 0 0 
14 2 2 0 0 0 
15 2 2 0 0 0 
0 3 3 0 0 0 
1 3 3 0 0 0 
2 3 3 0 0 0 
3 3 3 0 0 0 
4 3 3 0 0 0 
5 3 3 0 0 0 
6 3 3 0 0 0 
7 3 3 0 0 0 
8 3 3 0 0 0 
9 3 3 0 0 0 
10 3 3 0 0 0 
11 3 3 0 0 0 
12 3 3 0 0 0 
13 3 3 0 0 0 
14 3 3 0 0 0 
15 3 3 0 0 0 
0 4 4 0.40301 -0.00162137 -0.00055911 
1 4 4 0.407343 -0.00111181 -0.000498376 
2 4 4 0.409826 -0.000554258 -0.00031324 
3 4 4 0.410518 -7.34083e-05 -6.21778e-05 
4 4 4 0.40982 0.000259452 0.000190107 
5 4 4 0.408261 0.00042895 0.000403374 
6 4 4 0.406354 0.000458305 0.000558938 
7 4 4 0.404515 0.000387309 0.000645804 
8 4 4 0.40306 0.000268565 0.00063193 
9 4 4 0.402099 0.000169029 0.000463741 
10 4 4 0.401576 7.55327e-05 0.000212634 
11 4 4 0.401574 -6.93856e-05 4.46316e-05 
12 4 4 0.402165 -0.000202029 -7.24779e-05 
13 4 4 0.403117 -0.000238936 -0.000164476 
14 4 4 0.403833 0.000187917 -8.61665e-06 
15 4 4 0.403744 -0.00370772 -0.00161557 
0 5 5 1.07979 -0.00838142 -0.00439831 
1 5 5 1.08669 -0.00530537 -0.00322694 
2 5 5 1.09012 -0.00195593 -0.00176959 
3 5 5 1.09016 0.000849164 -0.000340384 
4 5 5 1.08769 0.00268015 0.000833558 
5 5 5 1.08387 0.00349871 0.00166599 
6 5 5 1.07971 0.00348856 0.00216869 
7 5 5 1.07598 0.00289219 0.0023869 
8 5 5 1.07323 0.00195456 0.00231705 
9 5 5 1.07171 0.000969235 0.00179258 
10 5 5 1.07108 6.79318e-05 0.000853733 
11 5 5 1.0713 -0.000887837 8.74524e-05 
12 5 5 1.07263 -0.00164904 -0.000465652 
13 5 5 1.07468 -0.00188471 -0.000907526 
14 5 5 1.07714 -0.0010221 -0.000730151 
15 5 5 1.08221 -0.00509048 -0.003222 
0 6 6 1.63001 -0.0131771 -0.0126409 
1 6 6 1.63058 -0.00911807 -0.0089428 
2 6 6 1.63235 -0.00370859 -0.00456347 
3 6 6 1.63388 0.00138977 -0.000658587 
4 6 6 1.63446 0.00502876 0.00207285 
5 6 6 1.63408 0.00688158 0.00357027 
6 6 6 1.63306 0.00717942 0.00412762 
7 6 6 1.63169 0.00633908 0.00408008 
8 6 6 1.63028 0.00477262 0.00362596 
9 6 6 1.62906 0.0028545 0.00261299 
10 6 6 1.62768 0.000864736 0.000976475 
11 6 6 1.62607 -0.00103471 -0.000453522 
12 6 6 1.62481 -0.00254276 -0.00148217 
13 6 6 1.62409 -0.00333737 -0.00228918 
14 6 6 1.62424 -0.00322062 -0.00260572 
15 6 6 1.62628 -0.00588707 -0.0056509 
0 7 7 1.95031 -0.00579603 -0.0209056 
1 7 7 1.93818 -0.00475904 -0.0158852 
2 7 7 1.93252 -0.00215317 -0.00883075 
3 7 7 1.93224 0.00104158 -0.00193008 
4 7 7 1.93531 0.00383165 0.00308064 
5 7 7 1.93984 0.00566047 0.00574304 
6 7 7 1.94448 0.00641546 0.0065173 
7 7 7 1.94842 0.00623159 0.00608093 
8 7 7 1.95123 0.00532459 0.00492557 
9 7 7 1.95269 0.00387291 0.00318926 
10 7 7 1.95246 0.00210401 0.000993723 
11 7 7 1.95048 0.000444247 -0.00107657 
12 7 7 1.94732 -0.000859158 -0.00274575 
13 7 7 1.94352 -0.00172812 -0.00399903 
14 7 7 1.93979 -0.00209104 -0.00471406 
15 7 7 1.93693 -0.0031207 -0.00776934 
0 8 8 1.96918 0.00859979 -0.0223276 
1 8 8 1.95635 0.00619509 -0.0171916 
2 8 8 1.95018 0.00385841 -0.00963404 
3 8 8 1.94987 0.00218486 -0.00205495 
4 8 8 1.95347 0.00144216 0.00356267 
5 8 8 1.95904 0.00143667 0.00659143 
6 8 8 1.96508 0.00175849 0.00743244 
7 8 8 1.9706 0.00206733 0.00678373 
8 8 8 1.97491 0.00218135 0.00521848 
9 8 8 1.97759 0.00203418 0.0030887 
10 8 8 1.9783 0.0017116 0.00068298 
11 8 8 1.97701 0.00144961 -0.00162969 
12 8 8 1.97411 0.00134579 -0.00356149 
13 8 8 1.9702 0.00132564 -0.00491986 
14 8 8 1.96608 0.00134095 -0.00558022 
15 8 8 1.96263 0.00220695 -0.0084374 
0 9 9 1.68796 0.0158551 -0.0162006 
1 9 9 1.68787 0.0111825 -0.0114415 
2 9 9 1.68983 0.00604944 -0.0055092 
3 9 9 1.69262 0.00179764 -0.000131762 
4 9 9 1.69548 -0.000863658 0.00355616 
5 9 9 1.69814 -0.00201413 0.00532629 
6 9 9 1.70055 -0.00212284 0.00552695 
7 9 9 1.70256 -0.00165116 0.00466067 
8 9 9 1.70403 -0.00090884 0.00315993 
9 9 9 1.70477 -6.77406e-05 0.00134128 
10 9 9 1.7047 0.000816772 -0.000537645 
11 9 9 1.70389 0.00173932 -0.00223251 
12 9 9 1.70261 0.00261148 -0.00353007 
13 9 9 1.70126 0.00321634 -0.00423923 
14 9 9 1.70055 0.00332038 -0.0041875 
15 9 9 1.70153 0.00601649 -0.0067082 
0 10 10 1.17517 0.0107714 -0.00711369 
1 10 10 1.18296 0.00721313 -0.00446412 
2 10 10 1.18771 0.00355036 -0.00174027 
3 10 10 1.18952 0.000562699 0.000424962 
4 10 10 1.18921 -0.00138769 0.00172918 
5 10 10 1.18777 -0.00233586 0.00219345 
6 10 10 1.18598 -0.00251175 0.00201604 
7 10 10 1.18433 -0.00216304 0.00143796 
8 10 10 1.1831 -0.00149001 0.000659449 
9 10 10 1.18244 -0.000637355 -0.000173198 
10 10 10 1.18243 0.000295533 -0.000946899 
11 10 10 1.1831 0.00122122 -0.00156518 
12 10 10 1.18445 0.00200433 -0.00195091 
13 10 10 1.18639 0.00240593 -0.00200456 
14 10 10 1.18899 0.0018078 -0.00139148 
15 10 10 1.19437 0.0058624 -0.00370085 
0 11 11 0.492571 0.00245244 -0.0012578 
1 11 11 0.498055 0.00172052 -0.000797014 
2 11 11 0.501274 0.000913811 -0.000368369 
3 11 11 0.5024 0.00020344 -5.11601e-05 
4 11 11 0.501948 -0.000306947 0.00012478 
5 11 11 0.500548 -0.000596561 0.000172194 
6 11 11 0.498776 -0.000694786 0.000127983 
7 11 11 0.497065 -0.000647894 3.49383e-05 
8 11 11 0.495706 -0.000503546 -7.64242e-05 
9 11 11 0.49488 -0.000302514 -0.000185594 
10 11 11 0.494681 -7.13347e-05 -0.000275279 
11 11 11 0.495121 0.000165458 -0.000332294 
12 11 11 0.496133 0.00036657 -0.000352065 
13 11 11 0.497526 0.000457196 -0.000314968 
14 11 11 0.498721 -5.97608e-05 -6.90157e-06 
15 11 11 0.499794 0.00408665 -0.00188717 
0 12 12 0.0654889 0.000114425 -1.89915e-05 
1 12 12 0.0663973 9.05714e-05 -1.33228e-05 
2 12 12 0.0670232 5.74059e-05 -9.55101e-06 
3 12 12 0.0673427 2.36165e-05 -7.79461e-06 
4 12 12 0.0673976 -3.65662e-06 -7.71763e-06 
5 12 12 0.0672658 -2.1828e-05 -8.71631e-06 
6 12 12 0.0670331 -3.11128e-05 -1.02119e-05 
7 12 12 0.066769 -3.29197e-05 -1.16951e-05 
8 12 12 0.0665254 -2.93173e-05 -1.29359e-05 
9 12 12 0.0663368 -2.29392e-05 -1.35986e-05 
10 12 12 0.0662187 -1.42176e-05 -1.32521e-05 
11 12 12 0.066203 -3.12277e-06 -1.16663e-05 
12 12 12 0.0662675 6.45007e-06 -8.85281e-06 
13 12 12 0.0663966 1.24481e-05 -5.05151e-06 
14 12 12 0.0664453 -3.15453e-05 5.24243e-06 
15 12 12 0.0652944 0.00127205 -0.000727005 
0 13 13 0 0 0 
1 13 13 0 0 0 
2 13 13 0 0 0 
3 13 13 0 0 0 
4 13 13 0 0 0 
5 13 13 0 0 0 
6 13 13 0 0 0 
7 13 13 0 0 0 
8 13 13 0 0 0 
9 13 13 0 0 0 
10 13 13 0 0 0 
11 13 13 0 0 0 
12 13 13 0 0 0 
13 13 13 0 0 0 
14 13 13 0 0 0 
15 13 13 0 0 0 
0 14 14 0 0 0 
1 14 14 0 0 0 
2 14 14 0 0 0 
3 14 14 0 0 0 
4 14 14 0 0 0 
5 14 14 0 0 0 
6 14 14 0 0 0 
7 14 14 0 0 0 
8 14 14 0 0 0 
9 14 14 0 0 0 
10 14 14 0 0 0 
11 14 14 0 0 0 
12 14 14 0 0 0 
13 14 14 0 0 0 
14 14 14 0 0 0 
15 14 14 0 0 0 
0 15 15 0 0 0 
1 15 15 0 0 0 
2 15 15 0 0 0 
3 15 15 0 0 0 
4 15 15 0 0 0 
5 15 15 0 0 0 
6 15 15 0 0 0 
7 15 15 0 0 0 
8 15 15 0 0 0 
9 15 15 0 0 0 
10 15 15 0 0 0 
11 15 15 0 0 0 
12 15 15 0 0 0 
13 15 15 0 0 0 
14 15 15 0 0 0 
15 15 15 0 0 0 
0 0 0 0 0 0 
1 0 0 0 0 0 
2 0 0 0 0 0 
3 0 0 0 0 0 
4 0 0 0 0 0 
5 0 0 0 0 0 
6 0 0 0 0 0 
7 0 0 0 0 0 
8 0 0 0 0 0 
9 0 0 0 0 0 
10 0 0 0 0 0 
11 0 0 0 0 0 
12 0 0 0 0 0 
13 0 0 0 0 0 
14 0 0 0 0 0 
15 0 0 0 0 0 
0 1 1 0 0 0 
1 1 1 0 0 0 
2 1 1 0 0 0 
3 1 1 0 0 0 
4 1 1 0 0 0 
5 1 1 0 0 0 
6 1 1 0 0 0 
7 1 1 0 0 0 
8 1 1 0 0 0 
9 1 1 0 0 0 
10 1 1 0 0 0 
11 1 1 0 0 0 
12 1 1 0 0 0 
13 1 1 0 0 0 
14 1 1 0 0 0 
15 1 1 0 0 0 
0 2 2 0 0 0 
1 2 2 0 0 0 
2 2 2 0 0 0 
3 2 2 0 0 0 
4 2 2 0 0 0 
5 2 2 0 0 0 
6 2 2 0 0 0 
7 2 2 0 0 0 
8 2 2 0 0 0 
9 2 2 0 0 0 
10 2 2 0 0 0 
11 2 2 0 0 0 
12 2 2 0 0 0 
13 2 2 0 0 0 
14 2 2 0 0 0 
15 2 2 0 0 0 
0 3 3 0.0498586 -8.909e-05 9.35213e-06 
1 3 3 0.0505448 -7.977e-05 6.35833e-06 
2 3 3 0.0510595 -5.87365e-05 4.21476e-06 
3 3 3 0.051355 -3.31541e-05 3.74716e-06 
4 3 3 0.051444 -9.29079e-06 4.30178e-06 
5 3 3 0.0513738 8.14337e-06 6.24882e-06 
6 3 3 0.0512049 1.86861e-05 8.60838e-06 
7 3 3 0.0509904 2.33465e-05 9.46702e-06 
8 3 3 0.0507763 2.44719e-05 7.084e-06 
9 3 3 0.0505876 2.28101e-05 1.46962e-06 
10 3 3 0.0504436 1.84121e-05 -4.10722e-06 
11 3 3 0.0503615 1.11326e-05 -6.07544e-06 
12 3 3 0.0503496 2.59535e-06 -5.68694e-06 
13 3 3 0.0503954 -2.62099e-06 -6.12183e-06 
14 3 3 0.0503665 5.08415e-05 -1.84148e-05 
15 3 3 0.0493673 -0.00123136 -0.000156644 
0 4 4 0.576922 -0.00313126 -0.000413023 
1 4 4 0.582435 -0.00215099 -0.000370827 
2 4 4 0.585347 -0.001025 -0.00024616 
3 4 4 0.585814 -1.79038e-05 -6.848e-05 
4 4 4 0.584462 0.000708512 0.000115816 
5 4 4 0.582058 0.00111193 0.000278929 
6 4 4 0.579305 0.00123033 0.00040104 
7 4 4 0.576739 0.00113369 0.000463254 
8 4 4 0.574729 0.000895239 0.000441131 
9 4 4 0.573445 0.000579757 0.000327042 
10 4 4 0.572929 0.000226079 0.000160677 
11 4 4 0.573186 -0.000132404 1.7888e-05 
12 4 4 0.574149 -0.000433031 -9.13505e-05 
13 4 4 0.575555 -0.00055856 -0.00017488 
14 4 4 0.576799 0.000132095 -0.000137479 
15 4 4 0.578543 -0.00474848 -0.000592126 
0 5 5 1.3322 -0.0131161 -0.00237246 
1 5 5 1.33766 -0.00867864 -0.00172966 
2 5 5 1.34085 -0.00346998 -0.000979973 
3 5 5 1.34121 0.00112169 -0.000270696 
4 5 5 1.3392 0.00428493 0.000302814 
5 5 5 1.3358 0.00588289 0.000717186 
6 5 5 1.33197 0.00617118 0.000987886 
7 5 5 1.32841 0.00551 0.00112551 
8 5 5 1.32557 0.0042293 0.00110314 
9 5 5 1.32364 0.002608 0.000882557 
10 5 5 1.3226 0.000860544 0.000507604 
11 5 5 1.32242 -0.000830215 0.000125025 
12 5 5 1.32307 -0.00221737 -0.000198565 
13 5 5 1.3244 -0.00295629 -0.000463227 
14 5 5 1.32648 -0.00245237 -0.000539064 
15 5 5 1.33103 -0.00691655 -0.00150376 
0 6 6 1.92953 -0.0182559 -0.006458 
1 6 6 1.91814 -0.0139937 -0.00483461 
2 6 6 1.91291 -0.00711172 -0.00269083 
3 6 6 1.9125 8.84005e-05 -0.000665923 
4 6 6 1.91483 0.00565138 0.000769169 
5 6 6 1.91814 0.00885996 0.00153233 
6 6 6 1.92129 0.00995532 0.00179584 
7 6 6 1.92366 0.00948195 0.00175851 
8 6 6 1.92499 0.00794162 0.00152508 
9 6 6 1.92516 0.00572079 0.00109186 
10 6 6 1.92407 0.00314391 0.000499517 
11 6 6 1.92183 0.000508794 -9.1588e-05 
12 6 6 1.91873 -0.00185168 -0.000591953 
13 6 6 1.91523 -0.00357509 -0.00100183 
14 6 6 1.91196 -0.00442149 -0.00129572 
15 6 6 1.90965 -0.00758297 -0.0024243 
0 7 7 2.28033 -0.00649639 -0.0098708 
1 7 7 2.24651 -0.00613208 -0.00832224 
2 7 7 2.22211 -0.00366617 -0.00537431 
3 7 7 2.21024 -6.91522e-05 -0.00197645 
4 7 7 2.20988 0.0033468 0.00077427 
5 7 7 2.21724 0.00579159 0.00237333 
6 7 7 2.2281 0.00712167 0.00294695 
7 7 7 2.23928 0.00748457 0.00284536 
8 7 7 2.24882 0.00705795 0.00234856 
9 7 7 2.25561 0.00600084 0.00159125 
10 7 7 2.25908 0.00449238 0.000681357 
11 7 7 2.25904 0.00276252 -0.000220864 
12 7 7 2.25574 0.00105025 -0.00101446 
13 7 7 2.24971 -0.000425483 -0.00167043 
14 7 7 2.24175 -0.00151775 -0.00217766 
15 7 7 2.23278 -0.00312216 -0.00333621 
0 8 8 2.299 0.013398 -0.0102653 
1 8 8 2.26413 0.0108492 -0.0088478 
2 8 8 2.23838 0.00732901 -0.00583622 
3 8 8 2.22548 0.00383742 -0.00221407 
4 8 8 2.22486 0.00139572 0.000825579 
5 8 8 2.23278 0.000365098 0.00267614 
6 8 8 2.24493 0.000436264 0.00339612 
7 8 8 2.25789 0.00107794 0.00331231 
8 8 8 2.26945 0.00185042 0.00272368 
9 8 8 2.27826 0.00249561 0.00182474 
10 8 8 2.28351 0.00292924 0.000766731 
11 8 8 2.28488 0.00318565 -0.0002989 
12 8 8 2.28246 0.00331529 -0.0012534 
13 8 8 2.27675 0.00334009 -0.00202005 
14 8 8 2.26856 0.00329526 -0.00256707 
15 8 8 2.25897 0.00390584 -0.00368804 
0 9 9 1.98557 0.0247636 -0.00786041 
1 9 9 1.97207 0.0188393 -0.00610589 
2 9 9 1.96538 0.0109875 -0.00344085 
3 9 9 1.96497 0.00359388 -0.000725772 
4 9 9 1.96902 -0.00150538 0.00131225 
5 9 9 1.97554 -0.0039073 0.00242182 
6 9 9 1.98292 -0.00423032 0.00272151 
7 9 9 1.98995 -0.00331265 0.0024516 
8 9 9 1.99575 -0.00179976 0.00182743 
9 9 9 1.99971 -8.32611e-05 0.00100637 
10 9 9 2.00147 0.00163423 0.000114075 
11 9 9 2.00096 0.00323812 -0.000733024 
12 9 9 1.99844 0.00460352 -0.00143546 
13 9 9 1.99448 0.005551 -0.00191171 
14 9 9 1.99002 0.00596364 -0.0021245 
15 9 9 1.98603 0.00855989 -0.00304032 
0 10 10 1.43026 0.0179821 -0.00374136 
1 10 10 1.43614 0.0120916 -0.00245188 
2 10 10 1.44076 0.00582698 -0.00103281 
3 10 10 1.44359 0.000701905 0.000149159 
4 10 10 1.44493 -0.00253587 0.000897407 
5 10 10 1.44538 -0.00394554 0.00120257 
6 10 10 1.44545 -0.00399144 0.00116029 
7 10 10 1.44541 -0.00317454 0.000893779 
8 10 10 1.44533 -0.00188091 0.000505681 
9 10 10 1.44525 -0.000372196 7.02006e-05 
10 10 10 1.44519 0.00117459 -0.000354685 
11 10 10 1.44524 0.00261036 -0.000716321 
12 10 10 1.44553 0.0037562 -0.000968443 
13 10 10 1.44623 0.00434323 -0.00106446 
14 10 10 1.4478 0.00390878 -0.000921253 
15 10 10 1.45174 0.00807239 -0.00174406 
0 11 11 0.735587 0.00525557 -0.000864883 
1 11 11 0.742961 0.00352019 -0.000554632 
2 11 11 0.747161 0.00173425 -0.00025611 
3 11 11 0.748506 0.000256399 -2.60325e-05 
4 11 11 0.747773 -0.00072968 0.000112732 
5 11 11 0.74585 -0.00121755 0.000164758 
6 11 11 0.743513 -0.00130415 0.000150854 
7 11 11 0.741319 -0.00110934 9.7686e-05 
8 11 11 0.739641 -0.000740902 2.30526e-05 
9 11 11 0.738705 -0.000283709 -6.13613e-05 
10 11 11 0.738626 0.000200859 -0.000142937 
11 11 11 0.739414 0.000659336 -0.000209715 
12 11 11 0.740972 0.00101835 -0.000249074 
13 11 11 0.743056 0.0011477 -0.000245956 
14 11 11 0.74514 0.000335037 -6.68729e-05 
15 11 11 0.748324 0.00539467 -0.00085729 
0 12 12 0.165317 0.000356021 -8.33656e-05 
1 12 12 0.167518 0.000265763 -6.37788e-05 
2 12 12 0.16896 0.000157497 -4.20761e-05 
3 12 12 0.169625 5.627e-05 -2.28474e-05 
4 12 12 0.169649 -1.99785e-05 -8.09692e-06 
5 12 12 0.169242 -6.64378e-05 4.51058e-07 
6 12 12 0.16862 -8.56158e-05 3.93218e-06 
7 12 12 0.167955 -8.37295e-05 3.37863e-06 
8 12 12 0.167371 -6.74598e-05 -3.80796e-07 
9 12 12 0.166951 -4.37108e-05 -6.79727e-06 
10 12 12 0.16674 -1.53085e-05 -1.36746e-05 
11 12 12 0.166766 1.51109e-05 -2.03126e-05 
12 12 12 0.167007 4.07693e-05 -2.2653e-05 
13 12 12 0.167404 5.23325e-05 -2.05796e-05 
14 12 12 0.167643 -6.49799e-05 2.56423e-05 
15 12 12 0.165855 0.00296683 -0.000431482 
0 13 13 0 0 0 
1 13 13 0 0 0 
2 13 13 0 0 0 
3 13 13 0 0 0 
4 13 13 0 0 0 
5 13 13 0 0 0 
6 13 13 0 0 0 
7 13 13 0 0 0 
8 13 13 0 0 0 
9 13 13 0 0 0 
10 13 13 0 0 0 
11 13 13 0 0 0 
12 13 13 0 0 0 
13 13 13 0 0 0 
14 13 13 0 0 0 
15 13 13 0 0 0 
0 14 14 0 0 0 
1 14 14 0 0 0 
2 14 14 0 0 0 
3 14 14 0 0 0 
4 14 14 0 0 0 
5 14 14 0 0 0 
6 14 14 0 0 0 
7 14 14 0 0 0 
8 14 14 0 0 0 
9 14 14 0 0 0 
10 14 14 0 0 0 
11 14 14 0 0 0 
12 14 14 0 0 0 
13 14 14 0 0 0 
14 14 14 0 0 0 
15 14 14 0 0 0 
0 15 15 0 0 0 
1 15 15 0 0 0 
2 15 15 0 0 0 
3 15 15 0 0 0 
4 15 15 0 0 0 
5 15 15 0 0 0 
6 15 15 0 0 0 
7 15 15 0 0 0 
8 15 15 0 0 0 
9 15 15 0 0 0 
10 15 15 0 0 0 
11 15 15 0 0 0 
12 15 15 0 0 0 
13 15 15 0 0 0 
14 15 15 0 0 0 
15 15 15 0 0 0 
0 0 0 0 0 0 
1 0 0 0 0 0 
2 0 0 0 0 0 
3 0 0 0 0 0 
4 0 0 0 0 0 
5 0 0 0 0 0 
6 0 0 0 0 0 
7 0 0 0 0 0 
8 0 0 0 0 0 
9 0 0 0 0 0 
10 0 0 0 0 0 
11 0 0 0 0 0 
12 0 0 0 0 0 
13 0 0 0 0 0 
14 0 0 0 0 0 
15 0 0 0 0 0 
0 1 1 0 0 0 
1 1 1 0 0 0 
2 1 1 0 0 0 
3 1 1 0 0 0 
4 1 1 0 0 0 
5 1 1 0 0 0 
6 1 1 0 0 0 
7 1 1 0 0 0 
8 1 1 0 0 0 
9 1 1 0 0 0 
10 1 1 0 0 0 
11 1 1 0 0 0 
12 1 1 0 0 0 
13 1 1 0 0 0 
14 1 1 0 0 0 
15 1 1 0 0 0 
0 2 2 0 0 0 
1 2 2 0 0 0 
2 2 2 0 0 0 
3 2 2 0 0 0 
4 2 2 0 0 0 
5 2 2 0 0 0 
6 2 2 0 0 0 
7 2 2 0 0 0 
8 2 2 0 0 0 
9 2 2 0 0 0 
10 2 2 0 0 0 
11 2 2 0 0 0 
12 2 2 0 0 0 
13 2 2 0 0 0 
14 2 2 0 0 0 
15 2 2 0 0 0 
0 3 3 0.0498235 -8.98509e-05 -1.55445e-05 
1 3 3 0.0505092 -8.06896e-05 -1.38329e-05 
2 3 3 0.0510236 -5.94194e-05 -9.94052e-06 
3 3 3 0.0513189 -3.30996e-05 -4.27044e-06 
4 3 3 0.0514079 -8.43835e-06 7.55565e-07 
5 3 3 0.0513378 1.00043e-05 5.47163e-06 
6 3 3 0.0511688 2.14924e-05 9.00836e-06 
7 3 3 0.0509539 2.64211e-05 1.00892e-05 
8 3 3 0.050739 2.66743e-05 7.6571e-06 
9 3 3 0.0505499 2.30782e-05 2.51551e-06 
10 3 3 0.0504066 1.68495e-05 -2.8691e-06 
11 3 3 0.0503255 8.96455e-06 -5.86182e-06 
12 3 3 0.0503137 5.98672e-07 -6.65877e-06 
13 3 3 0.0503593 -4.52814e-06 -7.19038e-06 
14 3 3 0.0503305 4.8951e-05 5.01451e-06 
15 3 3 0.0493319 -0.00123215 0.000145786 
0 4 4 0.576752 -0.00313793 0.000335202 
1 4 4 0.582273 -0.00216907 0.000229582 
2 4 4 0.585193 -0.00104446 9.46663e-05 
3 4 4 0.585663 -3.10518e-05 -2.50636e-05 
4 4 4 0.584304 0.000709039 -0.000119345 
5 4 4 0.58189 0.00112871 -0.000172777 
6 4 4 0.579125 0.00126262 -0.000187716 
7 4 4 0.57654 0.00117624 -0.000178979 
8 4 4 0.574495 0.000937117 -0.000165827 
9 4 4 0.573183 0.00060471 -0.000154086 
10 4 4 0.572675 0.000227919 -0.000137167 
11 4 4 0.572962 -0.00014374 -0.000103326 
12 4 4 0.573939 -0.000451085 -6.06709e-05 
13 4 4 0.575352 -0.000586172 -3.80632e-05 
14 4 4 0.576607 9.75987e-05 -0.000116378 
15 4 4 0.578359 -0.00477618 0.000346986 
0 5 5 1.33175 -0.0130793 0.00240669 
1 5 5 1.33722 -0.00868132 0.00163129 
2 5 5 1.34042 -0.00350514 0.000738845 
3 5 5 1.34077 0.00107383 -4.15343e-05 
4 5 5 1.33874 0.00424617 -0.000587421 
5 5 5 1.33531 0.00586866 -0.000885592 
6 5 5 1.33144 0.00618994 -0.000977148 
7 5 5 1.32785 0.00556197 -0.000917896 
8 5 5 1.32495 0.00430355 -0.000765707 
9 5 5 1.32296 0.00267573 -0.000562703 
10 5 5 1.32192 0.000901584 -0.000326442 
11 5 5 1.32179 -0.000802884 -6.1649e-05 
12 5 5 1.32248 -0.00219845 0.000194291 
13 5 5 1.32381 -0.0029648 0.000353826 
14 5 5 1.3259 -0.00249616 0.00027368 
15 5 5 1.33046 -0.00697703 0.00111495 
0 6 6 1.92888 -0.018191 0.0063923 
1 6 6 1.91753 -0.0139442 0.00480375 
2 6 6 1.91232 -0.00709043 0.00259501 
3 6 6 1.91191 8.0659e-05 0.000461023 
4 6 6 1.91421 0.00562353 -0.00106428 
5 6 6 1.91747 0.00882495 -0.00185731 
6 6 6 1.92055 0.00992606 -0.00207359 
7 6 6 1.92286 0.009468 -0.00192187 
8 6 6 1.9241 0.00794723 -0.00155922 
9 6 6 1.92417 0.00574159 -0.00108591 
10 6 6 1.92306 0.00317434 -0.000549224 
11 6 6 1.92087 0.000551764 3.18586e-05 
12 6 6 1.91783 -0.00180066 0.000601312 
13 6 6 1.91435 -0.00353428 0.00104898 
14 6 6 1.9111 -0.00440512 0.00127994 
15 6 6 1.9088 -0.00759095 0.00228972 
0 7 7 2.2797 -0.00646561 0.0096373 
1 7 7 2.24592 -0.00609949 0.00817904 
2 7 7 2.22157 -0.00363342 0.00525873 
3 7 7 2.20973 -4.04844e-05 0.00183938 
4 7 7 2.20938 0.00336704 -0.000953931 
5 7 7 2.21671 0.0058005 -0.00258616 
6 7 7 2.22751 0.00711757 -0.00316549 
7 7 7 2.23861 0.00746738 -0.00303777 
8 7 7 2.24805 0.00703305 -0.00250551 
9 7 7 2.25473 0.00598219 -0.00176384 
10 7 7 2.25813 0.0044961 -0.000916727 
11 7 7 2.2581 0.0027815 -1.96327e-05 
12 7 7 2.25482 0.00107048 0.000855692 
13 7 7 2.24882 -0.000408267 0.00160126 
14 7 7 2.24088 -0.00150129 0.00214001 
15 7 7 2.23194 -0.00310605 0.00327718 
0 8 8 2.2986 0.013402 0.0100652 
1 8 8 2.26375 0.0108481 0.00873524 
2 8 8 2.23804 0.00733587 0.00576264 
3 8 8 2.22517 0.00385873 0.00213314 
4 8 8 2.22457 0.0014301 -0.000942261 
5 8 8 2.23249 0.000405671 -0.00283121 
6 8 8 2.24461 0.000471774 -0.00357627 
7 8 8 2.25751 0.00109859 -0.00349912 
8 8 8 2.269 0.00185384 -0.00290852 
9 8 8 2.27771 0.002494 -0.00202603 
10 8 8 2.2829 0.00293347 -0.00099525 
11 8 8 2.28424 0.00318866 8.09007e-05 
12 8 8 2.28182 0.00330577 0.00109902 
13 8 8 2.2761 0.00332207 0.00194077 
14 8 8 2.26793 0.00328237 0.00252886 
15 8 8 2.25836 0.00390686 0.00365028 
0 9 9 1.98539 0.0247389 0.00781289 
1 9 9 1.9719 0.0188163 0.00612501 
2 9 9 1.96522 0.0109844 0.00345849 
3 9 9 1.96483 0.00361834 0.000684904 
4 9 9 1.96889 -0.00145799 -0.00143606 
5 9 9 1.97541 -0.00384908 -0.00261701 
6 9 9 1.98277 -0.00417822 -0.0029554 
7 9 9 1.98977 -0.00327946 -0.00268377 
8 9 9 1.99551 -0.00179021 -0.00202598 
9 9 9 1.99941 -9.05054e-05 -0.00116085 
10 9 9 2.00113 0.00161755 -0.000224163 
11 9 9 2.0006 0.0032129 0.000675781 
12 9 9 1.99806 0.00456956 0.0014372 
13 9 9 1.9941 0.00551723 0.0019547 
14 9 9 1.98965 0.0059449 0.0021642 
15 9 9 1.98568 0.00856472 0.00303397 
0 10 10 1.43016 0.0179546 0.00382727 
1 10 10 1.43605 0.0120834 0.00249685 
2 10 10 1.44068 0.00584444 0.000992072 
3 10 10 1.44353 0.000740223 -0.000279956 
4 10 10 1.44487 -0.00248969 -0.00108475 
5 10 10 1.44531 -0.00390633 -0.00139579 
6 10 10 1.44537 -0.00397059 -0.00131331 
7 10 10 1.4453 -0.0031775 -0.000972232 
8 10 10 1.44518 -0.00190585 -0.00049913 
9 10 10 1.44506 -0.000409399 3.68016e-06 
10 10 10 1.44498 0.00113571 0.000463037 
11 10 10 1.44502 0.00257594 0.000828457 
12 10 10 1.44532 0.00373156 0.00105939 
13 10 10 1.44603 0.004334 0.00110373 
14 10 10 1.44761 0.00392049 0.000882291 
15 10 10 1.45157 0.00810394 0.00162164 
0 11 11 0.735526 0.00525179 0.000886031 
1 11 11 0.742907 0.00352648 0.000515488 
2 11 11 0.747115 0.00174933 0.000175351 
3 11 11 0.748467 0.000273025 -6.4433e-05 
4 11 11 0.747733 -0.000718295 -0.000176119 
5 11 11 0.745806 -0.00121665 -0.000178181 
6 11 11 0.743456 -0.00131373 -0.000106846 
7 11 11 0.741248 -0.00112829 -1.91905e-06 
8 11 11 0.739554 -0.000764687 0.000102405 
9 11 11 0.738606 -0.000305687 0.000182117 
10 11 11 0.738523 0.000186207 0.000229035 
11 11 11 0.739313 0.000651998 0.000244015 
12 11 11 0.740876 0.00102112 0.000229566 
13 11 11 0.742966 0.0011596 0.000171662 
14 11 11 0.745058 0.000353599 -5.00785e-05 
15 11 11 0.748249 0.00541719 0.000722898 
0 12 12 0.165293 0.000356057 8.34139e-05 
1 12 12 0.167494 0.00026654 5.30237e-05 
2 12 12 0.168935 0.000159211 2.94253e-05 
3 12 12 0.169604 5.74908e-05 1.33735e-05 
4 12 12 0.169627 -1.96465e-05 8.64286e-06 
5 12 12 0.16922 -6.78329e-05 1.12478e-05 
6 12 12 0.168596 -8.79939e-05 1.83199e-05 
7 12 12 0.167928 -8.68497e-05 2.54958e-05 
8 12 12 0.167342 -7.06162e-05 2.97179e-05 
9 12 12 0.16692 -4.5956e-05 2.86521e-05 
10 12 12 0.166713 -1.60346e-05 2.36858e-05 
11 12 12 0.166738 1.49454e-05 1.66695e-05 
12 12 12 0.166978 4.21785e-05 9.51063e-06 
13 12 12 0.167376 5.45475e-05 -1.10539e-06 
14 12 12 0.167615 -6.25511e-05 -5.17477e-05 
15 12 12 0.165829 0.00296923 0.000407979 
0 13 13 0 0 0 
1 13 13 0 0 0 
2 13 13 0 0 0 
3 13 13 0 0 0 
4 13 13 0 0 0 
5 13 13 0 0 0 
6 13 13 0 0 0 
7 13 13 0 0 0 
8 13 13 0 0 0 
9 13 13 0 0 0 
10 13 13 0 0 0 
11 13 13 0 0 0 
12 13 13 0 0 0 
13 13 13 0 0 0 
14 13 13 0 0 0 
15 13 13 0 0 0 
0 14 14 0 0 0 
1 14 14 0 0 0 
2 14 14 0 0 0 
3 14 14 0 0 0 
4 14 14 0 0 0 
5 14 14 0 0 0 
6 14 14 0 0 0 
7 14 14 0 0 0 
8 14 14 0 0 0 
9 14 14 0 0 0 
10 14 14 0 0 0 
11 14 14 0 0 0 
12 14 14 0 0 0 
13 14 14 0 0 0 
14 14 14 0 0 0 
15 14 14 0 0 0 
0 15 15 0 0 0 
1 15 15 0 0 0 
2 15 15 0 0 0 
3 15 15 0 0 0 
4 15 15 0 0 0 
5 15 15 0 0 0 
6 15 15 0 0 0 
7 15 15 0 0 0 
8 15 15 0 0 0 
9 15 15 0 0 0 
10 15 15 0 0 0 
11 15 15 0 0 0 
12 15 15 0 0 0 
13 15 15 0 0 0 
14 15 15 0 0 0 
15 15 15 0 0 0 
0 0 0 0 0 0 
1 0 0 0 0 0 
2 0 0 0 0 0 
3 0 0 0 0 0 
4 0 0 0 0 0 
5 0 0 0 0 0 
6 0 0 0 0 0 
7 0 0 0 0 0 
8 0 0 0 0 0 
9 0 0 0 0 0 
10 0 0 0 0 0 
11 0 0 0 0 0 
12 0 0 0 0 0 
13 0 0 0 0 0 
14 0 0 0 0 0 
15 0 0 0 0 0 
0 1 1 0 0 0 
1 1 1 0 0 0 
2 1 1 0 0 0 
3 1 1 0 0 0 
4 1 1 0 0 0 
5 1 1 0 0 0 
6 1 1 0 0 0 
7 1 1 0 0 0 
8 1 1 0 0 0 
9 1 1 0 0 0 
10 1 1 0 0 0 
11 1 1 0 0 0 
12 1 1 0 0 0 
13 1 1 0 0 0 
14 1 1 0 0 0 
15 1 1 0 0 0 
0 2 2 0 0 0 
1 2 2 0 0 0 
2 2 2 0 0 0 
3 2 2 0 0 0 
4 2 2 0 0 0 
5 2 2 0 0 0 
6 2 2 0 0 0 
7 2 2 0 0 0 
8 2 2 0 0 0 
9 2 2 0 0 0 
10 2 2 0 0 0 
11 2 2 0 0 0 
12 2 2 0 0 0 
13 2 2 0 0 0 
14 2 2 0 0 0 
15 2 2 0 0 0 
0 3 3 0 0 0 
1 3 3 0 0 0 
2 3 3 0 0 0 
3 3 3 0 0 0 
4 3 3 0 0 0 
5 3 3 0 0 0 
6 3 3 0 0 0 
7 3 3 0 0 0 
8 3 3 0 0 0 
9 3 3 0 0 0 
10 3 3 0 0 0 
11 3 3 0 0 0 
12 3 3 0 0 0 
13 3 3 0 0 0 
14 3 3 0 0 0 
15 3 3 0 0 0 
0 4 4 0.402579 -0.00164795 0.000481607 
1 4 4 0.406922 -0.00115399 0.000394254 
2 4 4 0.40941 -0.000589434 0.000222159 
3 4 4 0.410095 -9.0948e-05 2.05565e-05 
4 4 4 0.409389 0.000271158 -0.000167739 
5 4 4 0.407817 0.000471804 -0.000309882 
6 4 4 0.405894 0.00053187 -0.000394159 
7 4 4 0.40402 0.000487637 -0.000421628 
8 4 4 0.402475 0.000372792 -0.000405723 
9 4 4 0.401426 0.00021713 -0.000352795 
10 4 4 0.40095 4.52766e-05 -0.000269224 
11 4 4 0.401057 -0.000119955 -0.000166 
12 4 4 0.401678 -0.000253606 -6.27024e-05 
13 4 4 0.402636 -0.000305714 2.84015e-06 
14 4 4 0.403363 0.000114292 -0.000164912 
15 4 4 0.403268 -0.00375484 0.00146633 
0 5 5 1.07836 -0.00836873 0.00430916 
1 5 5 1.08526 -0.00538515 0.00303151 
2 5 5 1.08868 -0.00207616 0.00151133 
3 5 5 1.08867 0.000744347 0.000101745 
4 5 5 1.08612 0.00263002 -0.000983073 
5 5 5 1.08222 0.00352265 -0.00168022 
6 5 5 1.07801 0.00359618 -0.00201294 
7 5 5 1.07422 0.00308998 -0.00203713 
8 5 5 1.07133 0.00222271 -0.00181392 
9 5 5 1.06955 0.00116932 -0.00140126 
10 5 5 1.06896 7.9071e-05 -0.000855954 
11 5 5 1.06947 -0.000914545 -0.000248027 
12 5 5 1.07091 -0.0016723 0.000320651 
13 5 5 1.07298 -0.00198905 0.000684711 
14 5 5 1.07544 -0.00119895 0.000390828 
15 5 5 1.0805 -0.00526223 0.00283128 
0 6 6 1.62768 -0.0130431 0.0125275 
1 6 6 1.62829 -0.00906527 0.00882292 
2 6 6 1.63003 -0.00373161 0.00437302 
3 6 6 1.63146 0.0013198 0.000405024 
4 6 6 1.63188 0.00494568 -0.00234297 
5 6 6 1.63134 0.00681455 -0.00379873 
6 6 6 1.63017 0.00715051 -0.00424712 
7 6 6 1.6287 0.00636311 -0.00400658 
8 6 6 1.62713 0.00485125 -0.00330803 
9 6 6 1.6256 0.00294635 -0.00229742 
10 6 6 1.62418 0.000931998 -0.0010874 
11 6 6 1.62292 -0.000941392 0.000202436 
12 6 6 1.6219 -0.00243518 0.00140198 
13 6 6 1.62125 -0.00329562 0.00226162 
14 6 6 1.6214 -0.00326085 0.00247752 
15 6 6 1.6234 -0.00596844 0.00540647 
0 7 7 1.94818 -0.00572625 0.020661 
1 7 7 1.93615 -0.00468914 0.0157223 
2 7 7 1.93053 -0.00208025 0.00868411 
3 7 7 1.93022 0.00110643 0.00176542 
4 7 7 1.93317 0.00387468 -0.00326868 
5 7 7 1.93753 0.00567103 -0.00593592 
6 7 7 1.94199 0.00638392 -0.00667752 
7 7 7 1.94575 0.00614726 -0.00614916 
8 7 7 1.94834 0.00518898 -0.00486244 
9 7 7 1.94951 0.00376364 -0.00314283 
10 7 7 1.94917 0.00213184 -0.00120304 
11 7 7 1.94739 0.000538039 0.000775517 
12 7 7 1.94443 -0.000798118 0.00258153 
13 7 7 1.94073 -0.00169454 0.00394554 
14 7 7 1.93707 -0.00205205 0.0046625 
15 7 7 1.93423 -0.00307204 0.00766934 
0 8 8 1.96799 0.00856694 0.022151 
1 8 8 1.95521 0.00618591 0.0170843 
2 8 8 1.94909 0.00390803 0.00954677 
3 8 8 1.94881 0.00228933 0.00195234 
4 8 8 1.95238 0.00157144 -0.00369258 
5 8 8 1.95787 0.0015501 -0.00674055 
6 8 8 1.96379 0.00181584 -0.00757716 
7 8 8 1.96914 0.00203954 -0.00689277 
8 8 8 1.97325 0.00207142 -0.00528038 
9 8 8 1.97569 0.00191925 -0.00316129 
10 8 8 1.97628 0.00167374 -0.000835892 
11 8 8 1.97504 0.00144481 0.00144783 
12 8 8 1.97222 0.0013087 0.00344062 
13 8 8 1.96834 0.00128092 0.00486507 
14 8 8 1.96427 0.00134494 0.00553919 
15 8 8 1.96087 0.0022727 0.00836956 
0 9 9 1.68742 0.0157748 0.0161797 
1 9 9 1.68734 0.0111531 0.0114376 
2 9 9 1.68934 0.00610086 0.00547248 
3 9 9 1.69217 0.00191894 3.85237e-05 
4 9 9 1.69504 -0.000712882 -0.003697 
5 9 9 1.69768 -0.00188248 -0.00548692 
6 9 9 1.7 -0.00205292 -0.00567378 
7 9 9 1.7019 -0.00166593 -0.00476337 
8 9 9 1.70321 -0.000999564 -0.00320799 
9 9 9 1.7038 -0.000184927 -0.00135777 
10 9 9 1.70364 0.000718662 0.000523161 
11 9 9 1.70282 0.00165867 0.00222033 
12 9 9 1.70156 0.00253588 0.00353503 
13 9 9 1.70024 0.00316956 0.00424761 
14 9 9 1.69956 0.00333991 0.00416268 
15 9 9 1.70059 0.00610718 0.00662565 
0 10 10 1.17487 0.0107318 0.00714741 
1 10 10 1.18268 0.00723198 0.00444241 
2 10 10 1.18747 0.00362486 0.00165419 
3 10 10 1.18932 0.000664962 -0.000551761 
4 10 10 1.18902 -0.00129547 -0.00185491 
5 10 10 1.18755 -0.00228624 -0.00228014 
6 10 10 1.1857 -0.00252199 -0.00204127 
7 10 10 1.18396 -0.00223434 -0.00139338 
8 10 10 1.18264 -0.00160268 -0.000559457 
9 10 10 1.1819 -0.000755819 0.000292028 
10 10 10 1.18184 0.000202658 0.00104708 
11 10 10 1.18252 0.00116295 0.00162722 
12 10 10 1.18389 0.00198347 0.00196637 
13 10 10 1.18586 0.00243056 0.00196178 
14 10 10 1.18849 0.00188275 0.00128436 
15 10 10 1.19391 0.00597359 0.00354287 
0 11 11 0.492325 0.00245226 0.00125449 
1 11 11 0.497822 0.0017376 0.000761348 
2 11 11 0.501056 0.000941415 0.000315465 
3 11 11 0.502192 0.000228539 4.52386e-06 
4 11 11 0.501738 -0.000296042 -0.000143119 
5 11 11 0.500328 -0.000606025 -0.000154085 
6 11 11 0.498534 -0.000723654 -7.3996e-05 
7 11 11 0.496793 -0.000691577 4.6006e-05 
8 11 11 0.495404 -0.000551387 0.000165319 
9 11 11 0.494556 -0.000340767 0.000257353 
10 11 11 0.49435 -9.12939e-05 0.000313387 
11 11 11 0.494797 0.000163186 0.000333266 
12 11 11 0.495822 0.00038182 0.00031806 
13 11 11 0.497228 0.000487216 0.000250544 
14 11 11 0.498437 -1.97906e-05 -7.68843e-05 
15 11 11 0.499527 0.00412813 0.00180072 
0 12 12 0.0654454 0.000114424 1.88096e-05 
1 12 12 0.0663518 9.13099e-05 1.02727e-05 
2 12 12 0.0669748 5.92023e-05 5.78083e-06 
3 12 12 0.0673003 2.46549e-05 5.37409e-06 
4 12 12 0.067355 -3.81568e-06 8.51928e-06 
5 12 12 0.0672234 -2.37725e-05 1.29433e-05 
6 12 12 0.0669891 -3.41894e-05 1.76236e-05 
7 12 12 0.0667232 -3.67335e-05 2.08865e-05 
8 12 12 0.0664778 -3.30066e-05 2.1896e-05 
9 12 12 0.0662884 -2.53866e-05 1.98003e-05 
10 12 12 0.0661781 -1.48153e-05 1.56343e-05 
11 12 12 0.0661562 -3.03249e-06 1.02426e-05 
12 12 12 0.0662206 8.22006e-06 4.56017e-06 
13 12 12 0.0663499 1.50194e-05 -1.44067e-06 
14 12 12 0.0663958 -2.88294e-05 -1.27666e-05 
15 12 12 0.0652476 0.00127447 0.00071976 
0 13 13 0 0 0 
1 13 13 0 0 0 
2 13 13 0 0 0 
3 13 13 0 0 0 
4 13 13 0 0 0 
5 13 13 0 0 0 
6 13 13 0 0 0 
7 13 13 0 0 0 
8 13 13 0 0 0 
9 13 13 0 0 0 
10 13 13 0 0 0 
11 13 13 0 0 0 
12 13 13 0 0 0 
13 13 13 0 0 0 
14 13 13 0 0 0 
15 13 13 0 0 0 
0 14 14 0 0 0 
1 14 14 0 0 0 
2 14 14 0 0 0 
3 14 14 0 0 0 
4 14 14 0 0 0 
5 14 14 0 0 0 
6 14 14 0 0 0 
7 14 14 0 0 0 
8 14 14 0 0 0 
9 14 14 0 0 0 
10 14 14 0 0 0 
11 14 14 0 0 0 
12 14 14 0 0 0 
13 14 14 0 0 0 
14 14 14 0 0 0 
15 14 14 0 0 0 
0 15 15 0 0 0 
1 15 15 0 0 0 
2 15 15 0 0 0 
3 15 15 0 0 0 
4 15 15 0 0 0 
5 15 15 0 0 0 
6 15 15 0 0 0 
7 15 15 0 0 0 
8 15 15 0 0 0 
9 15 15 0 0 0 
10 15 15 0 0 0 
11 15 15 0 0 0 
12 15 15 0 0 0 
13 15 15 0 0 0 
14 15 15 0 0 0 
15 15 15 0 0 0 
0 0 0 0 0 0 
1 0 0 0 0 0 
2 0 0 0 0 0 
3 0 0 0 0 0 
4 0 0 0 0 0 
5 0 0 0 0 0 
6 0 0 0 0 0 
7 0 0 0 0 0 
8 0 0 0 0 0 
9 0 0 0 0 0 
10 0 0 0 0 0 
11 0 0 0 0 0 
12 0 0 0 0 0 
13 0 0 0 0 0 
14 0 0 0 0 0 
15 0 0 0 0 0 
0 1 1 0 0 0 
1 1 1 0 0 0 
2 1 1 0 0 0 
3 1 1 0 0 0 
4 1 1 0 0 0 
5 1 1 0 0 0 
6 1 1 0 0 0 
7 1 1 0 0 0 
8 1 1 0 0 0 
9 1 1 0 0 0 
10 1 1 0 0 0 
11 1 1 0 0 0 
12 1 1 0 0 0 
13 1 1 0 0 0 
14 1 1 0 0 0 
15 1 1 0 0 0 
0 2 2 0 0 0 
1 2 2 0 0 0 
2 2 2 0 0 0 
3 2 2 0 0 0 
4 2 2 0 0 0 
5 2 2 0 0 0 
6 2 2 0 0 0 
7 2 2 0 0 0 
8 2 2 0 0 0 
9 2 2 0 0 0 
10 2 2 0 0 0 
11 2 2 0 0 0 
12 2 2 0 0 0 
13 2 2 0 0 0 
14 2 2 0 0 0 
15 2 2 0 0 0 
0 3 3 0 0 0 
1 3 3 0 0 0 
2 3 3 0 0 0 
3 3 3 0 0 0 
4 3 3 0 0 0 
5 3 3 0 0 0 
6 3 3 0 0 0 
7 3 3 0 0 0 
8 3 3 0 0 0 
9 3 3 0 0 0 
10 3 3 0 0 0 
11 3 3 0 0 0 
12 3 3 0 0 0 
13 3 3 0 0 0 
14 3 3 0 0 0 
15 3 3 0 0 0 
0 4 4 0.192876 -0.000471503 0.000167944 
1 4 4 0.195272 -0.000339117 0.000161155 
2 4 4 0.196819 -0.00019663 0.000101935 
3 4 4 0.197473 -7.55285e-05 1.52043e-05 
4 4 4 0.197378 8.14319e-06 -7.53635e-05 
5 4 4 0.196779 5.01528e-05 -0.000150263 
6 4 4 0.195923 5.93129e-05 -0.000200273 
7 4 4 0.195014 4.71661e-05 -0.00022205 
8 4 4 0.194207 2.30503e-05 -0.000219309 
9 4 4 0.193602 -6.52541e-06 -0.000195921 
10 4 4 0.193253 -3.56806e-05 -0.000154462 
11 4 4 0.193184 -6.12993e-05 -0.000101959 
12 4 4 0.193376 -8.00448e-05 -4.83796e-05 
13 4 4 0.193754 -8.19735e-05 -1.14232e-05 
14 4 4 0.193934 6.52175e-05 -0.000101355 
15 4 4 0.192239 -0.00246082 0.00160027 
0 5 5 0.603875 -0.00278117 0.00199247 
1 5 5 0.609773 -0.00177355 0.00151415 
2 5 5 0.612949 -0.000760389 0.000829156 
3 5 5 0.61356 4.11558e-05 0.000114412 
4 5 5 0.61224 0.000527516 -0.000497825 
5 5 5 0.6098 0.000706837 -0.00093528 
6 5 5 0.60697 0.000656285 -0.00117712 
7 5 5 0.604308 0.000464741 -0.00123606 
8 5 5 0.602187 0.000206853 -0.00113752 
9 5 5 0.600833 -6.54796e-05 -0.000917666 
10 5 5 0.600336 -0.000313228 -0.000610446 
11 5 5 0.600681 -0.000511086 -0.000263036 
12 5 5 0.601742 -0.000633792 6.3825e-05 
13 5 5 0.603255 -0.000622895 0.000271066 
14 5 5 0.604562 -2.74601e-05 -0.000116095 
15 5 5 0.606264 -0.00332034 0.00315766 
0 6 6 1.09377 -0.00598032 0.00793278 
1 6 6 1.10087 -0.00357044 0.00545948 
2 6 6 1.10457 -0.00103255 0.00263917 
3 6 6 1.10492 0.000993413 0.000124 
4 6 6 1.10278 0.00218214 -0.00171713 
5 6 6 1.09929 0.00253308 -0.00281292 
6 6 6 1.09544 0.00224574 -0.00324801 
7 6 6 1.09196 0.00156786 -0.0031578 
8 6 6 1.08926 0.000720124 -0.0026669 
9 6 6 1.08759 -0.000134502 -0.0018878 
10 6 6 1.08703 -0.000877995 -0.000929372 
11 6 6 1.08753 -0.00143159 8.2469e-05 
12 6 6 1.08893 -0.00173567 0.000986448 
13 6 6 1.09096 -0.00170207 0.00153607 
14 6 6 1.09345 -0.000957065 0.0010465 
15 6 6 1.09856 -0.00324125 0.00525664 
0 7 7 1.37224 -0.00395949 0.0146795 
1 7 7 1.37789 -0.00224695 0.00991591 
2 7 7 1.38167 -0.000154175 0.00456001 
3 7 7 1.38299 0.00165431 -4.79178e-05 
4 7 7 1.38221 0.0027555 -0.00317632 
5 7 7 1.38017 0.00304328 -0.00477389 
6 7 7 1.37766 0.00265312 -0.00513671 
7 7 7 1.37524 0.00182572 -0.0046265 
8 7 7 1.37321 0.000810941 -0.00353978 
9 7 7 1.37175 -0.000181985 -0.00210164 
10 7 7 1.37095 -0.000998491 -0.000496814 
11 7 7 1.37083 -0.00154162 0.00108774 
12 7 7 1.37133 -0.00176365 0.00243052 
13 7 7 1.37243 -0.00164431 0.00321648 
14 7 7 1.37434 -0.00112636 0.00287776 
15 7 7 1.37868 -0.00175452 0.00727792 
0 8 8 1.39493 0.00213295 0.0162469 
1 8 8 1.40066 0.0018582 0.0108307 
2 8 8 1.40474 0.00176299 0.00478976 
3 8 8 1.40659 0.00172284 -0.000336416 
4 8 8 1.4065 0.00159974 -0.00370731 
5 8 8 1.40525 0.00129514 -0.00527085 
6 8 8 1.40353 0.000806113 -0.00540051 
7 8 8 1.40181 0.00021303 -0.00455705 
8 8 8 1.40033 -0.000360044 -0.00312908 
9 8 8 1.39924 -0.000792261 -0.00141103 
10 8 8 1.39863 -0.00099965 0.000370389 
11 8 8 1.39852 -0.000951876 0.00201356 
12 8 8 1.39895 -0.000679839 0.00330425 
13 8 8 1.39992 -0.000277387 0.00394944 
14 8 8 1.40174 9.11744e-05 0.00343553 
15 8 8 1.40598 0.00128525 0.00763364 
0 9 9 1.15738 0.00541125 0.0109226 
1 9 9 1.16503 0.00401889 0.006948 
2 9 9 1.16955 0.00250548 0.00280423 
3 9 9 1.17101 0.00113429 -0.000538771 
4 9 9 1.1702 4.32019e-05 -0.0026076 
5 9 9 1.16816 -0.000749208 -0.0034214 
6 9 9 1.16572 -0.00127226 -0.00326776 
7 9 9 1.16346 -0.00154496 -0.00248895 
8 9 9 1.16171 -0.00156894 -0.00137976 
9 9 9 1.16067 -0.00134754 -0.000163914 
10 9 9 1.16045 -0.000906435 0.000997369 
11 9 9 1.16106 -0.000307777 0.00197589 
12 9 9 1.16244 0.000339894 0.00264835 
13 9 9 1.16443 0.000852286 0.00282423 
14 9 9 1.16707 0.000794001 0.00192539 
15 9 9 1.17246 0.00341975 0.00584451 
0 10 10 0.716675 0.00320454 0.00391576 
1 10 10 0.72385 0.00238722 0.00243366 
2 10 10 0.727901 0.00138701 0.0010108 
3 10 10 0.729107 0.000415774 -6.26697e-05 
4 10 10 0.728217 -0.000375737 -0.000666447 
5 10 10 0.726119 -0.000924331 -0.000839799 
6 10 10 0.723595 -0.00122537 -0.000702869 
7 10 10 0.721218 -0.00130156 -0.000389757 
8 10 10 0.719376 -0.00118349 -1.3062e-05 
9 10 10 0.718305 -0.000908958 0.000348927 
10 10 10 0.718122 -0.000522571 0.000651172 
11 10 10 0.718828 -8.35856e-05 0.000867734 
12 10 10 0.72031 0.000330455 0.000976286 
13 10 10 0.722295 0.000590224 0.00091021 
14 10 10 0.724187 0.000123937 0.000144348 
15 10 10 0.727419 0.00357979 0.00355457 
0 11 11 0.236046 0.0005342 0.000607225 
1 11 11 0.239038 0.000427714 0.000390729 
2 11 11 0.240932 0.000263897 0.000199001 
3 11 11 0.241737 8.5203e-05 6.612e-05 
4 11 11 0.241662 -7.1287e-05 3.61751e-06 
5 11 11 0.241014 -0.000186844 -2.00659e-06 
6 11 11 0.240093 -0.000253729 2.9272e-05 
7 11 11 0.23914 -0.000274787 7.46208e-05 
8 11 11 0.238324 -0.000255638 0.000116552 
9 11 11 0.23776 -0.000205244 0.000143967 
10 11 11 0.237511 -0.000132394 0.000155354 
11 11 11 0.237595 -4.91129e-05 0.000152498 
12 11 11 0.237983 3.03198e-05 0.000137945 
13 11 11 0.238577 8.13986e-05 0.000103447 
14 11 11 0.238958 -7.58223e-05 -9.40277e-05 
15 11 11 0.23775 0.00267625 0.001859 
0 12 12 0 0 0 
1 12 12 0 0 0 
2 12 12 0 0 0 
3 12 12 0 0 0 
4 12 12 0 0 0 
5 12 12 0 0 0 
6 12 12 0 0 0 
7 12 12 0 0 0 
8 12 12 0 0 0 
9 12 12 0 0 0 
10 12 12 0 0 0 
11 12 12 0 0 0 
12 12 12 0 0 0 
13 12 12 0 0 0 
14 12 12 0 0 0 
15 12 12 0 0 0 
0 13 13 0 0 0 
1 13 13 0 0 0 
2 13 13 0 0 0 
3 13 13 0 0 0 
4 13 13 0 0 0 
5 13 13 0 0 0 
6 13 13 0 0 0 
7 13 13 0 0 0 
8 13 13 0 0 0 
9 13 13 0 0 0 
10 13 13 0 0 0 
11 13 13 0 0 0 
12 13 13 0 0 0 
13 13 13 0 0 0 
14 13 13 0 0 0 
15 13 13 0 0 0 
0 14 14 0 0 0 
1 14 14 0 0 0 
2 14 14 0 0 0 
3 14 14 0 0 0 
4 14 14 0 0 0 
5 14 14 0 0 0 
6 14 14 0 0 0 
7 14 14 0 0 0 
8 14 14 0 0 0 
9 14 14 0 0 0 
10 14 14 0 0 0 
11 14 14 0 0 0 
12 14 14 0 0 0 
13 14 14 0 0 0 
14 14 14 0 0 0 
15 14 14 0 0 0 
0 15 15 0 0 0 
1 15 15 0 0 0 
2 15 15 0 0 0 
3 15 15 0 0 0 
4 15 15 0 0 0 
5 15 15 0 0 0 
6 15 15 0 0 0 
7 15 15 0 0 0 
8 15 15 0 0 0 
9 15 15 0 0 0 
10 15 15 0 0 0 
11 15 15 0 0 0 
12 15 15 0 0 0 
13 15 15 0 0 0 
14 15 15 0 0 0 
15 15 15 0 0 0 
0 0 0 0 0 0 
1 0 0 0 0 0 
2 0 0 0 0 0 
3 0 0 0 0 0 
4 0 0 0 0 0 
5 0 0 0 0 0 
6 0 0 0 0 0 
7 0 0 0 0 0 
8 0 0 0 0 0 
9 0 0 0 0 0 
10 0 0 0 0 0 
11 0 0 0 0 0 
12 0 0 0 0 0 
13 0 0 0 0 0 
14 0 0 0 0 0 
15 0 0 0 0 0 
0 1 1 0 0 0 
1 1 1 0 0 0 
2 1 1 0 0 0 
3 1 1 0 0 0 
4 1 1 0 0 0 
5 1 1 0 0 0 
6 1 1 0 0 0 
7 1 1 0 0 0 
8 1 1 0 0 0 
9 1 1 0 0 0 
10 1 1 0 0 0 
11 1 1 0 0 0 
12 1 1 0 0 0 
13 1 1 0 0 0 
14 1 1 0 0 0 
15 1 1 0 0 0 
0 2 2 0 0 0 
1 2 2 0 0 0 
2 2 2 0 0 0 
3 2 2 0 0 0 
4 2 2 0 0 0 
5 2 2 0 0 0 
6 2 2 0 0 0 
7 2 2 0 0 0 
8 2 2 0 0 0 
9 2 2 0 0 0 
10 2 2 0 0 0 
11 2 2 0 0 0 
12 2 2 0 0 0 
13 2 2 0 0 0 
14 2 2 0 0 0 
15 2 2 0 0 0 
0 3 3 0 0 0 
1 3 3 0 0 0 
2 3 3 0 0 0 
3 3 3 0 0 0 
4 3 3 0 0 0 
5 3 3 0 0 0 
6 3 3 0 0 0 
7 3 3 0 0 0 
8 3 3 0 0 0 
9 3 3 0 0 0 
10 3 3 0 0 0 
11 3 3 0 0 0 
12 3 3 0 0 0 
13 3 3 0 0 0 
14 3 3 0 0 0 
15 3 3 0 0 0 
0 4 4 0 0 0 
1 4 4 0 0 0 
2 4 4 0 0 0 
3 4 4 0 0 0 
4 4 4 0 0 0 
5 4 4 0 0 0 
6 4 4 0 0 0 
7 4 4 0 0 0 
8 4 4 0 0 0 
9 4 4 0 0 0 
10 4 4 0 0 0 
11 4 4 0 0 0 
12 4 4 0 0 0 
13 4 4 0 0 0 
14 4 4 0 0 0 
15 4 4 0 0 0 
0 5 5 0.199884 -0.000496493 0.000285716 
1 5 5 0.202378 -0.000325209 0.000252877 
2 5 5 0.203986 -0.000177674 0.00015974 
3 5 5 0.204667 -7.69758e-05 4.03385e-05 
4 5 5 0.204573 -3.14419e-05 -7.83126e-05 
5 5 5 0.203958 -3.12079e-05 -0.000172829 
6 5 5 0.203079 -5.67593e-05 -0.000233156 
7 5 5 0.202149 -9.08893e-05 -0.000257875 
8 5 5 0.20132 -0.000120558 -0.000249977 
9 5 5 0.200704 -0.000140245 -0.000215912 
10 5 5 0.200356 -0.000146498 -0.000161178 
11 5 5 0.200298 -0.0001411 -9.51421e-05 
12 5 5 0.20051 -0.000126183 -2.93425e-05 
13 5 5 0.200916 -9.61718e-05 1.76614e-05 
14 5 5 0.201123 5.80952e-05 -9.0059e-05 
15 5 5 0.199421 -0.00172365 0.00246355 
0 6 6 0.418956 -0.00115015 0.00152633 
1 6 6 0.42348 -0.000648424 0.0011511 
2 6 6 0.426088 -0.000247889 0.000632699 
3 6 6 0.426852 -1.34023e-05 0.000112715 
4 6 6 0.426208 4.82418e-05 -0.000323179 
5 6 6 0.424684 -2.19865e-05 -0.000625472 
6 6 6 0.4228 -0.000158813 -0.000780346 
7 6 6 0.420963 -0.000306082 -0.000805246 
8 6 6 0.419447 -0.000422061 -0.000722431 
9 6 6 0.418437 -0.000488732 -0.000560803 
10 6 6 0.418012 -0.000499732 -0.000345927 
11 6 6 0.418183 -0.000463065 -0.00011079 
12 6 6 0.418876 -0.000391644 0.000104199 
13 6 6 0.419921 -0.000286727 0.00023175 
14 6 6 0.420774 3.06386e-05 -0.000116381 
15 6 6 0.420871 -0.00173899 0.00387545 
0 7 7 0.64958 -0.00111481 0.00389774 
1 7 7 0.655893 -0.000432371 0.00270859 
2 7 7 0.659314 4.51024e-05 0.00134709 
3 7 7 0.660064 0.000232756 0.000121176 
4 7 7 0.658823 0.000159345 -0.000781246 
5 7 7 0.656449 -9.67315e-05 -0.00131454 
6 7 7 0.653684 -0.000423788 -0.00150657 
7 7 7 0.651098 -0.000724571 -0.00143038 
8 7 7 0.649066 -0.00093194 -0.00115941 
9 7 7 0.647819 -0.00101568 -0.000762611 
10 7 7 0.647454 -0.000974251 -0.000299579 
11 7 7 0.647957 -0.000830666 0.000166623 
12 7 7 0.649197 -0.000623417 0.000560103 
13 7 7 0.650909 -0.000394076 0.00074727 
14 7 7 0.652493 -8.35497e-05 3.69883e-05 
15 7 7 0.654733 -0.00084263 0.00493379 
0 8 8 0.685188 -0.000159912 0.00459336 
1 8 8 0.691908 0.000261466 0.00306584 
2 8 8 0.695586 0.000431468 0.00145796 
3 8 8 0.696464 0.000339121 0.000109492 
4 8 8 0.69527 4.90845e-05 -0.000796966 
5 8 8 0.692889 -0.000344183 -0.00124838 
6 8 8 0.690103 -0.000735925 -0.00132437 
7 8 8 0.687498 -0.00104071 -0.0011355 
8 8 8 0.685465 -0.00120475 -0.000782582 
9 8 8 0.684243 -0.00120902 -0.000347024 
10 8 8 0.683938 -0.00106546 0.00010984 
11 8 8 0.684535 -0.000811106 0.00053276 
12 8 8 0.685903 -0.000500469 0.000858207 
13 8 8 0.687758 -0.000198398 0.000960005 
14 8 8 0.689492 -1.83154e-05 0.000109678 
15 8 8 0.692096 0.000803267 0.00502411 
0 9 9 0.472963 0.000521357 0.00242614 
1 9 9 0.478141 0.000584198 0.00159679 
2 9 9 0.481149 0.00045394 0.000767905 
3 9 9 0.482115 0.000184855 0.000107575 
4 9 9 0.481522 -0.000145311 -0.00030331 
5 9 9 0.479987 -0.000466011 -0.000473493 
6 9 9 0.478076 -0.000722203 -0.00045914 
7 9 9 0.476224 -0.000877278 -0.000329171 
8 9 9 0.47473 -0.000915109 -0.000142888 
9 9 9 0.473784 -0.000837326 5.70626e-05 
10 9 9 0.473482 -0.000665908 0.000243863 
11 9 9 0.473829 -0.000433835 0.000398749 
12 9 9 0.474746 -0.000185675 0.000501705 
13 9 9 0.47604 1.66767e-05 0.000499065 
14 9 9 0.477168 -5.89645e-05 -5.01753e-05 
15 9 9 0.477951 0.00174735 0.00412852 
0 10 10 0.222529 0.000287911 0.000649525 
1 10 10 0.22535 0.000282036 0.000434327 
2 10 10 0.227145 0.000193891 0.000231169 
3 10 10 0.22791 5.69164e-05 7.83957e-05 
4 10 10 0.227837 -9.06822e-05 -6.88998e-06 
5 10 10 0.227214 -0.000220439 -3.32697e-05 
6 10 10 0.226325 -0.000313313 -1.75218e-05 
7 10 10 0.225399 -0.00036037 1.93613e-05 
8 10 10 0.224599 -0.000359786 6.02369e-05 
9 10 10 0.224033 -0.000317201 9.52057e-05 
10 10 10 0.223768 -0.000241085 0.000119018 
11 10 10 0.223818 -0.000146246 0.000132041 
12 10 10 0.224157 -5.05485e-05 0.000134596 
13 10 10 0.224695 1.74108e-05 0.000117567 
14 10 10 0.225026 -9.70165e-05 -7.48948e-05 
15 10 10 0.223748 0.00178946 0.0025958 
0 11 11 0 0 0 
1 11 11 0 0 0 
2 11 11 0 0 0 
3 11 11 0 0 0 
4 11 11 0 0 0 
5 11 11 0 0 0 
6 11 11 0 0 0 
7 11 11 0 0 0 
8 11 11 0 0 0 
9 11 11 0 0 0 
10 11 11 0 0 0 
11 11 11 0 0 0 
12 11 11 0 0 0 
13 11 11 0 0 0 
14 11 11 0 0 0 
15 11 11 0 0 0 
0 12 12 0 0 0 
1 12 12 0 0 0 
2 12 12 0 0 0 
3 12 12 0 0 0 
4 12 12 0 0 0 
5 12 12 0 0 0 
6 12 12 0 0 0 
7 12 12 0 0 0 
8 12 12 0 0 0 
9 12 12 0 0 0 
10 12 12 0 0 0 
11 12 12 0 0 0 
12 12 12 0 0 0 
13 12 12 0 0 0 
14 12 12 0 0 0 
15 12 12 0 0 0 
0 13 13 0 0 0 
1 13 13 0 0 0 
2 13 13 0 0 0 
3 13 13 0 0 0 
4 13 13 0 0 0 
5 13 13 0 0 0 
6 13 13 0 0 0 
7 13 13 0 0 0 
8 13 13 0 0 0 
9 13 13 0 0 0 
10 13 13 0 0 0 
11 13 13 0 0 0 
12 13 13 0 0 0 
13 13 13 0 0 0 
14 13 13 0 0 0 
15 13 13 0 0 0 
0 14 14 0 0 0 
1 14 14 0 0 0 
2 14 14 0 0 0 
3 14 14 0 0 0 
4 14 14 0 0 0 
5 14 14 0 0 0 
6 14 14 0 0 0 
7 14 14 0 0 0 
8 14 14 0 0 0 
9 14 14 0 0 0 
10 14 14 0 0 0 
11 14 14 0 0 0 
12 14 14 0 0 0 
13 14 14 0 0 0 
14 14 14 0 0 0 
15 14 14 0 0 0 
0 15 15 0 0 0 
1 15 15 0 0 0 
2 15 15 0 0 0 
3 15 15 0 0 0 
4 15 15 0 0 0 
5 15 15 0 0 0 
6 15 15 0 0 0 
7 15 15 0 0 0 
8 15 15 0 0 0 
9 15 15 0 0 0 
10 15 15 0 0 0 
11 15 15 0 0 0 
12 15 15 0 0 0 
13 15 15 0 0 0 
14 15 15 0 0 0 
15 15 15 0 0 0 
0 0 0 0 0 0 
1 0 0 0 0 0 
2 0 0 0 0 0 
3 0 0 0 0 0 
4 0 0 0 0 0 
5 0 0 0 0 0 
6 0 0 0 0 0 
7 0 0 0 0 0 
8 0 0 0 0 0 
9 0 0 0 0 0 
10 0 0 0 0 0 
11 0 0 0 0 0 
12 0 0 0 0 0 
13 0 0 0 0 0 
14 0 0 0 0 0 
15 0 0 0 0 0 
0 1 1 0 0 0 
1 1 1 0 0 0 
2 1 1 0 0 0 
3 1 1 0 0 0 
4 1 1 0 0 0 
5 1 1 0 0 0 
6 1 1 0 0 0 
7 1 1 0 0 0 
8 1 1 0 0 0 
9 1 1 0 0 0 
10 1 1 0 0 0 
11 1 1 0 0 0 
12 1 1 0 0 0 
13 1 1 0 0 0 
14 1 1 0 0 0 
15 1 1 0 0 0 
0 2 2 0 0 0 
1 2 2 0 0 0 
2 2 2 0 0 0 
3 2 2 0 0 0 
4 2 2 0 0 0 
5 2 2 0 0 0 
6 2 2 0 0 0 
7 2 2 0 0 0 
8 2 2 0 0 0 
9 2 2 0 0 0 
10 2 2 0 0 0 
11 2 2 0 0 0 
12 2 2 0 0 0 
13 2 2 0 0 0 
14 2 2 0 0 0 
15 2 2 0 0 0 
0 3 3 0 0 0 
1 3 3 0 0 0 
2 3 3 0 0 0 
3 3 3 0 0 0 
4 3 3 0 0 0 
5 3 3 0 0 0 
6 3 3 0 0 0 
7 3 3 0 0 0 
8 3 3 0 0 0 
9 3 3 0 0 0 
10 3 3 0 0 0 
11 3 3 0 0 0 
12 3 3 0 0 0 
13 3 3 0 0 0 
14 3 3 0 0 0 
15 3 3 0 0 0 
0 4 4 0 0 0 
1 4 4 0 0 0 
2 4 4 0 0 0 
3 4 4 0 0 0 
4 4 4 0 0 0 
5 4 4 0 0 0 
6 4 4 0 0 0 
7 4 4 0 0 0 
8 4 4 0 0 0 
9 4 4 0 0 0 
10 4 4 0 0 0 
11 4 4 0 0 0 
12 4 4 0 0 0 
13 4 4 0 0 0 
14 4 4 0 0 0 
15 4 4 0 0 0 
0 5 5 0 0 0 
1 5 5 0 0 0 
2 5 5 0 0 0 
3 5 5 0 0 0 
4 5 5 0 0 0 
5 5 5 0 0 0 
6 5 5 0 0 0 
7 5 5 0 0 0 
8 5 5 0 0 0 
9 5 5 0 0 0 
10 5 5 0 0 0 
11 5 5 0 0 0 
12 5 5 0 0 0 
13 5 5 0 0 0 
14 5 5 0 0 0 
15 5 5 0 0 0 
0 6 6 0 0 0 
1 6 6 0 0 0 
2 6 6 0 0 0 
3 6 6 0 0 0 
4 6 6 0 0 0 
5 6 6 0 0 0 
6 6 6 0 0 0 
7 6 6 0 0 0 
8 6 6 0 0 0 
9 6 6 0 0 0 
10 6 6 0 0 0 
11 6 6 0 0 0 
12 6 6 0 0 0 
13 6 6 0 0 0 
14 6 6 0 0 0 
15 6 6 0 0 0 
0 7 7 0.121414 -8.88489e-05 0.000223903 
1 7 7 0.123039 -3.45346e-05 0.000180816 
2 7 7 0.124138 -1.85086e-05 0.000112819 
3 7 7 0.124666 -3.58804e-05 3.88902e-05 
4 7 7 0.124701 -7.11491e-05 -2.41703e-05 
5 7 7 0.124396 -0.000113532 -6.96196e-05 
6 7 7 0.123904 -0.000149855 -9.41745e-05 
7 7 7 0.123359 -0.000172218 -0.000100627 
8 7 7 0.122859 -0.000176452 -9.22292e-05 
9 7 7 0.122473 -0.000163121 -7.38385e-05 
10 7 7 0.122243 -0.000135428 -4.82107e-05 
11 7 7 0.122187 -9.90567e-05 -1.94177e-05 
12 7 7 0.122294 -6.11792e-05 7.63658e-06 
13 7 7 0.122522 -3.12178e-05 2.24792e-05 
14 7 7 0.1226 -1.51644e-05 -6.97028e-05 
15 7 7 0.120974 -0.000497574 0.00223175 
0 8 8 0.129599 -0.000144457 0.000283149 
1 8 8 0.131341 -6.83551e-05 0.000213748 
2 8 8 0.13251 -3.39399e-05 0.00013126 
3 8 8 0.133065 -3.81307e-05 5.44182e-05 
4 8 8 0.133094 -6.80813e-05 -2.84228e-06 
5 8 8 0.13276 -0.00011055 -3.81248e-05 
6 8 8 0.13223 -0.000150316 -5.22017e-05 
7 8 8 0.131649 -0.000177406 -5.10675e-05 
8 8 8 0.131121 -0.000186135 -3.98261e-05 
9 8 8 0.130717 -0.000176227 -2.35746e-05 
10 8 8 0.130484 -0.000150464 -4.44692e-06 
11 8 8 0.130438 -0.000114591 1.49952e-05 
12 8 8 0.130567 -7.51998e-05 3.1969e-05 
13 8 8 0.130823 -3.83071e-05 3.71833e-05 
14 8 8 0.130919 -6.79849e-06 -6.94552e-05 
15 8 8 0.129272 0.000405722 0.0023672 
0 9 9 0 0 0 
1 9 9 0 0 0 
2 9 9 0 0 0 
3 9 9 0 0 0 
4 9 9 0 0 0 
5 9 9 0 0 0 
6 9 9 0 0 0 
7 9 9 0 0 0 
8 9 9 0 0 0 
9 9 9 0 0 0 
10 9 9 0 0 0 
11 9 9 0 0 0 
12 9 9 0 0 0 
13 9 9 0 0 0 
14 9 9 0 0 0 
15 9 9 0 0 0 
0 10 10 0 0 0 
1 10 10 0 0 0 
2 10 10 0 0 0 
3 10 10 0 0 0 
4 10 10 0 0 0 
5 10 10 0 0 0 
6 10 10 0 0 0 
7 10 10 0 0 0 
8 10 10 0 0 0 
9 10 10 0 0 0 
10 10 10 0 0 0 
11 10 10 0 0 0 
12 10 10 0 0 0 
13 10 10 0 0 0 
14 10 10 0 0 0 
15 10 10 0 0 0 
0 11 11 0 0 0 
1 11 11 0 0 0 
2 11 11 0 0 0 
3 11 11 0 0 0 
4 11 11 0 0 0 
5 11 11 0 0 0 
6 11 11 0 0 0 
7 11 11 0 0 0 
8 11 11 0 0 0 
9 11 11 0 0 0 
10 11 11 0 0 0 
11 11 11 0 0 0 
12 11 11 0 0 0 
13 11 11 0 0 0 
14 11 11 0 0 0 
15 11 11 0 0 0 
0 12 12 0 0 0 
1 12 12 0 0 0 
2 12 12 0 0 0 
3 12 12 0 0 0 
4 12 12 0 0 0 
5 12 12 0 0 0 
6 12 12 0 0 0 
7 12 12 0 0 0 
8 12 12 0 0 0 
9 12 12 0 0 0 
10 12 12 0 0 0 
11 12 12 0 0 0 
12 12 12 0 0 0 
13 12 12 0 0 0 
14 12 12 0 0 0 
15 12 12 0 0 0 
0 13 13 0 0 0 
1 13 13 0 0 0 
2 13 13 0 0 0 
3 13 13 0 0 0 
4 13 13 0 0 0 
5 13 13 0 0 0 
6 13 13 0 0 0 
7 13 13 0 0 0 
8 13 13 0 0 0 
9 13 13 0 0 0 
10 13 13 0 0 0 
11 13 13 0 0 0 
12 13 13 0 0 0 
13 13 13 0 0 0 
14 13 13 0 0 0 
15 13 13 0 0 0 
0 14 14 0 0 0 
1 14 14 0 0 0 
2 14 14 0 0 0 
3 14 14 0 0 0 
4 14 14 0 0 0 
5 14 14 0 0 0 
6 14 14 0 0 0 
7 14 14 0 0 0 
8 14 14 0 0 0 
9 14 14 0 0 0 
10 14 14 0 0 0 
11 14 14 0 0 0 
12 14 14 0 0 0 
13 14 14 0 0 0 
14 14 14 0 0 0 
15 14 14 0 0 0 
0 15 15 0 0 0 
1 15 15 0 0 0 
2 15 15 0 0 0 
3 15 15 0 0 0 
4 15 15 0 0 0 
5 15 15 0 0 0 
6 15 15 0 0 0 
7 15 15 0 0 0 
8 15 15 0 0 0 
9 15 15 0 0 0 
10 15 15 0 0 0 
11 15 15 0 0 0 
12 15 15 0 0 0 
13 15 15 0 0 0 
14 15 15 0 0 0 
15 15 15 0 0 0 
0 0 0 0 0 0 
1 0 0 0 0 0 
2 0 0 0 0 0 
3 0 0 0 0 0 
4 0 0 0 0 0 
5 0 0 0 0 0 
6 0 0 0 0 0 
7 0 0 0 0 0 
8 0 0 0 0 0 
9 0 0 0 0 0 
10 0 0 0 0 0 
11 0 0 0 0 0 
12 0 0 0 0 0 
13 0 0 0 0 0 
14 0 0 0 0 0 
15 0 0 0 0 0 
0 1 1 0 0 0 
1 1 1 0 0 0 
2 1 1 0 0 0 
3 1 1 0 0 0 
4 1 1 0 0 0 
5 1 1 0 0 0 
6 1 1 0 0 0 
7 1 1 0 0 0 
8 1 1 0 0 0 
9 1 1 0 0 0 
10 1 1 0 0 0 
11 1 1 0 0 0 
12 1 1 0 0 0 
13 1 1 0 0 0 
14 1 1 0 0 0 
15 1 1 0 0 0 
0 2 2 0 0 0 
1 2 2 0 0 0 
2 2 2 0 0 0 
3 2 2 0 0 0 
4 2 2 0 0 0 
5 2 2 0 0 0 
6 2 2 0 0 0 
7 2 2 0 0 0 
8 2 2 0 0 0 
9 2 2 0 0 0 
10 2 2 0 0 0 
11 2 2 0 0 0 
12 2 2 0 0 0 
13 2 2 0 0 0 
14 2 2 0 0 0 
15 2 2 0 0 0 
0 3 3 0 0 0 
1 3 3 0 0 0 
2 3 3 0 0 0 
3 3 3 0 0 0 
4 3 3 0 0 0 
5 3 3 0 0 0 
6 3 3 0 0 0 
7 3 3 0 0 0 
8 3 3 0 0 0 
9 3 3 0 0 0 
10 3 3 0 0 0 
11 3 3 0 0 0 
12 3 3 0 0 0 
13 3 3 0 0 0 
14 3 3 0 0 0 
15 3 3 0 0 0 
0 4 4 0 0 0 
1 4 4 0 0 0 
2 4 4 0 0 0 
3 4 4 0 0 0 
4 4 4 0 0 0 
5 4 4 0 0 0 
6 4 4 0 0 0 
7 4 4 0 0 0 
8 4 4 0 0 0 
9 4 4 0 0 0 
10 4 4 0 0 0 
11 4 4 0 0 0 
12 4 4 0 0 0 
13 4 4 0 0 0 
14 4 4 0 0 0 
15 4 4 0 0 0 
0 5 5 0 0 0 
1 5 5 0 0 0 
2 5 5 0 0 0 
3 5 5 0 0 0 
4 5 5 0 0 0 
5 5 5 0 0 0 
6 5 5 0 0 0 
7 5 5 0 0 0 
8 5 5 0 0 0 
9 5 5 0 0 0 
10 5 5 0 0 0 
11 5 5 0 0 0 
12 5 5 0 0 0 
13 5 5 0 0 0 
14 5 5 0 0 0 
15 5 5 0 0 0 
0 6 6 0 0 0 
1 6 6 0 0 0 
2 6 6 0 0 0 
3 6 6 0 0 0 
4 6 6 0 0 0 
5 6 6 0 0 0 
6 6 6 0 0 0 
7 6 6 0 0 0 
8 6 6 0 0 0 
9 6 6 0 0 0 
10 6 6 0 0 0 
11 6 6 0 0 0 
12 6 6 0 0 0 
13 6 6 0 0 0 
14 6 6 0 0 0 
15 6 6 0 0 0 
0 7 7 0 0 0 
1 7 7 0 0 0 
2 7 7 0 0 0 
3 7 7 0 0 0 
4 7 7 0 0 0 
5 7 7 0 0 0 
6 7 7 0 0 0 
7 7 7 0 0 0 
8 7 7 0 0 0 
9 7 7 0 0 0 
10 7 7 0 0 0 
11 7 7 0 0 0 
12 7 7 0 0 0 
13 7 7 0 0 0 
14 7 7 0 0 0 
15 7 7 0 0 0 
0 8 8 0 0 0 
1 8 8 0 0 0 
2 8 8 0 0 0 
3 8 8 0 0 0 
4 8 8 0 0 0 
5 8 8 0 0 0 
6 8 8 0 0 0 
7 8 8 0 0 0 
8 8 8 0 0 0 
9 8 8 0 0 0 
10 8 8 0 0 0 
11 8 8 0 0 0 
12 8 8 0 0 0 
13 8 8 0 0 0 
14 8 8 0 0 0 
15 8 8 0 0 0 
0 9 9 0 0 0 
1 9 9 0 0 0 
2 9 9 0 0 0 
3 9 9 0 0 0 
4 9 9 0 0 0 
5 9 9 0 0 0 
6 9 9 0 0 0 
7 9 9 0 0 0 
8 9 9 0 0 0 
9 9 9 0 0 0 
10 9 9 0 0 0 
11 9 9 0 0 0 
12 9 9 0 0 0 
13 9 9 0 0 0 
14 9 9 0 0 0 
15 9 9 0 0 0 
0 10 10 0 0 0 
1 10 10 0 0 0 
2 10 10 0 0 0 
3 10 10 0 0 0 
4 10 10 0 0 0 
5 10 10 0 0 0 
6 10 10 0 0 0 
7 10 10 0 0 0 
8 10 10 0 0 0 
9 10 10 0 0 0 
10 10 10 0 0 0 
11 10 10 0 0 0 
12 10 10 0 0 0 
13 10 10 0 0 0 
14 10 10 0 0 0 
15 10 10 0 0 0 
0 11 11 0 0 0 
1 11 11 0 0 0 
2 11 11 0 0 0 
3 11 11 0 0 0 
4 11 11 0 0 0 
5 11 11 0 0 0 
6 11 11 0 0 0 
7 11 11 0 0 0 
8 11 11 0 0 0 
9 11 11 0 0 0 
10 11 11 0 0 0 
11 11 11 0 0 0 
12 11 11 0 0 0 
13 11 11 0 0 0 
14 11 11 0 0 0 
15 11 11 0 0 0 
0 12 12 0 0 0 
1 12 12 0 0 0 
2 12 12 0 0 0 
3 12 12 0 0 0 
4 12 12 0 0 0 
5 12 12 0 0 0 
6 12 12 0 0 0 
7 12 12 0 0 0 
8 12 12 0 0 0 
9 12 12 0 0 0 
10 12 12 0 0 0 
11 12 12 0 0 0 
12 12 12 0 0 0 
13 12 12 0 0 0 
14 12 12 0 0 0 
15 12 12 0 0 0 
0 13 13 0 0 0 
1 13 13 0 0 0 
2 13 13 0 0 0 
3 13 13 0 0 0 
4 13 13 0 0 0 
5 13 13 0 0 0 
6 13 13 0 0 0 
7 13 13 0 0 0 
8 13 13 0 0 0 
9 13 13 0 0 0 
10 13 13 0 0 0 
11 13 13 0 0 0 
12 13 13 0 0 0 
13 13 13 0 0 0 
14 13 13 0 0 0 
15 13 13 0 0 0 
0 14 14 0 0 0 
1 14 14 0 0 0 
2 14 14 0 0 0 
3 14 14 0 0 0 
4 14 14 0 0 0 
5 14 14 0 0 0 
6 14 14 0 0 0 
7 14 14 0 0 0 
8 14 14 0 0 0 
9 14 14 0 0 0 
10 14 14 0 0 0 
11 14 14 0 0 0 
12 14 14 0 0 0 
13 14 14 0 0 0 
14 14 14 0 0 0 
15 14 14 0 0 0 
0 15 15 0 0 0 
1 15 15 0 0 0 
2 15 15 0 0 0 
3 15 15 0 0 0 
4 15 15 0 0 0 
5 15 15 0 0 0 
6 15 15 0 0 0 
7 15 15 0 0 0 
8 15 15 0 0 0 
9 15 15 0 0 0 
10 15 15 0 0 0 
11 15 15 0 0 0 
12 15 15 0 0 0 
13 15 15 0 0 0 
14 15 15 0 0 0 
15 15 15 0 0 0 
0 0 0 0 0 0 
1 0 0 0 0 0 
2 0 0 0 0 0 
3 0 0 0 0 0 
4 0 0 0 0 0 
5 0 0 0 0 0 
6 0 0 0 0 0 
7 0 0 0 0 0 
8 0 0 0 0 0 
9 0 0 0 0 0 
10 0 0 0 0 0 
11 0 0 0 0 0 
12 0 0 0 0 0 
13 0 0 0 0 0 
14 0 0 0 0 0 
15 0 0 0 0 0 
0 1 1 0 0 0 
1 1 1 0 0 0 
2 1 1 0 0 0 
3 1 1 0 0 0 
4 1 1 0 0 0 
5 1 1 0 0 0 
6 1 1 0 0 0 
7 1 1 0 0 0 
8 1 1 0 0 0 
9 1 1 0 0 0 
10 1 1 0 0 0 
11 1 1 0 0 0 
12 1 1 0 0 0 
13 1 1 0 0 0 
14 1 1 0 0 0 
15 1 1 0 0 0 
0 2 2 0 0 0 
1 2 2 0 0 0 
2 2 2 0 0 0 
3 2 2 0 0 0 
4 2 2 0 0 0 
5 2 2 0 0 0 
6 2 2 0 0 0 
7 2 2 0 0 0 
8 2 2 0 0 0 
9 2 2 0 0 0 
10 2 2 0 0 0 
11 2 2 0 0 0 
12 2 2 0 0 0 
13 2 2 0 0 0 
14 2 2 0 0 0 
15 2 2 0 0 0 
0 3 3 0 0 0 
1 3 3 0 0 0 
2 3 3 0 0 0 
3 3 3 0 0 0 
4 3 3 0 0 0 
5 3 3 0 0 0 
6 3 3 0 0 0 
7 3 3 0 0 0 
8 3 3 0 0 0 
9 3 3 0 0 0 
10 3 3 0 0 0 
11 3 3 0 0 0 
12 3 3 0 0 0 
13 3 3 0 0 0 
14 3 3 0 0 0 
15 3 3 0 0 0 
0 4 4 0 0 0 
1 4 4 0 0 0 
2 4 4 0 0 0 
3 4 4 0 0 0 
4 4 4 0 0 0 
5 4 4 0 0 0 
6 4 4 0 0 0 
7 4 4 0 0 0 
8 4 4 0 0 0 
9 4 4 0 0 0 
10 4 4 0 0 0 
11 4 4 0 0 0 
12 4 4 0 0 0 
13 4 4 0 0 0 
14 4 4 0 0 0 
15 4 4 0 0 0 
0 5 5 0 0 0 
1 5 5 0 0 0 
2 5 5 0 0 0 
3 5 5 0 0 0 
4 5 5 0 0 0 
5 5 5 0 0 0 
6 5 5 0 0 0 
7 5 5 0 0 0 
8 5 5 0 0 0 
9 5 5 0 0 0 
10 5 5 0 0 0 
11 5 5 0 0 0 
12 5 5 0 0 0 
13 5 5 0 0 0 
14 5 5 0 0 0 
15 5 5 0 0 0 
0 6 6 0 0 0 
1 6 6 0 0 0 
2 6 6 0 0 0 
3 6 6 0 0 0 
4 6 6 0 0 0 
5 6 6 0 0 0 
6 6 6 0 0 0 
7 6 6 0 0 0 
8 6 6 0 0 0 
9 6 6 0 0 0 
10 6 6 0 0 0 
11 6 6 0 0 0 
12 6 6 0 0 0 
13 6 6 0 0 0 
14 6 6 0 0 0 
15 6 6 0 0 0 
0 7 7 0 0 0 
1 7 7 0 0 0 
2 7 7 0 0 0 
3 7 7 0 0 0 
4 7 7 0 0 0 
5 7 7 0 0 0 
6 7 7 0 0 0 
7 7 7 0 0 0 
8 7 7 0 0 0 
9 7 7 0 0 0 
10 7 7 0 0 0 
11 7 7 0 0 0 
12 7 7 0 0 0 
13 7 7 0 0 0 
14 7 7 0 0 0 
15 7 7 0 0 0 
0 8 8 0 0 0 
1 8 8 0 0 0 
2 8 8 0 0 0 
3 8 8 0 0 0 
4 8 8 0 0 0 
5 8 8 0 0 0 
6 8 8 0 0 0 
7 8 8 0 0 0 
8 8 8 0 0 0 
9 8 8 0 0 0 
10 8 8 0 0 0 
11 8 8 0 0 0 
12 8 8 0 0 0 
13 8 8 0 0 0 
14 8 8 0 0 0 
15 8 8 0 0 0 
0 9 9 0 0 0 
1 9 9 0 0 0 
2 9 9 0 0 0 
3 9 9 0 0 0 
4 9 9 0 0 0 
5 9 9 0 0 0 
6 9 9 0 0 0 
7 9 9 0 0 0 
8 9 9 0 0 0 
9 9 9 0 0 0 
10 9 9 0 0 0 
11 9 9 0 0 0 
12 9 9 0 0 0 
13 9 9 0 0 0 
14 9 9 0 0 0 
15 9 9 0 0 0 
0 10 10 0 0 0 
1 10 10 0 0 0 
2 10 10 0 0 0 
3 10 10 0 0 0 
4 10 10 0 0 0 
5 10 10 0 0 0 
6 10 10 0 0 0 
7 10 10 0 0 0 
8 10 10 0 0 0 
9 10 10 0 0 0 
10 10 10 0 0 0 
11 10 10 0 0 0 
12 10 10 0 0 0 
13 10 10 0 0 0 
14 10 10 0 0 0 
15 10 10 0 0 0 
0 11 11 0 0 0 
1 11 11 0 0 0 
2 11 11 0 0 0 
3 11 11 0 0 0 
4 11 11 0 0 0 
5 11 11 0 0 0 
6 11 11 0 0 0 
7 11 11 0 0 0 
8 11 11 0 0 0 
9 11 11 0 0 0 
10 11 11 0 0 0 
11 11 11 0 0 0 
12 11 11 0 0 0 
13 11 11 0 0 0 
14 11 11 0 0 0 
15 11 11 0 0 0 
0 12 12 0 0 0 
1 12 12 0 0 0 
2 12 12 0 0 0 
3 12 12 0 0 0 
4 12 12 0 0 0 
5 12 12 0 0 0 
6 12 12 0 0 0 
7 12 12 0 0 0 
8 12 12 0 0 0 
9 12 12 0 0 0 
10 12 12 0 0 0 
11 12 12 0 0 0 
12 12 12 0 0 0 
13 12 12 0 0 0 
14 12 12 0 0 0 
15 12 12 0 0 0 
0 13 13 0 0 0 
1 13 13 0 0 0 
2 13 13 0 0 0 
3 13 13 0 0 0 
4 13 13 0 0 0 
5 13 13 0 0 0 
6 13 13 0 0 0 
7 13 13 0 0 0 
8 13 13 0 0 0 
9 13 13 0 0 0 
10 13 13 0 0 0 
11 13 13 0 0 0 
12 13 13 0 0 0 
13 13 13 0 0 0 
14 13 13 0 0 0 
15 13 13 0 0 0 
0 14 14 0 0 0 
1 14 14 0 0 0 
2 14 14 0 0 0 
3 14 14 0 0 0 
4 14 14 0 0 0 
5 14 14 0 0 0 
6 14 14 0 0 0 
7 14 14 0 0 0 
8 14 14 0 0 0 
9 14 14 0 0 0 
10 14 14 0 0 0 
11 14 14 0 0 0 
12 14 14 0 0 0 
13 14 14 0 0 0 
14 14 14 0 0 0 
15 14 14 0 0 0 
0 15 15 0 0 0 
1 15 15 0 0 0 
2 15 15 0 0 0 
3 15 15 0 0 0 
4 15 15 0 0 0 
5 15 15 0 0 0 
6 15 15 0 0 0 
7 15 15 0 0 0 
8 15 15 0 0 0 
9 15 15 0 0 0 
10 15 15 0 0 0 
11 15 15 0 0 0 
12 15 15 0 0 0 
13 15 15 0 0 0 
14 15 15 0 0 0 
15 15 15 0 0 0 
0 0 0 0 0 0 
1 0 0 0 0 0 
2 0 0 0 0 0 
3 0 0 0 0 0 
4 0 0 0 0 0 
5 0 0 0 0 0 
6 0 0 0 0 0 
7 0 0 0 0 0 
8 0 0 0 0 0 
9 0 0 0 0 0 
10 0 0 0 0 0 
11 0 0 0 0 0 
12 0 0 0 0 0 
13 0 0 0 0 0 
14 0 0 0 0 0 
15 0 0 0 0 0 
0 1 1 0 0 0 
1 1 1 0 0 0 
2 1 1 0 0 0 
3 1 1 0 0 0 
4 1 1 0 0 0 
5 1 1 0 0 0 
6 1 1 0 0 0 
7 1 1 0 0 0 
8 1 1 0 0 0 
9 1 1 0 0 0 
10 1 1 0 0 0 
11 1 1 0 0 0 
12 1 1 0 0 0 
13 1 1 0 0 0 
14 1 1 0 0 0 
15 1 1 0 0 0 
0 2 2 0 0 0 
1 2 2 0 0 0 
2 2 2 0 0 0 
3 2 2 0 0 0 
4 2 2 0 0 0 
5 2 2 0 0 0 
6 2 2 0 0 0 
7 2 2 0 0 0 
8 2 2 0 0 0 
9 2 2 0 0 0 
10 2 2 0 0 0 
11 2 2 0 0 0 
12 2 2 0 0 0 
13 2 2 0 0 0 
14 2 2 0 0 0 
15 2 2 0 0 0 
0 3 3 0 0 0 
1 3 3 0 0 0 
2 3 3 0 0 0 
3 3 3 0 0 0 
4 3 3 0 0 0 
5 3 3 0 0 0 
6 3 3 0 0 0 
7 3 3 0 0 0 
8 3 3 0 0 0 
9 3 3 0 0 0 
10 3 3 0 0 0 
11 3 3 0 0 0 
12 3 3 0 0 0 
13 3 3 0 0 0 
14 3 3 0 0 0 
15 3 3 0 0 0 
0 4 4 0 0 0 
1 4 4 0 0 0 
2 4 4 0 0 0 
3 4 4 0 0 0 
4 4 4 0 0 0 
5 4 4 0 0 0 
6 4 4 0 0 0 
7 4 4 0 0 0 
8 4 4 0 0 0 
9 4 4 0 0 0 
10 4 4 0 0 0 
11 4 4 0 0 0 
12 4 4 0 0 0 
13 4 4 0 0 0 
14 4 4 0 0 0 
15 4 4 0 0 0 
0 5 5 0 0 0 
1 5 5 0 0 0 
2 5 5 0 0 0 
3 5 5 0 0 0 
4 5 5 0 0 0 
5 5 5 0 0 0 
6 5 5 0 0 0 
7 5 5 0 0 0 
8 5 5 0 0 0 
9 5 5 0 0 0 
10 5 5 0 0 0 
11 5 5 0 0 0 
12 5 5 0 0 0 
13 5 5 0 0 0 
14 5 5 0 0 0 
15 5 5 0 0 0 
0 6 6 0 0 0 
1 6 6 0 0 0 
2 6 6 0 0 0 
3 6 6 0 0 0 
4 6 6 0 0 0 
5 6 6 0 0 0 
6 6 6 0 0 0 
7 6 6 0 0 0 
8 6 6 0 0 0 
9 6 6 0 0 0 
10 6 6 0 0 0 
11 6 6 0 0 0 
12 6 6 0 0 0 
13 6 6 0 0 0 
14 6 6 0 0 0 
15 6 6 0 0 0 
0 7 7 0 0 0 
1 7 7 0 0 0 
2 7 7 0 0 0 
3 7 7 0 0 0 
4 7 7 0 0 0 
5 7 7 0 0 0 
6 7 7 0 0 0 
7 7 7 0 0 0 
8 7 7 0 0 0 
9 7 7 0 0 0 
10 7 7 0 0 0 
11 7 7 0 0 0 
12 7 7 0 0 0 
13 7 7 0 0 0 
14 7 7 0 0 0 
15 7 7 0 0 0 
0 8 8 0 0 0 
1 8 8 0 0 0 
2 8 8 0 0 0 
3 8 8 0 0 0 
4 8 8 0 0 0 
5 8 8 0 0 0 
6 8 8 0 0 0 
7 8 8 0 0 0 
8 8 8 0 0 0 
9 8 8 0 0 0 
10 8 8 0 0 0 
11 8 8 0 0 0 
12 8 8 0 0 0 
13 8 8 0 0 0 
14 8 8 0 0 0 
15 8 8 0 0 0 
0 9 9 0 0 0 
1 9 9 0 0 0 
2 9 9 0 0 0 
3 9 9 0 0 0 
4 9 9 0 0 0 
5 9 9 0 0 0 
6 9 9 0 0 0 
7 9 9 0 0 0 
8 9 9 0 0 0 
9 9 9 0 0 0 
10 9 9 0 0 0 
11 9 9 0 0 0 
12 9 9 0 0 0 
13 9 9 0 0 0 
14 9 9 0 0 0 
15 9 9 0 0 0 
0 10 10 0 0 0 
1 10 10 0 0 0 
2 10 10 0 0 0 
3 10 10 0 0 0 
4 10 10 0 0 0 
5 10 10 0 0 0 
6 10 10 0 0 0 
7 10 10 0 0 0 
8 10 10 0 0 0 
9 10 10 0 0 0 
10 10 10 0 0 0 
11 10 10 0 0 0 
12 10 10 0 0 0 
13 10 10 0 0 0 
14 10 10 0 0 0 
15 10 10 0 0 0 
0 11 11 0 0 0 
1 11 11 0 0 0 
2 11 11 0 0 0 
3 11 11 0 0 0 
4 11 11 0 0 0 
5 11 11 0 0 0 
6 11 11 0 0 0 
7 11 11 0 0 0 
8 11 11 0 0 0 
9 11 11 0 0 0 
10 11 11 0 0 0 
11 11 11 0 0 0 
12 11 11 0 0 0 
13 11 11 0 0 0 
14 11 11 0 0 0 
15 11 11 0 0 0 
0 12 12 0 0 0 
1 12 12 0 0 0 
2 12 12 0 0 0 
3 12 12 0 0 0 
4 12 12 0 0 0 
5 12 12 0 0 0 
6 12 12 0 0 0 
7 12 12 0 0 0 
8 12 12 0 0 0 
9 12 12 0 0 0 
10 12 12 0 0 0 
11 12 12 0 0 0 
12 12 12 0 0 0 
13 12 12 0 0 0 
14 12 12 0 0 0 
15 12 12 0 0 0 
0 13 13 0 0 0 
1 13 13 0 0 0 
2 13 13 0 0 0 
3 13 13 0 0 0 
4 13 13 0 0 0 
5 13 13 0 0 0 
6 13 13 0 0 0 
7 13 13 0 0 0 
8 13 13 0 0 0 
9 13 13 0 0 0 
10 13 13 0 0 0 
11 13 13 0 0 0 
12 13 13 0 0 0 
13 13 13 0 0 0 
14 13 13 0 0 0 
15 13 13 0 0 0 
0 14 14 0 0 0 
1 14 14 0 0 0 
2 14 14 0 0 0 
3 14 14 0 0 0 
4 14 14 0 0 0 
5 14 14 0 0 0 
6 14 14 0 0 0 
7 14 14 0 0 0 
8 14 14 0 0 0 
9 14 14 0 0 0 
10 14 14 0 0 0 
11 14 14 0 0 0 
12 14 14 0 0 0 
13 14 14 0 0 0 
14 14 14 0 0 0 
15 14 14 0 0 0 
0 15 15 0 0 0 
1 15 15 0 0 0 
2 15 15 0 0 0 
3 15 15 0 0 0 
4 15 15 0 0 0 
5 15 15 0 0 0 
6 15 15 0 0 0 
7 15 15 0 0 0 
8 15 15 0 0 0 
9 15 15 0 0 0 
10 15 15 0 0 0 
11 15 15 0 0 0 
12 15 15 0 0 0 
13 15 15 0 0 0 
14 15 15 0 0 0 
15 15 15 0 0 0 
