0 0 0 0 0 0 
1 0 0 0 0 0 
2 0 0 0 0 0 
3 0 0 0 0 0 
4 0 0 0 0 0 
5 0 0 0 0 0 
6 0 0 0 0 0 
7 0 0 0 0 0 
8 0 0 0 0 0 
9 0 0 0 0 0 
10 0 0 0 0 0 
11 0 0 0 0 0 
12 0 0 0 0 0 
13 0 0 0 0 0 
14 0 0 0 0 0 
15 0 0 0 0 0 
0 1 1 0 0 0 
1 1 1 0 0 0 
2 1 1 0 0 0 
3 1 1 0 0 0 
4 1 1 0 0 0 
5 1 1 0 0 0 
6 1 1 0 0 0 
7 1 1 0 0 0 
8 1 1 0 0 0 
9 1 1 0 0 0 
10 1 1 0 0 0 
11 1 1 0 0 0 
12 1 1 0 0 0 
13 1 1 0 0 0 
14 1 1 0 0 0 
15 1 1 0 0 0 
0 2 2 0 0 0 
1 2 2 0 0 0 
2 2 2 0 0 0 
3 2 2 0 0 0 
4 2 2 0 0 0 
5 2 2 0 0 0 
6 2 2 0 0 0 
7 2 2 0 0 0 
8 2 2 0 0 0 
9 2 2 0 0 0 
10 2 2 0 0 0 
11 2 2 0 0 0 
12 2 2 0 0 0 
13 2 2 0 0 0 
14 2 2 0 0 0 
15 2 2 0 0 0 
0 3 3 0 0 0 
1 3 3 0 0 0 
2 3 3 0 0 0 
3 3 3 0 0 0 
4 3 3 0 0 0 
5 3 3 0 0 0 
6 3 3 0 0 0 
7 3 3 0 0 0 
8 3 3 0 0 0 
9 3 3 0 0 0 
10 3 3 0 0 0 
11 3 3 0 0 0 
12 3 3 0 0 0 
13 3 3 0 0 0 
14 3 3 0 0 0 
15 3 3 0 0 0 
0 4 4 0 0 0 
1 4 4 0 0 0 
2 4 4 0 0 0 
3 4 4 0 0 0 
4 4 4 0 0 0 
5 4 4 0 0 0 
6 4 4 0 0 0 
7 4 4 0 0 0 
8 4 4 0 0 0 
9 4 4 0 0 0 
10 4 4 0 0 0 
11 4 4 0 0 0 
12 4 4 0 0 0 
13 4 4 0 0 0 
14 4 4 0 0 0 
15 4 4 0 0 0 
0 5 5 0 0 0 
1 5 5 0 0 0 
2 5 5 0 0 0 
3 5 5 0 0 0 
4 5 5 0 0 0 
5 5 5 0 0 0 
6 5 5 0 0 0 
7 5 5 0 0 0 
8 5 5 0 0 0 
9 5 5 0 0 0 
10 5 5 0 0 0 
11 5 5 0 0 0 
12 5 5 0 0 0 
13 5 5 0 0 0 
14 5 5 0 0 0 
15 5 5 0 0 0 
0 6 6 0 0 0 
1 6 6 0 0 0 
2 6 6 0 0 0 
3 6 6 0 0 0 
4 6 6 0 0 0 
5 6 6 0 0 0 
6 6 6 0 0 0 
7 6 6 0 0 0 
8 6 6 0 0 0 
9 6 6 0 0 0 
10 6 6 0 0 0 
11 6 6 0 0 0 
12 6 6 0 0 0 
13 6 6 0 0 0 
14 6 6 0 0 0 
15 6 6 0 0 0 
0 7 7 0 0 0 
1 7 7 0 0 0 
2 7 7 0 0 0 
3 7 7 0 0 0 
4 7 7 0 0 0 
5 7 7 0 0 0 
6 7 7 0 0 0 
7 7 7 0 0 0 
8 7 7 0 0 0 
9 7 7 0 0 0 
10 7 7 0 0 0 
11 7 7 0 0 0 
12 7 7 0 0 0 
13 7 7 0 0 0 
14 7 7 0 0 0 
15 7 7 0 0 0 
0 8 8 0 0 0 
1 8 8 0 0 0 
2 8 8 0 0 0 
3 8 8 0 0 0 
4 8 8 0 0 0 
5 8 8 0 0 0 
6 8 8 0 0 0 
7 8 8 0 0 0 
8 8 8 0 0 0 
9 8 8 0 0 0 
10 8 8 0 0 0 
11 8 8 0 0 0 
12 8 8 0 0 0 
13 8 8 0 0 0 
14 8 8 0 0 0 
15 8 8 0 0 0 
0 9 9 0 0 0 
1 9 9 0 0 0 
2 9 9 0 0 0 
3 9 9 0 0 0 
4 9 9 0 0 0 
5 9 9 0 0 0 
6 9 9 0 0 0 
7 9 9 0 0 0 
8 9 9 0 0 0 
9 9 9 0 0 0 
10 9 9 0 0 0 
11 9 9 0 0 0 
12 9 9 0 0 0 
13 9 9 0 0 0 
14 9 9 0 0 0 
15 9 9 0 0 0 
0 10 10 0 0 0 
1 10 10 0 0 0 
2 10 10 0 0 0 
3 10 10 0 0 0 
4 10 10 0 0 0 
5 10 10 0 0 0 
6 10 10 0 0 0 
7 10 10 0 0 0 
8 10 10 0 0 0 
9 10 10 0 0 0 
10 10 10 0 0 0 
11 10 10 0 0 0 
12 10 10 0 0 0 
13 10 10 0 0 0 
14 10 10 0 0 0 
15 10 10 0 0 0 
0 11 11 0 0 0 
1 11 11 0 0 0 
2 11 11 0 0 0 
3 11 11 0 0 0 
4 11 11 0 0 0 
5 11 11 0 0 0 
6 11 11 0 0 0 
7 11 11 0 0 0 
8 11 11 0 0 0 
9 11 11 0 0 0 
10 11 11 0 0 0 
11 11 11 0 0 0 
12 11 11 0 0 0 
13 11 11 0 0 0 
14 11 11 0 0 0 
15 11 11 0 0 0 
0 12 12 0 0 0 
1 12 12 0 0 0 
2 12 12 0 0 0 
3 12 12 0 0 0 
4 12 12 0 0 0 
5 12 12 0 0 0 
6 12 12 0 0 0 
7 12 12 0 0 0 
8 12 12 0 0 0 
9 12 12 0 0 0 
10 12 12 0 0 0 
11 12 12 0 0 0 
12 12 12 0 0 0 
13 12 12 0 0 0 
14 12 12 0 0 0 
15 12 12 0 0 0 
0 13 13 0 0 0 
1 13 13 0 0 0 
2 13 13 0 0 0 
3 13 13 0 0 0 
4 13 13 0 0 0 
5 13 13 0 0 0 
6 13 13 0 0 0 
7 13 13 0 0 0 
8 13 13 0 0 0 
9 13 13 0 0 0 
10 13 13 0 0 0 
11 13 13 0 0 0 
12 13 13 0 0 0 
13 13 13 0 0 0 
14 13 13 0 0 0 
15 13 13 0 0 0 
0 14 14 0 0 0 
1 14 14 0 0 0 
2 14 14 0 0 0 
3 14 14 0 0 0 
4 14 14 0 0 0 
5 14 14 0 0 0 
6 14 14 0 0 0 
7 14 14 0 0 0 
8 14 14 0 0 0 
9 14 14 0 0 0 
10 14 14 0 0 0 
11 14 14 0 0 0 
12 14 14 0 0 0 
13 14 14 0 0 0 
14 14 14 0 0 0 
15 14 14 0 0 0 
0 15 15 0 0 0 
1 15 15 0 0 0 
2 15 15 0 0 0 
3 15 15 0 0 0 
4 15 15 0 0 0 
5 15 15 0 0 0 
6 15 15 0 0 0 
7 15 15 0 0 0 
8 15 15 0 0 0 
9 15 15 0 0 0 
10 15 15 0 0 0 
11 15 15 0 0 0 
12 15 15 0 0 0 
13 15 15 0 0 0 
14 15 15 0 0 0 
15 15 15 0 0 0 
0 0 0 0 0 0 
1 0 0 0 0 0 
2 0 0 0 0 0 
3 0 0 0 0 0 
4 0 0 0 0 0 
5 0 0 0 0 0 
6 0 0 0 0 0 
7 0 0 0 0 0 
8 0 0 0 0 0 
9 0 0 0 0 0 
10 0 0 0 0 0 
11 0 0 0 0 0 
12 0 0 0 0 0 
13 0 0 0 0 0 
14 0 0 0 0 0 
15 0 0 0 0 0 
0 1 1 0 0 0 
1 1 1 0 0 0 
2 1 1 0 0 0 
3 1 1 0 0 0 
4 1 1 0 0 0 
5 1 1 0 0 0 
6 1 1 0 0 0 
7 1 1 0 0 0 
8 1 1 0 0 0 
9 1 1 0 0 0 
10 1 1 0 0 0 
11 1 1 0 0 0 
12 1 1 0 0 0 
13 1 1 0 0 0 
14 1 1 0 0 0 
15 1 1 0 0 0 
0 2 2 0 0 0 
1 2 2 0 0 0 
2 2 2 0 0 0 
3 2 2 0 0 0 
4 2 2 0 0 0 
5 2 2 0 0 0 
6 2 2 0 0 0 
7 2 2 0 0 0 
8 2 2 0 0 0 
9 2 2 0 0 0 
10 2 2 0 0 0 
11 2 2 0 0 0 
12 2 2 0 0 0 
13 2 2 0 0 0 
14 2 2 0 0 0 
15 2 2 0 0 0 
0 3 3 0 0 0 
1 3 3 0 0 0 
2 3 3 0 0 0 
3 3 3 0 0 0 
4 3 3 0 0 0 
5 3 3 0 0 0 
6 3 3 0 0 0 
7 3 3 0 0 0 
8 3 3 0 0 0 
9 3 3 0 0 0 
10 3 3 0 0 0 
11 3 3 0 0 0 
12 3 3 0 0 0 
13 3 3 0 0 0 
14 3 3 0 0 0 
15 3 3 0 0 0 
0 4 4 0 0 0 
1 4 4 0 0 0 
2 4 4 0 0 0 
3 4 4 0 0 0 
4 4 4 0 0 0 
5 4 4 0 0 0 
6 4 4 0 0 0 
7 4 4 0 0 0 
8 4 4 0 0 0 
9 4 4 0 0 0 
10 4 4 0 0 0 
11 4 4 0 0 0 
12 4 4 0 0 0 
13 4 4 0 0 0 
14 4 4 0 0 0 
15 4 4 0 0 0 
0 5 5 0 0 0 
1 5 5 0 0 0 
2 5 5 0 0 0 
3 5 5 0 0 0 
4 5 5 0 0 0 
5 5 5 0 0 0 
6 5 5 0 0 0 
7 5 5 0 0 0 
8 5 5 0 0 0 
9 5 5 0 0 0 
10 5 5 0 0 0 
11 5 5 0 0 0 
12 5 5 0 0 0 
13 5 5 0 0 0 
14 5 5 0 0 0 
15 5 5 0 0 0 
0 6 6 0 0 0 
1 6 6 0 0 0 
2 6 6 0 0 0 
3 6 6 0 0 0 
4 6 6 0 0 0 
5 6 6 0 0 0 
6 6 6 0 0 0 
7 6 6 0 0 0 
8 6 6 0 0 0 
9 6 6 0 0 0 
10 6 6 0 0 0 
11 6 6 0 0 0 
12 6 6 0 0 0 
13 6 6 0 0 0 
14 6 6 0 0 0 
15 6 6 0 0 0 
0 7 7 0 0 0 
1 7 7 0 0 0 
2 7 7 0 0 0 
3 7 7 0 0 0 
4 7 7 0 0 0 
5 7 7 0 0 0 
6 7 7 0 0 0 
7 7 7 0 0 0 
8 7 7 0 0 0 
9 7 7 0 0 0 
10 7 7 0 0 0 
11 7 7 0 0 0 
12 7 7 0 0 0 
13 7 7 0 0 0 
14 7 7 0 0 0 
15 7 7 0 0 0 
0 8 8 0 0 0 
1 8 8 0 0 0 
2 8 8 0 0 0 
3 8 8 0 0 0 
4 8 8 0 0 0 
5 8 8 0 0 0 
6 8 8 0 0 0 
7 8 8 0 0 0 
8 8 8 0 0 0 
9 8 8 0 0 0 
10 8 8 0 0 0 
11 8 8 0 0 0 
12 8 8 0 0 0 
13 8 8 0 0 0 
14 8 8 0 0 0 
15 8 8 0 0 0 
0 9 9 0 0 0 
1 9 9 0 0 0 
2 9 9 0 0 0 
3 9 9 0 0 0 
4 9 9 0 0 0 
5 9 9 0 0 0 
6 9 9 0 0 0 
7 9 9 0 0 0 
8 9 9 0 0 0 
9 9 9 0 0 0 
10 9 9 0 0 0 
11 9 9 0 0 0 
12 9 9 0 0 0 
13 9 9 0 0 0 
14 9 9 0 0 0 
15 9 9 0 0 0 
0 10 10 0 0 0 
1 10 10 0 0 0 
2 10 10 0 0 0 
3 10 10 0 0 0 
4 10 10 0 0 0 
5 10 10 0 0 0 
6 10 10 0 0 0 
7 10 10 0 0 0 
8 10 10 0 0 0 
9 10 10 0 0 0 
10 10 10 0 0 0 
11 10 10 0 0 0 
12 10 10 0 0 0 
13 10 10 0 0 0 
14 10 10 0 0 0 
15 10 10 0 0 0 
0 11 11 0 0 0 
1 11 11 0 0 0 
2 11 11 0 0 0 
3 11 11 0 0 0 
4 11 11 0 0 0 
5 11 11 0 0 0 
6 11 11 0 0 0 
7 11 11 0 0 0 
8 11 11 0 0 0 
9 11 11 0 0 0 
10 11 11 0 0 0 
11 11 11 0 0 0 
12 11 11 0 0 0 
13 11 11 0 0 0 
14 11 11 0 0 0 
15 11 11 0 0 0 
0 12 12 0 0 0 
1 12 12 0 0 0 
2 12 12 0 0 0 
3 12 12 0 0 0 
4 12 12 0 0 0 
5 12 12 0 0 0 
6 12 12 0 0 0 
7 12 12 0 0 0 
8 12 12 0 0 0 
9 12 12 0 0 0 
10 12 12 0 0 0 
11 12 12 0 0 0 
12 12 12 0 0 0 
13 12 12 0 0 0 
14 12 12 0 0 0 
15 12 12 0 0 0 
0 13 13 0 0 0 
1 13 13 0 0 0 
2 13 13 0 0 0 
3 13 13 0 0 0 
4 13 13 0 0 0 
5 13 13 0 0 0 
6 13 13 0 0 0 
7 13 13 0 0 0 
8 13 13 0 0 0 
9 13 13 0 0 0 
10 13 13 0 0 0 
11 13 13 0 0 0 
12 13 13 0 0 0 
13 13 13 0 0 0 
14 13 13 0 0 0 
15 13 13 0 0 0 
0 14 14 0 0 0 
1 14 14 0 0 0 
2 14 14 0 0 0 
3 14 14 0 0 0 
4 14 14 0 0 0 
5 14 14 0 0 0 
6 14 14 0 0 0 
7 14 14 0 0 0 
8 14 14 0 0 0 
9 14 14 0 0 0 
10 14 14 0 0 0 
11 14 14 0 0 0 
12 14 14 0 0 0 
13 14 14 0 0 0 
14 14 14 0 0 0 
15 14 14 0 0 0 
0 15 15 0 0 0 
1 15 15 0 0 0 
2 15 15 0 0 0 
3 15 15 0 0 0 
4 15 15 0 0 0 
5 15 15 0 0 0 
6 15 15 0 0 0 
7 15 15 0 0 0 
8 15 15 0 0 0 
9 15 15 0 0 0 
10 15 15 0 0 0 
11 15 15 0 0 0 
12 15 15 0 0 0 
13 15 15 0 0 0 
14 15 15 0 0 0 
15 15 15 0 0 0 
0 0 0 0 0 0 
1 0 0 0 0 0 
2 0 0 0 0 0 
3 0 0 0 0 0 
4 0 0 0 0 0 
5 0 0 0 0 0 
6 0 0 0 0 0 
7 0 0 0 0 0 
8 0 0 0 0 0 
9 0 0 0 0 0 
10 0 0 0 0 0 
11 0 0 0 0 0 
12 0 0 0 0 0 
13 0 0 0 0 0 
14 0 0 0 0 0 
15 0 0 0 0 0 
0 1 1 0 0 0 
1 1 1 0 0 0 
2 1 1 0 0 0 
3 1 1 0 0 0 
4 1 1 0 0 0 
5 1 1 0 0 0 
6 1 1 0 0 0 
7 1 1 0 0 0 
8 1 1 0 0 0 
9 1 1 0 0 0 
10 1 1 0 0 0 
11 1 1 0 0 0 
12 1 1 0 0 0 
13 1 1 0 0 0 
14 1 1 0 0 0 
15 1 1 0 0 0 
0 2 2 0 0 0 
1 2 2 0 0 0 
2 2 2 0 0 0 
3 2 2 0 0 0 
4 2 2 0 0 0 
5 2 2 0 0 0 
6 2 2 0 0 0 
7 2 2 0 0 0 
8 2 2 0 0 0 
9 2 2 0 0 0 
10 2 2 0 0 0 
11 2 2 0 0 0 
12 2 2 0 0 0 
13 2 2 0 0 0 
14 2 2 0 0 0 
15 2 2 0 0 0 
0 3 3 0 0 0 
1 3 3 0 0 0 
2 3 3 0 0 0 
3 3 3 0 0 0 
4 3 3 0 0 0 
5 3 3 0 0 0 
6 3 3 0 0 0 
7 3 3 0 0 0 
8 3 3 0 0 0 
9 3 3 0 0 0 
10 3 3 0 0 0 
11 3 3 0 0 0 
12 3 3 0 0 0 
13 3 3 0 0 0 
14 3 3 0 0 0 
15 3 3 0 0 0 
0 4 4 0 0 0 
1 4 4 0 0 0 
2 4 4 0 0 0 
3 4 4 0 0 0 
4 4 4 0 0 0 
5 4 4 0 0 0 
6 4 4 0 0 0 
7 4 4 0 0 0 
8 4 4 0 0 0 
9 4 4 0 0 0 
10 4 4 0 0 0 
11 4 4 0 0 0 
12 4 4 0 0 0 
13 4 4 0 0 0 
14 4 4 0 0 0 
15 4 4 0 0 0 
0 5 5 0 0 0 
1 5 5 0 0 0 
2 5 5 0 0 0 
3 5 5 0 0 0 
4 5 5 0 0 0 
5 5 5 0 0 0 
6 5 5 0 0 0 
7 5 5 0 0 0 
8 5 5 0 0 0 
9 5 5 0 0 0 
10 5 5 0 0 0 
11 5 5 0 0 0 
12 5 5 0 0 0 
13 5 5 0 0 0 
14 5 5 0 0 0 
15 5 5 0 0 0 
0 6 6 0 0 0 
1 6 6 0 0 0 
2 6 6 0 0 0 
3 6 6 0 0 0 
4 6 6 0 0 0 
5 6 6 0 0 0 
6 6 6 0 0 0 
7 6 6 0 0 0 
8 6 6 0 0 0 
9 6 6 0 0 0 
10 6 6 0 0 0 
11 6 6 0 0 0 
12 6 6 0 0 0 
13 6 6 0 0 0 
14 6 6 0 0 0 
15 6 6 0 0 0 
0 7 7 0 0 0 
1 7 7 0 0 0 
2 7 7 0 0 0 
3 7 7 0 0 0 
4 7 7 0 0 0 
5 7 7 0 0 0 
6 7 7 0 0 0 
7 7 7 0 0 0 
8 7 7 0 0 0 
9 7 7 0 0 0 
10 7 7 0 0 0 
11 7 7 0 0 0 
12 7 7 0 0 0 
13 7 7 0 0 0 
14 7 7 0 0 0 
15 7 7 0 0 0 
0 8 8 0 0 0 
1 8 8 0 0 0 
2 8 8 0 0 0 
3 8 8 0 0 0 
4 8 8 0 0 0 
5 8 8 0 0 0 
6 8 8 0 0 0 
7 8 8 0 0 0 
8 8 8 0 0 0 
9 8 8 0 0 0 
10 8 8 0 0 0 
11 8 8 0 0 0 
12 8 8 0 0 0 
13 8 8 0 0 0 
14 8 8 0 0 0 
15 8 8 0 0 0 
0 9 9 0 0 0 
1 9 9 0 0 0 
2 9 9 0 0 0 
3 9 9 0 0 0 
4 9 9 0 0 0 
5 9 9 0 0 0 
6 9 9 0 0 0 
7 9 9 0 0 0 
8 9 9 0 0 0 
9 9 9 0 0 0 
10 9 9 0 0 0 
11 9 9 0 0 0 
12 9 9 0 0 0 
13 9 9 0 0 0 
14 9 9 0 0 0 
15 9 9 0 0 0 
0 10 10 0 0 0 
1 10 10 0 0 0 
2 10 10 0 0 0 
3 10 10 0 0 0 
4 10 10 0 0 0 
5 10 10 0 0 0 
6 10 10 0 0 0 
7 10 10 0 0 0 
8 10 10 0 0 0 
9 10 10 0 0 0 
10 10 10 0 0 0 
11 10 10 0 0 0 
12 10 10 0 0 0 
13 10 10 0 0 0 
14 10 10 0 0 0 
15 10 10 0 0 0 
0 11 11 0 0 0 
1 11 11 0 0 0 
2 11 11 0 0 0 
3 11 11 0 0 0 
4 11 11 0 0 0 
5 11 11 0 0 0 
6 11 11 0 0 0 
7 11 11 0 0 0 
8 11 11 0 0 0 
9 11 11 0 0 0 
10 11 11 0 0 0 
11 11 11 0 0 0 
12 11 11 0 0 0 
13 11 11 0 0 0 
14 11 11 0 0 0 
15 11 11 0 0 0 
0 12 12 0 0 0 
1 12 12 0 0 0 
2 12 12 0 0 0 
3 12 12 0 0 0 
4 12 12 0 0 0 
5 12 12 0 0 0 
6 12 12 0 0 0 
7 12 12 0 0 0 
8 12 12 0 0 0 
9 12 12 0 0 0 
10 12 12 0 0 0 
11 12 12 0 0 0 
12 12 12 0 0 0 
13 12 12 0 0 0 
14 12 12 0 0 0 
15 12 12 0 0 0 
0 13 13 0 0 0 
1 13 13 0 0 0 
2 13 13 0 0 0 
3 13 13 0 0 0 
4 13 13 0 0 0 
5 13 13 0 0 0 
6 13 13 0 0 0 
7 13 13 0 0 0 
8 13 13 0 0 0 
9 13 13 0 0 0 
10 13 13 0 0 0 
11 13 13 0 0 0 
12 13 13 0 0 0 
13 13 13 0 0 0 
14 13 13 0 0 0 
15 13 13 0 0 0 
0 14 14 0 0 0 
1 14 14 0 0 0 
2 14 14 0 0 0 
3 14 14 0 0 0 
4 14 14 0 0 0 
5 14 14 0 0 0 
6 14 14 0 0 0 
7 14 14 0 0 0 
8 14 14 0 0 0 
9 14 14 0 0 0 
10 14 14 0 0 0 
11 14 14 0 0 0 
12 14 14 0 0 0 
13 14 14 0 0 0 
14 14 14 0 0 0 
15 14 14 0 0 0 
0 15 15 0 0 0 
1 15 15 0 0 0 
2 15 15 0 0 0 
3 15 15 0 0 0 
4 15 15 0 0 0 
5 15 15 0 0 0 
6 15 15 0 0 0 
7 15 15 0 0 0 
8 15 15 0 0 0 
9 15 15 0 0 0 
10 15 15 0 0 0 
11 15 15 0 0 0 
12 15 15 0 0 0 
13 15 15 0 0 0 
14 15 15 0 0 0 
15 15 15 0 0 0 
0 0 0 0 0 0 
1 0 0 0 0 0 
2 0 0 0 0 0 
3 0 0 0 0 0 
4 0 0 0 0 0 
5 0 0 0 0 0 
6 0 0 0 0 0 
7 0 0 0 0 0 
8 0 0 0 0 0 
9 0 0 0 0 0 
10 0 0 0 0 0 
11 0 0 0 0 0 
12 0 0 0 0 0 
13 0 0 0 0 0 
14 0 0 0 0 0 
15 0 0 0 0 0 
0 1 1 0 0 0 
1 1 1 0 0 0 
2 1 1 0 0 0 
3 1 1 0 0 0 
4 1 1 0 0 0 
5 1 1 0 0 0 
6 1 1 0 0 0 
7 1 1 0 0 0 
8 1 1 0 0 0 
9 1 1 0 0 0 
10 1 1 0 0 0 
11 1 1 0 0 0 
12 1 1 0 0 0 
13 1 1 0 0 0 
14 1 1 0 0 0 
15 1 1 0 0 0 
0 2 2 0 0 0 
1 2 2 0 0 0 
2 2 2 0 0 0 
3 2 2 0 0 0 
4 2 2 0 0 0 
5 2 2 0 0 0 
6 2 2 0 0 0 
7 2 2 0 0 0 
8 2 2 0 0 0 
9 2 2 0 0 0 
10 2 2 0 0 0 
11 2 2 0 0 0 
12 2 2 0 0 0 
13 2 2 0 0 0 
14 2 2 0 0 0 
15 2 2 0 0 0 
0 3 3 0 0 0 
1 3 3 0 0 0 
2 3 3 0 0 0 
3 3 3 0 0 0 
4 3 3 0 0 0 
5 3 3 0 0 0 
6 3 3 0 0 0 
7 3 3 0 0 0 
8 3 3 0 0 0 
9 3 3 0 0 0 
10 3 3 0 0 0 
11 3 3 0 0 0 
12 3 3 0 0 0 
13 3 3 0 0 0 
14 3 3 0 0 0 
15 3 3 0 0 0 
0 4 4 0 0 0 
1 4 4 0 0 0 
2 4 4 0 0 0 
3 4 4 0 0 0 
4 4 4 0 0 0 
5 4 4 0 0 0 
6 4 4 0 0 0 
7 4 4 0 0 0 
8 4 4 0 0 0 
9 4 4 0 0 0 
10 4 4 0 0 0 
11 4 4 0 0 0 
12 4 4 0 0 0 
13 4 4 0 0 0 
14 4 4 0 0 0 
15 4 4 0 0 0 
0 5 5 0 0 0 
1 5 5 0 0 0 
2 5 5 0 0 0 
3 5 5 0 0 0 
4 5 5 0 0 0 
5 5 5 0 0 0 
6 5 5 0 0 0 
7 5 5 0 0 0 
8 5 5 0 0 0 
9 5 5 0 0 0 
10 5 5 0 0 0 
11 5 5 0 0 0 
12 5 5 0 0 0 
13 5 5 0 0 0 
14 5 5 0 0 0 
15 5 5 0 0 0 
0 6 6 0 0 0 
1 6 6 0 0 0 
2 6 6 0 0 0 
3 6 6 0 0 0 
4 6 6 0 0 0 
5 6 6 0 0 0 
6 6 6 0 0 0 
7 6 6 0 0 0 
8 6 6 0 0 0 
9 6 6 0 0 0 
10 6 6 0 0 0 
11 6 6 0 0 0 
12 6 6 0 0 0 
13 6 6 0 0 0 
14 6 6 0 0 0 
15 6 6 0 0 0 
0 7 7 0.151521 -0.000261554 -6.31836e-05 
1 7 7 0.152699 -0.000211292 -0.00011922 
2 7 7 0.154112 -0.000136151 -0.000158293 
3 7 7 0.155562 -6.00229e-05 -0.000169603 
4 7 7 0.156831 -2.15301e-06 -0.000150698 
5 7 7 0.15776 3.19222e-05 -0.000108883 
6 7 7 0.158271 5.93478e-05 -6.0164e-05 
7 7 7 0.158396 0.000136973 -2.87771e-05 
8 7 7 0.158421 0.000378723 -6.65265e-05 
9 7 7 0.158827 7.73644e-05 1.33194e-05 
10 7 7 0.157777 -0.000909204 0.000281954 
11 7 7 0.156845 -0.00037121 9.84748e-05 
12 7 7 0.156809 -6.05385e-05 2.51936e-05 
13 7 7 0.156726 -6.6352e-05 3.25322e-05 
14 7 7 0.156483 -9.52477e-05 0.000101147 
15 7 7 0.154943 -0.000966485 -0.0036396 
0 8 8 0.162558 -0.000340283 -0.000170666 
1 8 8 0.163863 -0.000273336 -0.000212561 
2 8 8 0.165406 -0.000188589 -0.000226963 
3 8 8 0.166973 -9.91229e-05 -0.000210814 
4 8 8 0.168341 -2.42125e-05 -0.000168543 
5 8 8 0.169343 2.6919e-05 -0.000109984 
6 8 8 0.169913 6.49255e-05 -4.91456e-05 
7 8 8 0.17011 0.00011904 2.39645e-06 
8 8 8 0.170146 0.000178335 3.14158e-05 
9 8 8 0.170127 -5.23352e-05 2.97168e-05 
10 8 8 0.169469 -0.00048822 2.08621e-05 
11 8 8 0.16865 -0.000362286 1.26148e-05 
12 8 8 0.168345 -0.000137538 1.0017e-05 
13 8 8 0.16822 -9.408e-05 9.37851e-06 
14 8 8 0.167981 -0.00011078 7.34876e-05 
15 8 8 0.166499 0.000594288 -0.00386078 
0 9 9 0 0 0 
1 9 9 0 0 0 
2 9 9 0 0 0 
3 9 9 0 0 0 
4 9 9 0 0 0 
5 9 9 0 0 0 
6 9 9 0 0 0 
7 9 9 0 0 0 
8 9 9 0 0 0 
9 9 9 0 0 0 
10 9 9 0 0 0 
11 9 9 0 0 0 
12 9 9 0 0 0 
13 9 9 0 0 0 
14 9 9 0 0 0 
15 9 9 0 0 0 
0 10 10 0 0 0 
1 10 10 0 0 0 
2 10 10 0 0 0 
3 10 10 0 0 0 
4 10 10 0 0 0 
5 10 10 0 0 0 
6 10 10 0 0 0 
7 10 10 0 0 0 
8 10 10 0 0 0 
9 10 10 0 0 0 
10 10 10 0 0 0 
11 10 10 0 0 0 
12 10 10 0 0 0 
13 10 10 0 0 0 
14 10 10 0 0 0 
15 10 10 0 0 0 
0 11 11 0 0 0 
1 11 11 0 0 0 
2 11 11 0 0 0 
3 11 11 0 0 0 
4 11 11 0 0 0 
5 11 11 0 0 0 
6 11 11 0 0 0 
7 11 11 0 0 0 
8 11 11 0 0 0 
9 11 11 0 0 0 
10 11 11 0 0 0 
11 11 11 0 0 0 
12 11 11 0 0 0 
13 11 11 0 0 0 
14 11 11 0 0 0 
15 11 11 0 0 0 
0 12 12 0 0 0 
1 12 12 0 0 0 
2 12 12 0 0 0 
3 12 12 0 0 0 
4 12 12 0 0 0 
5 12 12 0 0 0 
6 12 12 0 0 0 
7 12 12 0 0 0 
8 12 12 0 0 0 
9 12 12 0 0 0 
10 12 12 0 0 0 
11 12 12 0 0 0 
12 12 12 0 0 0 
13 12 12 0 0 0 
14 12 12 0 0 0 
15 12 12 0 0 0 
0 13 13 0 0 0 
1 13 13 0 0 0 
2 13 13 0 0 0 
3 13 13 0 0 0 
4 13 13 0 0 0 
5 13 13 0 0 0 
6 13 13 0 0 0 
7 13 13 0 0 0 
8 13 13 0 0 0 
9 13 13 0 0 0 
10 13 13 0 0 0 
11 13 13 0 0 0 
12 13 13 0 0 0 
13 13 13 0 0 0 
14 13 13 0 0 0 
15 13 13 0 0 0 
0 14 14 0 0 0 
1 14 14 0 0 0 
2 14 14 0 0 0 
3 14 14 0 0 0 
4 14 14 0 0 0 
5 14 14 0 0 0 
6 14 14 0 0 0 
7 14 14 0 0 0 
8 14 14 0 0 0 
9 14 14 0 0 0 
10 14 14 0 0 0 
11 14 14 0 0 0 
12 14 14 0 0 0 
13 14 14 0 0 0 
14 14 14 0 0 0 
15 14 14 0 0 0 
0 15 15 0 0 0 
1 15 15 0 0 0 
2 15 15 0 0 0 
3 15 15 0 0 0 
4 15 15 0 0 0 
5 15 15 0 0 0 
6 15 15 0 0 0 
7 15 15 0 0 0 
8 15 15 0 0 0 
9 15 15 0 0 0 
10 15 15 0 0 0 
11 15 15 0 0 0 
12 15 15 0 0 0 
13 15 15 0 0 0 
14 15 15 0 0 0 
15 15 15 0 0 0 
0 0 0 0 0 0 
1 0 0 0 0 0 
2 0 0 0 0 0 
3 0 0 0 0 0 
4 0 0 0 0 0 
5 0 0 0 0 0 
6 0 0 0 0 0 
7 0 0 0 0 0 
8 0 0 0 0 0 
9 0 0 0 0 0 
10 0 0 0 0 0 
11 0 0 0 0 0 
12 0 0 0 0 0 
13 0 0 0 0 0 
14 0 0 0 0 0 
15 0 0 0 0 0 
0 1 1 0 0 0 
1 1 1 0 0 0 
2 1 1 0 0 0 
3 1 1 0 0 0 
4 1 1 0 0 0 
5 1 1 0 0 0 
6 1 1 0 0 0 
7 1 1 0 0 0 
8 1 1 0 0 0 
9 1 1 0 0 0 
10 1 1 0 0 0 
11 1 1 0 0 0 
12 1 1 0 0 0 
13 1 1 0 0 0 
14 1 1 0 0 0 
15 1 1 0 0 0 
0 2 2 0 0 0 
1 2 2 0 0 0 
2 2 2 0 0 0 
3 2 2 0 0 0 
4 2 2 0 0 0 
5 2 2 0 0 0 
6 2 2 0 0 0 
7 2 2 0 0 0 
8 2 2 0 0 0 
9 2 2 0 0 0 
10 2 2 0 0 0 
11 2 2 0 0 0 
12 2 2 0 0 0 
13 2 2 0 0 0 
14 2 2 0 0 0 
15 2 2 0 0 0 
0 3 3 0 0 0 
1 3 3 0 0 0 
2 3 3 0 0 0 
3 3 3 0 0 0 
4 3 3 0 0 0 
5 3 3 0 0 0 
6 3 3 0 0 0 
7 3 3 0 0 0 
8 3 3 0 0 0 
9 3 3 0 0 0 
10 3 3 0 0 0 
11 3 3 0 0 0 
12 3 3 0 0 0 
13 3 3 0 0 0 
14 3 3 0 0 0 
15 3 3 0 0 0 
0 4 4 0 0 0 
1 4 4 0 0 0 
2 4 4 0 0 0 
3 4 4 0 0 0 
4 4 4 0 0 0 
5 4 4 0 0 0 
6 4 4 0 0 0 
7 4 4 0 0 0 
8 4 4 0 0 0 
9 4 4 0 0 0 
10 4 4 0 0 0 
11 4 4 0 0 0 
12 4 4 0 0 0 
13 4 4 0 0 0 
14 4 4 0 0 0 
15 4 4 0 0 0 
0 5 5 0.256678 -0.000687411 0.000158386 
1 5 5 0.258639 -0.000592834 -3.00971e-05 
2 5 5 0.260965 -0.000477509 -0.000172474 
3 5 5 0.263303 -0.000354168 -0.0002419 
4 5 5 0.265295 -0.000235952 -0.000233961 
5 5 5 0.266687 -0.000145175 -0.000160203 
6 5 5 0.267363 -0.000111538 -3.23858e-05 
7 5 5 0.267347 -0.000215338 0.000179518 
8 5 5 0.266964 -0.000789104 0.000702745 
9 5 5 0.267628 -0.000685149 0.000939756 
10 5 5 0.265506 0.00160314 -0.00103773 
11 5 5 0.264275 0.000232597 -0.000263656 
12 5 5 0.264554 -0.000277804 0.00020385 
13 5 5 0.264414 -0.000231924 0.000219045 
14 5 5 0.264045 -7.45901e-05 0.000245921 
15 5 5 0.262751 -0.00304967 -0.00409709 
0 6 6 0.551237 -0.00166909 -0.000571411 
1 6 6 0.555535 -0.00153314 -0.000970962 
2 6 6 0.560411 -0.00124981 -0.00122453 
3 6 6 0.565104 -0.000878154 -0.00124685 
4 6 6 0.568904 -0.000497201 -0.00104255 
5 6 6 0.571364 -0.000183633 -0.000678387 
6 6 6 0.572325 1.7473e-05 -0.000237042 
7 6 6 0.571722 0.000102634 0.000287554 
8 6 6 0.568432 0.000339484 0.00186101 
9 6 6 0.573738 0.00268054 0.00719368 
10 6 6 0.563439 -0.00210989 -0.00500818 
11 6 6 0.564028 -0.00105985 -0.0017602 
12 6 6 0.566283 -0.000590911 7.43981e-05 
13 6 6 0.56606 -0.000464377 0.000354003 
14 6 6 0.565542 -0.000275267 0.000550051 
15 6 6 0.566534 -0.00322219 -0.0058507 
0 7 7 0.873068 -0.00225057 -0.00259638 
1 7 7 0.879858 -0.00204706 -0.00325472 
2 7 7 0.88724 -0.00160973 -0.00345958 
3 7 7 0.89417 -0.000998142 -0.00315721 
4 7 7 0.899664 -0.000373613 -0.00242695 
5 7 7 0.903132 0.000127161 -0.00146395 
6 7 7 0.904453 0.000471138 -0.000494535 
7 7 7 0.903881 0.000831176 0.000321135 
8 7 7 0.90199 0.00201889 0.0010731 
9 7 7 0.901936 0.00287075 0.00210826 
10 7 7 0.899398 -0.00345094 0.000951603 
11 7 7 0.89565 -0.00292195 0.000293742 
12 7 7 0.895238 -0.00114523 0.000334165 
13 7 7 0.894951 -0.000719929 0.000356517 
14 7 7 0.894713 -0.000683428 0.000612201 
15 7 7 0.89712 -0.0022351 -0.00723268 
0 8 8 0.91806 -0.00165471 -0.00360446 
1 8 8 0.925381 -0.00122935 -0.0042282 
2 8 8 0.933259 -0.000743068 -0.00424375 
3 8 8 0.940582 -0.000219783 -0.00367711 
4 8 8 0.946393 0.000233821 -0.00268307 
5 8 8 0.950124 0.000530359 -0.00151268 
6 8 8 0.951724 0.000669753 -0.000423478 
7 8 8 0.951621 0.000746074 0.000409367 
8 8 8 0.950662 0.000811995 0.000906753 
9 8 8 0.949627 0.00024455 0.00102835 
10 8 8 0.947593 -0.00130587 0.000840373 
11 8 8 0.944737 -0.00182267 0.000564554 
12 8 8 0.943019 -0.0013063 0.000321284 
13 8 8 0.942412 -0.000925939 0.000137562 
14 8 8 0.942281 -0.000880795 0.00032059 
15 8 8 0.944973 0.000308652 -0.00759961 
0 9 9 0.628871 -0.000685189 -0.002133 
1 9 9 0.634142 -0.000254111 -0.00235961 
2 9 9 0.639876 0.000116686 -0.00227363 
3 9 9 0.645241 0.000390212 -0.00190393 
4 9 9 0.649555 0.000535875 -0.00134412 
5 9 9 0.652423 0.000542687 -0.000726347 
6 9 9 0.653808 0.000448603 -0.000180497 
7 9 9 0.653985 0.000299299 0.000207706 
8 9 9 0.653396 8.36387e-05 0.00039732 
9 9 9 0.652373 -0.000298956 0.000377641 
10 9 9 0.65097 -0.000765922 0.000215547 
11 9 9 0.649443 -0.000963094 5.57411e-05 
12 9 9 0.648311 -0.000843472 -4.4357e-05 
13 9 9 0.647739 -0.000669923 -0.000109802 
14 9 9 0.647461 -0.000674935 7.29214e-05 
15 9 9 0.648881 0.00228829 -0.00675136 
0 10 10 0.28698 -0.000226998 -0.000629687 
1 10 10 0.289395 -2.63727e-05 -0.00064771 
2 10 10 0.29215 0.000134312 -0.000595951 
3 10 10 0.294835 0.000233497 -0.000484764 
4 10 10 0.297097 0.000265159 -0.000337475 
5 10 10 0.2987 0.000233817 -0.000182798 
6 10 10 0.299582 0.000161488 -5.32216e-05 
7 10 10 0.299834 6.74965e-05 3.00157e-05 
8 10 10 0.299628 -4.42165e-05 5.5322e-05 
9 10 10 0.299128 -0.000177538 2.46131e-05 
10 10 10 0.298458 -0.000296388 -3.42974e-05 
11 10 10 0.297764 -0.000339897 -7.89555e-05 
12 10 10 0.297208 -0.000307518 -9.57133e-05 
13 10 10 0.296855 -0.000254737 -9.67369e-05 
14 10 10 0.296515 -0.000301807 8.84561e-06 
15 10 10 0.295755 0.00283866 -0.00447673 
0 11 11 0 0 0 
1 11 11 0 0 0 
2 11 11 0 0 0 
3 11 11 0 0 0 
4 11 11 0 0 0 
5 11 11 0 0 0 
6 11 11 0 0 0 
7 11 11 0 0 0 
8 11 11 0 0 0 
9 11 11 0 0 0 
10 11 11 0 0 0 
11 11 11 0 0 0 
12 11 11 0 0 0 
13 11 11 0 0 0 
14 11 11 0 0 0 
15 11 11 0 0 0 
0 12 12 0 0 0 
1 12 12 0 0 0 
2 12 12 0 0 0 
3 12 12 0 0 0 
4 12 12 0 0 0 
5 12 12 0 0 0 
6 12 12 0 0 0 
7 12 12 0 0 0 
8 12 12 0 0 0 
9 12 12 0 0 0 
10 12 12 0 0 0 
11 12 12 0 0 0 
12 12 12 0 0 0 
13 12 12 0 0 0 
14 12 12 0 0 0 
15 12 12 0 0 0 
0 13 13 0 0 0 
1 13 13 0 0 0 
2 13 13 0 0 0 
3 13 13 0 0 0 
4 13 13 0 0 0 
5 13 13 0 0 0 
6 13 13 0 0 0 
7 13 13 0 0 0 
8 13 13 0 0 0 
9 13 13 0 0 0 
10 13 13 0 0 0 
11 13 13 0 0 0 
12 13 13 0 0 0 
13 13 13 0 0 0 
14 13 13 0 0 0 
15 13 13 0 0 0 
0 14 14 0 0 0 
1 14 14 0 0 0 
2 14 14 0 0 0 
3 14 14 0 0 0 
4 14 14 0 0 0 
5 14 14 0 0 0 
6 14 14 0 0 0 
7 14 14 0 0 0 
8 14 14 0 0 0 
9 14 14 0 0 0 
10 14 14 0 0 0 
11 14 14 0 0 0 
12 14 14 0 0 0 
13 14 14 0 0 0 
14 14 14 0 0 0 
15 14 14 0 0 0 
0 15 15 0 0 0 
1 15 15 0 0 0 
2 15 15 0 0 0 
3 15 15 0 0 0 
4 15 15 0 0 0 
5 15 15 0 0 0 
6 15 15 0 0 0 
7 15 15 0 0 0 
8 15 15 0 0 0 
9 15 15 0 0 0 
10 15 15 0 0 0 
11 15 15 0 0 0 
12 15 15 0 0 0 
13 15 15 0 0 0 
14 15 15 0 0 0 
15 15 15 0 0 0 
0 0 0 0 0 0 
1 0 0 0 0 0 
2 0 0 0 0 0 
3 0 0 0 0 0 
4 0 0 0 0 0 
5 0 0 0 0 0 
6 0 0 0 0 0 
7 0 0 0 0 0 
8 0 0 0 0 0 
9 0 0 0 0 0 
10 0 0 0 0 0 
11 0 0 0 0 0 
12 0 0 0 0 0 
13 0 0 0 0 0 
14 0 0 0 0 0 
15 0 0 0 0 0 
0 1 1 0 0 0 
1 1 1 0 0 0 
2 1 1 0 0 0 
3 1 1 0 0 0 
4 1 1 0 0 0 
5 1 1 0 0 0 
6 1 1 0 0 0 
7 1 1 0 0 0 
8 1 1 0 0 0 
9 1 1 0 0 0 
10 1 1 0 0 0 
11 1 1 0 0 0 
12 1 1 0 0 0 
13 1 1 0 0 0 
14 1 1 0 0 0 
15 1 1 0 0 0 
0 2 2 0 0 0 
1 2 2 0 0 0 
2 2 2 0 0 0 
3 2 2 0 0 0 
4 2 2 0 0 0 
5 2 2 0 0 0 
6 2 2 0 0 0 
7 2 2 0 0 0 
8 2 2 0 0 0 
9 2 2 0 0 0 
10 2 2 0 0 0 
11 2 2 0 0 0 
12 2 2 0 0 0 
13 2 2 0 0 0 
14 2 2 0 0 0 
15 2 2 0 0 0 
0 3 3 0 0 0 
1 3 3 0 0 0 
2 3 3 0 0 0 
3 3 3 0 0 0 
4 3 3 0 0 0 
5 3 3 0 0 0 
6 3 3 0 0 0 
7 3 3 0 0 0 
8 3 3 0 0 0 
9 3 3 0 0 0 
10 3 3 0 0 0 
11 3 3 0 0 0 
12 3 3 0 0 0 
13 3 3 0 0 0 
14 3 3 0 0 0 
15 3 3 0 0 0 
0 4 4 0.245586 -0.000403521 0.000221913 
1 4 4 0.247449 -0.000435905 7.01816e-05 
2 4 4 0.249667 -0.000411006 -6.57212e-05 
3 4 4 0.251893 -0.000350983 -0.000141849 
4 4 4 0.253803 -0.000268494 -0.00014748 
5 4 4 0.255162 -0.000184 -9.02107e-05 
6 4 4 0.255883 -0.000121619 1.58725e-05 
7 4 4 0.256056 -0.000104168 0.000156017 
8 4 4 0.25593 -0.000109381 0.000270333 
9 4 4 0.255615 1.42078e-05 0.00016322 
10 4 4 0.254755 0.000227801 -9.32721e-05 
11 4 4 0.253718 0.000168555 -3.67201e-05 
12 4 4 0.253138 7.55023e-06 0.000139671 
13 4 4 0.25285 -4.79541e-05 0.000186375 
14 4 4 0.252495 5.44188e-05 0.000211227 
15 4 4 0.251157 -0.0041409 -0.00273149 
0 5 5 0.807516 -0.00261258 -0.000404646 
1 5 5 0.813621 -0.00288637 -0.00105394 
2 5 5 0.820389 -0.00270232 -0.00151645 
3 5 5 0.826777 -0.00219585 -0.00163243 
4 5 5 0.831856 -0.001501 -0.00139459 
5 5 5 0.835047 -0.000788244 -0.000890383 
6 5 5 0.836241 -0.000232269 -0.00023493 
7 5 5 0.835787 4.19374e-06 0.000518888 
8 5 5 0.834551 -0.000206268 0.00139893 
9 5 5 0.833801 -6.84332e-05 0.0015878 
10 5 5 0.831422 0.00137114 -2.55655e-05 
11 5 5 0.827993 0.00107818 -0.000132556 
12 5 5 0.826501 0.000129692 0.000547998 
13 5 5 0.825926 -0.000249229 0.000752259 
14 5 5 0.825584 -3.75133e-05 0.000824437 
15 5 5 0.827914 -0.00547915 -0.00474572 
0 6 6 1.41352 -0.00512734 -0.0050527 
1 6 6 1.41986 -0.00623384 -0.00642192 
2 6 6 1.4275 -0.00617316 -0.00699793 
3 6 6 1.4352 -0.00509639 -0.00652117 
4 6 6 1.44161 -0.00333236 -0.00508815 
5 6 6 1.44572 -0.00136598 -0.00308565 
6 6 6 1.44714 0.000317807 -0.000980111 
7 6 6 1.44616 0.00139161 0.000972602 
8 6 6 1.44357 0.00173142 0.00312699 
9 6 6 1.44201 0.00173076 0.00488029 
10 6 6 1.43986 0.00196315 0.00138513 
11 6 6 1.43573 0.00129135 9.99768e-06 
12 6 6 1.434 0.000269255 0.000795831 
13 6 6 1.43314 -0.000384695 0.00112193 
14 6 6 1.43291 -0.000583472 0.00108204 
15 6 6 1.43515 -0.00426819 -0.00495191 
0 7 7 1.70981 -0.00260674 -0.0101429 
1 7 7 1.71197 -0.00393002 -0.0125643 
2 7 7 1.71569 -0.00435025 -0.0132669 
3 7 7 1.72045 -0.00377398 -0.0120384 
4 7 7 1.72526 -0.00238606 -0.00913898 
5 7 7 1.72901 -0.000613162 -0.00533666 
6 7 7 1.73098 0.00106376 -0.00158914 
7 7 7 1.73108 0.00234416 0.00143419 
8 7 7 1.72994 0.00324939 0.00363769 
9 7 7 1.72903 0.00341701 0.004713 
10 7 7 1.72775 0.00166775 0.00346241 
11 7 7 1.72521 0.000185487 0.00220399 
12 7 7 1.72351 -0.000219253 0.00162841 
13 7 7 1.72256 -0.000421457 0.00108293 
14 7 7 1.72223 -0.000714383 0.000467297 
15 7 7 1.7229 -0.00229509 -0.00536387 
0 8 8 1.7314 0.00176712 -0.0115375 
1 8 8 1.73362 0.00145615 -0.0142989 
2 8 8 1.73725 0.00127402 -0.0149616 
3 8 8 1.74183 0.00124075 -0.0133852 
4 8 8 1.74653 0.00134876 -0.00995278 
5 8 8 1.75036 0.00153683 -0.00559222 
6 8 8 1.75267 0.00173077 -0.00142575 
7 8 8 1.75346 0.00187809 0.00172984 
8 8 8 1.75324 0.00191173 0.00358237 
9 8 8 1.75268 0.00153001 0.00414859 
10 8 8 1.75171 0.000507051 0.00365011 
11 8 8 1.75023 -0.00043128 0.00268975 
12 8 8 1.74888 -0.000774803 0.00165996 
13 8 8 1.74811 -0.000765413 0.00067103 
14 8 8 1.74803 -0.000736034 -0.000222028 
15 8 8 1.74879 0.000115976 -0.00608281 
0 9 9 1.47936 0.00350502 -0.00891394 
1 9 9 1.4861 0.0041917 -0.0105097 
2 9 9 1.49389 0.00444279 -0.0105246 
3 9 9 1.50165 0.00418513 -0.0090088 
4 9 9 1.50824 0.00349787 -0.00637055 
5 9 9 1.51282 0.00256876 -0.00331075 
6 9 9 1.51517 0.00162253 -0.000563839 
7 9 9 1.51564 0.00081864 0.0013848 
8 9 9 1.51491 0.000180491 0.00238995 
9 9 9 1.51362 -0.000399952 0.0025476 
10 9 9 1.51207 -0.000958992 0.00209913 
11 9 9 1.51046 -0.00130747 0.0013594 
12 9 9 1.50915 -0.00130461 0.000579369 
13 9 9 1.50845 -0.00106838 -0.000104842 
14 9 9 1.50858 -0.000862711 -0.000533631 
15 9 9 1.51073 0.00248952 -0.00645259 
0 10 10 0.958625 0.00166108 -0.00376583 
1 10 10 0.966358 0.00231768 -0.00408486 
2 10 10 0.974665 0.00262407 -0.00384278 
3 10 10 0.982383 0.00253021 -0.00312588 
4 10 10 0.988536 0.00209351 -0.00211573 
5 10 10 0.992588 0.00144876 -0.00105272 
6 10 10 0.994524 0.000760534 -0.000162598 
7 10 10 0.994742 0.000155907 0.00041935 
8 10 10 0.993824 -0.000317694 0.000661002 
9 10 10 0.992308 -0.000674452 0.000609404 
10 10 10 0.990583 -0.000912185 0.000369867 
11 10 10 0.988951 -0.00098488 7.51931e-05 
12 10 10 0.987691 -0.000885757 -0.00018162 
13 10 10 0.986967 -0.000703345 -0.000355721 
14 10 10 0.986747 -0.000760432 -0.000202395 
15 10 10 0.989983 0.00481101 -0.00587861 
0 11 11 0.305857 0.000132369 -0.000656947 
1 11 11 0.308476 0.000292091 -0.000647644 
2 11 11 0.311437 0.000392184 -0.000571516 
3 11 11 0.314312 0.000416077 -0.000447079 
4 11 11 0.31672 0.000368771 -0.000298212 
5 11 11 0.31842 0.000268572 -0.00015393 
6 11 11 0.31935 0.000146502 -4.22381e-05 
7 11 11 0.319603 2.91571e-05 2.10432e-05 
8 11 11 0.319362 -6.9753e-05 3.1535e-05 
9 11 11 0.318826 -0.000146949 -1.53667e-06 
10 11 11 0.318162 -0.00019627 -5.57189e-05 
11 11 11 0.317506 -0.00020852 -0.000102002 
12 11 11 0.31697 -0.000188566 -0.000126897 
13 11 11 0.316607 -0.000154624 -0.000128571 
14 11 11 0.316265 -0.000227842 -2.33569e-05 
15 11 11 0.315621 0.00436434 -0.00328002 
0 12 12 0 0 0 
1 12 12 0 0 0 
2 12 12 0 0 0 
3 12 12 0 0 0 
4 12 12 0 0 0 
5 12 12 0 0 0 
6 12 12 0 0 0 
7 12 12 0 0 0 
8 12 12 0 0 0 
9 12 12 0 0 0 
10 12 12 0 0 0 
11 12 12 0 0 0 
12 12 12 0 0 0 
13 12 12 0 0 0 
14 12 12 0 0 0 
15 12 12 0 0 0 
0 13 13 0 0 0 
1 13 13 0 0 0 
2 13 13 0 0 0 
3 13 13 0 0 0 
4 13 13 0 0 0 
5 13 13 0 0 0 
6 13 13 0 0 0 
7 13 13 0 0 0 
8 13 13 0 0 0 
9 13 13 0 0 0 
10 13 13 0 0 0 
11 13 13 0 0 0 
12 13 13 0 0 0 
13 13 13 0 0 0 
14 13 13 0 0 0 
15 13 13 0 0 0 
0 14 14 0 0 0 
1 14 14 0 0 0 
2 14 14 0 0 0 
3 14 14 0 0 0 
4 14 14 0 0 0 
5 14 14 0 0 0 
6 14 14 0 0 0 
7 14 14 0 0 0 
8 14 14 0 0 0 
9 14 14 0 0 0 
10 14 14 0 0 0 
11 14 14 0 0 0 
12 14 14 0 0 0 
13 14 14 0 0 0 
14 14 14 0 0 0 
15 14 14 0 0 0 
0 15 15 0 0 0 
1 15 15 0 0 0 
2 15 15 0 0 0 
3 15 15 0 0 0 
4 15 15 0 0 0 
5 15 15 0 0 0 
6 15 15 0 0 0 
7 15 15 0 0 0 
8 15 15 0 0 0 
9 15 15 0 0 0 
10 15 15 0 0 0 
11 15 15 0 0 0 
12 15 15 0 0 0 
13 15 15 0 0 0 
14 15 15 0 0 0 
15 15 15 0 0 0 
0 0 0 0 0 0 
1 0 0 0 0 0 
2 0 0 0 0 0 
3 0 0 0 0 0 
4 0 0 0 0 0 
5 0 0 0 0 0 
6 0 0 0 0 0 
7 0 0 0 0 0 
8 0 0 0 0 0 
9 0 0 0 0 0 
10 0 0 0 0 0 
11 0 0 0 0 0 
12 0 0 0 0 0 
13 0 0 0 0 0 
14 0 0 0 0 0 
15 0 0 0 0 0 
0 1 1 0 0 0 
1 1 1 0 0 0 
2 1 1 0 0 0 
3 1 1 0 0 0 
4 1 1 0 0 0 
5 1 1 0 0 0 
6 1 1 0 0 0 
7 1 1 0 0 0 
8 1 1 0 0 0 
9 1 1 0 0 0 
10 1 1 0 0 0 
11 1 1 0 0 0 
12 1 1 0 0 0 
13 1 1 0 0 0 
14 1 1 0 0 0 
15 1 1 0 0 0 
0 2 2 0 0 0 
1 2 2 0 0 0 
2 2 2 0 0 0 
3 2 2 0 0 0 
4 2 2 0 0 0 
5 2 2 0 0 0 
6 2 2 0 0 0 
7 2 2 0 0 0 
8 2 2 0 0 0 
9 2 2 0 0 0 
10 2 2 0 0 0 
11 2 2 0 0 0 
12 2 2 0 0 0 
13 2 2 0 0 0 
14 2 2 0 0 0 
15 2 2 0 0 0 
0 3 3 0 0 0 
1 3 3 0 0 0 
2 3 3 0 0 0 
3 3 3 0 0 0 
4 3 3 0 0 0 
5 3 3 0 0 0 
6 3 3 0 0 0 
7 3 3 0 0 0 
8 3 3 0 0 0 
9 3 3 0 0 0 
10 3 3 0 0 0 
11 3 3 0 0 0 
12 3 3 0 0 0 
13 3 3 0 0 0 
14 3 3 0 0 0 
15 3 3 0 0 0 
0 4 4 0.533233 -0.00108572 0.000174982 
1 4 4 0.537337 -0.00138884 -6.92472e-05 
2 4 4 0.542016 -0.00144349 -0.000290623 
3 4 4 0.546488 -0.00128282 -0.000402634 
4 4 4 0.550111 -0.000968551 -0.000378017 
5 4 4 0.552482 -0.000587771 -0.000233861 
6 4 4 0.553525 -0.000234485 -1.46344e-05 
7 4 4 0.553464 2.48767e-05 0.000223692 
8 4 4 0.552704 0.000191196 0.000386861 
9 4 4 0.551534 0.000340578 0.000343417 
10 4 4 0.550006 0.00046741 0.00014621 
11 4 4 0.548384 0.000436914 9.71976e-05 
12 4 4 0.547176 0.000268623 0.000213724 
13 4 4 0.546494 0.00012839 0.000285352 
14 4 4 0.546036 0.000280935 0.000349899 
15 4 4 0.546806 -0.00611408 -0.00247911 
0 5 5 1.39226 -0.00568078 -0.00213746 
1 5 5 1.39858 -0.00752504 -0.0029996 
2 5 5 1.40629 -0.00792115 -0.00350915 
3 5 5 1.41394 -0.00694407 -0.00346406 
4 5 5 1.42019 -0.00495231 -0.0028405 
5 5 5 1.42406 -0.00252681 -0.00180357 
6 5 5 1.42528 -0.000289852 -0.000607962 
7 5 5 1.4243 0.00131907 0.000527227 
8 5 5 1.42205 0.00217843 0.0014201 
9 5 5 1.41937 0.00253652 0.0017448 
10 5 5 1.41637 0.00267299 0.00135541 
11 5 5 1.41317 0.002383 0.000963199 
12 5 5 1.41065 0.00161708 0.000955407 
13 5 5 1.40928 0.000789407 0.00101091 
14 5 5 1.40902 0.000370623 0.000970664 
15 5 5 1.41138 -0.00579381 -0.00266759 
0 6 6 1.97588 -0.00568636 -0.00764054 
1 6 6 1.97078 -0.00959529 -0.00966157 
2 6 6 1.96722 -0.0115172 -0.0105315 
3 6 6 1.96565 -0.0111211 -0.00994941 
4 6 6 1.96592 -0.00857127 -0.00792809 
5 6 6 1.9672 -0.00464864 -0.00495703 
6 6 6 1.96845 -0.000525456 -0.00182598 
7 6 6 1.96902 0.00277001 0.000802438 
8 6 6 1.9689 0.00475778 0.00263165 
9 6 6 1.96847 0.00551713 0.00339234 
10 6 6 1.96754 0.00539167 0.00294008 
11 6 6 1.96596 0.00463883 0.00220599 
12 6 6 1.96437 0.00343469 0.00174927 
13 6 6 1.96309 0.0020477 0.00138674 
14 6 6 1.96223 0.000712012 0.0008626 
15 6 6 1.96165 -0.00337926 -0.00264989 
0 7 7 2.3237 0.00139251 -0.0105559 
1 7 7 2.30983 -0.00189869 -0.0144829 
2 7 7 2.29478 -0.00427768 -0.0166578 
3 7 7 2.2809 -0.00529906 -0.0164966 
4 7 7 2.27032 -0.0047283 -0.0137813 
5 7 7 2.26418 -0.00277043 -0.0090849 
6 7 7 2.26223 -9.59448e-05 -0.00375999 
7 7 7 2.2633 0.00247606 0.000766305 
8 7 7 2.26609 0.00436437 0.00372664 
9 7 7 2.2696 0.00528294 0.00494613 
10 7 7 2.2728 0.00523442 0.00466476 
11 7 7 2.27506 0.00460601 0.00374672 
12 7 7 2.27644 0.00372293 0.00275612 
13 7 7 2.27701 0.00271262 0.00172754 
14 7 7 2.27675 0.00164318 0.000559161 
15 7 7 2.27558 -0.000337218 -0.00309946 
0 8 8 2.34496 0.00838663 -0.0105642 
1 8 8 2.33163 0.0080643 -0.0152215 
2 8 8 2.31648 0.00734402 -0.0179 
3 8 8 2.30202 0.00624715 -0.0179332 
4 8 8 2.29065 0.004889 -0.0150701 
5 8 8 2.28384 0.00351887 -0.00994006 
6 8 8 2.28166 0.00246338 -0.00405696 
7 8 8 2.28304 0.00193307 0.000942145 
8 8 8 2.28662 0.00186231 0.00414556 
9 8 8 2.29118 0.0019437 0.0054671 
10 8 8 2.29566 0.00191555 0.00532819 
11 8 8 2.29937 0.00179507 0.00437076 
12 8 8 2.30207 0.0016758 0.00307713 
13 8 8 2.30371 0.00157342 0.00166278 
14 8 8 2.30424 0.00150017 0.000156423 
15 8 8 2.30361 0.00209538 -0.00369682 
0 9 9 2.0395 0.0118827 -0.00964737 
1 9 9 2.0347 0.0134739 -0.0129049 
2 9 9 2.03032 0.0137188 -0.0142445 
3 9 9 2.02745 0.0124142 -0.0133449 
4 9 9 2.02659 0.00973586 -0.0103636 
5 9 9 2.02749 0.00633628 -0.00610527 
6 9 9 2.02941 0.00312043 -0.00177804 
7 9 9 2.03167 0.000768862 0.00158452 
8 9 9 2.03396 -0.000552141 0.00353414 
9 9 9 2.03611 -0.00108254 0.00415191 
10 9 9 2.03798 -0.00113874 0.00379426 
11 9 9 2.03942 -0.000906821 0.00287551 
12 9 9 2.04039 -0.000474149 0.00172636 
13 9 9 2.04096 8.12693e-05 0.000553107 
14 9 9 2.04125 0.000733691 -0.000591512 
15 9 9 2.04121 0.00391866 -0.00430679 
0 10 10 1.49848 0.00849363 -0.00608757 
1 10 10 1.5054 0.00978366 -0.00708024 
2 10 10 1.51323 0.00984754 -0.00699011 
3 10 10 1.52102 0.00865475 -0.005886 
4 10 10 1.52772 0.00650409 -0.00406914 
5 10 10 1.5325 0.00395979 -0.00201914 
6 10 10 1.53514 0.001623 -0.000226349 
7 10 10 1.53597 -0.000112971 0.000995679 
8 10 10 1.53561 -0.001152 0.00156911 
9 10 10 1.53465 -0.00160732 0.001591 
10 10 10 1.53351 -0.00164831 0.00123929 
11 10 10 1.53243 -0.00140446 0.000706172 
12 10 10 1.53161 -0.000970985 0.000144315 
13 10 10 1.53118 -0.000460407 -0.000339774 
14 10 10 1.53143 -7.65568e-05 -0.000635773 
15 10 10 1.53351 0.00562171 -0.00416373 
0 11 11 0.656219 0.0016397 -0.00133162 
1 11 11 0.66188 0.00202664 -0.00136454 
2 11 11 0.667984 0.00212411 -0.00122781 
3 11 11 0.673693 0.00192497 -0.000963418 
4 11 11 0.6783 0.00149452 -0.000632147 
5 11 11 0.681399 0.00094865 -0.000305205 
6 11 11 0.682958 0.000414467 -4.84144e-05 
7 11 11 0.68323 -1.29976e-05 0.000104191 
8 11 11 0.68262 -0.000297344 0.000148026 
9 11 11 0.681534 -0.000448076 0.000103324 
10 11 11 0.680301 -0.000491266 7.3376e-06 
11 11 11 0.679157 -0.000447077 -9.43376e-05 
12 11 11 0.678268 -0.000346102 -0.000174025 
13 11 11 0.677723 -0.000232383 -0.000212831 
14 11 11 0.677412 -0.000384845 -9.69985e-05 
15 11 11 0.679079 0.00640218 -0.00322016 
0 12 12 0.0789117 4.14722e-05 -3.20727e-05 
1 12 12 0.079534 6.82976e-05 -2.45603e-05 
2 12 12 0.0802985 8.41145e-05 -1.66238e-05 
3 12 12 0.0810906 8.60176e-05 -9.71767e-06 
4 12 12 0.081797 7.48779e-05 -4.44594e-06 
5 12 12 0.0823311 5.42975e-05 -9.58322e-07 
6 12 12 0.0826577 3.0025e-05 1.61185e-07 
7 12 12 0.0827846 7.98041e-06 -1.07707e-06 
8 12 12 0.0827561 -8.71346e-06 -4.37907e-06 
9 12 12 0.0826283 -1.95244e-05 -9.23206e-06 
10 12 12 0.0824437 -2.49841e-05 -1.40396e-05 
11 12 12 0.0822725 -2.37302e-05 -1.7049e-05 
12 12 12 0.082117 -2.07519e-05 -1.69032e-05 
13 12 12 0.0820001 -1.63278e-05 -1.40827e-05 
14 12 12 0.081849 -4.36949e-05 -3.79432e-06 
15 12 12 0.0805833 0.0021221 -0.00114337 
0 13 13 0 0 0 
1 13 13 0 0 0 
2 13 13 0 0 0 
3 13 13 0 0 0 
4 13 13 0 0 0 
5 13 13 0 0 0 
6 13 13 0 0 0 
7 13 13 0 0 0 
8 13 13 0 0 0 
9 13 13 0 0 0 
10 13 13 0 0 0 
11 13 13 0 0 0 
12 13 13 0 0 0 
13 13 13 0 0 0 
14 13 13 0 0 0 
15 13 13 0 0 0 
0 14 14 0 0 0 
1 14 14 0 0 0 
2 14 14 0 0 0 
3 14 14 0 0 0 
4 14 14 0 0 0 
5 14 14 0 0 0 
6 14 14 0 0 0 
7 14 14 0 0 0 
8 14 14 0 0 0 
9 14 14 0 0 0 
10 14 14 0 0 0 
11 14 14 0 0 0 
12 14 14 0 0 0 
13 14 14 0 0 0 
14 14 14 0 0 0 
15 14 14 0 0 0 
0 15 15 0 0 0 
1 15 15 0 0 0 
2 15 15 0 0 0 
3 15 15 0 0 0 
4 15 15 0 0 0 
5 15 15 0 0 0 
6 15 15 0 0 0 
7 15 15 0 0 0 
8 15 15 0 0 0 
9 15 15 0 0 0 
10 15 15 0 0 0 
11 15 15 0 0 0 
12 15 15 0 0 0 
13 15 15 0 0 0 
14 15 15 0 0 0 
15 15 15 0 0 0 
0 0 0 0 0 0 
1 0 0 0 0 0 
2 0 0 0 0 0 
3 0 0 0 0 0 
4 0 0 0 0 0 
5 0 0 0 0 0 
6 0 0 0 0 0 
7 0 0 0 0 0 
8 0 0 0 0 0 
9 0 0 0 0 0 
10 0 0 0 0 0 
11 0 0 0 0 0 
12 0 0 0 0 0 
13 0 0 0 0 0 
14 0 0 0 0 0 
15 0 0 0 0 0 
0 1 1 0 0 0 
1 1 1 0 0 0 
2 1 1 0 0 0 
3 1 1 0 0 0 
4 1 1 0 0 0 
5 1 1 0 0 0 
6 1 1 0 0 0 
7 1 1 0 0 0 
8 1 1 0 0 0 
9 1 1 0 0 0 
10 1 1 0 0 0 
11 1 1 0 0 0 
12 1 1 0 0 0 
13 1 1 0 0 0 
14 1 1 0 0 0 
15 1 1 0 0 0 
0 2 2 0 0 0 
1 2 2 0 0 0 
2 2 2 0 0 0 
3 2 2 0 0 0 
4 2 2 0 0 0 
5 2 2 0 0 0 
6 2 2 0 0 0 
7 2 2 0 0 0 
8 2 2 0 0 0 
9 2 2 0 0 0 
10 2 2 0 0 0 
11 2 2 0 0 0 
12 2 2 0 0 0 
13 2 2 0 0 0 
14 2 2 0 0 0 
15 2 2 0 0 0 
0 3 3 0.0552403 -9.14622e-06 9.92677e-06 
1 3 3 0.0555503 -3.63505e-05 1.29708e-05 
2 3 3 0.0560184 -5.62688e-05 1.28352e-05 
3 3 3 0.0565582 -6.58562e-05 1.20261e-05 
4 3 3 0.0570807 -6.34832e-05 1.10877e-05 
5 3 3 0.0575065 -5.15896e-05 1.12505e-05 
6 3 3 0.0577886 -3.42975e-05 1.20197e-05 
7 3 3 0.0579156 -1.63559e-05 1.14865e-05 
8 3 3 0.0579161 -3.98009e-08 6.4662e-06 
9 3 3 0.0578212 1.26628e-05 -3.23007e-06 
10 3 3 0.0576664 2.03418e-05 -1.21216e-05 
11 3 3 0.0574913 2.17054e-05 -1.32784e-05 
12 3 3 0.0573305 1.82758e-05 -7.66286e-06 
13 3 3 0.0571998 1.62208e-05 -3.2099e-06 
14 3 3 0.0570106 6.0758e-05 -1.45298e-05 
15 3 3 0.055665 -0.00217614 -0.000253884 
0 4 4 0.766924 -0.00183152 2.06714e-05 
1 4 4 0.772513 -0.00252393 -0.000104395 
2 4 4 0.778873 -0.00274684 -0.000227211 
3 4 4 0.784883 -0.00250107 -0.000289615 
4 4 4 0.789639 -0.00189242 -0.000264749 
5 4 4 0.792604 -0.00110038 -0.000155068 
6 4 4 0.793717 -0.000324567 5.67106e-06 
7 4 4 0.793307 0.000289044 0.000168146 
8 4 4 0.791907 0.000685736 0.000264747 
9 4 4 0.789993 0.000889347 0.000242284 
10 4 4 0.787894 0.000934432 0.000133214 
11 4 4 0.785914 0.00083984 6.53018e-05 
12 4 4 0.784364 0.000642403 8.67593e-05 
13 4 4 0.783398 0.000438879 0.000124967 
14 4 4 0.78289 0.000607444 0.000130503 
15 4 4 0.785027 -0.00729165 -0.000715017 
0 5 5 1.66243 -0.00740623 -0.00136911 
1 5 5 1.66468 -0.0105824 -0.00171862 
2 5 5 1.66887 -0.0117957 -0.00189615 
3 5 5 1.67403 -0.0108598 -0.0018366 
4 5 5 1.67891 -0.00810641 -0.00151315 
5 5 5 1.68232 -0.00436935 -0.000983881 
6 5 5 1.68361 -0.000677742 -0.000372011 
7 5 5 1.68287 0.00218293 0.000193764 
8 5 5 1.68074 0.00391423 0.000603942 
9 5 5 1.67794 0.00462639 0.000763872 
10 5 5 1.67495 0.00457987 0.000680057 
11 5 5 1.6721 0.00399027 0.000525269 
12 5 5 1.66975 0.0030438 0.000444958 
13 5 5 1.66816 0.00196812 0.000425965 
14 5 5 1.66759 0.000998652 0.000380558 
15 5 5 1.66846 -0.00536631 -0.000785848 
0 6 6 2.29995 -0.00521956 -0.00358011 
1 6 6 2.28571 -0.0106734 -0.00457997 
2 6 6 2.27098 -0.0141633 -0.0050828 
3 6 6 2.25785 -0.0149257 -0.00494447 
4 6 6 2.24813 -0.0126642 -0.004103 
5 6 6 2.24262 -0.00797554 -0.0027118 
6 6 6 2.24083 -0.0023412 -0.00114845 
7 6 6 2.24152 0.00260984 0.000178623 
8 6 6 2.2434 0.00594006 0.00103508 
9 6 6 2.24553 0.00755759 0.00136057 
10 6 6 2.24726 0.00781585 0.00125876 
11 6 6 2.24824 0.00713376 0.000991532 
12 6 6 2.24849 0.00585171 0.000750787 
13 6 6 2.24811 0.00423941 0.000550928 
14 6 6 2.24721 0.00243239 0.000312402 
15 6 6 2.24571 -0.00195455 -0.000814037 
0 7 7 2.68047 0.0029426 -0.00390278 
1 7 7 2.66141 -0.000540437 -0.00585718 
2 7 7 2.63587 -0.00349724 -0.00720952 
3 7 7 2.6071 -0.00536166 -0.00766418 
4 7 7 2.57938 -0.00560757 -0.00695594 
5 7 7 2.55726 -0.00408463 -0.0050976 
6 7 7 2.54389 -0.00131655 -0.00259047 
7 7 7 2.53972 0.00170523 -0.00023285 
8 7 7 2.54267 0.00414622 0.00138569 
9 7 7 2.54968 0.00566124 0.00210629 
10 7 7 2.55796 0.00629029 0.00211379 
11 7 7 2.56562 0.00623365 0.00175713 
12 7 7 2.57171 0.00568668 0.00130087 
13 7 7 2.57579 0.00479793 0.000823478 
14 7 7 2.57761 0.00367115 0.000301163 
15 7 7 2.5772 0.00161667 -0.000961557 
0 8 8 2.70004 0.00967868 -0.00347871 
1 8 8 2.68254 0.0107024 -0.00577015 
2 8 8 2.65771 0.0109855 -0.00743345 
3 8 8 2.62872 0.0104005 -0.00811762 
4 8 8 2.6 0.00888391 -0.00750581 
5 8 8 2.5765 0.00662065 -0.00558811 
6 8 8 2.56196 0.00417099 -0.00289607 
7 8 8 2.55725 0.0022408 -0.000304978 
8 8 8 2.56046 0.00122314 0.00152032 
9 8 8 2.56843 0.00102155 0.00239866 
10 8 8 2.57821 0.0013012 0.00250998 
11 8 8 2.58771 0.00176366 0.00216226 
12 8 8 2.59571 0.00222613 0.00160857 
13 8 8 2.60155 0.00260396 0.0009714 
14 8 8 2.60486 0.00289397 0.000280809 
15 8 8 2.60557 0.00367564 -0.00111115 
0 9 9 2.36334 0.0153418 -0.00358082 
1 9 9 2.35075 0.018835 -0.00532063 
2 9 9 2.33567 0.0204153 -0.00633571 
3 9 9 2.32075 0.0195689 -0.00638395 
4 9 9 2.30866 0.0161842 -0.0053743 
5 9 9 2.30121 0.0109652 -0.0035349 
6 9 9 2.29874 0.00539736 -0.00141393 
7 9 9 2.30034 0.000974322 0.000386152 
8 9 9 2.30459 -0.00161311 0.00152627 
9 9 9 2.31012 -0.00254209 0.00198326 
10 9 9 2.31586 -0.00236194 0.00191866 
11 9 9 2.32103 -0.00157959 0.00154055 
12 9 9 2.32515 -0.000528032 0.00102176 
13 9 9 2.32796 0.000607987 0.000461122 
14 9 9 2.32938 0.00180173 -0.000111594 
15 9 9 2.32932 0.00516305 -0.00143598 
0 10 10 1.76711 0.0139254 -0.00281117 
1 10 10 1.76959 0.0161989 -0.00344225 
2 10 10 1.77304 0.016442 -0.00354246 
3 10 10 1.77735 0.0145357 -0.003103 
4 10 10 1.78194 0.0108996 -0.00223934 
5 10 10 1.78601 0.00648903 -0.00118519 
6 10 10 1.78899 0.00242061 -0.00021374 
7 10 10 1.79081 -0.000532507 0.000480857 
8 10 10 1.79177 -0.00216738 0.000835634 
9 10 10 1.79224 -0.00269991 0.000892214 
10 10 10 1.79248 -0.00248424 0.000739949 
11 10 10 1.79259 -0.00183094 0.000478218 
12 10 10 1.79265 -0.000961391 0.000187356 
13 10 10 1.79275 -3.75623e-05 -8.2387e-05 
14 10 10 1.79311 0.000849895 -0.000308613 
15 10 10 1.79396 0.00645317 -0.00150656 
0 11 11 0.980324 0.00419356 -0.000865698 
1 11 11 0.988342 0.00483024 -0.000915564 
2 11 11 0.996878 0.00481365 -0.000843898 
3 11 11 1.0048 0.00417403 -0.000676838 
4 11 11 1.01115 0.00308877 -0.000454089 
5 11 11 1.01536 0.00183369 -0.000224179 
6 11 11 1.01744 0.000686779 -3.54423e-05 
7 11 11 1.01776 -0.000166961 8.52681e-05 
8 11 11 1.01692 -0.000672013 0.000131917 
9 11 11 1.01548 -0.000870719 0.000115276 
10 11 11 1.0139 -0.00084589 5.64977e-05 
11 11 11 1.01248 -0.000672177 -1.72302e-05 
12 11 11 1.01141 -0.000422959 -7.8066e-05 
13 11 11 1.01082 -0.000174441 -0.000116375 
14 11 11 1.01072 -0.000265182 -6.26198e-05 
15 11 11 1.01355 0.0077379 -0.00131818 
0 12 12 0.209052 0.000198946 -7.41601e-05 
1 12 12 0.210822 0.000259961 -7.31938e-05 
2 12 12 0.21287 0.000283977 -6.58091e-05 
3 12 12 0.214902 0.000267563 -5.42995e-05 
4 12 12 0.216644 0.000217108 -3.91548e-05 
5 12 12 0.217907 0.000146155 -2.32445e-05 
6 12 12 0.21863 7.24935e-05 -9.76433e-06 
7 12 12 0.21886 1.11423e-05 -1.46708e-06 
8 12 12 0.218722 -3.05816e-05 4.86077e-07 
9 12 12 0.218363 -5.29775e-05 -3.69558e-06 
10 12 12 0.217909 -5.96289e-05 -1.11589e-05 
11 12 12 0.21747 -5.2828e-05 -1.93412e-05 
12 12 12 0.217101 -4.05882e-05 -2.04838e-05 
13 12 12 0.216844 -2.84132e-05 -1.80534e-05 
14 12 12 0.216574 -9.05218e-05 1.91185e-05 
15 12 12 0.215066 0.00469308 -0.000721987 
0 13 13 0 0 0 
1 13 13 0 0 0 
2 13 13 0 0 0 
3 13 13 0 0 0 
4 13 13 0 0 0 
5 13 13 0 0 0 
6 13 13 0 0 0 
7 13 13 0 0 0 
8 13 13 0 0 0 
9 13 13 0 0 0 
10 13 13 0 0 0 
11 13 13 0 0 0 
12 13 13 0 0 0 
13 13 13 0 0 0 
14 13 13 0 0 0 
15 13 13 0 0 0 
0 14 14 0 0 0 
1 14 14 0 0 0 
2 14 14 0 0 0 
3 14 14 0 0 0 
4 14 14 0 0 0 
5 14 14 0 0 0 
6 14 14 0 0 0 
7 14 14 0 0 0 
8 14 14 0 0 0 
9 14 14 0 0 0 
10 14 14 0 0 0 
11 14 14 0 0 0 
12 14 14 0 0 0 
13 14 14 0 0 0 
14 14 14 0 0 0 
15 14 14 0 0 0 
0 15 15 0 0 0 
1 15 15 0 0 0 
2 15 15 0 0 0 
3 15 15 0 0 0 
4 15 15 0 0 0 
5 15 15 0 0 0 
6 15 15 0 0 0 
7 15 15 0 0 0 
8 15 15 0 0 0 
9 15 15 0 0 0 
10 15 15 0 0 0 
11 15 15 0 0 0 
12 15 15 0 0 0 
13 15 15 0 0 0 
14 15 15 0 0 0 
15 15 15 0 0 0 
0 0 0 0 0 0 
1 0 0 0 0 0 
2 0 0 0 0 0 
3 0 0 0 0 0 
4 0 0 0 0 0 
5 0 0 0 0 0 
6 0 0 0 0 0 
7 0 0 0 0 0 
8 0 0 0 0 0 
9 0 0 0 0 0 
10 0 0 0 0 0 
11 0 0 0 0 0 
12 0 0 0 0 0 
13 0 0 0 0 0 
14 0 0 0 0 0 
15 0 0 0 0 0 
0 1 1 0 0 0 
1 1 1 0 0 0 
2 1 1 0 0 0 
3 1 1 0 0 0 
4 1 1 0 0 0 
5 1 1 0 0 0 
6 1 1 0 0 0 
7 1 1 0 0 0 
8 1 1 0 0 0 
9 1 1 0 0 0 
10 1 1 0 0 0 
11 1 1 0 0 0 
12 1 1 0 0 0 
13 1 1 0 0 0 
14 1 1 0 0 0 
15 1 1 0 0 0 
0 2 2 0 0 0 
1 2 2 0 0 0 
2 2 2 0 0 0 
3 2 2 0 0 0 
4 2 2 0 0 0 
5 2 2 0 0 0 
6 2 2 0 0 0 
7 2 2 0 0 0 
8 2 2 0 0 0 
9 2 2 0 0 0 
10 2 2 0 0 0 
11 2 2 0 0 0 
12 2 2 0 0 0 
13 2 2 0 0 0 
14 2 2 0 0 0 
15 2 2 0 0 0 
0 3 3 0.0552008 -7.99679e-06 -3.8946e-06 
1 3 3 0.0555096 -3.47047e-05 -4.6435e-06 
2 3 3 0.0559769 -5.48077e-05 -6.17911e-06 
3 3 3 0.0565164 -6.44676e-05 -5.94448e-06 
4 3 3 0.0570386 -6.21757e-05 -4.69858e-06 
5 3 3 0.0574641 -4.9722e-05 -1.09401e-06 
6 3 3 0.0577457 -3.16345e-05 3.38573e-06 
7 3 3 0.0578716 -1.34226e-05 6.35835e-06 
8 3 3 0.0578706 1.51967e-06 4.51111e-06 
9 3 3 0.0577752 1.12416e-05 -1.76618e-06 
10 3 3 0.0576221 1.62114e-05 -8.37536e-06 
11 3 3 0.0574494 1.73791e-05 -9.98238e-06 
12 3 3 0.0572894 1.5867e-05 -6.70789e-06 
13 3 3 0.0571581 1.54364e-05 -2.30659e-06 
14 3 3 0.0569678 6.03621e-05 1.10658e-05 
15 3 3 0.0556223 -0.0021759 0.000247691 
0 4 4 0.766772 -0.00181327 3.85514e-05 
1 4 4 0.772336 -0.00250244 0.000192688 
2 4 4 0.778683 -0.00273393 0.000279635 
3 4 4 0.784698 -0.00250016 0.000303234 
4 4 4 0.789461 -0.00189513 0.00026459 
5 4 4 0.79243 -0.00109663 0.000193273 
6 4 4 0.793534 -0.000307369 0.000114623 
7 4 4 0.79309 0.000321866 3.95421e-05 
8 4 4 0.79163 0.000723552 -4.26299e-05 
9 4 4 0.789657 0.00090669 -0.000139971 
10 4 4 0.78757 0.000916265 -0.000233795 
11 4 4 0.785671 0.000803507 -0.000282565 
12 4 4 0.784179 0.000619136 -0.000267442 
13 4 4 0.783206 0.00043535 -0.000215847 
14 4 4 0.782664 0.000608295 -0.00019125 
15 4 4 0.784781 -0.00729546 0.000612473 
0 5 5 1.66197 -0.00736539 0.00128695 
1 5 5 1.6642 -0.010516 0.0018182 
2 5 5 1.66838 -0.0117378 0.00205837 
3 5 5 1.67355 -0.0108321 0.00194921 
4 5 5 1.67846 -0.00810722 0.00153332 
5 5 5 1.68188 -0.00438265 0.00094831 
6 5 5 1.68316 -0.000683769 0.000362876 
7 5 5 1.68238 0.00220125 -0.000104883 
8 5 5 1.68016 0.00395851 -0.000427438 
9 5 5 1.67723 0.00466646 -0.000640167 
10 5 5 1.67418 0.00457802 -0.000771991 
11 5 5 1.67139 0.00395465 -0.000810119 
12 5 5 1.66913 0.00301949 -0.000737734 
13 5 5 1.66758 0.00198103 -0.000582104 
14 5 5 1.66698 0.00103114 -0.000411176 
15 5 5 1.66782 -0.00534581 0.000766242 
0 6 6 2.29916 -0.00520626 0.00306717 
1 6 6 2.28493 -0.0106278 0.00432833 
2 6 6 2.2702 -0.0141019 0.00505101 
3 6 6 2.25712 -0.0148687 0.0050328 
4 6 6 2.24745 -0.0126256 0.00421043 
5 6 6 2.24198 -0.00795894 0.00278039 
6 6 6 2.2402 -0.00234302 0.00118047 
7 6 6 2.24086 0.00259731 -0.00014979 
8 6 6 2.24266 0.00592846 -0.00100679 
9 6 6 2.24465 0.00754522 -0.00143907 
10 6 6 2.24627 0.00779883 -0.00157304 
11 6 6 2.24724 0.00711493 -0.00149758 
12 6 6 2.24751 0.00584632 -0.00126007 
13 6 6 2.24715 0.0042584 -0.000907686 
14 6 6 2.24624 0.00247182 -0.000472119 
15 6 6 2.24473 -0.00191231 0.000796447 
0 7 7 2.67975 0.00296663 0.00331476 
1 7 7 2.66065 -0.000520837 0.00544229 
2 7 7 2.63511 -0.00347908 0.00697839 
3 7 7 2.60636 -0.00534208 0.00758387 
4 7 7 2.5787 -0.00558584 0.00696998 
5 7 7 2.55664 -0.0040648 0.00515471 
6 7 7 2.54332 -0.00130665 0.00266452 
7 7 7 2.53915 0.00169852 0.000309648 
8 7 7 2.54206 0.00412174 -0.00133826 
9 7 7 2.54896 0.00563743 -0.00219171 
10 7 7 2.55713 0.00628921 -0.00243669 
11 7 7 2.56475 0.00625453 -0.00228193 
12 7 7 2.57081 0.005714 -0.00187097 
13 7 7 2.57486 0.00482002 -0.00130302 
14 7 7 2.57665 0.00368528 -0.000631985 
15 7 7 2.57622 0.00162469 0.000773947 
0 8 8 2.69964 0.00973982 0.00298449 
1 8 8 2.68209 0.0107298 0.00540272 
2 8 8 2.65724 0.0109848 0.00721626 
3 8 8 2.62825 0.0103854 0.0080377 
4 8 8 2.59955 0.00886794 0.00752476 
5 8 8 2.5761 0.00661095 0.00565824 
6 8 8 2.56161 0.00416627 0.00297866 
7 8 8 2.55692 0.00223511 0.000368347 
8 8 8 2.5601 0.0012159 -0.00151272 
9 8 8 2.568 0.00102839 -0.00251046 
10 8 8 2.57771 0.00133745 -0.00279262 
11 8 8 2.58717 0.00182468 -0.00258907 
12 8 8 2.59513 0.00228529 -0.0020793 
13 8 8 2.60093 0.00263846 -0.0013921 
14 8 8 2.60419 0.00289903 -0.000600514 
15 8 8 2.60487 0.00365892 0.000901754 
0 9 9 2.36318 0.0153863 0.00320347 
1 9 9 2.35055 0.0188387 0.00509147 
2 9 9 2.33545 0.0203874 0.00626256 
3 9 9 2.32053 0.019528 0.00643511 
4 9 9 2.30844 0.0161492 0.00549143 
5 9 9 2.30102 0.0109477 0.00365199 
6 9 9 2.29857 0.00539827 0.00148149 
7 9 9 2.30018 0.000987137 -0.000396337 
8 9 9 2.3044 -0.00159302 -0.00162424 
9 9 9 2.30989 -0.00251165 -0.00217512 
10 9 9 2.31559 -0.00231667 -0.00220106 
11 9 9 2.32073 -0.00152654 -0.00187865 
12 9 9 2.32481 -0.000485586 -0.00135043 
13 9 9 2.32761 0.000624405 -0.000726292 
14 9 9 2.32899 0.00178985 -6.02976e-05 
15 9 9 2.32891 0.00513291 0.00135487 
0 10 10 1.76703 0.0139159 0.00273091 
1 10 10 1.76949 0.0161677 0.00347322 
2 10 10 1.77293 0.0164025 0.00365072 
3 10 10 1.77724 0.0145036 0.00323197 
4 10 10 1.78184 0.0108854 0.00233222 
5 10 10 1.78593 0.00649413 0.00120976 
6 10 10 1.78892 0.00243801 0.000167229 
7 10 10 1.79073 -0.000512304 -0.000578644 
8 10 10 1.79166 -0.00215086 -0.000959853 
9 10 10 1.7921 -0.00268654 -0.00102601 
10 10 10 1.7923 -0.00247118 -0.000875983 
11 10 10 1.7924 -0.0018197 -0.000603335 
12 10 10 1.79245 -0.00095767 -0.000279729 
13 10 10 1.79254 -4.57102e-05 3.3374e-05 
14 10 10 1.79289 0.00083211 0.000300954 
15 10 10 1.79374 0.00643442 0.00152164 
0 11 11 0.980263 0.00417815 0.000931314 
1 11 11 0.988277 0.0048121 0.00099422 
2 11 11 0.996809 0.00480022 0.00091295 
3 11 11 1.00473 0.00416839 0.000714318 
4 11 11 1.01108 0.00308994 0.000456569 
5 11 11 1.0153 0.00183754 0.000204175 
6 11 11 1.01738 0.000690659 1.02196e-05 
7 11 11 1.01769 -0.000166362 -0.000100516 
8 11 11 1.01683 -0.000675114 -0.000132373 
9 11 11 1.01538 -0.000874605 -0.000108458 
10 11 11 1.01379 -0.00084678 -5.62196e-05 
11 11 11 1.01237 -0.000673375 5.80182e-06 
12 11 11 1.0113 -0.000423061 6.72041e-05 
13 11 11 1.01071 -0.00017568 0.000103607 
14 11 11 1.01061 -0.000266922 4.46836e-05 
15 11 11 1.01344 0.0077401 0.00129029 
0 12 12 0.209023 0.000196906 9.01819e-05 
1 12 12 0.21079 0.000257589 8.86001e-05 
2 12 12 0.212835 0.000282681 8.0133e-05 
3 12 12 0.214869 0.000266891 6.30052e-05 
4 12 12 0.216612 0.00021685 4.47094e-05 
5 12 12 0.217875 0.000145567 2.7327e-05 
6 12 12 0.218595 7.19047e-05 1.49311e-05 
7 12 12 0.218822 1.02794e-05 8.15026e-06 
8 12 12 0.218682 -3.15245e-05 6.2e-06 
9 12 12 0.218322 -5.33639e-05 6.73831e-06 
10 12 12 0.217873 -5.88537e-05 7.93553e-06 
11 12 12 0.217433 -5.27644e-05 9.53089e-06 
12 12 12 0.217065 -3.96421e-05 1.24439e-05 
13 12 12 0.216808 -2.78542e-05 9.3045e-06 
14 12 12 0.216536 -9.02608e-05 -2.88434e-05 
15 12 12 0.215027 0.00469361 0.000713033 
0 13 13 0 0 0 
1 13 13 0 0 0 
2 13 13 0 0 0 
3 13 13 0 0 0 
4 13 13 0 0 0 
5 13 13 0 0 0 
6 13 13 0 0 0 
7 13 13 0 0 0 
8 13 13 0 0 0 
9 13 13 0 0 0 
10 13 13 0 0 0 
11 13 13 0 0 0 
12 13 13 0 0 0 
13 13 13 0 0 0 
14 13 13 0 0 0 
15 13 13 0 0 0 
0 14 14 0 0 0 
1 14 14 0 0 0 
2 14 14 0 0 0 
3 14 14 0 0 0 
4 14 14 0 0 0 
5 14 14 0 0 0 
6 14 14 0 0 0 
7 14 14 0 0 0 
8 14 14 0 0 0 
9 14 14 0 0 0 
10 14 14 0 0 0 
11 14 14 0 0 0 
12 14 14 0 0 0 
13 14 14 0 0 0 
14 14 14 0 0 0 
15 14 14 0 0 0 
0 15 15 0 0 0 
1 15 15 0 0 0 
2 15 15 0 0 0 
3 15 15 0 0 0 
4 15 15 0 0 0 
5 15 15 0 0 0 
6 15 15 0 0 0 
7 15 15 0 0 0 
8 15 15 0 0 0 
9 15 15 0 0 0 
10 15 15 0 0 0 
11 15 15 0 0 0 
12 15 15 0 0 0 
13 15 15 0 0 0 
14 15 15 0 0 0 
15 15 15 0 0 0 
0 0 0 0 0 0 
1 0 0 0 0 0 
2 0 0 0 0 0 
3 0 0 0 0 0 
4 0 0 0 0 0 
5 0 0 0 0 0 
6 0 0 0 0 0 
7 0 0 0 0 0 
8 0 0 0 0 0 
9 0 0 0 0 0 
10 0 0 0 0 0 
11 0 0 0 0 0 
12 0 0 0 0 0 
13 0 0 0 0 0 
14 0 0 0 0 0 
15 0 0 0 0 0 
0 1 1 0 0 0 
1 1 1 0 0 0 
2 1 1 0 0 0 
3 1 1 0 0 0 
4 1 1 0 0 0 
5 1 1 0 0 0 
6 1 1 0 0 0 
7 1 1 0 0 0 
8 1 1 0 0 0 
9 1 1 0 0 0 
10 1 1 0 0 0 
11 1 1 0 0 0 
12 1 1 0 0 0 
13 1 1 0 0 0 
14 1 1 0 0 0 
15 1 1 0 0 0 
0 2 2 0 0 0 
1 2 2 0 0 0 
2 2 2 0 0 0 
3 2 2 0 0 0 
4 2 2 0 0 0 
5 2 2 0 0 0 
6 2 2 0 0 0 
7 2 2 0 0 0 
8 2 2 0 0 0 
9 2 2 0 0 0 
10 2 2 0 0 0 
11 2 2 0 0 0 
12 2 2 0 0 0 
13 2 2 0 0 0 
14 2 2 0 0 0 
15 2 2 0 0 0 
0 3 3 0 0 0 
1 3 3 0 0 0 
2 3 3 0 0 0 
3 3 3 0 0 0 
4 3 3 0 0 0 
5 3 3 0 0 0 
6 3 3 0 0 0 
7 3 3 0 0 0 
8 3 3 0 0 0 
9 3 3 0 0 0 
10 3 3 0 0 0 
11 3 3 0 0 0 
12 3 3 0 0 0 
13 3 3 0 0 0 
14 3 3 0 0 0 
15 3 3 0 0 0 
0 4 4 0.532822 -0.00104468 -0.000124761 
1 4 4 0.536857 -0.00134888 0.000129133 
2 4 4 0.541507 -0.00142532 0.000316042 
3 4 4 0.545981 -0.00128611 0.000404268 
4 4 4 0.549622 -0.000970524 0.000385079 
5 4 4 0.552 -0.000569348 0.000283835 
6 4 4 0.553029 -0.000181304 0.000139387 
7 4 4 0.552905 0.00012182 -1.10412e-05 
8 4 4 0.551986 0.000307717 -0.000149997 
9 4 4 0.550644 0.000380963 -0.000264972 
10 4 4 0.549186 0.000368596 -0.000344742 
11 4 4 0.54784 0.00030256 -0.000377907 
12 4 4 0.546756 0.000211196 -0.000362949 
13 4 4 0.546013 0.000131316 -0.000321618 
14 4 4 0.545465 0.000283911 -0.000376736 
15 4 4 0.546182 -0.00612133 0.00241388 
0 5 5 1.39089 -0.00556968 0.00207013 
1 5 5 1.39713 -0.00737006 0.00307941 
2 5 5 1.4048 -0.00782735 0.00358056 
3 5 5 1.41248 -0.00692996 0.00346882 
4 5 5 1.41875 -0.00498151 0.00279968 
5 5 5 1.42262 -0.00254929 0.00178406 
6 5 5 1.42382 -0.000256798 0.000698279 
7 5 5 1.42276 0.00145776 -0.000237185 
8 5 5 1.42024 0.00244001 -0.000919063 
9 5 5 1.41709 0.00275725 -0.00134507 
10 5 5 1.41391 0.00258273 -0.00154741 
11 5 5 1.41114 0.00209868 -0.00155908 
12 5 5 1.40902 0.00146207 -0.00141105 
13 5 5 1.40767 0.000821701 -0.00116703 
14 5 5 1.40729 0.00044048 -0.000997065 
15 5 5 1.40957 -0.00578745 0.00260318 
0 6 6 1.97321 -0.00560674 0.00715242 
1 6 6 1.96815 -0.00944003 0.00945699 
2 6 6 1.96468 -0.0113677 0.0104882 
3 6 6 1.96322 -0.0110228 0.00995375 
4 6 6 1.96356 -0.00853007 0.00792106 
5 6 6 1.96487 -0.00464983 0.00493715 
6 6 6 1.96611 -0.000546474 0.00184907 
7 6 6 1.96661 0.00275728 -0.000630941 
8 6 6 1.96627 0.00478187 -0.00221585 
9 6 6 1.96532 0.00555431 -0.00298651 
10 6 6 1.96403 0.00536512 -0.00315904 
11 6 6 1.96262 0.0045472 -0.00292852 
12 6 6 1.96125 0.00338595 -0.00242919 
13 6 6 1.96005 0.00210644 -0.00176518 
14 6 6 1.9592 0.000822102 -0.000977191 
15 6 6 1.95862 -0.00330166 0.00265369 
0 7 7 2.32112 0.00148111 0.00997111 
1 7 7 2.30726 -0.00184676 0.014097 
2 7 7 2.29231 -0.00424075 0.0164442 
3 7 7 2.27857 -0.00525743 0.0163995 
4 7 7 2.26813 -0.0046785 0.0137489 
5 7 7 2.26208 -0.00272804 0.00908681 
6 7 7 2.26016 -9.0472e-05 0.00380402 
7 7 7 2.26119 0.00240906 -0.000635567 
8 7 7 2.26378 0.00420352 -0.00347708 
9 7 7 2.26687 0.00511222 -0.0047619 
10 7 7 2.26974 0.00522323 -0.00491116 
11 7 7 2.27198 0.00473459 -0.0043501 
12 7 7 2.27339 0.00386261 -0.00337924 
13 7 7 2.27395 0.00279921 -0.00218625 
14 7 7 2.27368 0.00167372 -0.000822222 
15 7 7 2.27253 -0.000339071 0.00299085 
0 8 8 2.34358 0.0084945 0.0101314 
1 8 8 2.3302 0.00806149 0.0149194 
2 8 8 2.31504 0.00727817 0.0177321 
3 8 8 2.30063 0.00618056 0.0178703 
4 8 8 2.28934 0.00486068 0.0150727 
5 8 8 2.28263 0.00352811 0.00997341 
6 8 8 2.2805 0.00247672 0.00410705 
7 8 8 2.28186 0.00190256 -0.000874624 
8 8 8 2.28529 0.00176694 -0.00407318 
9 8 8 2.28957 0.0018603 -0.00548081 
10 8 8 2.29382 0.00196413 -0.00554533 
11 8 8 2.29746 0.00196307 -0.00475908 
12 8 8 2.30014 0.00184066 -0.00349922 
13 8 8 2.30174 0.00164609 -0.002014 
14 8 8 2.30222 0.00147253 -0.00039582 
15 8 8 2.30154 0.0020175 0.00356349 
0 9 9 2.03897 0.0119128 0.00940646 
1 9 9 2.03411 0.0134064 0.0127832 
2 9 9 2.02969 0.0136022 0.0142297 
3 9 9 2.02682 0.0123112 0.013395 
4 9 9 2.026 0.00968698 0.0104311 
5 9 9 2.02695 0.00634391 0.00615417 
6 9 9 2.0289 0.00315398 0.00179539 
7 9 9 2.03114 0.000789229 -0.00159583 
8 9 9 2.03332 -0.000560603 -0.00357434 
9 9 9 2.0353 -0.00108542 -0.00424494 
10 9 9 2.03703 -0.00108697 -0.00396416 
11 9 9 2.0384 -0.000808555 -0.00310425 
12 9 9 2.03936 -0.0003911 -0.00195795 
13 9 9 2.03991 9.60935e-05 -0.000734912 
14 9 9 2.04016 0.000679973 0.000482201 
15 9 9 2.04006 0.00384013 0.00425769 
0 10 10 1.49821 0.00844135 0.0060767 
1 10 10 1.5051 0.00969609 0.00713053 
2 10 10 1.51291 0.00976202 0.00706729 
3 10 10 1.52071 0.00860489 0.00594985 
4 10 10 1.52743 0.00650046 0.00409619 
5 10 10 1.53224 0.00398699 0.00201006 
6 10 10 1.53488 0.00165396 0.000197419 
7 10 10 1.53567 -0.000101398 -0.00102511 
8 10 10 1.53523 -0.00116481 -0.00159212 
9 10 10 1.53417 -0.00162487 -0.00161832 
10 10 10 1.53295 -0.00164634 -0.00128841 
11 10 10 1.53185 -0.00138403 -0.000775114 
12 10 10 1.53104 -0.000955722 -0.000210944 
13 10 10 1.53062 -0.000470289 0.00029417 
14 10 10 1.53086 -0.000104509 0.000611066 
15 10 10 1.53292 0.00560253 0.00414187 
0 11 11 0.655916 0.00161277 0.00136915 
1 11 11 0.661567 0.00199689 0.00140818 
2 11 11 0.667662 0.00210291 0.00126085 
3 11 11 0.67337 0.00191652 0.000977921 
4 11 11 0.677978 0.00149512 0.000634037 
5 11 11 0.68108 0.000949867 0.000304219 
6 11 11 0.682627 0.000411484 5.39759e-05 
7 11 11 0.682874 -2.387e-05 -8.75841e-05 
8 11 11 0.682231 -0.00031286 -0.000125613 
9 11 11 0.681117 -0.000458677 -8.91098e-05 
10 11 11 0.679876 -0.000489456 -1.34441e-05 
11 11 11 0.678746 -0.000438667 7.31609e-05 
12 11 11 0.677875 -0.000336348 0.000150234 
13 11 11 0.677336 -0.000227101 0.000190776 
14 11 11 0.677022 -0.000381185 7.46945e-05 
15 11 11 0.678685 0.00641072 0.0031911 
0 12 12 0.0788573 3.91862e-05 3.66345e-05 
1 12 12 0.0794758 6.54163e-05 2.9592e-05 
2 12 12 0.0802342 8.24416e-05 2.10234e-05 
3 12 12 0.0810322 8.4726e-05 1.28384e-05 
4 12 12 0.0817377 7.39134e-05 6.91149e-06 
5 12 12 0.0822717 5.30526e-05 3.06046e-06 
6 12 12 0.0825963 2.88745e-05 2.29612e-06 
7 12 12 0.0827212 6.74514e-06 3.70553e-06 
8 12 12 0.082691 -9.71379e-06 6.41491e-06 
9 12 12 0.0825628 -1.95254e-05 9.35712e-06 
10 12 12 0.0823893 -2.34618e-05 1.16623e-05 
11 12 12 0.0822114 -2.29512e-05 1.30489e-05 
12 12 12 0.0820563 -1.9134e-05 1.328e-05 
13 12 12 0.0819388 -1.53364e-05 1.09825e-05 
14 12 12 0.081783 -4.32045e-05 8.70021e-07 
15 12 12 0.0805182 0.00212247 0.00113995 
0 13 13 0 0 0 
1 13 13 0 0 0 
2 13 13 0 0 0 
3 13 13 0 0 0 
4 13 13 0 0 0 
5 13 13 0 0 0 
6 13 13 0 0 0 
7 13 13 0 0 0 
8 13 13 0 0 0 
9 13 13 0 0 0 
10 13 13 0 0 0 
11 13 13 0 0 0 
12 13 13 0 0 0 
13 13 13 0 0 0 
14 13 13 0 0 0 
15 13 13 0 0 0 
0 14 14 0 0 0 
1 14 14 0 0 0 
2 14 14 0 0 0 
3 14 14 0 0 0 
4 14 14 0 0 0 
5 14 14 0 0 0 
6 14 14 0 0 0 
7 14 14 0 0 0 
8 14 14 0 0 0 
9 14 14 0 0 0 
10 14 14 0 0 0 
11 14 14 0 0 0 
12 14 14 0 0 0 
13 14 14 0 0 0 
14 14 14 0 0 0 
15 14 14 0 0 0 
0 15 15 0 0 0 
1 15 15 0 0 0 
2 15 15 0 0 0 
3 15 15 0 0 0 
4 15 15 0 0 0 
5 15 15 0 0 0 
6 15 15 0 0 0 
7 15 15 0 0 0 
8 15 15 0 0 0 
9 15 15 0 0 0 
10 15 15 0 0 0 
11 15 15 0 0 0 
12 15 15 0 0 0 
13 15 15 0 0 0 
14 15 15 0 0 0 
15 15 15 0 0 0 
0 0 0 0 0 0 
1 0 0 0 0 0 
2 0 0 0 0 0 
3 0 0 0 0 0 
4 0 0 0 0 0 
5 0 0 0 0 0 
6 0 0 0 0 0 
7 0 0 0 0 0 
8 0 0 0 0 0 
9 0 0 0 0 0 
10 0 0 0 0 0 
11 0 0 0 0 0 
12 0 0 0 0 0 
13 0 0 0 0 0 
14 0 0 0 0 0 
15 0 0 0 0 0 
0 1 1 0 0 0 
1 1 1 0 0 0 
2 1 1 0 0 0 
3 1 1 0 0 0 
4 1 1 0 0 0 
5 1 1 0 0 0 
6 1 1 0 0 0 
7 1 1 0 0 0 
8 1 1 0 0 0 
9 1 1 0 0 0 
10 1 1 0 0 0 
11 1 1 0 0 0 
12 1 1 0 0 0 
13 1 1 0 0 0 
14 1 1 0 0 0 
15 1 1 0 0 0 
0 2 2 0 0 0 
1 2 2 0 0 0 
2 2 2 0 0 0 
3 2 2 0 0 0 
4 2 2 0 0 0 
5 2 2 0 0 0 
6 2 2 0 0 0 
7 2 2 0 0 0 
8 2 2 0 0 0 
9 2 2 0 0 0 
10 2 2 0 0 0 
11 2 2 0 0 0 
12 2 2 0 0 0 
13 2 2 0 0 0 
14 2 2 0 0 0 
15 2 2 0 0 0 
0 3 3 0 0 0 
1 3 3 0 0 0 
2 3 3 0 0 0 
3 3 3 0 0 0 
4 3 3 0 0 0 
5 3 3 0 0 0 
6 3 3 0 0 0 
7 3 3 0 0 0 
8 3 3 0 0 0 
9 3 3 0 0 0 
10 3 3 0 0 0 
11 3 3 0 0 0 
12 3 3 0 0 0 
13 3 3 0 0 0 
14 3 3 0 0 0 
15 3 3 0 0 0 
0 4 4 0.244968 -0.000361554 -0.000177707 
1 4 4 0.246765 -0.0004089 -3.96499e-05 
2 4 4 0.248963 -0.000403161 7.44795e-05 
3 4 4 0.251191 -0.000351226 0.000143544 
4 4 4 0.253105 -0.000263292 0.000158076 
5 4 4 0.254471 -0.00016275 0.000125884 
6 4 4 0.255194 -7.08331e-05 6.40901e-05 
7 4 4 0.255329 -3.72152e-06 -7.10522e-06 
8 4 4 0.255025 3.36548e-05 -7.55324e-05 
9 4 4 0.254463 4.20791e-05 -0.000132035 
10 4 4 0.253797 3.11214e-05 -0.00017028 
11 4 4 0.253149 1.09928e-05 -0.000186886 
12 4 4 0.252595 -9.99337e-06 -0.000182255 
13 4 4 0.25218 -2.23494e-05 -0.000166374 
14 4 4 0.251743 6.1179e-05 -0.000210296 
15 4 4 0.25038 -0.00414495 0.00270484 
0 5 5 0.805428 -0.00243691 0.000437213 
1 5 5 0.811368 -0.00277214 0.00109339 
2 5 5 0.818093 -0.00267834 0.00150386 
3 5 5 0.824476 -0.0022157 0.00159514 
4 5 5 0.829552 -0.00151741 0.00137169 
5 5 5 0.832757 -0.000763563 0.000923982 
6 5 5 0.834001 -0.000117213 0.000388428 
7 5 5 0.833609 0.000320639 -0.000112288 
8 5 5 0.832125 0.000528774 -0.000506119 
9 5 5 0.83011 0.000540618 -0.00077097 
10 5 5 0.828009 0.000422094 -0.000907695 
11 5 5 0.826133 0.000238711 -0.000930487 
12 5 5 0.824665 4.45545e-05 -0.000858532 
13 5 5 0.823697 -0.000106953 -0.000738473 
14 5 5 0.823129 2.51055e-05 -0.000815657 
15 5 5 0.82538 -0.00548884 0.0046772 
0 6 6 1.40701 -0.00490427 0.00461057 
1 6 6 1.41332 -0.0060543 0.00622405 
2 6 6 1.42099 -0.00607695 0.00685842 
3 6 6 1.42868 -0.00506146 0.00639457 
4 6 6 1.43504 -0.00333091 0.00498584 
5 6 6 1.4391 -0.00137735 0.00303853 
6 6 6 1.44056 0.000317091 0.00106125 
7 6 6 1.43981 0.00144662 -0.000558224 
8 6 6 1.43763 0.00194345 -0.00165231 
9 6 6 1.43479 0.00190767 -0.00223627 
10 6 6 1.43192 0.00151675 -0.00240553 
11 6 6 1.42942 0.000946473 -0.00226751 
12 6 6 1.42749 0.000338706 -0.00191596 
13 6 6 1.42628 -0.000190234 -0.00146052 
14 6 6 1.42597 -0.000469786 -0.00114259 
15 6 6 1.42823 -0.00423622 0.00496049 
0 7 7 1.70497 -0.00243259 0.00955633 
1 7 7 1.70718 -0.00388558 0.0122124 
2 7 7 1.71102 -0.0042953 0.0130645 
3 7 7 1.71585 -0.00368343 0.0119189 
4 7 7 1.72067 -0.00229452 0.00906951 
5 7 7 1.72438 -0.000572245 0.00530772 
6 7 7 1.72631 0.000992958 0.00163159 
7 7 7 1.72646 0.00204857 -0.00121244 
8 7 7 1.72532 0.00247633 -0.00295301 
9 7 7 1.72352 0.00235 -0.00369291 
10 7 7 1.72154 0.00184106 -0.00369193 
11 7 7 1.71973 0.00113773 -0.00320464 
12 7 7 1.71824 0.00040152 -0.00243107 
13 7 7 1.71723 -0.000246404 -0.00153905 
14 7 7 1.7169 -0.000721825 -0.000665008 
15 7 7 1.71763 -0.00231865 0.00531683 
0 8 8 1.72935 0.00181507 0.011223 
1 8 8 1.73153 0.00135139 0.014093 
2 8 8 1.73515 0.00118709 0.0148478 
3 8 8 1.73978 0.00124493 0.0133308 
4 8 8 1.74453 0.00142018 0.0099353 
5 8 8 1.74838 0.00159902 0.00560115 
6 8 8 1.75067 0.0016907 0.00147136 
7 8 8 1.75135 0.00163292 -0.00162003 
8 8 8 1.75086 0.00140375 -0.00339172 
9 8 8 1.74973 0.00102434 -0.00399415 
10 8 8 1.74841 0.000552304 -0.0037589 
11 8 8 1.74716 6.66328e-05 -0.0030101 
12 8 8 1.74612 -0.000354374 -0.0020004 
13 8 8 1.74542 -0.000655003 -0.00092945 
14 8 8 1.74528 -0.00080189 6.80845e-05 
15 8 8 1.74598 6.97445e-05 0.00600408 
0 9 9 1.47861 0.00345184 0.00881238 
1 9 9 1.48528 0.00406315 0.0104666 
2 9 9 1.49302 0.0043406 0.0105134 
3 9 9 1.50079 0.00416207 0.00900561 
4 9 9 1.50743 0.00353622 0.0063696 
5 9 9 1.51205 0.0026094 0.00332009 
6 9 9 1.51438 0.00159523 0.000598413 
7 9 9 1.51474 0.000674641 -0.00131461 
8 9 9 1.51379 -6.10179e-05 -0.00229981 
9 9 9 1.51221 -0.000593642 -0.00249744 
10 9 9 1.51049 -0.000938005 -0.00215438 
11 9 9 1.50897 -0.00111181 -0.00150822 
12 9 9 1.50783 -0.00112983 -0.000742957 
13 9 9 1.50717 -0.00102599 -1.62928e-05 
14 9 9 1.50725 -0.000897767 0.00045758 
15 9 9 1.50933 0.00248566 0.00639174 
0 10 10 0.958081 0.00160716 0.00377432 
1 10 10 0.965775 0.00224833 0.00410887 
2 10 10 0.974054 0.0025776 0.00386054 
3 10 10 0.981772 0.00252059 0.00312877 
4 10 10 0.987944 0.00210431 0.00211431 
5 10 10 0.992006 0.00144899 0.00106336 
6 10 10 0.993917 0.00072457 0.000197796 
7 10 10 0.994056 7.48992e-05 -0.000358372 
8 10 10 0.993015 -0.000418721 -0.000594208 
9 10 10 0.991383 -0.00073523 -0.000574817 
10 10 10 0.989626 -0.00088858 -0.000396637 
11 10 10 0.988064 -0.000906202 -0.000146527 
12 10 10 0.986882 -0.000818915 0.000111207 
13 10 10 0.986175 -0.000679375 0.000305717 
14 10 10 0.985928 -0.000754249 0.000163202 
15 10 10 0.989139 0.00483834 0.00583251 
0 11 11 0.305458 0.00011801 0.000669468 
1 11 11 0.308065 0.000276065 0.000662566 
2 11 11 0.311015 0.000380813 0.000582308 
3 11 11 0.313884 0.000410861 0.000452467 
4 11 11 0.316291 0.000365378 0.000304347 
5 11 11 0.317988 0.000261444 0.000165243 
6 11 11 0.318905 0.000133287 6.11197e-05 
7 11 11 0.319133 1.03125e-05 3.40984e-06 
8 11 11 0.318863 -8.74939e-05 -1.04601e-05 
9 11 11 0.318308 -0.000152304 6.8693e-06 
10 11 11 0.317649 -0.000184674 3.96038e-05 
11 11 11 0.31702 -0.000189404 7.48301e-05 
12 11 11 0.316506 -0.000172121 0.000103691 
13 11 11 0.316146 -0.000146031 0.000111942 
14 11 11 0.315796 -0.00022184 9.35787e-06 
15 11 11 0.315144 0.00436978 0.00326209 
0 12 12 0 0 0 
1 12 12 0 0 0 
2 12 12 0 0 0 
3 12 12 0 0 0 
4 12 12 0 0 0 
5 12 12 0 0 0 
6 12 12 0 0 0 
7 12 12 0 0 0 
8 12 12 0 0 0 
9 12 12 0 0 0 
10 12 12 0 0 0 
11 12 12 0 0 0 
12 12 12 0 0 0 
13 12 12 0 0 0 
14 12 12 0 0 0 
15 12 12 0 0 0 
0 13 13 0 0 0 
1 13 13 0 0 0 
2 13 13 0 0 0 
3 13 13 0 0 0 
4 13 13 0 0 0 
5 13 13 0 0 0 
6 13 13 0 0 0 
7 13 13 0 0 0 
8 13 13 0 0 0 
9 13 13 0 0 0 
10 13 13 0 0 0 
11 13 13 0 0 0 
12 13 13 0 0 0 
13 13 13 0 0 0 
14 13 13 0 0 0 
15 13 13 0 0 0 
0 14 14 0 0 0 
1 14 14 0 0 0 
2 14 14 0 0 0 
3 14 14 0 0 0 
4 14 14 0 0 0 
5 14 14 0 0 0 
6 14 14 0 0 0 
7 14 14 0 0 0 
8 14 14 0 0 0 
9 14 14 0 0 0 
10 14 14 0 0 0 
11 14 14 0 0 0 
12 14 14 0 0 0 
13 14 14 0 0 0 
14 14 14 0 0 0 
15 14 14 0 0 0 
0 15 15 0 0 0 
1 15 15 0 0 0 
2 15 15 0 0 0 
3 15 15 0 0 0 
4 15 15 0 0 0 
5 15 15 0 0 0 
6 15 15 0 0 0 
7 15 15 0 0 0 
8 15 15 0 0 0 
9 15 15 0 0 0 
10 15 15 0 0 0 
11 15 15 0 0 0 
12 15 15 0 0 0 
13 15 15 0 0 0 
14 15 15 0 0 0 
15 15 15 0 0 0 
0 0 0 0 0 0 
1 0 0 0 0 0 
2 0 0 0 0 0 
3 0 0 0 0 0 
4 0 0 0 0 0 
5 0 0 0 0 0 
6 0 0 0 0 0 
7 0 0 0 0 0 
8 0 0 0 0 0 
9 0 0 0 0 0 
10 0 0 0 0 0 
11 0 0 0 0 0 
12 0 0 0 0 0 
13 0 0 0 0 0 
14 0 0 0 0 0 
15 0 0 0 0 0 
0 1 1 0 0 0 
1 1 1 0 0 0 
2 1 1 0 0 0 
3 1 1 0 0 0 
4 1 1 0 0 0 
5 1 1 0 0 0 
6 1 1 0 0 0 
7 1 1 0 0 0 
8 1 1 0 0 0 
9 1 1 0 0 0 
10 1 1 0 0 0 
11 1 1 0 0 0 
12 1 1 0 0 0 
13 1 1 0 0 0 
14 1 1 0 0 0 
15 1 1 0 0 0 
0 2 2 0 0 0 
1 2 2 0 0 0 
2 2 2 0 0 0 
3 2 2 0 0 0 
4 2 2 0 0 0 
5 2 2 0 0 0 
6 2 2 0 0 0 
7 2 2 0 0 0 
8 2 2 0 0 0 
9 2 2 0 0 0 
10 2 2 0 0 0 
11 2 2 0 0 0 
12 2 2 0 0 0 
13 2 2 0 0 0 
14 2 2 0 0 0 
15 2 2 0 0 0 
0 3 3 0 0 0 
1 3 3 0 0 0 
2 3 3 0 0 0 
3 3 3 0 0 0 
4 3 3 0 0 0 
5 3 3 0 0 0 
6 3 3 0 0 0 
7 3 3 0 0 0 
8 3 3 0 0 0 
9 3 3 0 0 0 
10 3 3 0 0 0 
11 3 3 0 0 0 
12 3 3 0 0 0 
13 3 3 0 0 0 
14 3 3 0 0 0 
15 3 3 0 0 0 
0 4 4 0 0 0 
1 4 4 0 0 0 
2 4 4 0 0 0 
3 4 4 0 0 0 
4 4 4 0 0 0 
5 4 4 0 0 0 
6 4 4 0 0 0 
7 4 4 0 0 0 
8 4 4 0 0 0 
9 4 4 0 0 0 
10 4 4 0 0 0 
11 4 4 0 0 0 
12 4 4 0 0 0 
13 4 4 0 0 0 
14 4 4 0 0 0 
15 4 4 0 0 0 
0 5 5 0.254039 -0.000586005 -0.000117208 
1 5 5 0.255933 -0.000560401 3.91098e-05 
2 5 5 0.258231 -0.000479455 0.000161166 
3 5 5 0.260552 -0.000363446 0.000227989 
4 5 5 0.262541 -0.00023905 0.000227149 
5 5 5 0.26396 -0.000130353 0.000171395 
6 5 5 0.264712 -5.19466e-05 8.4836e-05 
7 5 5 0.264855 -1.18008e-05 -7.61347e-06 
8 5 5 0.264546 -6.44462e-06 -8.82291e-05 
9 5 5 0.263974 -2.76443e-05 -0.000148771 
10 5 5 0.263301 -6.10048e-05 -0.000184857 
11 5 5 0.262648 -9.42076e-05 -0.000197299 
12 5 5 0.262092 -0.000117978 -0.000188635 
13 5 5 0.261677 -0.000123638 -0.000169088 
14 5 5 0.261241 -4.2462e-05 -0.000228251 
15 5 5 0.259907 -0.00301743 0.00403657 
0 6 6 0.552862 -0.00163122 0.000470405 
1 6 6 0.557151 -0.0015319 0.000918744 
2 6 6 0.562008 -0.00125546 0.00117412 
3 6 6 0.566647 -0.000880251 0.00120574 
4 6 6 0.570427 -0.000495833 0.00101549 
5 6 6 0.57291 -0.000180946 0.000669594 
6 6 6 0.574013 1.87032e-05 0.000276195 
7 6 6 0.573946 9.12107e-05 -7.9841e-05 
8 6 6 0.573072 5.8842e-05 -0.000347106 
9 6 6 0.57178 -4.30117e-05 -0.00051382 
10 6 6 0.570388 -0.000171906 -0.000586034 
11 6 6 0.56912 -0.000292272 -0.000581019 
12 6 6 0.56811 -0.000379235 -0.000517759 
13 6 6 0.567429 -0.000414122 -0.000431396 
14 6 6 0.566936 -0.000286242 -0.000540349 
15 6 6 0.56773 -0.00328312 0.00597852 
0 7 7 0.866801 -0.0022727 0.00232501 
1 7 7 0.873424 -0.00201729 0.00310886 
2 7 7 0.880737 -0.00150456 0.00337712 
3 7 7 0.887605 -0.000891659 0.003106 
4 7 7 0.893048 -0.000317759 0.00239838 
5 7 7 0.896521 9.68757e-05 0.00144845 
6 7 7 0.897946 0.000292355 0.000499239 
7 7 7 0.897683 0.000277869 -0.000271204 
8 7 7 0.896299 0.00010959 -0.000781436 
9 7 7 0.894373 -0.000141203 -0.00103642 
10 7 7 0.892366 -0.000406186 -0.00108402 
11 7 7 0.89059 -0.000630651 -0.000983119 
12 7 7 0.889225 -0.00077899 -0.000788363 
13 7 7 0.888364 -0.000836263 -0.000575373 
14 7 7 0.887953 -0.000741734 -0.000686645 
15 7 7 0.890303 -0.00222839 0.00716933 
0 8 8 0.916489 -0.00172647 0.00349825 
1 8 8 0.923628 -0.0013002 0.00416305 
2 8 8 0.931446 -0.000725816 0.00420538 
3 8 8 0.938766 -0.00016135 0.00365766 
4 8 8 0.944578 0.000264873 0.00268372 
5 8 8 0.948315 0.000473485 0.00153478 
6 8 8 0.949912 0.000458118 0.000474693 
7 8 8 0.949746 0.000267644 -0.000317601 
8 8 8 0.948408 -2.32781e-05 -0.000781939 
9 8 8 0.946499 -0.000341071 -0.000951446 
10 8 8 0.944496 -0.000626797 -0.000903838 
11 8 8 0.942725 -0.00083824 -0.000720088 
12 8 8 0.941374 -0.000950676 -0.000468813 
13 8 8 0.940536 -0.000962573 -0.000234155 
14 8 8 0.940179 -0.000915521 -0.000376273 
15 8 8 0.942785 0.000366646 0.00755491 
0 9 9 0.628414 -0.000729105 0.00211541 
1 9 9 0.633602 -0.000307871 0.00235291 
2 9 9 0.639299 0.000103786 0.00226485 
3 9 9 0.644669 0.000405623 0.00189669 
4 9 9 0.649 0.000539588 0.00134882 
5 9 9 0.651872 0.00049821 0.00075172 
6 9 9 0.653226 0.00032272 0.000233652 
7 9 9 0.653304 7.6797e-05 -0.000126554 
8 9 9 0.652506 -0.000180871 -0.000311189 
9 9 9 0.651254 -0.00040489 -0.000346882 
10 9 9 0.649892 -0.000572013 -0.000282547 
11 9 9 0.648659 -0.000668501 -0.000165108 
12 9 9 0.647697 -0.00069031 -3.12893e-05 
13 9 9 0.647081 -0.000653862 7.31606e-05 
14 9 9 0.646707 -0.000673953 -9.91514e-05 
15 9 9 0.648081 0.00233214 0.00671456 
0 10 10 0.286363 -0.000245316 0.000632791 
1 10 10 0.288749 -4.86683e-05 0.000653579 
2 10 10 0.291483 0.00012193 0.000598382 
3 10 10 0.294163 0.000229597 0.000485455 
4 10 10 0.296424 0.000257756 0.00034262 
5 10 10 0.298021 0.000211645 0.000197249 
6 10 10 0.298884 0.000117123 7.94648e-05 
7 10 10 0.299092 4.3075e-06 4.98971e-06 
8 10 10 0.298823 -0.000101901 -2.55635e-05 
9 10 10 0.298278 -0.000186861 -1.98696e-05 
10 10 10 0.297635 -0.0002421 5.10753e-06 
11 10 10 0.297019 -0.000267069 3.73661e-05 
12 10 10 0.29651 -0.000263496 6.8398e-05 
13 10 10 0.296148 -0.000242787 8.36651e-05 
14 10 10 0.295781 -0.000295979 -1.85857e-05 
15 10 10 0.295003 0.00285505 0.00445604 
0 11 11 0 0 0 
1 11 11 0 0 0 
2 11 11 0 0 0 
3 11 11 0 0 0 
4 11 11 0 0 0 
5 11 11 0 0 0 
6 11 11 0 0 0 
7 11 11 0 0 0 
8 11 11 0 0 0 
9 11 11 0 0 0 
10 11 11 0 0 0 
11 11 11 0 0 0 
12 11 11 0 0 0 
13 11 11 0 0 0 
14 11 11 0 0 0 
15 11 11 0 0 0 
0 12 12 0 0 0 
1 12 12 0 0 0 
2 12 12 0 0 0 
3 12 12 0 0 0 
4 12 12 0 0 0 
5 12 12 0 0 0 
6 12 12 0 0 0 
7 12 12 0 0 0 
8 12 12 0 0 0 
9 12 12 0 0 0 
10 12 12 0 0 0 
11 12 12 0 0 0 
12 12 12 0 0 0 
13 12 12 0 0 0 
14 12 12 0 0 0 
15 12 12 0 0 0 
0 13 13 0 0 0 
1 13 13 0 0 0 
2 13 13 0 0 0 
3 13 13 0 0 0 
4 13 13 0 0 0 
5 13 13 0 0 0 
6 13 13 0 0 0 
7 13 13 0 0 0 
8 13 13 0 0 0 
9 13 13 0 0 0 
10 13 13 0 0 0 
11 13 13 0 0 0 
12 13 13 0 0 0 
13 13 13 0 0 0 
14 13 13 0 0 0 
15 13 13 0 0 0 
0 14 14 0 0 0 
1 14 14 0 0 0 
2 14 14 0 0 0 
3 14 14 0 0 0 
4 14 14 0 0 0 
5 14 14 0 0 0 
6 14 14 0 0 0 
7 14 14 0 0 0 
8 14 14 0 0 0 
9 14 14 0 0 0 
10 14 14 0 0 0 
11 14 14 0 0 0 
12 14 14 0 0 0 
13 14 14 0 0 0 
14 14 14 0 0 0 
15 14 14 0 0 0 
0 15 15 0 0 0 
1 15 15 0 0 0 
2 15 15 0 0 0 
3 15 15 0 0 0 
4 15 15 0 0 0 
5 15 15 0 0 0 
6 15 15 0 0 0 
7 15 15 0 0 0 
8 15 15 0 0 0 
9 15 15 0 0 0 
10 15 15 0 0 0 
11 15 15 0 0 0 
12 15 15 0 0 0 
13 15 15 0 0 0 
14 15 15 0 0 0 
15 15 15 0 0 0 
0 0 0 0 0 0 
1 0 0 0 0 0 
2 0 0 0 0 0 
3 0 0 0 0 0 
4 0 0 0 0 0 
5 0 0 0 0 0 
6 0 0 0 0 0 
7 0 0 0 0 0 
8 0 0 0 0 0 
9 0 0 0 0 0 
10 0 0 0 0 0 
11 0 0 0 0 0 
12 0 0 0 0 0 
13 0 0 0 0 0 
14 0 0 0 0 0 
15 0 0 0 0 0 
0 1 1 0 0 0 
1 1 1 0 0 0 
2 1 1 0 0 0 
3 1 1 0 0 0 
4 1 1 0 0 0 
5 1 1 0 0 0 
6 1 1 0 0 0 
7 1 1 0 0 0 
8 1 1 0 0 0 
9 1 1 0 0 0 
10 1 1 0 0 0 
11 1 1 0 0 0 
12 1 1 0 0 0 
13 1 1 0 0 0 
14 1 1 0 0 0 
15 1 1 0 0 0 
0 2 2 0 0 0 
1 2 2 0 0 0 
2 2 2 0 0 0 
3 2 2 0 0 0 
4 2 2 0 0 0 
5 2 2 0 0 0 
6 2 2 0 0 0 
7 2 2 0 0 0 
8 2 2 0 0 0 
9 2 2 0 0 0 
10 2 2 0 0 0 
11 2 2 0 0 0 
12 2 2 0 0 0 
13 2 2 0 0 0 
14 2 2 0 0 0 
15 2 2 0 0 0 
0 3 3 0 0 0 
1 3 3 0 0 0 
2 3 3 0 0 0 
3 3 3 0 0 0 
4 3 3 0 0 0 
5 3 3 0 0 0 
6 3 3 0 0 0 
7 3 3 0 0 0 
8 3 3 0 0 0 
9 3 3 0 0 0 
10 3 3 0 0 0 
11 3 3 0 0 0 
12 3 3 0 0 0 
13 3 3 0 0 0 
14 3 3 0 0 0 
15 3 3 0 0 0 
0 4 4 0 0 0 
1 4 4 0 0 0 
2 4 4 0 0 0 
3 4 4 0 0 0 
4 4 4 0 0 0 
5 4 4 0 0 0 
6 4 4 0 0 0 
7 4 4 0 0 0 
8 4 4 0 0 0 
9 4 4 0 0 0 
10 4 4 0 0 0 
11 4 4 0 0 0 
12 4 4 0 0 0 
13 4 4 0 0 0 
14 4 4 0 0 0 
15 4 4 0 0 0 
0 5 5 0 0 0 
1 5 5 0 0 0 
2 5 5 0 0 0 
3 5 5 0 0 0 
4 5 5 0 0 0 
5 5 5 0 0 0 
6 5 5 0 0 0 
7 5 5 0 0 0 
8 5 5 0 0 0 
9 5 5 0 0 0 
10 5 5 0 0 0 
11 5 5 0 0 0 
12 5 5 0 0 0 
13 5 5 0 0 0 
14 5 5 0 0 0 
15 5 5 0 0 0 
0 6 6 0 0 0 
1 6 6 0 0 0 
2 6 6 0 0 0 
3 6 6 0 0 0 
4 6 6 0 0 0 
5 6 6 0 0 0 
6 6 6 0 0 0 
7 6 6 0 0 0 
8 6 6 0 0 0 
9 6 6 0 0 0 
10 6 6 0 0 0 
11 6 6 0 0 0 
12 6 6 0 0 0 
13 6 6 0 0 0 
14 6 6 0 0 0 
15 6 6 0 0 0 
0 7 7 0.150676 -0.000310937 4.3564e-05 
1 7 7 0.151807 -0.000220676 0.000112793 
2 7 7 0.153206 -0.000128078 0.000157605 
3 7 7 0.154651 -5.42208e-05 0.0001699 
4 7 7 0.155921 -5.67292e-06 0.000151072 
5 7 7 0.156868 1.08662e-05 0.000107112 
6 7 7 0.157413 7.69046e-07 5.35984e-05 
7 7 7 0.157582 -2.65978e-05 3.21046e-06 
8 7 7 0.157461 -6.11766e-05 -3.53735e-05 
9 7 7 0.157162 -9.45183e-05 -5.98858e-05 
10 7 7 0.156786 -0.000121014 -7.0872e-05 
11 7 7 0.156409 -0.000136602 -7.09783e-05 
12 7 7 0.156079 -0.000138986 -6.31179e-05 
13 7 7 0.155826 -0.000130647 -5.45087e-05 
14 7 7 0.155527 -0.000106868 -0.000107108 
15 7 7 0.15398 -0.000961936 0.00361474 
0 8 8 0.161913 -0.000384147 0.000164803 
1 8 8 0.163157 -0.000289481 0.000209494 
2 8 8 0.164682 -0.000186803 0.000224769 
3 8 8 0.166244 -9.69554e-05 0.000210014 
4 8 8 0.167612 -3.2724e-05 0.00017067 
5 8 8 0.168623 -2.28246e-06 0.000115004 
6 8 8 0.169201 -2.12678e-06 5.86694e-05 
7 8 8 0.169375 -2.39598e-05 1.23423e-05 
8 8 8 0.169242 -5.71894e-05 -1.82281e-05 
9 8 8 0.16892 -9.23679e-05 -3.32439e-05 
10 8 8 0.168519 -0.000122238 -3.5893e-05 
11 8 8 0.168119 -0.0001415 -3.04675e-05 
12 8 8 0.167773 -0.000146766 -2.04799e-05 
13 8 8 0.167509 -0.000138553 -1.4076e-05 
14 8 8 0.167204 -0.00012046 -7.66536e-05 
15 8 8 0.165703 0.000600178 0.00384549 
0 9 9 0 0 0 
1 9 9 0 0 0 
2 9 9 0 0 0 
3 9 9 0 0 0 
4 9 9 0 0 0 
5 9 9 0 0 0 
6 9 9 0 0 0 
7 9 9 0 0 0 
8 9 9 0 0 0 
9 9 9 0 0 0 
10 9 9 0 0 0 
11 9 9 0 0 0 
12 9 9 0 0 0 
13 9 9 0 0 0 
14 9 9 0 0 0 
15 9 9 0 0 0 
0 10 10 0 0 0 
1 10 10 0 0 0 
2 10 10 0 0 0 
3 10 10 0 0 0 
4 10 10 0 0 0 
5 10 10 0 0 0 
6 10 10 0 0 0 
7 10 10 0 0 0 
8 10 10 0 0 0 
9 10 10 0 0 0 
10 10 10 0 0 0 
11 10 10 0 0 0 
12 10 10 0 0 0 
13 10 10 0 0 0 
14 10 10 0 0 0 
15 10 10 0 0 0 
0 11 11 0 0 0 
1 11 11 0 0 0 
2 11 11 0 0 0 
3 11 11 0 0 0 
4 11 11 0 0 0 
5 11 11 0 0 0 
6 11 11 0 0 0 
7 11 11 0 0 0 
8 11 11 0 0 0 
9 11 11 0 0 0 
10 11 11 0 0 0 
11 11 11 0 0 0 
12 11 11 0 0 0 
13 11 11 0 0 0 
14 11 11 0 0 0 
15 11 11 0 0 0 
0 12 12 0 0 0 
1 12 12 0 0 0 
2 12 12 0 0 0 
3 12 12 0 0 0 
4 12 12 0 0 0 
5 12 12 0 0 0 
6 12 12 0 0 0 
7 12 12 0 0 0 
8 12 12 0 0 0 
9 12 12 0 0 0 
10 12 12 0 0 0 
11 12 12 0 0 0 
12 12 12 0 0 0 
13 12 12 0 0 0 
14 12 12 0 0 0 
15 12 12 0 0 0 
0 13 13 0 0 0 
1 13 13 0 0 0 
2 13 13 0 0 0 
3 13 13 0 0 0 
4 13 13 0 0 0 
5 13 13 0 0 0 
6 13 13 0 0 0 
7 13 13 0 0 0 
8 13 13 0 0 0 
9 13 13 0 0 0 
10 13 13 0 0 0 
11 13 13 0 0 0 
12 13 13 0 0 0 
13 13 13 0 0 0 
14 13 13 0 0 0 
15 13 13 0 0 0 
0 14 14 0 0 0 
1 14 14 0 0 0 
2 14 14 0 0 0 
3 14 14 0 0 0 
4 14 14 0 0 0 
5 14 14 0 0 0 
6 14 14 0 0 0 
7 14 14 0 0 0 
8 14 14 0 0 0 
9 14 14 0 0 0 
10 14 14 0 0 0 
11 14 14 0 0 0 
12 14 14 0 0 0 
13 14 14 0 0 0 
14 14 14 0 0 0 
15 14 14 0 0 0 
0 15 15 0 0 0 
1 15 15 0 0 0 
2 15 15 0 0 0 
3 15 15 0 0 0 
4 15 15 0 0 0 
5 15 15 0 0 0 
6 15 15 0 0 0 
7 15 15 0 0 0 
8 15 15 0 0 0 
9 15 15 0 0 0 
10 15 15 0 0 0 
11 15 15 0 0 0 
12 15 15 0 0 0 
13 15 15 0 0 0 
14 15 15 0 0 0 
15 15 15 0 0 0 
0 0 0 0 0 0 
1 0 0 0 0 0 
2 0 0 0 0 0 
3 0 0 0 0 0 
4 0 0 0 0 0 
5 0 0 0 0 0 
6 0 0 0 0 0 
7 0 0 0 0 0 
8 0 0 0 0 0 
9 0 0 0 0 0 
10 0 0 0 0 0 
11 0 0 0 0 0 
12 0 0 0 0 0 
13 0 0 0 0 0 
14 0 0 0 0 0 
15 0 0 0 0 0 
0 1 1 0 0 0 
1 1 1 0 0 0 
2 1 1 0 0 0 
3 1 1 0 0 0 
4 1 1 0 0 0 
5 1 1 0 0 0 
6 1 1 0 0 0 
7 1 1 0 0 0 
8 1 1 0 0 0 
9 1 1 0 0 0 
10 1 1 0 0 0 
11 1 1 0 0 0 
12 1 1 0 0 0 
13 1 1 0 0 0 
14 1 1 0 0 0 
15 1 1 0 0 0 
0 2 2 0 0 0 
1 2 2 0 0 0 
2 2 2 0 0 0 
3 2 2 0 0 0 
4 2 2 0 0 0 
5 2 2 0 0 0 
6 2 2 0 0 0 
7 2 2 0 0 0 
8 2 2 0 0 0 
9 2 2 0 0 0 
10 2 2 0 0 0 
11 2 2 0 0 0 
12 2 2 0 0 0 
13 2 2 0 0 0 
14 2 2 0 0 0 
15 2 2 0 0 0 
0 3 3 0 0 0 
1 3 3 0 0 0 
2 3 3 0 0 0 
3 3 3 0 0 0 
4 3 3 0 0 0 
5 3 3 0 0 0 
6 3 3 0 0 0 
7 3 3 0 0 0 
8 3 3 0 0 0 
9 3 3 0 0 0 
10 3 3 0 0 0 
11 3 3 0 0 0 
12 3 3 0 0 0 
13 3 3 0 0 0 
14 3 3 0 0 0 
15 3 3 0 0 0 
0 4 4 0 0 0 
1 4 4 0 0 0 
2 4 4 0 0 0 
3 4 4 0 0 0 
4 4 4 0 0 0 
5 4 4 0 0 0 
6 4 4 0 0 0 
7 4 4 0 0 0 
8 4 4 0 0 0 
9 4 4 0 0 0 
10 4 4 0 0 0 
11 4 4 0 0 0 
12 4 4 0 0 0 
13 4 4 0 0 0 
14 4 4 0 0 0 
15 4 4 0 0 0 
0 5 5 0 0 0 
1 5 5 0 0 0 
2 5 5 0 0 0 
3 5 5 0 0 0 
4 5 5 0 0 0 
5 5 5 0 0 0 
6 5 5 0 0 0 
7 5 5 0 0 0 
8 5 5 0 0 0 
9 5 5 0 0 0 
10 5 5 0 0 0 
11 5 5 0 0 0 
12 5 5 0 0 0 
13 5 5 0 0 0 
14 5 5 0 0 0 
15 5 5 0 0 0 
0 6 6 0 0 0 
1 6 6 0 0 0 
2 6 6 0 0 0 
3 6 6 0 0 0 
4 6 6 0 0 0 
5 6 6 0 0 0 
6 6 6 0 0 0 
7 6 6 0 0 0 
8 6 6 0 0 0 
9 6 6 0 0 0 
10 6 6 0 0 0 
11 6 6 0 0 0 
12 6 6 0 0 0 
13 6 6 0 0 0 
14 6 6 0 0 0 
15 6 6 0 0 0 
0 7 7 0 0 0 
1 7 7 0 0 0 
2 7 7 0 0 0 
3 7 7 0 0 0 
4 7 7 0 0 0 
5 7 7 0 0 0 
6 7 7 0 0 0 
7 7 7 0 0 0 
8 7 7 0 0 0 
9 7 7 0 0 0 
10 7 7 0 0 0 
11 7 7 0 0 0 
12 7 7 0 0 0 
13 7 7 0 0 0 
14 7 7 0 0 0 
15 7 7 0 0 0 
0 8 8 0 0 0 
1 8 8 0 0 0 
2 8 8 0 0 0 
3 8 8 0 0 0 
4 8 8 0 0 0 
5 8 8 0 0 0 
6 8 8 0 0 0 
7 8 8 0 0 0 
8 8 8 0 0 0 
9 8 8 0 0 0 
10 8 8 0 0 0 
11 8 8 0 0 0 
12 8 8 0 0 0 
13 8 8 0 0 0 
14 8 8 0 0 0 
15 8 8 0 0 0 
0 9 9 0 0 0 
1 9 9 0 0 0 
2 9 9 0 0 0 
3 9 9 0 0 0 
4 9 9 0 0 0 
5 9 9 0 0 0 
6 9 9 0 0 0 
7 9 9 0 0 0 
8 9 9 0 0 0 
9 9 9 0 0 0 
10 9 9 0 0 0 
11 9 9 0 0 0 
12 9 9 0 0 0 
13 9 9 0 0 0 
14 9 9 0 0 0 
15 9 9 0 0 0 
0 10 10 0 0 0 
1 10 10 0 0 0 
2 10 10 0 0 0 
3 10 10 0 0 0 
4 10 10 0 0 0 
5 10 10 0 0 0 
6 10 10 0 0 0 
7 10 10 0 0 0 
8 10 10 0 0 0 
9 10 10 0 0 0 
10 10 10 0 0 0 
11 10 10 0 0 0 
12 10 10 0 0 0 
13 10 10 0 0 0 
14 10 10 0 0 0 
15 10 10 0 0 0 
0 11 11 0 0 0 
1 11 11 0 0 0 
2 11 11 0 0 0 
3 11 11 0 0 0 
4 11 11 0 0 0 
5 11 11 0 0 0 
6 11 11 0 0 0 
7 11 11 0 0 0 
8 11 11 0 0 0 
9 11 11 0 0 0 
10 11 11 0 0 0 
11 11 11 0 0 0 
12 11 11 0 0 0 
13 11 11 0 0 0 
14 11 11 0 0 0 
15 11 11 0 0 0 
0 12 12 0 0 0 
1 12 12 0 0 0 
2 12 12 0 0 0 
3 12 12 0 0 0 
4 12 12 0 0 0 
5 12 12 0 0 0 
6 12 12 0 0 0 
7 12 12 0 0 0 
8 12 12 0 0 0 
9 12 12 0 0 0 
10 12 12 0 0 0 
11 12 12 0 0 0 
12 12 12 0 0 0 
13 12 12 0 0 0 
14 12 12 0 0 0 
15 12 12 0 0 0 
0 13 13 0 0 0 
1 13 13 0 0 0 
2 13 13 0 0 0 
3 13 13 0 0 0 
4 13 13 0 0 0 
5 13 13 0 0 0 
6 13 13 0 0 0 
7 13 13 0 0 0 
8 13 13 0 0 0 
9 13 13 0 0 0 
10 13 13 0 0 0 
11 13 13 0 0 0 
12 13 13 0 0 0 
13 13 13 0 0 0 
14 13 13 0 0 0 
15 13 13 0 0 0 
0 14 14 0 0 0 
1 14 14 0 0 0 
2 14 14 0 0 0 
3 14 14 0 0 0 
4 14 14 0 0 0 
5 14 14 0 0 0 
6 14 14 0 0 0 
7 14 14 0 0 0 
8 14 14 0 0 0 
9 14 14 0 0 0 
10 14 14 0 0 0 
11 14 14 0 0 0 
12 14 14 0 0 0 
13 14 14 0 0 0 
14 14 14 0 0 0 
15 14 14 0 0 0 
0 15 15 0 0 0 
1 15 15 0 0 0 
2 15 15 0 0 0 
3 15 15 0 0 0 
4 15 15 0 0 0 
5 15 15 0 0 0 
6 15 15 0 0 0 
7 15 15 0 0 0 
8 15 15 0 0 0 
9 15 15 0 0 0 
10 15 15 0 0 0 
11 15 15 0 0 0 
12 15 15 0 0 0 
13 15 15 0 0 0 
14 15 15 0 0 0 
15 15 15 0 0 0 
0 0 0 0 0 0 
1 0 0 0 0 0 
2 0 0 0 0 0 
3 0 0 0 0 0 
4 0 0 0 0 0 
5 0 0 0 0 0 
6 0 0 0 0 0 
7 0 0 0 0 0 
8 0 0 0 0 0 
9 0 0 0 0 0 
10 0 0 0 0 0 
11 0 0 0 0 0 
12 0 0 0 0 0 
13 0 0 0 0 0 
14 0 0 0 0 0 
15 0 0 0 0 0 
0 1 1 0 0 0 
1 1 1 0 0 0 
2 1 1 0 0 0 
3 1 1 0 0 0 
4 1 1 0 0 0 
5 1 1 0 0 0 
6 1 1 0 0 0 
7 1 1 0 0 0 
8 1 1 0 0 0 
9 1 1 0 0 0 
10 1 1 0 0 0 
11 1 1 0 0 0 
12 1 1 0 0 0 
13 1 1 0 0 0 
14 1 1 0 0 0 
15 1 1 0 0 0 
0 2 2 0 0 0 
1 2 2 0 0 0 
2 2 2 0 0 0 
3 2 2 0 0 0 
4 2 2 0 0 0 
5 2 2 0 0 0 
6 2 2 0 0 0 
7 2 2 0 0 0 
8 2 2 0 0 0 
9 2 2 0 0 0 
10 2 2 0 0 0 
11 2 2 0 0 0 
12 2 2 0 0 0 
13 2 2 0 0 0 
14 2 2 0 0 0 
15 2 2 0 0 0 
0 3 3 0 0 0 
1 3 3 0 0 0 
2 3 3 0 0 0 
3 3 3 0 0 0 
4 3 3 0 0 0 
5 3 3 0 0 0 
6 3 3 0 0 0 
7 3 3 0 0 0 
8 3 3 0 0 0 
9 3 3 0 0 0 
10 3 3 0 0 0 
11 3 3 0 0 0 
12 3 3 0 0 0 
13 3 3 0 0 0 
14 3 3 0 0 0 
15 3 3 0 0 0 
0 4 4 0 0 0 
1 4 4 0 0 0 
2 4 4 0 0 0 
3 4 4 0 0 0 
4 4 4 0 0 0 
5 4 4 0 0 0 
6 4 4 0 0 0 
7 4 4 0 0 0 
8 4 4 0 0 0 
9 4 4 0 0 0 
10 4 4 0 0 0 
11 4 4 0 0 0 
12 4 4 0 0 0 
13 4 4 0 0 0 
14 4 4 0 0 0 
15 4 4 0 0 0 
0 5 5 0 0 0 
1 5 5 0 0 0 
2 5 5 0 0 0 
3 5 5 0 0 0 
4 5 5 0 0 0 
5 5 5 0 0 0 
6 5 5 0 0 0 
7 5 5 0 0 0 
8 5 5 0 0 0 
9 5 5 0 0 0 
10 5 5 0 0 0 
11 5 5 0 0 0 
12 5 5 0 0 0 
13 5 5 0 0 0 
14 5 5 0 0 0 
15 5 5 0 0 0 
0 6 6 0 0 0 
1 6 6 0 0 0 
2 6 6 0 0 0 
3 6 6 0 0 0 
4 6 6 0 0 0 
5 6 6 0 0 0 
6 6 6 0 0 0 
7 6 6 0 0 0 
8 6 6 0 0 0 
9 6 6 0 0 0 
10 6 6 0 0 0 
11 6 6 0 0 0 
12 6 6 0 0 0 
13 6 6 0 0 0 
14 6 6 0 0 0 
15 6 6 0 0 0 
0 7 7 0 0 0 
1 7 7 0 0 0 
2 7 7 0 0 0 
3 7 7 0 0 0 
4 7 7 0 0 0 
5 7 7 0 0 0 
6 7 7 0 0 0 
7 7 7 0 0 0 
8 7 7 0 0 0 
9 7 7 0 0 0 
10 7 7 0 0 0 
11 7 7 0 0 0 
12 7 7 0 0 0 
13 7 7 0 0 0 
14 7 7 0 0 0 
15 7 7 0 0 0 
0 8 8 0 0 0 
1 8 8 0 0 0 
2 8 8 0 0 0 
3 8 8 0 0 0 
4 8 8 0 0 0 
5 8 8 0 0 0 
6 8 8 0 0 0 
7 8 8 0 0 0 
8 8 8 0 0 0 
9 8 8 0 0 0 
10 8 8 0 0 0 
11 8 8 0 0 0 
12 8 8 0 0 0 
13 8 8 0 0 0 
14 8 8 0 0 0 
15 8 8 0 0 0 
0 9 9 0 0 0 
1 9 9 0 0 0 
2 9 9 0 0 0 
3 9 9 0 0 0 
4 9 9 0 0 0 
5 9 9 0 0 0 
6 9 9 0 0 0 
7 9 9 0 0 0 
8 9 9 0 0 0 
9 9 9 0 0 0 
10 9 9 0 0 0 
11 9 9 0 0 0 
12 9 9 0 0 0 
13 9 9 0 0 0 
14 9 9 0 0 0 
15 9 9 0 0 0 
0 10 10 0 0 0 
1 10 10 0 0 0 
2 10 10 0 0 0 
3 10 10 0 0 0 
4 10 10 0 0 0 
5 10 10 0 0 0 
6 10 10 0 0 0 
7 10 10 0 0 0 
8 10 10 0 0 0 
9 10 10 0 0 0 
10 10 10 0 0 0 
11 10 10 0 0 0 
12 10 10 0 0 0 
13 10 10 0 0 0 
14 10 10 0 0 0 
15 10 10 0 0 0 
0 11 11 0 0 0 
1 11 11 0 0 0 
2 11 11 0 0 0 
3 11 11 0 0 0 
4 11 11 0 0 0 
5 11 11 0 0 0 
6 11 11 0 0 0 
7 11 11 0 0 0 
8 11 11 0 0 0 
9 11 11 0 0 0 
10 11 11 0 0 0 
11 11 11 0 0 0 
12 11 11 0 0 0 
13 11 11 0 0 0 
14 11 11 0 0 0 
15 11 11 0 0 0 
0 12 12 0 0 0 
1 12 12 0 0 0 
2 12 12 0 0 0 
3 12 12 0 0 0 
4 12 12 0 0 0 
5 12 12 0 0 0 
6 12 12 0 0 0 
7 12 12 0 0 0 
8 12 12 0 0 0 
9 12 12 0 0 0 
10 12 12 0 0 0 
11 12 12 0 0 0 
12 12 12 0 0 0 
13 12 12 0 0 0 
14 12 12 0 0 0 
15 12 12 0 0 0 
0 13 13 0 0 0 
1 13 13 0 0 0 
2 13 13 0 0 0 
3 13 13 0 0 0 
4 13 13 0 0 0 
5 13 13 0 0 0 
6 13 13 0 0 0 
7 13 13 0 0 0 
8 13 13 0 0 0 
9 13 13 0 0 0 
10 13 13 0 0 0 
11 13 13 0 0 0 
12 13 13 0 0 0 
13 13 13 0 0 0 
14 13 13 0 0 0 
15 13 13 0 0 0 
0 14 14 0 0 0 
1 14 14 0 0 0 
2 14 14 0 0 0 
3 14 14 0 0 0 
4 14 14 0 0 0 
5 14 14 0 0 0 
6 14 14 0 0 0 
7 14 14 0 0 0 
8 14 14 0 0 0 
9 14 14 0 0 0 
10 14 14 0 0 0 
11 14 14 0 0 0 
12 14 14 0 0 0 
13 14 14 0 0 0 
14 14 14 0 0 0 
15 14 14 0 0 0 
0 15 15 0 0 0 
1 15 15 0 0 0 
2 15 15 0 0 0 
3 15 15 0 0 0 
4 15 15 0 0 0 
5 15 15 0 0 0 
6 15 15 0 0 0 
7 15 15 0 0 0 
8 15 15 0 0 0 
9 15 15 0 0 0 
10 15 15 0 0 0 
11 15 15 0 0 0 
12 15 15 0 0 0 
13 15 15 0 0 0 
14 15 15 0 0 0 
15 15 15 0 0 0 
0 0 0 0 0 0 
1 0 0 0 0 0 
2 0 0 0 0 0 
3 0 0 0 0 0 
4 0 0 0 0 0 
5 0 0 0 0 0 
6 0 0 0 0 0 
7 0 0 0 0 0 
8 0 0 0 0 0 
9 0 0 0 0 0 
10 0 0 0 0 0 
11 0 0 0 0 0 
12 0 0 0 0 0 
13 0 0 0 0 0 
14 0 0 0 0 0 
15 0 0 0 0 0 
0 1 1 0 0 0 
1 1 1 0 0 0 
2 1 1 0 0 0 
3 1 1 0 0 0 
4 1 1 0 0 0 
5 1 1 0 0 0 
6 1 1 0 0 0 
7 1 1 0 0 0 
8 1 1 0 0 0 
9 1 1 0 0 0 
10 1 1 0 0 0 
11 1 1 0 0 0 
12 1 1 0 0 0 
13 1 1 0 0 0 
14 1 1 0 0 0 
15 1 1 0 0 0 
0 2 2 0 0 0 
1 2 2 0 0 0 
2 2 2 0 0 0 
3 2 2 0 0 0 
4 2 2 0 0 0 
5 2 2 0 0 0 
6 2 2 0 0 0 
7 2 2 0 0 0 
8 2 2 0 0 0 
9 2 2 0 0 0 
10 2 2 0 0 0 
11 2 2 0 0 0 
12 2 2 0 0 0 
13 2 2 0 0 0 
14 2 2 0 0 0 
15 2 2 0 0 0 
0 3 3 0 0 0 
1 3 3 0 0 0 
2 3 3 0 0 0 
3 3 3 0 0 0 
4 3 3 0 0 0 
5 3 3 0 0 0 
6 3 3 0 0 0 
7 3 3 0 0 0 
8 3 3 0 0 0 
9 3 3 0 0 0 
10 3 3 0 0 0 
11 3 3 0 0 0 
12 3 3 0 0 0 
13 3 3 0 0 0 
14 3 3 0 0 0 
15 3 3 0 0 0 
0 4 4 0 0 0 
1 4 4 0 0 0 
2 4 4 0 0 0 
3 4 4 0 0 0 
4 4 4 0 0 0 
5 4 4 0 0 0 
6 4 4 0 0 0 
7 4 4 0 0 0 
8 4 4 0 0 0 
9 4 4 0 0 0 
10 4 4 0 0 0 
11 4 4 0 0 0 
12 4 4 0 0 0 
13 4 4 0 0 0 
14 4 4 0 0 0 
15 4 4 0 0 0 
0 5 5 0 0 0 
1 5 5 0 0 0 
2 5 5 0 0 0 
3 5 5 0 0 0 
4 5 5 0 0 0 
5 5 5 0 0 0 
6 5 5 0 0 0 
7 5 5 0 0 0 
8 5 5 0 0 0 
9 5 5 0 0 0 
10 5 5 0 0 0 
11 5 5 0 0 0 
12 5 5 0 0 0 
13 5 5 0 0 0 
14 5 5 0 0 0 
15 5 5 0 0 0 
0 6 6 0 0 0 
1 6 6 0 0 0 
2 6 6 0 0 0 
3 6 6 0 0 0 
4 6 6 0 0 0 
5 6 6 0 0 0 
6 6 6 0 0 0 
7 6 6 0 0 0 
8 6 6 0 0 0 
9 6 6 0 0 0 
10 6 6 0 0 0 
11 6 6 0 0 0 
12 6 6 0 0 0 
13 6 6 0 0 0 
14 6 6 0 0 0 
15 6 6 0 0 0 
0 7 7 0 0 0 
1 7 7 0 0 0 
2 7 7 0 0 0 
3 7 7 0 0 0 
4 7 7 0 0 0 
5 7 7 0 0 0 
6 7 7 0 0 0 
7 7 7 0 0 0 
8 7 7 0 0 0 
9 7 7 0 0 0 
10 7 7 0 0 0 
11 7 7 0 0 0 
12 7 7 0 0 0 
13 7 7 0 0 0 
14 7 7 0 0 0 
15 7 7 0 0 0 
0 8 8 0 0 0 
1 8 8 0 0 0 
2 8 8 0 0 0 
3 8 8 0 0 0 
4 8 8 0 0 0 
5 8 8 0 0 0 
6 8 8 0 0 0 
7 8 8 0 0 0 
8 8 8 0 0 0 
9 8 8 0 0 0 
10 8 8 0 0 0 
11 8 8 0 0 0 
12 8 8 0 0 0 
13 8 8 0 0 0 
14 8 8 0 0 0 
15 8 8 0 0 0 
0 9 9 0 0 0 
1 9 9 0 0 0 
2 9 9 0 0 0 
3 9 9 0 0 0 
4 9 9 0 0 0 
5 9 9 0 0 0 
6 9 9 0 0 0 
7 9 9 0 0 0 
8 9 9 0 0 0 
9 9 9 0 0 0 
10 9 9 0 0 0 
11 9 9 0 0 0 
12 9 9 0 0 0 
13 9 9 0 0 0 
14 9 9 0 0 0 
15 9 9 0 0 0 
0 10 10 0 0 0 
1 10 10 0 0 0 
2 10 10 0 0 0 
3 10 10 0 0 0 
4 10 10 0 0 0 
5 10 10 0 0 0 
6 10 10 0 0 0 
7 10 10 0 0 0 
8 10 10 0 0 0 
9 10 10 0 0 0 
10 10 10 0 0 0 
11 10 10 0 0 0 
12 10 10 0 0 0 
13 10 10 0 0 0 
14 10 10 0 0 0 
15 10 10 0 0 0 
0 11 11 0 0 0 
1 11 11 0 0 0 
2 11 11 0 0 0 
3 11 11 0 0 0 
4 11 11 0 0 0 
5 11 11 0 0 0 
6 11 11 0 0 0 
7 11 11 0 0 0 
8 11 11 0 0 0 
9 11 11 0 0 0 
10 11 11 0 0 0 
11 11 11 0 0 0 
12 11 11 0 0 0 
13 11 11 0 0 0 
14 11 11 0 0 0 
15 11 11 0 0 0 
0 12 12 0 0 0 
1 12 12 0 0 0 
2 12 12 0 0 0 
3 12 12 0 0 0 
4 12 12 0 0 0 
5 12 12 0 0 0 
6 12 12 0 0 0 
7 12 12 0 0 0 
8 12 12 0 0 0 
9 12 12 0 0 0 
10 12 12 0 0 0 
11 12 12 0 0 0 
12 12 12 0 0 0 
13 12 12 0 0 0 
14 12 12 0 0 0 
15 12 12 0 0 0 
0 13 13 0 0 0 
1 13 13 0 0 0 
2 13 13 0 0 0 
3 13 13 0 0 0 
4 13 13 0 0 0 
5 13 13 0 0 0 
6 13 13 0 0 0 
7 13 13 0 0 0 
8 13 13 0 0 0 
9 13 13 0 0 0 
10 13 13 0 0 0 
11 13 13 0 0 0 
12 13 13 0 0 0 
13 13 13 0 0 0 
14 13 13 0 0 0 
15 13 13 0 0 0 
0 14 14 0 0 0 
1 14 14 0 0 0 
2 14 14 0 0 0 
3 14 14 0 0 0 
4 14 14 0 0 0 
5 14 14 0 0 0 
6 14 14 0 0 0 
7 14 14 0 0 0 
8 14 14 0 0 0 
9 14 14 0 0 0 
10 14 14 0 0 0 
11 14 14 0 0 0 
12 14 14 0 0 0 
13 14 14 0 0 0 
14 14 14 0 0 0 
15 14 14 0 0 0 
0 15 15 0 0 0 
1 15 15 0 0 0 
2 15 15 0 0 0 
3 15 15 0 0 0 
4 15 15 0 0 0 
5 15 15 0 0 0 
6 15 15 0 0 0 
7 15 15 0 0 0 
8 15 15 0 0 0 
9 15 15 0 0 0 
10 15 15 0 0 0 
11 15 15 0 0 0 
12 15 15 0 0 0 
13 15 15 0 0 0 
14 15 15 0 0 0 
15 15 15 0 0 0 
