0
81
162
243
324
405
486
567
648
729
810
891
972
1053
1134
1215
1296
1377
1458
1539
1620
1701
1782
1863
1944
2025
2106
2187
2268
2349
2430
2511
2592
2673
2754
2835
2916
2997
3078
3159
3240
3321
3402
3483
3564
3645
3726
3807
3888
3969
4050
4131
4212
4293
4374
4455
4536
4617
4698
4779
4860
4941
5022
5103
5184
5265
5346
5427
5508
5589
5670
5751
5832
5913
5994
6075
6156
6237
6318
6399
6480
6561
6642
6723
6804
6885
6966
7047
7128
7209
7290
7371
7452
7533
7614
7695
7776
7857
7938
8019
8100
8181
8262
8343
8424
8505
8586
8667
8748
8829
8910
8991
9072
9153
9234
9315
9396
9477
9558
9639
9720
9801
9882
9963
10044
10125
10206
10287
10368
10449
10530
10611
10692
10773
10854
10935
11016
11097
11178
11259
11340
11421
11502
11583
11664
11745
11826
11907
11988
12069
12150
12231
12312
12393
12474
12555
12636
12717
12798
12879
12960
13041
13122
13203
13284
13365
13446
13527
13608
13689
13770
13851
13932
14013
14094
14175
14256
14337
14418
14499
14580
14661
14742
14823
14904
14985
15066
15147
15228
15309
15390
15471
15552
15633
15714
15795
15876
15957
16038
16119
16200
16281
16362
16443
16524
16605
16686
16767
16848
16929
17010
17091
17172
17253
17334
17415
17496
17577
17658
17739
17820
17901
17982
18063
18144
18225
18306
18387
18468
18549
18630
18711
18792
18873
18954
19035
19116
19197
19278
19359
19440
19521
19602
19683
19764
19845
19926
20007
20088
20169
20250
20331
20412
20493
20574
20655
20736
20817
20898
20979
21060
21141
21222
21303
21384
21465
21546
21627
21708
21789
21870
21951
22032
22113
22194
22275
22356
22437
22518
22599
22680
22761
22842
22923
23004
23085
23166
23247
23328
23409
23490
23571
23652
23733
23814
23895
23976
24057
24138
24219
24300
24381
24462
24543
24624
24705
24786
24867
24948
25029
25110
25191
25272
25353
25434
25515
25596
25677
25758
25839
25920
26001
26082
26163
26244
26325
26406
26487
26568
26649
26730
26811
26892
26973
27054
27135
27216
27297
27378
27459
27540
27621
27702
27783
27864
27945
28026
28107
28188
28269
28350
28431
28512
28593
28674
28755
28836
28917
28998
29079
29160
29241
29322
29403
29484
29565
29646
29727
29808
29889
29970
30051
30132
30213
30294
30375
30456
30537
30618
30699
30780
30861
30942
31023
31104
31185
31266
31347
31428
31509
31590
31671
31752
31833
31914
31995
32076
32157
32238
32319
32400
32481
32562
32643
32724
32805
32886
32967
33048
33129
33210
33291
33372
33453
33534
33615
33696
33777
33858
33939
34020
34101
34182
34263
34344
34425
34506
34587
34668
34749
34830
34911
34992
35073
35154
35235
35316
35397
35478
35559
35640
35721
35802
35883
35964
36045
36126
36207
36288
36369
36450
36531
36612
36693
36774
36855
36936
37017
37098
37179
37260
37341
37422
37503
37584
37665
37746
37827
37908
37989
38070
38151
38232
38313
38394
38475
38556
38637
38718
38799
38880
38961
39042
39123
39204
39285
39366
39447
39528
39609
39690
39771
39852
39933
40014
40095
40176
40257
40338
40419
40500
40581
40662
40743
40824
40905
40986
41067
41148
41229
41310
41391
41472
41553
41634
41715
41796
41877
41958
42039
42120
42201
42282
42363
42444
42525
42606
42687
42768
42849
42930
43011
43092
43173
43254
43335
43416
43497
43578
43659
43740
43821
43902
43983
44064
44145
44226
44307
44388
44469
44550
44631
44712
44793
44874
44955
45036
45117
45198
45279
45360
45441
45522
45603
45684
45765
45846
45927
46008
46089
46170
46251
46332
46413
46494
46575
46656
46737
46818
46899
46980
47061
47142
47223
47304
47385
47466
47547
47628
47709
47790
47871
47952
48033
48114
48195
48276
48357
48438
48519
48600
48681
48762
48843
48924
49005
49086
49167
49248
49329
49410
49491
49572
49653
49734
49815
49896
49977
50058
50139
50220
50301
50382
50463
50544
50625
50706
50787
50868
50949
51030
51111
51192
51273
51354
51435
51516
51597
51678
51759
51840
51921
52002
52083
52164
52245
52326
52407
52488
52569
52650
52731
52812
52893
52974
53055
53136
53217
53298
53379
53460
53541
53622
53703
53784
53865
53946
54027
54108
54189
54270
54351
54432
54513
54594
54675
54756
54837
54918
54999
55080
55161
55242
55323
55404
55485
55566
55647
55728
55809
55890
55971
56052
56133
56214
56295
56376
56457
56538
56619
56700
56781
56862
56943
57024
57105
57186
57267
57348
57429
57510
57591
57672
57753
57834
57915
57996
58077
58158
58239
58320
58401
58482
58563
58644
58725
58806
58887
58968
59049
59130
59211
59292
59373
59454
59535
59616
59697
59778
59859
59940
60021
60102
60183
60264
60345
60426
60507
60588
60669
60750
60831
60912
60993
61074
61155
61236
61317
61398
61479
61560
61641
61722
61803
61884
61965
62046
62127
62208
62289
62370
62451
62532
62613
62694
62775
62856
62937
63018
63099
63180
63261
63342
63423
63504
63585
63666
63747
63828
63909
63990
64071
64152
64233
64314
64395
64476
64557
64638
64719
64800
64881
64962
65043
65124
65205
65286
65367
65448
65529
65610
65691
65772
65853
65934
66015
66096
66177
66258
66339
66420
66501
66582
66663
66744
66825
66906
66987
67068
67149
67230
67311
67392
67473
67554
67635
67716
67797
67878
67959
68040
68121
68202
68283
68364
68445
68526
68607
68688
68769
68850
68931
69012
69093
69174
69255
69336
69417
69498
69579
69660
69741
69822
69903
69984
70065
70146
70227
70308
70389
70470
70551
70632
70713
70794
70875
70956
71037
71118
71199
71280
71361
71442
71523
71604
71685
71766
71847
71928
72009
72090
72171
72252
72333
72414
72495
72576
72657
72738
72819
72900
72981
73062
73143
73224
73305
73386
73467
73548
73629
73710
73791
73872
73953
74034
74115
74196
74277
74358
74439
74520
74601
74682
74763
74844
74925
75006
75087
75168
75249
75330
75411
75492
75573
75654
75735
75816
75897
75978
76059
76140
76221
76302
76383
76464
76545
76626
76707
76788
76869
76950
77031
77112
77193
77274
77355
77436
77517
77598
77679
77760
77841
77922
78003
78084
78165
78246
78327
78408
78489
78570
78651
78732
78813
78894
78975
79056
79137
79218
79299
79380
79461
79542
79623
79704
79785
79866
79947
80028
80109
80190
80271
80352
80433
80514
80595
80676
80757
80838
80919
81000
81081
81162
81243
81324
81405
81486
81567
81648
81729
81810
81891
81972
82053
82134
82215
82296
82377
82458
82539
82620
82701
82782
82863
82944
83025
83106
83187
83268
83349
83430
83511
83592
83673
83754
83835
83916
83997
84078
84159
84240
84321
84402
84483
84564
84645
84726
84807
84888
84969
85050
85131
85212
85293
85374
85455
85536
85617
85698
85779
85860
85941
86022
86103
86184
86265
86346
86427
86508
86589
86670
86751
86832
86913
86994
87075
87156
87237
87318
87399
87480
87561
87642
87723
87804
87885
87966
88047
88128
88209
88290
88371
88452
88533
88614
88695
88776
88857
88938
89019
89100
89181
89262
89343
89424
89505
89586
89667
89748
89829
89910
89991
90072
90153
90234
90315
90396
90477
90558
90639
90720
90801
90882
90963
91044
91125
91206
91287
91368
91449
91530
91611
91692
91773
91854
91935
92016
92097
92178
92259
92340
92421
92502
92583
92664
92745
92826
92907
92988
93069
93150
93231
93312
93393
93474
93555
93636
93717
93798
93879
93960
94041
94122
94203
94284
94365
94446
94527
94608
94689
94770
94851
94932
95013
95094
95175
95256
95337
95418
95499
95580
95661
95742
95823
95904
95985
96066
96147
96228
96309
96390
96471
96552
96633
96714
96795
96876
96957
97038
97119
97200
97281
97362
97443
97524
97605
97686
97767
97848
97929
98010
98091
98172
98253
98334
98415
98496
98577
98658
98739
98820
98901
98982
99063
99144
99225
99306
99387
99468
99549
99630
99711
99792
99873
99954
100035
100116
100197
100278
100359
100440
100521
100602
100683
100764
100845
100926
101007
101088
101169
101250
101331
101412
101493
101574
101655
101736
101817
101898
101979
102060
102141
102222
102303
102384
102465
102546
102627
102708
102789
102870
102951
103032
103113
103194
103275
103356
103437
103518
103599
103680
103761
103842
103923
104004
104085
104166
104247
104328
104409
104490
104571
104652
104733
104814
104895
104976
105057
105138
105219
105300
105381
105462
105543
105624
105705
105786
105867
105948
106029
106110
106191
106272
106353
106434
106515
106596
106677
106758
106839
106920
107001
107082
107163
107244
107325
107406
107487
107568
107649
107730
107811
107892
107973
108054
108135
108216
108297
108378
108459
108540
108621
108702
108783
108864
108945
109026
109107
109188
109269
109350
109431
109512
109593
109674
109755
109836
109917
109998
110079
110160
110241
110322
110403
110484
110565
110646
110727
110808
110889
110970
111051
111132
111213
111294
111375
111456
111537
111618
111699
111780
111861
111942
112023
112104
112185
112266
112347
112428
112509
112590
112671
112752
112833
112914
112995
113076
113157
113238
113319
113400
113481
113562
113643
113724
113805
113886
113967
114048
114129
114210
114291
114372
114453
114534
114615
114696
114777
114858
114939
115020
115101
115182
115263
115344
115425
115506
115587
115668
115749
115830
115911
115992
116073
116154
116235
116316
116397
116478
116559
116640
116721
116802
116883
116964
117045
117126
117207
117288
117369
117450
117531
117612
117693
117774
117855
117936
118017
118098
118179
118260
118341
118422
118503
118584
118665
118746
118827
118908
118989
119070
119151
119232
119313
119394
119475
119556
119637
119718
119799
119880
119961
120042
120123
120204
120285
120366
120447
120528
120609
120690
120771
120852
120933
121014
121095
121176
121257
121338
121419
121500
121581
121662
121743
121824
121905
121986
122067
122148
122229
122310
122391
122472
122553
122634
122715
122796
122877
122958
123039
123120
123201
123282
123363
123444
123525
123606
123687
123768
123849
123930
124011
124092
124173
124254
124335
124416
124497
124578
124659
124740
124821
124902
124983
125064
125145
125226
125307
125388
125469
125550
125631
125712
125793
125874
125955
126036
126117
126198
126279
126360
126441
126522
126603
126684
126765
126846
126927
127008
127089
127170
127251
127332
127413
127494
127575
127656
127737
127818
127899
127980
128061
128142
128223
128304
128385
128466
128547
128628
128709
128790
128871
128952
129033
129114
129195
129276
129357
129438
129519
129600
129681
129762
129843
129924
130005
130086
130167
130248
130329
130410
130491
130572
130653
130734
130815
130896
130977
131058
131139
131220
131301
131382
131463
131544
131625
131706
131787
131868
131949
132030
132111
132192
132273
132354
132435
132516
132597
132678
132759
132840
132921
133002
133083
133164
133245
133326
133407
133488
133569
133650
133731
133812
133893
133974
134055
134136
134217
134298
134379
134460
134541
134622
134703
134784
134865
134946
135027
135108
135189
135270
135351
135432
135513
135594
135675
135756
135837
135918
135999
136080
136161
136242
136323
136404
136485
136566
136647
136728
136809
136890
136971
137052
137133
137214
137295
137376
137457
137538
137619
137700
137781
137862
137943
138024
138105
138186
138267
138348
138429
138510
138591
138672
138753
138834
138915
138996
139077
139158
139239
139320
139401
139482
139563
139644
139725
139806
139887
139968
140049
140130
140211
140292
140373
140454
140535
140616
140697
140778
140859
140940
141021
141102
141183
141264
141345
141426
141507
141588
141669
141750
141831
141912
141993
142074
142155
142236
142317
142398
142479
142560
142641
142722
142803
142884
142965
143046
143127
143208
143289
143370
143451
143532
143613
143694
143775
143856
143937
144018
144099
144180
144261
144342
144423
144504
144585
144666
144747
144828
144909
144990
145071
145152
145233
145314
145395
145476
145557
145638
145719
145800
145881
145962
146043
146124
146205
146286
146367
146448
146529
146610
146691
146772
146853
146934
147015
147096
147177
147258
147339
147420
147501
147582
147663
147744
147825
147906
147987
148068
148149
148230
148311
148392
148473
148554
148635
148716
148797
148878
148959
149040
149121
149202
149283
149364
149445
149526
149607
149688
149769
149850
149931
150012
150093
150174
150255
150336
150417
150498
150579
150660
150741
150822
150903
150984
151065
151146
151227
151308
151389
151470
151551
151632
151713
151794
151875
151956
152037
152118
152199
152280
152361
152442
152523
152604
152685
152766
152847
152928
153009
153090
153171
153252
153333
153414
153495
153576
153657
153738
153819
153900
153981
154062
154143
154224
154305
154386
154467
154548
154629
154710
154791
154872
154953
155034
155115
155196
155277
155358
155439
155520
155601
155682
155763
155844
155925
156006
156087
156168
156249
156330
156411
156492
156573
156654
156735
156816
156897
156978
157059
157140
157221
157302
157383
157464
157545
157626
157707
157788
157869
157950
158031
158112
158193
158274
158355
158436
158517
158598
158679
158760
158841
158922
159003
159084
159165
159246
159327
159408
159489
159570
159651
159732
159813
159894
159975
160056
160137
160218
160299
160380
160461
160542
160623
160704
160785
160866
160947
161028
161109
161190
161271
161352
161433
161514
161595
161676
161757
161838
161919
162000
162081
162162
162243
162324
162405
162486
162567
162648
162729
162810
162891
162972
163053
163134
163215
163296
163377
163458
163539
163620
163701
163782
163863
163944
164025
164106
164187
164268
164349
164430
164511
164592
164673
164754
164835
164916
164997
165078
165159
165240
165321
165402
165483
165564
165645
165726
165807
165888
165969
166050
166131
166212
166293
166374
166455
166536
166617
166698
166779
166860
166941
167022
167103
167184
167265
167346
167427
167508
167589
167670
167751
167832
167913
167994
168075
168156
168237
168318
168399
168480
168561
168642
168723
168804
168885
168966
169047
169128
169209
169290
169371
169452
169533
169614
169695
169776
169857
169938
170019
170100
170181
170262
170343
170424
170505
170586
170667
170748
170829
170910
170991
171072
171153
171234
171315
171396
171477
171558
171639
171720
171801
171882
171963
172044
172125
172206
172287
172368
172449
172530
172611
172692
172773
172854
172935
173016
173097
173178
173259
173340
173421
173502
173583
173664
173745
173826
173907
173988
174069
174150
174231
174312
174393
174474
174555
174636
174717
174798
174879
174960
175041
175122
175203
175284
175365
175446
175527
175608
175689
175770
175851
175932
176013
176094
176175
176256
176337
176418
176499
176580
176661
176742
176823
176904
176985
177066
177147
177228
177309
177390
177471
177552
177633
177714
177795
177876
177957
178038
178119
178200
178281
178362
178443
178524
178605
178686
178767
178848
178929
179010
179091
179172
179253
179334
179415
179496
179577
179658
179739
179820
179901
179982
180063
180144
180225
180306
180387
180468
180549
180630
180711
180792
180873
180954
181035
181116
181197
181278
181359
181440
181521
181602
181683
181764
181845
181926
182007
182088
182169
182250
182331
182412
182493
182574
182655
182736
182817
182898
182979
183060
183141
183222
183303
183384
183465
183546
183627
183708
183789
183870
183951
184032
184113
184194
184275
184356
184437
184518
184599
184680
184761
184842
184923
185004
185085
185166
185247
185328
185409
185490
185571
185652
185733
185814
185895
185976
186057
186138
186219
186300
186381
186462
186543
186624
186705
186786
186867
186948
187029
187110
187191
187272
187353
187434
187515
187596
187677
187758
187839
187920
188001
188082
188163
188244
188325
188406
188487
188568
188649
188730
188811
188892
188973
189054
189135
189216
189297
189378
189459
189540
189621
189702
189783
189864
189945
190026
190107
190188
190269
190350
190431
190512
190593
190674
190755
190836
190917
190998
191079
191160
191241
191322
191403
191484
191565
191646
191727
191808
191889
191970
192051
192132
192213
192294
192375
192456
192537
192618
192699
192780
192861
192942
193023
193104
193185
193266
193347
193428
193509
193590
193671
193752
193833
193914
193995
194076
194157
194238
194319
194400
194481
194562
194643
194724
194805
194886
194967
195048
195129
195210
195291
195372
195453
195534
195615
195696
195777
195858
195939
196020
196101
196182
196263
196344
196425
196506
196587
196668
196749
196830
196911
196992
197073
197154
197235
197316
197397
197478
197559
197640
197721
197802
197883
197964
198045
198126
198207
198288
198369
198450
198531
198612
198693
198774
198855
198936
199017
199098
199179
199260
199341
199422
199503
199584
199665
199746
199827
199908
199989
200070
200151
200232
200313
200394
200475
200556
200637
200718
200799
200880
200961
201042
201123
201204
201285
201366
201447
201528
201609
201690
201771
201852
201933
202014
202095
202176
202257
202338
202419
202500
202581
202662
202743
202824
202905
202986
203067
203148
203229
203310
203391
203472
203553
203634
203715
203796
203877
203958
204039
204120
204201
204282
204363
204444
204525
204606
204687
204768
204849
204930
205011
205092
205173
205254
205335
205416
205497
205578
205659
205740
205821
205902
205983
206064
206145
206226
206307
206388
206469
206550
206631
206712
206793
206874
206955
207036
207117
207198
207279
207360
207441
207522
207603
207684
207765
207846
207927
208008
208089
208170
208251
208332
208413
208494
208575
208656
208737
208818
208899
208980
209061
209142
209223
209304
209385
209466
209547
209628
209709
209790
209871
209952
210033
210114
210195
210276
210357
210438
210519
210600
210681
210762
210843
210924
211005
211086
211167
211248
211329
211410
211491
211572
211653
211734
211815
211896
211977
212058
212139
212220
212301
212382
212463
212544
212625
212706
212787
212868
212949
213030
213111
213192
213273
213354
213435
213516
213597
213678
213759
213840
213921
214002
214083
214164
214245
214326
214407
214488
214569
214650
214731
214812
214893
214974
215055
215136
215217
215298
215379
215460
215541
215622
215703
215784
215865
215946
216027
216108
216189
216270
216351
216432
216513
216594
216675
216756
216837
216918
216999
217080
217161
217242
217323
217404
217485
217566
217647
217728
217809
217890
217971
218052
218133
218214
218295
218376
218457
218538
218619
218700
218781
218862
218943
219024
219105
219186
219267
219348
219429
219510
219591
219672
219753
219834
219915
219996
220077
220158
220239
220320
220401
220482
220563
220644
220725
220806
220887
220968
221049
221130
221211
221292
221373
221454
221535
221616
221697
221778
221859
221940
222021
222102
222183
222264
222345
222426
222507
222588
222669
222750
222831
222912
222993
223074
223155
223236
223317
223398
223479
223560
223641
223722
223803
223884
223965
224046
224127
224208
224289
224370
224451
224532
224613
224694
224775
224856
224937
225018
225099
225180
225261
225342
225423
225504
225585
225666
225747
225828
225909
225990
226071
226152
226233
226314
226395
226476
226557
226638
226719
226800
226881
226962
227043
227124
227205
227286
227367
227448
227529
227610
227691
227772
227853
227934
228015
228096
228177
228258
228339
228420
228501
228582
228663
228744
228825
228906
228987
229068
229149
229230
229311
229392
229473
229554
229635
229716
229797
229878
229959
230040
230121
230202
230283
230364
230445
230526
230607
230688
230769
230850
230931
231012
231093
231174
231255
231336
231417
231498
231579
231660
231741
231822
231903
231984
232065
232146
232227
232308
232389
232470
232551
232632
232713
232794
232875
232956
233037
233118
233199
233280
233361
233442
233523
233604
233685
233766
233847
233928
234009
234090
234171
234252
234333
234414
234495
234576
234657
234738
234819
234900
234981
235062
235143
235224
235305
235386
235467
235548
235629
235710
235791
235872
235953
236034
236115
236196
236277
236358
236439
236520
236601
236682
236763
236844
236925
237006
237087
237168
237249
237330
237411
237492
237573
237654
237735
237816
237897
237978
238059
238140
238221
238302
238383
238464
238545
238626
238707
238788
238869
238950
239031
239112
239193
239274
239355
239436
239517
239598
239679
239760
239841
239922
240003
240084
240165
240246
240327
240408
240489
240570
240651
240732
240813
240894
240975
241056
241137
241218
241299
241380
241461
241542
241623
241704
241785
241866
241947
242028
242109
242190
242271
242352
242433
242514
242595
242676
242757
242838
242919
243000
243081
243162
243243
243324
243405
243486
243567
243648
243729
243810
243891
243972
244053
244134
244215
244296
244377
244458
244539
244620
244701
244782
244863
244944
245025
245106
245187
245268
245349
245430
245511
245592
245673
245754
245835
245916
245997
246078
246159
246240
246321
246402
246483
246564
246645
246726
246807
246888
246969
247050
247131
247212
247293
247374
247455
247536
247617
247698
247779
247860
247941
248022
248103
248184
248265
248346
248427
248508
248589
248670
248751
248832
248913
248994
249075
249156
249237
249318
249399
249480
249561
249642
249723
249804
249885
249966
250047
250128
250209
250290
250371
250452
250533
250614
250695
250776
250857
250938
251019
251100
251181
251262
251343
251424
251505
251586
251667
251748
251829
251910
251991
252072
252153
252234
252315
252396
252477
252558
252639
252720
252801
252882
252963
253044
253125
253206
253287
253368
253449
253530
253611
253692
253773
253854
253935
254016
254097
254178
254259
254340
254421
254502
254583
254664
254745
254826
254907
254988
255069
255150
255231
255312
255393
255474
255555
255636
255717
255798
255879
255960
256041
256122
256203
256284
256365
256446
256527
256608
256689
256770
256851
256932
257013
257094
257175
257256
257337
257418
257499
257580
257661
257742
257823
257904
257985
258066
258147
258228
258309
258390
258471
258552
258633
258714
258795
258876
258957
259038
259119
259200
259281
259362
259443
259524
259605
259686
259767
259848
259929
260010
260091
260172
260253
260334
260415
260496
260577
260658
260739
260820
260901
260982
261063
261144
261225
261306
261387
261468
261549
261630
261711
261792
261873
261954
262035
262116
262197
262278
262359
262440
262521
262602
262683
262764
262845
262926
263007
263088
263169
263250
263331
263412
263493
263574
263655
263736
263817
263898
263979
264060
264141
264222
264303
264384
264465
264546
264627
264708
264789
264870
264951
265032
265113
265194
265275
265356
265437
265518
265599
265680
265761
265842
265923
266004
266085
266166
266247
266328
266409
266490
266571
266652
266733
266814
266895
266976
267057
267138
267219
267300
267381
267462
267543
267624
267705
267786
267867
267948
268029
268110
268191
268272
268353
268434
268515
268596
268677
268758
268839
268920
269001
269082
269163
269244
269325
269406
269487
269568
269649
269730
269811
269892
269973
270054
270135
270216
270297
270378
270459
270540
270621
270702
270783
270864
270945
271026
271107
271188
271269
271350
271431
271512
271593
271674
271755
271836
271917
271998
272079
272160
272241
272322
272403
272484
272565
272646
272727
272808
272889
272970
273051
273132
273213
273294
273375
273456
273537
273618
273699
273780
273861
273942
274023
274104
274185
274266
274347
274428
274509
274590
274671
274752
274833
274914
274995
275076
275157
275238
275319
275400
275481
275562
275643
275724
275805
275886
275967
276048
276129
276210
276291
276372
276453
276534
276615
276696
276777
276858
276939
277020
277101
277182
277263
277344
277425
277506
277587
277668
277749
277830
277911
277992
278073
278154
278235
278316
278397
278478
278559
278640
278721
278802
278883
278964
279045
279126
279207
279288
279369
279450
279531
279612
279693
279774
279855
279936
280017
280098
280179
280260
280341
280422
280503
280584
280665
280746
280827
280908
280989
281070
281151
281232
281313
281394
281475
281556
281637
281718
281799
281880
281961
282042
282123
282204
282285
282366
282447
282528
282609
282690
282771
282852
282933
283014
283095
283176
283257
283338
283419
283500
283581
283662
283743
283824
283905
283986
284067
284148
284229
284310
284391
284472
284553
284634
284715
284796
284877
284958
285039
285120
285201
285282
285363
285444
285525
285606
285687
285768
285849
285930
286011
286092
286173
286254
286335
286416
286497
286578
286659
286740
286821
286902
286983
287064
287145
287226
287307
287388
287469
287550
287631
287712
287793
287874
287955
288036
288117
288198
288279
288360
288441
288522
288603
288684
288765
288846
288927
289008
289089
289170
289251
289332
289413
289494
289575
289656
289737
289818
289899
289980
290061
290142
290223
290304
290385
290466
290547
290628
290709
290790
290871
290952
291033
291114
291195
291276
291357
291438
291519
291600
291681
291762
291843
291924
292005
292086
292167
292248
292329
292410
292491
292572
292653
292734
292815
292896
292977
293058
293139
293220
293301
293382
293463
293544
293625
293706
293787
293868
293949
294030
294111
294192
294273
294354
294435
294516
294597
294678
294759
294840
294921
295002
295083
295164
295245
295326
295407
295488
295569
295650
295731
295812
295893
295974
296055
296136
296217
296298
296379
296460
296541
296622
296703
296784
296865
296946
297027
297108
297189
297270
297351
297432
297513
297594
297675
297756
297837
297918
297999
298080
298161
298242
298323
298404
298485
298566
298647
298728
298809
298890
298971
299052
299133
299214
299295
299376
299457
299538
299619
299700
299781
299862
299943
300024
300105
300186
300267
300348
300429
300510
300591
300672
300753
300834
300915
300996
301077
301158
301239
301320
301401
301482
301563
301644
301725
301806
301887
301968
302049
302130
302211
302292
302373
302454
302535
302616
302697
302778
302859
302940
303021
303102
303183
303264
303345
303426
303507
303588
303669
303750
303831
303912
303993
304074
304155
304236
304317
304398
304479
304560
304641
304722
304803
304884
304965
305046
305127
305208
305289
305370
305451
305532
305613
305694
305775
305856
305937
306018
306099
306180
306261
306342
306423
306504
306585
306666
306747
306828
306909
306990
307071
307152
307233
307314
307395
307476
307557
307638
307719
307800
307881
307962
308043
308124
308205
308286
308367
308448
308529
308610
308691
308772
308853
308934
309015
309096
309177
309258
309339
309420
309501
309582
309663
309744
309825
309906
309987
310068
310149
310230
310311
310392
310473
310554
310635
310716
310797
310878
310959
311040
311121
311202
311283
311364
311445
311526
311607
311688
311769
311850
311931
312012
312093
312174
312255
312336
312417
312498
312579
312660
312741
312822
312903
312984
313065
313146
313227
313308
313389
313470
313551
313632
313713
313794
313875
313956
314037
314118
314199
314280
314361
314442
314523
314604
314685
314766
314847
314928
315009
315090
315171
315252
315333
315414
315495
315576
315657
315738
315819
315900
315981
316062
316143
316224
316305
316386
316467
316548
316629
316710
316791
316872
316953
317034
317115
317196
317277
317358
317439
317520
317601
317682
317763
317844
317925
318006
318087
318168
318249
318330
318411
318492
318573
318654
318735
318816
318897
318978
319059
319140
319221
319302
319383
319464
319545
319626
319707
319788
319869
319950
320031
320112
320193
320274
320355
320436
320517
320598
320679
320760
320841
320922
321003
321084
321165
321246
321327
321408
321489
321570
321651
321732
321813
321894
321975
322056
322137
322218
322299
322380
322461
322542
322623
322704
322785
322866
322947
323028
323109
323190
323271
323352
323433
323514
323595
323676
323757
323838
323919
324000
324081
324162
324243
324324
324405
324486
324567
324648
324729
324810
324891
324972
325053
325134
325215
325296
325377
325458
325539
325620
325701
325782
325863
325944
326025
326106
326187
326268
326349
326430
326511
326592
326673
326754
326835
326916
326997
327078
327159
327240
327321
327402
327483
327564
327645
327726
327807
327888
327969
328050
328131
328212
328293
328374
328455
328536
328617
328698
328779
328860
328941
329022
329103
329184
329265
329346
329427
329508
329589
329670
329751
329832
329913
329994
330075
330156
330237
330318
330399
330480
330561
330642
330723
330804
330885
330966
331047
331128
331209
331290
331371
331452
331533
331614
331695
331776
331857
331938
332019
332100
332181
332262
332343
332424
332505
332586
332667
332748
332829
332910
332991
333072
333153
333234
333315
333396
333477
333558
333639
333720
333801
333882
333963
334044
334125
334206
334287
334368
334449
334530
334611
334692
334773
334854
334935
335016
335097
335178
335259
335340
335421
335502
335583
335664
335745
335826
335907
335988
336069
336150
336231
336312
336393
336474
336555
336636
336717
336798
336879
336960
337041
337122
337203
337284
337365
337446
337527
337608
337689
337770
337851
337932
338013
338094
338175
338256
338337
338418
338499
338580
338661
338742
338823
338904
338985
339066
339147
339228
339309
339390
339471
339552
339633
339714
339795
339876
339957
340038
340119
340200
340281
340362
340443
340524
340605
340686
340767
340848
340929
341010
341091
341172
341253
341334
341415
341496
341577
341658
341739
341820
341901
341982
342063
342144
