0 36
1 36
2 36
3 36
4 36
5 36
6 36
7 36
8 36
9 36
10 36
11 36
12 36
13 36
14 36
15 36
16 36
17 36
18 36
19 36
20 36
21 36
22 36
23 36
24 36
25 36
26 36
27 36
28 36
29 36
30 36
31 36
32 36
33 36
34 36
35 36
36 36
37 36
38 36
39 36
40 36
41 36
42 36
43 27
44 48
45 48
46 48
47 48
48 48
49 48
50 48
51 48
52 48
53 48
54 48
55 48
56 48
57 48
58 48
59 48
60 48
61 48
62 48
63 48
64 48
65 48
66 48
67 48
68 48
69 48
70 48
71 48
72 48
73 48
74 48
75 48
76 48
77 48
78 48
79 48
80 48
81 48
82 48
83 48
84 48
85 48
86 48
87 36
88 48
89 48
90 48
91 48
92 48
93 48
94 48
95 48
96 48
97 48
98 48
99 48
100 48
101 48
102 48
103 48
104 48
105 48
106 48
107 48
108 48
109 48
110 48
111 48
112 48
113 48
114 48
115 48
116 48
117 48
118 48
119 48
120 48
121 48
122 48
123 48
124 48
125 48
126 48
127 48
128 48
129 48
130 48
131 36
132 48
133 48
134 48
135 48
136 48
137 48
138 48
139 48
140 48
141 48
142 48
143 48
144 48
145 48
146 48
147 48
148 48
149 48
150 48
151 48
152 48
153 48
154 48
155 48
156 48
157 48
158 48
159 48
160 48
161 48
162 48
163 48
164 48
165 48
166 48
167 48
168 48
169 48
170 48
171 48
172 48
173 48
174 48
175 36
176 48
177 48
178 48
179 48
180 48
181 48
182 48
183 48
184 48
185 48
186 48
187 48
188 48
189 48
190 48
191 48
192 48
193 48
194 48
195 48
196 48
197 48
198 48
199 48
200 48
201 48
202 48
203 48
204 48
205 48
206 48
207 48
208 48
209 48
210 48
211 48
212 48
213 48
214 48
215 48
216 48
217 48
218 48
219 36
220 48
221 48
222 48
223 48
224 48
225 48
226 48
227 48
228 48
229 48
230 48
231 48
232 48
233 48
234 48
235 48
236 48
237 48
238 48
239 48
240 48
241 48
242 48
243 48
244 48
245 48
246 48
247 48
248 48
249 48
250 48
251 48
252 48
253 48
254 48
255 48
256 48
257 48
258 48
259 48
260 48
261 48
262 48
263 36
264 48
265 48
266 48
267 48
268 48
269 48
270 48
271 48
272 48
273 48
274 48
275 48
276 48
277 48
278 48
279 48
280 48
281 48
282 48
283 48
284 48
285 48
286 48
287 48
288 48
289 48
290 48
291 48
292 48
293 48
294 48
295 48
296 48
297 48
298 48
299 48
300 48
301 48
302 48
303 48
304 48
305 48
306 48
307 36
308 48
309 48
310 48
311 48
312 48
313 48
314 48
315 48
316 48
317 48
318 48
319 48
320 48
321 48
322 48
323 48
324 48
325 48
326 48
327 48
328 48
329 48
330 48
331 48
332 48
333 48
334 48
335 48
336 48
337 48
338 48
339 48
340 48
341 48
342 48
343 48
344 48
345 48
346 48
347 48
348 48
349 48
350 48
351 36
352 48
353 48
354 48
355 48
356 48
357 48
358 48
359 48
360 48
361 48
362 48
363 48
364 48
365 48
366 48
367 48
368 48
369 48
370 48
371 48
372 48
373 48
374 48
375 48
376 48
377 48
378 48
379 48
380 48
381 48
382 48
383 48
384 48
385 48
386 48
387 48
388 48
389 48
390 48
391 48
392 48
393 48
394 48
395 36
396 48
397 48
398 48
399 48
400 48
401 48
402 48
403 48
404 48
405 48
406 48
407 48
408 48
409 48
410 48
411 48
412 48
413 48
414 48
415 48
416 48
417 48
418 48
419 48
420 48
421 48
422 48
423 48
424 48
425 48
426 48
427 48
428 48
429 48
430 48
431 48
432 48
433 48
434 48
435 48
436 48
437 48
438 48
439 36
440 48
441 48
442 48
443 48
444 48
445 48
446 48
447 48
448 48
449 48
450 48
451 48
452 48
453 48
454 48
455 48
456 48
457 48
458 48
459 48
460 48
461 48
462 48
463 48
464 48
465 48
466 48
467 48
468 48
469 48
470 48
471 48
472 48
473 48
474 48
475 48
476 48
477 48
478 48
479 48
480 48
481 48
482 48
483 36
484 48
485 48
486 48
487 48
488 48
489 48
490 48
491 48
492 48
493 48
494 48
495 48
496 48
497 48
498 48
499 48
500 48
501 48
502 48
503 48
504 48
505 48
506 48
507 48
508 48
509 48
510 48
511 48
512 48
513 48
514 48
515 48
516 48
517 48
518 48
519 48
520 48
521 48
522 48
523 48
524 48
525 48
526 48
527 36
528 48
529 48
530 48
531 48
532 48
533 48
534 48
535 48
536 48
537 48
538 48
539 48
540 48
541 48
542 48
543 48
544 48
545 48
546 48
547 48
548 48
549 48
550 48
551 48
552 48
553 48
554 48
555 48
556 48
557 48
558 48
559 48
560 48
561 48
562 48
563 48
564 48
565 48
566 48
567 48
568 48
569 48
570 48
571 36
572 48
573 48
574 48
575 48
576 48
577 48
578 48
579 48
580 48
581 48
582 48
583 48
584 48
585 48
586 48
587 48
588 48
589 48
590 48
591 48
592 48
593 48
594 48
595 48
596 48
597 48
598 48
599 48
600 48
601 48
602 48
603 48
604 48
605 48
606 48
607 48
608 48
609 48
610 48
611 48
612 48
613 48
614 48
615 36
616 48
617 48
618 48
619 48
620 48
621 48
622 48
623 48
624 48
625 48
626 48
627 48
628 48
629 48
630 48
631 48
632 48
633 48
634 48
635 48
636 48
637 48
638 48
639 48
640 48
641 48
642 48
643 48
644 48
645 48
646 48
647 48
648 48
649 48
650 48
651 48
652 48
653 48
654 48
655 48
656 48
657 48
658 48
659 36
660 36
661 36
662 36
663 36
664 36
665 36
666 36
667 36
668 36
669 36
670 36
671 36
672 36
673 36
674 36
675 36
676 36
677 36
678 36
679 36
680 36
681 36
682 36
683 36
684 36
685 36
686 36
687 36
688 36
689 36
690 36
691 36
692 36
693 36
694 36
695 36
696 36
697 36
698 36
699 36
700 36
701 36
702 36
703 27
704 48
705 48
706 48
707 48
708 48
709 48
710 48
711 48
712 48
713 48
714 48
715 48
716 48
717 48
718 48
719 48
720 48
721 48
722 48
723 48
724 48
725 48
726 48
727 48
728 48
729 48
730 48
731 48
732 48
733 48
734 48
735 48
736 48
737 48
738 48
739 48
740 48
741 48
742 48
743 48
744 48
745 48
746 48
747 36
748 64
749 64
750 64
751 64
752 64
753 64
754 64
755 64
756 64
757 64
758 64
759 64
760 64
761 64
762 64
763 64
764 64
765 64
766 64
767 64
768 64
769 64
770 64
771 64
772 64
773 64
774 64
775 64
776 64
777 64
778 64
779 64
780 64
781 64
782 64
783 64
784 64
785 64
786 64
787 64
788 64
789 64
790 64
791 48
792 64
793 64
794 64
795 64
796 64
797 64
798 64
799 64
800 64
801 64
802 64
803 64
804 64
805 64
806 64
807 64
808 64
809 64
810 64
811 64
812 64
813 64
814 64
815 64
816 64
817 64
818 64
819 64
820 64
821 64
822 64
823 64
824 64
825 64
826 64
827 64
828 64
829 64
830 64
831 64
832 64
833 64
834 64
835 48
836 64
837 64
838 64
839 64
840 64
841 64
842 64
843 64
844 64
845 64
846 64
847 64
848 64
849 64
850 64
851 64
852 64
853 64
854 64
855 64
856 64
857 64
858 64
859 64
860 64
861 64
862 64
863 64
864 64
865 64
866 64
867 64
868 64
869 64
870 64
871 64
872 64
873 64
874 64
875 64
876 64
877 64
878 64
879 48
880 64
881 64
882 64
883 64
884 64
885 64
886 64
887 64
888 64
889 64
890 64
891 64
892 64
893 64
894 64
895 64
896 64
897 64
898 64
899 64
900 64
901 64
902 64
903 64
904 64
905 64
906 64
907 64
908 64
909 64
910 64
911 64
912 64
913 64
914 64
915 64
916 64
917 64
918 64
919 64
920 64
921 64
922 64
923 48
924 64
925 64
926 64
927 64
928 64
929 64
930 64
931 64
932 64
933 64
934 64
935 64
936 64
937 64
938 64
939 64
940 64
941 64
942 64
943 64
944 64
945 64
946 64
947 64
948 64
949 64
950 64
951 64
952 64
953 64
954 64
955 64
956 64
957 64
958 64
959 64
960 64
961 64
962 64
963 64
964 64
965 64
966 64
967 48
968 64
969 64
970 64
971 64
972 64
973 64
974 64
975 64
976 64
977 64
978 64
979 64
980 64
981 64
982 64
983 64
984 64
985 64
986 64
987 64
988 64
989 64
990 64
991 64
992 64
993 64
994 64
995 64
996 64
997 64
998 64
999 64
1000 64
1001 64
1002 64
1003 64
1004 64
1005 64
1006 64
1007 64
1008 64
1009 64
1010 64
1011 48
1012 64
1013 64
1014 64
1015 64
1016 64
1017 64
1018 64
1019 64
1020 64
1021 64
1022 64
1023 64
1024 64
1025 64
1026 64
1027 64
1028 64
1029 64
1030 64
1031 64
1032 64
1033 64
1034 64
1035 64
1036 64
1037 64
1038 64
1039 64
1040 64
1041 64
1042 64
1043 64
1044 64
1045 64
1046 64
1047 64
1048 64
1049 64
1050 64
1051 64
1052 64
1053 64
1054 64
1055 48
1056 64
1057 64
1058 64
1059 64
1060 64
1061 64
1062 64
1063 64
1064 64
1065 64
1066 64
1067 64
1068 64
1069 64
1070 64
1071 64
1072 64
1073 64
1074 64
1075 64
1076 64
1077 64
1078 64
1079 64
1080 64
1081 64
1082 64
1083 64
1084 64
1085 64
1086 64
1087 64
1088 64
1089 64
1090 64
1091 64
1092 64
1093 64
1094 64
1095 64
1096 64
1097 64
1098 64
1099 48
1100 64
1101 64
1102 64
1103 64
1104 64
1105 64
1106 64
1107 64
1108 64
1109 64
1110 64
1111 64
1112 64
1113 64
1114 64
1115 64
1116 64
1117 64
1118 64
1119 64
1120 64
1121 64
1122 64
1123 64
1124 64
1125 64
1126 64
1127 64
1128 64
1129 64
1130 64
1131 64
1132 64
1133 64
1134 64
1135 64
1136 64
1137 64
1138 64
1139 64
1140 64
1141 64
1142 64
1143 48
1144 64
1145 64
1146 64
1147 64
1148 64
1149 64
1150 64
1151 64
1152 64
1153 64
1154 64
1155 64
1156 64
1157 64
1158 64
1159 64
1160 64
1161 64
1162 64
1163 64
1164 64
1165 64
1166 64
1167 64
1168 64
1169 64
1170 64
1171 64
1172 64
1173 64
1174 64
1175 64
1176 64
1177 64
1178 64
1179 64
1180 64
1181 64
1182 64
1183 64
1184 64
1185 64
1186 64
1187 48
1188 64
1189 64
1190 64
1191 64
1192 64
1193 64
1194 64
1195 64
1196 64
1197 64
1198 64
1199 64
1200 64
1201 64
1202 64
1203 64
1204 64
1205 64
1206 64
1207 64
1208 64
1209 64
1210 64
1211 64
1212 64
1213 64
1214 64
1215 64
1216 64
1217 64
1218 64
1219 64
1220 64
1221 64
1222 64
1223 64
1224 64
1225 64
1226 64
1227 64
1228 64
1229 64
1230 64
1231 48
1232 64
1233 64
1234 64
1235 64
1236 64
1237 64
1238 64
1239 64
1240 64
1241 64
1242 64
1243 64
1244 64
1245 64
1246 64
1247 64
1248 64
1249 64
1250 64
1251 64
1252 64
1253 64
1254 64
1255 64
1256 64
1257 64
1258 64
1259 64
1260 64
1261 64
1262 64
1263 64
1264 64
1265 64
1266 64
1267 64
1268 64
1269 64
1270 64
1271 64
1272 64
1273 64
1274 64
1275 48
1276 64
1277 64
1278 64
1279 64
1280 64
1281 64
1282 64
1283 64
1284 64
1285 64
1286 64
1287 64
1288 64
1289 64
1290 64
1291 64
1292 64
1293 64
1294 64
1295 64
1296 64
1297 64
1298 64
1299 64
1300 64
1301 64
1302 64
1303 64
1304 64
1305 64
1306 64
1307 64
1308 64
1309 64
1310 64
1311 64
1312 64
1313 64
1314 64
1315 64
1316 64
1317 64
1318 64
1319 48
1320 64
1321 64
1322 64
1323 64
1324 64
1325 64
1326 64
1327 64
1328 64
1329 64
1330 64
1331 64
1332 64
1333 64
1334 64
1335 64
1336 64
1337 64
1338 64
1339 64
1340 64
1341 64
1342 64
1343 64
1344 64
1345 64
1346 64
1347 64
1348 64
1349 64
1350 64
1351 64
1352 64
1353 64
1354 64
1355 64
1356 64
1357 64
1358 64
1359 64
1360 64
1361 64
1362 64
1363 48
1364 48
1365 48
1366 48
1367 48
1368 48
1369 48
1370 48
1371 48
1372 48
1373 48
1374 48
1375 48
1376 48
1377 48
1378 48
1379 48
1380 48
1381 48
1382 48
1383 48
1384 48
1385 48
1386 48
1387 48
1388 48
1389 48
1390 48
1391 48
1392 48
1393 48
1394 48
1395 48
1396 48
1397 48
1398 48
1399 48
1400 48
1401 48
1402 48
1403 48
1404 48
1405 48
1406 48
1407 36
1408 48
1409 48
1410 48
1411 48
1412 48
1413 48
1414 48
1415 48
1416 48
1417 48
1418 48
1419 48
1420 48
1421 48
1422 48
1423 48
1424 48
1425 48
1426 48
1427 48
1428 48
1429 48
1430 48
1431 48
1432 48
1433 48
1434 48
1435 48
1436 48
1437 48
1438 48
1439 48
1440 48
1441 48
1442 48
1443 48
1444 48
1445 48
1446 48
1447 48
1448 48
1449 48
1450 48
1451 36
1452 64
1453 64
1454 64
1455 64
1456 64
1457 64
1458 64
1459 64
1460 64
1461 64
1462 64
1463 64
1464 64
1465 64
1466 64
1467 64
1468 64
1469 64
1470 64
1471 64
1472 64
1473 64
1474 64
1475 64
1476 64
1477 64
1478 64
1479 64
1480 64
1481 64
1482 64
1483 64
1484 64
1485 64
1486 64
1487 64
1488 64
1489 64
1490 64
1491 64
1492 64
1493 64
1494 64
1495 48
1496 64
1497 64
1498 64
1499 64
1500 64
1501 64
1502 64
1503 64
1504 64
1505 64
1506 64
1507 64
1508 64
1509 64
1510 64
1511 64
1512 64
1513 64
1514 64
1515 64
1516 64
1517 64
1518 64
1519 64
1520 64
1521 64
1522 64
1523 64
1524 64
1525 64
1526 64
1527 64
1528 64
1529 64
1530 64
1531 64
1532 64
1533 64
1534 64
1535 64
1536 64
1537 64
1538 64
1539 48
1540 64
1541 64
1542 64
1543 64
1544 64
1545 64
1546 64
1547 64
1548 64
1549 64
1550 64
1551 64
1552 64
1553 64
1554 64
1555 64
1556 64
1557 64
1558 64
1559 64
1560 64
1561 64
1562 64
1563 64
1564 64
1565 64
1566 64
1567 64
1568 64
1569 64
1570 64
1571 64
1572 64
1573 64
1574 64
1575 64
1576 64
1577 64
1578 64
1579 64
1580 64
1581 64
1582 64
1583 48
1584 64
1585 64
1586 64
1587 64
1588 64
1589 64
1590 64
1591 64
1592 64
1593 64
1594 64
1595 64
1596 64
1597 64
1598 64
1599 64
1600 64
1601 64
1602 64
1603 64
1604 64
1605 64
1606 64
1607 64
1608 64
1609 64
1610 64
1611 64
1612 64
1613 64
1614 64
1615 64
1616 64
1617 64
1618 64
1619 64
1620 64
1621 64
1622 64
1623 64
1624 64
1625 64
1626 64
1627 48
1628 64
1629 64
1630 64
1631 64
1632 64
1633 64
1634 64
1635 64
1636 64
1637 64
1638 64
1639 64
1640 64
1641 64
1642 64
1643 64
1644 64
1645 64
1646 64
1647 64
1648 64
1649 64
1650 64
1651 64
1652 64
1653 64
1654 64
1655 64
1656 64
1657 64
1658 64
1659 64
1660 64
1661 64
1662 64
1663 64
1664 64
1665 64
1666 64
1667 64
1668 64
1669 64
1670 64
1671 48
1672 64
1673 64
1674 64
1675 64
1676 64
1677 64
1678 64
1679 64
1680 64
1681 64
1682 64
1683 64
1684 64
1685 64
1686 64
1687 64
1688 64
1689 64
1690 64
1691 64
1692 64
1693 64
1694 64
1695 64
1696 64
1697 64
1698 64
1699 64
1700 64
1701 64
1702 64
1703 64
1704 64
1705 64
1706 64
1707 64
1708 64
1709 64
1710 64
1711 64
1712 64
1713 64
1714 64
1715 48
1716 64
1717 64
1718 64
1719 64
1720 64
1721 64
1722 64
1723 64
1724 64
1725 64
1726 64
1727 64
1728 64
1729 64
1730 64
1731 64
1732 64
1733 64
1734 64
1735 64
1736 64
1737 64
1738 64
1739 64
1740 64
1741 64
1742 64
1743 64
1744 64
1745 64
1746 64
1747 64
1748 64
1749 64
1750 64
1751 64
1752 64
1753 64
1754 64
1755 64
1756 64
1757 64
1758 64
1759 48
1760 64
1761 64
1762 64
1763 64
1764 64
1765 64
1766 64
1767 64
1768 64
1769 64
1770 64
1771 64
1772 64
1773 64
1774 64
1775 64
1776 64
1777 64
1778 64
1779 64
1780 64
1781 64
1782 64
1783 64
1784 64
1785 64
1786 64
1787 64
1788 64
1789 64
1790 64
1791 64
1792 64
1793 64
1794 64
1795 64
1796 64
1797 64
1798 64
1799 64
1800 64
1801 64
1802 64
1803 48
1804 64
1805 64
1806 64
1807 64
1808 64
1809 64
1810 64
1811 64
1812 64
1813 64
1814 64
1815 64
1816 64
1817 64
1818 64
1819 64
1820 64
1821 64
1822 64
1823 64
1824 64
1825 64
1826 64
1827 64
1828 64
1829 64
1830 64
1831 64
1832 64
1833 64
1834 64
1835 64
1836 64
1837 64
1838 64
1839 64
1840 64
1841 64
1842 64
1843 64
1844 64
1845 64
1846 64
1847 48
1848 64
1849 64
1850 64
1851 64
1852 64
1853 64
1854 64
1855 64
1856 64
1857 64
1858 64
1859 64
1860 64
1861 64
1862 64
1863 64
1864 64
1865 64
1866 64
1867 64
1868 64
1869 64
1870 64
1871 64
1872 64
1873 64
1874 64
1875 64
1876 64
1877 64
1878 64
1879 64
1880 64
1881 64
1882 64
1883 64
1884 64
1885 64
1886 64
1887 64
1888 64
1889 64
1890 64
1891 48
1892 64
1893 64
1894 64
1895 64
1896 64
1897 64
1898 64
1899 64
1900 64
1901 64
1902 64
1903 64
1904 64
1905 64
1906 64
1907 64
1908 64
1909 64
1910 64
1911 64
1912 64
1913 64
1914 64
1915 64
1916 64
1917 64
1918 64
1919 64
1920 64
1921 64
1922 64
1923 64
1924 64
1925 64
1926 64
1927 64
1928 64
1929 64
1930 64
1931 64
1932 64
1933 64
1934 64
1935 48
1936 64
1937 64
1938 64
1939 64
1940 64
1941 64
1942 64
1943 64
1944 64
1945 64
1946 64
1947 64
1948 64
1949 64
1950 64
1951 64
1952 64
1953 64
1954 64
1955 64
1956 64
1957 64
1958 64
1959 64
1960 64
1961 64
1962 64
1963 64
1964 64
1965 64
1966 64
1967 64
1968 64
1969 64
1970 64
1971 64
1972 64
1973 64
1974 64
1975 64
1976 64
1977 64
1978 64
1979 48
1980 64
1981 64
1982 64
1983 64
1984 64
1985 64
1986 64
1987 64
1988 64
1989 64
1990 64
1991 64
1992 64
1993 64
1994 64
1995 64
1996 64
1997 64
1998 64
1999 64
2000 64
2001 64
2002 64
2003 64
2004 64
2005 64
2006 64
2007 64
2008 64
2009 64
2010 64
2011 64
2012 64
2013 64
2014 64
2015 64
2016 64
2017 64
2018 64
2019 64
2020 64
2021 64
2022 64
2023 48
2024 64
2025 64
2026 64
2027 64
2028 64
2029 64
2030 64
2031 64
2032 64
2033 64
2034 64
2035 64
2036 64
2037 64
2038 64
2039 64
2040 64
2041 64
2042 64
2043 64
2044 64
2045 64
2046 64
2047 64
2048 64
2049 64
2050 64
2051 64
2052 64
2053 64
2054 64
2055 64
2056 64
2057 64
2058 64
2059 64
2060 64
2061 64
2062 64
2063 64
2064 64
2065 64
2066 64
2067 48
2068 48
2069 48
2070 48
2071 48
2072 48
2073 48
2074 48
2075 48
2076 48
2077 48
2078 48
2079 48
2080 48
2081 48
2082 48
2083 48
2084 48
2085 48
2086 48
2087 48
2088 48
2089 48
2090 48
2091 48
2092 48
2093 48
2094 48
2095 48
2096 48
2097 48
2098 48
2099 48
2100 48
2101 48
2102 48
2103 48
2104 48
2105 48
2106 48
2107 48
2108 48
2109 48
2110 48
2111 36
2112 48
2113 48
2114 48
2115 48
2116 48
2117 48
2118 48
2119 48
2120 48
2121 48
2122 48
2123 48
2124 48
2125 48
2126 48
2127 48
2128 48
2129 48
2130 48
2131 48
2132 48
2133 48
2134 48
2135 48
2136 48
2137 48
2138 48
2139 48
2140 48
2141 48
2142 48
2143 48
2144 48
2145 48
2146 48
2147 48
2148 48
2149 48
2150 48
2151 48
2152 48
2153 48
2154 48
2155 36
2156 64
2157 64
2158 64
2159 64
2160 64
2161 64
2162 64
2163 64
2164 64
2165 64
2166 64
2167 64
2168 64
2169 64
2170 64
2171 64
2172 64
2173 64
2174 64
2175 64
2176 64
2177 64
2178 64
2179 64
2180 64
2181 64
2182 64
2183 64
2184 64
2185 64
2186 64
2187 64
2188 64
2189 64
2190 64
2191 64
2192 64
2193 64
2194 64
2195 64
2196 64
2197 64
2198 64
2199 48
2200 64
2201 64
2202 64
2203 64
2204 64
2205 64
2206 64
2207 64
2208 64
2209 64
2210 64
2211 64
2212 64
2213 64
2214 64
2215 64
2216 64
2217 64
2218 64
2219 64
2220 64
2221 64
2222 64
2223 64
2224 64
2225 64
2226 64
2227 64
2228 64
2229 64
2230 64
2231 64
2232 64
2233 64
2234 64
2235 64
2236 64
2237 64
2238 64
2239 64
2240 64
2241 64
2242 64
2243 48
2244 64
2245 64
2246 64
2247 64
2248 64
2249 64
2250 64
2251 64
2252 64
2253 64
2254 64
2255 64
2256 64
2257 64
2258 64
2259 64
2260 64
2261 64
2262 64
2263 64
2264 64
2265 64
2266 64
2267 64
2268 64
2269 64
2270 64
2271 64
2272 64
2273 64
2274 64
2275 64
2276 64
2277 64
2278 64
2279 64
2280 64
2281 64
2282 64
2283 64
2284 64
2285 64
2286 64
2287 48
2288 64
2289 64
2290 64
2291 64
2292 64
2293 64
2294 64
2295 64
2296 64
2297 64
2298 64
2299 64
2300 64
2301 64
2302 64
2303 64
2304 64
2305 64
2306 64
2307 64
2308 64
2309 64
2310 64
2311 64
2312 64
2313 64
2314 64
2315 64
2316 64
2317 64
2318 64
2319 64
2320 64
2321 64
2322 64
2323 64
2324 64
2325 64
2326 64
2327 64
2328 64
2329 64
2330 64
2331 48
2332 64
2333 64
2334 64
2335 64
2336 64
2337 64
2338 64
2339 64
2340 64
2341 64
2342 64
2343 64
2344 64
2345 64
2346 64
2347 64
2348 64
2349 64
2350 64
2351 64
2352 64
2353 64
2354 64
2355 64
2356 64
2357 64
2358 64
2359 64
2360 64
2361 64
2362 64
2363 64
2364 64
2365 64
2366 64
2367 64
2368 64
2369 64
2370 64
2371 64
2372 64
2373 64
2374 64
2375 48
2376 64
2377 64
2378 64
2379 64
2380 64
2381 64
2382 64
2383 64
2384 64
2385 64
2386 64
2387 64
2388 64
2389 64
2390 64
2391 64
2392 64
2393 64
2394 64
2395 64
2396 64
2397 64
2398 64
2399 64
2400 64
2401 64
2402 64
2403 64
2404 64
2405 64
2406 64
2407 64
2408 64
2409 64
2410 64
2411 64
2412 64
2413 64
2414 64
2415 64
2416 64
2417 64
2418 64
2419 48
2420 64
2421 64
2422 64
2423 64
2424 64
2425 64
2426 64
2427 64
2428 64
2429 64
2430 64
2431 64
2432 64
2433 64
2434 64
2435 64
2436 64
2437 64
2438 64
2439 64
2440 64
2441 64
2442 64
2443 64
2444 64
2445 64
2446 64
2447 64
2448 64
2449 64
2450 64
2451 64
2452 64
2453 64
2454 64
2455 64
2456 64
2457 64
2458 64
2459 64
2460 64
2461 64
2462 64
2463 48
2464 64
2465 64
2466 64
2467 64
2468 64
2469 64
2470 64
2471 64
2472 64
2473 64
2474 64
2475 64
2476 64
2477 64
2478 64
2479 64
2480 64
2481 64
2482 64
2483 64
2484 64
2485 64
2486 64
2487 64
2488 64
2489 64
2490 64
2491 64
2492 64
2493 64
2494 64
2495 64
2496 64
2497 64
2498 64
2499 64
2500 64
2501 64
2502 64
2503 64
2504 64
2505 64
2506 64
2507 48
2508 64
2509 64
2510 64
2511 64
2512 64
2513 64
2514 64
2515 64
2516 64
2517 64
2518 64
2519 64
2520 64
2521 64
2522 64
2523 64
2524 64
2525 64
2526 64
2527 64
2528 64
2529 64
2530 64
2531 64
2532 64
2533 64
2534 64
2535 64
2536 64
2537 64
2538 64
2539 64
2540 64
2541 64
2542 64
2543 64
2544 64
2545 64
2546 64
2547 64
2548 64
2549 64
2550 64
2551 48
2552 64
2553 64
2554 64
2555 64
2556 64
2557 64
2558 64
2559 64
2560 64
2561 64
2562 64
2563 64
2564 64
2565 64
2566 64
2567 64
2568 64
2569 64
2570 64
2571 64
2572 64
2573 64
2574 64
2575 64
2576 64
2577 64
2578 64
2579 64
2580 64
2581 64
2582 64
2583 64
2584 64
2585 64
2586 64
2587 64
2588 64
2589 64
2590 64
2591 64
2592 64
2593 64
2594 64
2595 48
2596 64
2597 64
2598 64
2599 64
2600 64
2601 64
2602 64
2603 64
2604 64
2605 64
2606 64
2607 64
2608 64
2609 64
2610 64
2611 64
2612 64
2613 64
2614 64
2615 64
2616 64
2617 64
2618 64
2619 64
2620 64
2621 64
2622 64
2623 64
2624 64
2625 64
2626 64
2627 64
2628 64
2629 64
2630 64
2631 64
2632 64
2633 64
2634 64
2635 64
2636 64
2637 64
2638 64
2639 48
2640 64
2641 64
2642 64
2643 64
2644 64
2645 64
2646 64
2647 64
2648 64
2649 64
2650 64
2651 64
2652 64
2653 64
2654 64
2655 64
2656 64
2657 64
2658 64
2659 64
2660 64
2661 64
2662 64
2663 64
2664 64
2665 64
2666 64
2667 64
2668 64
2669 64
2670 64
2671 64
2672 64
2673 64
2674 64
2675 64
2676 64
2677 64
2678 64
2679 64
2680 64
2681 64
2682 64
2683 48
2684 64
2685 64
2686 64
2687 64
2688 64
2689 64
2690 64
2691 64
2692 64
2693 64
2694 64
2695 64
2696 64
2697 64
2698 64
2699 64
2700 64
2701 64
2702 64
2703 64
2704 64
2705 64
2706 64
2707 64
2708 64
2709 64
2710 64
2711 64
2712 64
2713 64
2714 64
2715 64
2716 64
2717 64
2718 64
2719 64
2720 64
2721 64
2722 64
2723 64
2724 64
2725 64
2726 64
2727 48
2728 64
2729 64
2730 64
2731 64
2732 64
2733 64
2734 64
2735 64
2736 64
2737 64
2738 64
2739 64
2740 64
2741 64
2742 64
2743 64
2744 64
2745 64
2746 64
2747 64
2748 64
2749 64
2750 64
2751 64
2752 64
2753 64
2754 64
2755 64
2756 64
2757 64
2758 64
2759 64
2760 64
2761 64
2762 64
2763 64
2764 64
2765 64
2766 64
2767 64
2768 64
2769 64
2770 64
2771 48
2772 48
2773 48
2774 48
2775 48
2776 48
2777 48
2778 48
2779 48
2780 48
2781 48
2782 48
2783 48
2784 48
2785 48
2786 48
2787 48
2788 48
2789 48
2790 48
2791 48
2792 48
2793 48
2794 48
2795 48
2796 48
2797 48
2798 48
2799 48
2800 48
2801 48
2802 48
2803 48
2804 48
2805 48
2806 48
2807 48
2808 48
2809 48
2810 48
2811 48
2812 48
2813 48
2814 48
2815 36
2816 48
2817 48
2818 48
2819 48
2820 48
2821 48
2822 48
2823 48
2824 48
2825 48
2826 48
2827 48
2828 48
2829 48
2830 48
2831 48
2832 48
2833 48
2834 48
2835 48
2836 48
2837 48
2838 48
2839 48
2840 48
2841 48
2842 48
2843 48
2844 48
2845 48
2846 48
2847 48
2848 48
2849 48
2850 48
2851 48
2852 48
2853 48
2854 48
2855 48
2856 48
2857 48
2858 48
2859 36
2860 64
2861 64
2862 64
2863 64
2864 64
2865 64
2866 64
2867 64
2868 64
2869 64
2870 64
2871 64
2872 64
2873 64
2874 64
2875 64
2876 64
2877 64
2878 64
2879 64
2880 64
2881 64
2882 64
2883 64
2884 64
2885 64
2886 64
2887 64
2888 64
2889 64
2890 64
2891 64
2892 64
2893 64
2894 64
2895 64
2896 64
2897 64
2898 64
2899 64
2900 64
2901 64
2902 64
2903 48
2904 64
2905 64
2906 64
2907 64
2908 64
2909 64
2910 64
2911 64
2912 64
2913 64
2914 64
2915 64
2916 64
2917 64
2918 64
2919 64
2920 64
2921 64
2922 64
2923 64
2924 64
2925 64
2926 64
2927 64
2928 64
2929 64
2930 64
2931 64
2932 64
2933 64
2934 64
2935 64
2936 64
2937 64
2938 64
2939 64
2940 64
2941 64
2942 64
2943 64
2944 64
2945 64
2946 64
2947 48
2948 64
2949 64
2950 64
2951 64
2952 64
2953 64
2954 64
2955 64
2956 64
2957 64
2958 64
2959 64
2960 64
2961 64
2962 64
2963 64
2964 64
2965 64
2966 64
2967 64
2968 64
2969 64
2970 64
2971 64
2972 64
2973 64
2974 64
2975 64
2976 64
2977 64
2978 64
2979 64
2980 64
2981 64
2982 64
2983 64
2984 64
2985 64
2986 64
2987 64
2988 64
2989 64
2990 64
2991 48
2992 64
2993 64
2994 64
2995 64
2996 64
2997 64
2998 64
2999 64
3000 64
3001 64
3002 64
3003 64
3004 64
3005 64
3006 64
3007 64
3008 64
3009 64
3010 64
3011 64
3012 64
3013 64
3014 64
3015 64
3016 64
3017 64
3018 64
3019 64
3020 64
3021 64
3022 64
3023 64
3024 64
3025 64
3026 64
3027 64
3028 64
3029 64
3030 64
3031 64
3032 64
3033 64
3034 64
3035 48
3036 64
3037 64
3038 64
3039 64
3040 64
3041 64
3042 64
3043 64
3044 64
3045 64
3046 64
3047 64
3048 64
3049 64
3050 64
3051 64
3052 64
3053 64
3054 64
3055 64
3056 64
3057 64
3058 64
3059 64
3060 64
3061 64
3062 64
3063 64
3064 64
3065 64
3066 64
3067 64
3068 64
3069 64
3070 64
3071 64
3072 64
3073 64
3074 64
3075 64
3076 64
3077 64
3078 64
3079 48
3080 64
3081 64
3082 64
3083 64
3084 64
3085 64
3086 64
3087 64
3088 64
3089 64
3090 64
3091 64
3092 64
3093 64
3094 64
3095 64
3096 64
3097 64
3098 64
3099 64
3100 64
3101 64
3102 64
3103 64
3104 64
3105 64
3106 64
3107 64
3108 64
3109 64
3110 64
3111 64
3112 64
3113 64
3114 64
3115 64
3116 64
3117 64
3118 64
3119 64
3120 64
3121 64
3122 64
3123 48
3124 64
3125 64
3126 64
3127 64
3128 64
3129 64
3130 64
3131 64
3132 64
3133 64
3134 64
3135 64
3136 64
3137 64
3138 64
3139 64
3140 64
3141 64
3142 64
3143 64
3144 64
3145 64
3146 64
3147 64
3148 64
3149 64
3150 64
3151 64
3152 64
3153 64
3154 64
3155 64
3156 64
3157 64
3158 64
3159 64
3160 64
3161 64
3162 64
3163 64
3164 64
3165 64
3166 64
3167 48
3168 64
3169 64
3170 64
3171 64
3172 64
3173 64
3174 64
3175 64
3176 64
3177 64
3178 64
3179 64
3180 64
3181 64
3182 64
3183 64
3184 64
3185 64
3186 64
3187 64
3188 64
3189 64
3190 64
3191 64
3192 64
3193 64
3194 64
3195 64
3196 64
3197 64
3198 64
3199 64
3200 64
3201 64
3202 64
3203 64
3204 64
3205 64
3206 64
3207 64
3208 64
3209 64
3210 64
3211 48
3212 64
3213 64
3214 64
3215 64
3216 64
3217 64
3218 64
3219 64
3220 64
3221 64
3222 64
3223 64
3224 64
3225 64
3226 64
3227 64
3228 64
3229 64
3230 64
3231 64
3232 64
3233 64
3234 64
3235 64
3236 64
3237 64
3238 64
3239 64
3240 64
3241 64
3242 64
3243 64
3244 64
3245 64
3246 64
3247 64
3248 64
3249 64
3250 64
3251 64
3252 64
3253 64
3254 64
3255 48
3256 64
3257 64
3258 64
3259 64
3260 64
3261 64
3262 64
3263 64
3264 64
3265 64
3266 64
3267 64
3268 64
3269 64
3270 64
3271 64
3272 64
3273 64
3274 64
3275 64
3276 64
3277 64
3278 64
3279 64
3280 64
3281 64
3282 64
3283 64
3284 64
3285 64
3286 64
3287 64
3288 64
3289 64
3290 64
3291 64
3292 64
3293 64
3294 64
3295 64
3296 64
3297 64
3298 64
3299 48
3300 64
3301 64
3302 64
3303 64
3304 64
3305 64
3306 64
3307 64
3308 64
3309 64
3310 64
3311 64
3312 64
3313 64
3314 64
3315 64
3316 64
3317 64
3318 64
3319 64
3320 64
3321 64
3322 64
3323 64
3324 64
3325 64
3326 64
3327 64
3328 64
3329 64
3330 64
3331 64
3332 64
3333 64
3334 64
3335 64
3336 64
3337 64
3338 64
3339 64
3340 64
3341 64
3342 64
3343 48
3344 64
3345 64
3346 64
3347 64
3348 64
3349 64
3350 64
3351 64
3352 64
3353 64
3354 64
3355 64
3356 64
3357 64
3358 64
3359 64
3360 64
3361 64
3362 64
3363 64
3364 64
3365 64
3366 64
3367 64
3368 64
3369 64
3370 64
3371 64
3372 64
3373 64
3374 64
3375 64
3376 64
3377 64
3378 64
3379 64
3380 64
3381 64
3382 64
3383 64
3384 64
3385 64
3386 64
3387 48
3388 64
3389 64
3390 64
3391 64
3392 64
3393 64
3394 64
3395 64
3396 64
3397 64
3398 64
3399 64
3400 64
3401 64
3402 64
3403 64
3404 64
3405 64
3406 64
3407 64
3408 64
3409 64
3410 64
3411 64
3412 64
3413 64
3414 64
3415 64
3416 64
3417 64
3418 64
3419 64
3420 64
3421 64
3422 64
3423 64
3424 64
3425 64
3426 64
3427 64
3428 64
3429 64
3430 64
3431 48
3432 64
3433 64
3434 64
3435 64
3436 64
3437 64
3438 64
3439 64
3440 64
3441 64
3442 64
3443 64
3444 64
3445 64
3446 64
3447 64
3448 64
3449 64
3450 64
3451 64
3452 64
3453 64
3454 64
3455 64
3456 64
3457 64
3458 64
3459 64
3460 64
3461 64
3462 64
3463 64
3464 64
3465 64
3466 64
3467 64
3468 64
3469 64
3470 64
3471 64
3472 64
3473 64
3474 64
3475 48
3476 48
3477 48
3478 48
3479 48
3480 48
3481 48
3482 48
3483 48
3484 48
3485 48
3486 48
3487 48
3488 48
3489 48
3490 48
3491 48
3492 48
3493 48
3494 48
3495 48
3496 48
3497 48
3498 48
3499 48
3500 48
3501 48
3502 48
3503 48
3504 48
3505 48
3506 48
3507 48
3508 48
3509 48
3510 48
3511 48
3512 48
3513 48
3514 48
3515 48
3516 48
3517 48
3518 48
3519 36
3520 48
3521 48
3522 48
3523 48
3524 48
3525 48
3526 48
3527 48
3528 48
3529 48
3530 48
3531 48
3532 48
3533 48
3534 48
3535 48
3536 48
3537 48
3538 48
3539 48
3540 48
3541 48
3542 48
3543 48
3544 48
3545 48
3546 48
3547 48
3548 48
3549 48
3550 48
3551 48
3552 48
3553 48
3554 48
3555 48
3556 48
3557 48
3558 48
3559 48
3560 48
3561 48
3562 48
3563 36
3564 64
3565 64
3566 64
3567 64
3568 64
3569 64
3570 64
3571 64
3572 64
3573 64
3574 64
3575 64
3576 64
3577 64
3578 64
3579 64
3580 64
3581 64
3582 64
3583 64
3584 64
3585 64
3586 64
3587 64
3588 64
3589 64
3590 64
3591 64
3592 64
3593 64
3594 64
3595 64
3596 64
3597 64
3598 64
3599 64
3600 64
3601 64
3602 64
3603 64
3604 64
3605 64
3606 64
3607 48
3608 64
3609 64
3610 64
3611 64
3612 64
3613 64
3614 64
3615 64
3616 64
3617 64
3618 64
3619 64
3620 64
3621 64
3622 64
3623 64
3624 64
3625 64
3626 64
3627 64
3628 64
3629 64
3630 64
3631 64
3632 64
3633 64
3634 64
3635 64
3636 64
3637 64
3638 64
3639 64
3640 64
3641 64
3642 64
3643 64
3644 64
3645 64
3646 64
3647 64
3648 64
3649 64
3650 64
3651 48
3652 64
3653 64
3654 64
3655 64
3656 64
3657 64
3658 64
3659 64
3660 64
3661 64
3662 64
3663 64
3664 64
3665 64
3666 64
3667 64
3668 64
3669 64
3670 64
3671 64
3672 64
3673 64
3674 64
3675 64
3676 64
3677 64
3678 64
3679 64
3680 64
3681 64
3682 64
3683 64
3684 64
3685 64
3686 64
3687 64
3688 64
3689 64
3690 64
3691 64
3692 64
3693 64
3694 64
3695 48
3696 64
3697 64
3698 64
3699 64
3700 64
3701 64
3702 64
3703 64
3704 64
3705 64
3706 64
3707 64
3708 64
3709 64
3710 64
3711 64
3712 64
3713 64
3714 64
3715 64
3716 64
3717 64
3718 64
3719 64
3720 64
3721 64
3722 64
3723 64
3724 64
3725 64
3726 64
3727 64
3728 64
3729 64
3730 64
3731 64
3732 64
3733 64
3734 64
3735 64
3736 64
3737 64
3738 64
3739 48
3740 64
3741 64
3742 64
3743 64
3744 64
3745 64
3746 64
3747 64
3748 64
3749 64
3750 64
3751 64
3752 64
3753 64
3754 64
3755 64
3756 64
3757 64
3758 64
3759 64
3760 64
3761 64
3762 64
3763 64
3764 64
3765 64
3766 64
3767 64
3768 64
3769 64
3770 64
3771 64
3772 64
3773 64
3774 64
3775 64
3776 64
3777 64
3778 64
3779 64
3780 64
3781 64
3782 64
3783 48
3784 64
3785 64
3786 64
3787 64
3788 64
3789 64
3790 64
3791 64
3792 64
3793 64
3794 64
3795 64
3796 64
3797 64
3798 64
3799 64
3800 64
3801 64
3802 64
3803 64
3804 64
3805 64
3806 64
3807 64
3808 64
3809 64
3810 64
3811 64
3812 64
3813 64
3814 64
3815 64
3816 64
3817 64
3818 64
3819 64
3820 64
3821 64
3822 64
3823 64
3824 64
3825 64
3826 64
3827 48
3828 64
3829 64
3830 64
3831 64
3832 64
3833 64
3834 64
3835 64
3836 64
3837 64
3838 64
3839 64
3840 64
3841 64
3842 64
3843 64
3844 64
3845 64
3846 64
3847 64
3848 64
3849 64
3850 64
3851 64
3852 64
3853 64
3854 64
3855 64
3856 64
3857 64
3858 64
3859 64
3860 64
3861 64
3862 64
3863 64
3864 64
3865 64
3866 64
3867 64
3868 64
3869 64
3870 64
3871 48
3872 64
3873 64
3874 64
3875 64
3876 64
3877 64
3878 64
3879 64
3880 64
3881 64
3882 64
3883 64
3884 64
3885 64
3886 64
3887 64
3888 64
3889 64
3890 64
3891 64
3892 64
3893 64
3894 64
3895 64
3896 64
3897 64
3898 64
3899 64
3900 64
3901 64
3902 64
3903 64
3904 64
3905 64
3906 64
3907 64
3908 64
3909 64
3910 64
3911 64
3912 64
3913 64
3914 64
3915 48
3916 64
3917 64
3918 64
3919 64
3920 64
3921 64
3922 64
3923 64
3924 64
3925 64
3926 64
3927 64
3928 64
3929 64
3930 64
3931 64
3932 64
3933 64
3934 64
3935 64
3936 64
3937 64
3938 64
3939 64
3940 64
3941 64
3942 64
3943 64
3944 64
3945 64
3946 64
3947 64
3948 64
3949 64
3950 64
3951 64
3952 64
3953 64
3954 64
3955 64
3956 64
3957 64
3958 64
3959 48
3960 64
3961 64
3962 64
3963 64
3964 64
3965 64
3966 64
3967 64
3968 64
3969 64
3970 64
3971 64
3972 64
3973 64
3974 64
3975 64
3976 64
3977 64
3978 64
3979 64
3980 64
3981 64
3982 64
3983 64
3984 64
3985 64
3986 64
3987 64
3988 64
3989 64
3990 64
3991 64
3992 64
3993 64
3994 64
3995 64
3996 64
3997 64
3998 64
3999 64
4000 64
4001 64
4002 64
4003 48
4004 64
4005 64
4006 64
4007 64
4008 64
4009 64
4010 64
4011 64
4012 64
4013 64
4014 64
4015 64
4016 64
4017 64
4018 64
4019 64
4020 64
4021 64
4022 64
4023 64
4024 64
4025 64
4026 64
4027 64
4028 64
4029 64
4030 64
4031 64
4032 64
4033 64
4034 64
4035 64
4036 64
4037 64
4038 64
4039 64
4040 64
4041 64
4042 64
4043 64
4044 64
4045 64
4046 64
4047 48
4048 64
4049 64
4050 64
4051 64
4052 64
4053 64
4054 64
4055 64
4056 64
4057 64
4058 64
4059 64
4060 64
4061 64
4062 64
4063 64
4064 64
4065 64
4066 64
4067 64
4068 64
4069 64
4070 64
4071 64
4072 64
4073 64
4074 64
4075 64
4076 64
4077 64
4078 64
4079 64
4080 64
4081 64
4082 64
4083 64
4084 64
4085 64
4086 64
4087 64
4088 64
4089 64
4090 64
4091 48
4092 64
4093 64
4094 64
4095 64
4096 64
4097 64
4098 64
4099 64
4100 64
4101 64
4102 64
4103 64
4104 64
4105 64
4106 64
4107 64
4108 64
4109 64
4110 64
4111 64
4112 64
4113 64
4114 64
4115 64
4116 64
4117 64
4118 64
4119 64
4120 64
4121 64
4122 64
4123 64
4124 64
4125 64
4126 64
4127 64
4128 64
4129 64
4130 64
4131 64
4132 64
4133 64
4134 64
4135 48
4136 64
4137 64
4138 64
4139 64
4140 64
4141 64
4142 64
4143 64
4144 64
4145 64
4146 64
4147 64
4148 64
4149 64
4150 64
4151 64
4152 64
4153 64
4154 64
4155 64
4156 64
4157 64
4158 64
4159 64
4160 64
4161 64
4162 64
4163 64
4164 64
4165 64
4166 64
4167 64
4168 64
4169 64
4170 64
4171 64
4172 64
4173 64
4174 64
4175 64
4176 64
4177 64
4178 64
4179 48
4180 48
4181 48
4182 48
4183 48
4184 48
4185 48
4186 48
4187 48
4188 48
4189 48
4190 48
4191 48
4192 48
4193 48
4194 48
4195 48
4196 48
4197 48
4198 48
4199 48
4200 48
4201 48
4202 48
4203 48
4204 48
4205 48
4206 48
4207 48
4208 48
4209 48
4210 48
4211 48
4212 48
4213 48
4214 48
4215 48
4216 48
4217 48
4218 48
4219 48
4220 48
4221 48
4222 48
4223 36
4224 48
4225 48
4226 48
4227 48
4228 48
4229 48
4230 48
4231 48
4232 48
4233 48
4234 48
4235 48
4236 48
4237 48
4238 48
4239 48
4240 48
4241 48
4242 48
4243 48
4244 48
4245 48
4246 48
4247 48
4248 48
4249 48
4250 48
4251 48
4252 48
4253 48
4254 48
4255 48
4256 48
4257 48
4258 48
4259 48
4260 48
4261 48
4262 48
4263 48
4264 48
4265 48
4266 48
4267 36
4268 64
4269 64
4270 64
4271 64
4272 64
4273 64
4274 64
4275 64
4276 64
4277 64
4278 64
4279 64
4280 64
4281 64
4282 64
4283 64
4284 64
4285 64
4286 64
4287 64
4288 64
4289 64
4290 64
4291 64
4292 64
4293 64
4294 64
4295 64
4296 64
4297 64
4298 64
4299 64
4300 64
4301 64
4302 64
4303 64
4304 64
4305 64
4306 64
4307 64
4308 64
4309 64
4310 64
4311 48
4312 64
4313 64
4314 64
4315 64
4316 64
4317 64
4318 64
4319 64
4320 64
4321 64
4322 64
4323 64
4324 64
4325 64
4326 64
4327 64
4328 64
4329 64
4330 64
4331 64
4332 64
4333 64
4334 64
4335 64
4336 64
4337 64
4338 64
4339 64
4340 64
4341 64
4342 64
4343 64
4344 64
4345 64
4346 64
4347 64
4348 64
4349 64
4350 64
4351 64
4352 64
4353 64
4354 64
4355 48
4356 64
4357 64
4358 64
4359 64
4360 64
4361 64
4362 64
4363 64
4364 64
4365 64
4366 64
4367 64
4368 64
4369 64
4370 64
4371 64
4372 64
4373 64
4374 64
4375 64
4376 64
4377 64
4378 64
4379 64
4380 64
4381 64
4382 64
4383 64
4384 64
4385 64
4386 64
4387 64
4388 64
4389 64
4390 64
4391 64
4392 64
4393 64
4394 64
4395 64
4396 64
4397 64
4398 64
4399 48
4400 64
4401 64
4402 64
4403 64
4404 64
4405 64
4406 64
4407 64
4408 64
4409 64
4410 64
4411 64
4412 64
4413 64
4414 64
4415 64
4416 64
4417 64
4418 64
4419 64
4420 64
4421 64
4422 64
4423 64
4424 64
4425 64
4426 64
4427 64
4428 64
4429 64
4430 64
4431 64
4432 64
4433 64
4434 64
4435 64
4436 64
4437 64
4438 64
4439 64
4440 64
4441 64
4442 64
4443 48
4444 64
4445 64
4446 64
4447 64
4448 64
4449 64
4450 64
4451 64
4452 64
4453 64
4454 64
4455 64
4456 64
4457 64
4458 64
4459 64
4460 64
4461 64
4462 64
4463 64
4464 64
4465 64
4466 64
4467 64
4468 64
4469 64
4470 64
4471 64
4472 64
4473 64
4474 64
4475 64
4476 64
4477 64
4478 64
4479 64
4480 64
4481 64
4482 64
4483 64
4484 64
4485 64
4486 64
4487 48
4488 64
4489 64
4490 64
4491 64
4492 64
4493 64
4494 64
4495 64
4496 64
4497 64
4498 64
4499 64
4500 64
4501 64
4502 64
4503 64
4504 64
4505 64
4506 64
4507 64
4508 64
4509 64
4510 64
4511 64
4512 64
4513 64
4514 64
4515 64
4516 64
4517 64
4518 64
4519 64
4520 64
4521 64
4522 64
4523 64
4524 64
4525 64
4526 64
4527 64
4528 64
4529 64
4530 64
4531 48
4532 64
4533 64
4534 64
4535 64
4536 64
4537 64
4538 64
4539 64
4540 64
4541 64
4542 64
4543 64
4544 64
4545 64
4546 64
4547 64
4548 64
4549 64
4550 64
4551 64
4552 64
4553 64
4554 64
4555 64
4556 64
4557 64
4558 64
4559 64
4560 64
4561 64
4562 64
4563 64
4564 64
4565 64
4566 64
4567 64
4568 64
4569 64
4570 64
4571 64
4572 64
4573 64
4574 64
4575 48
4576 64
4577 64
4578 64
4579 64
4580 64
4581 64
4582 64
4583 64
4584 64
4585 64
4586 64
4587 64
4588 64
4589 64
4590 64
4591 64
4592 64
4593 64
4594 64
4595 64
4596 64
4597 64
4598 64
4599 64
4600 64
4601 64
4602 64
4603 64
4604 64
4605 64
4606 64
4607 64
4608 64
4609 64
4610 64
4611 64
4612 64
4613 64
4614 64
4615 64
4616 64
4617 64
4618 64
4619 48
4620 64
4621 64
4622 64
4623 64
4624 64
4625 64
4626 64
4627 64
4628 64
4629 64
4630 64
4631 64
4632 64
4633 64
4634 64
4635 64
4636 64
4637 64
4638 64
4639 64
4640 64
4641 64
4642 64
4643 64
4644 64
4645 64
4646 64
4647 64
4648 64
4649 64
4650 64
4651 64
4652 64
4653 64
4654 64
4655 64
4656 64
4657 64
4658 64
4659 64
4660 64
4661 64
4662 64
4663 48
4664 64
4665 64
4666 64
4667 64
4668 64
4669 64
4670 64
4671 64
4672 64
4673 64
4674 64
4675 64
4676 64
4677 64
4678 64
4679 64
4680 64
4681 64
4682 64
4683 64
4684 64
4685 64
4686 64
4687 64
4688 64
4689 64
4690 64
4691 64
4692 64
4693 64
4694 64
4695 64
4696 64
4697 64
4698 64
4699 64
4700 64
4701 64
4702 64
4703 64
4704 64
4705 64
4706 64
4707 48
4708 64
4709 64
4710 64
4711 64
4712 64
4713 64
4714 64
4715 64
4716 64
4717 64
4718 64
4719 64
4720 64
4721 64
4722 64
4723 64
4724 64
4725 64
4726 64
4727 64
4728 64
4729 64
4730 64
4731 64
4732 64
4733 64
4734 64
4735 64
4736 64
4737 64
4738 64
4739 64
4740 64
4741 64
4742 64
4743 64
4744 64
4745 64
4746 64
4747 64
4748 64
4749 64
4750 64
4751 48
4752 64
4753 64
4754 64
4755 64
4756 64
4757 64
4758 64
4759 64
4760 64
4761 64
4762 64
4763 64
4764 64
4765 64
4766 64
4767 64
4768 64
4769 64
4770 64
4771 64
4772 64
4773 64
4774 64
4775 64
4776 64
4777 64
4778 64
4779 64
4780 64
4781 64
4782 64
4783 64
4784 64
4785 64
4786 64
4787 64
4788 64
4789 64
4790 64
4791 64
4792 64
4793 64
4794 64
4795 48
4796 64
4797 64
4798 64
4799 64
4800 64
4801 64
4802 64
4803 64
4804 64
4805 64
4806 64
4807 64
4808 64
4809 64
4810 64
4811 64
4812 64
4813 64
4814 64
4815 64
4816 64
4817 64
4818 64
4819 64
4820 64
4821 64
4822 64
4823 64
4824 64
4825 64
4826 64
4827 64
4828 64
4829 64
4830 64
4831 64
4832 64
4833 64
4834 64
4835 64
4836 64
4837 64
4838 64
4839 48
4840 64
4841 64
4842 64
4843 64
4844 64
4845 64
4846 64
4847 64
4848 64
4849 64
4850 64
4851 64
4852 64
4853 64
4854 64
4855 64
4856 64
4857 64
4858 64
4859 64
4860 64
4861 64
4862 64
4863 64
4864 64
4865 64
4866 64
4867 64
4868 64
4869 64
4870 64
4871 64
4872 64
4873 64
4874 64
4875 64
4876 64
4877 64
4878 64
4879 64
4880 64
4881 64
4882 64
4883 48
4884 48
4885 48
4886 48
4887 48
4888 48
4889 48
4890 48
4891 48
4892 48
4893 48
4894 48
4895 48
4896 48
4897 48
4898 48
4899 48
4900 48
4901 48
4902 48
4903 48
4904 48
4905 48
4906 48
4907 48
4908 48
4909 48
4910 48
4911 48
4912 48
4913 48
4914 48
4915 48
4916 48
4917 48
4918 48
4919 48
4920 48
4921 48
4922 48
4923 48
4924 48
4925 48
4926 48
4927 36
4928 48
4929 48
4930 48
4931 48
4932 48
4933 48
4934 48
4935 48
4936 48
4937 48
4938 48
4939 48
4940 48
4941 48
4942 48
4943 48
4944 48
4945 48
4946 48
4947 48
4948 48
4949 48
4950 48
4951 48
4952 48
4953 48
4954 48
4955 48
4956 48
4957 48
4958 48
4959 48
4960 48
4961 48
4962 48
4963 48
4964 48
4965 48
4966 48
4967 48
4968 48
4969 48
4970 48
4971 36
4972 64
4973 64
4974 64
4975 64
4976 64
4977 64
4978 64
4979 64
4980 64
4981 64
4982 64
4983 64
4984 64
4985 64
4986 64
4987 64
4988 64
4989 64
4990 64
4991 64
4992 64
4993 64
4994 64
4995 64
4996 64
4997 64
4998 64
4999 64
5000 64
5001 64
5002 64
5003 64
5004 64
5005 64
5006 64
5007 64
5008 64
5009 64
5010 64
5011 64
5012 64
5013 64
5014 64
5015 48
5016 64
5017 64
5018 64
5019 64
5020 64
5021 64
5022 64
5023 64
5024 64
5025 64
5026 64
5027 64
5028 64
5029 64
5030 64
5031 64
5032 64
5033 64
5034 64
5035 64
5036 64
5037 64
5038 64
5039 64
5040 64
5041 64
5042 64
5043 64
5044 64
5045 64
5046 64
5047 64
5048 64
5049 64
5050 64
5051 64
5052 64
5053 64
5054 64
5055 64
5056 64
5057 64
5058 64
5059 48
5060 64
5061 64
5062 64
5063 64
5064 64
5065 64
5066 64
5067 64
5068 64
5069 64
5070 64
5071 64
5072 64
5073 64
5074 64
5075 64
5076 64
5077 64
5078 64
5079 64
5080 64
5081 64
5082 64
5083 64
5084 64
5085 64
5086 64
5087 64
5088 64
5089 64
5090 64
5091 64
5092 64
5093 64
5094 64
5095 64
5096 64
5097 64
5098 64
5099 64
5100 64
5101 64
5102 64
5103 48
5104 64
5105 64
5106 64
5107 64
5108 64
5109 64
5110 64
5111 64
5112 64
5113 64
5114 64
5115 64
5116 64
5117 64
5118 64
5119 64
5120 64
5121 64
5122 64
5123 64
5124 64
5125 64
5126 64
5127 64
5128 64
5129 64
5130 64
5131 64
5132 64
5133 64
5134 64
5135 64
5136 64
5137 64
5138 64
5139 64
5140 64
5141 64
5142 64
5143 64
5144 64
5145 64
5146 64
5147 48
5148 64
5149 64
5150 64
5151 64
5152 64
5153 64
5154 64
5155 64
5156 64
5157 64
5158 64
5159 64
5160 64
5161 64
5162 64
5163 64
5164 64
5165 64
5166 64
5167 64
5168 64
5169 64
5170 64
5171 64
5172 64
5173 64
5174 64
5175 64
5176 64
5177 64
5178 64
5179 64
5180 64
5181 64
5182 64
5183 64
5184 64
5185 64
5186 64
5187 64
5188 64
5189 64
5190 64
5191 48
5192 64
5193 64
5194 64
5195 64
5196 64
5197 64
5198 64
5199 64
5200 64
5201 64
5202 64
5203 64
5204 64
5205 64
5206 64
5207 64
5208 64
5209 64
5210 64
5211 64
5212 64
5213 64
5214 64
5215 64
5216 64
5217 64
5218 64
5219 64
5220 64
5221 64
5222 64
5223 64
5224 64
5225 64
5226 64
5227 64
5228 64
5229 64
5230 64
5231 64
5232 64
5233 64
5234 64
5235 48
5236 64
5237 64
5238 64
5239 64
5240 64
5241 64
5242 64
5243 64
5244 64
5245 64
5246 64
5247 64
5248 64
5249 64
5250 64
5251 64
5252 64
5253 64
5254 64
5255 64
5256 64
5257 64
5258 64
5259 64
5260 64
5261 64
5262 64
5263 64
5264 64
5265 64
5266 64
5267 64
5268 64
5269 64
5270 64
5271 64
5272 64
5273 64
5274 64
5275 64
5276 64
5277 64
5278 64
5279 48
5280 64
5281 64
5282 64
5283 64
5284 64
5285 64
5286 64
5287 64
5288 64
5289 64
5290 64
5291 64
5292 64
5293 64
5294 64
5295 64
5296 64
5297 64
5298 64
5299 64
5300 64
5301 64
5302 64
5303 64
5304 64
5305 64
5306 64
5307 64
5308 64
5309 64
5310 64
5311 64
5312 64
5313 64
5314 64
5315 64
5316 64
5317 64
5318 64
5319 64
5320 64
5321 64
5322 64
5323 48
5324 64
5325 64
5326 64
5327 64
5328 64
5329 64
5330 64
5331 64
5332 64
5333 64
5334 64
5335 64
5336 64
5337 64
5338 64
5339 64
5340 64
5341 64
5342 64
5343 64
5344 64
5345 64
5346 64
5347 64
5348 64
5349 64
5350 64
5351 64
5352 64
5353 64
5354 64
5355 64
5356 64
5357 64
5358 64
5359 64
5360 64
5361 64
5362 64
5363 64
5364 64
5365 64
5366 64
5367 48
5368 64
5369 64
5370 64
5371 64
5372 64
5373 64
5374 64
5375 64
5376 64
5377 64
5378 64
5379 64
5380 64
5381 64
5382 64
5383 64
5384 64
5385 64
5386 64
5387 64
5388 64
5389 64
5390 64
5391 64
5392 64
5393 64
5394 64
5395 64
5396 64
5397 64
5398 64
5399 64
5400 64
5401 64
5402 64
5403 64
5404 64
5405 64
5406 64
5407 64
5408 64
5409 64
5410 64
5411 48
5412 64
5413 64
5414 64
5415 64
5416 64
5417 64
5418 64
5419 64
5420 64
5421 64
5422 64
5423 64
5424 64
5425 64
5426 64
5427 64
5428 64
5429 64
5430 64
5431 64
5432 64
5433 64
5434 64
5435 64
5436 64
5437 64
5438 64
5439 64
5440 64
5441 64
5442 64
5443 64
5444 64
5445 64
5446 64
5447 64
5448 64
5449 64
5450 64
5451 64
5452 64
5453 64
5454 64
5455 48
5456 64
5457 64
5458 64
5459 64
5460 64
5461 64
5462 64
5463 64
5464 64
5465 64
5466 64
5467 64
5468 64
5469 64
5470 64
5471 64
5472 64
5473 64
5474 64
5475 64
5476 64
5477 64
5478 64
5479 64
5480 64
5481 64
5482 64
5483 64
5484 64
5485 64
5486 64
5487 64
5488 64
5489 64
5490 64
5491 64
5492 64
5493 64
5494 64
5495 64
5496 64
5497 64
5498 64
5499 48
5500 64
5501 64
5502 64
5503 64
5504 64
5505 64
5506 64
5507 64
5508 64
5509 64
5510 64
5511 64
5512 64
5513 64
5514 64
5515 64
5516 64
5517 64
5518 64
5519 64
5520 64
5521 64
5522 64
5523 64
5524 64
5525 64
5526 64
5527 64
5528 64
5529 64
5530 64
5531 64
5532 64
5533 64
5534 64
5535 64
5536 64
5537 64
5538 64
5539 64
5540 64
5541 64
5542 64
5543 48
5544 64
5545 64
5546 64
5547 64
5548 64
5549 64
5550 64
5551 64
5552 64
5553 64
5554 64
5555 64
5556 64
5557 64
5558 64
5559 64
5560 64
5561 64
5562 64
5563 64
5564 64
5565 64
5566 64
5567 64
5568 64
5569 64
5570 64
5571 64
5572 64
5573 64
5574 64
5575 64
5576 64
5577 64
5578 64
5579 64
5580 64
5581 64
5582 64
5583 64
5584 64
5585 64
5586 64
5587 48
5588 48
5589 48
5590 48
5591 48
5592 48
5593 48
5594 48
5595 48
5596 48
5597 48
5598 48
5599 48
5600 48
5601 48
5602 48
5603 48
5604 48
5605 48
5606 48
5607 48
5608 48
5609 48
5610 48
5611 48
5612 48
5613 48
5614 48
5615 48
5616 48
5617 48
5618 48
5619 48
5620 48
5621 48
5622 48
5623 48
5624 48
5625 48
5626 48
5627 48
5628 48
5629 48
5630 48
5631 36
5632 48
5633 48
5634 48
5635 48
5636 48
5637 48
5638 48
5639 48
5640 48
5641 48
5642 48
5643 48
5644 48
5645 48
5646 48
5647 48
5648 48
5649 48
5650 48
5651 48
5652 48
5653 48
5654 48
5655 48
5656 48
5657 48
5658 48
5659 48
5660 48
5661 48
5662 48
5663 48
5664 48
5665 48
5666 48
5667 48
5668 48
5669 48
5670 48
5671 48
5672 48
5673 48
5674 48
5675 36
5676 64
5677 64
5678 64
5679 64
5680 64
5681 64
5682 64
5683 64
5684 64
5685 64
5686 64
5687 64
5688 64
5689 64
5690 64
5691 64
5692 64
5693 64
5694 64
5695 64
5696 64
5697 64
5698 64
5699 64
5700 64
5701 64
5702 64
5703 64
5704 64
5705 64
5706 64
5707 64
5708 64
5709 64
5710 64
5711 64
5712 64
5713 64
5714 64
5715 64
5716 64
5717 64
5718 64
5719 48
5720 64
5721 64
5722 64
5723 64
5724 64
5725 64
5726 64
5727 64
5728 64
5729 64
5730 64
5731 64
5732 64
5733 64
5734 64
5735 64
5736 64
5737 64
5738 64
5739 64
5740 64
5741 64
5742 64
5743 64
5744 64
5745 64
5746 64
5747 64
5748 64
5749 64
5750 64
5751 64
5752 64
5753 64
5754 64
5755 64
5756 64
5757 64
5758 64
5759 64
5760 64
5761 64
5762 64
5763 48
5764 64
5765 64
5766 64
5767 64
5768 64
5769 64
5770 64
5771 64
5772 64
5773 64
5774 64
5775 64
5776 64
5777 64
5778 64
5779 64
5780 64
5781 64
5782 64
5783 64
5784 64
5785 64
5786 64
5787 64
5788 64
5789 64
5790 64
5791 64
5792 64
5793 64
5794 64
5795 64
5796 64
5797 64
5798 64
5799 64
5800 64
5801 64
5802 64
5803 64
5804 64
5805 64
5806 64
5807 48
5808 64
5809 64
5810 64
5811 64
5812 64
5813 64
5814 64
5815 64
5816 64
5817 64
5818 64
5819 64
5820 64
5821 64
5822 64
5823 64
5824 64
5825 64
5826 64
5827 64
5828 64
5829 64
5830 64
5831 64
5832 64
5833 64
5834 64
5835 64
5836 64
5837 64
5838 64
5839 64
5840 64
5841 64
5842 64
5843 64
5844 64
5845 64
5846 64
5847 64
5848 64
5849 64
5850 64
5851 48
5852 64
5853 64
5854 64
5855 64
5856 64
5857 64
5858 64
5859 64
5860 64
5861 64
5862 64
5863 64
5864 64
5865 64
5866 64
5867 64
5868 64
5869 64
5870 64
5871 64
5872 64
5873 64
5874 64
5875 64
5876 64
5877 64
5878 64
5879 64
5880 64
5881 64
5882 64
5883 64
5884 64
5885 64
5886 64
5887 64
5888 64
5889 64
5890 64
5891 64
5892 64
5893 64
5894 64
5895 48
5896 64
5897 64
5898 64
5899 64
5900 64
5901 64
5902 64
5903 64
5904 64
5905 64
5906 64
5907 64
5908 64
5909 64
5910 64
5911 64
5912 64
5913 64
5914 64
5915 64
5916 64
5917 64
5918 64
5919 64
5920 64
5921 64
5922 64
5923 64
5924 64
5925 64
5926 64
5927 64
5928 64
5929 64
5930 64
5931 64
5932 64
5933 64
5934 64
5935 64
5936 64
5937 64
5938 64
5939 48
5940 64
5941 64
5942 64
5943 64
5944 64
5945 64
5946 64
5947 64
5948 64
5949 64
5950 64
5951 64
5952 64
5953 64
5954 64
5955 64
5956 64
5957 64
5958 64
5959 64
5960 64
5961 64
5962 64
5963 64
5964 64
5965 64
5966 64
5967 64
5968 64
5969 64
5970 64
5971 64
5972 64
5973 64
5974 64
5975 64
5976 64
5977 64
5978 64
5979 64
5980 64
5981 64
5982 64
5983 48
5984 64
5985 64
5986 64
5987 64
5988 64
5989 64
5990 64
5991 64
5992 64
5993 64
5994 64
5995 64
5996 64
5997 64
5998 64
5999 64
6000 64
6001 64
6002 64
6003 64
6004 64
6005 64
6006 64
6007 64
6008 64
6009 64
6010 64
6011 64
6012 64
6013 64
6014 64
6015 64
6016 64
6017 64
6018 64
6019 64
6020 64
6021 64
6022 64
6023 64
6024 64
6025 64
6026 64
6027 48
6028 64
6029 64
6030 64
6031 64
6032 64
6033 64
6034 64
6035 64
6036 64
6037 64
6038 64
6039 64
6040 64
6041 64
6042 64
6043 64
6044 64
6045 64
6046 64
6047 64
6048 64
6049 64
6050 64
6051 64
6052 64
6053 64
6054 64
6055 64
6056 64
6057 64
6058 64
6059 64
6060 64
6061 64
6062 64
6063 64
6064 64
6065 64
6066 64
6067 64
6068 64
6069 64
6070 64
6071 48
6072 64
6073 64
6074 64
6075 64
6076 64
6077 64
6078 64
6079 64
6080 64
6081 64
6082 64
6083 64
6084 64
6085 64
6086 64
6087 64
6088 64
6089 64
6090 64
6091 64
6092 64
6093 64
6094 64
6095 64
6096 64
6097 64
6098 64
6099 64
6100 64
6101 64
6102 64
6103 64
6104 64
6105 64
6106 64
6107 64
6108 64
6109 64
6110 64
6111 64
6112 64
6113 64
6114 64
6115 48
6116 64
6117 64
6118 64
6119 64
6120 64
6121 64
6122 64
6123 64
6124 64
6125 64
6126 64
6127 64
6128 64
6129 64
6130 64
6131 64
6132 64
6133 64
6134 64
6135 64
6136 64
6137 64
6138 64
6139 64
6140 64
6141 64
6142 64
6143 64
6144 64
6145 64
6146 64
6147 64
6148 64
6149 64
6150 64
6151 64
6152 64
6153 64
6154 64
6155 64
6156 64
6157 64
6158 64
6159 48
6160 64
6161 64
6162 64
6163 64
6164 64
6165 64
6166 64
6167 64
6168 64
6169 64
6170 64
6171 64
6172 64
6173 64
6174 64
6175 64
6176 64
6177 64
6178 64
6179 64
6180 64
6181 64
6182 64
6183 64
6184 64
6185 64
6186 64
6187 64
6188 64
6189 64
6190 64
6191 64
6192 64
6193 64
6194 64
6195 64
6196 64
6197 64
6198 64
6199 64
6200 64
6201 64
6202 64
6203 48
6204 64
6205 64
6206 64
6207 64
6208 64
6209 64
6210 64
6211 64
6212 64
6213 64
6214 64
6215 64
6216 64
6217 64
6218 64
6219 64
6220 64
6221 64
6222 64
6223 64
6224 64
6225 64
6226 64
6227 64
6228 64
6229 64
6230 64
6231 64
6232 64
6233 64
6234 64
6235 64
6236 64
6237 64
6238 64
6239 64
6240 64
6241 64
6242 64
6243 64
6244 64
6245 64
6246 64
6247 48
6248 64
6249 64
6250 64
6251 64
6252 64
6253 64
6254 64
6255 64
6256 64
6257 64
6258 64
6259 64
6260 64
6261 64
6262 64
6263 64
6264 64
6265 64
6266 64
6267 64
6268 64
6269 64
6270 64
6271 64
6272 64
6273 64
6274 64
6275 64
6276 64
6277 64
6278 64
6279 64
6280 64
6281 64
6282 64
6283 64
6284 64
6285 64
6286 64
6287 64
6288 64
6289 64
6290 64
6291 48
6292 48
6293 48
6294 48
6295 48
6296 48
6297 48
6298 48
6299 48
6300 48
6301 48
6302 48
6303 48
6304 48
6305 48
6306 48
6307 48
6308 48
6309 48
6310 48
6311 48
6312 48
6313 48
6314 48
6315 48
6316 48
6317 48
6318 48
6319 48
6320 48
6321 48
6322 48
6323 48
6324 48
6325 48
6326 48
6327 48
6328 48
6329 48
6330 48
6331 48
6332 48
6333 48
6334 48
6335 36
6336 48
6337 48
6338 48
6339 48
6340 48
6341 48
6342 48
6343 48
6344 48
6345 48
6346 48
6347 48
6348 48
6349 48
6350 48
6351 48
6352 48
6353 48
6354 48
6355 48
6356 48
6357 48
6358 48
6359 48
6360 48
6361 48
6362 48
6363 48
6364 48
6365 48
6366 48
6367 48
6368 48
6369 48
6370 48
6371 48
6372 48
6373 48
6374 48
6375 48
6376 48
6377 48
6378 48
6379 36
6380 64
6381 64
6382 64
6383 64
6384 64
6385 64
6386 64
6387 64
6388 64
6389 64
6390 64
6391 64
6392 64
6393 64
6394 64
6395 64
6396 64
6397 64
6398 64
6399 64
6400 64
6401 64
6402 64
6403 64
6404 64
6405 64
6406 64
6407 64
6408 64
6409 64
6410 64
6411 64
6412 64
6413 64
6414 64
6415 64
6416 64
6417 64
6418 64
6419 64
6420 64
6421 64
6422 64
6423 48
6424 64
6425 64
6426 64
6427 64
6428 64
6429 64
6430 64
6431 64
6432 64
6433 64
6434 64
6435 64
6436 64
6437 64
6438 64
6439 64
6440 64
6441 64
6442 64
6443 64
6444 64
6445 64
6446 64
6447 64
6448 64
6449 64
6450 64
6451 64
6452 64
6453 64
6454 64
6455 64
6456 64
6457 64
6458 64
6459 64
6460 64
6461 64
6462 64
6463 64
6464 64
6465 64
6466 64
6467 48
6468 64
6469 64
6470 64
6471 64
6472 64
6473 64
6474 64
6475 64
6476 64
6477 64
6478 64
6479 64
6480 64
6481 64
6482 64
6483 64
6484 64
6485 64
6486 64
6487 64
6488 64
6489 64
6490 64
6491 64
6492 64
6493 64
6494 64
6495 64
6496 64
6497 64
6498 64
6499 64
6500 64
6501 64
6502 64
6503 64
6504 64
6505 64
6506 64
6507 64
6508 64
6509 64
6510 64
6511 48
6512 64
6513 64
6514 64
6515 64
6516 64
6517 64
6518 64
6519 64
6520 64
6521 64
6522 64
6523 64
6524 64
6525 64
6526 64
6527 64
6528 64
6529 64
6530 64
6531 64
6532 64
6533 64
6534 64
6535 64
6536 64
6537 64
6538 64
6539 64
6540 64
6541 64
6542 64
6543 64
6544 64
6545 64
6546 64
6547 64
6548 64
6549 64
6550 64
6551 64
6552 64
6553 64
6554 64
6555 48
6556 64
6557 64
6558 64
6559 64
6560 64
6561 64
6562 64
6563 64
6564 64
6565 64
6566 64
6567 64
6568 64
6569 64
6570 64
6571 64
6572 64
6573 64
6574 64
6575 64
6576 64
6577 64
6578 64
6579 64
6580 64
6581 64
6582 64
6583 64
6584 64
6585 64
6586 64
6587 64
6588 64
6589 64
6590 64
6591 64
6592 64
6593 64
6594 64
6595 64
6596 64
6597 64
6598 64
6599 48
6600 64
6601 64
6602 64
6603 64
6604 64
6605 64
6606 64
6607 64
6608 64
6609 64
6610 64
6611 64
6612 64
6613 64
6614 64
6615 64
6616 64
6617 64
6618 64
6619 64
6620 64
6621 64
6622 64
6623 64
6624 64
6625 64
6626 64
6627 64
6628 64
6629 64
6630 64
6631 64
6632 64
6633 64
6634 64
6635 64
6636 64
6637 64
6638 64
6639 64
6640 64
6641 64
6642 64
6643 48
6644 64
6645 64
6646 64
6647 64
6648 64
6649 64
6650 64
6651 64
6652 64
6653 64
6654 64
6655 64
6656 64
6657 64
6658 64
6659 64
6660 64
6661 64
6662 64
6663 64
6664 64
6665 64
6666 64
6667 64
6668 64
6669 64
6670 64
6671 64
6672 64
6673 64
6674 64
6675 64
6676 64
6677 64
6678 64
6679 64
6680 64
6681 64
6682 64
6683 64
6684 64
6685 64
6686 64
6687 48
6688 64
6689 64
6690 64
6691 64
6692 64
6693 64
6694 64
6695 64
6696 64
6697 64
6698 64
6699 64
6700 64
6701 64
6702 64
6703 64
6704 64
6705 64
6706 64
6707 64
6708 64
6709 64
6710 64
6711 64
6712 64
6713 64
6714 64
6715 64
6716 64
6717 64
6718 64
6719 64
6720 64
6721 64
6722 64
6723 64
6724 64
6725 64
6726 64
6727 64
6728 64
6729 64
6730 64
6731 48
6732 64
6733 64
6734 64
6735 64
6736 64
6737 64
6738 64
6739 64
6740 64
6741 64
6742 64
6743 64
6744 64
6745 64
6746 64
6747 64
6748 64
6749 64
6750 64
6751 64
6752 64
6753 64
6754 64
6755 64
6756 64
6757 64
6758 64
6759 64
6760 64
6761 64
6762 64
6763 64
6764 64
6765 64
6766 64
6767 64
6768 64
6769 64
6770 64
6771 64
6772 64
6773 64
6774 64
6775 48
6776 64
6777 64
6778 64
6779 64
6780 64
6781 64
6782 64
6783 64
6784 64
6785 64
6786 64
6787 64
6788 64
6789 64
6790 64
6791 64
6792 64
6793 64
6794 64
6795 64
6796 64
6797 64
6798 64
6799 64
6800 64
6801 64
6802 64
6803 64
6804 64
6805 64
6806 64
6807 64
6808 64
6809 64
6810 64
6811 64
6812 64
6813 64
6814 64
6815 64
6816 64
6817 64
6818 64
6819 48
6820 64
6821 64
6822 64
6823 64
6824 64
6825 64
6826 64
6827 64
6828 64
6829 64
6830 64
6831 64
6832 64
6833 64
6834 64
6835 64
6836 64
6837 64
6838 64
6839 64
6840 64
6841 64
6842 64
6843 64
6844 64
6845 64
6846 64
6847 64
6848 64
6849 64
6850 64
6851 64
6852 64
6853 64
6854 64
6855 64
6856 64
6857 64
6858 64
6859 64
6860 64
6861 64
6862 64
6863 48
6864 64
6865 64
6866 64
6867 64
6868 64
6869 64
6870 64
6871 64
6872 64
6873 64
6874 64
6875 64
6876 64
6877 64
6878 64
6879 64
6880 64
6881 64
6882 64
6883 64
6884 64
6885 64
6886 64
6887 64
6888 64
6889 64
6890 64
6891 64
6892 64
6893 64
6894 64
6895 64
6896 64
6897 64
6898 64
6899 64
6900 64
6901 64
6902 64
6903 64
6904 64
6905 64
6906 64
6907 48
6908 64
6909 64
6910 64
6911 64
6912 64
6913 64
6914 64
6915 64
6916 64
6917 64
6918 64
6919 64
6920 64
6921 64
6922 64
6923 64
6924 64
6925 64
6926 64
6927 64
6928 64
6929 64
6930 64
6931 64
6932 64
6933 64
6934 64
6935 64
6936 64
6937 64
6938 64
6939 64
6940 64
6941 64
6942 64
6943 64
6944 64
6945 64
6946 64
6947 64
6948 64
6949 64
6950 64
6951 48
6952 64
6953 64
6954 64
6955 64
6956 64
6957 64
6958 64
6959 64
6960 64
6961 64
6962 64
6963 64
6964 64
6965 64
6966 64
6967 64
6968 64
6969 64
6970 64
6971 64
6972 64
6973 64
6974 64
6975 64
6976 64
6977 64
6978 64
6979 64
6980 64
6981 64
6982 64
6983 64
6984 64
6985 64
6986 64
6987 64
6988 64
6989 64
6990 64
6991 64
6992 64
6993 64
6994 64
6995 48
6996 48
6997 48
6998 48
6999 48
7000 48
7001 48
7002 48
7003 48
7004 48
7005 48
7006 48
7007 48
7008 48
7009 48
7010 48
7011 48
7012 48
7013 48
7014 48
7015 48
7016 48
7017 48
7018 48
7019 48
7020 48
7021 48
7022 48
7023 48
7024 48
7025 48
7026 48
7027 48
7028 48
7029 48
7030 48
7031 48
7032 48
7033 48
7034 48
7035 48
7036 48
7037 48
7038 48
7039 36
7040 48
7041 48
7042 48
7043 48
7044 48
7045 48
7046 48
7047 48
7048 48
7049 48
7050 48
7051 48
7052 48
7053 48
7054 48
7055 48
7056 48
7057 48
7058 48
7059 48
7060 48
7061 48
7062 48
7063 48
7064 48
7065 48
7066 48
7067 48
7068 48
7069 48
7070 48
7071 48
7072 48
7073 48
7074 48
7075 48
7076 48
7077 48
7078 48
7079 48
7080 48
7081 48
7082 48
7083 36
7084 64
7085 64
7086 64
7087 64
7088 64
7089 64
7090 64
7091 64
7092 64
7093 64
7094 64
7095 64
7096 64
7097 64
7098 64
7099 64
7100 64
7101 64
7102 64
7103 64
7104 64
7105 64
7106 64
7107 64
7108 64
7109 64
7110 64
7111 64
7112 64
7113 64
7114 64
7115 64
7116 64
7117 64
7118 64
7119 64
7120 64
7121 64
7122 64
7123 64
7124 64
7125 64
7126 64
7127 48
7128 64
7129 64
7130 64
7131 64
7132 64
7133 64
7134 64
7135 64
7136 64
7137 64
7138 64
7139 64
7140 64
7141 64
7142 64
7143 64
7144 64
7145 64
7146 64
7147 64
7148 64
7149 64
7150 64
7151 64
7152 64
7153 64
7154 64
7155 64
7156 64
7157 64
7158 64
7159 64
7160 64
7161 64
7162 64
7163 64
7164 64
7165 64
7166 64
7167 64
7168 64
7169 64
7170 64
7171 48
7172 64
7173 64
7174 64
7175 64
7176 64
7177 64
7178 64
7179 64
7180 64
7181 64
7182 64
7183 64
7184 64
7185 64
7186 64
7187 64
7188 64
7189 64
7190 64
7191 64
7192 64
7193 64
7194 64
7195 64
7196 64
7197 64
7198 64
7199 64
7200 64
7201 64
7202 64
7203 64
7204 64
7205 64
7206 64
7207 64
7208 64
7209 64
7210 64
7211 64
7212 64
7213 64
7214 64
7215 48
7216 64
7217 64
7218 64
7219 64
7220 64
7221 64
7222 64
7223 64
7224 64
7225 64
7226 64
7227 64
7228 64
7229 64
7230 64
7231 64
7232 64
7233 64
7234 64
7235 64
7236 64
7237 64
7238 64
7239 64
7240 64
7241 64
7242 64
7243 64
7244 64
7245 64
7246 64
7247 64
7248 64
7249 64
7250 64
7251 64
7252 64
7253 64
7254 64
7255 64
7256 64
7257 64
7258 64
7259 48
7260 64
7261 64
7262 64
7263 64
7264 64
7265 64
7266 64
7267 64
7268 64
7269 64
7270 64
7271 64
7272 64
7273 64
7274 64
7275 64
7276 64
7277 64
7278 64
7279 64
7280 64
7281 64
7282 64
7283 64
7284 64
7285 64
7286 64
7287 64
7288 64
7289 64
7290 64
7291 64
7292 64
7293 64
7294 64
7295 64
7296 64
7297 64
7298 64
7299 64
7300 64
7301 64
7302 64
7303 48
7304 64
7305 64
7306 64
7307 64
7308 64
7309 64
7310 64
7311 64
7312 64
7313 64
7314 64
7315 64
7316 64
7317 64
7318 64
7319 64
7320 64
7321 64
7322 64
7323 64
7324 64
7325 64
7326 64
7327 64
7328 64
7329 64
7330 64
7331 64
7332 64
7333 64
7334 64
7335 64
7336 64
7337 64
7338 64
7339 64
7340 64
7341 64
7342 64
7343 64
7344 64
7345 64
7346 64
7347 48
7348 64
7349 64
7350 64
7351 64
7352 64
7353 64
7354 64
7355 64
7356 64
7357 64
7358 64
7359 64
7360 64
7361 64
7362 64
7363 64
7364 64
7365 64
7366 64
7367 64
7368 64
7369 64
7370 64
7371 64
7372 64
7373 64
7374 64
7375 64
7376 64
7377 64
7378 64
7379 64
7380 64
7381 64
7382 64
7383 64
7384 64
7385 64
7386 64
7387 64
7388 64
7389 64
7390 64
7391 48
7392 64
7393 64
7394 64
7395 64
7396 64
7397 64
7398 64
7399 64
7400 64
7401 64
7402 64
7403 64
7404 64
7405 64
7406 64
7407 64
7408 64
7409 64
7410 64
7411 64
7412 64
7413 64
7414 64
7415 64
7416 64
7417 64
7418 64
7419 64
7420 64
7421 64
7422 64
7423 64
7424 64
7425 64
7426 64
7427 64
7428 64
7429 64
7430 64
7431 64
7432 64
7433 64
7434 64
7435 48
7436 64
7437 64
7438 64
7439 64
7440 64
7441 64
7442 64
7443 64
7444 64
7445 64
7446 64
7447 64
7448 64
7449 64
7450 64
7451 64
7452 64
7453 64
7454 64
7455 64
7456 64
7457 64
7458 64
7459 64
7460 64
7461 64
7462 64
7463 64
7464 64
7465 64
7466 64
7467 64
7468 64
7469 64
7470 64
7471 64
7472 64
7473 64
7474 64
7475 64
7476 64
7477 64
7478 64
7479 48
7480 64
7481 64
7482 64
7483 64
7484 64
7485 64
7486 64
7487 64
7488 64
7489 64
7490 64
7491 64
7492 64
7493 64
7494 64
7495 64
7496 64
7497 64
7498 64
7499 64
7500 64
7501 64
7502 64
7503 64
7504 64
7505 64
7506 64
7507 64
7508 64
7509 64
7510 64
7511 64
7512 64
7513 64
7514 64
7515 64
7516 64
7517 64
7518 64
7519 64
7520 64
7521 64
7522 64
7523 48
7524 64
7525 64
7526 64
7527 64
7528 64
7529 64
7530 64
7531 64
7532 64
7533 64
7534 64
7535 64
7536 64
7537 64
7538 64
7539 64
7540 64
7541 64
7542 64
7543 64
7544 64
7545 64
7546 64
7547 64
7548 64
7549 64
7550 64
7551 64
7552 64
7553 64
7554 64
7555 64
7556 64
7557 64
7558 64
7559 64
7560 64
7561 64
7562 64
7563 64
7564 64
7565 64
7566 64
7567 48
7568 64
7569 64
7570 64
7571 64
7572 64
7573 64
7574 64
7575 64
7576 64
7577 64
7578 64
7579 64
7580 64
7581 64
7582 64
7583 64
7584 64
7585 64
7586 64
7587 64
7588 64
7589 64
7590 64
7591 64
7592 64
7593 64
7594 64
7595 64
7596 64
7597 64
7598 64
7599 64
7600 64
7601 64
7602 64
7603 64
7604 64
7605 64
7606 64
7607 64
7608 64
7609 64
7610 64
7611 48
7612 64
7613 64
7614 64
7615 64
7616 64
7617 64
7618 64
7619 64
7620 64
7621 64
7622 64
7623 64
7624 64
7625 64
7626 64
7627 64
7628 64
7629 64
7630 64
7631 64
7632 64
7633 64
7634 64
7635 64
7636 64
7637 64
7638 64
7639 64
7640 64
7641 64
7642 64
7643 64
7644 64
7645 64
7646 64
7647 64
7648 64
7649 64
7650 64
7651 64
7652 64
7653 64
7654 64
7655 48
7656 64
7657 64
7658 64
7659 64
7660 64
7661 64
7662 64
7663 64
7664 64
7665 64
7666 64
7667 64
7668 64
7669 64
7670 64
7671 64
7672 64
7673 64
7674 64
7675 64
7676 64
7677 64
7678 64
7679 64
7680 64
7681 64
7682 64
7683 64
7684 64
7685 64
7686 64
7687 64
7688 64
7689 64
7690 64
7691 64
7692 64
7693 64
7694 64
7695 64
7696 64
7697 64
7698 64
7699 48
7700 48
7701 48
7702 48
7703 48
7704 48
7705 48
7706 48
7707 48
7708 48
7709 48
7710 48
7711 48
7712 48
7713 48
7714 48
7715 48
7716 48
7717 48
7718 48
7719 48
7720 48
7721 48
7722 48
7723 48
7724 48
7725 48
7726 48
7727 48
7728 48
7729 48
7730 48
7731 48
7732 48
7733 48
7734 48
7735 48
7736 48
7737 48
7738 48
7739 48
7740 48
7741 48
7742 48
7743 36
7744 48
7745 48
7746 48
7747 48
7748 48
7749 48
7750 48
7751 48
7752 48
7753 48
7754 48
7755 48
7756 48
7757 48
7758 48
7759 48
7760 48
7761 48
7762 48
7763 48
7764 48
7765 48
7766 48
7767 48
7768 48
7769 48
7770 48
7771 48
7772 48
7773 48
7774 48
7775 48
7776 48
7777 48
7778 48
7779 48
7780 48
7781 48
7782 48
7783 48
7784 48
7785 48
7786 48
7787 36
7788 64
7789 64
7790 64
7791 64
7792 64
7793 64
7794 64
7795 64
7796 64
7797 64
7798 64
7799 64
7800 64
7801 64
7802 64
7803 64
7804 64
7805 64
7806 64
7807 64
7808 64
7809 64
7810 64
7811 64
7812 64
7813 64
7814 64
7815 64
7816 64
7817 64
7818 64
7819 64
7820 64
7821 64
7822 64
7823 64
7824 64
7825 64
7826 64
7827 64
7828 64
7829 64
7830 64
7831 48
7832 64
7833 64
7834 64
7835 64
7836 64
7837 64
7838 64
7839 64
7840 64
7841 64
7842 64
7843 64
7844 64
7845 64
7846 64
7847 64
7848 64
7849 64
7850 64
7851 64
7852 64
7853 64
7854 64
7855 64
7856 64
7857 64
7858 64
7859 64
7860 64
7861 64
7862 64
7863 64
7864 64
7865 64
7866 64
7867 64
7868 64
7869 64
7870 64
7871 64
7872 64
7873 64
7874 64
7875 48
7876 64
7877 64
7878 64
7879 64
7880 64
7881 64
7882 64
7883 64
7884 64
7885 64
7886 64
7887 64
7888 64
7889 64
7890 64
7891 64
7892 64
7893 64
7894 64
7895 64
7896 64
7897 64
7898 64
7899 64
7900 64
7901 64
7902 64
7903 64
7904 64
7905 64
7906 64
7907 64
7908 64
7909 64
7910 64
7911 64
7912 64
7913 64
7914 64
7915 64
7916 64
7917 64
7918 64
7919 48
7920 64
7921 64
7922 64
7923 64
7924 64
7925 64
7926 64
7927 64
7928 64
7929 64
7930 64
7931 64
7932 64
7933 64
7934 64
7935 64
7936 64
7937 64
7938 64
7939 64
7940 64
7941 64
7942 64
7943 64
7944 64
7945 64
7946 64
7947 64
7948 64
7949 64
7950 64
7951 64
7952 64
7953 64
7954 64
7955 64
7956 64
7957 64
7958 64
7959 64
7960 64
7961 64
7962 64
7963 48
7964 64
7965 64
7966 64
7967 64
7968 64
7969 64
7970 64
7971 64
7972 64
7973 64
7974 64
7975 64
7976 64
7977 64
7978 64
7979 64
7980 64
7981 64
7982 64
7983 64
7984 64
7985 64
7986 64
7987 64
7988 64
7989 64
7990 64
7991 64
7992 64
7993 64
7994 64
7995 64
7996 64
7997 64
7998 64
7999 64
8000 64
8001 64
8002 64
8003 64
8004 64
8005 64
8006 64
8007 48
8008 64
8009 64
8010 64
8011 64
8012 64
8013 64
8014 64
8015 64
8016 64
8017 64
8018 64
8019 64
8020 64
8021 64
8022 64
8023 64
8024 64
8025 64
8026 64
8027 64
8028 64
8029 64
8030 64
8031 64
8032 64
8033 64
8034 64
8035 64
8036 64
8037 64
8038 64
8039 64
8040 64
8041 64
8042 64
8043 64
8044 64
8045 64
8046 64
8047 64
8048 64
8049 64
8050 64
8051 48
8052 64
8053 64
8054 64
8055 64
8056 64
8057 64
8058 64
8059 64
8060 64
8061 64
8062 64
8063 64
8064 64
8065 64
8066 64
8067 64
8068 64
8069 64
8070 64
8071 64
8072 64
8073 64
8074 64
8075 64
8076 64
8077 64
8078 64
8079 64
8080 64
8081 64
8082 64
8083 64
8084 64
8085 64
8086 64
8087 64
8088 64
8089 64
8090 64
8091 64
8092 64
8093 64
8094 64
8095 48
8096 64
8097 64
8098 64
8099 64
8100 64
8101 64
8102 64
8103 64
8104 64
8105 64
8106 64
8107 64
8108 64
8109 64
8110 64
8111 64
8112 64
8113 64
8114 64
8115 64
8116 64
8117 64
8118 64
8119 64
8120 64
8121 64
8122 64
8123 64
8124 64
8125 64
8126 64
8127 64
8128 64
8129 64
8130 64
8131 64
8132 64
8133 64
8134 64
8135 64
8136 64
8137 64
8138 64
8139 48
8140 64
8141 64
8142 64
8143 64
8144 64
8145 64
8146 64
8147 64
8148 64
8149 64
8150 64
8151 64
8152 64
8153 64
8154 64
8155 64
8156 64
8157 64
8158 64
8159 64
8160 64
8161 64
8162 64
8163 64
8164 64
8165 64
8166 64
8167 64
8168 64
8169 64
8170 64
8171 64
8172 64
8173 64
8174 64
8175 64
8176 64
8177 64
8178 64
8179 64
8180 64
8181 64
8182 64
8183 48
8184 64
8185 64
8186 64
8187 64
8188 64
8189 64
8190 64
8191 64
8192 64
8193 64
8194 64
8195 64
8196 64
8197 64
8198 64
8199 64
8200 64
8201 64
8202 64
8203 64
8204 64
8205 64
8206 64
8207 64
8208 64
8209 64
8210 64
8211 64
8212 64
8213 64
8214 64
8215 64
8216 64
8217 64
8218 64
8219 64
8220 64
8221 64
8222 64
8223 64
8224 64
8225 64
8226 64
8227 48
8228 64
8229 64
8230 64
8231 64
8232 64
8233 64
8234 64
8235 64
8236 64
8237 64
8238 64
8239 64
8240 64
8241 64
8242 64
8243 64
8244 64
8245 64
8246 64
8247 64
8248 64
8249 64
8250 64
8251 64
8252 64
8253 64
8254 64
8255 64
8256 64
8257 64
8258 64
8259 64
8260 64
8261 64
8262 64
8263 64
8264 64
8265 64
8266 64
8267 64
8268 64
8269 64
8270 64
8271 48
8272 64
8273 64
8274 64
8275 64
8276 64
8277 64
8278 64
8279 64
8280 64
8281 64
8282 64
8283 64
8284 64
8285 64
8286 64
8287 64
8288 64
8289 64
8290 64
8291 64
8292 64
8293 64
8294 64
8295 64
8296 64
8297 64
8298 64
8299 64
8300 64
8301 64
8302 64
8303 64
8304 64
8305 64
8306 64
8307 64
8308 64
8309 64
8310 64
8311 64
8312 64
8313 64
8314 64
8315 48
8316 64
8317 64
8318 64
8319 64
8320 64
8321 64
8322 64
8323 64
8324 64
8325 64
8326 64
8327 64
8328 64
8329 64
8330 64
8331 64
8332 64
8333 64
8334 64
8335 64
8336 64
8337 64
8338 64
8339 64
8340 64
8341 64
8342 64
8343 64
8344 64
8345 64
8346 64
8347 64
8348 64
8349 64
8350 64
8351 64
8352 64
8353 64
8354 64
8355 64
8356 64
8357 64
8358 64
8359 48
8360 64
8361 64
8362 64
8363 64
8364 64
8365 64
8366 64
8367 64
8368 64
8369 64
8370 64
8371 64
8372 64
8373 64
8374 64
8375 64
8376 64
8377 64
8378 64
8379 64
8380 64
8381 64
8382 64
8383 64
8384 64
8385 64
8386 64
8387 64
8388 64
8389 64
8390 64
8391 64
8392 64
8393 64
8394 64
8395 64
8396 64
8397 64
8398 64
8399 64
8400 64
8401 64
8402 64
8403 48
8404 48
8405 48
8406 48
8407 48
8408 48
8409 48
8410 48
8411 48
8412 48
8413 48
8414 48
8415 48
8416 48
8417 48
8418 48
8419 48
8420 48
8421 48
8422 48
8423 48
8424 48
8425 48
8426 48
8427 48
8428 48
8429 48
8430 48
8431 48
8432 48
8433 48
8434 48
8435 48
8436 48
8437 48
8438 48
8439 48
8440 48
8441 48
8442 48
8443 48
8444 48
8445 48
8446 48
8447 36
8448 48
8449 48
8450 48
8451 48
8452 48
8453 48
8454 48
8455 48
8456 48
8457 48
8458 48
8459 48
8460 48
8461 48
8462 48
8463 48
8464 48
8465 48
8466 48
8467 48
8468 48
8469 48
8470 48
8471 48
8472 48
8473 48
8474 48
8475 48
8476 48
8477 48
8478 48
8479 48
8480 48
8481 48
8482 48
8483 48
8484 48
8485 48
8486 48
8487 48
8488 48
8489 48
8490 48
8491 36
8492 64
8493 64
8494 64
8495 64
8496 64
8497 64
8498 64
8499 64
8500 64
8501 64
8502 64
8503 64
8504 64
8505 64
8506 64
8507 64
8508 64
8509 64
8510 64
8511 64
8512 64
8513 64
8514 64
8515 64
8516 64
8517 64
8518 64
8519 64
8520 64
8521 64
8522 64
8523 64
8524 64
8525 64
8526 64
8527 64
8528 64
8529 64
8530 64
8531 64
8532 64
8533 64
8534 64
8535 48
8536 64
8537 64
8538 64
8539 64
8540 64
8541 64
8542 64
8543 64
8544 64
8545 64
8546 64
8547 64
8548 64
8549 64
8550 64
8551 64
8552 64
8553 64
8554 64
8555 64
8556 64
8557 64
8558 64
8559 64
8560 64
8561 64
8562 64
8563 64
8564 64
8565 64
8566 64
8567 64
8568 64
8569 64
8570 64
8571 64
8572 64
8573 64
8574 64
8575 64
8576 64
8577 64
8578 64
8579 48
8580 64
8581 64
8582 64
8583 64
8584 64
8585 64
8586 64
8587 64
8588 64
8589 64
8590 64
8591 64
8592 64
8593 64
8594 64
8595 64
8596 64
8597 64
8598 64
8599 64
8600 64
8601 64
8602 64
8603 64
8604 64
8605 64
8606 64
8607 64
8608 64
8609 64
8610 64
8611 64
8612 64
8613 64
8614 64
8615 64
8616 64
8617 64
8618 64
8619 64
8620 64
8621 64
8622 64
8623 48
8624 64
8625 64
8626 64
8627 64
8628 64
8629 64
8630 64
8631 64
8632 64
8633 64
8634 64
8635 64
8636 64
8637 64
8638 64
8639 64
8640 64
8641 64
8642 64
8643 64
8644 64
8645 64
8646 64
8647 64
8648 64
8649 64
8650 64
8651 64
8652 64
8653 64
8654 64
8655 64
8656 64
8657 64
8658 64
8659 64
8660 64
8661 64
8662 64
8663 64
8664 64
8665 64
8666 64
8667 48
8668 64
8669 64
8670 64
8671 64
8672 64
8673 64
8674 64
8675 64
8676 64
8677 64
8678 64
8679 64
8680 64
8681 64
8682 64
8683 64
8684 64
8685 64
8686 64
8687 64
8688 64
8689 64
8690 64
8691 64
8692 64
8693 64
8694 64
8695 64
8696 64
8697 64
8698 64
8699 64
8700 64
8701 64
8702 64
8703 64
8704 64
8705 64
8706 64
8707 64
8708 64
8709 64
8710 64
8711 48
8712 64
8713 64
8714 64
8715 64
8716 64
8717 64
8718 64
8719 64
8720 64
8721 64
8722 64
8723 64
8724 64
8725 64
8726 64
8727 64
8728 64
8729 64
8730 64
8731 64
8732 64
8733 64
8734 64
8735 64
8736 64
8737 64
8738 64
8739 64
8740 64
8741 64
8742 64
8743 64
8744 64
8745 64
8746 64
8747 64
8748 64
8749 64
8750 64
8751 64
8752 64
8753 64
8754 64
8755 48
8756 64
8757 64
8758 64
8759 64
8760 64
8761 64
8762 64
8763 64
8764 64
8765 64
8766 64
8767 64
8768 64
8769 64
8770 64
8771 64
8772 64
8773 64
8774 64
8775 64
8776 64
8777 64
8778 64
8779 64
8780 64
8781 64
8782 64
8783 64
8784 64
8785 64
8786 64
8787 64
8788 64
8789 64
8790 64
8791 64
8792 64
8793 64
8794 64
8795 64
8796 64
8797 64
8798 64
8799 48
8800 64
8801 64
8802 64
8803 64
8804 64
8805 64
8806 64
8807 64
8808 64
8809 64
8810 64
8811 64
8812 64
8813 64
8814 64
8815 64
8816 64
8817 64
8818 64
8819 64
8820 64
8821 64
8822 64
8823 64
8824 64
8825 64
8826 64
8827 64
8828 64
8829 64
8830 64
8831 64
8832 64
8833 64
8834 64
8835 64
8836 64
8837 64
8838 64
8839 64
8840 64
8841 64
8842 64
8843 48
8844 64
8845 64
8846 64
8847 64
8848 64
8849 64
8850 64
8851 64
8852 64
8853 64
8854 64
8855 64
8856 64
8857 64
8858 64
8859 64
8860 64
8861 64
8862 64
8863 64
8864 64
8865 64
8866 64
8867 64
8868 64
8869 64
8870 64
8871 64
8872 64
8873 64
8874 64
8875 64
8876 64
8877 64
8878 64
8879 64
8880 64
8881 64
8882 64
8883 64
8884 64
8885 64
8886 64
8887 48
8888 64
8889 64
8890 64
8891 64
8892 64
8893 64
8894 64
8895 64
8896 64
8897 64
8898 64
8899 64
8900 64
8901 64
8902 64
8903 64
8904 64
8905 64
8906 64
8907 64
8908 64
8909 64
8910 64
8911 64
8912 64
8913 64
8914 64
8915 64
8916 64
8917 64
8918 64
8919 64
8920 64
8921 64
8922 64
8923 64
8924 64
8925 64
8926 64
8927 64
8928 64
8929 64
8930 64
8931 48
8932 64
8933 64
8934 64
8935 64
8936 64
8937 64
8938 64
8939 64
8940 64
8941 64
8942 64
8943 64
8944 64
8945 64
8946 64
8947 64
8948 64
8949 64
8950 64
8951 64
8952 64
8953 64
8954 64
8955 64
8956 64
8957 64
8958 64
8959 64
8960 64
8961 64
8962 64
8963 64
8964 64
8965 64
8966 64
8967 64
8968 64
8969 64
8970 64
8971 64
8972 64
8973 64
8974 64
8975 48
8976 64
8977 64
8978 64
8979 64
8980 64
8981 64
8982 64
8983 64
8984 64
8985 64
8986 64
8987 64
8988 64
8989 64
8990 64
8991 64
8992 64
8993 64
8994 64
8995 64
8996 64
8997 64
8998 64
8999 64
9000 64
9001 64
9002 64
9003 64
9004 64
9005 64
9006 64
9007 64
9008 64
9009 64
9010 64
9011 64
9012 64
9013 64
9014 64
9015 64
9016 64
9017 64
9018 64
9019 48
9020 64
9021 64
9022 64
9023 64
9024 64
9025 64
9026 64
9027 64
9028 64
9029 64
9030 64
9031 64
9032 64
9033 64
9034 64
9035 64
9036 64
9037 64
9038 64
9039 64
9040 64
9041 64
9042 64
9043 64
9044 64
9045 64
9046 64
9047 64
9048 64
9049 64
9050 64
9051 64
9052 64
9053 64
9054 64
9055 64
9056 64
9057 64
9058 64
9059 64
9060 64
9061 64
9062 64
9063 48
9064 64
9065 64
9066 64
9067 64
9068 64
9069 64
9070 64
9071 64
9072 64
9073 64
9074 64
9075 64
9076 64
9077 64
9078 64
9079 64
9080 64
9081 64
9082 64
9083 64
9084 64
9085 64
9086 64
9087 64
9088 64
9089 64
9090 64
9091 64
9092 64
9093 64
9094 64
9095 64
9096 64
9097 64
9098 64
9099 64
9100 64
9101 64
9102 64
9103 64
9104 64
9105 64
9106 64
9107 48
9108 48
9109 48
9110 48
9111 48
9112 48
9113 48
9114 48
9115 48
9116 48
9117 48
9118 48
9119 48
9120 48
9121 48
9122 48
9123 48
9124 48
9125 48
9126 48
9127 48
9128 48
9129 48
9130 48
9131 48
9132 48
9133 48
9134 48
9135 48
9136 48
9137 48
9138 48
9139 48
9140 48
9141 48
9142 48
9143 48
9144 48
9145 48
9146 48
9147 48
9148 48
9149 48
9150 48
9151 36
9152 48
9153 48
9154 48
9155 48
9156 48
9157 48
9158 48
9159 48
9160 48
9161 48
9162 48
9163 48
9164 48
9165 48
9166 48
9167 48
9168 48
9169 48
9170 48
9171 48
9172 48
9173 48
9174 48
9175 48
9176 48
9177 48
9178 48
9179 48
9180 48
9181 48
9182 48
9183 48
9184 48
9185 48
9186 48
9187 48
9188 48
9189 48
9190 48
9191 48
9192 48
9193 48
9194 48
9195 36
9196 64
9197 64
9198 64
9199 64
9200 64
9201 64
9202 64
9203 64
9204 64
9205 64
9206 64
9207 64
9208 64
9209 64
9210 64
9211 64
9212 64
9213 64
9214 64
9215 64
9216 64
9217 64
9218 64
9219 64
9220 64
9221 64
9222 64
9223 64
9224 64
9225 64
9226 64
9227 64
9228 64
9229 64
9230 64
9231 64
9232 64
9233 64
9234 64
9235 64
9236 64
9237 64
9238 64
9239 48
9240 64
9241 64
9242 64
9243 64
9244 64
9245 64
9246 64
9247 64
9248 64
9249 64
9250 64
9251 64
9252 64
9253 64
9254 64
9255 64
9256 64
9257 64
9258 64
9259 64
9260 64
9261 64
9262 64
9263 64
9264 64
9265 64
9266 64
9267 64
9268 64
9269 64
9270 64
9271 64
9272 64
9273 64
9274 64
9275 64
9276 64
9277 64
9278 64
9279 64
9280 64
9281 64
9282 64
9283 48
9284 64
9285 64
9286 64
9287 64
9288 64
9289 64
9290 64
9291 64
9292 64
9293 64
9294 64
9295 64
9296 64
9297 64
9298 64
9299 64
9300 64
9301 64
9302 64
9303 64
9304 64
9305 64
9306 64
9307 64
9308 64
9309 64
9310 64
9311 64
9312 64
9313 64
9314 64
9315 64
9316 64
9317 64
9318 64
9319 64
9320 64
9321 64
9322 64
9323 64
9324 64
9325 64
9326 64
9327 48
9328 64
9329 64
9330 64
9331 64
9332 64
9333 64
9334 64
9335 64
9336 64
9337 64
9338 64
9339 64
9340 64
9341 64
9342 64
9343 64
9344 64
9345 64
9346 64
9347 64
9348 64
9349 64
9350 64
9351 64
9352 64
9353 64
9354 64
9355 64
9356 64
9357 64
9358 64
9359 64
9360 64
9361 64
9362 64
9363 64
9364 64
9365 64
9366 64
9367 64
9368 64
9369 64
9370 64
9371 48
9372 64
9373 64
9374 64
9375 64
9376 64
9377 64
9378 64
9379 64
9380 64
9381 64
9382 64
9383 64
9384 64
9385 64
9386 64
9387 64
9388 64
9389 64
9390 64
9391 64
9392 64
9393 64
9394 64
9395 64
9396 64
9397 64
9398 64
9399 64
9400 64
9401 64
9402 64
9403 64
9404 64
9405 64
9406 64
9407 64
9408 64
9409 64
9410 64
9411 64
9412 64
9413 64
9414 64
9415 48
9416 64
9417 64
9418 64
9419 64
9420 64
9421 64
9422 64
9423 64
9424 64
9425 64
9426 64
9427 64
9428 64
9429 64
9430 64
9431 64
9432 64
9433 64
9434 64
9435 64
9436 64
9437 64
9438 64
9439 64
9440 64
9441 64
9442 64
9443 64
9444 64
9445 64
9446 64
9447 64
9448 64
9449 64
9450 64
9451 64
9452 64
9453 64
9454 64
9455 64
9456 64
9457 64
9458 64
9459 48
9460 64
9461 64
9462 64
9463 64
9464 64
9465 64
9466 64
9467 64
9468 64
9469 64
9470 64
9471 64
9472 64
9473 64
9474 64
9475 64
9476 64
9477 64
9478 64
9479 64
9480 64
9481 64
9482 64
9483 64
9484 64
9485 64
9486 64
9487 64
9488 64
9489 64
9490 64
9491 64
9492 64
9493 64
9494 64
9495 64
9496 64
9497 64
9498 64
9499 64
9500 64
9501 64
9502 64
9503 48
9504 64
9505 64
9506 64
9507 64
9508 64
9509 64
9510 64
9511 64
9512 64
9513 64
9514 64
9515 64
9516 64
9517 64
9518 64
9519 64
9520 64
9521 64
9522 64
9523 64
9524 64
9525 64
9526 64
9527 64
9528 64
9529 64
9530 64
9531 64
9532 64
9533 64
9534 64
9535 64
9536 64
9537 64
9538 64
9539 64
9540 64
9541 64
9542 64
9543 64
9544 64
9545 64
9546 64
9547 48
9548 64
9549 64
9550 64
9551 64
9552 64
9553 64
9554 64
9555 64
9556 64
9557 64
9558 64
9559 64
9560 64
9561 64
9562 64
9563 64
9564 64
9565 64
9566 64
9567 64
9568 64
9569 64
9570 64
9571 64
9572 64
9573 64
9574 64
9575 64
9576 64
9577 64
9578 64
9579 64
9580 64
9581 64
9582 64
9583 64
9584 64
9585 64
9586 64
9587 64
9588 64
9589 64
9590 64
9591 48
9592 64
9593 64
9594 64
9595 64
9596 64
9597 64
9598 64
9599 64
9600 64
9601 64
9602 64
9603 64
9604 64
9605 64
9606 64
9607 64
9608 64
9609 64
9610 64
9611 64
9612 64
9613 64
9614 64
9615 64
9616 64
9617 64
9618 64
9619 64
9620 64
9621 64
9622 64
9623 64
9624 64
9625 64
9626 64
9627 64
9628 64
9629 64
9630 64
9631 64
9632 64
9633 64
9634 64
9635 48
9636 64
9637 64
9638 64
9639 64
9640 64
9641 64
9642 64
9643 64
9644 64
9645 64
9646 64
9647 64
9648 64
9649 64
9650 64
9651 64
9652 64
9653 64
9654 64
9655 64
9656 64
9657 64
9658 64
9659 64
9660 64
9661 64
9662 64
9663 64
9664 64
9665 64
9666 64
9667 64
9668 64
9669 64
9670 64
9671 64
9672 64
9673 64
9674 64
9675 64
9676 64
9677 64
9678 64
9679 48
9680 64
9681 64
9682 64
9683 64
9684 64
9685 64
9686 64
9687 64
9688 64
9689 64
9690 64
9691 64
9692 64
9693 64
9694 64
9695 64
9696 64
9697 64
9698 64
9699 64
9700 64
9701 64
9702 64
9703 64
9704 64
9705 64
9706 64
9707 64
9708 64
9709 64
9710 64
9711 64
9712 64
9713 64
9714 64
9715 64
9716 64
9717 64
9718 64
9719 64
9720 64
9721 64
9722 64
9723 48
9724 64
9725 64
9726 64
9727 64
9728 64
9729 64
9730 64
9731 64
9732 64
9733 64
9734 64
9735 64
9736 64
9737 64
9738 64
9739 64
9740 64
9741 64
9742 64
9743 64
9744 64
9745 64
9746 64
9747 64
9748 64
9749 64
9750 64
9751 64
9752 64
9753 64
9754 64
9755 64
9756 64
9757 64
9758 64
9759 64
9760 64
9761 64
9762 64
9763 64
9764 64
9765 64
9766 64
9767 48
9768 64
9769 64
9770 64
9771 64
9772 64
9773 64
9774 64
9775 64
9776 64
9777 64
9778 64
9779 64
9780 64
9781 64
9782 64
9783 64
9784 64
9785 64
9786 64
9787 64
9788 64
9789 64
9790 64
9791 64
9792 64
9793 64
9794 64
9795 64
9796 64
9797 64
9798 64
9799 64
9800 64
9801 64
9802 64
9803 64
9804 64
9805 64
9806 64
9807 64
9808 64
9809 64
9810 64
9811 48
9812 48
9813 48
9814 48
9815 48
9816 48
9817 48
9818 48
9819 48
9820 48
9821 48
9822 48
9823 48
9824 48
9825 48
9826 48
9827 48
9828 48
9829 48
9830 48
9831 48
9832 48
9833 48
9834 48
9835 48
9836 48
9837 48
9838 48
9839 48
9840 48
9841 48
9842 48
9843 48
9844 48
9845 48
9846 48
9847 48
9848 48
9849 48
9850 48
9851 48
9852 48
9853 48
9854 48
9855 36
9856 48
9857 48
9858 48
9859 48
9860 48
9861 48
9862 48
9863 48
9864 48
9865 48
9866 48
9867 48
9868 48
9869 48
9870 48
9871 48
9872 48
9873 48
9874 48
9875 48
9876 48
9877 48
9878 48
9879 48
9880 48
9881 48
9882 48
9883 48
9884 48
9885 48
9886 48
9887 48
9888 48
9889 48
9890 48
9891 48
9892 48
9893 48
9894 48
9895 48
9896 48
9897 48
9898 48
9899 36
9900 64
9901 64
9902 64
9903 64
9904 64
9905 64
9906 64
9907 64
9908 64
9909 64
9910 64
9911 64
9912 64
9913 64
9914 64
9915 64
9916 64
9917 64
9918 64
9919 64
9920 64
9921 64
9922 64
9923 64
9924 64
9925 64
9926 64
9927 64
9928 64
9929 64
9930 64
9931 64
9932 64
9933 64
9934 64
9935 64
9936 64
9937 64
9938 64
9939 64
9940 64
9941 64
9942 64
9943 48
9944 64
9945 64
9946 64
9947 64
9948 64
9949 64
9950 64
9951 64
9952 64
9953 64
9954 64
9955 64
9956 64
9957 64
9958 64
9959 64
9960 64
9961 64
9962 64
9963 64
9964 64
9965 64
9966 64
9967 64
9968 64
9969 64
9970 64
9971 64
9972 64
9973 64
9974 64
9975 64
9976 64
9977 64
9978 64
9979 64
9980 64
9981 64
9982 64
9983 64
9984 64
9985 64
9986 64
9987 48
9988 64
9989 64
9990 64
9991 64
9992 64
9993 64
9994 64
9995 64
9996 64
9997 64
9998 64
9999 64
10000 64
10001 64
10002 64
10003 64
10004 64
10005 64
10006 64
10007 64
10008 64
10009 64
10010 64
10011 64
10012 64
10013 64
10014 64
10015 64
10016 64
10017 64
10018 64
10019 64
10020 64
10021 64
10022 64
10023 64
10024 64
10025 64
10026 64
10027 64
10028 64
10029 64
10030 64
10031 48
10032 64
10033 64
10034 64
10035 64
10036 64
10037 64
10038 64
10039 64
10040 64
10041 64
10042 64
10043 64
10044 64
10045 64
10046 64
10047 64
10048 64
10049 64
10050 64
10051 64
10052 64
10053 64
10054 64
10055 64
10056 64
10057 64
10058 64
10059 64
10060 64
10061 64
10062 64
10063 64
10064 64
10065 64
10066 64
10067 64
10068 64
10069 64
10070 64
10071 64
10072 64
10073 64
10074 64
10075 48
10076 64
10077 64
10078 64
10079 64
10080 64
10081 64
10082 64
10083 64
10084 64
10085 64
10086 64
10087 64
10088 64
10089 64
10090 64
10091 64
10092 64
10093 64
10094 64
10095 64
10096 64
10097 64
10098 64
10099 64
10100 64
10101 64
10102 64
10103 64
10104 64
10105 64
10106 64
10107 64
10108 64
10109 64
10110 64
10111 64
10112 64
10113 64
10114 64
10115 64
10116 64
10117 64
10118 64
10119 48
10120 64
10121 64
10122 64
10123 64
10124 64
10125 64
10126 64
10127 64
10128 64
10129 64
10130 64
10131 64
10132 64
10133 64
10134 64
10135 64
10136 64
10137 64
10138 64
10139 64
10140 64
10141 64
10142 64
10143 64
10144 64
10145 64
10146 64
10147 64
10148 64
10149 64
10150 64
10151 64
10152 64
10153 64
10154 64
10155 64
10156 64
10157 64
10158 64
10159 64
10160 64
10161 64
10162 64
10163 48
10164 64
10165 64
10166 64
10167 64
10168 64
10169 64
10170 64
10171 64
10172 64
10173 64
10174 64
10175 64
10176 64
10177 64
10178 64
10179 64
10180 64
10181 64
10182 64
10183 64
10184 64
10185 64
10186 64
10187 64
10188 64
10189 64
10190 64
10191 64
10192 64
10193 64
10194 64
10195 64
10196 64
10197 64
10198 64
10199 64
10200 64
10201 64
10202 64
10203 64
10204 64
10205 64
10206 64
10207 48
10208 64
10209 64
10210 64
10211 64
10212 64
10213 64
10214 64
10215 64
10216 64
10217 64
10218 64
10219 64
10220 64
10221 64
10222 64
10223 64
10224 64
10225 64
10226 64
10227 64
10228 64
10229 64
10230 64
10231 64
10232 64
10233 64
10234 64
10235 64
10236 64
10237 64
10238 64
10239 64
10240 64
10241 64
10242 64
10243 64
10244 64
10245 64
10246 64
10247 64
10248 64
10249 64
10250 64
10251 48
10252 64
10253 64
10254 64
10255 64
10256 64
10257 64
10258 64
10259 64
10260 64
10261 64
10262 64
10263 64
10264 64
10265 64
10266 64
10267 64
10268 64
10269 64
10270 64
10271 64
10272 64
10273 64
10274 64
10275 64
10276 64
10277 64
10278 64
10279 64
10280 64
10281 64
10282 64
10283 64
10284 64
10285 64
10286 64
10287 64
10288 64
10289 64
10290 64
10291 64
10292 64
10293 64
10294 64
10295 48
10296 64
10297 64
10298 64
10299 64
10300 64
10301 64
10302 64
10303 64
10304 64
10305 64
10306 64
10307 64
10308 64
10309 64
10310 64
10311 64
10312 64
10313 64
10314 64
10315 64
10316 64
10317 64
10318 64
10319 64
10320 64
10321 64
10322 64
10323 64
10324 64
10325 64
10326 64
10327 64
10328 64
10329 64
10330 64
10331 64
10332 64
10333 64
10334 64
10335 64
10336 64
10337 64
10338 64
10339 48
10340 64
10341 64
10342 64
10343 64
10344 64
10345 64
10346 64
10347 64
10348 64
10349 64
10350 64
10351 64
10352 64
10353 64
10354 64
10355 64
10356 64
10357 64
10358 64
10359 64
10360 64
10361 64
10362 64
10363 64
10364 64
10365 64
10366 64
10367 64
10368 64
10369 64
10370 64
10371 64
10372 64
10373 64
10374 64
10375 64
10376 64
10377 64
10378 64
10379 64
10380 64
10381 64
10382 64
10383 48
10384 64
10385 64
10386 64
10387 64
10388 64
10389 64
10390 64
10391 64
10392 64
10393 64
10394 64
10395 64
10396 64
10397 64
10398 64
10399 64
10400 64
10401 64
10402 64
10403 64
10404 64
10405 64
10406 64
10407 64
10408 64
10409 64
10410 64
10411 64
10412 64
10413 64
10414 64
10415 64
10416 64
10417 64
10418 64
10419 64
10420 64
10421 64
10422 64
10423 64
10424 64
10425 64
10426 64
10427 48
10428 64
10429 64
10430 64
10431 64
10432 64
10433 64
10434 64
10435 64
10436 64
10437 64
10438 64
10439 64
10440 64
10441 64
10442 64
10443 64
10444 64
10445 64
10446 64
10447 64
10448 64
10449 64
10450 64
10451 64
10452 64
10453 64
10454 64
10455 64
10456 64
10457 64
10458 64
10459 64
10460 64
10461 64
10462 64
10463 64
10464 64
10465 64
10466 64
10467 64
10468 64
10469 64
10470 64
10471 48
10472 64
10473 64
10474 64
10475 64
10476 64
10477 64
10478 64
10479 64
10480 64
10481 64
10482 64
10483 64
10484 64
10485 64
10486 64
10487 64
10488 64
10489 64
10490 64
10491 64
10492 64
10493 64
10494 64
10495 64
10496 64
10497 64
10498 64
10499 64
10500 64
10501 64
10502 64
10503 64
10504 64
10505 64
10506 64
10507 64
10508 64
10509 64
10510 64
10511 64
10512 64
10513 64
10514 64
10515 48
10516 48
10517 48
10518 48
10519 48
10520 48
10521 48
10522 48
10523 48
10524 48
10525 48
10526 48
10527 48
10528 48
10529 48
10530 48
10531 48
10532 48
10533 48
10534 48
10535 48
10536 48
10537 48
10538 48
10539 48
10540 48
10541 48
10542 48
10543 48
10544 48
10545 48
10546 48
10547 48
10548 48
10549 48
10550 48
10551 48
10552 48
10553 48
10554 48
10555 48
10556 48
10557 48
10558 48
10559 36
10560 36
10561 36
10562 36
10563 36
10564 36
10565 36
10566 36
10567 36
10568 36
10569 36
10570 36
10571 36
10572 36
10573 36
10574 36
10575 36
10576 36
10577 36
10578 36
10579 36
10580 36
10581 36
10582 36
10583 36
10584 36
10585 36
10586 36
10587 36
10588 36
10589 36
10590 36
10591 36
10592 36
10593 36
10594 36
10595 36
10596 36
10597 36
10598 36
10599 36
10600 36
10601 36
10602 36
10603 27
10604 48
10605 48
10606 48
10607 48
10608 48
10609 48
10610 48
10611 48
10612 48
10613 48
10614 48
10615 48
10616 48
10617 48
10618 48
10619 48
10620 48
10621 48
10622 48
10623 48
10624 48
10625 48
10626 48
10627 48
10628 48
10629 48
10630 48
10631 48
10632 48
10633 48
10634 48
10635 48
10636 48
10637 48
10638 48
10639 48
10640 48
10641 48
10642 48
10643 48
10644 48
10645 48
10646 48
10647 36
10648 48
10649 48
10650 48
10651 48
10652 48
10653 48
10654 48
10655 48
10656 48
10657 48
10658 48
10659 48
10660 48
10661 48
10662 48
10663 48
10664 48
10665 48
10666 48
10667 48
10668 48
10669 48
10670 48
10671 48
10672 48
10673 48
10674 48
10675 48
10676 48
10677 48
10678 48
10679 48
10680 48
10681 48
10682 48
10683 48
10684 48
10685 48
10686 48
10687 48
10688 48
10689 48
10690 48
10691 36
10692 48
10693 48
10694 48
10695 48
10696 48
10697 48
10698 48
10699 48
10700 48
10701 48
10702 48
10703 48
10704 48
10705 48
10706 48
10707 48
10708 48
10709 48
10710 48
10711 48
10712 48
10713 48
10714 48
10715 48
10716 48
10717 48
10718 48
10719 48
10720 48
10721 48
10722 48
10723 48
10724 48
10725 48
10726 48
10727 48
10728 48
10729 48
10730 48
10731 48
10732 48
10733 48
10734 48
10735 36
10736 48
10737 48
10738 48
10739 48
10740 48
10741 48
10742 48
10743 48
10744 48
10745 48
10746 48
10747 48
10748 48
10749 48
10750 48
10751 48
10752 48
10753 48
10754 48
10755 48
10756 48
10757 48
10758 48
10759 48
10760 48
10761 48
10762 48
10763 48
10764 48
10765 48
10766 48
10767 48
10768 48
10769 48
10770 48
10771 48
10772 48
10773 48
10774 48
10775 48
10776 48
10777 48
10778 48
10779 36
10780 48
10781 48
10782 48
10783 48
10784 48
10785 48
10786 48
10787 48
10788 48
10789 48
10790 48
10791 48
10792 48
10793 48
10794 48
10795 48
10796 48
10797 48
10798 48
10799 48
10800 48
10801 48
10802 48
10803 48
10804 48
10805 48
10806 48
10807 48
10808 48
10809 48
10810 48
10811 48
10812 48
10813 48
10814 48
10815 48
10816 48
10817 48
10818 48
10819 48
10820 48
10821 48
10822 48
10823 36
10824 48
10825 48
10826 48
10827 48
10828 48
10829 48
10830 48
10831 48
10832 48
10833 48
10834 48
10835 48
10836 48
10837 48
10838 48
10839 48
10840 48
10841 48
10842 48
10843 48
10844 48
10845 48
10846 48
10847 48
10848 48
10849 48
10850 48
10851 48
10852 48
10853 48
10854 48
10855 48
10856 48
10857 48
10858 48
10859 48
10860 48
10861 48
10862 48
10863 48
10864 48
10865 48
10866 48
10867 36
10868 48
10869 48
10870 48
10871 48
10872 48
10873 48
10874 48
10875 48
10876 48
10877 48
10878 48
10879 48
10880 48
10881 48
10882 48
10883 48
10884 48
10885 48
10886 48
10887 48
10888 48
10889 48
10890 48
10891 48
10892 48
10893 48
10894 48
10895 48
10896 48
10897 48
10898 48
10899 48
10900 48
10901 48
10902 48
10903 48
10904 48
10905 48
10906 48
10907 48
10908 48
10909 48
10910 48
10911 36
10912 48
10913 48
10914 48
10915 48
10916 48
10917 48
10918 48
10919 48
10920 48
10921 48
10922 48
10923 48
10924 48
10925 48
10926 48
10927 48
10928 48
10929 48
10930 48
10931 48
10932 48
10933 48
10934 48
10935 48
10936 48
10937 48
10938 48
10939 48
10940 48
10941 48
10942 48
10943 48
10944 48
10945 48
10946 48
10947 48
10948 48
10949 48
10950 48
10951 48
10952 48
10953 48
10954 48
10955 36
10956 48
10957 48
10958 48
10959 48
10960 48
10961 48
10962 48
10963 48
10964 48
10965 48
10966 48
10967 48
10968 48
10969 48
10970 48
10971 48
10972 48
10973 48
10974 48
10975 48
10976 48
10977 48
10978 48
10979 48
10980 48
10981 48
10982 48
10983 48
10984 48
10985 48
10986 48
10987 48
10988 48
10989 48
10990 48
10991 48
10992 48
10993 48
10994 48
10995 48
10996 48
10997 48
10998 48
10999 36
11000 48
11001 48
11002 48
11003 48
11004 48
11005 48
11006 48
11007 48
11008 48
11009 48
11010 48
11011 48
11012 48
11013 48
11014 48
11015 48
11016 48
11017 48
11018 48
11019 48
11020 48
11021 48
11022 48
11023 48
11024 48
11025 48
11026 48
11027 48
11028 48
11029 48
11030 48
11031 48
11032 48
11033 48
11034 48
11035 48
11036 48
11037 48
11038 48
11039 48
11040 48
11041 48
11042 48
11043 36
11044 48
11045 48
11046 48
11047 48
11048 48
11049 48
11050 48
11051 48
11052 48
11053 48
11054 48
11055 48
11056 48
11057 48
11058 48
11059 48
11060 48
11061 48
11062 48
11063 48
11064 48
11065 48
11066 48
11067 48
11068 48
11069 48
11070 48
11071 48
11072 48
11073 48
11074 48
11075 48
11076 48
11077 48
11078 48
11079 48
11080 48
11081 48
11082 48
11083 48
11084 48
11085 48
11086 48
11087 36
11088 48
11089 48
11090 48
11091 48
11092 48
11093 48
11094 48
11095 48
11096 48
11097 48
11098 48
11099 48
11100 48
11101 48
11102 48
11103 48
11104 48
11105 48
11106 48
11107 48
11108 48
11109 48
11110 48
11111 48
11112 48
11113 48
11114 48
11115 48
11116 48
11117 48
11118 48
11119 48
11120 48
11121 48
11122 48
11123 48
11124 48
11125 48
11126 48
11127 48
11128 48
11129 48
11130 48
11131 36
11132 48
11133 48
11134 48
11135 48
11136 48
11137 48
11138 48
11139 48
11140 48
11141 48
11142 48
11143 48
11144 48
11145 48
11146 48
11147 48
11148 48
11149 48
11150 48
11151 48
11152 48
11153 48
11154 48
11155 48
11156 48
11157 48
11158 48
11159 48
11160 48
11161 48
11162 48
11163 48
11164 48
11165 48
11166 48
11167 48
11168 48
11169 48
11170 48
11171 48
11172 48
11173 48
11174 48
11175 36
11176 48
11177 48
11178 48
11179 48
11180 48
11181 48
11182 48
11183 48
11184 48
11185 48
11186 48
11187 48
11188 48
11189 48
11190 48
11191 48
11192 48
11193 48
11194 48
11195 48
11196 48
11197 48
11198 48
11199 48
11200 48
11201 48
11202 48
11203 48
11204 48
11205 48
11206 48
11207 48
11208 48
11209 48
11210 48
11211 48
11212 48
11213 48
11214 48
11215 48
11216 48
11217 48
11218 48
11219 36
11220 36
11221 36
11222 36
11223 36
11224 36
11225 36
11226 36
11227 36
11228 36
11229 36
11230 36
11231 36
11232 36
11233 36
11234 36
11235 36
11236 36
11237 36
11238 36
11239 36
11240 36
11241 36
11242 36
11243 36
11244 36
11245 36
11246 36
11247 36
11248 36
11249 36
11250 36
11251 36
11252 36
11253 36
11254 36
11255 36
11256 36
11257 36
11258 36
11259 36
11260 36
11261 36
11262 36
11263 27
