0 0 0 0 0 0 
1 0 0 0 0 0 
2 0 0 0 0 0 
3 0 0 0 0 0 
4 0 0 0 0 0 
5 0 0 0 0 0 
6 0 0 0 0 0 
7 0 0 0 0 0 
0 1 1 0 0 0 
1 1 1 0 0 0 
2 1 1 0 0 0 
3 1 1 0 0 0 
4 1 1 0 0 0 
5 1 1 0 0 0 
6 1 1 0 0 0 
7 1 1 0 0 0 
0 2 2 0 0 0 
1 2 2 0 0 0 
2 2 2 0 0 0 
3 2 2 0 0 0 
4 2 2 0 0 0 
5 2 2 0 0 0 
6 2 2 0 0 0 
7 2 2 0 0 0 
0 3 3 0 0 0 
1 3 3 0 0 0 
2 3 3 0 0 0 
3 3 3 0 0 0 
4 3 3 0 0 0 
5 3 3 0 0 0 
6 3 3 0 0 0 
7 3 3 0 0 0 
0 4 4 0 0 0 
1 4 4 0 0 0 
2 4 4 0 0 0 
3 4 4 0 0 0 
4 4 4 0 0 0 
5 4 4 0 0 0 
6 4 4 0 0 0 
7 4 4 0 0 0 
0 5 5 0 0 0 
1 5 5 0 0 0 
2 5 5 0 0 0 
3 5 5 0 0 0 
4 5 5 0 0 0 
5 5 5 0 0 0 
6 5 5 0 0 0 
7 5 5 0 0 0 
0 6 6 0 0 0 
1 6 6 0 0 0 
2 6 6 0 0 0 
3 6 6 0 0 0 
4 6 6 0 0 0 
5 6 6 0 0 0 
6 6 6 0 0 0 
7 6 6 0 0 0 
0 7 7 0 0 0 
1 7 7 0 0 0 
2 7 7 0 0 0 
3 7 7 0 0 0 
4 7 7 0 0 0 
5 7 7 0 0 0 
6 7 7 0 0 0 
7 7 7 0 0 0 
0 0 0 0 0 0 
1 0 0 0 0 0 
2 0 0 0 0 0 
3 0 0 0 0 0 
4 0 0 0 0 0 
5 0 0 0 0 0 
6 0 0 0 0 0 
7 0 0 0 0 0 
0 1 1 0 0 0 
1 1 1 0 0 0 
2 1 1 0 0 0 
3 1 1 0 0 0 
4 1 1 0 0 0 
5 1 1 0 0 0 
6 1 1 0 0 0 
7 1 1 0 0 0 
0 2 2 0 0 0 
1 2 2 0 0 0 
2 2 2 0 0 0 
3 2 2 0 0 0 
4 2 2 0 0 0 
5 2 2 0 0 0 
6 2 2 0 0 0 
7 2 2 0 0 0 
0 3 3 0.0156179 -0.000119666 0.000126429 
1 3 3 0.0141824 -0.000178279 0.000131331 
2 3 3 0.0133665 -0.000176877 8.15071e-05 
3 3 3 0.0134844 -8.85662e-05 -1.98742e-06 
4 3 3 0.0144433 6.36655e-05 -8.93694e-05 
5 3 3 0.0154247 -0.000126613 -1.74982e-05 
6 3 3 0.016258 -2.48269e-05 -2.88468e-05 
7 3 3 0.0148538 4.28572e-06 0.000720478 
0 4 4 0.0198082 -0.000123232 8.91497e-05 
1 4 4 0.0180998 -0.000196387 5.49761e-05 
2 4 4 0.0171822 -0.000215637 -1.05865e-05 
3 4 4 0.0173965 -0.000131629 -6.50436e-05 
4 4 4 0.0186335 -6.41315e-06 -9.32995e-05 
5 4 4 0.0200325 -0.000102986 -9.69252e-05 
6 4 4 0.0208132 -5.71022e-05 -4.73236e-05 
7 4 4 0.0189545 -0.000102937 0.000818039 
0 5 5 0 0 0 
1 5 5 0 0 0 
2 5 5 0 0 0 
3 5 5 0 0 0 
4 5 5 0 0 0 
5 5 5 0 0 0 
6 5 5 0 0 0 
7 5 5 0 0 0 
0 6 6 0 0 0 
1 6 6 0 0 0 
2 6 6 0 0 0 
3 6 6 0 0 0 
4 6 6 0 0 0 
5 6 6 0 0 0 
6 6 6 0 0 0 
7 6 6 0 0 0 
0 7 7 0 0 0 
1 7 7 0 0 0 
2 7 7 0 0 0 
3 7 7 0 0 0 
4 7 7 0 0 0 
5 7 7 0 0 0 
6 7 7 0 0 0 
7 7 7 0 0 0 
0 0 0 0 0 0 
1 0 0 0 0 0 
2 0 0 0 0 0 
3 0 0 0 0 0 
4 0 0 0 0 0 
5 0 0 0 0 0 
6 0 0 0 0 0 
7 0 0 0 0 0 
0 1 1 0 0 0 
1 1 1 0 0 0 
2 1 1 0 0 0 
3 1 1 0 0 0 
4 1 1 0 0 0 
5 1 1 0 0 0 
6 1 1 0 0 0 
7 1 1 0 0 0 
0 2 2 0.197196 0.000759609 0.000890864 
1 2 2 0.191458 0.000100242 0.00106995 
2 2 2 0.18916 -0.000452242 0.000696785 
3 2 2 0.190815 -0.000776123 0.000116785 
4 2 2 0.195256 -0.000913036 -0.000206805 
5 2 2 0.199488 -0.000163204 -0.000673887 
6 2 2 0.201521 4.77443e-05 -0.000336328 
7 2 2 0.199588 -0.000314932 -0.000119222 
0 3 3 0.70796 0.00279738 0.00426412 
1 3 3 0.699653 0.000957691 0.00297909 
2 3 3 0.696131 -0.00101709 0.000548217 
3 3 3 0.698233 -0.00203101 -0.00193746 
4 3 3 0.703825 -0.00161719 -0.00297663 
5 3 3 0.709994 -0.000870744 -0.00264556 
6 3 3 0.714589 3.25833e-06 -0.00108474 
7 3 3 0.716071 -0.000468984 -0.001709 
0 4 4 0.751832 -0.000177316 0.00506693 
1 4 4 0.744928 -0.000693512 0.00260401 
2 4 4 0.742691 -0.000780936 -0.00073112 
3 4 4 0.745571 -0.000181153 -0.00338881 
4 4 4 0.752363 0.000793598 -0.00424587 
5 4 4 0.759755 0.000970004 -0.0030418 
6 4 4 0.7637 0.000450718 -0.000853477 
7 4 4 0.765117 0.000734778 -0.00164097 
0 5 5 0.231247 -0.000947756 0.00076969 
1 5 5 0.226294 -0.000884135 0.000128928 
2 5 5 0.224926 -0.000412104 -0.000528359 
3 5 5 0.227507 0.000225172 -0.000892718 
4 5 5 0.232681 0.000662165 -0.000878041 
5 5 5 0.237787 0.000594451 -0.000594818 
6 5 5 0.240481 0.000159695 -0.000223159 
7 5 5 0.239207 0.000506283 -0.00071837 
0 6 6 0 0 0 
1 6 6 0 0 0 
2 6 6 0 0 0 
3 6 6 0 0 0 
4 6 6 0 0 0 
5 6 6 0 0 0 
6 6 6 0 0 0 
7 6 6 0 0 0 
0 7 7 0 0 0 
1 7 7 0 0 0 
2 7 7 0 0 0 
3 7 7 0 0 0 
4 7 7 0 0 0 
5 7 7 0 0 0 
6 7 7 0 0 0 
7 7 7 0 0 0 
0 0 0 0 0 0 
1 0 0 0 0 0 
2 0 0 0 0 0 
3 0 0 0 0 0 
4 0 0 0 0 0 
5 0 0 0 0 0 
6 0 0 0 0 0 
7 0 0 0 0 0 
0 1 1 0.000728444 2.72636e-05 -4.63217e-06 
1 1 1 0.000206034 3.03435e-05 2.00302e-06 
2 1 1 -0.000163752 1.8711e-05 6.08426e-06 
3 1 1 -0.000238966 3.78443e-07 6.89567e-06 
4 1 1 -1.54633e-05 -1.65074e-05 5.40242e-06 
5 1 1 0.000352653 -2.11761e-05 -1.02843e-06 
6 1 1 0.000633941 -1.19363e-05 -3.66745e-06 
7 1 1 0.000117592 0.000323109 -4.20909e-05 
0 2 2 0.669946 0.00533757 0.00112305 
1 2 2 0.659511 0.00341801 0.00118467 
2 2 2 0.655065 0.000451039 0.00072532 
3 2 2 0.657078 -0.00216858 -6.3682e-05 
4 2 2 0.663525 -0.00330047 -0.000667232 
5 2 2 0.670276 -0.00235427 -0.000879157 
6 2 2 0.673173 -0.000321481 -0.000539173 
7 2 2 0.672903 -0.0012866 -0.0005519 
0 3 3 1.85177 0.0127144 0.00694232 
1 3 3 1.8661 0.0107238 0.00460704 
2 3 3 1.86954 0.00523912 0.000929246 
3 3 3 1.86174 -0.00103727 -0.0027818 
4 3 3 1.84656 -0.00529796 -0.00525078 
5 3 3 1.83137 -0.00524826 -0.00514901 
6 3 3 1.82288 -0.00129016 -0.00256082 
7 3 3 1.82162 0.0012327 -0.00108427 
0 4 4 1.88192 -0.00390065 0.0089497 
1 4 4 1.90418 -0.000568705 0.0061942 
2 4 4 1.9146 0.00316264 0.00115328 
3 4 4 1.91049 0.00594162 -0.00379737 
4 4 4 1.89522 0.00723816 -0.00678178 
5 4 4 1.87773 0.00627008 -0.00622683 
6 4 4 1.86781 0.00347924 -0.00263199 
7 4 4 1.86765 0.00241288 -0.000636975 
0 5 5 0.78879 -0.00417161 0.00190553 
1 5 5 0.783931 -0.00202941 0.000743539 
2 5 5 0.78308 0.000952402 -0.00061232 
3 5 5 0.786661 0.00348587 -0.00153211 
4 5 5 0.793618 0.00446556 -0.0016977 
5 5 5 0.801151 0.00338757 -0.00113082 
6 5 5 0.805979 0.00117263 -0.000314758 
7 5 5 0.808404 0.00185176 -0.00074007 
0 6 6 0.02932 -0.000136129 -5.31055e-06 
1 6 6 0.027459 -0.000104114 -1.63835e-05 
2 6 6 0.0265961 -2.46752e-05 -2.34175e-05 
3 6 6 0.0270488 5.92512e-05 -2.54063e-05 
4 6 6 0.028523 0.000108353 -2.7471e-05 
5 6 6 0.0302284 9.85138e-05 -2.91412e-05 
6 6 6 0.0313168 3.95796e-05 -2.51591e-05 
7 6 6 0.0292724 -0.00091808 0.000125682 
0 7 7 0 0 0 
1 7 7 0 0 0 
2 7 7 0 0 0 
3 7 7 0 0 0 
4 7 7 0 0 0 
5 7 7 0 0 0 
6 7 7 0 0 0 
7 7 7 0 0 0 
0 0 0 0 0 0 
1 0 0 0 0 0 
2 0 0 0 0 0 
3 0 0 0 0 0 
4 0 0 0 0 0 
5 0 0 0 0 0 
6 0 0 0 0 0 
7 0 0 0 0 0 
0 1 1 0.000725425 2.66627e-05 1.6986e-06 
1 1 1 0.000202861 3.21034e-05 5.23044e-06 
2 1 1 -0.000167137 2.13001e-05 4.72768e-06 
3 1 1 -0.000242365 2.30086e-06 1.08293e-06 
4 1 1 -2.02227e-05 -1.60694e-05 -3.45503e-06 
5 1 1 0.000347527 -2.35181e-05 -8.54094e-06 
6 1 1 0.000630416 -1.46549e-05 -8.05738e-06 
7 1 1 0.000114299 0.000322013 3.82037e-05 
0 2 2 0.669378 0.00524852 -0.00144943 
1 2 2 0.658877 0.00343782 -0.00122539 
2 2 2 0.654356 0.000540783 -0.00051507 
3 2 2 0.656379 -0.00207505 0.000344547 
4 2 2 0.662776 -0.00321998 0.000880792 
5 2 2 0.669405 -0.00239449 0.00075546 
6 2 2 0.672421 -0.000449444 0.000133207 
7 2 2 0.67217 -0.00134643 0.000251156 
0 3 3 1.85052 0.0126752 -0.00740254 
1 3 3 1.86448 0.0106892 -0.00512586 
2 3 3 1.86765 0.0052495 -0.0012477 
3 3 3 1.85983 -0.000991131 0.00277362 
4 3 3 1.8448 -0.00525019 0.00548026 
5 3 3 1.82967 -0.0052269 0.00525211 
6 3 3 1.82115 -0.00130034 0.00223943 
7 3 3 1.81973 0.0012138 0.000548797 
0 4 4 1.88158 -0.00374003 -0.00922732 
1 4 4 1.90369 -0.000428282 -0.00656814 
2 4 4 1.91392 0.00319378 -0.0014355 
3 4 4 1.90967 0.00586338 0.00373191 
4 4 4 1.89437 0.0071263 0.00689062 
5 4 4 1.87691 0.00623943 0.00629047 
6 4 4 1.86703 0.00357016 0.00245706 
7 4 4 1.86682 0.00253824 0.000276525 
0 5 5 0.788688 -0.00410066 -0.00209655 
1 5 5 0.783808 -0.00201261 -0.000828903 
2 5 5 0.782896 0.000903706 0.000688999 
3 5 5 0.78642 0.00341418 0.00169152 
4 5 5 0.793351 0.00442736 0.00179322 
5 5 5 0.80088 0.00341312 0.00107008 
6 5 5 0.805723 0.00124006 0.000129216 
7 5 5 0.80815 0.00190501 0.000558297 
0 6 6 0.0293037 -0.00013422 -5.69297e-06 
1 6 6 0.0274423 -0.000106125 2.81315e-05 
2 6 6 0.0265763 -2.92628e-05 4.89568e-05 
3 6 6 0.0270238 5.55681e-05 4.56646e-05 
4 6 6 0.0284945 0.000108315 2.73047e-05 
5 6 6 0.0302012 0.000101939 9.76409e-06 
6 6 6 0.0312918 4.38592e-05 9.38541e-07 
7 6 6 0.0292487 -0.00091581 -0.000138196 
0 7 7 0 0 0 
1 7 7 0 0 0 
2 7 7 0 0 0 
3 7 7 0 0 0 
4 7 7 0 0 0 
5 7 7 0 0 0 
6 7 7 0 0 0 
7 7 7 0 0 0 
0 0 0 0 0 0 
1 0 0 0 0 0 
2 0 0 0 0 0 
3 0 0 0 0 0 
4 0 0 0 0 0 
5 0 0 0 0 0 
6 0 0 0 0 0 
7 0 0 0 0 0 
0 1 1 0 0 0 
1 1 1 0 0 0 
2 1 1 0 0 0 
3 1 1 0 0 0 
4 1 1 0 0 0 
5 1 1 0 0 0 
6 1 1 0 0 0 
7 1 1 0 0 0 
0 2 2 0.195367 0.000725193 -0.00095988 
1 2 2 0.18942 0.000197941 -0.00099444 
2 2 2 0.187078 -0.000351374 -0.000601417 
3 2 2 0.188786 -0.000674987 -1.27223e-05 
4 2 2 0.193135 -0.000694319 0.000417977 
5 2 2 0.197516 -0.000460088 0.000437548 
6 2 2 0.199686 -0.000139032 0.000100225 
7 2 2 0.197383 -0.000308517 4.87587e-05 
0 3 3 0.706777 0.00285865 -0.00450181 
1 3 3 0.697881 0.000965568 -0.00314036 
2 3 3 0.694288 -0.00100236 -0.000615624 
3 3 3 0.696604 -0.00201817 0.00194925 
4 3 3 0.703045 -0.00183404 0.00329745 
5 3 3 0.709866 -0.000829566 0.00268613 
6 3 3 0.713376 0.000165822 0.000764864 
7 3 3 0.713799 -0.000384548 0.00143892 
0 4 4 0.750693 4.87992e-05 -0.00517468 
1 4 4 0.743597 -0.000722263 -0.00267725 
2 4 4 0.741157 -0.000948866 0.000710757 
3 4 4 0.743995 -0.000364524 0.00341786 
4 4 4 0.750694 0.000559441 0.00429908 
5 4 4 0.757899 0.00105992 0.00303152 
6 4 4 0.762049 0.000795915 0.000727319 
7 4 4 0.763431 0.000911572 0.00149395 
0 5 5 0.230976 -0.000897829 -0.000811715 
1 5 5 0.226 -0.00092154 -0.000102223 
2 5 5 0.224552 -0.000496204 0.000593282 
3 5 5 0.227071 0.000151182 0.000951707 
4 5 5 0.232183 0.000633578 0.000896737 
5 5 5 0.237261 0.000651268 0.000544968 
6 5 5 0.240027 0.000255635 0.00013842 
7 5 5 0.238782 0.000550579 0.000666815 
0 6 6 0 0 0 
1 6 6 0 0 0 
2 6 6 0 0 0 
3 6 6 0 0 0 
4 6 6 0 0 0 
5 6 6 0 0 0 
6 6 6 0 0 0 
7 6 6 0 0 0 
0 7 7 0 0 0 
1 7 7 0 0 0 
2 7 7 0 0 0 
3 7 7 0 0 0 
4 7 7 0 0 0 
5 7 7 0 0 0 
6 7 7 0 0 0 
7 7 7 0 0 0 
0 0 0 0 0 0 
1 0 0 0 0 0 
2 0 0 0 0 0 
3 0 0 0 0 0 
4 0 0 0 0 0 
5 0 0 0 0 0 
6 0 0 0 0 0 
7 0 0 0 0 0 
0 1 1 0 0 0 
1 1 1 0 0 0 
2 1 1 0 0 0 
3 1 1 0 0 0 
4 1 1 0 0 0 
5 1 1 0 0 0 
6 1 1 0 0 0 
7 1 1 0 0 0 
0 2 2 0 0 0 
1 2 2 0 0 0 
2 2 2 0 0 0 
3 2 2 0 0 0 
4 2 2 0 0 0 
5 2 2 0 0 0 
6 2 2 0 0 0 
7 2 2 0 0 0 
0 3 3 0.0149154 -0.000136457 -0.000135766 
1 3 3 0.0134343 -0.000200459 -0.00014019 
2 3 3 0.0126117 -0.000183852 -8.49294e-05 
3 3 3 0.0127347 -0.000103475 -3.28685e-06 
4 3 3 0.0136464 -2.15e-05 5.97294e-05 
5 3 3 0.0148063 1.16527e-05 6.95465e-05 
6 3 3 0.0155714 -9.45133e-06 2.5876e-05 
7 3 3 0.0140233 4.39435e-06 -0.000722728 
0 4 4 0.0195373 -0.00012739 -8.9388e-05 
1 4 4 0.0177821 -0.000228135 -5.03508e-05 
2 4 4 0.0168445 -0.000235248 1.33854e-05 
3 4 4 0.0170529 -0.000156227 6.92574e-05 
4 4 4 0.0181961 -5.97777e-05 9.72453e-05 
5 4 4 0.019607 -7.68442e-06 8.53912e-05 
6 4 4 0.0205204 -1.01312e-05 3.81459e-05 
7 4 4 0.0186029 -0.000109333 -0.000817141 
0 5 5 0 0 0 
1 5 5 0 0 0 
2 5 5 0 0 0 
3 5 5 0 0 0 
4 5 5 0 0 0 
5 5 5 0 0 0 
6 5 5 0 0 0 
7 5 5 0 0 0 
0 6 6 0 0 0 
1 6 6 0 0 0 
2 6 6 0 0 0 
3 6 6 0 0 0 
4 6 6 0 0 0 
5 6 6 0 0 0 
6 6 6 0 0 0 
7 6 6 0 0 0 
0 7 7 0 0 0 
1 7 7 0 0 0 
2 7 7 0 0 0 
3 7 7 0 0 0 
4 7 7 0 0 0 
5 7 7 0 0 0 
6 7 7 0 0 0 
7 7 7 0 0 0 
0 0 0 0 0 0 
1 0 0 0 0 0 
2 0 0 0 0 0 
3 0 0 0 0 0 
4 0 0 0 0 0 
5 0 0 0 0 0 
6 0 0 0 0 0 
7 0 0 0 0 0 
0 1 1 0 0 0 
1 1 1 0 0 0 
2 1 1 0 0 0 
3 1 1 0 0 0 
4 1 1 0 0 0 
5 1 1 0 0 0 
6 1 1 0 0 0 
7 1 1 0 0 0 
0 2 2 0 0 0 
1 2 2 0 0 0 
2 2 2 0 0 0 
3 2 2 0 0 0 
4 2 2 0 0 0 
5 2 2 0 0 0 
6 2 2 0 0 0 
7 2 2 0 0 0 
0 3 3 0 0 0 
1 3 3 0 0 0 
2 3 3 0 0 0 
3 3 3 0 0 0 
4 3 3 0 0 0 
5 3 3 0 0 0 
6 3 3 0 0 0 
7 3 3 0 0 0 
0 4 4 0 0 0 
1 4 4 0 0 0 
2 4 4 0 0 0 
3 4 4 0 0 0 
4 4 4 0 0 0 
5 4 4 0 0 0 
6 4 4 0 0 0 
7 4 4 0 0 0 
0 5 5 0 0 0 
1 5 5 0 0 0 
2 5 5 0 0 0 
3 5 5 0 0 0 
4 5 5 0 0 0 
5 5 5 0 0 0 
6 5 5 0 0 0 
7 5 5 0 0 0 
0 6 6 0 0 0 
1 6 6 0 0 0 
2 6 6 0 0 0 
3 6 6 0 0 0 
4 6 6 0 0 0 
5 6 6 0 0 0 
6 6 6 0 0 0 
7 6 6 0 0 0 
0 7 7 0 0 0 
1 7 7 0 0 0 
2 7 7 0 0 0 
3 7 7 0 0 0 
4 7 7 0 0 0 
5 7 7 0 0 0 
6 7 7 0 0 0 
7 7 7 0 0 0 
