0 0 0 0 0 0 
1 0 0 0 0 0 
2 0 0 0 0 0 
3 0 0 0 0 0 
4 0 0 0 0 0 
5 0 0 0 0 0 
6 0 0 0 0 0 
7 0 0 0 0 0 
0 1 1 0 0 0 
1 1 1 0 0 0 
2 1 1 0 0 0 
3 1 1 0 0 0 
4 1 1 0 0 0 
5 1 1 0 0 0 
6 1 1 0 0 0 
7 1 1 0 0 0 
0 2 2 0 0 0 
1 2 2 0 0 0 
2 2 2 0 0 0 
3 2 2 0 0 0 
4 2 2 0 0 0 
5 2 2 0 0 0 
6 2 2 0 0 0 
7 2 2 0 0 0 
0 3 3 0 0 0 
1 3 3 0 0 0 
2 3 3 0 0 0 
3 3 3 0 0 0 
4 3 3 0 0 0 
5 3 3 0 0 0 
6 3 3 0 0 0 
7 3 3 0 0 0 
0 4 4 0 0 0 
1 4 4 0 0 0 
2 4 4 0 0 0 
3 4 4 0 0 0 
4 4 4 0 0 0 
5 4 4 0 0 0 
6 4 4 0 0 0 
7 4 4 0 0 0 
0 5 5 0 0 0 
1 5 5 0 0 0 
2 5 5 0 0 0 
3 5 5 0 0 0 
4 5 5 0 0 0 
5 5 5 0 0 0 
6 5 5 0 0 0 
7 5 5 0 0 0 
0 6 6 0 0 0 
1 6 6 0 0 0 
2 6 6 0 0 0 
3 6 6 0 0 0 
4 6 6 0 0 0 
5 6 6 0 0 0 
6 6 6 0 0 0 
7 6 6 0 0 0 
0 7 7 0 0 0 
1 7 7 0 0 0 
2 7 7 0 0 0 
3 7 7 0 0 0 
4 7 7 0 0 0 
5 7 7 0 0 0 
6 7 7 0 0 0 
7 7 7 0 0 0 
0 0 0 0 0 0 
1 0 0 0 0 0 
2 0 0 0 0 0 
3 0 0 0 0 0 
4 0 0 0 0 0 
5 0 0 0 0 0 
6 0 0 0 0 0 
7 0 0 0 0 0 
0 1 1 0 0 0 
1 1 1 0 0 0 
2 1 1 0 0 0 
3 1 1 0 0 0 
4 1 1 0 0 0 
5 1 1 0 0 0 
6 1 1 0 0 0 
7 1 1 0 0 0 
0 2 2 0 0 0 
1 2 2 0 0 0 
2 2 2 0 0 0 
3 2 2 0 0 0 
4 2 2 0 0 0 
5 2 2 0 0 0 
6 2 2 0 0 0 
7 2 2 0 0 0 
0 3 3 0.0645226 -2.45729e-05 -0.00010104 
1 3 3 0.065129 -4.30647e-05 1.81791e-05 
2 3 3 0.0644333 -0.000105675 8.6573e-05 
3 3 3 0.0634592 -0.000118028 8.76854e-05 
4 3 3 0.0630187 6.09691e-05 3.13355e-06 
5 3 3 0.0628345 -0.000216413 4.49243e-05 
6 3 3 0.0633973 -4.04383e-05 -2.84909e-05 
7 3 3 0.0625169 9.24895e-05 0.000693395 
0 4 4 0.0767234 -6.04123e-05 -0.000145202 
1 4 4 0.0774019 -4.00815e-05 -1.0406e-06 
2 4 4 0.0765637 -0.000100549 4.72373e-05 
3 4 4 0.0754402 -0.000129829 3.55478e-05 
4 4 4 0.074874 -8.75816e-05 2.37965e-06 
5 4 4 0.0748916 -0.000152652 -4.92466e-05 
6 4 4 0.0754881 -7.28557e-05 -6.29474e-05 
7 4 4 0.0742896 -0.000187102 0.000863826 
0 5 5 0 0 0 
1 5 5 0 0 0 
2 5 5 0 0 0 
3 5 5 0 0 0 
4 5 5 0 0 0 
5 5 5 0 0 0 
6 5 5 0 0 0 
7 5 5 0 0 0 
0 6 6 0 0 0 
1 6 6 0 0 0 
2 6 6 0 0 0 
3 6 6 0 0 0 
4 6 6 0 0 0 
5 6 6 0 0 0 
6 6 6 0 0 0 
7 6 6 0 0 0 
0 7 7 0 0 0 
1 7 7 0 0 0 
2 7 7 0 0 0 
3 7 7 0 0 0 
4 7 7 0 0 0 
5 7 7 0 0 0 
6 7 7 0 0 0 
7 7 7 0 0 0 
0 0 0 0 0 0 
1 0 0 0 0 0 
2 0 0 0 0 0 
3 0 0 0 0 0 
4 0 0 0 0 0 
5 0 0 0 0 0 
6 0 0 0 0 0 
7 0 0 0 0 0 
0 1 1 0 0 0 
1 1 1 0 0 0 
2 1 1 0 0 0 
3 1 1 0 0 0 
4 1 1 0 0 0 
5 1 1 0 0 0 
6 1 1 0 0 0 
7 1 1 0 0 0 
0 2 2 0.283398 -0.000442911 -0.000618669 
1 2 2 0.283554 0.000255086 0.000249631 
2 2 2 0.279772 0.000261516 0.000777423 
3 2 2 0.275959 -6.53053e-05 0.000879851 
4 2 2 0.274521 -0.000500027 0.000764844 
5 2 2 0.275172 -0.000185394 -0.000240388 
6 2 2 0.277614 -0.000240638 -0.000414589 
7 2 2 0.278067 0.000314727 0.000146175 
0 3 3 0.727193 -0.000514202 -0.00270359 
1 3 3 0.727088 0.00149237 0.00158262 
2 3 3 0.72115 0.00134 0.00292329 
3 3 3 0.715436 0.000167589 0.00231164 
4 3 3 0.712367 -0.000390296 0.00155292 
5 3 3 0.713763 -0.00185581 -0.00200543 
6 3 3 0.718244 -0.00109994 -0.00206913 
7 3 3 0.723445 -0.000422564 -0.00173636 
0 4 4 0.765742 0.00126554 -0.00289001 
1 4 4 0.766338 0.000360011 0.00208196 
2 4 4 0.761537 -0.000395646 0.00300048 
3 4 4 0.757101 -0.000869179 0.00161074 
4 4 4 0.755671 -0.000752496 -0.000422503 
5 4 4 0.757499 -0.000359371 -0.00217301 
6 4 4 0.761573 0.000234447 -0.00260281 
7 4 4 0.766605 0.000533332 -0.00183624 
0 5 5 0.313904 0.000724891 -0.000677328 
1 5 5 0.314538 -0.000221423 0.000275715 
2 5 5 0.311221 -0.000674154 0.000355473 
3 5 5 0.308003 -0.000653831 2.32619e-05 
4 5 5 0.306898 -0.000320936 -0.000333646 
5 5 5 0.308309 9.77763e-05 -0.00055794 
6 5 5 0.311351 0.000338845 -0.000542321 
7 5 5 0.312447 -1.66603e-05 -2.28502e-05 
0 6 6 0 0 0 
1 6 6 0 0 0 
2 6 6 0 0 0 
3 6 6 0 0 0 
4 6 6 0 0 0 
5 6 6 0 0 0 
6 6 6 0 0 0 
7 6 6 0 0 0 
0 7 7 0 0 0 
1 7 7 0 0 0 
2 7 7 0 0 0 
3 7 7 0 0 0 
4 7 7 0 0 0 
5 7 7 0 0 0 
6 7 7 0 0 0 
7 7 7 0 0 0 
0 0 0 0 0 0 
1 0 0 0 0 0 
2 0 0 0 0 0 
3 0 0 0 0 0 
4 0 0 0 0 0 
5 0 0 0 0 0 
6 0 0 0 0 0 
7 0 0 0 0 0 
0 1 1 0.0223628 -4.48558e-05 5.6581e-06 
1 1 1 0.0226612 -7.65814e-06 1.9014e-06 
2 1 1 0.0224817 1.38346e-05 2.95185e-06 
3 1 1 0.0221568 1.73362e-05 5.42392e-06 
4 1 1 0.0219134 1.18216e-05 3.65291e-06 
5 1 1 0.0218489 2.1394e-06 -1.81576e-06 
6 1 1 0.0219662 -7.53268e-06 -3.94185e-06 
7 1 1 0.0216027 0.000287757 -5.61531e-05 
0 2 2 0.694701 -0.00200105 -0.000934545 
1 2 2 0.693076 0.0022525 0.000328218 
2 2 2 0.685834 0.00324857 0.00102495 
3 2 2 0.679435 0.00214622 0.00113212 
4 2 2 0.676897 0.000280419 0.000705724 
5 2 2 0.678398 -0.00132886 -0.00011649 
6 2 2 0.682324 -0.00184923 -0.000673843 
7 2 2 0.686446 -0.00129327 -0.000614656 
0 3 3 1.76414 -0.00498279 -0.00646762 
1 3 3 1.76294 0.00490451 0.00191428 
2 3 3 1.77303 0.00878154 0.00440667 
3 3 3 1.78153 0.00736815 0.00336506 
4 3 3 1.78364 0.00334335 0.00108169 
5 3 3 1.77878 -0.00103929 -0.00164754 
6 3 3 1.76933 -0.00356504 -0.00337821 
7 3 3 1.76108 -0.00384086 -0.00403534 
0 4 4 1.79727 0.00866324 -0.00741365 
1 4 4 1.79716 -4.87222e-05 0.00257153 
2 4 4 1.81203 -0.00163972 0.00566526 
3 4 4 1.82681 0.000106235 0.00396136 
4 4 4 1.83388 0.00211767 0.00058477 
5 4 4 1.83109 0.00364824 -0.00272014 
6 4 4 1.821 0.00439511 -0.00448169 
7 4 4 1.81071 0.00454799 -0.00464814 
0 5 5 0.798901 0.00346827 -0.00100951 
1 5 5 0.800719 -0.00148767 0.000832809 
2 5 5 0.79732 -0.0025051 0.0010232 
3 5 5 0.794154 -0.00135429 0.000352808 
4 5 5 0.793372 0.000484944 -0.000450821 
5 5 5 0.795482 0.00211802 -0.00100894 
6 5 5 0.799825 0.0026665 -0.00106156 
7 5 5 0.805306 0.00201464 -0.00071122 
0 6 6 0.0907682 0.000148858 -4.53552e-05 
1 6 6 0.0915083 -1.62003e-05 -1.3907e-05 
2 6 6 0.0905586 -7.9279e-05 -5.57159e-06 
3 6 6 0.0893622 -6.64424e-05 -8.06309e-06 
4 6 6 0.0887346 -1.90542e-05 -1.45914e-05 
5 6 6 0.0889393 3.29141e-05 -2.23194e-05 
6 6 6 0.0898066 6.05259e-05 -2.38226e-05 
7 6 6 0.0886337 -0.000957461 0.000226312 
0 7 7 0 0 0 
1 7 7 0 0 0 
2 7 7 0 0 0 
3 7 7 0 0 0 
4 7 7 0 0 0 
5 7 7 0 0 0 
6 7 7 0 0 0 
7 7 7 0 0 0 
0 0 0 0 0 0 
1 0 0 0 0 0 
2 0 0 0 0 0 
3 0 0 0 0 0 
4 0 0 0 0 0 
5 0 0 0 0 0 
6 0 0 0 0 0 
7 0 0 0 0 0 
0 1 1 0.0223386 -4.59751e-05 -1.09766e-05 
1 1 1 0.022637 -7.49889e-06 -1.61688e-06 
2 1 1 0.0224574 1.55968e-05 4.40605e-06 
3 1 1 0.0221327 2.02325e-05 6.46659e-06 
4 1 1 0.0218882 1.32892e-05 2.83462e-06 
5 1 1 0.0218239 5.26231e-07 -3.72908e-06 
6 1 1 0.0219416 -1.03854e-05 -7.38891e-06 
7 1 1 0.0215794 0.000285557 4.74965e-05 
0 2 2 0.694115 -0.00206386 0.000731361 
1 2 2 0.692476 0.00219999 -0.000532153 
2 2 2 0.685155 0.00327006 -0.00102166 
3 2 2 0.678704 0.00223494 -0.000894277 
4 2 2 0.676082 0.000383274 -0.000409624 
5 2 2 0.677571 -0.00131161 0.000150912 
6 2 2 0.681576 -0.00192718 0.000439997 
7 2 2 0.685742 -0.00138886 0.000265391 
0 3 3 1.76286 -0.00494218 0.00633658 
1 3 3 1.76157 0.00489238 -0.0021868 
2 3 3 1.7714 0.00875282 -0.0047443 
3 3 3 1.77965 0.00735529 -0.00356816 
4 3 3 1.78158 0.00335805 -0.00105145 
5 3 3 1.77676 -0.000982059 0.00165246 
6 3 3 1.7675 -0.00353712 0.0033748 
7 3 3 1.75927 -0.00384686 0.0038147 
0 4 4 1.79681 0.00867048 0.00736307 
1 4 4 1.79672 4.80924e-05 -0.00271588 
2 4 4 1.81153 -0.00153387 -0.00590896 
3 4 4 1.82614 0.000128643 -0.00418023 
4 4 4 1.83299 0.00204752 -0.000681241 
5 4 4 1.8301 0.00357281 0.0027011 
6 4 4 1.82006 0.00436591 0.00449156 
7 4 4 1.80984 0.00461416 0.00455219 
0 5 5 0.79876 0.0034956 0.000952352 
1 5 5 0.800613 -0.00143291 -0.000970319 
2 5 5 0.797198 -0.00248819 -0.00109751 
3 5 5 0.793963 -0.00139567 -0.000294696 
4 5 5 0.793107 0.000420005 0.000579407 
5 5 5 0.795192 0.0020859 0.001077 
6 5 5 0.799559 0.00269263 0.000999028 
7 5 5 0.805082 0.00207763 0.000549121 
0 6 6 0.0907424 0.000150752 3.33128e-05 
1 6 6 0.0914843 -1.4498e-05 5.12125e-06 
2 6 6 0.0905353 -8.12146e-05 1.44991e-05 
3 6 6 0.0893346 -7.07701e-05 3.14671e-05 
4 6 6 0.0887017 -2.23393e-05 3.22573e-05 
5 6 6 0.0889083 3.31883e-05 1.82841e-05 
6 6 6 0.0897759 6.41715e-05 3.04611e-06 
7 6 6 0.0886051 -0.000953664 -0.00024687 
0 7 7 0 0 0 
1 7 7 0 0 0 
2 7 7 0 0 0 
3 7 7 0 0 0 
4 7 7 0 0 0 
5 7 7 0 0 0 
6 7 7 0 0 0 
7 7 7 0 0 0 
0 0 0 0 0 0 
1 0 0 0 0 0 
2 0 0 0 0 0 
3 0 0 0 0 0 
4 0 0 0 0 0 
5 0 0 0 0 0 
6 0 0 0 0 0 
7 0 0 0 0 0 
0 1 1 0 0 0 
1 1 1 0 0 0 
2 1 1 0 0 0 
3 1 1 0 0 0 
4 1 1 0 0 0 
5 1 1 0 0 0 
6 1 1 0 0 0 
7 1 1 0 0 0 
0 2 2 0.281941 -0.000536216 0.00050731 
1 2 2 0.281969 0.000244481 -0.000274076 
2 2 2 0.278119 0.000325213 -0.000716236 
3 2 2 0.274349 6.67819e-05 -0.000731073 
4 2 2 0.272691 -0.000219136 -0.000429148 
5 2 2 0.273582 -0.000399141 -1.49889e-05 
6 2 2 0.276131 -0.000394004 0.000241289 
7 2 2 0.276374 0.000228418 -0.000283704 
0 3 3 0.726422 -0.000454136 0.00260066 
1 3 3 0.725814 0.00149783 -0.00169264 
2 3 3 0.719595 0.00131702 -0.00299352 
3 3 3 0.713975 0.000117099 -0.00227609 
4 3 3 0.711736 -0.000942881 -0.000590631 
5 3 3 0.713308 -0.00134339 0.00117329 
6 3 3 0.717385 -0.00103018 0.00198638 
7 3 3 0.721925 -0.000377341 0.00160813 
0 4 4 0.76454 0.00144538 0.00283064 
1 4 4 0.765099 0.000477704 -0.002143 
2 4 4 0.760125 -0.000453229 -0.00303099 
3 4 4 0.755517 -0.00107887 -0.0015923 
4 4 4 0.753857 -0.00102943 0.000478933 
5 4 4 0.755664 -0.000338339 0.00213879 
6 4 4 0.759918 0.000443271 0.00253798 
7 4 4 0.765018 0.000785584 0.00172557 
0 5 5 0.313566 0.000779434 0.000631525 
1 5 5 0.314242 -0.000189519 -0.000303133 
2 5 5 0.310899 -0.000710612 -0.000327311 
3 5 5 0.307602 -0.000738421 4.24866e-05 
4 5 5 0.306409 -0.0003915 0.000385833 
5 5 5 0.307793 0.000104643 0.000545923 
6 5 5 0.310885 0.000414381 0.000474535 
7 5 5 0.312049 6.21607e-05 -4.86945e-05 
0 6 6 0 0 0 
1 6 6 0 0 0 
2 6 6 0 0 0 
3 6 6 0 0 0 
4 6 6 0 0 0 
5 6 6 0 0 0 
6 6 6 0 0 0 
7 6 6 0 0 0 
0 7 7 0 0 0 
1 7 7 0 0 0 
2 7 7 0 0 0 
3 7 7 0 0 0 
4 7 7 0 0 0 
5 7 7 0 0 0 
6 7 7 0 0 0 
7 7 7 0 0 0 
0 0 0 0 0 0 
1 0 0 0 0 0 
2 0 0 0 0 0 
3 0 0 0 0 0 
4 0 0 0 0 0 
5 0 0 0 0 0 
6 0 0 0 0 0 
7 0 0 0 0 0 
0 1 1 0 0 0 
1 1 1 0 0 0 
2 1 1 0 0 0 
3 1 1 0 0 0 
4 1 1 0 0 0 
5 1 1 0 0 0 
6 1 1 0 0 0 
7 1 1 0 0 0 
0 2 2 0 0 0 
1 2 2 0 0 0 
2 2 2 0 0 0 
3 2 2 0 0 0 
4 2 2 0 0 0 
5 2 2 0 0 0 
6 2 2 0 0 0 
7 2 2 0 0 0 
0 3 3 0.0639605 -1.00375e-05 0.000103009 
1 3 3 0.0645354 -5.08775e-05 -2.16906e-05 
2 3 3 0.0638386 -0.000119313 -9.06759e-05 
3 3 3 0.062892 -0.000148076 -9.52092e-05 
4 3 3 0.0623123 -0.000119073 -5.65485e-05 
5 3 3 0.0623324 -5.7294e-05 -2.1479e-06 
6 3 3 0.062855 -9.36769e-06 3.40775e-05 
7 3 3 0.0618874 0.000108506 -0.000689387 
0 4 4 0.0762884 -3.74645e-05 0.000140456 
1 4 4 0.0769513 -4.82722e-05 1.96035e-06 
2 4 4 0.0761037 -0.00012371 -4.29477e-05 
3 4 4 0.0749776 -0.000169531 -2.85248e-05 
4 4 4 0.0743133 -0.000148956 5.33571e-06 
5 4 4 0.0743773 -8.48796e-05 3.79413e-05 
6 4 4 0.0750371 -2.35088e-05 5.25947e-05 
7 4 4 0.0738295 -0.000162445 -0.000867293 
0 5 5 0 0 0 
1 5 5 0 0 0 
2 5 5 0 0 0 
3 5 5 0 0 0 
4 5 5 0 0 0 
5 5 5 0 0 0 
6 5 5 0 0 0 
7 5 5 0 0 0 
0 6 6 0 0 0 
1 6 6 0 0 0 
2 6 6 0 0 0 
3 6 6 0 0 0 
4 6 6 0 0 0 
5 6 6 0 0 0 
6 6 6 0 0 0 
7 6 6 0 0 0 
0 7 7 0 0 0 
1 7 7 0 0 0 
2 7 7 0 0 0 
3 7 7 0 0 0 
4 7 7 0 0 0 
5 7 7 0 0 0 
6 7 7 0 0 0 
7 7 7 0 0 0 
0 0 0 0 0 0 
1 0 0 0 0 0 
2 0 0 0 0 0 
3 0 0 0 0 0 
4 0 0 0 0 0 
5 0 0 0 0 0 
6 0 0 0 0 0 
7 0 0 0 0 0 
0 1 1 0 0 0 
1 1 1 0 0 0 
2 1 1 0 0 0 
3 1 1 0 0 0 
4 1 1 0 0 0 
5 1 1 0 0 0 
6 1 1 0 0 0 
7 1 1 0 0 0 
0 2 2 0 0 0 
1 2 2 0 0 0 
2 2 2 0 0 0 
3 2 2 0 0 0 
4 2 2 0 0 0 
5 2 2 0 0 0 
6 2 2 0 0 0 
7 2 2 0 0 0 
0 3 3 0 0 0 
1 3 3 0 0 0 
2 3 3 0 0 0 
3 3 3 0 0 0 
4 3 3 0 0 0 
5 3 3 0 0 0 
6 3 3 0 0 0 
7 3 3 0 0 0 
0 4 4 0 0 0 
1 4 4 0 0 0 
2 4 4 0 0 0 
3 4 4 0 0 0 
4 4 4 0 0 0 
5 4 4 0 0 0 
6 4 4 0 0 0 
7 4 4 0 0 0 
0 5 5 0 0 0 
1 5 5 0 0 0 
2 5 5 0 0 0 
3 5 5 0 0 0 
4 5 5 0 0 0 
5 5 5 0 0 0 
6 5 5 0 0 0 
7 5 5 0 0 0 
0 6 6 0 0 0 
1 6 6 0 0 0 
2 6 6 0 0 0 
3 6 6 0 0 0 
4 6 6 0 0 0 
5 6 6 0 0 0 
6 6 6 0 0 0 
7 6 6 0 0 0 
0 7 7 0 0 0 
1 7 7 0 0 0 
2 7 7 0 0 0 
3 7 7 0 0 0 
4 7 7 0 0 0 
5 7 7 0 0 0 
6 7 7 0 0 0 
7 7 7 0 0 0 
