0 0 0 0 0 0 
1 0 0 0 0 0 
2 0 0 0 0 0 
3 0 0 0 0 0 
4 0 0 0 0 0 
5 0 0 0 0 0 
6 0 0 0 0 0 
7 0 0 0 0 0 
0 1 1 0 0 0 
1 1 1 0 0 0 
2 1 1 0 0 0 
3 1 1 0 0 0 
4 1 1 0 0 0 
5 1 1 0 0 0 
6 1 1 0 0 0 
7 1 1 0 0 0 
0 2 2 0 0 0 
1 2 2 0 0 0 
2 2 2 0 0 0 
3 2 2 0 0 0 
4 2 2 0 0 0 
5 2 2 0 0 0 
6 2 2 0 0 0 
7 2 2 0 0 0 
0 3 3 0 0 0 
1 3 3 0 0 0 
2 3 3 0 0 0 
3 3 3 0 0 0 
4 3 3 0 0 0 
5 3 3 0 0 0 
6 3 3 0 0 0 
7 3 3 0 0 0 
0 4 4 0 0 0 
1 4 4 0 0 0 
2 4 4 0 0 0 
3 4 4 0 0 0 
4 4 4 0 0 0 
5 4 4 0 0 0 
6 4 4 0 0 0 
7 4 4 0 0 0 
0 5 5 0 0 0 
1 5 5 0 0 0 
2 5 5 0 0 0 
3 5 5 0 0 0 
4 5 5 0 0 0 
5 5 5 0 0 0 
6 5 5 0 0 0 
7 5 5 0 0 0 
0 6 6 0 0 0 
1 6 6 0 0 0 
2 6 6 0 0 0 
3 6 6 0 0 0 
4 6 6 0 0 0 
5 6 6 0 0 0 
6 6 6 0 0 0 
7 6 6 0 0 0 
0 7 7 0 0 0 
1 7 7 0 0 0 
2 7 7 0 0 0 
3 7 7 0 0 0 
4 7 7 0 0 0 
5 7 7 0 0 0 
6 7 7 0 0 0 
7 7 7 0 0 0 
0 0 0 0 0 0 
1 0 0 0 0 0 
2 0 0 0 0 0 
3 0 0 0 0 0 
4 0 0 0 0 0 
5 0 0 0 0 0 
6 0 0 0 0 0 
7 0 0 0 0 0 
0 1 1 0 0 0 
1 1 1 0 0 0 
2 1 1 0 0 0 
3 1 1 0 0 0 
4 1 1 0 0 0 
5 1 1 0 0 0 
6 1 1 0 0 0 
7 1 1 0 0 0 
0 2 2 0 0 0 
1 2 2 0 0 0 
2 2 2 0 0 0 
3 2 2 0 0 0 
4 2 2 0 0 0 
5 2 2 0 0 0 
6 2 2 0 0 0 
7 2 2 0 0 0 
0 3 3 0.0360048 -0.000170691 0.00014943 
1 3 3 0.0348714 -0.000201528 0.000108233 
2 3 3 0.0347794 -0.000149577 2.56395e-05 
3 3 3 0.0356691 -2.31597e-05 -6.3482e-05 
4 3 3 0.0371653 0.000179667 -0.000143079 
5 3 3 0.0378762 -0.000245923 3.96972e-05 
6 3 3 0.0383446 -2.67036e-05 -5.05242e-06 
7 3 3 0.0369094 4.14178e-05 0.000727544 
0 4 4 0.0448779 -0.000197889 8.22808e-05 
1 4 4 0.0435757 -0.000242049 6.88959e-06 
2 4 4 0.0435459 -0.000202513 -6.80793e-05 
3 4 4 0.0447031 -6.66794e-05 -0.000105436 
4 4 4 0.0465218 5.52868e-05 -0.000100741 
5 4 4 0.047702 -0.000157058 -7.9783e-05 
6 4 4 0.0479266 -6.814e-05 -1.80101e-05 
7 4 4 0.0460642 -0.000165518 0.000871914 
0 5 5 0 0 0 
1 5 5 0 0 0 
2 5 5 0 0 0 
3 5 5 0 0 0 
4 5 5 0 0 0 
5 5 5 0 0 0 
6 5 5 0 0 0 
7 5 5 0 0 0 
0 6 6 0 0 0 
1 6 6 0 0 0 
2 6 6 0 0 0 
3 6 6 0 0 0 
4 6 6 0 0 0 
5 6 6 0 0 0 
6 6 6 0 0 0 
7 6 6 0 0 0 
0 7 7 0 0 0 
1 7 7 0 0 0 
2 7 7 0 0 0 
3 7 7 0 0 0 
4 7 7 0 0 0 
5 7 7 0 0 0 
6 7 7 0 0 0 
7 7 7 0 0 0 
0 0 0 0 0 0 
1 0 0 0 0 0 
2 0 0 0 0 0 
3 0 0 0 0 0 
4 0 0 0 0 0 
5 0 0 0 0 0 
6 0 0 0 0 0 
7 0 0 0 0 0 
0 1 1 0 0 0 
1 1 1 0 0 0 
2 1 1 0 0 0 
3 1 1 0 0 0 
4 1 1 0 0 0 
5 1 1 0 0 0 
6 1 1 0 0 0 
7 1 1 0 0 0 
0 2 2 0.289218 0.000461358 0.00110153 
1 2 2 0.285455 -0.000367598 0.00091683 
2 2 2 0.286374 -0.000828436 0.000272311 
3 2 2 0.290899 -0.000969004 -0.000262587 
4 2 2 0.296568 -0.000946343 -0.000208046 
5 2 2 0.299607 0.000250518 -0.000690699 
6 2 2 0.299707 0.000186141 -8.59071e-05 
7 2 2 0.297498 -0.000772446 -0.000361015 
0 3 3 0.871293 0.00205536 0.00381966 
1 3 3 0.86572 -0.000383241 0.00125801 
2 3 3 0.866577 -0.00208404 -0.0016794 
3 3 3 0.872804 -0.00231288 -0.00358084 
4 3 3 0.879836 -0.000844692 -0.0026778 
5 3 3 0.884599 -0.000341621 -0.00183779 
6 3 3 0.886664 0.000338831 2.48698e-05 
7 3 3 0.886279 -0.000677891 -0.00151622 
0 4 4 0.92076 -0.000439522 0.00407651 
1 4 4 0.916624 -0.000686642 0.00019195 
2 4 4 0.918564 -0.000323951 -0.00330855 
3 4 4 0.925441 0.000561021 -0.00495017 
4 4 4 0.934246 0.00134638 -0.00400073 
5 4 4 0.940382 0.000818822 -0.00155428 
6 4 4 0.941347 1.33355e-05 0.000408657 
7 4 4 0.940873 0.000499669 -0.00158512 
0 5 5 0.332323 -0.00103807 0.000438804 
1 5 5 0.329577 -0.000603989 -0.000421251 
2 5 5 0.331593 8.70903e-05 -0.000996482 
3 5 5 0.337158 0.000678062 -0.00108934 
4 5 5 0.343445 0.000790267 -0.000759975 
5 5 5 0.347426 0.00036303 -0.000329445 
6 5 5 0.348165 -0.000134265 -4.73011e-05 
7 5 5 0.346473 0.00079821 -0.00114729 
0 6 6 0 0 0 
1 6 6 0 0 0 
2 6 6 0 0 0 
3 6 6 0 0 0 
4 6 6 0 0 0 
5 6 6 0 0 0 
6 6 6 0 0 0 
7 6 6 0 0 0 
0 7 7 0 0 0 
1 7 7 0 0 0 
2 7 7 0 0 0 
3 7 7 0 0 0 
4 7 7 0 0 0 
5 7 7 0 0 0 
6 7 7 0 0 0 
7 7 7 0 0 0 
0 0 0 0 0 0 
1 0 0 0 0 0 
2 0 0 0 0 0 
3 0 0 0 0 0 
4 0 0 0 0 0 
5 0 0 0 0 0 
6 0 0 0 0 0 
7 0 0 0 0 0 
0 1 1 0.00593 3.71459e-05 -2.58284e-06 
1 1 1 0.00543532 2.62534e-05 5.67408e-06 
2 1 1 0.00526702 5.61811e-06 8.42298e-06 
3 1 1 0.00545831 -1.5572e-05 8.89066e-06 
4 1 1 0.005879 -2.6104e-05 5.65897e-06 
5 1 1 0.00625753 -1.77077e-05 -3.83293e-06 
6 1 1 0.00640401 -2.74226e-06 -4.70533e-06 
7 1 1 0.00586545 0.000317596 -4.2015e-05 
0 2 2 0.828929 0.00484724 0.00119814 
1 2 2 0.821482 0.00149266 0.000868375 
2 2 2 0.821813 -0.00183009 8.58428e-05 
3 2 2 0.82816 -0.00369269 -0.000664226 
4 2 2 0.836409 -0.00325815 -0.000825776 
5 2 2 0.841438 -0.00103725 -0.000638653 
6 2 2 0.841055 0.000891833 -0.000154119 
7 2 2 0.838938 -0.0012429 -0.000412571 
0 3 3 2.06569 0.013209 0.00619461 
1 3 3 2.07351 0.00782516 0.00201683 
2 3 3 2.06769 0.000721544 -0.00236723 
3 3 3 2.05151 -0.00504764 -0.00569506 
4 3 3 2.03288 -0.00648952 -0.00619804 
5 3 3 2.02091 -0.00284391 -0.00357767 
6 3 3 2.01822 0.00210065 -0.000257133 
7 3 3 2.02013 0.00299932 0.000178094 
0 4 4 2.09866 -0.0021294 0.00838805 
1 4 4 2.11465 0.00252961 0.00296536 
2 4 4 2.11412 0.00624307 -0.00294563 
3 4 4 2.09913 0.00829913 -0.00718751 
4 4 4 2.07854 0.00780538 -0.00766581 
5 4 4 2.0644 0.00468549 -0.00404636 
6 4 4 2.06232 0.00157612 0.000214996 
7 4 4 2.06731 0.00162531 0.000701434 
0 5 5 0.962778 -0.00318815 0.00140322 
1 5 5 0.960597 0.000256753 -0.000262113 
2 5 5 0.963607 0.00347984 -0.00156656 
3 5 5 0.970968 0.00515573 -0.00202212 
4 5 5 0.979894 0.00441025 -0.00151269 
5 5 5 0.986402 0.00197581 -0.000537322 
6 5 5 0.988599 -0.000121951 0.000118745 
7 5 5 0.989156 0.0016956 -0.000752061 
0 6 6 0.05929 -0.000138372 -1.45209e-05 
1 6 6 0.0579648 -5.16019e-05 -2.83148e-05 
2 6 6 0.058171 4.92408e-05 -3.18533e-05 
3 6 6 0.0596997 0.00012 -3.01977e-05 
4 6 6 0.0617233 0.000123794 -2.87095e-05 
5 6 6 0.0632085 6.71402e-05 -2.71844e-05 
6 6 6 0.0636777 6.57655e-07 -2.27147e-05 
7 6 6 0.0616117 -0.00098255 0.00015144 
0 7 7 0 0 0 
1 7 7 0 0 0 
2 7 7 0 0 0 
3 7 7 0 0 0 
4 7 7 0 0 0 
5 7 7 0 0 0 
6 7 7 0 0 0 
7 7 7 0 0 0 
0 0 0 0 0 0 
1 0 0 0 0 0 
2 0 0 0 0 0 
3 0 0 0 0 0 
4 0 0 0 0 0 
5 0 0 0 0 0 
6 0 0 0 0 0 
7 0 0 0 0 0 
0 1 1 0.00592075 3.76003e-05 3.84231e-06 
1 1 1 0.00542544 2.90078e-05 5.29516e-06 
2 1 1 0.00525681 8.37142e-06 2.47931e-06 
3 1 1 0.00544778 -1.36968e-05 -1.51405e-06 
4 1 1 0.00586639 -2.61304e-05 -5.29112e-06 
5 1 1 0.00624542 -2.11125e-05 -9.37072e-06 
6 1 1 0.00639382 -5.42094e-06 -6.33482e-06 
7 1 1 0.00585491 0.000316995 4.01607e-05 
0 2 2 0.828354 0.00478339 -0.00147146 
1 2 2 0.820826 0.00155108 -0.000797211 
2 2 2 0.821107 -0.0017343 0.000169902 
3 2 2 0.827488 -0.00361278 0.00092532 
4 2 2 0.835627 -0.00318535 0.00100669 
5 2 2 0.840513 -0.00110751 0.00041615 
6 2 2 0.840307 0.000763512 -0.000275526 
7 2 2 0.838192 -0.00127271 0.000183725 
0 3 3 2.0643 0.0131642 -0.00678873 
1 3 3 2.07177 0.00781273 -0.00251671 
2 3 3 2.0658 0.000758229 0.00217961 
3 3 3 2.04973 -0.00499716 0.00582007 
4 3 3 2.03127 -0.00646141 0.00648214 
5 3 3 2.01923 -0.00283652 0.00352404 
6 3 3 2.01646 0.00208581 -0.000230933 
7 3 3 2.01817 0.002986 -0.000748227 
0 4 4 2.09828 -0.00194601 -0.0087729 
1 4 4 2.11408 0.00263274 -0.00334561 
2 4 4 2.11338 0.00621657 0.00275469 
3 4 4 2.09832 0.00819346 0.00723558 
4 4 4 2.07776 0.00771133 0.00781169 
5 4 4 2.06364 0.00470905 0.00401433 
6 4 4 2.06154 0.00169862 -0.00051476 
7 4 4 2.06643 0.0017387 -0.00110942 
0 5 5 0.962664 -0.00313216 -0.00157524 
1 5 5 0.960444 0.000242602 0.000246273 
2 5 5 0.963395 0.00341353 0.00169467 
3 5 5 0.970718 0.0050936 0.00217042 
4 5 5 0.979628 0.00439608 0.00154696 
5 5 5 0.986126 0.00201923 0.000418911 
6 5 5 0.988329 -5.74961e-05 -0.00031333 
7 5 5 0.988877 0.0017311 0.000605151 
0 6 6 0.0592656 -0.000138155 1.28641e-05 
1 6 6 0.0579379 -5.50931e-05 4.89045e-05 
2 6 6 0.0581409 4.45505e-05 5.76479e-05 
3 6 6 0.0596645 0.000117513 4.30601e-05 
4 6 6 0.0616848 0.000125064 2.00027e-05 
5 6 6 0.0631741 7.11467e-05 3.36717e-06 
6 6 6 0.0636449 4.51334e-06 1.10491e-07 
7 6 6 0.0615777 -0.000981091 -0.00016019 
0 7 7 0 0 0 
1 7 7 0 0 0 
2 7 7 0 0 0 
3 7 7 0 0 0 
4 7 7 0 0 0 
5 7 7 0 0 0 
6 7 7 0 0 0 
7 7 7 0 0 0 
0 0 0 0 0 0 
1 0 0 0 0 0 
2 0 0 0 0 0 
3 0 0 0 0 0 
4 0 0 0 0 0 
5 0 0 0 0 0 
6 0 0 0 0 0 
7 0 0 0 0 0 
0 1 1 0 0 0 
1 1 1 0 0 0 
2 1 1 0 0 0 
3 1 1 0 0 0 
4 1 1 0 0 0 
5 1 1 0 0 0 
6 1 1 0 0 0 
7 1 1 0 0 0 
0 2 2 0.287271 0.000486117 -0.00112286 
1 2 2 0.283283 -0.000241393 -0.000812572 
2 2 2 0.284189 -0.000740699 -0.000186078 
3 2 2 0.288795 -0.00085856 0.000382868 
4 2 2 0.294217 -0.000618922 0.000540505 
5 2 2 0.297521 -0.00023632 0.000258704 
6 2 2 0.297809 2.36142e-05 -0.000152168 
7 2 2 0.295163 -0.000708313 0.000343414 
0 3 3 0.86947 0.00213776 -0.00412371 
1 3 3 0.863408 -0.000364045 -0.0014171 
2 3 3 0.864317 -0.00205545 0.00163376 
3 3 3 0.870839 -0.00232168 0.00363157 
4 3 3 0.879109 -0.00135453 0.00344982 
5 3 3 0.8844 -6.26624e-05 0.00148537 
6 3 3 0.884862 0.000564381 -0.000490327 
7 3 3 0.883409 -0.000607701 0.00125406 
0 4 4 0.919611 -0.000257508 -0.00419947 
1 4 4 0.915253 -0.000788419 -0.000255265 
2 4 4 0.917043 -0.000498961 0.00330504 
3 4 4 0.923944 0.000385974 0.00499948 
4 4 4 0.932567 0.00107181 0.00407226 
5 4 4 0.938456 0.00100666 0.00150289 
6 4 4 0.939707 0.000384547 -0.000569732 
7 4 4 0.93916 0.000608757 0.00144287 
0 5 5 0.331964 -0.00101443 -0.00046119 
1 5 5 0.329167 -0.000669015 0.000468846 
2 5 5 0.331105 1.91323e-06 0.00106156 
3 5 5 0.336621 0.000616763 0.00113765 
4 5 5 0.342836 0.000773295 0.000766565 
5 5 5 0.346794 0.000435993 0.000265797 
6 5 5 0.347622 -4.29294e-05 -3.61367e-05 
7 5 5 0.345937 0.000822225 0.001109 
0 6 6 0 0 0 
1 6 6 0 0 0 
2 6 6 0 0 0 
3 6 6 0 0 0 
4 6 6 0 0 0 
5 6 6 0 0 0 
6 6 6 0 0 0 
7 6 6 0 0 0 
0 7 7 0 0 0 
1 7 7 0 0 0 
2 7 7 0 0 0 
3 7 7 0 0 0 
4 7 7 0 0 0 
5 7 7 0 0 0 
6 7 7 0 0 0 
7 7 7 0 0 0 
0 0 0 0 0 0 
1 0 0 0 0 0 
2 0 0 0 0 0 
3 0 0 0 0 0 
4 0 0 0 0 0 
5 0 0 0 0 0 
6 0 0 0 0 0 
7 0 0 0 0 0 
0 1 1 0 0 0 
1 1 1 0 0 0 
2 1 1 0 0 0 
3 1 1 0 0 0 
4 1 1 0 0 0 
5 1 1 0 0 0 
6 1 1 0 0 0 
7 1 1 0 0 0 
0 2 2 0 0 0 
1 2 2 0 0 0 
2 2 2 0 0 0 
3 2 2 0 0 0 
4 2 2 0 0 0 
5 2 2 0 0 0 
6 2 2 0 0 0 
7 2 2 0 0 0 
0 3 3 0.0351923 -0.000204963 -0.00016504 
1 3 3 0.0340096 -0.000222753 -0.000116867 
2 3 3 0.0339126 -0.000152899 -2.77846e-05 
3 3 3 0.0348209 -5.22833e-05 5.47802e-05 
4 3 3 0.0361811 7.728e-06 8.27722e-05 
5 3 3 0.037233 4.21246e-06 4.8644e-05 
6 3 3 0.0375598 -3.52157e-05 -8.80047e-06 
7 3 3 0.0359646 2.73649e-05 -0.000735412 
0 4 4 0.0445123 -0.000221874 -7.96806e-05 
1 4 4 0.0431432 -0.000277443 -1.71501e-06 
2 4 4 0.0430976 -0.000218977 7.0602e-05 
3 4 4 0.0442517 -0.000104917 0.000112368 
4 4 4 0.0459143 -2.07914e-05 0.000106392 
5 4 4 0.0471747 -4.81577e-06 6.0747e-05 
6 4 4 0.047556 -3.37459e-05 9.18156e-06 
7 4 4 0.0455886 -0.000189559 -0.000869266 
0 5 5 0 0 0 
1 5 5 0 0 0 
2 5 5 0 0 0 
3 5 5 0 0 0 
4 5 5 0 0 0 
5 5 5 0 0 0 
6 5 5 0 0 0 
7 5 5 0 0 0 
0 6 6 0 0 0 
1 6 6 0 0 0 
2 6 6 0 0 0 
3 6 6 0 0 0 
4 6 6 0 0 0 
5 6 6 0 0 0 
6 6 6 0 0 0 
7 6 6 0 0 0 
0 7 7 0 0 0 
1 7 7 0 0 0 
2 7 7 0 0 0 
3 7 7 0 0 0 
4 7 7 0 0 0 
5 7 7 0 0 0 
6 7 7 0 0 0 
7 7 7 0 0 0 
0 0 0 0 0 0 
1 0 0 0 0 0 
2 0 0 0 0 0 
3 0 0 0 0 0 
4 0 0 0 0 0 
5 0 0 0 0 0 
6 0 0 0 0 0 
7 0 0 0 0 0 
0 1 1 0 0 0 
1 1 1 0 0 0 
2 1 1 0 0 0 
3 1 1 0 0 0 
4 1 1 0 0 0 
5 1 1 0 0 0 
6 1 1 0 0 0 
7 1 1 0 0 0 
0 2 2 0 0 0 
1 2 2 0 0 0 
2 2 2 0 0 0 
3 2 2 0 0 0 
4 2 2 0 0 0 
5 2 2 0 0 0 
6 2 2 0 0 0 
7 2 2 0 0 0 
0 3 3 0 0 0 
1 3 3 0 0 0 
2 3 3 0 0 0 
3 3 3 0 0 0 
4 3 3 0 0 0 
5 3 3 0 0 0 
6 3 3 0 0 0 
7 3 3 0 0 0 
0 4 4 0 0 0 
1 4 4 0 0 0 
2 4 4 0 0 0 
3 4 4 0 0 0 
4 4 4 0 0 0 
5 4 4 0 0 0 
6 4 4 0 0 0 
7 4 4 0 0 0 
0 5 5 0 0 0 
1 5 5 0 0 0 
2 5 5 0 0 0 
3 5 5 0 0 0 
4 5 5 0 0 0 
5 5 5 0 0 0 
6 5 5 0 0 0 
7 5 5 0 0 0 
0 6 6 0 0 0 
1 6 6 0 0 0 
2 6 6 0 0 0 
3 6 6 0 0 0 
4 6 6 0 0 0 
5 6 6 0 0 0 
6 6 6 0 0 0 
7 6 6 0 0 0 
0 7 7 0 0 0 
1 7 7 0 0 0 
2 7 7 0 0 0 
3 7 7 0 0 0 
4 7 7 0 0 0 
5 7 7 0 0 0 
6 7 7 0 0 0 
7 7 7 0 0 0 
