0 33 1122 1089 
33 66 1155 1122 
66 99 1188 1155 
99 132 1221 1188 
132 165 1254 1221 
165 198 1287 1254 
198 231 1320 1287 
231 264 1353 1320 
264 297 1386 1353 
297 330 1419 1386 
330 363 1452 1419 
363 396 1485 1452 
396 429 1518 1485 
429 462 1551 1518 
462 495 1584 1551 
495 528 1617 1584 
528 561 1650 1617 
561 594 1683 1650 
594 627 1716 1683 
627 660 1749 1716 
660 693 1782 1749 
693 726 1815 1782 
726 759 1848 1815 
759 792 1881 1848 
792 825 1914 1881 
825 858 1947 1914 
858 891 1980 1947 
891 924 2013 1980 
924 957 2046 2013 
957 990 2079 2046 
990 1023 2112 2079 
1023 1056 2145 2112 
1089 1122 2211 2178 
1122 1155 2244 2211 
1155 1188 2277 2244 
1188 1221 2310 2277 
1221 1254 2343 2310 
1254 1287 2376 2343 
1287 1320 2409 2376 
1320 1353 2442 2409 
1353 1386 2475 2442 
1386 1419 2508 2475 
1419 1452 2541 2508 
1452 1485 2574 2541 
1485 1518 2607 2574 
1518 1551 2640 2607 
1551 1584 2673 2640 
1584 1617 2706 2673 
1617 1650 2739 2706 
1650 1683 2772 2739 
1683 1716 2805 2772 
1716 1749 2838 2805 
1749 1782 2871 2838 
1782 1815 2904 2871 
1815 1848 2937 2904 
1848 1881 2970 2937 
1881 1914 3003 2970 
1914 1947 3036 3003 
1947 1980 3069 3036 
1980 2013 3102 3069 
2013 2046 3135 3102 
2046 2079 3168 3135 
2079 2112 3201 3168 
2112 2145 3234 3201 
2178 2211 3300 3267 
2211 2244 3333 3300 
2244 2277 3366 3333 
2277 2310 3399 3366 
2310 2343 3432 3399 
2343 2376 3465 3432 
2376 2409 3498 3465 
2409 2442 3531 3498 
2442 2475 3564 3531 
2475 2508 3597 3564 
2508 2541 3630 3597 
2541 2574 3663 3630 
2574 2607 3696 3663 
2607 2640 3729 3696 
2640 2673 3762 3729 
2673 2706 3795 3762 
2706 2739 3828 3795 
2739 2772 3861 3828 
2772 2805 3894 3861 
2805 2838 3927 3894 
2838 2871 3960 3927 
2871 2904 3993 3960 
2904 2937 4026 3993 
2937 2970 4059 4026 
2970 3003 4092 4059 
3003 3036 4125 4092 
3036 3069 4158 4125 
3069 3102 4191 4158 
3102 3135 4224 4191 
3135 3168 4257 4224 
3168 3201 4290 4257 
3201 3234 4323 4290 
3267 3300 4389 4356 
3300 3333 4422 4389 
3333 3366 4455 4422 
3366 3399 4488 4455 
3399 3432 4521 4488 
3432 3465 4554 4521 
3465 3498 4587 4554 
3498 3531 4620 4587 
3531 3564 4653 4620 
3564 3597 4686 4653 
3597 3630 4719 4686 
3630 3663 4752 4719 
3663 3696 4785 4752 
3696 3729 4818 4785 
3729 3762 4851 4818 
3762 3795 4884 4851 
3795 3828 4917 4884 
3828 3861 4950 4917 
3861 3894 4983 4950 
3894 3927 5016 4983 
3927 3960 5049 5016 
3960 3993 5082 5049 
3993 4026 5115 5082 
4026 4059 5148 5115 
4059 4092 5181 5148 
4092 4125 5214 5181 
4125 4158 5247 5214 
4158 4191 5280 5247 
4191 4224 5313 5280 
4224 4257 5346 5313 
4257 4290 5379 5346 
4290 4323 5412 5379 
4356 4389 5478 5445 
4389 4422 5511 5478 
4422 4455 5544 5511 
4455 4488 5577 5544 
4488 4521 5610 5577 
4521 4554 5643 5610 
4554 4587 5676 5643 
4587 4620 5709 5676 
4620 4653 5742 5709 
4653 4686 5775 5742 
4686 4719 5808 5775 
4719 4752 5841 5808 
4752 4785 5874 5841 
4785 4818 5907 5874 
4818 4851 5940 5907 
4851 4884 5973 5940 
4884 4917 6006 5973 
4917 4950 6039 6006 
4950 4983 6072 6039 
4983 5016 6105 6072 
5016 5049 6138 6105 
5049 5082 6171 6138 
5082 5115 6204 6171 
5115 5148 6237 6204 
5148 5181 6270 6237 
5181 5214 6303 6270 
5214 5247 6336 6303 
5247 5280 6369 6336 
5280 5313 6402 6369 
5313 5346 6435 6402 
5346 5379 6468 6435 
5379 5412 6501 6468 
5445 5478 6567 6534 
5478 5511 6600 6567 
5511 5544 6633 6600 
5544 5577 6666 6633 
5577 5610 6699 6666 
5610 5643 6732 6699 
5643 5676 6765 6732 
5676 5709 6798 6765 
5709 5742 6831 6798 
5742 5775 6864 6831 
5775 5808 6897 6864 
5808 5841 6930 6897 
5841 5874 6963 6930 
5874 5907 6996 6963 
5907 5940 7029 6996 
5940 5973 7062 7029 
5973 6006 7095 7062 
6006 6039 7128 7095 
6039 6072 7161 7128 
6072 6105 7194 7161 
6105 6138 7227 7194 
6138 6171 7260 7227 
6171 6204 7293 7260 
6204 6237 7326 7293 
6237 6270 7359 7326 
6270 6303 7392 7359 
6303 6336 7425 7392 
6336 6369 7458 7425 
6369 6402 7491 7458 
6402 6435 7524 7491 
6435 6468 7557 7524 
6468 6501 7590 7557 
6534 6567 7656 7623 
6567 6600 7689 7656 
6600 6633 7722 7689 
6633 6666 7755 7722 
6666 6699 7788 7755 
6699 6732 7821 7788 
6732 6765 7854 7821 
6765 6798 7887 7854 
6798 6831 7920 7887 
6831 6864 7953 7920 
6864 6897 7986 7953 
6897 6930 8019 7986 
6930 6963 8052 8019 
6963 6996 8085 8052 
6996 7029 8118 8085 
7029 7062 8151 8118 
7062 7095 8184 8151 
7095 7128 8217 8184 
7128 7161 8250 8217 
7161 7194 8283 8250 
7194 7227 8316 8283 
7227 7260 8349 8316 
7260 7293 8382 8349 
7293 7326 8415 8382 
7326 7359 8448 8415 
7359 7392 8481 8448 
7392 7425 8514 8481 
7425 7458 8547 8514 
7458 7491 8580 8547 
7491 7524 8613 8580 
7524 7557 8646 8613 
7557 7590 8679 8646 
7623 7656 8745 8712 
7656 7689 8778 8745 
7689 7722 8811 8778 
7722 7755 8844 8811 
7755 7788 8877 8844 
7788 7821 8910 8877 
7821 7854 8943 8910 
7854 7887 8976 8943 
7887 7920 9009 8976 
7920 7953 9042 9009 
7953 7986 9075 9042 
7986 8019 9108 9075 
8019 8052 9141 9108 
8052 8085 9174 9141 
8085 8118 9207 9174 
8118 8151 9240 9207 
8151 8184 9273 9240 
8184 8217 9306 9273 
8217 8250 9339 9306 
8250 8283 9372 9339 
8283 8316 9405 9372 
8316 8349 9438 9405 
8349 8382 9471 9438 
8382 8415 9504 9471 
8415 8448 9537 9504 
8448 8481 9570 9537 
8481 8514 9603 9570 
8514 8547 9636 9603 
8547 8580 9669 9636 
8580 8613 9702 9669 
8613 8646 9735 9702 
8646 8679 9768 9735 
8712 8745 9834 9801 
8745 8778 9867 9834 
8778 8811 9900 9867 
8811 8844 9933 9900 
8844 8877 9966 9933 
8877 8910 9999 9966 
8910 8943 10032 9999 
8943 8976 10065 10032 
8976 9009 10098 10065 
9009 9042 10131 10098 
9042 9075 10164 10131 
9075 9108 10197 10164 
9108 9141 10230 10197 
9141 9174 10263 10230 
9174 9207 10296 10263 
9207 9240 10329 10296 
9240 9273 10362 10329 
9273 9306 10395 10362 
9306 9339 10428 10395 
9339 9372 10461 10428 
9372 9405 10494 10461 
9405 9438 10527 10494 
9438 9471 10560 10527 
9471 9504 10593 10560 
9504 9537 10626 10593 
9537 9570 10659 10626 
9570 9603 10692 10659 
9603 9636 10725 10692 
9636 9669 10758 10725 
9669 9702 10791 10758 
9702 9735 10824 10791 
9735 9768 10857 10824 
9801 9834 10923 10890 
9834 9867 10956 10923 
9867 9900 10989 10956 
9900 9933 11022 10989 
9933 9966 11055 11022 
9966 9999 11088 11055 
9999 10032 11121 11088 
10032 10065 11154 11121 
10065 10098 11187 11154 
10098 10131 11220 11187 
10131 10164 11253 11220 
10164 10197 11286 11253 
10197 10230 11319 11286 
10230 10263 11352 11319 
10263 10296 11385 11352 
10296 10329 11418 11385 
10329 10362 11451 11418 
10362 10395 11484 11451 
10395 10428 11517 11484 
10428 10461 11550 11517 
10461 10494 11583 11550 
10494 10527 11616 11583 
10527 10560 11649 11616 
10560 10593 11682 11649 
10593 10626 11715 11682 
10626 10659 11748 11715 
10659 10692 11781 11748 
10692 10725 11814 11781 
10725 10758 11847 11814 
10758 10791 11880 11847 
10791 10824 11913 11880 
10824 10857 11946 11913 
10890 10923 12012 11979 
10923 10956 12045 12012 
10956 10989 12078 12045 
10989 11022 12111 12078 
11022 11055 12144 12111 
11055 11088 12177 12144 
11088 11121 12210 12177 
11121 11154 12243 12210 
11154 11187 12276 12243 
11187 11220 12309 12276 
11220 11253 12342 12309 
11253 11286 12375 12342 
11286 11319 12408 12375 
11319 11352 12441 12408 
11352 11385 12474 12441 
11385 11418 12507 12474 
11418 11451 12540 12507 
11451 11484 12573 12540 
11484 11517 12606 12573 
11517 11550 12639 12606 
11550 11583 12672 12639 
11583 11616 12705 12672 
11616 11649 12738 12705 
11649 11682 12771 12738 
11682 11715 12804 12771 
11715 11748 12837 12804 
11748 11781 12870 12837 
11781 11814 12903 12870 
11814 11847 12936 12903 
11847 11880 12969 12936 
11880 11913 13002 12969 
11913 11946 13035 13002 
11979 12012 13101 13068 
12012 12045 13134 13101 
12045 12078 13167 13134 
12078 12111 13200 13167 
12111 12144 13233 13200 
12144 12177 13266 13233 
12177 12210 13299 13266 
12210 12243 13332 13299 
12243 12276 13365 13332 
12276 12309 13398 13365 
12309 12342 13431 13398 
12342 12375 13464 13431 
12375 12408 13497 13464 
12408 12441 13530 13497 
12441 12474 13563 13530 
12474 12507 13596 13563 
12507 12540 13629 13596 
12540 12573 13662 13629 
12573 12606 13695 13662 
12606 12639 13728 13695 
12639 12672 13761 13728 
12672 12705 13794 13761 
12705 12738 13827 13794 
12738 12771 13860 13827 
12771 12804 13893 13860 
12804 12837 13926 13893 
12837 12870 13959 13926 
12870 12903 13992 13959 
12903 12936 14025 13992 
12936 12969 14058 14025 
12969 13002 14091 14058 
13002 13035 14124 14091 
13068 13101 14190 14157 
13101 13134 14223 14190 
13134 13167 14256 14223 
13167 13200 14289 14256 
13200 13233 14322 14289 
13233 13266 14355 14322 
13266 13299 14388 14355 
13299 13332 14421 14388 
13332 13365 14454 14421 
13365 13398 14487 14454 
13398 13431 14520 14487 
13431 13464 14553 14520 
13464 13497 14586 14553 
13497 13530 14619 14586 
13530 13563 14652 14619 
13563 13596 14685 14652 
13596 13629 14718 14685 
13629 13662 14751 14718 
13662 13695 14784 14751 
13695 13728 14817 14784 
13728 13761 14850 14817 
13761 13794 14883 14850 
13794 13827 14916 14883 
13827 13860 14949 14916 
13860 13893 14982 14949 
13893 13926 15015 14982 
13926 13959 15048 15015 
13959 13992 15081 15048 
13992 14025 15114 15081 
14025 14058 15147 15114 
14058 14091 15180 15147 
14091 14124 15213 15180 
14157 14190 15279 15246 
14190 14223 15312 15279 
14223 14256 15345 15312 
14256 14289 15378 15345 
14289 14322 15411 15378 
14322 14355 15444 15411 
14355 14388 15477 15444 
14388 14421 15510 15477 
14421 14454 15543 15510 
14454 14487 15576 15543 
14487 14520 15609 15576 
14520 14553 15642 15609 
14553 14586 15675 15642 
14586 14619 15708 15675 
14619 14652 15741 15708 
14652 14685 15774 15741 
14685 14718 15807 15774 
14718 14751 15840 15807 
14751 14784 15873 15840 
14784 14817 15906 15873 
14817 14850 15939 15906 
14850 14883 15972 15939 
14883 14916 16005 15972 
14916 14949 16038 16005 
14949 14982 16071 16038 
14982 15015 16104 16071 
15015 15048 16137 16104 
15048 15081 16170 16137 
15081 15114 16203 16170 
15114 15147 16236 16203 
15147 15180 16269 16236 
15180 15213 16302 16269 
15246 15279 16368 16335 
15279 15312 16401 16368 
15312 15345 16434 16401 
15345 15378 16467 16434 
15378 15411 16500 16467 
15411 15444 16533 16500 
15444 15477 16566 16533 
15477 15510 16599 16566 
15510 15543 16632 16599 
15543 15576 16665 16632 
15576 15609 16698 16665 
15609 15642 16731 16698 
15642 15675 16764 16731 
15675 15708 16797 16764 
15708 15741 16830 16797 
15741 15774 16863 16830 
15774 15807 16896 16863 
15807 15840 16929 16896 
15840 15873 16962 16929 
15873 15906 16995 16962 
15906 15939 17028 16995 
15939 15972 17061 17028 
15972 16005 17094 17061 
16005 16038 17127 17094 
16038 16071 17160 17127 
16071 16104 17193 17160 
16104 16137 17226 17193 
16137 16170 17259 17226 
16170 16203 17292 17259 
16203 16236 17325 17292 
16236 16269 17358 17325 
16269 16302 17391 17358 
16335 16368 17457 17424 
16368 16401 17490 17457 
16401 16434 17523 17490 
16434 16467 17556 17523 
16467 16500 17589 17556 
16500 16533 17622 17589 
16533 16566 17655 17622 
16566 16599 17688 17655 
16599 16632 17721 17688 
16632 16665 17754 17721 
16665 16698 17787 17754 
16698 16731 17820 17787 
16731 16764 17853 17820 
16764 16797 17886 17853 
16797 16830 17919 17886 
16830 16863 17952 17919 
16863 16896 17985 17952 
16896 16929 18018 17985 
16929 16962 18051 18018 
16962 16995 18084 18051 
16995 17028 18117 18084 
17028 17061 18150 18117 
17061 17094 18183 18150 
17094 17127 18216 18183 
17127 17160 18249 18216 
17160 17193 18282 18249 
17193 17226 18315 18282 
17226 17259 18348 18315 
17259 17292 18381 18348 
17292 17325 18414 18381 
17325 17358 18447 18414 
17358 17391 18480 18447 
17424 17457 18546 18513 
17457 17490 18579 18546 
17490 17523 18612 18579 
17523 17556 18645 18612 
17556 17589 18678 18645 
17589 17622 18711 18678 
17622 17655 18744 18711 
17655 17688 18777 18744 
17688 17721 18810 18777 
17721 17754 18843 18810 
17754 17787 18876 18843 
17787 17820 18909 18876 
17820 17853 18942 18909 
17853 17886 18975 18942 
17886 17919 19008 18975 
17919 17952 19041 19008 
17952 17985 19074 19041 
17985 18018 19107 19074 
18018 18051 19140 19107 
18051 18084 19173 19140 
18084 18117 19206 19173 
18117 18150 19239 19206 
18150 18183 19272 19239 
18183 18216 19305 19272 
18216 18249 19338 19305 
18249 18282 19371 19338 
18282 18315 19404 19371 
18315 18348 19437 19404 
18348 18381 19470 19437 
18381 18414 19503 19470 
18414 18447 19536 19503 
18447 18480 19569 19536 
18513 18546 19635 19602 
18546 18579 19668 19635 
18579 18612 19701 19668 
18612 18645 19734 19701 
18645 18678 19767 19734 
18678 18711 19800 19767 
18711 18744 19833 19800 
18744 18777 19866 19833 
18777 18810 19899 19866 
18810 18843 19932 19899 
18843 18876 19965 19932 
18876 18909 19998 19965 
18909 18942 20031 19998 
18942 18975 20064 20031 
18975 19008 20097 20064 
19008 19041 20130 20097 
19041 19074 20163 20130 
19074 19107 20196 20163 
19107 19140 20229 20196 
19140 19173 20262 20229 
19173 19206 20295 20262 
19206 19239 20328 20295 
19239 19272 20361 20328 
19272 19305 20394 20361 
19305 19338 20427 20394 
19338 19371 20460 20427 
19371 19404 20493 20460 
19404 19437 20526 20493 
19437 19470 20559 20526 
19470 19503 20592 20559 
19503 19536 20625 20592 
19536 19569 20658 20625 
19602 19635 20724 20691 
19635 19668 20757 20724 
19668 19701 20790 20757 
19701 19734 20823 20790 
19734 19767 20856 20823 
19767 19800 20889 20856 
19800 19833 20922 20889 
19833 19866 20955 20922 
19866 19899 20988 20955 
19899 19932 21021 20988 
19932 19965 21054 21021 
19965 19998 21087 21054 
19998 20031 21120 21087 
20031 20064 21153 21120 
20064 20097 21186 21153 
20097 20130 21219 21186 
20130 20163 21252 21219 
20163 20196 21285 21252 
20196 20229 21318 21285 
20229 20262 21351 21318 
20262 20295 21384 21351 
20295 20328 21417 21384 
20328 20361 21450 21417 
20361 20394 21483 21450 
20394 20427 21516 21483 
20427 20460 21549 21516 
20460 20493 21582 21549 
20493 20526 21615 21582 
20526 20559 21648 21615 
20559 20592 21681 21648 
20592 20625 21714 21681 
20625 20658 21747 21714 
20691 20724 21813 21780 
20724 20757 21846 21813 
20757 20790 21879 21846 
20790 20823 21912 21879 
20823 20856 21945 21912 
20856 20889 21978 21945 
20889 20922 22011 21978 
20922 20955 22044 22011 
20955 20988 22077 22044 
20988 21021 22110 22077 
21021 21054 22143 22110 
21054 21087 22176 22143 
21087 21120 22209 22176 
21120 21153 22242 22209 
21153 21186 22275 22242 
21186 21219 22308 22275 
21219 21252 22341 22308 
21252 21285 22374 22341 
21285 21318 22407 22374 
21318 21351 22440 22407 
21351 21384 22473 22440 
21384 21417 22506 22473 
21417 21450 22539 22506 
21450 21483 22572 22539 
21483 21516 22605 22572 
21516 21549 22638 22605 
21549 21582 22671 22638 
21582 21615 22704 22671 
21615 21648 22737 22704 
21648 21681 22770 22737 
21681 21714 22803 22770 
21714 21747 22836 22803 
21780 21813 22902 22869 
21813 21846 22935 22902 
21846 21879 22968 22935 
21879 21912 23001 22968 
21912 21945 23034 23001 
21945 21978 23067 23034 
21978 22011 23100 23067 
22011 22044 23133 23100 
22044 22077 23166 23133 
22077 22110 23199 23166 
22110 22143 23232 23199 
22143 22176 23265 23232 
22176 22209 23298 23265 
22209 22242 23331 23298 
22242 22275 23364 23331 
22275 22308 23397 23364 
22308 22341 23430 23397 
22341 22374 23463 23430 
22374 22407 23496 23463 
22407 22440 23529 23496 
22440 22473 23562 23529 
22473 22506 23595 23562 
22506 22539 23628 23595 
22539 22572 23661 23628 
22572 22605 23694 23661 
22605 22638 23727 23694 
22638 22671 23760 23727 
22671 22704 23793 23760 
22704 22737 23826 23793 
22737 22770 23859 23826 
22770 22803 23892 23859 
22803 22836 23925 23892 
22869 22902 23991 23958 
22902 22935 24024 23991 
22935 22968 24057 24024 
22968 23001 24090 24057 
23001 23034 24123 24090 
23034 23067 24156 24123 
23067 23100 24189 24156 
23100 23133 24222 24189 
23133 23166 24255 24222 
23166 23199 24288 24255 
23199 23232 24321 24288 
23232 23265 24354 24321 
23265 23298 24387 24354 
23298 23331 24420 24387 
23331 23364 24453 24420 
23364 23397 24486 24453 
23397 23430 24519 24486 
23430 23463 24552 24519 
23463 23496 24585 24552 
23496 23529 24618 24585 
23529 23562 24651 24618 
23562 23595 24684 24651 
23595 23628 24717 24684 
23628 23661 24750 24717 
23661 23694 24783 24750 
23694 23727 24816 24783 
23727 23760 24849 24816 
23760 23793 24882 24849 
23793 23826 24915 24882 
23826 23859 24948 24915 
23859 23892 24981 24948 
23892 23925 25014 24981 
23958 23991 25080 25047 
23991 24024 25113 25080 
24024 24057 25146 25113 
24057 24090 25179 25146 
24090 24123 25212 25179 
24123 24156 25245 25212 
24156 24189 25278 25245 
24189 24222 25311 25278 
24222 24255 25344 25311 
24255 24288 25377 25344 
24288 24321 25410 25377 
24321 24354 25443 25410 
24354 24387 25476 25443 
24387 24420 25509 25476 
24420 24453 25542 25509 
24453 24486 25575 25542 
24486 24519 25608 25575 
24519 24552 25641 25608 
24552 24585 25674 25641 
24585 24618 25707 25674 
24618 24651 25740 25707 
24651 24684 25773 25740 
24684 24717 25806 25773 
24717 24750 25839 25806 
24750 24783 25872 25839 
24783 24816 25905 25872 
24816 24849 25938 25905 
24849 24882 25971 25938 
24882 24915 26004 25971 
24915 24948 26037 26004 
24948 24981 26070 26037 
24981 25014 26103 26070 
25047 25080 26169 26136 
25080 25113 26202 26169 
25113 25146 26235 26202 
25146 25179 26268 26235 
25179 25212 26301 26268 
25212 25245 26334 26301 
25245 25278 26367 26334 
25278 25311 26400 26367 
25311 25344 26433 26400 
25344 25377 26466 26433 
25377 25410 26499 26466 
25410 25443 26532 26499 
25443 25476 26565 26532 
25476 25509 26598 26565 
25509 25542 26631 26598 
25542 25575 26664 26631 
25575 25608 26697 26664 
25608 25641 26730 26697 
25641 25674 26763 26730 
25674 25707 26796 26763 
25707 25740 26829 26796 
25740 25773 26862 26829 
25773 25806 26895 26862 
25806 25839 26928 26895 
25839 25872 26961 26928 
25872 25905 26994 26961 
25905 25938 27027 26994 
25938 25971 27060 27027 
25971 26004 27093 27060 
26004 26037 27126 27093 
26037 26070 27159 27126 
26070 26103 27192 27159 
26136 26169 27258 27225 
26169 26202 27291 27258 
26202 26235 27324 27291 
26235 26268 27357 27324 
26268 26301 27390 27357 
26301 26334 27423 27390 
26334 26367 27456 27423 
26367 26400 27489 27456 
26400 26433 27522 27489 
26433 26466 27555 27522 
26466 26499 27588 27555 
26499 26532 27621 27588 
26532 26565 27654 27621 
26565 26598 27687 27654 
26598 26631 27720 27687 
26631 26664 27753 27720 
26664 26697 27786 27753 
26697 26730 27819 27786 
26730 26763 27852 27819 
26763 26796 27885 27852 
26796 26829 27918 27885 
26829 26862 27951 27918 
26862 26895 27984 27951 
26895 26928 28017 27984 
26928 26961 28050 28017 
26961 26994 28083 28050 
26994 27027 28116 28083 
27027 27060 28149 28116 
27060 27093 28182 28149 
27093 27126 28215 28182 
27126 27159 28248 28215 
27159 27192 28281 28248 
27225 27258 28347 28314 
27258 27291 28380 28347 
27291 27324 28413 28380 
27324 27357 28446 28413 
27357 27390 28479 28446 
27390 27423 28512 28479 
27423 27456 28545 28512 
27456 27489 28578 28545 
27489 27522 28611 28578 
27522 27555 28644 28611 
27555 27588 28677 28644 
27588 27621 28710 28677 
27621 27654 28743 28710 
27654 27687 28776 28743 
27687 27720 28809 28776 
27720 27753 28842 28809 
27753 27786 28875 28842 
27786 27819 28908 28875 
27819 27852 28941 28908 
27852 27885 28974 28941 
27885 27918 29007 28974 
27918 27951 29040 29007 
27951 27984 29073 29040 
27984 28017 29106 29073 
28017 28050 29139 29106 
28050 28083 29172 29139 
28083 28116 29205 29172 
28116 28149 29238 29205 
28149 28182 29271 29238 
28182 28215 29304 29271 
28215 28248 29337 29304 
28248 28281 29370 29337 
28314 28347 29436 29403 
28347 28380 29469 29436 
28380 28413 29502 29469 
28413 28446 29535 29502 
28446 28479 29568 29535 
28479 28512 29601 29568 
28512 28545 29634 29601 
28545 28578 29667 29634 
28578 28611 29700 29667 
28611 28644 29733 29700 
28644 28677 29766 29733 
28677 28710 29799 29766 
28710 28743 29832 29799 
28743 28776 29865 29832 
28776 28809 29898 29865 
28809 28842 29931 29898 
28842 28875 29964 29931 
28875 28908 29997 29964 
28908 28941 30030 29997 
28941 28974 30063 30030 
28974 29007 30096 30063 
29007 29040 30129 30096 
29040 29073 30162 30129 
29073 29106 30195 30162 
29106 29139 30228 30195 
29139 29172 30261 30228 
29172 29205 30294 30261 
29205 29238 30327 30294 
29238 29271 30360 30327 
29271 29304 30393 30360 
29304 29337 30426 30393 
29337 29370 30459 30426 
29403 29436 30525 30492 
29436 29469 30558 30525 
29469 29502 30591 30558 
29502 29535 30624 30591 
29535 29568 30657 30624 
29568 29601 30690 30657 
29601 29634 30723 30690 
29634 29667 30756 30723 
29667 29700 30789 30756 
29700 29733 30822 30789 
29733 29766 30855 30822 
29766 29799 30888 30855 
29799 29832 30921 30888 
29832 29865 30954 30921 
29865 29898 30987 30954 
29898 29931 31020 30987 
29931 29964 31053 31020 
29964 29997 31086 31053 
29997 30030 31119 31086 
30030 30063 31152 31119 
30063 30096 31185 31152 
30096 30129 31218 31185 
30129 30162 31251 31218 
30162 30195 31284 31251 
30195 30228 31317 31284 
30228 30261 31350 31317 
30261 30294 31383 31350 
30294 30327 31416 31383 
30327 30360 31449 31416 
30360 30393 31482 31449 
30393 30426 31515 31482 
30426 30459 31548 31515 
30492 30525 31614 31581 
30525 30558 31647 31614 
30558 30591 31680 31647 
30591 30624 31713 31680 
30624 30657 31746 31713 
30657 30690 31779 31746 
30690 30723 31812 31779 
30723 30756 31845 31812 
30756 30789 31878 31845 
30789 30822 31911 31878 
30822 30855 31944 31911 
30855 30888 31977 31944 
30888 30921 32010 31977 
30921 30954 32043 32010 
30954 30987 32076 32043 
30987 31020 32109 32076 
31020 31053 32142 32109 
31053 31086 32175 32142 
31086 31119 32208 32175 
31119 31152 32241 32208 
31152 31185 32274 32241 
31185 31218 32307 32274 
31218 31251 32340 32307 
31251 31284 32373 32340 
31284 31317 32406 32373 
31317 31350 32439 32406 
31350 31383 32472 32439 
31383 31416 32505 32472 
31416 31449 32538 32505 
31449 31482 32571 32538 
31482 31515 32604 32571 
31515 31548 32637 32604 
31581 31614 32703 32670 
31614 31647 32736 32703 
31647 31680 32769 32736 
31680 31713 32802 32769 
31713 31746 32835 32802 
31746 31779 32868 32835 
31779 31812 32901 32868 
31812 31845 32934 32901 
31845 31878 32967 32934 
31878 31911 33000 32967 
31911 31944 33033 33000 
31944 31977 33066 33033 
31977 32010 33099 33066 
32010 32043 33132 33099 
32043 32076 33165 33132 
32076 32109 33198 33165 
32109 32142 33231 33198 
32142 32175 33264 33231 
32175 32208 33297 33264 
32208 32241 33330 33297 
32241 32274 33363 33330 
32274 32307 33396 33363 
32307 32340 33429 33396 
32340 32373 33462 33429 
32373 32406 33495 33462 
32406 32439 33528 33495 
32439 32472 33561 33528 
32472 32505 33594 33561 
32505 32538 33627 33594 
32538 32571 33660 33627 
32571 32604 33693 33660 
32604 32637 33726 33693 
32670 32703 33792 33759 
32703 32736 33825 33792 
32736 32769 33858 33825 
32769 32802 33891 33858 
32802 32835 33924 33891 
32835 32868 33957 33924 
32868 32901 33990 33957 
32901 32934 34023 33990 
32934 32967 34056 34023 
32967 33000 34089 34056 
33000 33033 34122 34089 
33033 33066 34155 34122 
33066 33099 34188 34155 
33099 33132 34221 34188 
33132 33165 34254 34221 
33165 33198 34287 34254 
33198 33231 34320 34287 
33231 33264 34353 34320 
33264 33297 34386 34353 
33297 33330 34419 34386 
33330 33363 34452 34419 
33363 33396 34485 34452 
33396 33429 34518 34485 
33429 33462 34551 34518 
33462 33495 34584 34551 
33495 33528 34617 34584 
33528 33561 34650 34617 
33561 33594 34683 34650 
33594 33627 34716 34683 
33627 33660 34749 34716 
33660 33693 34782 34749 
33693 33726 34815 34782 
33759 33792 34881 34848 
33792 33825 34914 34881 
33825 33858 34947 34914 
33858 33891 34980 34947 
33891 33924 35013 34980 
33924 33957 35046 35013 
33957 33990 35079 35046 
33990 34023 35112 35079 
34023 34056 35145 35112 
34056 34089 35178 35145 
34089 34122 35211 35178 
34122 34155 35244 35211 
34155 34188 35277 35244 
34188 34221 35310 35277 
34221 34254 35343 35310 
34254 34287 35376 35343 
34287 34320 35409 35376 
34320 34353 35442 35409 
34353 34386 35475 35442 
34386 34419 35508 35475 
34419 34452 35541 35508 
34452 34485 35574 35541 
34485 34518 35607 35574 
34518 34551 35640 35607 
34551 34584 35673 35640 
34584 34617 35706 35673 
34617 34650 35739 35706 
34650 34683 35772 35739 
34683 34716 35805 35772 
34716 34749 35838 35805 
34749 34782 35871 35838 
34782 34815 35904 35871 
