0 0 0 0 0 0 
1 0 0 0 0 0 
2 0 0 0 0 0 
3 0 0 0 0 0 
4 0 0 0 0 0 
5 0 0 0 0 0 
6 0 0 0 0 0 
7 0 0 0 0 0 
8 0 0 0 0 0 
9 0 0 0 0 0 
10 0 0 0 0 0 
11 0 0 0 0 0 
0 1 1 0 0 0 
1 1 1 0 0 0 
2 1 1 0 0 0 
3 1 1 0 0 0 
4 1 1 0 0 0 
5 1 1 0 0 0 
6 1 1 0 0 0 
7 1 1 0 0 0 
8 1 1 0 0 0 
9 1 1 0 0 0 
10 1 1 0 0 0 
11 1 1 0 0 0 
0 2 2 0 0 0 
1 2 2 0 0 0 
2 2 2 0 0 0 
3 2 2 0 0 0 
4 2 2 0 0 0 
5 2 2 0 0 0 
6 2 2 0 0 0 
7 2 2 0 0 0 
8 2 2 0 0 0 
9 2 2 0 0 0 
10 2 2 0 0 0 
11 2 2 0 0 0 
0 3 3 0 0 0 
1 3 3 0 0 0 
2 3 3 0 0 0 
3 3 3 0 0 0 
4 3 3 0 0 0 
5 3 3 0 0 0 
6 3 3 0 0 0 
7 3 3 0 0 0 
8 3 3 0 0 0 
9 3 3 0 0 0 
10 3 3 0 0 0 
11 3 3 0 0 0 
0 4 4 0 0 0 
1 4 4 0 0 0 
2 4 4 0 0 0 
3 4 4 0 0 0 
4 4 4 0 0 0 
5 4 4 0 0 0 
6 4 4 0 0 0 
7 4 4 0 0 0 
8 4 4 0 0 0 
9 4 4 0 0 0 
10 4 4 0 0 0 
11 4 4 0 0 0 
0 5 5 0 0 0 
1 5 5 0 0 0 
2 5 5 0 0 0 
3 5 5 0 0 0 
4 5 5 0 0 0 
5 5 5 0 0 0 
6 5 5 0 0 0 
7 5 5 0 0 0 
8 5 5 0 0 0 
9 5 5 0 0 0 
10 5 5 0 0 0 
11 5 5 0 0 0 
0 6 6 0 0 0 
1 6 6 0 0 0 
2 6 6 0 0 0 
3 6 6 0 0 0 
4 6 6 0 0 0 
5 6 6 0 0 0 
6 6 6 0 0 0 
7 6 6 0 0 0 
8 6 6 0 0 0 
9 6 6 0 0 0 
10 6 6 0 0 0 
11 6 6 0 0 0 
0 7 7 0 0 0 
1 7 7 0 0 0 
2 7 7 0 0 0 
3 7 7 0 0 0 
4 7 7 0 0 0 
5 7 7 0 0 0 
6 7 7 0 0 0 
7 7 7 0 0 0 
8 7 7 0 0 0 
9 7 7 0 0 0 
10 7 7 0 0 0 
11 7 7 0 0 0 
0 8 8 0 0 0 
1 8 8 0 0 0 
2 8 8 0 0 0 
3 8 8 0 0 0 
4 8 8 0 0 0 
5 8 8 0 0 0 
6 8 8 0 0 0 
7 8 8 0 0 0 
8 8 8 0 0 0 
9 8 8 0 0 0 
10 8 8 0 0 0 
11 8 8 0 0 0 
0 9 9 0 0 0 
1 9 9 0 0 0 
2 9 9 0 0 0 
3 9 9 0 0 0 
4 9 9 0 0 0 
5 9 9 0 0 0 
6 9 9 0 0 0 
7 9 9 0 0 0 
8 9 9 0 0 0 
9 9 9 0 0 0 
10 9 9 0 0 0 
11 9 9 0 0 0 
0 10 10 0 0 0 
1 10 10 0 0 0 
2 10 10 0 0 0 
3 10 10 0 0 0 
4 10 10 0 0 0 
5 10 10 0 0 0 
6 10 10 0 0 0 
7 10 10 0 0 0 
8 10 10 0 0 0 
9 10 10 0 0 0 
10 10 10 0 0 0 
11 10 10 0 0 0 
0 11 11 0 0 0 
1 11 11 0 0 0 
2 11 11 0 0 0 
3 11 11 0 0 0 
4 11 11 0 0 0 
5 11 11 0 0 0 
6 11 11 0 0 0 
7 11 11 0 0 0 
8 11 11 0 0 0 
9 11 11 0 0 0 
10 11 11 0 0 0 
11 11 11 0 0 0 
0 0 0 0 0 0 
1 0 0 0 0 0 
2 0 0 0 0 0 
3 0 0 0 0 0 
4 0 0 0 0 0 
5 0 0 0 0 0 
6 0 0 0 0 0 
7 0 0 0 0 0 
8 0 0 0 0 0 
9 0 0 0 0 0 
10 0 0 0 0 0 
11 0 0 0 0 0 
0 1 1 0 0 0 
1 1 1 0 0 0 
2 1 1 0 0 0 
3 1 1 0 0 0 
4 1 1 0 0 0 
5 1 1 0 0 0 
6 1 1 0 0 0 
7 1 1 0 0 0 
8 1 1 0 0 0 
9 1 1 0 0 0 
10 1 1 0 0 0 
11 1 1 0 0 0 
0 2 2 0 0 0 
1 2 2 0 0 0 
2 2 2 0 0 0 
3 2 2 0 0 0 
4 2 2 0 0 0 
5 2 2 0 0 0 
6 2 2 0 0 0 
7 2 2 0 0 0 
8 2 2 0 0 0 
9 2 2 0 0 0 
10 2 2 0 0 0 
11 2 2 0 0 0 
0 3 3 0 0 0 
1 3 3 0 0 0 
2 3 3 0 0 0 
3 3 3 0 0 0 
4 3 3 0 0 0 
5 3 3 0 0 0 
6 3 3 0 0 0 
7 3 3 0 0 0 
8 3 3 0 0 0 
9 3 3 0 0 0 
10 3 3 0 0 0 
11 3 3 0 0 0 
0 4 4 0 0 0 
1 4 4 0 0 0 
2 4 4 0 0 0 
3 4 4 0 0 0 
4 4 4 0 0 0 
5 4 4 0 0 0 
6 4 4 0 0 0 
7 4 4 0 0 0 
8 4 4 0 0 0 
9 4 4 0 0 0 
10 4 4 0 0 0 
11 4 4 0 0 0 
0 5 5 0 0 0 
1 5 5 0 0 0 
2 5 5 0 0 0 
3 5 5 0 0 0 
4 5 5 0 0 0 
5 5 5 0 0 0 
6 5 5 0 0 0 
7 5 5 0 0 0 
8 5 5 0 0 0 
9 5 5 0 0 0 
10 5 5 0 0 0 
11 5 5 0 0 0 
0 6 6 0 0 0 
1 6 6 0 0 0 
2 6 6 0 0 0 
3 6 6 0 0 0 
4 6 6 0 0 0 
5 6 6 0 0 0 
6 6 6 0 0 0 
7 6 6 0 0 0 
8 6 6 0 0 0 
9 6 6 0 0 0 
10 6 6 0 0 0 
11 6 6 0 0 0 
0 7 7 0 0 0 
1 7 7 0 0 0 
2 7 7 0 0 0 
3 7 7 0 0 0 
4 7 7 0 0 0 
5 7 7 0 0 0 
6 7 7 0 0 0 
7 7 7 0 0 0 
8 7 7 0 0 0 
9 7 7 0 0 0 
10 7 7 0 0 0 
11 7 7 0 0 0 
0 8 8 0 0 0 
1 8 8 0 0 0 
2 8 8 0 0 0 
3 8 8 0 0 0 
4 8 8 0 0 0 
5 8 8 0 0 0 
6 8 8 0 0 0 
7 8 8 0 0 0 
8 8 8 0 0 0 
9 8 8 0 0 0 
10 8 8 0 0 0 
11 8 8 0 0 0 
0 9 9 0 0 0 
1 9 9 0 0 0 
2 9 9 0 0 0 
3 9 9 0 0 0 
4 9 9 0 0 0 
5 9 9 0 0 0 
6 9 9 0 0 0 
7 9 9 0 0 0 
8 9 9 0 0 0 
9 9 9 0 0 0 
10 9 9 0 0 0 
11 9 9 0 0 0 
0 10 10 0 0 0 
1 10 10 0 0 0 
2 10 10 0 0 0 
3 10 10 0 0 0 
4 10 10 0 0 0 
5 10 10 0 0 0 
6 10 10 0 0 0 
7 10 10 0 0 0 
8 10 10 0 0 0 
9 10 10 0 0 0 
10 10 10 0 0 0 
11 10 10 0 0 0 
0 11 11 0 0 0 
1 11 11 0 0 0 
2 11 11 0 0 0 
3 11 11 0 0 0 
4 11 11 0 0 0 
5 11 11 0 0 0 
6 11 11 0 0 0 
7 11 11 0 0 0 
8 11 11 0 0 0 
9 11 11 0 0 0 
10 11 11 0 0 0 
11 11 11 0 0 0 
0 0 0 0 0 0 
1 0 0 0 0 0 
2 0 0 0 0 0 
3 0 0 0 0 0 
4 0 0 0 0 0 
5 0 0 0 0 0 
6 0 0 0 0 0 
7 0 0 0 0 0 
8 0 0 0 0 0 
9 0 0 0 0 0 
10 0 0 0 0 0 
11 0 0 0 0 0 
0 1 1 0 0 0 
1 1 1 0 0 0 
2 1 1 0 0 0 
3 1 1 0 0 0 
4 1 1 0 0 0 
5 1 1 0 0 0 
6 1 1 0 0 0 
7 1 1 0 0 0 
8 1 1 0 0 0 
9 1 1 0 0 0 
10 1 1 0 0 0 
11 1 1 0 0 0 
0 2 2 0 0 0 
1 2 2 0 0 0 
2 2 2 0 0 0 
3 2 2 0 0 0 
4 2 2 0 0 0 
5 2 2 0 0 0 
6 2 2 0 0 0 
7 2 2 0 0 0 
8 2 2 0 0 0 
9 2 2 0 0 0 
10 2 2 0 0 0 
11 2 2 0 0 0 
0 3 3 0 0 0 
1 3 3 0 0 0 
2 3 3 0 0 0 
3 3 3 0 0 0 
4 3 3 0 0 0 
5 3 3 0 0 0 
6 3 3 0 0 0 
7 3 3 0 0 0 
8 3 3 0 0 0 
9 3 3 0 0 0 
10 3 3 0 0 0 
11 3 3 0 0 0 
0 4 4 0 0 0 
1 4 4 0 0 0 
2 4 4 0 0 0 
3 4 4 0 0 0 
4 4 4 0 0 0 
5 4 4 0 0 0 
6 4 4 0 0 0 
7 4 4 0 0 0 
8 4 4 0 0 0 
9 4 4 0 0 0 
10 4 4 0 0 0 
11 4 4 0 0 0 
0 5 5 0 0 0 
1 5 5 0 0 0 
2 5 5 0 0 0 
3 5 5 0 0 0 
4 5 5 0 0 0 
5 5 5 0 0 0 
6 5 5 0 0 0 
7 5 5 0 0 0 
8 5 5 0 0 0 
9 5 5 0 0 0 
10 5 5 0 0 0 
11 5 5 0 0 0 
0 6 6 0 0 0 
1 6 6 0 0 0 
2 6 6 0 0 0 
3 6 6 0 0 0 
4 6 6 0 0 0 
5 6 6 0 0 0 
6 6 6 0 0 0 
7 6 6 0 0 0 
8 6 6 0 0 0 
9 6 6 0 0 0 
10 6 6 0 0 0 
11 6 6 0 0 0 
0 7 7 0 0 0 
1 7 7 0 0 0 
2 7 7 0 0 0 
3 7 7 0 0 0 
4 7 7 0 0 0 
5 7 7 0 0 0 
6 7 7 0 0 0 
7 7 7 0 0 0 
8 7 7 0 0 0 
9 7 7 0 0 0 
10 7 7 0 0 0 
11 7 7 0 0 0 
0 8 8 0 0 0 
1 8 8 0 0 0 
2 8 8 0 0 0 
3 8 8 0 0 0 
4 8 8 0 0 0 
5 8 8 0 0 0 
6 8 8 0 0 0 
7 8 8 0 0 0 
8 8 8 0 0 0 
9 8 8 0 0 0 
10 8 8 0 0 0 
11 8 8 0 0 0 
0 9 9 0 0 0 
1 9 9 0 0 0 
2 9 9 0 0 0 
3 9 9 0 0 0 
4 9 9 0 0 0 
5 9 9 0 0 0 
6 9 9 0 0 0 
7 9 9 0 0 0 
8 9 9 0 0 0 
9 9 9 0 0 0 
10 9 9 0 0 0 
11 9 9 0 0 0 
0 10 10 0 0 0 
1 10 10 0 0 0 
2 10 10 0 0 0 
3 10 10 0 0 0 
4 10 10 0 0 0 
5 10 10 0 0 0 
6 10 10 0 0 0 
7 10 10 0 0 0 
8 10 10 0 0 0 
9 10 10 0 0 0 
10 10 10 0 0 0 
11 10 10 0 0 0 
0 11 11 0 0 0 
1 11 11 0 0 0 
2 11 11 0 0 0 
3 11 11 0 0 0 
4 11 11 0 0 0 
5 11 11 0 0 0 
6 11 11 0 0 0 
7 11 11 0 0 0 
8 11 11 0 0 0 
9 11 11 0 0 0 
10 11 11 0 0 0 
11 11 11 0 0 0 
0 0 0 0 0 0 
1 0 0 0 0 0 
2 0 0 0 0 0 
3 0 0 0 0 0 
4 0 0 0 0 0 
5 0 0 0 0 0 
6 0 0 0 0 0 
7 0 0 0 0 0 
8 0 0 0 0 0 
9 0 0 0 0 0 
10 0 0 0 0 0 
11 0 0 0 0 0 
0 1 1 0 0 0 
1 1 1 0 0 0 
2 1 1 0 0 0 
3 1 1 0 0 0 
4 1 1 0 0 0 
5 1 1 0 0 0 
6 1 1 0 0 0 
7 1 1 0 0 0 
8 1 1 0 0 0 
9 1 1 0 0 0 
10 1 1 0 0 0 
11 1 1 0 0 0 
0 2 2 0 0 0 
1 2 2 0 0 0 
2 2 2 0 0 0 
3 2 2 0 0 0 
4 2 2 0 0 0 
5 2 2 0 0 0 
6 2 2 0 0 0 
7 2 2 0 0 0 
8 2 2 0 0 0 
9 2 2 0 0 0 
10 2 2 0 0 0 
11 2 2 0 0 0 
0 3 3 0.119991 2.80791e-05 2.05928e-05 
1 3 3 0.119555 2.86271e-05 3.26263e-05 
2 3 3 0.119084 3.12788e-05 3.32602e-05 
3 3 3 0.118773 3.25398e-05 3.06456e-05 
4 3 3 0.118339 3.20609e-05 2.60779e-05 
5 3 3 0.117934 2.33539e-05 3.52825e-05 
6 3 3 0.117676 2.11659e-05 3.34878e-05 
7 3 3 0.117337 2.0698e-05 2.65508e-05 
8 3 3 0.117033 1.53624e-05 2.7703e-05 
9 3 3 0.116844 1.29666e-05 3.12206e-05 
10 3 3 0.116614 -6.03448e-05 -7.55783e-05 
11 3 3 0.115499 -0.000587037 -0.000627852 
0 4 4 0.667912 0.000273878 0.000500471 
1 4 4 0.625126 0.000273649 0.000522512 
2 4 4 0.663467 0.00027634 0.000544511 
3 4 4 0.661274 0.000269904 0.00050736 
4 4 4 0.619155 0.000249208 0.000437413 
5 4 4 0.657492 0.000224097 0.000432157 
6 4 4 0.6558 0.000194298 0.000393809 
7 4 4 0.614505 0.000172479 0.000333015 
8 4 4 0.652964 0.000162358 0.000327952 
9 4 4 0.651538 0.000175775 0.000372853 
10 4 4 0.610323 0.000486249 0.000630403 
11 4 4 0.664228 -0.00119738 -0.00250908 
0 5 5 1.16453 0.000106657 0.0014303 
1 5 5 1.10982 0.000174383 0.00139184 
2 5 5 1.15758 0.000173595 0.00145528 
3 5 5 1.15431 0.000185016 0.00136651 
4 5 5 1.10029 0.000194832 0.00116106 
5 5 5 1.14846 0.00016794 0.00113213 
6 5 5 1.14596 0.000153933 0.00102698 
7 5 5 1.09293 0.000153517 0.000854069 
8 5 5 1.14161 0.000160091 0.000833936 
9 5 5 1.13965 0.000231668 0.000839716 
10 5 5 1.08694 0.000537249 0.0016724 
11 5 5 1.14422 -0.00060192 -0.00304371 
0 6 6 1.16509 -0.000423578 0.00143171 
1 6 6 1.1102 -0.000382992 0.00137011 
2 6 6 1.15803 -0.000319733 0.00143936 
3 6 6 1.15473 -0.000277516 0.00135669 
4 6 6 1.1006 -0.000245003 0.0011564 
5 6 6 1.14886 -0.000200172 0.00113067 
6 6 6 1.14636 -0.000175828 0.00102656 
7 6 6 1.09323 -0.000147114 0.000856932 
8 6 6 1.14204 -9.17011e-05 0.000830886 
9 6 6 1.14029 -4.11503e-05 0.000784175 
10 6 6 1.08771 -0.000450806 0.00164347 
11 6 6 1.14498 0.000458833 -0.00297376 
0 7 7 0.673055 -0.000404673 0.000483126 
1 7 7 0.630246 -0.000370855 0.000491132 
2 7 7 0.668419 -0.000334776 0.000531748 
3 7 7 0.666169 -0.000300282 0.000502135 
4 7 7 0.624099 -0.00026548 0.000438522 
5 7 7 0.662319 -0.000240674 0.000429964 
6 7 7 0.660625 -0.000210085 0.000391798 
7 7 7 0.619409 -0.000176155 0.000337331 
8 7 7 0.657799 -0.000150747 0.00032657 
9 7 7 0.656586 -0.000145453 0.000304396 
10 7 7 0.615686 -0.000447178 0.000596887 
11 7 7 0.66904 0.00119196 -0.00239778 
0 8 8 0.124192 -4.32369e-05 8.87953e-06 
1 8 8 0.123729 -3.8196e-05 2.90407e-05 
2 8 8 0.123208 -3.08201e-05 4.05441e-05 
3 8 8 0.122879 -3.24227e-05 3.31287e-05 
4 8 8 0.122425 -3.19652e-05 3.03564e-05 
5 8 8 0.122008 -2.81385e-05 3.01756e-05 
6 8 8 0.121751 -2.55346e-05 2.93753e-05 
7 8 8 0.1214 -2.17708e-05 2.74496e-05 
8 8 8 0.121086 -1.9447e-05 2.57454e-05 
9 8 8 0.120883 -2.19994e-05 2.77312e-05 
10 8 8 0.120628 7.08513e-05 -6.77781e-05 
11 8 8 0.119547 0.000640588 -0.00062604 
0 9 9 0 0 0 
1 9 9 0 0 0 
2 9 9 0 0 0 
3 9 9 0 0 0 
4 9 9 0 0 0 
5 9 9 0 0 0 
6 9 9 0 0 0 
7 9 9 0 0 0 
8 9 9 0 0 0 
9 9 9 0 0 0 
10 9 9 0 0 0 
11 9 9 0 0 0 
0 10 10 0 0 0 
1 10 10 0 0 0 
2 10 10 0 0 0 
3 10 10 0 0 0 
4 10 10 0 0 0 
5 10 10 0 0 0 
6 10 10 0 0 0 
7 10 10 0 0 0 
8 10 10 0 0 0 
9 10 10 0 0 0 
10 10 10 0 0 0 
11 10 10 0 0 0 
0 11 11 0 0 0 
1 11 11 0 0 0 
2 11 11 0 0 0 
3 11 11 0 0 0 
4 11 11 0 0 0 
5 11 11 0 0 0 
6 11 11 0 0 0 
7 11 11 0 0 0 
8 11 11 0 0 0 
9 11 11 0 0 0 
10 11 11 0 0 0 
11 11 11 0 0 0 
0 0 0 0 0 0 
1 0 0 0 0 0 
2 0 0 0 0 0 
3 0 0 0 0 0 
4 0 0 0 0 0 
5 0 0 0 0 0 
6 0 0 0 0 0 
7 0 0 0 0 0 
8 0 0 0 0 0 
9 0 0 0 0 0 
10 0 0 0 0 0 
11 0 0 0 0 0 
0 1 1 0 0 0 
1 1 1 0 0 0 
2 1 1 0 0 0 
3 1 1 0 0 0 
4 1 1 0 0 0 
5 1 1 0 0 0 
6 1 1 0 0 0 
7 1 1 0 0 0 
8 1 1 0 0 0 
9 1 1 0 0 0 
10 1 1 0 0 0 
11 1 1 0 0 0 
0 2 2 0 0 0 
1 2 2 0 0 0 
2 2 2 0 0 0 
3 2 2 0 0 0 
4 2 2 0 0 0 
5 2 2 0 0 0 
6 2 2 0 0 0 
7 2 2 0 0 0 
8 2 2 0 0 0 
9 2 2 0 0 0 
10 2 2 0 0 0 
11 2 2 0 0 0 
0 3 3 0.668291 0.000567061 0.000239944 
1 3 3 0.625498 0.000537709 0.000269553 
2 3 3 0.663753 0.000548567 0.000279462 
3 3 3 0.661546 0.000517214 0.000266827 
4 3 3 0.619403 0.000477591 0.000247177 
5 3 3 0.657577 0.000427713 0.00023988 
6 3 3 0.65603 0.000340466 0.000220961 
7 3 3 0.614871 0.000303638 0.000204901 
8 3 3 0.653302 0.000289214 0.000203472 
9 3 3 0.652093 0.0002646 0.000207485 
10 3 3 0.61118 0.000585924 0.00046357 
11 3 3 0.66481 -0.00235544 -0.00123472 
0 4 4 1.51249 0.00176518 0.00169019 
1 4 4 1.51956 0.00178455 0.00174946 
2 4 4 1.50721 0.00172025 0.00170587 
3 4 4 1.50417 0.00160374 0.00158694 
4 4 4 1.51124 0.00148958 0.00146117 
5 4 4 1.4997 0.00133385 0.00133574 
6 4 4 1.49739 0.00115482 0.00120445 
7 4 4 1.50481 0.00104038 0.00109288 
8 4 4 1.49409 0.000936671 0.000999199 
9 4 4 1.49236 0.00086417 0.000971105 
10 4 4 1.4998 0.00166417 0.00169932 
11 4 4 1.52291 -0.00156496 -0.00165193 
0 5 5 2.21499 0.00135424 0.00378229 
1 5 5 2.21803 0.00140994 0.00390214 
2 5 5 2.21382 0.00135288 0.00379058 
3 5 5 2.21322 0.00126409 0.00352555 
4 5 5 2.21663 0.00119101 0.00324829 
5 5 5 2.21214 0.00106923 0.00294964 
6 5 5 2.21164 0.000941339 0.00263438 
7 5 5 2.21543 0.000866599 0.00237886 
8 5 5 2.21073 0.000791341 0.00214682 
9 5 5 2.21028 0.000770001 0.00200747 
10 5 5 2.21453 0.00095012 0.00234425 
11 5 5 2.19185 -0.000510973 -0.00162206 
0 6 6 2.21672 -0.00163454 0.00374797 
1 6 6 2.21969 -0.00167202 0.00384751 
2 6 6 2.21541 -0.00157796 0.00374158 
3 6 6 2.21474 -0.00144575 0.0034863 
4 6 6 2.21808 -0.00133775 0.0032193 
5 6 6 2.21354 -0.00118949 0.0029308 
6 6 6 2.21301 -0.00103963 0.00262407 
7 6 6 2.21678 -0.000926849 0.0023763 
8 6 6 2.21208 -0.000787111 0.00214265 
9 6 6 2.21172 -0.000671487 0.00196202 
10 6 6 2.21608 -0.000867785 0.00232644 
11 6 6 2.19335 0.000493329 -0.00155854 
0 7 7 1.51642 -0.00192578 0.00162505 
1 7 7 1.52356 -0.00194746 0.00167833 
2 7 7 1.51089 -0.00181375 0.00164395 
3 7 7 1.50776 -0.00166911 0.0015404 
4 7 7 1.51498 -0.00153352 0.00142843 
5 7 7 1.50318 -0.00138377 0.00131622 
6 7 7 1.5008 -0.00121889 0.00119472 
7 7 7 1.50839 -0.00107992 0.00109068 
8 7 7 1.49745 -0.000952023 0.000992219 
9 7 7 1.49577 -0.000864189 0.000926042 
10 7 7 1.5035 -0.00162465 0.00168458 
11 7 7 1.52619 0.00161342 -0.00156228 
0 8 8 0.670782 -0.000637733 0.000209595 
1 8 8 0.627778 -0.00060413 0.000244905 
2 8 8 0.666011 -0.000516375 0.000250282 
3 8 8 0.663929 -0.000501835 0.000250476 
4 8 8 0.621875 -0.00044794 0.000234976 
5 8 8 0.660112 -0.000429534 0.000232274 
6 8 8 0.658417 -0.000381905 0.000221312 
7 8 8 0.617195 -0.000319702 0.000200963 
8 8 8 0.655605 -0.00030215 0.000191364 
9 8 8 0.654392 -0.000278288 0.000190727 
10 8 8 0.613485 -0.00057718 0.000475065 
11 8 8 0.667095 0.00241657 -0.00117996 
0 9 9 0 0 0 
1 9 9 0 0 0 
2 9 9 0 0 0 
3 9 9 0 0 0 
4 9 9 0 0 0 
5 9 9 0 0 0 
6 9 9 0 0 0 
7 9 9 0 0 0 
8 9 9 0 0 0 
9 9 9 0 0 0 
10 9 9 0 0 0 
11 9 9 0 0 0 
0 10 10 0 0 0 
1 10 10 0 0 0 
2 10 10 0 0 0 
3 10 10 0 0 0 
4 10 10 0 0 0 
5 10 10 0 0 0 
6 10 10 0 0 0 
7 10 10 0 0 0 
8 10 10 0 0 0 
9 10 10 0 0 0 
10 10 10 0 0 0 
11 10 10 0 0 0 
0 11 11 0 0 0 
1 11 11 0 0 0 
2 11 11 0 0 0 
3 11 11 0 0 0 
4 11 11 0 0 0 
5 11 11 0 0 0 
6 11 11 0 0 0 
7 11 11 0 0 0 
8 11 11 0 0 0 
9 11 11 0 0 0 
10 11 11 0 0 0 
11 11 11 0 0 0 
0 0 0 0 0 0 
1 0 0 0 0 0 
2 0 0 0 0 0 
3 0 0 0 0 0 
4 0 0 0 0 0 
5 0 0 0 0 0 
6 0 0 0 0 0 
7 0 0 0 0 0 
8 0 0 0 0 0 
9 0 0 0 0 0 
10 0 0 0 0 0 
11 0 0 0 0 0 
0 1 1 0 0 0 
1 1 1 0 0 0 
2 1 1 0 0 0 
3 1 1 0 0 0 
4 1 1 0 0 0 
5 1 1 0 0 0 
6 1 1 0 0 0 
7 1 1 0 0 0 
8 1 1 0 0 0 
9 1 1 0 0 0 
10 1 1 0 0 0 
11 1 1 0 0 0 
0 2 2 0 0 0 
1 2 2 0 0 0 
2 2 2 0 0 0 
3 2 2 0 0 0 
4 2 2 0 0 0 
5 2 2 0 0 0 
6 2 2 0 0 0 
7 2 2 0 0 0 
8 2 2 0 0 0 
9 2 2 0 0 0 
10 2 2 0 0 0 
11 2 2 0 0 0 
0 3 3 1.16269 0.0015019 0.000121104 
1 3 3 1.10798 0.00141887 0.000165728 
2 3 3 1.15562 0.00146579 0.000168193 
3 3 3 1.15233 0.00137841 0.000191458 
4 3 3 1.09831 0.0012004 0.000217172 
5 3 3 1.14636 0.0011362 0.000160288 
6 3 3 1.14397 0.000986579 0.000121789 
7 3 3 1.09112 0.000816989 0.000184744 
8 3 3 1.13976 0.000785952 0.000194853 
9 3 3 1.13801 0.000732261 0.000185287 
10 3 3 1.08559 0.00161653 0.000517858 
11 3 3 1.14272 -0.00294352 -0.000524171 
0 4 4 2.2139 0.00386039 0.00133313 
1 4 4 2.21683 0.00394627 0.00138705 
2 4 4 2.21265 0.00381412 0.00133829 
3 4 4 2.21203 0.00354682 0.00125664 
4 4 4 2.21534 0.00328684 0.00119137 
5 4 4 2.21089 0.00296048 0.00106331 
6 4 4 2.21046 0.00259522 0.000940401 
7 4 4 2.21422 0.00232981 0.000902922 
8 4 4 2.20962 0.00208218 0.000837561 
9 4 4 2.20927 0.00188989 0.000788653 
10 4 4 2.21354 0.00227803 0.000959461 
11 4 4 2.19096 -0.00156157 -0.000490066 
0 5 5 3.27429 0.00335556 0.00331581 
1 5 5 3.28695 0.00358705 0.0035498 
2 5 5 3.2927 0.00332518 0.00329946 
3 5 5 3.30352 0.0030937 0.00307351 
4 5 5 3.31527 0.00296065 0.00293944 
5 5 5 3.3192 0.00255884 0.00254657 
6 5 5 3.32753 0.00227483 0.00228309 
7 5 5 3.33722 0.00212099 0.00215209 
8 5 5 3.33893 0.00182315 0.0018677 
9 5 5 3.34941 0.00163396 0.00168588 
10 5 5 3.3531 0.00166415 0.00170229 
11 5 5 3.35992 2.98395e-05 3.33814e-05 
0 6 6 3.27566 -0.0033349 0.00329699 
1 6 6 3.28833 -0.00363853 0.00351404 
2 6 6 3.29396 -0.00341726 0.00325979 
3 6 6 3.30469 -0.00322485 0.00303034 
4 6 6 3.31636 -0.00310825 0.00289791 
5 6 6 3.32014 -0.00271405 0.00252431 
6 6 6 3.32836 -0.00243475 0.002273 
7 6 6 3.33802 -0.00226345 0.00214482 
8 6 6 3.33966 -0.00192015 0.00185996 
9 6 6 3.35012 -0.00167229 0.00167163 
10 6 6 3.35385 -0.00165769 0.00169598 
11 6 6 3.36064 -4.8251e-06 5.40662e-05 
0 7 7 2.21638 -0.00389654 0.00133299 
1 7 7 2.21923 -0.00400925 0.00135495 
2 7 7 2.21488 -0.00384374 0.00126598 
3 7 7 2.21414 -0.00358059 0.00118496 
4 7 7 2.2174 -0.00331671 0.00113115 
5 7 7 2.21279 -0.00301467 0.00104253 
6 7 7 2.21219 -0.00268091 0.000955299 
7 7 7 2.21592 -0.00240564 0.000896257 
8 7 7 2.21121 -0.00214178 0.000813679 
9 7 7 2.21084 -0.00192856 0.000748941 
10 7 7 2.2152 -0.00228329 0.000950673 
11 7 7 2.19253 0.00159941 -0.000432037 
0 8 8 1.1643 -0.00154419 0.000180092 
1 8 8 1.10927 -0.0014661 0.00016548 
2 8 8 1.15697 -0.00143669 9.48388e-05 
3 8 8 1.15372 -0.0013535 0.00012535 
4 8 8 1.09965 -0.00116612 0.00016871 
5 8 8 1.14778 -0.00113762 0.000168398 
6 8 8 1.14525 -0.00102809 0.000173574 
7 8 8 1.09223 -0.000849649 0.000175633 
8 8 8 1.14095 -0.000815969 0.000154034 
9 8 8 1.1392 -0.000759727 0.000129907 
10 8 8 1.08671 -0.00162162 0.000510818 
11 8 8 1.14396 0.00297652 -0.000455702 
0 9 9 0 0 0 
1 9 9 0 0 0 
2 9 9 0 0 0 
3 9 9 0 0 0 
4 9 9 0 0 0 
5 9 9 0 0 0 
6 9 9 0 0 0 
7 9 9 0 0 0 
8 9 9 0 0 0 
9 9 9 0 0 0 
10 9 9 0 0 0 
11 9 9 0 0 0 
0 10 10 0 0 0 
1 10 10 0 0 0 
2 10 10 0 0 0 
3 10 10 0 0 0 
4 10 10 0 0 0 
5 10 10 0 0 0 
6 10 10 0 0 0 
7 10 10 0 0 0 
8 10 10 0 0 0 
9 10 10 0 0 0 
10 10 10 0 0 0 
11 10 10 0 0 0 
0 11 11 0 0 0 
1 11 11 0 0 0 
2 11 11 0 0 0 
3 11 11 0 0 0 
4 11 11 0 0 0 
5 11 11 0 0 0 
6 11 11 0 0 0 
7 11 11 0 0 0 
8 11 11 0 0 0 
9 11 11 0 0 0 
10 11 11 0 0 0 
11 11 11 0 0 0 
0 0 0 0 0 0 
1 0 0 0 0 0 
2 0 0 0 0 0 
3 0 0 0 0 0 
4 0 0 0 0 0 
5 0 0 0 0 0 
6 0 0 0 0 0 
7 0 0 0 0 0 
8 0 0 0 0 0 
9 0 0 0 0 0 
10 0 0 0 0 0 
11 0 0 0 0 0 
0 1 1 0 0 0 
1 1 1 0 0 0 
2 1 1 0 0 0 
3 1 1 0 0 0 
4 1 1 0 0 0 
5 1 1 0 0 0 
6 1 1 0 0 0 
7 1 1 0 0 0 
8 1 1 0 0 0 
9 1 1 0 0 0 
10 1 1 0 0 0 
11 1 1 0 0 0 
0 2 2 0 0 0 
1 2 2 0 0 0 
2 2 2 0 0 0 
3 2 2 0 0 0 
4 2 2 0 0 0 
5 2 2 0 0 0 
6 2 2 0 0 0 
7 2 2 0 0 0 
8 2 2 0 0 0 
9 2 2 0 0 0 
10 2 2 0 0 0 
11 2 2 0 0 0 
0 3 3 1.1628 0.00144893 -0.000391927 
1 3 3 1.10809 0.0013755 -0.000386382 
2 3 3 1.1557 0.00144464 -0.000321617 
3 3 3 1.15239 0.00136257 -0.000263478 
4 3 3 1.09845 0.0011649 -0.000220164 
5 3 3 1.1465 0.00114518 -0.000219401 
6 3 3 1.1439 0.00104461 -0.000227346 
7 3 3 1.09098 0.000825555 -0.000148164 
8 3 3 1.13972 0.000778504 -8.05365e-05 
9 3 3 1.13801 0.000742464 -9.39952e-05 
10 3 3 1.08559 0.0016252 -0.000455422 
11 3 3 1.14273 -0.00294321 0.000559505 
0 4 4 2.21429 0.00375937 -0.00162251 
1 4 4 2.21721 0.00385229 -0.0016794 
2 4 4 2.21298 0.00374795 -0.00157776 
3 4 4 2.21227 0.00349377 -0.00143264 
4 4 4 2.21554 0.00322779 -0.00131948 
5 4 4 2.21106 0.00294089 -0.00119496 
6 4 4 2.21049 0.00263053 -0.00106787 
7 4 4 2.21421 0.00233823 -0.000929016 
8 4 4 2.20962 0.00208156 -0.000784859 
9 4 4 2.20928 0.00190931 -0.000694353 
10 4 4 2.21355 0.00229787 -0.000869011 
11 4 4 2.19098 -0.00155423 0.000546805 
0 5 5 3.27509 0.00331178 -0.0033622 
1 5 5 3.28774 0.00352823 -0.00366829 
2 5 5 3.29338 0.00327093 -0.00343121 
3 5 5 3.30408 0.00303802 -0.00322824 
4 5 5 3.3157 0.00290524 -0.00310992 
5 5 5 3.31949 0.0025317 -0.00272046 
6 5 5 3.32771 0.00226875 -0.00243887 
7 5 5 3.33735 0.00211892 -0.00225876 
8 5 5 3.339 0.00182099 -0.00191021 
9 5 5 3.34945 0.00163429 -0.00166334 
10 5 5 3.35312 0.00167146 -0.0016514 
11 5 5 3.35995 4.01557e-05 3.41044e-06 
0 6 6 3.27645 -0.00324335 -0.00328805 
1 6 6 3.28912 -0.00353935 -0.0035834 
2 6 6 3.29465 -0.00336041 -0.00338539 
3 6 6 3.30525 -0.00319069 -0.00320281 
4 6 6 3.3168 -0.00307864 -0.00308664 
5 6 6 3.32043 -0.0026998 -0.00270476 
6 6 6 3.32854 -0.00242765 -0.00242416 
7 6 6 3.33812 -0.00226534 -0.00225109 
8 6 6 3.33971 -0.00193691 -0.00191558 
9 6 6 3.35013 -0.00170236 -0.00167605 
10 6 6 3.35385 -0.0016888 -0.0016681 
11 6 6 3.36066 -1.28265e-05 -1.21632e-05 
0 7 7 2.21679 -0.0037513 -0.00147576 
1 7 7 2.2197 -0.00388557 -0.00155766 
2 7 7 2.21529 -0.00379046 -0.00153992 
3 7 7 2.21441 -0.00354823 -0.00143325 
4 7 7 2.21759 -0.00328901 -0.00132055 
5 7 7 2.2129 -0.0029981 -0.00117322 
6 7 7 2.21224 -0.00267742 -0.00102495 
7 7 7 2.21594 -0.00241374 -0.000921239 
8 7 7 2.2112 -0.00216291 -0.000804475 
9 7 7 2.21078 -0.00198459 -0.000737737 
10 7 7 2.21509 -0.00232595 -0.000905271 
11 7 7 2.19245 0.00160852 0.000535493 
0 8 8 1.16447 -0.00144375 -0.000258605 
1 8 8 1.10962 -0.00139327 -0.000314223 
2 8 8 1.15725 -0.00144511 -0.000353134 
3 8 8 1.15381 -0.0013587 -0.000307232 
4 8 8 1.09968 -0.00116442 -0.000250623 
5 8 8 1.14778 -0.00113904 -0.000195728 
6 8 8 1.14525 -0.0010325 -0.000166289 
7 8 8 1.09221 -0.000858749 -0.000146656 
8 8 8 1.14092 -0.000830285 -0.000121234 
9 8 8 1.13906 -0.00080758 -0.000159921 
10 8 8 1.08645 -0.00165443 -0.000488309 
11 8 8 1.14375 0.00301182 0.000603817 
0 9 9 0 0 0 
1 9 9 0 0 0 
2 9 9 0 0 0 
3 9 9 0 0 0 
4 9 9 0 0 0 
5 9 9 0 0 0 
6 9 9 0 0 0 
7 9 9 0 0 0 
8 9 9 0 0 0 
9 9 9 0 0 0 
10 9 9 0 0 0 
11 9 9 0 0 0 
0 10 10 0 0 0 
1 10 10 0 0 0 
2 10 10 0 0 0 
3 10 10 0 0 0 
4 10 10 0 0 0 
5 10 10 0 0 0 
6 10 10 0 0 0 
7 10 10 0 0 0 
8 10 10 0 0 0 
9 10 10 0 0 0 
10 10 10 0 0 0 
11 10 10 0 0 0 
0 11 11 0 0 0 
1 11 11 0 0 0 
2 11 11 0 0 0 
3 11 11 0 0 0 
4 11 11 0 0 0 
5 11 11 0 0 0 
6 11 11 0 0 0 
7 11 11 0 0 0 
8 11 11 0 0 0 
9 11 11 0 0 0 
10 11 11 0 0 0 
11 11 11 0 0 0 
0 0 0 0 0 0 
1 0 0 0 0 0 
2 0 0 0 0 0 
3 0 0 0 0 0 
4 0 0 0 0 0 
5 0 0 0 0 0 
6 0 0 0 0 0 
7 0 0 0 0 0 
8 0 0 0 0 0 
9 0 0 0 0 0 
10 0 0 0 0 0 
11 0 0 0 0 0 
0 1 1 0 0 0 
1 1 1 0 0 0 
2 1 1 0 0 0 
3 1 1 0 0 0 
4 1 1 0 0 0 
5 1 1 0 0 0 
6 1 1 0 0 0 
7 1 1 0 0 0 
8 1 1 0 0 0 
9 1 1 0 0 0 
10 1 1 0 0 0 
11 1 1 0 0 0 
0 2 2 0 0 0 
1 2 2 0 0 0 
2 2 2 0 0 0 
3 2 2 0 0 0 
4 2 2 0 0 0 
5 2 2 0 0 0 
6 2 2 0 0 0 
7 2 2 0 0 0 
8 2 2 0 0 0 
9 2 2 0 0 0 
10 2 2 0 0 0 
11 2 2 0 0 0 
0 3 3 0.66846 0.000476209 -0.000398523 
1 3 3 0.625659 0.000485689 -0.000370844 
2 3 3 0.663855 0.000536474 -0.000324261 
3 3 3 0.6616 0.000506328 -0.00028384 
4 3 3 0.619524 0.00043873 -0.000252261 
5 3 3 0.657767 0.00043523 -0.000237405 
6 3 3 0.655938 0.000415814 -0.000230372 
7 3 3 0.614736 0.00029918 -0.000189255 
8 3 3 0.653255 0.000285519 -0.000162237 
9 3 3 0.652082 0.000290165 -0.000154456 
10 3 3 0.611165 0.000595323 -0.000436024 
11 3 3 0.664837 -0.00237067 0.00123058 
0 4 4 1.51306 0.00160374 -0.0019464 
1 4 4 1.51998 0.0016692 -0.00196584 
2 4 4 1.50754 0.0016461 -0.00179335 
3 4 4 1.50442 0.00154025 -0.00164082 
4 4 4 1.51143 0.00142425 -0.00151403 
5 4 4 1.49985 0.00131619 -0.00137406 
6 4 4 1.49746 0.0011985 -0.00122578 
7 4 4 1.50484 0.00105551 -0.00109134 
8 4 4 1.49412 0.000946977 -0.000966479 
9 4 4 1.49244 0.000902964 -0.000869769 
10 4 4 1.49995 0.00167823 -0.00161979 
11 4 4 1.52306 -0.00156833 0.00163432 
0 5 5 2.21608 0.00133079 -0.00395098 
1 5 5 2.21889 0.00136102 -0.00405153 
2 5 5 2.21452 0.00125573 -0.00383581 
3 5 5 2.21379 0.00117184 -0.00356016 
4 5 5 2.21706 0.00112169 -0.00330545 
5 5 5 2.21243 0.00103674 -0.00301073 
6 5 5 2.21183 0.000946249 -0.00267996 
7 5 5 2.21557 0.000872245 -0.00240641 
8 5 5 2.21083 0.0007865 -0.00214046 
9 5 5 2.21044 0.000742735 -0.00191842 
10 5 5 2.21477 0.000944046 -0.00227294 
11 5 5 2.1921 -0.00046871 0.00159818 
0 6 6 2.21785 -0.0014317 -0.00382628 
1 6 6 2.22073 -0.00152207 -0.00393707 
2 6 6 2.21629 -0.00153965 -0.00381068 
3 6 6 2.21537 -0.00144728 -0.00355053 
4 6 6 2.21853 -0.00133151 -0.00328853 
5 6 6 2.21384 -0.00118217 -0.00299665 
6 6 6 2.21317 -0.00103632 -0.0026733 
7 6 6 2.21687 -0.000937691 -0.00240471 
8 6 6 2.21214 -0.000824769 -0.00214394 
9 6 6 2.21176 -0.00074776 -0.00192685 
10 6 6 2.2161 -0.000914366 -0.00228885 
11 6 6 2.19342 0.000519663 0.00157249 
0 7 7 1.51699 -0.00171045 -0.00177999 
1 7 7 1.52415 -0.0017786 -0.0018176 
2 7 7 1.51138 -0.0017509 -0.0017594 
3 7 7 1.5081 -0.00164229 -0.00163504 
4 7 7 1.51519 -0.00151233 -0.00150297 
5 7 7 1.50329 -0.00137209 -0.00136331 
6 7 7 1.50084 -0.00122143 -0.001213 
7 7 7 1.50839 -0.00109835 -0.00108663 
8 7 7 1.49744 -0.000990133 -0.000967887 
9 7 7 1.49573 -0.000938927 -0.000879666 
10 7 7 1.50343 -0.00167731 -0.00164959 
11 7 7 1.52617 0.00163282 0.00158713 
0 8 8 0.671003 -0.000503362 -0.000314419 
1 8 8 0.628176 -0.000514701 -0.00031689 
2 8 8 0.666346 -0.000537345 -0.000326188 
3 8 8 0.664041 -0.000508177 -0.000298107 
4 8 8 0.621908 -0.000446034 -0.000258406 
5 8 8 0.660112 -0.000432383 -0.000234985 
6 8 8 0.658407 -0.000389432 -0.000209766 
7 8 8 0.617183 -0.00033203 -0.000182601 
8 8 8 0.655582 -0.000323517 -0.000163439 
9 8 8 0.654254 -0.000341728 -0.000167793 
10 8 8 0.613213 -0.000617685 -0.00046405 
11 8 8 0.666869 0.00247203 0.00120664 
0 9 9 0 0 0 
1 9 9 0 0 0 
2 9 9 0 0 0 
3 9 9 0 0 0 
4 9 9 0 0 0 
5 9 9 0 0 0 
6 9 9 0 0 0 
7 9 9 0 0 0 
8 9 9 0 0 0 
9 9 9 0 0 0 
10 9 9 0 0 0 
11 9 9 0 0 0 
0 10 10 0 0 0 
1 10 10 0 0 0 
2 10 10 0 0 0 
3 10 10 0 0 0 
4 10 10 0 0 0 
5 10 10 0 0 0 
6 10 10 0 0 0 
7 10 10 0 0 0 
8 10 10 0 0 0 
9 10 10 0 0 0 
10 10 10 0 0 0 
11 10 10 0 0 0 
0 11 11 0 0 0 
1 11 11 0 0 0 
2 11 11 0 0 0 
3 11 11 0 0 0 
4 11 11 0 0 0 
5 11 11 0 0 0 
6 11 11 0 0 0 
7 11 11 0 0 0 
8 11 11 0 0 0 
9 11 11 0 0 0 
10 11 11 0 0 0 
11 11 11 0 0 0 
0 0 0 0 0 0 
1 0 0 0 0 0 
2 0 0 0 0 0 
3 0 0 0 0 0 
4 0 0 0 0 0 
5 0 0 0 0 0 
6 0 0 0 0 0 
7 0 0 0 0 0 
8 0 0 0 0 0 
9 0 0 0 0 0 
10 0 0 0 0 0 
11 0 0 0 0 0 
0 1 1 0 0 0 
1 1 1 0 0 0 
2 1 1 0 0 0 
3 1 1 0 0 0 
4 1 1 0 0 0 
5 1 1 0 0 0 
6 1 1 0 0 0 
7 1 1 0 0 0 
8 1 1 0 0 0 
9 1 1 0 0 0 
10 1 1 0 0 0 
11 1 1 0 0 0 
0 2 2 0 0 0 
1 2 2 0 0 0 
2 2 2 0 0 0 
3 2 2 0 0 0 
4 2 2 0 0 0 
5 2 2 0 0 0 
6 2 2 0 0 0 
7 2 2 0 0 0 
8 2 2 0 0 0 
9 2 2 0 0 0 
10 2 2 0 0 0 
11 2 2 0 0 0 
0 3 3 0.120041 1.85567e-06 -4.45373e-05 
1 3 3 0.119606 2.91366e-05 -3.60147e-05 
2 3 3 0.119084 4.61294e-05 -2.52994e-05 
3 3 3 0.118762 3.41422e-05 -2.86193e-05 
4 3 3 0.118331 2.81488e-05 -3.03706e-05 
5 3 3 0.117936 2.78093e-05 -2.55144e-05 
6 3 3 0.117694 2.59193e-05 -2.49955e-05 
7 3 3 0.117345 1.94852e-05 -3.09443e-05 
8 3 3 0.117031 2.22391e-05 -2.10377e-05 
9 3 3 0.116836 2.68479e-05 -2.0535e-05 
10 3 3 0.116594 -6.64652e-05 7.3345e-05 
11 3 3 0.115524 -0.000607725 0.000616327 
0 4 4 0.668065 0.000197084 -0.000677216 
1 4 4 0.624897 0.000246377 -0.00063062 
2 4 4 0.663228 0.00025404 -0.000478884 
3 4 4 0.661266 0.000248367 -0.000474828 
4 4 4 0.619188 0.000227931 -0.000439564 
5 4 4 0.657525 0.000226908 -0.000425031 
6 4 4 0.655842 0.000213818 -0.000380951 
7 4 4 0.614541 0.000182811 -0.000328759 
8 4 4 0.653012 0.000175635 -0.000308535 
9 4 4 0.651785 0.000189933 -0.000276704 
10 4 4 0.610801 0.000475132 -0.000571771 
11 4 4 0.664694 -0.00119964 0.00240385 
0 5 5 1.16506 0.000193949 -0.0016008 
1 5 5 1.10993 0.000183569 -0.00150566 
2 5 5 1.15762 6.83517e-05 -0.00141199 
3 5 5 1.15444 0.000100239 -0.00132625 
4 5 5 1.1004 0.00015703 -0.00115546 
5 5 5 1.14854 0.000162967 -0.00113449 
6 5 5 1.14602 0.000167092 -0.00102701 
7 5 5 1.09299 0.00016293 -0.000850192 
8 5 5 1.1417 0.000146103 -0.000813925 
9 5 5 1.13992 0.000156155 -0.000746471 
10 5 5 1.08741 0.000517293 -0.00161098 
11 5 5 1.14468 -0.000511105 0.00296651 
0 6 6 1.16576 -0.000227434 -0.00150697 
1 6 6 1.11076 -0.000290899 -0.00142513 
2 6 6 1.15844 -0.000381782 -0.00144839 
3 6 6 1.15496 -0.000337611 -0.00135175 
4 6 6 1.10072 -0.000266256 -0.00115892 
5 6 6 1.14892 -0.00020468 -0.00113563 
6 6 6 1.1464 -0.000174103 -0.00102974 
7 6 6 1.09327 -0.000156123 -0.000853949 
8 6 6 1.14209 -0.000130947 -0.000817219 
9 6 6 1.14033 -0.000132396 -0.000750491 
10 6 6 1.08772 -0.000481107 -0.00161898 
11 6 6 1.14505 0.000547898 0.00296319 
0 7 7 0.673339 -0.000276492 -0.0005565 
1 7 7 0.630473 -0.000308048 -0.00053149 
2 7 7 0.668606 -0.000340663 -0.00053679 
3 7 7 0.666276 -0.000315474 -0.000502899 
4 7 7 0.624147 -0.00026936 -0.000441785 
5 7 7 0.662335 -0.000242581 -0.000429529 
6 7 7 0.660628 -0.000214937 -0.000387534 
7 7 7 0.619414 -0.000189631 -0.000328809 
8 7 7 0.657807 -0.000180528 -0.000310051 
9 7 7 0.65659 -0.000188579 -0.000279064 
10 7 7 0.6157 -0.000459167 -0.000587045 
11 7 7 0.669075 0.0012253 0.00238513 
0 8 8 0.124213 -2.22877e-05 -3.063e-05 
1 8 8 0.123743 -3.39383e-05 -3.25679e-05 
2 8 8 0.123233 -3.68096e-05 -3.3407e-05 
3 8 8 0.122897 -3.51801e-05 -3.2686e-05 
4 8 8 0.122428 -3.21241e-05 -3.11171e-05 
5 8 8 0.122005 -2.87303e-05 -2.83975e-05 
6 8 8 0.121749 -2.68465e-05 -2.68297e-05 
7 8 8 0.121399 -2.5112e-05 -2.40653e-05 
8 8 8 0.121083 -2.55861e-05 -1.9521e-05 
9 8 8 0.120884 -2.94666e-05 -1.73119e-05 
10 8 8 0.12064 7.29141e-05 6.54059e-05 
11 8 8 0.119544 0.000649369 0.000615113 
0 9 9 0 0 0 
1 9 9 0 0 0 
2 9 9 0 0 0 
3 9 9 0 0 0 
4 9 9 0 0 0 
5 9 9 0 0 0 
6 9 9 0 0 0 
7 9 9 0 0 0 
8 9 9 0 0 0 
9 9 9 0 0 0 
10 9 9 0 0 0 
11 9 9 0 0 0 
0 10 10 0 0 0 
1 10 10 0 0 0 
2 10 10 0 0 0 
3 10 10 0 0 0 
4 10 10 0 0 0 
5 10 10 0 0 0 
6 10 10 0 0 0 
7 10 10 0 0 0 
8 10 10 0 0 0 
9 10 10 0 0 0 
10 10 10 0 0 0 
11 10 10 0 0 0 
0 11 11 0 0 0 
1 11 11 0 0 0 
2 11 11 0 0 0 
3 11 11 0 0 0 
4 11 11 0 0 0 
5 11 11 0 0 0 
6 11 11 0 0 0 
7 11 11 0 0 0 
8 11 11 0 0 0 
9 11 11 0 0 0 
10 11 11 0 0 0 
11 11 11 0 0 0 
0 0 0 0 0 0 
1 0 0 0 0 0 
2 0 0 0 0 0 
3 0 0 0 0 0 
4 0 0 0 0 0 
5 0 0 0 0 0 
6 0 0 0 0 0 
7 0 0 0 0 0 
8 0 0 0 0 0 
9 0 0 0 0 0 
10 0 0 0 0 0 
11 0 0 0 0 0 
0 1 1 0 0 0 
1 1 1 0 0 0 
2 1 1 0 0 0 
3 1 1 0 0 0 
4 1 1 0 0 0 
5 1 1 0 0 0 
6 1 1 0 0 0 
7 1 1 0 0 0 
8 1 1 0 0 0 
9 1 1 0 0 0 
10 1 1 0 0 0 
11 1 1 0 0 0 
0 2 2 0 0 0 
1 2 2 0 0 0 
2 2 2 0 0 0 
3 2 2 0 0 0 
4 2 2 0 0 0 
5 2 2 0 0 0 
6 2 2 0 0 0 
7 2 2 0 0 0 
8 2 2 0 0 0 
9 2 2 0 0 0 
10 2 2 0 0 0 
11 2 2 0 0 0 
0 3 3 0 0 0 
1 3 3 0 0 0 
2 3 3 0 0 0 
3 3 3 0 0 0 
4 3 3 0 0 0 
5 3 3 0 0 0 
6 3 3 0 0 0 
7 3 3 0 0 0 
8 3 3 0 0 0 
9 3 3 0 0 0 
10 3 3 0 0 0 
11 3 3 0 0 0 
0 4 4 0 0 0 
1 4 4 0 0 0 
2 4 4 0 0 0 
3 4 4 0 0 0 
4 4 4 0 0 0 
5 4 4 0 0 0 
6 4 4 0 0 0 
7 4 4 0 0 0 
8 4 4 0 0 0 
9 4 4 0 0 0 
10 4 4 0 0 0 
11 4 4 0 0 0 
0 5 5 0 0 0 
1 5 5 0 0 0 
2 5 5 0 0 0 
3 5 5 0 0 0 
4 5 5 0 0 0 
5 5 5 0 0 0 
6 5 5 0 0 0 
7 5 5 0 0 0 
8 5 5 0 0 0 
9 5 5 0 0 0 
10 5 5 0 0 0 
11 5 5 0 0 0 
0 6 6 0 0 0 
1 6 6 0 0 0 
2 6 6 0 0 0 
3 6 6 0 0 0 
4 6 6 0 0 0 
5 6 6 0 0 0 
6 6 6 0 0 0 
7 6 6 0 0 0 
8 6 6 0 0 0 
9 6 6 0 0 0 
10 6 6 0 0 0 
11 6 6 0 0 0 
0 7 7 0 0 0 
1 7 7 0 0 0 
2 7 7 0 0 0 
3 7 7 0 0 0 
4 7 7 0 0 0 
5 7 7 0 0 0 
6 7 7 0 0 0 
7 7 7 0 0 0 
8 7 7 0 0 0 
9 7 7 0 0 0 
10 7 7 0 0 0 
11 7 7 0 0 0 
0 8 8 0 0 0 
1 8 8 0 0 0 
2 8 8 0 0 0 
3 8 8 0 0 0 
4 8 8 0 0 0 
5 8 8 0 0 0 
6 8 8 0 0 0 
7 8 8 0 0 0 
8 8 8 0 0 0 
9 8 8 0 0 0 
10 8 8 0 0 0 
11 8 8 0 0 0 
0 9 9 0 0 0 
1 9 9 0 0 0 
2 9 9 0 0 0 
3 9 9 0 0 0 
4 9 9 0 0 0 
5 9 9 0 0 0 
6 9 9 0 0 0 
7 9 9 0 0 0 
8 9 9 0 0 0 
9 9 9 0 0 0 
10 9 9 0 0 0 
11 9 9 0 0 0 
0 10 10 0 0 0 
1 10 10 0 0 0 
2 10 10 0 0 0 
3 10 10 0 0 0 
4 10 10 0 0 0 
5 10 10 0 0 0 
6 10 10 0 0 0 
7 10 10 0 0 0 
8 10 10 0 0 0 
9 10 10 0 0 0 
10 10 10 0 0 0 
11 10 10 0 0 0 
0 11 11 0 0 0 
1 11 11 0 0 0 
2 11 11 0 0 0 
3 11 11 0 0 0 
4 11 11 0 0 0 
5 11 11 0 0 0 
6 11 11 0 0 0 
7 11 11 0 0 0 
8 11 11 0 0 0 
9 11 11 0 0 0 
10 11 11 0 0 0 
11 11 11 0 0 0 
0 0 0 0 0 0 
1 0 0 0 0 0 
2 0 0 0 0 0 
3 0 0 0 0 0 
4 0 0 0 0 0 
5 0 0 0 0 0 
6 0 0 0 0 0 
7 0 0 0 0 0 
8 0 0 0 0 0 
9 0 0 0 0 0 
10 0 0 0 0 0 
11 0 0 0 0 0 
0 1 1 0 0 0 
1 1 1 0 0 0 
2 1 1 0 0 0 
3 1 1 0 0 0 
4 1 1 0 0 0 
5 1 1 0 0 0 
6 1 1 0 0 0 
7 1 1 0 0 0 
8 1 1 0 0 0 
9 1 1 0 0 0 
10 1 1 0 0 0 
11 1 1 0 0 0 
0 2 2 0 0 0 
1 2 2 0 0 0 
2 2 2 0 0 0 
3 2 2 0 0 0 
4 2 2 0 0 0 
5 2 2 0 0 0 
6 2 2 0 0 0 
7 2 2 0 0 0 
8 2 2 0 0 0 
9 2 2 0 0 0 
10 2 2 0 0 0 
11 2 2 0 0 0 
0 3 3 0 0 0 
1 3 3 0 0 0 
2 3 3 0 0 0 
3 3 3 0 0 0 
4 3 3 0 0 0 
5 3 3 0 0 0 
6 3 3 0 0 0 
7 3 3 0 0 0 
8 3 3 0 0 0 
9 3 3 0 0 0 
10 3 3 0 0 0 
11 3 3 0 0 0 
0 4 4 0 0 0 
1 4 4 0 0 0 
2 4 4 0 0 0 
3 4 4 0 0 0 
4 4 4 0 0 0 
5 4 4 0 0 0 
6 4 4 0 0 0 
7 4 4 0 0 0 
8 4 4 0 0 0 
9 4 4 0 0 0 
10 4 4 0 0 0 
11 4 4 0 0 0 
0 5 5 0 0 0 
1 5 5 0 0 0 
2 5 5 0 0 0 
3 5 5 0 0 0 
4 5 5 0 0 0 
5 5 5 0 0 0 
6 5 5 0 0 0 
7 5 5 0 0 0 
8 5 5 0 0 0 
9 5 5 0 0 0 
10 5 5 0 0 0 
11 5 5 0 0 0 
0 6 6 0 0 0 
1 6 6 0 0 0 
2 6 6 0 0 0 
3 6 6 0 0 0 
4 6 6 0 0 0 
5 6 6 0 0 0 
6 6 6 0 0 0 
7 6 6 0 0 0 
8 6 6 0 0 0 
9 6 6 0 0 0 
10 6 6 0 0 0 
11 6 6 0 0 0 
0 7 7 0 0 0 
1 7 7 0 0 0 
2 7 7 0 0 0 
3 7 7 0 0 0 
4 7 7 0 0 0 
5 7 7 0 0 0 
6 7 7 0 0 0 
7 7 7 0 0 0 
8 7 7 0 0 0 
9 7 7 0 0 0 
10 7 7 0 0 0 
11 7 7 0 0 0 
0 8 8 0 0 0 
1 8 8 0 0 0 
2 8 8 0 0 0 
3 8 8 0 0 0 
4 8 8 0 0 0 
5 8 8 0 0 0 
6 8 8 0 0 0 
7 8 8 0 0 0 
8 8 8 0 0 0 
9 8 8 0 0 0 
10 8 8 0 0 0 
11 8 8 0 0 0 
0 9 9 0 0 0 
1 9 9 0 0 0 
2 9 9 0 0 0 
3 9 9 0 0 0 
4 9 9 0 0 0 
5 9 9 0 0 0 
6 9 9 0 0 0 
7 9 9 0 0 0 
8 9 9 0 0 0 
9 9 9 0 0 0 
10 9 9 0 0 0 
11 9 9 0 0 0 
0 10 10 0 0 0 
1 10 10 0 0 0 
2 10 10 0 0 0 
3 10 10 0 0 0 
4 10 10 0 0 0 
5 10 10 0 0 0 
6 10 10 0 0 0 
7 10 10 0 0 0 
8 10 10 0 0 0 
9 10 10 0 0 0 
10 10 10 0 0 0 
11 10 10 0 0 0 
0 11 11 0 0 0 
1 11 11 0 0 0 
2 11 11 0 0 0 
3 11 11 0 0 0 
4 11 11 0 0 0 
5 11 11 0 0 0 
6 11 11 0 0 0 
7 11 11 0 0 0 
8 11 11 0 0 0 
9 11 11 0 0 0 
10 11 11 0 0 0 
11 11 11 0 0 0 
0 0 0 0 0 0 
1 0 0 0 0 0 
2 0 0 0 0 0 
3 0 0 0 0 0 
4 0 0 0 0 0 
5 0 0 0 0 0 
6 0 0 0 0 0 
7 0 0 0 0 0 
8 0 0 0 0 0 
9 0 0 0 0 0 
10 0 0 0 0 0 
11 0 0 0 0 0 
0 1 1 0 0 0 
1 1 1 0 0 0 
2 1 1 0 0 0 
3 1 1 0 0 0 
4 1 1 0 0 0 
5 1 1 0 0 0 
6 1 1 0 0 0 
7 1 1 0 0 0 
8 1 1 0 0 0 
9 1 1 0 0 0 
10 1 1 0 0 0 
11 1 1 0 0 0 
0 2 2 0 0 0 
1 2 2 0 0 0 
2 2 2 0 0 0 
3 2 2 0 0 0 
4 2 2 0 0 0 
5 2 2 0 0 0 
6 2 2 0 0 0 
7 2 2 0 0 0 
8 2 2 0 0 0 
9 2 2 0 0 0 
10 2 2 0 0 0 
11 2 2 0 0 0 
0 3 3 0 0 0 
1 3 3 0 0 0 
2 3 3 0 0 0 
3 3 3 0 0 0 
4 3 3 0 0 0 
5 3 3 0 0 0 
6 3 3 0 0 0 
7 3 3 0 0 0 
8 3 3 0 0 0 
9 3 3 0 0 0 
10 3 3 0 0 0 
11 3 3 0 0 0 
0 4 4 0 0 0 
1 4 4 0 0 0 
2 4 4 0 0 0 
3 4 4 0 0 0 
4 4 4 0 0 0 
5 4 4 0 0 0 
6 4 4 0 0 0 
7 4 4 0 0 0 
8 4 4 0 0 0 
9 4 4 0 0 0 
10 4 4 0 0 0 
11 4 4 0 0 0 
0 5 5 0 0 0 
1 5 5 0 0 0 
2 5 5 0 0 0 
3 5 5 0 0 0 
4 5 5 0 0 0 
5 5 5 0 0 0 
6 5 5 0 0 0 
7 5 5 0 0 0 
8 5 5 0 0 0 
9 5 5 0 0 0 
10 5 5 0 0 0 
11 5 5 0 0 0 
0 6 6 0 0 0 
1 6 6 0 0 0 
2 6 6 0 0 0 
3 6 6 0 0 0 
4 6 6 0 0 0 
5 6 6 0 0 0 
6 6 6 0 0 0 
7 6 6 0 0 0 
8 6 6 0 0 0 
9 6 6 0 0 0 
10 6 6 0 0 0 
11 6 6 0 0 0 
0 7 7 0 0 0 
1 7 7 0 0 0 
2 7 7 0 0 0 
3 7 7 0 0 0 
4 7 7 0 0 0 
5 7 7 0 0 0 
6 7 7 0 0 0 
7 7 7 0 0 0 
8 7 7 0 0 0 
9 7 7 0 0 0 
10 7 7 0 0 0 
11 7 7 0 0 0 
0 8 8 0 0 0 
1 8 8 0 0 0 
2 8 8 0 0 0 
3 8 8 0 0 0 
4 8 8 0 0 0 
5 8 8 0 0 0 
6 8 8 0 0 0 
7 8 8 0 0 0 
8 8 8 0 0 0 
9 8 8 0 0 0 
10 8 8 0 0 0 
11 8 8 0 0 0 
0 9 9 0 0 0 
1 9 9 0 0 0 
2 9 9 0 0 0 
3 9 9 0 0 0 
4 9 9 0 0 0 
5 9 9 0 0 0 
6 9 9 0 0 0 
7 9 9 0 0 0 
8 9 9 0 0 0 
9 9 9 0 0 0 
10 9 9 0 0 0 
11 9 9 0 0 0 
0 10 10 0 0 0 
1 10 10 0 0 0 
2 10 10 0 0 0 
3 10 10 0 0 0 
4 10 10 0 0 0 
5 10 10 0 0 0 
6 10 10 0 0 0 
7 10 10 0 0 0 
8 10 10 0 0 0 
9 10 10 0 0 0 
10 10 10 0 0 0 
11 10 10 0 0 0 
0 11 11 0 0 0 
1 11 11 0 0 0 
2 11 11 0 0 0 
3 11 11 0 0 0 
4 11 11 0 0 0 
5 11 11 0 0 0 
6 11 11 0 0 0 
7 11 11 0 0 0 
8 11 11 0 0 0 
9 11 11 0 0 0 
10 11 11 0 0 0 
11 11 11 0 0 0 
