0 0 0 0 0 0 
1 0 0 0 0 0 
2 0 0 0 0 0 
3 0 0 0 0 0 
4 0 0 0 0 0 
5 0 0 0 0 0 
6 0 0 0 0 0 
7 0 0 0 0 0 
8 0 0 0 0 0 
9 0 0 0 0 0 
10 0 0 0 0 0 
11 0 0 0 0 0 
0 1 1 0 0 0 
1 1 1 0 0 0 
2 1 1 0 0 0 
3 1 1 0 0 0 
4 1 1 0 0 0 
5 1 1 0 0 0 
6 1 1 0 0 0 
7 1 1 0 0 0 
8 1 1 0 0 0 
9 1 1 0 0 0 
10 1 1 0 0 0 
11 1 1 0 0 0 
0 2 2 0 0 0 
1 2 2 0 0 0 
2 2 2 0 0 0 
3 2 2 0 0 0 
4 2 2 0 0 0 
5 2 2 0 0 0 
6 2 2 0 0 0 
7 2 2 0 0 0 
8 2 2 0 0 0 
9 2 2 0 0 0 
10 2 2 0 0 0 
11 2 2 0 0 0 
0 3 3 0 0 0 
1 3 3 0 0 0 
2 3 3 0 0 0 
3 3 3 0 0 0 
4 3 3 0 0 0 
5 3 3 0 0 0 
6 3 3 0 0 0 
7 3 3 0 0 0 
8 3 3 0 0 0 
9 3 3 0 0 0 
10 3 3 0 0 0 
11 3 3 0 0 0 
0 4 4 0 0 0 
1 4 4 0 0 0 
2 4 4 0 0 0 
3 4 4 0 0 0 
4 4 4 0 0 0 
5 4 4 0 0 0 
6 4 4 0 0 0 
7 4 4 0 0 0 
8 4 4 0 0 0 
9 4 4 0 0 0 
10 4 4 0 0 0 
11 4 4 0 0 0 
0 5 5 0 0 0 
1 5 5 0 0 0 
2 5 5 0 0 0 
3 5 5 0 0 0 
4 5 5 0 0 0 
5 5 5 0 0 0 
6 5 5 0 0 0 
7 5 5 0 0 0 
8 5 5 0 0 0 
9 5 5 0 0 0 
10 5 5 0 0 0 
11 5 5 0 0 0 
0 6 6 0 0 0 
1 6 6 0 0 0 
2 6 6 0 0 0 
3 6 6 0 0 0 
4 6 6 0 0 0 
5 6 6 0 0 0 
6 6 6 0 0 0 
7 6 6 0 0 0 
8 6 6 0 0 0 
9 6 6 0 0 0 
10 6 6 0 0 0 
11 6 6 0 0 0 
0 7 7 0 0 0 
1 7 7 0 0 0 
2 7 7 0 0 0 
3 7 7 0 0 0 
4 7 7 0 0 0 
5 7 7 0 0 0 
6 7 7 0 0 0 
7 7 7 0 0 0 
8 7 7 0 0 0 
9 7 7 0 0 0 
10 7 7 0 0 0 
11 7 7 0 0 0 
0 8 8 0 0 0 
1 8 8 0 0 0 
2 8 8 0 0 0 
3 8 8 0 0 0 
4 8 8 0 0 0 
5 8 8 0 0 0 
6 8 8 0 0 0 
7 8 8 0 0 0 
8 8 8 0 0 0 
9 8 8 0 0 0 
10 8 8 0 0 0 
11 8 8 0 0 0 
0 9 9 0 0 0 
1 9 9 0 0 0 
2 9 9 0 0 0 
3 9 9 0 0 0 
4 9 9 0 0 0 
5 9 9 0 0 0 
6 9 9 0 0 0 
7 9 9 0 0 0 
8 9 9 0 0 0 
9 9 9 0 0 0 
10 9 9 0 0 0 
11 9 9 0 0 0 
0 10 10 0 0 0 
1 10 10 0 0 0 
2 10 10 0 0 0 
3 10 10 0 0 0 
4 10 10 0 0 0 
5 10 10 0 0 0 
6 10 10 0 0 0 
7 10 10 0 0 0 
8 10 10 0 0 0 
9 10 10 0 0 0 
10 10 10 0 0 0 
11 10 10 0 0 0 
0 11 11 0 0 0 
1 11 11 0 0 0 
2 11 11 0 0 0 
3 11 11 0 0 0 
4 11 11 0 0 0 
5 11 11 0 0 0 
6 11 11 0 0 0 
7 11 11 0 0 0 
8 11 11 0 0 0 
9 11 11 0 0 0 
10 11 11 0 0 0 
11 11 11 0 0 0 
0 0 0 0 0 0 
1 0 0 0 0 0 
2 0 0 0 0 0 
3 0 0 0 0 0 
4 0 0 0 0 0 
5 0 0 0 0 0 
6 0 0 0 0 0 
7 0 0 0 0 0 
8 0 0 0 0 0 
9 0 0 0 0 0 
10 0 0 0 0 0 
11 0 0 0 0 0 
0 1 1 0 0 0 
1 1 1 0 0 0 
2 1 1 0 0 0 
3 1 1 0 0 0 
4 1 1 0 0 0 
5 1 1 0 0 0 
6 1 1 0 0 0 
7 1 1 0 0 0 
8 1 1 0 0 0 
9 1 1 0 0 0 
10 1 1 0 0 0 
11 1 1 0 0 0 
0 2 2 0 0 0 
1 2 2 0 0 0 
2 2 2 0 0 0 
3 2 2 0 0 0 
4 2 2 0 0 0 
5 2 2 0 0 0 
6 2 2 0 0 0 
7 2 2 0 0 0 
8 2 2 0 0 0 
9 2 2 0 0 0 
10 2 2 0 0 0 
11 2 2 0 0 0 
0 3 3 0 0 0 
1 3 3 0 0 0 
2 3 3 0 0 0 
3 3 3 0 0 0 
4 3 3 0 0 0 
5 3 3 0 0 0 
6 3 3 0 0 0 
7 3 3 0 0 0 
8 3 3 0 0 0 
9 3 3 0 0 0 
10 3 3 0 0 0 
11 3 3 0 0 0 
0 4 4 0 0 0 
1 4 4 0 0 0 
2 4 4 0 0 0 
3 4 4 0 0 0 
4 4 4 0 0 0 
5 4 4 0 0 0 
6 4 4 0 0 0 
7 4 4 0 0 0 
8 4 4 0 0 0 
9 4 4 0 0 0 
10 4 4 0 0 0 
11 4 4 0 0 0 
0 5 5 0 0 0 
1 5 5 0 0 0 
2 5 5 0 0 0 
3 5 5 0 0 0 
4 5 5 0 0 0 
5 5 5 0 0 0 
6 5 5 0 0 0 
7 5 5 0 0 0 
8 5 5 0 0 0 
9 5 5 0 0 0 
10 5 5 0 0 0 
11 5 5 0 0 0 
0 6 6 0 0 0 
1 6 6 0 0 0 
2 6 6 0 0 0 
3 6 6 0 0 0 
4 6 6 0 0 0 
5 6 6 0 0 0 
6 6 6 0 0 0 
7 6 6 0 0 0 
8 6 6 0 0 0 
9 6 6 0 0 0 
10 6 6 0 0 0 
11 6 6 0 0 0 
0 7 7 0 0 0 
1 7 7 0 0 0 
2 7 7 0 0 0 
3 7 7 0 0 0 
4 7 7 0 0 0 
5 7 7 0 0 0 
6 7 7 0 0 0 
7 7 7 0 0 0 
8 7 7 0 0 0 
9 7 7 0 0 0 
10 7 7 0 0 0 
11 7 7 0 0 0 
0 8 8 0 0 0 
1 8 8 0 0 0 
2 8 8 0 0 0 
3 8 8 0 0 0 
4 8 8 0 0 0 
5 8 8 0 0 0 
6 8 8 0 0 0 
7 8 8 0 0 0 
8 8 8 0 0 0 
9 8 8 0 0 0 
10 8 8 0 0 0 
11 8 8 0 0 0 
0 9 9 0 0 0 
1 9 9 0 0 0 
2 9 9 0 0 0 
3 9 9 0 0 0 
4 9 9 0 0 0 
5 9 9 0 0 0 
6 9 9 0 0 0 
7 9 9 0 0 0 
8 9 9 0 0 0 
9 9 9 0 0 0 
10 9 9 0 0 0 
11 9 9 0 0 0 
0 10 10 0 0 0 
1 10 10 0 0 0 
2 10 10 0 0 0 
3 10 10 0 0 0 
4 10 10 0 0 0 
5 10 10 0 0 0 
6 10 10 0 0 0 
7 10 10 0 0 0 
8 10 10 0 0 0 
9 10 10 0 0 0 
10 10 10 0 0 0 
11 10 10 0 0 0 
0 11 11 0 0 0 
1 11 11 0 0 0 
2 11 11 0 0 0 
3 11 11 0 0 0 
4 11 11 0 0 0 
5 11 11 0 0 0 
6 11 11 0 0 0 
7 11 11 0 0 0 
8 11 11 0 0 0 
9 11 11 0 0 0 
10 11 11 0 0 0 
11 11 11 0 0 0 
0 0 0 0 0 0 
1 0 0 0 0 0 
2 0 0 0 0 0 
3 0 0 0 0 0 
4 0 0 0 0 0 
5 0 0 0 0 0 
6 0 0 0 0 0 
7 0 0 0 0 0 
8 0 0 0 0 0 
9 0 0 0 0 0 
10 0 0 0 0 0 
11 0 0 0 0 0 
0 1 1 0 0 0 
1 1 1 0 0 0 
2 1 1 0 0 0 
3 1 1 0 0 0 
4 1 1 0 0 0 
5 1 1 0 0 0 
6 1 1 0 0 0 
7 1 1 0 0 0 
8 1 1 0 0 0 
9 1 1 0 0 0 
10 1 1 0 0 0 
11 1 1 0 0 0 
0 2 2 0 0 0 
1 2 2 0 0 0 
2 2 2 0 0 0 
3 2 2 0 0 0 
4 2 2 0 0 0 
5 2 2 0 0 0 
6 2 2 0 0 0 
7 2 2 0 0 0 
8 2 2 0 0 0 
9 2 2 0 0 0 
10 2 2 0 0 0 
11 2 2 0 0 0 
0 3 3 0 0 0 
1 3 3 0 0 0 
2 3 3 0 0 0 
3 3 3 0 0 0 
4 3 3 0 0 0 
5 3 3 0 0 0 
6 3 3 0 0 0 
7 3 3 0 0 0 
8 3 3 0 0 0 
9 3 3 0 0 0 
10 3 3 0 0 0 
11 3 3 0 0 0 
0 4 4 0 0 0 
1 4 4 0 0 0 
2 4 4 0 0 0 
3 4 4 0 0 0 
4 4 4 0 0 0 
5 4 4 0 0 0 
6 4 4 0 0 0 
7 4 4 0 0 0 
8 4 4 0 0 0 
9 4 4 0 0 0 
10 4 4 0 0 0 
11 4 4 0 0 0 
0 5 5 0 0 0 
1 5 5 0 0 0 
2 5 5 0 0 0 
3 5 5 0 0 0 
4 5 5 0 0 0 
5 5 5 0 0 0 
6 5 5 0 0 0 
7 5 5 0 0 0 
8 5 5 0 0 0 
9 5 5 0 0 0 
10 5 5 0 0 0 
11 5 5 0 0 0 
0 6 6 0 0 0 
1 6 6 0 0 0 
2 6 6 0 0 0 
3 6 6 0 0 0 
4 6 6 0 0 0 
5 6 6 0 0 0 
6 6 6 0 0 0 
7 6 6 0 0 0 
8 6 6 0 0 0 
9 6 6 0 0 0 
10 6 6 0 0 0 
11 6 6 0 0 0 
0 7 7 0 0 0 
1 7 7 0 0 0 
2 7 7 0 0 0 
3 7 7 0 0 0 
4 7 7 0 0 0 
5 7 7 0 0 0 
6 7 7 0 0 0 
7 7 7 0 0 0 
8 7 7 0 0 0 
9 7 7 0 0 0 
10 7 7 0 0 0 
11 7 7 0 0 0 
0 8 8 0 0 0 
1 8 8 0 0 0 
2 8 8 0 0 0 
3 8 8 0 0 0 
4 8 8 0 0 0 
5 8 8 0 0 0 
6 8 8 0 0 0 
7 8 8 0 0 0 
8 8 8 0 0 0 
9 8 8 0 0 0 
10 8 8 0 0 0 
11 8 8 0 0 0 
0 9 9 0 0 0 
1 9 9 0 0 0 
2 9 9 0 0 0 
3 9 9 0 0 0 
4 9 9 0 0 0 
5 9 9 0 0 0 
6 9 9 0 0 0 
7 9 9 0 0 0 
8 9 9 0 0 0 
9 9 9 0 0 0 
10 9 9 0 0 0 
11 9 9 0 0 0 
0 10 10 0 0 0 
1 10 10 0 0 0 
2 10 10 0 0 0 
3 10 10 0 0 0 
4 10 10 0 0 0 
5 10 10 0 0 0 
6 10 10 0 0 0 
7 10 10 0 0 0 
8 10 10 0 0 0 
9 10 10 0 0 0 
10 10 10 0 0 0 
11 10 10 0 0 0 
0 11 11 0 0 0 
1 11 11 0 0 0 
2 11 11 0 0 0 
3 11 11 0 0 0 
4 11 11 0 0 0 
5 11 11 0 0 0 
6 11 11 0 0 0 
7 11 11 0 0 0 
8 11 11 0 0 0 
9 11 11 0 0 0 
10 11 11 0 0 0 
11 11 11 0 0 0 
0 0 0 0 0 0 
1 0 0 0 0 0 
2 0 0 0 0 0 
3 0 0 0 0 0 
4 0 0 0 0 0 
5 0 0 0 0 0 
6 0 0 0 0 0 
7 0 0 0 0 0 
8 0 0 0 0 0 
9 0 0 0 0 0 
10 0 0 0 0 0 
11 0 0 0 0 0 
0 1 1 0 0 0 
1 1 1 0 0 0 
2 1 1 0 0 0 
3 1 1 0 0 0 
4 1 1 0 0 0 
5 1 1 0 0 0 
6 1 1 0 0 0 
7 1 1 0 0 0 
8 1 1 0 0 0 
9 1 1 0 0 0 
10 1 1 0 0 0 
11 1 1 0 0 0 
0 2 2 0 0 0 
1 2 2 0 0 0 
2 2 2 0 0 0 
3 2 2 0 0 0 
4 2 2 0 0 0 
5 2 2 0 0 0 
6 2 2 0 0 0 
7 2 2 0 0 0 
8 2 2 0 0 0 
9 2 2 0 0 0 
10 2 2 0 0 0 
11 2 2 0 0 0 
0 3 3 0.0722988 -4.32711e-05 -5.41316e-05 
1 3 3 0.0730866 -5.82732e-05 -5.72235e-05 
2 3 3 0.0739099 -6.38968e-05 -6.22455e-05 
3 3 3 0.074451 -6.37732e-05 -6.44896e-05 
4 3 3 0.0752059 -5.89699e-05 -6.25731e-05 
5 3 3 0.0758141 -5.42011e-05 -4.22635e-05 
6 3 3 0.0761075 -4.58972e-05 -3.24926e-05 
7 3 3 0.0763966 -2.85931e-05 -1.99545e-05 
8 3 3 0.0765106 -1.75227e-05 -3.37952e-06 
9 3 3 0.0765044 -1.18597e-05 7.58053e-06 
10 3 3 0.0764638 -8.82659e-05 -9.93899e-05 
11 3 3 0.0743742 -0.00131597 -0.00135517 
0 4 4 0.573026 -0.000451566 -0.000879754 
1 4 4 0.541423 -0.00046456 -0.000815538 
2 4 4 0.579959 -0.000465644 -0.000826377 
3 4 4 0.583103 -0.00042018 -0.000734156 
4 4 4 0.549924 -0.000336216 -0.000562512 
5 4 4 0.587558 -0.000265806 -0.00041966 
6 4 4 0.58874 -0.000182173 -0.000227566 
7 4 4 0.553277 -8.61114e-05 -6.32731e-05 
8 4 4 0.589125 -1.65059e-05 6.6091e-05 
9 4 4 0.588482 5.27523e-05 0.00020689 
10 4 4 0.551582 0.000344257 0.000467867 
11 4 4 0.602489 -0.00238525 -0.00435383 
0 5 5 1.09912 -0.000424515 -0.00225239 
1 5 5 1.04725 -0.000429951 -0.00208166 
2 5 5 1.10923 -0.000387332 -0.00210188 
3 5 5 1.11369 -0.000349953 -0.00185489 
4 5 5 1.06004 -0.000294681 -0.00136177 
5 5 5 1.12009 -0.000211902 -0.000984313 
6 5 5 1.12169 -0.000163151 -0.000538691 
7 5 5 1.06483 -8.96461e-05 -0.000108256 
8 5 5 1.12202 -1.5234e-05 0.00022286 
9 5 5 1.1211 8.07037e-05 0.000471381 
10 5 5 1.0623 0.000398358 0.00143105 
11 5 5 1.12676 -0.00118579 -0.00533411 
0 6 6 1.09978 0.000264487 -0.00224654 
1 6 6 1.04777 0.000307768 -0.00209598 
2 6 6 1.10981 0.000286276 -0.00211645 
3 6 6 1.11425 0.000265417 -0.00186833 
4 6 6 1.06049 0.000214756 -0.00137713 
5 6 6 1.12062 0.000111156 -0.001003 
6 6 6 1.12222 4.07504e-05 -0.000561382 
7 6 6 1.06526 -3.25414e-05 -0.000133951 
8 6 6 1.12256 -8.15815e-05 0.000192629 
9 6 6 1.1218 -7.30512e-05 0.000402064 
10 6 6 1.06309 -0.000452131 0.00138135 
11 6 6 1.12755 0.000948917 -0.00530477 
0 7 7 0.577736 0.000395041 -0.000894285 
1 7 7 0.546171 0.000413086 -0.00084698 
2 7 7 0.584634 0.000429114 -0.000849006 
3 7 7 0.587766 0.000391758 -0.00075596 
4 7 7 0.554651 0.000305634 -0.000584697 
5 7 7 0.592216 0.000214381 -0.00045345 
6 7 7 0.593406 0.000111766 -0.000268229 
7 7 7 0.558008 1.7561e-05 -0.000100146 
8 7 7 0.593797 -5.28999e-05 2.25332e-05 
9 7 7 0.593317 -0.000103672 0.000114978 
10 7 7 0.556654 -0.00037135 0.000410765 
11 7 7 0.607079 0.00233452 -0.00429874 
0 8 8 0.0756794 3.6604e-05 -6.59635e-05 
1 8 8 0.0764968 5.28009e-05 -6.55704e-05 
2 8 8 0.0773231 6.46629e-05 -6.28454e-05 
3 8 8 0.0778745 6.31491e-05 -6.94717e-05 
4 8 8 0.0786455 5.58361e-05 -6.76037e-05 
5 8 8 0.0792676 4.47179e-05 -5.64191e-05 
6 8 8 0.0795756 3.47714e-05 -4.59789e-05 
7 8 8 0.0798685 1.87879e-05 -2.88497e-05 
8 8 8 0.0799757 4.86612e-06 -1.31141e-05 
9 8 8 0.0799573 -4.34293e-06 -2.61646e-06 
10 8 8 0.0798935 9.26718e-05 -9.81763e-05 
11 8 8 0.077831 0.00137078 -0.00135807 
0 9 9 0 0 0 
1 9 9 0 0 0 
2 9 9 0 0 0 
3 9 9 0 0 0 
4 9 9 0 0 0 
5 9 9 0 0 0 
6 9 9 0 0 0 
7 9 9 0 0 0 
8 9 9 0 0 0 
9 9 9 0 0 0 
10 9 9 0 0 0 
11 9 9 0 0 0 
0 10 10 0 0 0 
1 10 10 0 0 0 
2 10 10 0 0 0 
3 10 10 0 0 0 
4 10 10 0 0 0 
5 10 10 0 0 0 
6 10 10 0 0 0 
7 10 10 0 0 0 
8 10 10 0 0 0 
9 10 10 0 0 0 
10 10 10 0 0 0 
11 10 10 0 0 0 
0 11 11 0 0 0 
1 11 11 0 0 0 
2 11 11 0 0 0 
3 11 11 0 0 0 
4 11 11 0 0 0 
5 11 11 0 0 0 
6 11 11 0 0 0 
7 11 11 0 0 0 
8 11 11 0 0 0 
9 11 11 0 0 0 
10 11 11 0 0 0 
11 11 11 0 0 0 
0 0 0 0 0 0 
1 0 0 0 0 0 
2 0 0 0 0 0 
3 0 0 0 0 0 
4 0 0 0 0 0 
5 0 0 0 0 0 
6 0 0 0 0 0 
7 0 0 0 0 0 
8 0 0 0 0 0 
9 0 0 0 0 0 
10 0 0 0 0 0 
11 0 0 0 0 0 
0 1 1 0 0 0 
1 1 1 0 0 0 
2 1 1 0 0 0 
3 1 1 0 0 0 
4 1 1 0 0 0 
5 1 1 0 0 0 
6 1 1 0 0 0 
7 1 1 0 0 0 
8 1 1 0 0 0 
9 1 1 0 0 0 
10 1 1 0 0 0 
11 1 1 0 0 0 
0 2 2 0 0 0 
1 2 2 0 0 0 
2 2 2 0 0 0 
3 2 2 0 0 0 
4 2 2 0 0 0 
5 2 2 0 0 0 
6 2 2 0 0 0 
7 2 2 0 0 0 
8 2 2 0 0 0 
9 2 2 0 0 0 
10 2 2 0 0 0 
11 2 2 0 0 0 
0 3 3 0.572991 -0.000823672 -0.000491713 
1 3 3 0.54142 -0.000797403 -0.000477989 
2 3 3 0.579829 -0.000818567 -0.000469067 
3 3 3 0.582948 -0.00072323 -0.000424758 
4 3 3 0.549795 -0.000529623 -0.000338174 
5 3 3 0.587245 -0.000421699 -0.000249899 
6 3 3 0.588534 -0.000272206 -0.00015364 
7 3 3 0.553231 -9.41408e-05 -5.00042e-05 
8 3 3 0.589016 2.40171e-05 3.23064e-05 
9 3 3 0.58856 0.000109744 9.69213e-05 
10 3 3 0.551964 0.000423147 0.000337219 
11 3 3 0.602592 -0.00423652 -0.00241663 
0 4 4 1.52938 -0.00248533 -0.002548 
1 4 4 1.54254 -0.00251873 -0.00255461 
2 4 4 1.53659 -0.00240231 -0.00242199 
3 4 4 1.54057 -0.00209022 -0.00211036 
4 4 4 1.55329 -0.00166216 -0.00169024 
5 4 4 1.54553 -0.00118174 -0.00118413 
6 4 4 1.54717 -0.000638685 -0.000597667 
7 4 4 1.55781 -0.000178467 -0.000128452 
8 4 4 1.54772 0.000184825 0.000250852 
9 4 4 1.54704 0.000456469 0.000564074 
10 4 4 1.55607 0.00133533 0.00138475 
11 4 4 1.58379 -0.00333896 -0.00339032 
0 5 5 2.38179 -0.00197374 -0.00524644 
1 5 5 2.3864 -0.00202835 -0.00530019 
2 5 5 2.38298 -0.0019344 -0.00509304 
3 5 5 2.38364 -0.00170208 -0.00448134 
4 5 5 2.38797 -0.00140341 -0.00363516 
5 5 5 2.38496 -0.00101415 -0.00258374 
6 5 5 2.38548 -0.000554886 -0.00133523 
7 5 5 2.38915 -0.000196533 -0.000336266 
8 5 5 2.38588 0.000109579 0.000493717 
9 5 5 2.38582 0.000378164 0.00114976 
10 5 5 2.38918 0.000614126 0.00171914 
11 5 5 2.36645 -0.00142127 -0.00364543 
0 6 6 2.38377 0.00195285 -0.00525282 
1 6 6 2.38837 0.00198857 -0.00532743 
2 6 6 2.38494 0.00188982 -0.00512427 
3 6 6 2.38557 0.00165234 -0.00451484 
4 6 6 2.38987 0.0013432 -0.00367039 
5 6 6 2.38684 0.000928725 -0.00262188 
6 6 6 2.38734 0.000434238 -0.00137908 
7 6 6 2.39098 5.85731e-05 -0.000385567 
8 6 6 2.38772 -0.000246231 0.000435644 
9 6 6 2.38771 -0.000478843 0.00105397 
10 6 6 2.39111 -0.000742663 0.00164238 
11 6 6 2.36831 0.00121021 -0.00365379 
0 7 7 1.53353 0.00247368 -0.00257804 
1 7 7 1.54687 0.00248458 -0.00260097 
2 7 7 1.54072 0.00239716 -0.00247193 
3 7 7 1.54471 0.00208483 -0.00216328 
4 7 7 1.55762 0.00165133 -0.00174761 
5 7 7 1.54967 0.0011425 -0.00124564 
6 7 7 1.55126 0.000555046 -0.000667779 
7 7 7 1.56205 8.24548e-05 -0.000206086 
8 7 7 1.55174 -0.000286724 0.00015948 
9 7 7 1.55104 -0.000564932 0.000439209 
10 7 7 1.56026 -0.00141618 0.00128855 
11 7 7 1.58753 0.0032712 -0.00339297 
0 8 8 0.575632 0.000794766 -0.000510345 
1 8 8 0.543916 0.000762236 -0.000501611 
2 8 8 0.582402 0.000848989 -0.000500851 
3 8 8 0.585652 0.00073876 -0.000455874 
4 8 8 0.552545 0.000550695 -0.000373019 
5 8 8 0.590118 0.000412624 -0.000291103 
6 8 8 0.591297 0.000223957 -0.000193351 
7 8 8 0.555881 5.68673e-05 -9.5388e-05 
8 8 8 0.591671 -6.60274e-05 -2.53055e-05 
9 8 8 0.59117 -0.000153878 3.72611e-05 
10 8 8 0.554488 -0.000443216 0.000312141 
11 8 8 0.605102 0.00427478 -0.00239205 
0 9 9 0 0 0 
1 9 9 0 0 0 
2 9 9 0 0 0 
3 9 9 0 0 0 
4 9 9 0 0 0 
5 9 9 0 0 0 
6 9 9 0 0 0 
7 9 9 0 0 0 
8 9 9 0 0 0 
9 9 9 0 0 0 
10 9 9 0 0 0 
11 9 9 0 0 0 
0 10 10 0 0 0 
1 10 10 0 0 0 
2 10 10 0 0 0 
3 10 10 0 0 0 
4 10 10 0 0 0 
5 10 10 0 0 0 
6 10 10 0 0 0 
7 10 10 0 0 0 
8 10 10 0 0 0 
9 10 10 0 0 0 
10 10 10 0 0 0 
11 10 10 0 0 0 
0 11 11 0 0 0 
1 11 11 0 0 0 
2 11 11 0 0 0 
3 11 11 0 0 0 
4 11 11 0 0 0 
5 11 11 0 0 0 
6 11 11 0 0 0 
7 11 11 0 0 0 
8 11 11 0 0 0 
9 11 11 0 0 0 
10 11 11 0 0 0 
11 11 11 0 0 0 
0 0 0 0 0 0 
1 0 0 0 0 0 
2 0 0 0 0 0 
3 0 0 0 0 0 
4 0 0 0 0 0 
5 0 0 0 0 0 
6 0 0 0 0 0 
7 0 0 0 0 0 
8 0 0 0 0 0 
9 0 0 0 0 0 
10 0 0 0 0 0 
11 0 0 0 0 0 
0 1 1 0 0 0 
1 1 1 0 0 0 
2 1 1 0 0 0 
3 1 1 0 0 0 
4 1 1 0 0 0 
5 1 1 0 0 0 
6 1 1 0 0 0 
7 1 1 0 0 0 
8 1 1 0 0 0 
9 1 1 0 0 0 
10 1 1 0 0 0 
11 1 1 0 0 0 
0 2 2 0 0 0 
1 2 2 0 0 0 
2 2 2 0 0 0 
3 2 2 0 0 0 
4 2 2 0 0 0 
5 2 2 0 0 0 
6 2 2 0 0 0 
7 2 2 0 0 0 
8 2 2 0 0 0 
9 2 2 0 0 0 
10 2 2 0 0 0 
11 2 2 0 0 0 
0 3 3 1.09688 -0.00219538 -0.000412352 
1 3 3 1.045 -0.00205196 -0.00043271 
2 3 3 1.10683 -0.00208251 -0.000384331 
3 3 3 1.11123 -0.00183364 -0.000335956 
4 3 3 1.05756 -0.00132063 -0.000268446 
5 3 3 1.11747 -0.000970291 -0.0002085 
6 3 3 1.11915 -0.000563052 -0.000183789 
7 3 3 1.06243 -0.000137603 -5.91046e-05 
8 3 3 1.11959 0.000180112 2.38937e-05 
9 3 3 1.11886 0.000380952 5.39987e-05 
10 3 3 1.06033 0.00137783 0.000389554 
11 3 3 1.12468 -0.00526614 -0.00111717 
0 4 4 2.38036 -0.0051882 -0.00198989 
1 4 4 2.38487 -0.00525918 -0.00204383 
2 4 4 2.38147 -0.00506322 -0.00194102 
3 4 4 2.3821 -0.00445032 -0.00170068 
4 4 4 2.38633 -0.00358992 -0.00139425 
5 4 4 2.38333 -0.00256083 -0.00100877 
6 4 4 2.38388 -0.00135674 -0.000547087 
7 4 4 2.38753 -0.000373693 -0.000158666 
8 4 4 2.38435 0.000435629 0.000160811 
9 4 4 2.38438 0.00104398 0.00041149 
10 4 4 2.38777 0.00164771 0.000639332 
11 4 4 2.36517 -0.00361916 -0.00138901 
0 5 5 3.79259 -0.00424823 -0.00427705 
1 5 5 3.78531 -0.00454866 -0.00457663 
2 5 5 3.76813 -0.00424723 -0.004268 
3 5 5 3.75433 -0.00383456 -0.00384999 
4 5 5 3.74967 -0.00326999 -0.00328502 
5 5 5 3.73736 -0.0022611 -0.00226654 
6 5 5 3.7315 -0.0012743 -0.00126176 
7 5 5 3.73434 -0.000404844 -0.000373468 
8 5 5 3.72955 0.000345763 0.000392778 
9 5 5 3.73644 0.000862195 0.000921124 
10 5 5 3.73956 0.00110643 0.00115796 
11 5 5 3.74489 -0.000832241 -0.000806789 
0 6 6 3.7941 0.00447396 -0.00427086 
1 6 6 3.78693 0.00473077 -0.00458217 
2 6 6 3.76971 0.00439719 -0.00428525 
3 6 6 3.75592 0.00394825 -0.00387618 
4 6 6 3.75128 0.00335462 -0.00331693 
5 6 6 3.73889 0.00230986 -0.00229311 
6 6 6 3.733 0.00128247 -0.00128655 
7 6 6 3.73586 0.000381024 -0.000407978 
8 6 6 3.73098 -0.000396018 0.000350745 
9 6 6 3.73781 -0.000940658 0.000866584 
10 6 6 3.74094 -0.00121414 0.0010994 
11 6 6 3.74614 0.000698359 -0.000834391 
0 7 7 2.38322 0.00528113 -0.00196475 
1 7 7 2.3878 0.00533029 -0.00204822 
2 7 7 2.38439 0.00515357 -0.00198524 
3 7 7 2.38505 0.00452988 -0.00175911 
4 7 7 2.38934 0.00366179 -0.00145787 
5 7 7 2.38629 0.00259776 -0.00105195 
6 7 7 2.38676 0.00134284 -0.000572599 
7 7 7 2.39037 0.000338411 -0.000213601 
8 7 7 2.38708 -0.000492751 8.14226e-05 
9 7 7 2.387 -0.00112173 0.000310201 
10 7 7 2.39034 -0.00172414 0.000562311 
11 7 7 2.36753 0.0035604 -0.001401 
0 8 8 1.09882 0.00220414 -0.000350543 
1 8 8 1.04677 0.00205041 -0.000421421 
2 8 8 1.10876 0.00213396 -0.000438198 
3 8 8 1.11326 0.00188084 -0.000396409 
4 8 8 1.05958 0.00136907 -0.000326277 
5 8 8 1.11962 0.000988725 -0.000225996 
6 8 8 1.1212 0.000542485 -0.000165839 
7 8 8 1.06428 0.000109141 -9.63328e-05 
8 8 8 1.12148 -0.000217299 -4.47089e-05 
9 8 8 1.12066 -0.000424096 -2.90832e-05 
10 8 8 1.06196 -0.00140684 0.000349837 
11 8 8 1.12635 0.00526688 -0.00108279 
0 9 9 0 0 0 
1 9 9 0 0 0 
2 9 9 0 0 0 
3 9 9 0 0 0 
4 9 9 0 0 0 
5 9 9 0 0 0 
6 9 9 0 0 0 
7 9 9 0 0 0 
8 9 9 0 0 0 
9 9 9 0 0 0 
10 9 9 0 0 0 
11 9 9 0 0 0 
0 10 10 0 0 0 
1 10 10 0 0 0 
2 10 10 0 0 0 
3 10 10 0 0 0 
4 10 10 0 0 0 
5 10 10 0 0 0 
6 10 10 0 0 0 
7 10 10 0 0 0 
8 10 10 0 0 0 
9 10 10 0 0 0 
10 10 10 0 0 0 
11 10 10 0 0 0 
0 11 11 0 0 0 
1 11 11 0 0 0 
2 11 11 0 0 0 
3 11 11 0 0 0 
4 11 11 0 0 0 
5 11 11 0 0 0 
6 11 11 0 0 0 
7 11 11 0 0 0 
8 11 11 0 0 0 
9 11 11 0 0 0 
10 11 11 0 0 0 
11 11 11 0 0 0 
0 0 0 0 0 0 
1 0 0 0 0 0 
2 0 0 0 0 0 
3 0 0 0 0 0 
4 0 0 0 0 0 
5 0 0 0 0 0 
6 0 0 0 0 0 
7 0 0 0 0 0 
8 0 0 0 0 0 
9 0 0 0 0 0 
10 0 0 0 0 0 
11 0 0 0 0 0 
0 1 1 0 0 0 
1 1 1 0 0 0 
2 1 1 0 0 0 
3 1 1 0 0 0 
4 1 1 0 0 0 
5 1 1 0 0 0 
6 1 1 0 0 0 
7 1 1 0 0 0 
8 1 1 0 0 0 
9 1 1 0 0 0 
10 1 1 0 0 0 
11 1 1 0 0 0 
0 2 2 0 0 0 
1 2 2 0 0 0 
2 2 2 0 0 0 
3 2 2 0 0 0 
4 2 2 0 0 0 
5 2 2 0 0 0 
6 2 2 0 0 0 
7 2 2 0 0 0 
8 2 2 0 0 0 
9 2 2 0 0 0 
10 2 2 0 0 0 
11 2 2 0 0 0 
0 3 3 1.09696 -0.00222324 0.000298895 
1 3 3 1.0451 -0.00207921 0.000319326 
2 3 3 1.10693 -0.00209832 0.000299528 
3 3 3 1.11133 -0.00184837 0.00029115 
4 3 3 1.05774 -0.00135652 0.000248028 
5 3 3 1.11766 -0.000979388 0.000105824 
6 3 3 1.11917 -0.000538192 1.56923e-06 
7 3 3 1.06239 -0.000153824 -3.53998e-05 
8 3 3 1.1196 0.000150654 -7.25197e-05 
9 3 3 1.11888 0.000365091 -0.000118839 
10 3 3 1.06035 0.00136285 -0.000459524 
11 3 3 1.1247 -0.00528128 0.00103638 
0 4 4 2.38064 -0.0052225 0.00195831 
1 4 4 2.3852 -0.0052984 0.00198601 
2 4 4 2.38181 -0.00509257 0.00189834 
3 4 4 2.38243 -0.00448157 0.0016763 
4 4 4 2.38669 -0.00363802 0.00137489 
5 4 4 2.3837 -0.00259314 0.000941827 
6 4 4 2.38417 -0.00136069 0.000423876 
7 4 4 2.38779 -0.000408374 6.2953e-05 
8 4 4 2.38461 0.000386517 -0.000239978 
9 4 4 2.38462 0.00100422 -0.000494525 
10 4 4 2.38798 0.00160802 -0.000742984 
11 4 4 2.36536 -0.00366404 0.00125851 
0 5 5 3.79313 -0.00424264 0.00444283 
1 5 5 3.78594 -0.00455352 0.00470379 
2 5 5 3.76879 -0.0042622 0.00439042 
3 5 5 3.75501 -0.0038593 0.00395848 
4 5 5 3.75036 -0.00330297 0.00337241 
5 5 5 3.73803 -0.00228628 0.00232897 
6 5 5 3.73215 -0.00129371 0.00130369 
7 5 5 3.73501 -0.000434101 0.000403384 
8 5 5 3.73016 0.000309975 -0.000373047 
9 5 5 3.73701 0.000821133 -0.000916743 
10 5 5 3.7401 0.00106091 -0.00119433 
11 5 5 3.74535 -0.000867387 0.000717231 
0 6 6 3.79462 0.00450288 0.00447413 
1 6 6 3.78754 0.00476978 0.00474713 
2 6 6 3.77036 0.0044223 0.00441718 
3 6 6 3.75659 0.00396421 0.00397501 
4 6 6 3.75198 0.00337275 0.00339094 
5 6 6 3.73956 0.00232877 0.00235011 
6 6 6 3.73365 0.00130426 0.00133068 
7 6 6 3.73652 0.000407832 0.000437068 
8 6 6 3.73159 -0.000376098 -0.000342879 
9 6 6 3.73837 -0.00092833 -0.000888403 
10 6 6 3.74147 -0.00119629 -0.00116057 
11 6 6 3.74658 0.000722594 0.000739524 
0 7 7 2.38349 0.00534409 0.00205022 
1 7 7 2.38818 0.00539128 0.00207151 
2 7 7 2.3848 0.00517716 0.00192857 
3 7 7 2.38542 0.00454928 0.00168138 
4 7 7 2.38968 0.00368808 0.00138432 
5 7 7 2.38662 0.00262738 0.000978789 
6 7 7 2.38707 0.00137682 0.000491894 
7 7 7 2.39067 0.000376284 0.000117093 
8 7 7 2.38734 -0.000458075 -0.000201108 
9 7 7 2.38719 -0.00111124 -0.000472045 
10 7 7 2.39044 -0.00170617 -0.000716312 
11 7 7 2.36761 0.00361056 0.00129212 
0 8 8 1.09894 0.00226278 0.000402077 
1 8 8 1.04706 0.00209876 0.000383104 
2 8 8 1.10902 0.00213082 0.000283189 
3 8 8 1.1134 0.00188274 0.000260587 
4 8 8 1.05969 0.00138105 0.000229226 
5 8 8 1.1197 0.00100262 0.00013644 
6 8 8 1.12127 0.000558376 7.21119e-05 
7 8 8 1.06434 0.000127855 -4.09694e-06 
8 8 8 1.12151 -0.000202369 -7.80397e-05 
9 8 8 1.12059 -0.0004366 -0.000148176 
10 8 8 1.06177 -0.00141244 -0.000464779 
11 8 8 1.12616 0.0053053 0.001082 
0 9 9 0 0 0 
1 9 9 0 0 0 
2 9 9 0 0 0 
3 9 9 0 0 0 
4 9 9 0 0 0 
5 9 9 0 0 0 
6 9 9 0 0 0 
7 9 9 0 0 0 
8 9 9 0 0 0 
9 9 9 0 0 0 
10 9 9 0 0 0 
11 9 9 0 0 0 
0 10 10 0 0 0 
1 10 10 0 0 0 
2 10 10 0 0 0 
3 10 10 0 0 0 
4 10 10 0 0 0 
5 10 10 0 0 0 
6 10 10 0 0 0 
7 10 10 0 0 0 
8 10 10 0 0 0 
9 10 10 0 0 0 
10 10 10 0 0 0 
11 10 10 0 0 0 
0 11 11 0 0 0 
1 11 11 0 0 0 
2 11 11 0 0 0 
3 11 11 0 0 0 
4 11 11 0 0 0 
5 11 11 0 0 0 
6 11 11 0 0 0 
7 11 11 0 0 0 
8 11 11 0 0 0 
9 11 11 0 0 0 
10 11 11 0 0 0 
11 11 11 0 0 0 
0 0 0 0 0 0 
1 0 0 0 0 0 
2 0 0 0 0 0 
3 0 0 0 0 0 
4 0 0 0 0 0 
5 0 0 0 0 0 
6 0 0 0 0 0 
7 0 0 0 0 0 
8 0 0 0 0 0 
9 0 0 0 0 0 
10 0 0 0 0 0 
11 0 0 0 0 0 
0 1 1 0 0 0 
1 1 1 0 0 0 
2 1 1 0 0 0 
3 1 1 0 0 0 
4 1 1 0 0 0 
5 1 1 0 0 0 
6 1 1 0 0 0 
7 1 1 0 0 0 
8 1 1 0 0 0 
9 1 1 0 0 0 
10 1 1 0 0 0 
11 1 1 0 0 0 
0 2 2 0 0 0 
1 2 2 0 0 0 
2 2 2 0 0 0 
3 2 2 0 0 0 
4 2 2 0 0 0 
5 2 2 0 0 0 
6 2 2 0 0 0 
7 2 2 0 0 0 
8 2 2 0 0 0 
9 2 2 0 0 0 
10 2 2 0 0 0 
11 2 2 0 0 0 
0 3 3 0.573129 -0.000883827 0.000398713 
1 3 3 0.541584 -0.000836368 0.000411683 
2 3 3 0.579974 -0.000830794 0.00043728 
3 3 3 0.583073 -0.000738227 0.000405338 
4 3 3 0.549979 -0.000572253 0.000317183 
5 3 3 0.587494 -0.000439593 0.000217655 
6 3 3 0.588567 -0.000243046 9.37577e-05 
7 3 3 0.553214 -0.000127044 2.75979e-06 
8 3 3 0.589044 -1.24995e-05 -6.63443e-05 
9 3 3 0.588594 9.81228e-05 -0.00011661 
10 3 3 0.551975 0.000405152 -0.000365206 
11 3 3 0.602622 -0.00427055 0.002368 
0 4 4 1.52984 -0.00256418 0.00245044 
1 4 4 1.54298 -0.00257814 0.00246476 
2 4 4 1.53702 -0.00244188 0.00240871 
3 4 4 1.54102 -0.00213799 0.00210721 
4 4 4 1.55376 -0.00172963 0.00167084 
5 4 4 1.54602 -0.0012304 0.00115625 
6 4 4 1.54761 -0.000657102 0.000554015 
7 4 4 1.55822 -0.000231208 7.3612e-05 
8 4 4 1.5481 0.000119652 -0.000299943 
9 4 4 1.54741 0.000411037 -0.00057227 
10 4 4 1.55644 0.00127274 -0.00141513 
11 4 4 1.58412 -0.0034108 0.00328703 
0 5 5 2.38265 -0.00194767 0.00523716 
1 5 5 2.38723 -0.00202793 0.00529585 
2 5 5 2.38383 -0.00198081 0.00515851 
3 5 5 2.38454 -0.00176201 0.00455009 
4 5 5 2.38888 -0.00146228 0.00367998 
5 5 5 2.38586 -0.00105741 0.00261381 
6 5 5 2.38636 -0.000584646 0.00135643 
7 5 5 2.39001 -0.000239319 0.000345974 
8 5 5 2.3867 5.03817e-05 -0.000486855 
9 5 5 2.38662 0.0002927 -0.00110862 
10 5 5 2.38996 0.000542869 -0.0017103 
11 5 5 2.36713 -0.00144981 0.00356399 
0 6 6 2.38462 0.0020724 0.00530591 
1 6 6 2.38931 0.00208514 0.0053688 
2 6 6 2.38592 0.00191321 0.00517717 
3 6 6 2.38653 0.00165237 0.00456398 
4 6 6 2.39081 0.00135763 0.00370562 
5 6 6 2.38776 0.000955014 0.0026454 
6 6 6 2.38822 0.000469208 0.00139404 
7 6 6 2.39183 9.27037e-05 0.000393248 
8 6 6 2.38851 -0.000229499 -0.00043485 
9 6 6 2.3884 -0.000494316 -0.00105551 
10 6 6 2.39169 -0.000737077 -0.00166316 
11 6 6 2.36881 0.00126879 0.00359518 
0 7 7 1.53396 0.00258828 0.00255472 
1 7 7 1.54741 0.00258748 0.00257445 
2 7 7 1.54129 0.0024382 0.00244634 
3 7 7 1.54525 0.00211195 0.00213137 
4 7 7 1.55813 0.00168857 0.00170835 
5 7 7 1.55014 0.00118689 0.00120418 
6 7 7 1.55171 0.000606344 0.000620826 
7 7 7 1.56247 0.000135277 0.000151415 
8 7 7 1.5521 -0.000242549 -0.000216522 
9 7 7 1.55132 -0.000551398 -0.000492689 
10 7 7 1.56043 -0.00139336 -0.00135856 
11 7 7 1.58767 0.00334043 0.00331349 
0 8 8 0.575792 0.000880574 0.000465319 
1 8 8 0.544247 0.000827137 0.000464121 
2 8 8 0.582732 0.000841037 0.00044952 
3 8 8 0.58584 0.000744875 0.000409194 
4 8 8 0.552677 0.000567875 0.000331646 
5 8 8 0.590231 0.000433888 0.000246957 
6 8 8 0.591397 0.000248277 0.000146887 
7 8 8 0.555962 8.0568e-05 5.06441e-05 
8 8 8 0.591724 -4.62669e-05 -2.0988e-05 
9 8 8 0.591105 -0.000170475 -8.3257e-05 
10 8 8 0.554287 -0.000451313 -0.000355017 
11 8 8 0.604898 0.00433321 0.00236441 
0 9 9 0 0 0 
1 9 9 0 0 0 
2 9 9 0 0 0 
3 9 9 0 0 0 
4 9 9 0 0 0 
5 9 9 0 0 0 
6 9 9 0 0 0 
7 9 9 0 0 0 
8 9 9 0 0 0 
9 9 9 0 0 0 
10 9 9 0 0 0 
11 9 9 0 0 0 
0 10 10 0 0 0 
1 10 10 0 0 0 
2 10 10 0 0 0 
3 10 10 0 0 0 
4 10 10 0 0 0 
5 10 10 0 0 0 
6 10 10 0 0 0 
7 10 10 0 0 0 
8 10 10 0 0 0 
9 10 10 0 0 0 
10 10 10 0 0 0 
11 10 10 0 0 0 
0 11 11 0 0 0 
1 11 11 0 0 0 
2 11 11 0 0 0 
3 11 11 0 0 0 
4 11 11 0 0 0 
5 11 11 0 0 0 
6 11 11 0 0 0 
7 11 11 0 0 0 
8 11 11 0 0 0 
9 11 11 0 0 0 
10 11 11 0 0 0 
11 11 11 0 0 0 
0 0 0 0 0 0 
1 0 0 0 0 0 
2 0 0 0 0 0 
3 0 0 0 0 0 
4 0 0 0 0 0 
5 0 0 0 0 0 
6 0 0 0 0 0 
7 0 0 0 0 0 
8 0 0 0 0 0 
9 0 0 0 0 0 
10 0 0 0 0 0 
11 0 0 0 0 0 
0 1 1 0 0 0 
1 1 1 0 0 0 
2 1 1 0 0 0 
3 1 1 0 0 0 
4 1 1 0 0 0 
5 1 1 0 0 0 
6 1 1 0 0 0 
7 1 1 0 0 0 
8 1 1 0 0 0 
9 1 1 0 0 0 
10 1 1 0 0 0 
11 1 1 0 0 0 
0 2 2 0 0 0 
1 2 2 0 0 0 
2 2 2 0 0 0 
3 2 2 0 0 0 
4 2 2 0 0 0 
5 2 2 0 0 0 
6 2 2 0 0 0 
7 2 2 0 0 0 
8 2 2 0 0 0 
9 2 2 0 0 0 
10 2 2 0 0 0 
11 2 2 0 0 0 
0 3 3 0.0723456 -6.60944e-05 3.42053e-05 
1 3 3 0.0731419 -6.02631e-05 5.2588e-05 
2 3 3 0.073925 -5.3466e-05 6.73127e-05 
3 3 3 0.0744563 -6.38294e-05 6.43977e-05 
4 3 3 0.0752137 -6.53151e-05 5.57205e-05 
5 3 3 0.07583 -5.54883e-05 4.52838e-05 
6 3 3 0.0761398 -4.65267e-05 3.39128e-05 
7 3 3 0.0764194 -3.52852e-05 9.9367e-06 
8 3 3 0.0765169 -1.75499e-05 2.46176e-06 
9 3 3 0.0765012 -4.80578e-06 -4.04151e-06 
10 3 3 0.0764476 -9.68344e-05 9.36696e-05 
11 3 3 0.0743949 -0.0013365 0.00134225 
0 4 4 0.573219 -0.000506933 0.000763785 
1 4 4 0.541355 -0.000488082 0.00073965 
2 4 4 0.579904 -0.000484404 0.000873187 
3 4 4 0.583238 -0.000445938 0.000757232 
4 4 4 0.550102 -0.000370583 0.000557158 
5 4 4 0.587766 -0.000290153 0.000416785 
6 4 4 0.58896 -0.000197343 0.000224419 
7 4 4 0.553467 -0.000111799 4.78402e-05 
8 4 4 0.589312 -4.34692e-05 -7.37743e-05 
9 4 4 0.588795 2.97975e-05 -0.000155304 
10 4 4 0.552042 0.000306455 -0.000440654 
11 4 4 0.602933 -0.0024171 0.00425794 
0 5 5 1.09964 -0.000339445 0.00216641 
1 5 5 1.04753 -0.000408258 0.00202195 
2 5 5 1.10954 -0.000461072 0.00215098 
3 5 5 1.11412 -0.000420345 0.00190165 
4 5 5 1.06049 -0.000340408 0.00138007 
5 5 5 1.12057 -0.000235276 0.000995808 
6 5 5 1.12217 -0.000176342 0.000547012 
7 5 5 1.06526 -0.000112756 0.000109637 
8 5 5 1.12245 -5.90104e-05 -0.000215678 
9 5 5 1.12162 -1.52354e-05 -0.000413363 
10 5 5 1.06289 0.000348196 -0.00139726 
11 5 5 1.12731 -0.00113942 0.00526109 
0 6 6 1.10038 0.000419636 0.00222645 
1 6 6 1.04839 0.00039374 0.00208105 
2 6 6 1.11042 0.000252329 0.00213164 
3 6 6 1.11479 0.000227034 0.00189142 
4 6 6 1.06098 0.000208632 0.00138915 
5 6 6 1.12112 0.000122792 0.00100981 
6 6 6 1.1227 5.98912e-05 0.000564584 
7 6 6 1.06568 -1.82316e-05 0.000134386 
8 6 6 1.12296 -9.46014e-05 -0.000189236 
9 6 6 1.12212 -0.000134713 -0.000388483 
10 6 6 1.06329 -0.000466002 -0.00137763 
11 6 6 1.12774 0.00102889 0.00527881 
0 7 7 0.577996 0.000491787 0.000852211 
1 7 7 0.546436 0.000469657 0.000822799 
2 7 7 0.58492 0.000436117 0.000848574 
3 7 7 0.588026 0.0003923 0.000755667 
4 7 7 0.554873 0.000320455 0.000577087 
5 7 7 0.592436 0.000238783 0.000440975 
6 7 7 0.593609 0.000139823 0.000253808 
7 7 7 0.558178 4.06757e-05 8.7285e-05 
8 7 7 0.593949 -4.20686e-05 -3.06563e-05 
9 7 7 0.593421 -0.00010953 -0.000115473 
10 7 7 0.556718 -0.000359272 -0.000421187 
11 7 7 0.607123 0.00237998 0.00426974 
0 8 8 0.0756984 5.36275e-05 4.87853e-05 
1 8 8 0.0765157 5.8466e-05 6.1262e-05 
2 8 8 0.0773584 6.20986e-05 6.69912e-05 
3 8 8 0.0779087 6.3409e-05 6.76566e-05 
4 8 8 0.0786691 5.99772e-05 6.26891e-05 
5 8 8 0.0792861 4.94322e-05 5.13378e-05 
6 8 8 0.0795922 3.93935e-05 4.10132e-05 
7 8 8 0.079881 2.23399e-05 2.49442e-05 
8 8 8 0.0799818 5.6013e-06 1.26227e-05 
9 8 8 0.0799629 -5.73592e-06 6.52938e-06 
10 8 8 0.0799037 9.72559e-05 9.28168e-05 
11 8 8 0.0778228 0.00138004 0.00134561 
0 9 9 0 0 0 
1 9 9 0 0 0 
2 9 9 0 0 0 
3 9 9 0 0 0 
4 9 9 0 0 0 
5 9 9 0 0 0 
6 9 9 0 0 0 
7 9 9 0 0 0 
8 9 9 0 0 0 
9 9 9 0 0 0 
10 9 9 0 0 0 
11 9 9 0 0 0 
0 10 10 0 0 0 
1 10 10 0 0 0 
2 10 10 0 0 0 
3 10 10 0 0 0 
4 10 10 0 0 0 
5 10 10 0 0 0 
6 10 10 0 0 0 
7 10 10 0 0 0 
8 10 10 0 0 0 
9 10 10 0 0 0 
10 10 10 0 0 0 
11 10 10 0 0 0 
0 11 11 0 0 0 
1 11 11 0 0 0 
2 11 11 0 0 0 
3 11 11 0 0 0 
4 11 11 0 0 0 
5 11 11 0 0 0 
6 11 11 0 0 0 
7 11 11 0 0 0 
8 11 11 0 0 0 
9 11 11 0 0 0 
10 11 11 0 0 0 
11 11 11 0 0 0 
0 0 0 0 0 0 
1 0 0 0 0 0 
2 0 0 0 0 0 
3 0 0 0 0 0 
4 0 0 0 0 0 
5 0 0 0 0 0 
6 0 0 0 0 0 
7 0 0 0 0 0 
8 0 0 0 0 0 
9 0 0 0 0 0 
10 0 0 0 0 0 
11 0 0 0 0 0 
0 1 1 0 0 0 
1 1 1 0 0 0 
2 1 1 0 0 0 
3 1 1 0 0 0 
4 1 1 0 0 0 
5 1 1 0 0 0 
6 1 1 0 0 0 
7 1 1 0 0 0 
8 1 1 0 0 0 
9 1 1 0 0 0 
10 1 1 0 0 0 
11 1 1 0 0 0 
0 2 2 0 0 0 
1 2 2 0 0 0 
2 2 2 0 0 0 
3 2 2 0 0 0 
4 2 2 0 0 0 
5 2 2 0 0 0 
6 2 2 0 0 0 
7 2 2 0 0 0 
8 2 2 0 0 0 
9 2 2 0 0 0 
10 2 2 0 0 0 
11 2 2 0 0 0 
0 3 3 0 0 0 
1 3 3 0 0 0 
2 3 3 0 0 0 
3 3 3 0 0 0 
4 3 3 0 0 0 
5 3 3 0 0 0 
6 3 3 0 0 0 
7 3 3 0 0 0 
8 3 3 0 0 0 
9 3 3 0 0 0 
10 3 3 0 0 0 
11 3 3 0 0 0 
0 4 4 0 0 0 
1 4 4 0 0 0 
2 4 4 0 0 0 
3 4 4 0 0 0 
4 4 4 0 0 0 
5 4 4 0 0 0 
6 4 4 0 0 0 
7 4 4 0 0 0 
8 4 4 0 0 0 
9 4 4 0 0 0 
10 4 4 0 0 0 
11 4 4 0 0 0 
0 5 5 0 0 0 
1 5 5 0 0 0 
2 5 5 0 0 0 
3 5 5 0 0 0 
4 5 5 0 0 0 
5 5 5 0 0 0 
6 5 5 0 0 0 
7 5 5 0 0 0 
8 5 5 0 0 0 
9 5 5 0 0 0 
10 5 5 0 0 0 
11 5 5 0 0 0 
0 6 6 0 0 0 
1 6 6 0 0 0 
2 6 6 0 0 0 
3 6 6 0 0 0 
4 6 6 0 0 0 
5 6 6 0 0 0 
6 6 6 0 0 0 
7 6 6 0 0 0 
8 6 6 0 0 0 
9 6 6 0 0 0 
10 6 6 0 0 0 
11 6 6 0 0 0 
0 7 7 0 0 0 
1 7 7 0 0 0 
2 7 7 0 0 0 
3 7 7 0 0 0 
4 7 7 0 0 0 
5 7 7 0 0 0 
6 7 7 0 0 0 
7 7 7 0 0 0 
8 7 7 0 0 0 
9 7 7 0 0 0 
10 7 7 0 0 0 
11 7 7 0 0 0 
0 8 8 0 0 0 
1 8 8 0 0 0 
2 8 8 0 0 0 
3 8 8 0 0 0 
4 8 8 0 0 0 
5 8 8 0 0 0 
6 8 8 0 0 0 
7 8 8 0 0 0 
8 8 8 0 0 0 
9 8 8 0 0 0 
10 8 8 0 0 0 
11 8 8 0 0 0 
0 9 9 0 0 0 
1 9 9 0 0 0 
2 9 9 0 0 0 
3 9 9 0 0 0 
4 9 9 0 0 0 
5 9 9 0 0 0 
6 9 9 0 0 0 
7 9 9 0 0 0 
8 9 9 0 0 0 
9 9 9 0 0 0 
10 9 9 0 0 0 
11 9 9 0 0 0 
0 10 10 0 0 0 
1 10 10 0 0 0 
2 10 10 0 0 0 
3 10 10 0 0 0 
4 10 10 0 0 0 
5 10 10 0 0 0 
6 10 10 0 0 0 
7 10 10 0 0 0 
8 10 10 0 0 0 
9 10 10 0 0 0 
10 10 10 0 0 0 
11 10 10 0 0 0 
0 11 11 0 0 0 
1 11 11 0 0 0 
2 11 11 0 0 0 
3 11 11 0 0 0 
4 11 11 0 0 0 
5 11 11 0 0 0 
6 11 11 0 0 0 
7 11 11 0 0 0 
8 11 11 0 0 0 
9 11 11 0 0 0 
10 11 11 0 0 0 
11 11 11 0 0 0 
0 0 0 0 0 0 
1 0 0 0 0 0 
2 0 0 0 0 0 
3 0 0 0 0 0 
4 0 0 0 0 0 
5 0 0 0 0 0 
6 0 0 0 0 0 
7 0 0 0 0 0 
8 0 0 0 0 0 
9 0 0 0 0 0 
10 0 0 0 0 0 
11 0 0 0 0 0 
0 1 1 0 0 0 
1 1 1 0 0 0 
2 1 1 0 0 0 
3 1 1 0 0 0 
4 1 1 0 0 0 
5 1 1 0 0 0 
6 1 1 0 0 0 
7 1 1 0 0 0 
8 1 1 0 0 0 
9 1 1 0 0 0 
10 1 1 0 0 0 
11 1 1 0 0 0 
0 2 2 0 0 0 
1 2 2 0 0 0 
2 2 2 0 0 0 
3 2 2 0 0 0 
4 2 2 0 0 0 
5 2 2 0 0 0 
6 2 2 0 0 0 
7 2 2 0 0 0 
8 2 2 0 0 0 
9 2 2 0 0 0 
10 2 2 0 0 0 
11 2 2 0 0 0 
0 3 3 0 0 0 
1 3 3 0 0 0 
2 3 3 0 0 0 
3 3 3 0 0 0 
4 3 3 0 0 0 
5 3 3 0 0 0 
6 3 3 0 0 0 
7 3 3 0 0 0 
8 3 3 0 0 0 
9 3 3 0 0 0 
10 3 3 0 0 0 
11 3 3 0 0 0 
0 4 4 0 0 0 
1 4 4 0 0 0 
2 4 4 0 0 0 
3 4 4 0 0 0 
4 4 4 0 0 0 
5 4 4 0 0 0 
6 4 4 0 0 0 
7 4 4 0 0 0 
8 4 4 0 0 0 
9 4 4 0 0 0 
10 4 4 0 0 0 
11 4 4 0 0 0 
0 5 5 0 0 0 
1 5 5 0 0 0 
2 5 5 0 0 0 
3 5 5 0 0 0 
4 5 5 0 0 0 
5 5 5 0 0 0 
6 5 5 0 0 0 
7 5 5 0 0 0 
8 5 5 0 0 0 
9 5 5 0 0 0 
10 5 5 0 0 0 
11 5 5 0 0 0 
0 6 6 0 0 0 
1 6 6 0 0 0 
2 6 6 0 0 0 
3 6 6 0 0 0 
4 6 6 0 0 0 
5 6 6 0 0 0 
6 6 6 0 0 0 
7 6 6 0 0 0 
8 6 6 0 0 0 
9 6 6 0 0 0 
10 6 6 0 0 0 
11 6 6 0 0 0 
0 7 7 0 0 0 
1 7 7 0 0 0 
2 7 7 0 0 0 
3 7 7 0 0 0 
4 7 7 0 0 0 
5 7 7 0 0 0 
6 7 7 0 0 0 
7 7 7 0 0 0 
8 7 7 0 0 0 
9 7 7 0 0 0 
10 7 7 0 0 0 
11 7 7 0 0 0 
0 8 8 0 0 0 
1 8 8 0 0 0 
2 8 8 0 0 0 
3 8 8 0 0 0 
4 8 8 0 0 0 
5 8 8 0 0 0 
6 8 8 0 0 0 
7 8 8 0 0 0 
8 8 8 0 0 0 
9 8 8 0 0 0 
10 8 8 0 0 0 
11 8 8 0 0 0 
0 9 9 0 0 0 
1 9 9 0 0 0 
2 9 9 0 0 0 
3 9 9 0 0 0 
4 9 9 0 0 0 
5 9 9 0 0 0 
6 9 9 0 0 0 
7 9 9 0 0 0 
8 9 9 0 0 0 
9 9 9 0 0 0 
10 9 9 0 0 0 
11 9 9 0 0 0 
0 10 10 0 0 0 
1 10 10 0 0 0 
2 10 10 0 0 0 
3 10 10 0 0 0 
4 10 10 0 0 0 
5 10 10 0 0 0 
6 10 10 0 0 0 
7 10 10 0 0 0 
8 10 10 0 0 0 
9 10 10 0 0 0 
10 10 10 0 0 0 
11 10 10 0 0 0 
0 11 11 0 0 0 
1 11 11 0 0 0 
2 11 11 0 0 0 
3 11 11 0 0 0 
4 11 11 0 0 0 
5 11 11 0 0 0 
6 11 11 0 0 0 
7 11 11 0 0 0 
8 11 11 0 0 0 
9 11 11 0 0 0 
10 11 11 0 0 0 
11 11 11 0 0 0 
0 0 0 0 0 0 
1 0 0 0 0 0 
2 0 0 0 0 0 
3 0 0 0 0 0 
4 0 0 0 0 0 
5 0 0 0 0 0 
6 0 0 0 0 0 
7 0 0 0 0 0 
8 0 0 0 0 0 
9 0 0 0 0 0 
10 0 0 0 0 0 
11 0 0 0 0 0 
0 1 1 0 0 0 
1 1 1 0 0 0 
2 1 1 0 0 0 
3 1 1 0 0 0 
4 1 1 0 0 0 
5 1 1 0 0 0 
6 1 1 0 0 0 
7 1 1 0 0 0 
8 1 1 0 0 0 
9 1 1 0 0 0 
10 1 1 0 0 0 
11 1 1 0 0 0 
0 2 2 0 0 0 
1 2 2 0 0 0 
2 2 2 0 0 0 
3 2 2 0 0 0 
4 2 2 0 0 0 
5 2 2 0 0 0 
6 2 2 0 0 0 
7 2 2 0 0 0 
8 2 2 0 0 0 
9 2 2 0 0 0 
10 2 2 0 0 0 
11 2 2 0 0 0 
0 3 3 0 0 0 
1 3 3 0 0 0 
2 3 3 0 0 0 
3 3 3 0 0 0 
4 3 3 0 0 0 
5 3 3 0 0 0 
6 3 3 0 0 0 
7 3 3 0 0 0 
8 3 3 0 0 0 
9 3 3 0 0 0 
10 3 3 0 0 0 
11 3 3 0 0 0 
0 4 4 0 0 0 
1 4 4 0 0 0 
2 4 4 0 0 0 
3 4 4 0 0 0 
4 4 4 0 0 0 
5 4 4 0 0 0 
6 4 4 0 0 0 
7 4 4 0 0 0 
8 4 4 0 0 0 
9 4 4 0 0 0 
10 4 4 0 0 0 
11 4 4 0 0 0 
0 5 5 0 0 0 
1 5 5 0 0 0 
2 5 5 0 0 0 
3 5 5 0 0 0 
4 5 5 0 0 0 
5 5 5 0 0 0 
6 5 5 0 0 0 
7 5 5 0 0 0 
8 5 5 0 0 0 
9 5 5 0 0 0 
10 5 5 0 0 0 
11 5 5 0 0 0 
0 6 6 0 0 0 
1 6 6 0 0 0 
2 6 6 0 0 0 
3 6 6 0 0 0 
4 6 6 0 0 0 
5 6 6 0 0 0 
6 6 6 0 0 0 
7 6 6 0 0 0 
8 6 6 0 0 0 
9 6 6 0 0 0 
10 6 6 0 0 0 
11 6 6 0 0 0 
0 7 7 0 0 0 
1 7 7 0 0 0 
2 7 7 0 0 0 
3 7 7 0 0 0 
4 7 7 0 0 0 
5 7 7 0 0 0 
6 7 7 0 0 0 
7 7 7 0 0 0 
8 7 7 0 0 0 
9 7 7 0 0 0 
10 7 7 0 0 0 
11 7 7 0 0 0 
0 8 8 0 0 0 
1 8 8 0 0 0 
2 8 8 0 0 0 
3 8 8 0 0 0 
4 8 8 0 0 0 
5 8 8 0 0 0 
6 8 8 0 0 0 
7 8 8 0 0 0 
8 8 8 0 0 0 
9 8 8 0 0 0 
10 8 8 0 0 0 
11 8 8 0 0 0 
0 9 9 0 0 0 
1 9 9 0 0 0 
2 9 9 0 0 0 
3 9 9 0 0 0 
4 9 9 0 0 0 
5 9 9 0 0 0 
6 9 9 0 0 0 
7 9 9 0 0 0 
8 9 9 0 0 0 
9 9 9 0 0 0 
10 9 9 0 0 0 
11 9 9 0 0 0 
0 10 10 0 0 0 
1 10 10 0 0 0 
2 10 10 0 0 0 
3 10 10 0 0 0 
4 10 10 0 0 0 
5 10 10 0 0 0 
6 10 10 0 0 0 
7 10 10 0 0 0 
8 10 10 0 0 0 
9 10 10 0 0 0 
10 10 10 0 0 0 
11 10 10 0 0 0 
0 11 11 0 0 0 
1 11 11 0 0 0 
2 11 11 0 0 0 
3 11 11 0 0 0 
4 11 11 0 0 0 
5 11 11 0 0 0 
6 11 11 0 0 0 
7 11 11 0 0 0 
8 11 11 0 0 0 
9 11 11 0 0 0 
10 11 11 0 0 0 
11 11 11 0 0 0 
