0 0 0 0 0 0 
1 0 0 0 0 0 
2 0 0 0 0 0 
3 0 0 0 0 0 
4 0 0 0 0 0 
5 0 0 0 0 0 
6 0 0 0 0 0 
7 0 0 0 0 0 
8 0 0 0 0 0 
9 0 0 0 0 0 
10 0 0 0 0 0 
11 0 0 0 0 0 
0 1 1 0 0 0 
1 1 1 0 0 0 
2 1 1 0 0 0 
3 1 1 0 0 0 
4 1 1 0 0 0 
5 1 1 0 0 0 
6 1 1 0 0 0 
7 1 1 0 0 0 
8 1 1 0 0 0 
9 1 1 0 0 0 
10 1 1 0 0 0 
11 1 1 0 0 0 
0 2 2 0 0 0 
1 2 2 0 0 0 
2 2 2 0 0 0 
3 2 2 0 0 0 
4 2 2 0 0 0 
5 2 2 0 0 0 
6 2 2 0 0 0 
7 2 2 0 0 0 
8 2 2 0 0 0 
9 2 2 0 0 0 
10 2 2 0 0 0 
11 2 2 0 0 0 
0 3 3 0 0 0 
1 3 3 0 0 0 
2 3 3 0 0 0 
3 3 3 0 0 0 
4 3 3 0 0 0 
5 3 3 0 0 0 
6 3 3 0 0 0 
7 3 3 0 0 0 
8 3 3 0 0 0 
9 3 3 0 0 0 
10 3 3 0 0 0 
11 3 3 0 0 0 
0 4 4 0 0 0 
1 4 4 0 0 0 
2 4 4 0 0 0 
3 4 4 0 0 0 
4 4 4 0 0 0 
5 4 4 0 0 0 
6 4 4 0 0 0 
7 4 4 0 0 0 
8 4 4 0 0 0 
9 4 4 0 0 0 
10 4 4 0 0 0 
11 4 4 0 0 0 
0 5 5 0 0 0 
1 5 5 0 0 0 
2 5 5 0 0 0 
3 5 5 0 0 0 
4 5 5 0 0 0 
5 5 5 0 0 0 
6 5 5 0 0 0 
7 5 5 0 0 0 
8 5 5 0 0 0 
9 5 5 0 0 0 
10 5 5 0 0 0 
11 5 5 0 0 0 
0 6 6 0 0 0 
1 6 6 0 0 0 
2 6 6 0 0 0 
3 6 6 0 0 0 
4 6 6 0 0 0 
5 6 6 0 0 0 
6 6 6 0 0 0 
7 6 6 0 0 0 
8 6 6 0 0 0 
9 6 6 0 0 0 
10 6 6 0 0 0 
11 6 6 0 0 0 
0 7 7 0 0 0 
1 7 7 0 0 0 
2 7 7 0 0 0 
3 7 7 0 0 0 
4 7 7 0 0 0 
5 7 7 0 0 0 
6 7 7 0 0 0 
7 7 7 0 0 0 
8 7 7 0 0 0 
9 7 7 0 0 0 
10 7 7 0 0 0 
11 7 7 0 0 0 
0 8 8 0 0 0 
1 8 8 0 0 0 
2 8 8 0 0 0 
3 8 8 0 0 0 
4 8 8 0 0 0 
5 8 8 0 0 0 
6 8 8 0 0 0 
7 8 8 0 0 0 
8 8 8 0 0 0 
9 8 8 0 0 0 
10 8 8 0 0 0 
11 8 8 0 0 0 
0 9 9 0 0 0 
1 9 9 0 0 0 
2 9 9 0 0 0 
3 9 9 0 0 0 
4 9 9 0 0 0 
5 9 9 0 0 0 
6 9 9 0 0 0 
7 9 9 0 0 0 
8 9 9 0 0 0 
9 9 9 0 0 0 
10 9 9 0 0 0 
11 9 9 0 0 0 
0 10 10 0 0 0 
1 10 10 0 0 0 
2 10 10 0 0 0 
3 10 10 0 0 0 
4 10 10 0 0 0 
5 10 10 0 0 0 
6 10 10 0 0 0 
7 10 10 0 0 0 
8 10 10 0 0 0 
9 10 10 0 0 0 
10 10 10 0 0 0 
11 10 10 0 0 0 
0 11 11 0 0 0 
1 11 11 0 0 0 
2 11 11 0 0 0 
3 11 11 0 0 0 
4 11 11 0 0 0 
5 11 11 0 0 0 
6 11 11 0 0 0 
7 11 11 0 0 0 
8 11 11 0 0 0 
9 11 11 0 0 0 
10 11 11 0 0 0 
11 11 11 0 0 0 
0 0 0 0 0 0 
1 0 0 0 0 0 
2 0 0 0 0 0 
3 0 0 0 0 0 
4 0 0 0 0 0 
5 0 0 0 0 0 
6 0 0 0 0 0 
7 0 0 0 0 0 
8 0 0 0 0 0 
9 0 0 0 0 0 
10 0 0 0 0 0 
11 0 0 0 0 0 
0 1 1 0 0 0 
1 1 1 0 0 0 
2 1 1 0 0 0 
3 1 1 0 0 0 
4 1 1 0 0 0 
5 1 1 0 0 0 
6 1 1 0 0 0 
7 1 1 0 0 0 
8 1 1 0 0 0 
9 1 1 0 0 0 
10 1 1 0 0 0 
11 1 1 0 0 0 
0 2 2 0 0 0 
1 2 2 0 0 0 
2 2 2 0 0 0 
3 2 2 0 0 0 
4 2 2 0 0 0 
5 2 2 0 0 0 
6 2 2 0 0 0 
7 2 2 0 0 0 
8 2 2 0 0 0 
9 2 2 0 0 0 
10 2 2 0 0 0 
11 2 2 0 0 0 
0 3 3 0 0 0 
1 3 3 0 0 0 
2 3 3 0 0 0 
3 3 3 0 0 0 
4 3 3 0 0 0 
5 3 3 0 0 0 
6 3 3 0 0 0 
7 3 3 0 0 0 
8 3 3 0 0 0 
9 3 3 0 0 0 
10 3 3 0 0 0 
11 3 3 0 0 0 
0 4 4 0 0 0 
1 4 4 0 0 0 
2 4 4 0 0 0 
3 4 4 0 0 0 
4 4 4 0 0 0 
5 4 4 0 0 0 
6 4 4 0 0 0 
7 4 4 0 0 0 
8 4 4 0 0 0 
9 4 4 0 0 0 
10 4 4 0 0 0 
11 4 4 0 0 0 
0 5 5 0 0 0 
1 5 5 0 0 0 
2 5 5 0 0 0 
3 5 5 0 0 0 
4 5 5 0 0 0 
5 5 5 0 0 0 
6 5 5 0 0 0 
7 5 5 0 0 0 
8 5 5 0 0 0 
9 5 5 0 0 0 
10 5 5 0 0 0 
11 5 5 0 0 0 
0 6 6 0 0 0 
1 6 6 0 0 0 
2 6 6 0 0 0 
3 6 6 0 0 0 
4 6 6 0 0 0 
5 6 6 0 0 0 
6 6 6 0 0 0 
7 6 6 0 0 0 
8 6 6 0 0 0 
9 6 6 0 0 0 
10 6 6 0 0 0 
11 6 6 0 0 0 
0 7 7 0 0 0 
1 7 7 0 0 0 
2 7 7 0 0 0 
3 7 7 0 0 0 
4 7 7 0 0 0 
5 7 7 0 0 0 
6 7 7 0 0 0 
7 7 7 0 0 0 
8 7 7 0 0 0 
9 7 7 0 0 0 
10 7 7 0 0 0 
11 7 7 0 0 0 
0 8 8 0 0 0 
1 8 8 0 0 0 
2 8 8 0 0 0 
3 8 8 0 0 0 
4 8 8 0 0 0 
5 8 8 0 0 0 
6 8 8 0 0 0 
7 8 8 0 0 0 
8 8 8 0 0 0 
9 8 8 0 0 0 
10 8 8 0 0 0 
11 8 8 0 0 0 
0 9 9 0 0 0 
1 9 9 0 0 0 
2 9 9 0 0 0 
3 9 9 0 0 0 
4 9 9 0 0 0 
5 9 9 0 0 0 
6 9 9 0 0 0 
7 9 9 0 0 0 
8 9 9 0 0 0 
9 9 9 0 0 0 
10 9 9 0 0 0 
11 9 9 0 0 0 
0 10 10 0 0 0 
1 10 10 0 0 0 
2 10 10 0 0 0 
3 10 10 0 0 0 
4 10 10 0 0 0 
5 10 10 0 0 0 
6 10 10 0 0 0 
7 10 10 0 0 0 
8 10 10 0 0 0 
9 10 10 0 0 0 
10 10 10 0 0 0 
11 10 10 0 0 0 
0 11 11 0 0 0 
1 11 11 0 0 0 
2 11 11 0 0 0 
3 11 11 0 0 0 
4 11 11 0 0 0 
5 11 11 0 0 0 
6 11 11 0 0 0 
7 11 11 0 0 0 
8 11 11 0 0 0 
9 11 11 0 0 0 
10 11 11 0 0 0 
11 11 11 0 0 0 
0 0 0 0 0 0 
1 0 0 0 0 0 
2 0 0 0 0 0 
3 0 0 0 0 0 
4 0 0 0 0 0 
5 0 0 0 0 0 
6 0 0 0 0 0 
7 0 0 0 0 0 
8 0 0 0 0 0 
9 0 0 0 0 0 
10 0 0 0 0 0 
11 0 0 0 0 0 
0 1 1 0 0 0 
1 1 1 0 0 0 
2 1 1 0 0 0 
3 1 1 0 0 0 
4 1 1 0 0 0 
5 1 1 0 0 0 
6 1 1 0 0 0 
7 1 1 0 0 0 
8 1 1 0 0 0 
9 1 1 0 0 0 
10 1 1 0 0 0 
11 1 1 0 0 0 
0 2 2 0 0 0 
1 2 2 0 0 0 
2 2 2 0 0 0 
3 2 2 0 0 0 
4 2 2 0 0 0 
5 2 2 0 0 0 
6 2 2 0 0 0 
7 2 2 0 0 0 
8 2 2 0 0 0 
9 2 2 0 0 0 
10 2 2 0 0 0 
11 2 2 0 0 0 
0 3 3 0 0 0 
1 3 3 0 0 0 
2 3 3 0 0 0 
3 3 3 0 0 0 
4 3 3 0 0 0 
5 3 3 0 0 0 
6 3 3 0 0 0 
7 3 3 0 0 0 
8 3 3 0 0 0 
9 3 3 0 0 0 
10 3 3 0 0 0 
11 3 3 0 0 0 
0 4 4 0 0 0 
1 4 4 0 0 0 
2 4 4 0 0 0 
3 4 4 0 0 0 
4 4 4 0 0 0 
5 4 4 0 0 0 
6 4 4 0 0 0 
7 4 4 0 0 0 
8 4 4 0 0 0 
9 4 4 0 0 0 
10 4 4 0 0 0 
11 4 4 0 0 0 
0 5 5 0 0 0 
1 5 5 0 0 0 
2 5 5 0 0 0 
3 5 5 0 0 0 
4 5 5 0 0 0 
5 5 5 0 0 0 
6 5 5 0 0 0 
7 5 5 0 0 0 
8 5 5 0 0 0 
9 5 5 0 0 0 
10 5 5 0 0 0 
11 5 5 0 0 0 
0 6 6 0 0 0 
1 6 6 0 0 0 
2 6 6 0 0 0 
3 6 6 0 0 0 
4 6 6 0 0 0 
5 6 6 0 0 0 
6 6 6 0 0 0 
7 6 6 0 0 0 
8 6 6 0 0 0 
9 6 6 0 0 0 
10 6 6 0 0 0 
11 6 6 0 0 0 
0 7 7 0 0 0 
1 7 7 0 0 0 
2 7 7 0 0 0 
3 7 7 0 0 0 
4 7 7 0 0 0 
5 7 7 0 0 0 
6 7 7 0 0 0 
7 7 7 0 0 0 
8 7 7 0 0 0 
9 7 7 0 0 0 
10 7 7 0 0 0 
11 7 7 0 0 0 
0 8 8 0 0 0 
1 8 8 0 0 0 
2 8 8 0 0 0 
3 8 8 0 0 0 
4 8 8 0 0 0 
5 8 8 0 0 0 
6 8 8 0 0 0 
7 8 8 0 0 0 
8 8 8 0 0 0 
9 8 8 0 0 0 
10 8 8 0 0 0 
11 8 8 0 0 0 
0 9 9 0 0 0 
1 9 9 0 0 0 
2 9 9 0 0 0 
3 9 9 0 0 0 
4 9 9 0 0 0 
5 9 9 0 0 0 
6 9 9 0 0 0 
7 9 9 0 0 0 
8 9 9 0 0 0 
9 9 9 0 0 0 
10 9 9 0 0 0 
11 9 9 0 0 0 
0 10 10 0 0 0 
1 10 10 0 0 0 
2 10 10 0 0 0 
3 10 10 0 0 0 
4 10 10 0 0 0 
5 10 10 0 0 0 
6 10 10 0 0 0 
7 10 10 0 0 0 
8 10 10 0 0 0 
9 10 10 0 0 0 
10 10 10 0 0 0 
11 10 10 0 0 0 
0 11 11 0 0 0 
1 11 11 0 0 0 
2 11 11 0 0 0 
3 11 11 0 0 0 
4 11 11 0 0 0 
5 11 11 0 0 0 
6 11 11 0 0 0 
7 11 11 0 0 0 
8 11 11 0 0 0 
9 11 11 0 0 0 
10 11 11 0 0 0 
11 11 11 0 0 0 
0 0 0 0 0 0 
1 0 0 0 0 0 
2 0 0 0 0 0 
3 0 0 0 0 0 
4 0 0 0 0 0 
5 0 0 0 0 0 
6 0 0 0 0 0 
7 0 0 0 0 0 
8 0 0 0 0 0 
9 0 0 0 0 0 
10 0 0 0 0 0 
11 0 0 0 0 0 
0 1 1 0 0 0 
1 1 1 0 0 0 
2 1 1 0 0 0 
3 1 1 0 0 0 
4 1 1 0 0 0 
5 1 1 0 0 0 
6 1 1 0 0 0 
7 1 1 0 0 0 
8 1 1 0 0 0 
9 1 1 0 0 0 
10 1 1 0 0 0 
11 1 1 0 0 0 
0 2 2 0 0 0 
1 2 2 0 0 0 
2 2 2 0 0 0 
3 2 2 0 0 0 
4 2 2 0 0 0 
5 2 2 0 0 0 
6 2 2 0 0 0 
7 2 2 0 0 0 
8 2 2 0 0 0 
9 2 2 0 0 0 
10 2 2 0 0 0 
11 2 2 0 0 0 
0 3 3 0.113646 4.15003e-05 3.58555e-05 
1 3 3 0.113091 3.62337e-05 4.03102e-05 
2 3 3 0.112562 3.53482e-05 3.75495e-05 
3 3 3 0.112233 3.50194e-05 3.37454e-05 
4 3 3 0.111788 3.28561e-05 2.75618e-05 
5 3 3 0.111381 2.39443e-05 3.43198e-05 
6 3 3 0.111128 2.20822e-05 3.14258e-05 
7 3 3 0.110799 2.1351e-05 2.50886e-05 
8 3 3 0.110507 1.53704e-05 2.66877e-05 
9 3 3 0.110326 1.29027e-05 3.01423e-05 
10 3 3 0.110098 -4.84964e-05 -6.19552e-05 
11 3 3 0.109047 -0.000431721 -0.000466537 
0 4 4 0.614195 0.000343989 0.000628737 
1 4 4 0.574516 0.000311565 0.000584557 
2 4 4 0.609238 0.000298218 0.000575157 
3 4 4 0.606985 0.000281324 0.000517183 
4 4 4 0.568327 0.00025285 0.000434345 
5 4 4 0.603223 0.000223842 0.000419867 
6 4 4 0.60158 0.000191481 0.000377647 
7 4 4 0.563809 0.000170803 0.000314327 
8 4 4 0.598892 0.000156922 0.000307793 
9 4 4 0.597565 0.00016746 0.000351273 
10 4 4 0.559869 0.000475217 0.000620139 
11 4 4 0.608893 -0.000958186 -0.00206038 
0 5 5 1.06507 0.000164571 0.00174298 
1 5 5 1.01465 0.000212286 0.00153677 
2 5 5 1.05742 0.000200609 0.00152017 
3 5 5 1.05408 0.000207661 0.00138363 
4 5 5 1.00485 0.000209913 0.00114718 
5 5 5 1.0483 0.00017792 0.00109822 
6 5 5 1.04588 0.000161844 0.000983476 
7 5 5 0.997735 0.000159322 0.000806703 
8 5 5 1.04179 0.000159083 0.000778555 
9 5 5 1.03998 0.000221165 0.000783686 
10 5 5 0.992147 0.000520783 0.00164488 
11 5 5 1.04412 -0.000502137 -0.00255318 
0 6 6 1.06555 -0.000475182 0.00174226 
1 6 6 1.01496 -0.000395795 0.00151871 
2 6 6 1.05779 -0.000306686 0.00151101 
3 6 6 1.05443 -0.000255153 0.00138138 
4 6 6 1.0051 -0.000218635 0.0011505 
5 6 6 1.04864 -0.000173864 0.0011023 
6 6 6 1.04623 -0.000150993 0.000986549 
7 6 6 0.997999 -0.000124351 0.000812708 
8 6 6 1.04217 -7.47254e-05 0.000776949 
9 6 6 1.04055 -3.20036e-05 0.000731095 
10 6 6 0.992837 -0.000442337 0.00161873 
11 6 6 1.04479 0.00035687 -0.00248599 
0 7 7 0.618799 -0.000471439 0.000611796 
1 7 7 0.579097 -0.00039591 0.000560389 
2 7 7 0.613663 -0.000337603 0.000572478 
3 7 7 0.611363 -0.000291812 0.000522874 
4 7 7 0.572755 -0.00025186 0.000445347 
5 7 7 0.607549 -0.00022469 0.000426947 
6 7 7 0.605911 -0.000195326 0.000381543 
7 7 7 0.568214 -0.000161463 0.000323749 
8 7 7 0.603237 -0.000136393 0.000308348 
9 7 7 0.602108 -0.000133518 0.000285783 
10 7 7 0.564702 -0.00043885 0.000588874 
11 7 7 0.613214 0.000946931 -0.00195594 
0 8 8 0.117486 -5.62784e-05 2.58196e-05 
1 8 8 0.116902 -4.38576e-05 3.91037e-05 
2 8 8 0.116325 -3.37217e-05 4.59798e-05 
3 8 8 0.115979 -3.37813e-05 3.79484e-05 
4 8 8 0.115515 -3.15398e-05 3.36433e-05 
5 8 8 0.115098 -2.79699e-05 3.2132e-05 
6 8 8 0.114847 -2.51905e-05 3.04881e-05 
7 8 8 0.114505 -2.06562e-05 2.75794e-05 
8 8 8 0.114205 -1.80162e-05 2.48116e-05 
9 8 8 0.114011 -2.0241e-05 2.59267e-05 
10 8 8 0.11376 5.83983e-05 -5.61018e-05 
11 8 8 0.112737 0.000478125 -0.000466493 
0 9 9 0 0 0 
1 9 9 0 0 0 
2 9 9 0 0 0 
3 9 9 0 0 0 
4 9 9 0 0 0 
5 9 9 0 0 0 
6 9 9 0 0 0 
7 9 9 0 0 0 
8 9 9 0 0 0 
9 9 9 0 0 0 
10 9 9 0 0 0 
11 9 9 0 0 0 
0 10 10 0 0 0 
1 10 10 0 0 0 
2 10 10 0 0 0 
3 10 10 0 0 0 
4 10 10 0 0 0 
5 10 10 0 0 0 
6 10 10 0 0 0 
7 10 10 0 0 0 
8 10 10 0 0 0 
9 10 10 0 0 0 
10 10 10 0 0 0 
11 10 10 0 0 0 
0 11 11 0 0 0 
1 11 11 0 0 0 
2 11 11 0 0 0 
3 11 11 0 0 0 
4 11 11 0 0 0 
5 11 11 0 0 0 
6 11 11 0 0 0 
7 11 11 0 0 0 
8 11 11 0 0 0 
9 11 11 0 0 0 
10 11 11 0 0 0 
11 11 11 0 0 0 
0 0 0 0 0 0 
1 0 0 0 0 0 
2 0 0 0 0 0 
3 0 0 0 0 0 
4 0 0 0 0 0 
5 0 0 0 0 0 
6 0 0 0 0 0 
7 0 0 0 0 0 
8 0 0 0 0 0 
9 0 0 0 0 0 
10 0 0 0 0 0 
11 0 0 0 0 0 
0 1 1 0 0 0 
1 1 1 0 0 0 
2 1 1 0 0 0 
3 1 1 0 0 0 
4 1 1 0 0 0 
5 1 1 0 0 0 
6 1 1 0 0 0 
7 1 1 0 0 0 
8 1 1 0 0 0 
9 1 1 0 0 0 
10 1 1 0 0 0 
11 1 1 0 0 0 
0 2 2 0 0 0 
1 2 2 0 0 0 
2 2 2 0 0 0 
3 2 2 0 0 0 
4 2 2 0 0 0 
5 2 2 0 0 0 
6 2 2 0 0 0 
7 2 2 0 0 0 
8 2 2 0 0 0 
9 2 2 0 0 0 
10 2 2 0 0 0 
11 2 2 0 0 0 
0 3 3 0.614541 0.000688269 0.000316606 
1 3 3 0.574862 0.000595187 0.000311962 
2 3 3 0.609512 0.000574823 0.00030492 
3 3 3 0.607246 0.000523195 0.000282493 
4 3 3 0.56856 0.000471995 0.000253786 
5 3 3 0.603313 0.000417296 0.000238609 
6 3 3 0.601811 0.000330636 0.000215825 
7 3 3 0.564157 0.000291579 0.000195704 
8 3 3 0.599215 0.000273389 0.000192815 
9 3 3 0.598082 0.00024895 0.000194717 
10 3 3 0.560657 0.000580738 0.000453678 
11 3 3 0.60942 -0.00191448 -0.000989419 
0 4 4 1.38526 0.00210603 0.00203724 
1 4 4 1.39056 0.00195464 0.00192741 
2 4 4 1.37944 0.00178831 0.00178233 
3 4 4 1.37635 0.00161155 0.00160313 
4 4 4 1.38201 0.00146794 0.00144648 
5 4 4 1.37193 0.00129469 0.0012985 
6 4 4 1.36971 0.00110793 0.00115183 
7 4 4 1.3758 0.000989312 0.00103107 
8 4 4 1.36659 0.000877875 0.000931799 
9 4 4 1.36499 0.000802914 0.000900927 
10 4 4 1.37114 0.00163349 0.00166201 
11 4 4 1.39326 -0.00129876 -0.00138453 
0 5 5 2.03722 0.00162083 0.0045501 
1 5 5 2.04039 0.00154616 0.00428785 
2 5 5 2.03591 0.00141022 0.00394103 
3 5 5 2.03532 0.00127715 0.00353588 
4 5 5 2.03898 0.00118418 0.00318958 
5 5 5 2.03424 0.00105003 0.00284994 
6 5 5 2.03375 0.000916125 0.00250757 
7 5 5 2.03778 0.000838233 0.00223482 
8 5 5 2.03286 0.000753537 0.00199262 
9 5 5 2.03243 0.000721892 0.00185096 
10 5 5 2.03694 0.000922701 0.00226457 
11 5 5 2.01661 -0.000437148 -0.00140715 
0 6 6 2.03876 -0.00195357 0.00450779 
1 6 6 2.04185 -0.00183505 0.00423397 
2 6 6 2.03729 -0.00163166 0.00390122 
3 6 6 2.03662 -0.0014252 0.00351236 
4 6 6 2.04022 -0.00128112 0.00317896 
5 6 6 2.03546 -0.00111358 0.00284801 
6 6 6 2.03495 -0.000952752 0.00251174 
7 6 6 2.03897 -0.000833993 0.00224444 
8 6 6 2.03408 -0.000697617 0.00199619 
9 6 6 2.03375 -0.00059255 0.00181191 
10 6 6 2.03836 -0.00082246 0.00225125 
11 6 6 2.01798 0.000434095 -0.00134579 
0 7 7 1.38876 -0.00229009 0.00196763 
1 7 7 1.39409 -0.00212405 0.00186286 
2 7 7 1.38267 -0.00187564 0.00173698 
3 7 7 1.3795 -0.0016589 0.00157995 
4 7 7 1.3853 -0.00148573 0.00143975 
5 7 7 1.37501 -0.00131573 0.00130429 
6 7 7 1.37274 -0.00114146 0.00116349 
7 7 7 1.379 -0.000996145 0.00104595 
8 7 7 1.36961 -0.000865272 0.000934857 
9 7 7 1.36807 -0.000783946 0.000861955 
10 7 7 1.37451 -0.0015851 0.00164982 
11 7 7 1.39625 0.00135023 -0.00130154 
0 8 8 0.616751 -0.000760286 0.000288422 
1 8 8 0.576868 -0.00065719 0.000293764 
2 8 8 0.611493 -0.000541077 0.000286023 
3 8 8 0.60935 -0.000506518 0.000278005 
4 8 8 0.570759 -0.000438757 0.000253986 
5 8 8 0.605573 -0.000414793 0.000244916 
6 8 8 0.603941 -0.000363608 0.000226755 
7 8 8 0.566239 -0.00029924 0.000200105 
8 8 8 0.601286 -0.000279275 0.000184517 
9 8 8 0.600161 -0.000257745 0.000179196 
10 8 8 0.562746 -0.000570532 0.000462557 
11 8 8 0.611497 0.00197117 -0.000942232 
0 9 9 0 0 0 
1 9 9 0 0 0 
2 9 9 0 0 0 
3 9 9 0 0 0 
4 9 9 0 0 0 
5 9 9 0 0 0 
6 9 9 0 0 0 
7 9 9 0 0 0 
8 9 9 0 0 0 
9 9 9 0 0 0 
10 9 9 0 0 0 
11 9 9 0 0 0 
0 10 10 0 0 0 
1 10 10 0 0 0 
2 10 10 0 0 0 
3 10 10 0 0 0 
4 10 10 0 0 0 
5 10 10 0 0 0 
6 10 10 0 0 0 
7 10 10 0 0 0 
8 10 10 0 0 0 
9 10 10 0 0 0 
10 10 10 0 0 0 
11 10 10 0 0 0 
0 11 11 0 0 0 
1 11 11 0 0 0 
2 11 11 0 0 0 
3 11 11 0 0 0 
4 11 11 0 0 0 
5 11 11 0 0 0 
6 11 11 0 0 0 
7 11 11 0 0 0 
8 11 11 0 0 0 
9 11 11 0 0 0 
10 11 11 0 0 0 
11 11 11 0 0 0 
0 0 0 0 0 0 
1 0 0 0 0 0 
2 0 0 0 0 0 
3 0 0 0 0 0 
4 0 0 0 0 0 
5 0 0 0 0 0 
6 0 0 0 0 0 
7 0 0 0 0 0 
8 0 0 0 0 0 
9 0 0 0 0 0 
10 0 0 0 0 0 
11 0 0 0 0 0 
0 1 1 0 0 0 
1 1 1 0 0 0 
2 1 1 0 0 0 
3 1 1 0 0 0 
4 1 1 0 0 0 
5 1 1 0 0 0 
6 1 1 0 0 0 
7 1 1 0 0 0 
8 1 1 0 0 0 
9 1 1 0 0 0 
10 1 1 0 0 0 
11 1 1 0 0 0 
0 2 2 0 0 0 
1 2 2 0 0 0 
2 2 2 0 0 0 
3 2 2 0 0 0 
4 2 2 0 0 0 
5 2 2 0 0 0 
6 2 2 0 0 0 
7 2 2 0 0 0 
8 2 2 0 0 0 
9 2 2 0 0 0 
10 2 2 0 0 0 
11 2 2 0 0 0 
0 3 3 1.0634 0.0018107 0.000177233 
1 3 3 1.01299 0.00155895 0.000206533 
2 3 3 1.05564 0.00152417 0.000200183 
3 3 3 1.05228 0.00139013 0.000221385 
4 3 3 1.00306 0.00118398 0.000238409 
5 3 3 1.0464 0.00110451 0.000176437 
6 3 3 1.0441 0.000948868 0.000135374 
7 3 3 0.996118 0.000775754 0.000187254 
8 3 3 1.04012 0.000735852 0.000190188 
9 3 3 1.0385 0.000682305 0.00017494 
10 3 3 0.990921 0.00159529 0.000502762 
11 3 3 1.04275 -0.00245368 -0.000424302 
0 4 4 2.03619 0.00462441 0.00159973 
1 4 4 2.03926 0.00432508 0.001527 
2 4 4 2.03482 0.0039553 0.00140169 
3 4 4 2.03421 0.00354796 0.00127905 
4 4 4 2.03778 0.00322112 0.00119492 
5 4 4 2.03308 0.00285813 0.00105331 
6 4 4 2.03265 0.00247337 0.000917545 
7 4 4 2.03666 0.00219488 0.000866838 
8 4 4 2.03182 0.00193615 0.000793302 
9 4 4 2.03148 0.00174145 0.000737036 
10 4 4 2.03601 0.00220761 0.000929174 
11 4 4 2.01575 -0.00134217 -0.000418955 
0 5 5 3.04612 0.00402753 0.00398828 
1 5 5 3.06011 0.00391221 0.00387867 
2 5 5 3.06665 0.00342091 0.00340104 
3 5 5 3.07775 0.00307881 0.0030672 
4 5 5 3.08937 0.00289151 0.00288173 
5 5 5 3.09315 0.00246598 0.00246561 
6 5 5 3.10108 0.00217454 0.00218541 
7 5 5 3.11032 0.00201019 0.00203313 
8 5 5 3.11169 0.00170847 0.00174537 
9 5 5 3.12183 0.00151418 0.00156266 
10 5 5 3.12486 0.00157335 0.00160602 
11 5 5 3.13165 -2.85091e-05 -3.09385e-05 
0 6 6 3.04744 -0.00411952 0.00396031 
1 6 6 3.06139 -0.00407293 0.00383747 
2 6 6 3.06778 -0.00359667 0.00336489 
3 6 6 3.07875 -0.00325144 0.0030335 
4 6 6 3.09029 -0.00304241 0.00285438 
5 6 6 3.09395 -0.00259604 0.00245621 
6 6 6 3.10181 -0.00227855 0.00218815 
7 6 6 3.11105 -0.00207531 0.00203918 
8 6 6 3.11239 -0.00172779 0.00174536 
9 6 6 3.12255 -0.00148852 0.00155388 
10 6 6 3.12564 -0.00151279 0.00160441 
11 6 6 3.13242 0.000101036 -9.85633e-06 
0 7 7 2.03848 -0.00471155 0.00158985 
1 7 7 2.04141 -0.00443211 0.00149183 
2 7 7 2.03675 -0.00401833 0.00133729 
3 7 7 2.03601 -0.00359686 0.00122433 
4 7 7 2.03955 -0.00324968 0.00115591 
5 7 7 2.03473 -0.00289621 0.00105286 
6 7 7 2.03418 -0.00253028 0.000949332 
7 7 7 2.03821 -0.00223405 0.000876188 
8 7 7 2.03332 -0.00195679 0.000780053 
9 7 7 2.03301 -0.00174792 0.000704781 
10 7 7 2.03764 -0.00218754 0.000924582 
11 7 7 2.01732 0.00140009 -0.00036416 
0 8 8 1.06483 -0.00186363 0.000229004 
1 8 8 1.01409 -0.00161226 0.000204424 
2 8 8 1.05679 -0.00150297 0.000133738 
3 8 8 1.05348 -0.00137134 0.000167498 
4 8 8 1.00423 -0.00115068 0.000204463 
5 8 8 1.04766 -0.00110203 0.000195734 
6 8 8 1.04525 -0.000981732 0.000191573 
7 8 8 0.997124 -0.000797803 0.000184183 
8 8 8 1.04123 -0.000753376 0.000154712 
9 8 8 1.03963 -0.000699368 0.000125535 
10 8 8 0.992006 -0.00159409 0.00049821 
11 8 8 1.04396 0.00249106 -0.000360933 
0 9 9 0 0 0 
1 9 9 0 0 0 
2 9 9 0 0 0 
3 9 9 0 0 0 
4 9 9 0 0 0 
5 9 9 0 0 0 
6 9 9 0 0 0 
7 9 9 0 0 0 
8 9 9 0 0 0 
9 9 9 0 0 0 
10 9 9 0 0 0 
11 9 9 0 0 0 
0 10 10 0 0 0 
1 10 10 0 0 0 
2 10 10 0 0 0 
3 10 10 0 0 0 
4 10 10 0 0 0 
5 10 10 0 0 0 
6 10 10 0 0 0 
7 10 10 0 0 0 
8 10 10 0 0 0 
9 10 10 0 0 0 
10 10 10 0 0 0 
11 10 10 0 0 0 
0 11 11 0 0 0 
1 11 11 0 0 0 
2 11 11 0 0 0 
3 11 11 0 0 0 
4 11 11 0 0 0 
5 11 11 0 0 0 
6 11 11 0 0 0 
7 11 11 0 0 0 
8 11 11 0 0 0 
9 11 11 0 0 0 
10 11 11 0 0 0 
11 11 11 0 0 0 
0 0 0 0 0 0 
1 0 0 0 0 0 
2 0 0 0 0 0 
3 0 0 0 0 0 
4 0 0 0 0 0 
5 0 0 0 0 0 
6 0 0 0 0 0 
7 0 0 0 0 0 
8 0 0 0 0 0 
9 0 0 0 0 0 
10 0 0 0 0 0 
11 0 0 0 0 0 
0 1 1 0 0 0 
1 1 1 0 0 0 
2 1 1 0 0 0 
3 1 1 0 0 0 
4 1 1 0 0 0 
5 1 1 0 0 0 
6 1 1 0 0 0 
7 1 1 0 0 0 
8 1 1 0 0 0 
9 1 1 0 0 0 
10 1 1 0 0 0 
11 1 1 0 0 0 
0 2 2 0 0 0 
1 2 2 0 0 0 
2 2 2 0 0 0 
3 2 2 0 0 0 
4 2 2 0 0 0 
5 2 2 0 0 0 
6 2 2 0 0 0 
7 2 2 0 0 0 
8 2 2 0 0 0 
9 2 2 0 0 0 
10 2 2 0 0 0 
11 2 2 0 0 0 
0 3 3 1.06349 0.00176001 -0.000446518 
1 3 3 1.01307 0.00152364 -0.000397973 
2 3 3 1.0557 0.001513 -0.000303984 
3 3 3 1.05232 0.00138462 -0.000233956 
4 3 3 1.00317 0.00115991 -0.000186617 
5 3 3 1.04653 0.00112089 -0.000183945 
6 3 3 1.04403 0.00100912 -0.000192246 
7 3 3 0.995988 0.000786825 -0.000120848 
8 3 3 1.04009 0.00073184 -6.1625e-05 
9 3 3 1.0385 0.000693998 -8.16158e-05 
10 3 3 0.990931 0.0016044 -0.000445079 
11 3 3 1.04277 -0.00245422 0.000454218 
0 4 4 2.03655 0.00451801 -0.00194129 
1 4 4 2.03959 0.00423694 -0.00184104 
2 4 4 2.03507 0.00390336 -0.00162778 
3 4 4 2.03436 0.00351522 -0.00140446 
4 4 4 2.0379 0.003185 -0.00125334 
5 4 4 2.03319 0.0028586 -0.00110809 
6 4 4 2.03264 0.00252214 -0.000972174 
7 4 4 2.03663 0.00221397 -0.000834414 
8 4 4 2.03182 0.00194368 -0.000694919 
9 4 4 2.0315 0.00176609 -0.000612307 
10 4 4 2.03603 0.00223027 -0.000821185 
11 4 4 2.0158 -0.00133484 0.000486089 
0 5 5 3.04688 0.00397282 -0.00414366 
1 5 5 3.06081 0.00384912 -0.00409979 
2 5 5 3.06719 0.00337242 -0.00360743 
3 5 5 3.07813 0.00303539 -0.00324819 
4 5 5 3.08963 0.00285394 -0.00303412 
5 5 5 3.0933 0.00245443 -0.00258958 
6 5 5 3.10116 0.00218268 -0.00227475 
7 5 5 3.11037 0.00202129 -0.00207397 
8 5 5 3.11172 0.00171428 -0.00172426 
9 5 5 3.12187 0.00152026 -0.00147998 
10 5 5 3.12491 0.00158615 -0.00150533 
11 5 5 3.13173 -1.61335e-05 0.000108697 
0 6 6 3.04819 -0.00401922 -0.00406191 
1 6 6 3.06207 -0.00397448 -0.00401435 
2 6 6 3.06831 -0.00355034 -0.00356924 
3 6 6 3.07914 -0.00323174 -0.00323444 
4 6 6 3.09056 -0.00303096 -0.00302628 
5 6 6 3.0941 -0.0025962 -0.00258772 
6 6 6 3.10188 -0.00228264 -0.00227375 
7 6 6 3.11108 -0.00208574 -0.00207834 
8 6 6 3.11241 -0.00174819 -0.00173463 
9 6 6 3.12256 -0.00152113 -0.00149676 
10 6 6 3.12568 -0.00154381 -0.00152465 
11 6 6 3.13249 9.56605e-05 9.39581e-05 
0 7 7 2.03885 -0.00456274 -0.00179432 
1 7 7 2.04182 -0.0043177 -0.00172951 
2 7 7 2.03708 -0.00398112 -0.00160434 
3 7 7 2.03619 -0.00358407 -0.00142156 
4 7 7 2.03965 -0.00324309 -0.00127179 
5 7 7 2.03477 -0.00289762 -0.00110368 
6 7 7 2.03419 -0.00254086 -0.000947728 
7 7 7 2.0382 -0.00225263 -0.000839883 
8 7 7 2.03331 -0.00198341 -0.000721493 
9 7 7 2.03297 -0.00180514 -0.000658783 
10 7 7 2.03756 -0.00222772 -0.000856426 
11 7 7 2.01729 0.00141189 0.000477882 
0 8 8 1.06499 -0.00176734 -0.000323554 
1 8 8 1.01441 -0.00155076 -0.000339698 
2 8 8 1.05703 -0.00152154 -0.000344123 
3 8 8 1.05354 -0.00138512 -0.00028228 
4 8 8 1.00423 -0.0011583 -0.000221128 
5 8 8 1.04766 -0.00111003 -0.000166393 
6 8 8 1.04524 -0.000991044 -0.000142019 
7 8 8 0.997115 -0.000810324 -0.000125738 
8 8 8 1.04122 -0.000768395 -0.000103462 
9 8 8 1.03951 -0.000745451 -0.000143773 
10 8 8 0.991781 -0.00162303 -0.000472686 
11 8 8 1.04378 0.00252772 0.000500075 
0 9 9 0 0 0 
1 9 9 0 0 0 
2 9 9 0 0 0 
3 9 9 0 0 0 
4 9 9 0 0 0 
5 9 9 0 0 0 
6 9 9 0 0 0 
7 9 9 0 0 0 
8 9 9 0 0 0 
9 9 9 0 0 0 
10 9 9 0 0 0 
11 9 9 0 0 0 
0 10 10 0 0 0 
1 10 10 0 0 0 
2 10 10 0 0 0 
3 10 10 0 0 0 
4 10 10 0 0 0 
5 10 10 0 0 0 
6 10 10 0 0 0 
7 10 10 0 0 0 
8 10 10 0 0 0 
9 10 10 0 0 0 
10 10 10 0 0 0 
11 10 10 0 0 0 
0 11 11 0 0 0 
1 11 11 0 0 0 
2 11 11 0 0 0 
3 11 11 0 0 0 
4 11 11 0 0 0 
5 11 11 0 0 0 
6 11 11 0 0 0 
7 11 11 0 0 0 
8 11 11 0 0 0 
9 11 11 0 0 0 
10 11 11 0 0 0 
11 11 11 0 0 0 
0 0 0 0 0 0 
1 0 0 0 0 0 
2 0 0 0 0 0 
3 0 0 0 0 0 
4 0 0 0 0 0 
5 0 0 0 0 0 
6 0 0 0 0 0 
7 0 0 0 0 0 
8 0 0 0 0 0 
9 0 0 0 0 0 
10 0 0 0 0 0 
11 0 0 0 0 0 
0 1 1 0 0 0 
1 1 1 0 0 0 
2 1 1 0 0 0 
3 1 1 0 0 0 
4 1 1 0 0 0 
5 1 1 0 0 0 
6 1 1 0 0 0 
7 1 1 0 0 0 
8 1 1 0 0 0 
9 1 1 0 0 0 
10 1 1 0 0 0 
11 1 1 0 0 0 
0 2 2 0 0 0 
1 2 2 0 0 0 
2 2 2 0 0 0 
3 2 2 0 0 0 
4 2 2 0 0 0 
5 2 2 0 0 0 
6 2 2 0 0 0 
7 2 2 0 0 0 
8 2 2 0 0 0 
9 2 2 0 0 0 
10 2 2 0 0 0 
11 2 2 0 0 0 
0 3 3 0.614688 0.00060552 -0.000463357 
1 3 3 0.574992 0.000555679 -0.000393369 
2 3 3 0.609582 0.000575927 -0.000323586 
3 3 3 0.607273 0.000525387 -0.00027108 
4 3 3 0.568657 0.000446017 -0.000234118 
5 3 3 0.60348 0.000435095 -0.000215478 
6 3 3 0.601717 0.000408615 -0.000207975 
7 3 3 0.564032 0.000290425 -0.0001688 
8 3 3 0.599178 0.000274916 -0.000142758 
9 3 3 0.598084 0.000276036 -0.000140156 
10 3 3 0.560658 0.000590302 -0.00042797 
11 3 3 0.60946 -0.00192995 0.000983373 
0 4 4 1.38576 0.00194705 -0.00230519 
1 4 4 1.39088 0.00185382 -0.00213749 
2 4 4 1.37966 0.00173676 -0.00185069 
3 4 4 1.37649 0.0015759 -0.00162592 
4 4 4 1.38211 0.00143294 -0.00146071 
5 4 4 1.37202 0.00130434 -0.00129944 
6 4 4 1.36974 0.00116979 -0.00114126 
7 4 4 1.37581 0.00101634 -0.00100362 
8 4 4 1.36661 0.000897413 -0.000877073 
9 4 4 1.36508 0.000846531 -0.000786121 
10 4 4 1.37132 0.00165073 -0.00157793 
11 4 4 1.39344 -0.0013024 0.00137063 
0 5 5 2.0382 0.00158714 -0.0047586 
1 5 5 2.04109 0.00149605 -0.00446744 
2 5 5 2.03641 0.0013238 -0.00400489 
3 5 5 2.03567 0.00120556 -0.00357123 
4 5 5 2.03921 0.00113965 -0.00323276 
5 5 5 2.03438 0.00104178 -0.00288468 
6 5 5 2.03383 0.000939938 -0.00252195 
7 5 5 2.03785 0.000856264 -0.00223438 
8 5 5 2.03294 0.000757849 -0.0019586 
9 5 5 2.0326 0.000703023 -0.00173765 
10 5 5 2.03722 0.000923769 -0.0021765 
11 5 5 2.0169 -0.000393821 0.00139869 
0 6 6 2.03978 -0.00175511 -0.00463034 
1 6 6 2.04271 -0.00170232 -0.00435992 
2 6 6 2.03794 -0.00161312 -0.00399167 
3 6 6 2.03702 -0.00144564 -0.00357677 
4 6 6 2.04047 -0.00129356 -0.00323331 
5 6 6 2.03558 -0.00112085 -0.00288766 
6 6 6 2.035 -0.00096031 -0.00253271 
7 6 6 2.03901 -0.000852583 -0.00224594 
8 6 6 2.03412 -0.000738952 -0.001969 
9 6 6 2.03381 -0.000668558 -0.00175097 
10 6 6 2.03844 -0.000864856 -0.00219423 
11 6 6 2.01813 0.00046329 0.00137541 
0 7 7 1.38927 -0.00207999 -0.00213982 
1 7 7 1.39458 -0.00197694 -0.00200427 
2 7 7 1.38303 -0.00184021 -0.00183732 
3 7 7 1.3797 -0.00166 -0.00164307 
4 7 7 1.3854 -0.00149152 -0.00147401 
5 7 7 1.37504 -0.00132583 -0.00131199 
6 7 7 1.37274 -0.0011594 -0.00115087 
7 7 7 1.379 -0.00102526 -0.00101575 
8 7 7 1.36961 -0.000909089 -0.000888713 
9 7 7 1.36807 -0.000858767 -0.000802474 
10 7 7 1.37449 -0.00163334 -0.00160803 
11 7 7 1.39629 0.00137366 0.00133007 
0 8 8 0.616952 -0.000635598 -0.000386155 
1 8 8 0.577221 -0.000584055 -0.000350742 
2 8 8 0.611774 -0.000575656 -0.000336617 
3 8 8 0.609421 -0.000524232 -0.00029528 
4 8 8 0.570765 -0.000447884 -0.00024959 
5 8 8 0.605561 -0.000425797 -0.000223801 
6 8 8 0.603927 -0.000376643 -0.000198674 
7 8 8 0.566231 -0.000315299 -0.000170155 
8 8 8 0.601274 -0.000301304 -0.000149879 
9 8 8 0.600044 -0.000318353 -0.000155063 
10 8 8 0.56251 -0.000606129 -0.000452339 
11 8 8 0.611311 0.00202731 0.000966142 
0 9 9 0 0 0 
1 9 9 0 0 0 
2 9 9 0 0 0 
3 9 9 0 0 0 
4 9 9 0 0 0 
5 9 9 0 0 0 
6 9 9 0 0 0 
7 9 9 0 0 0 
8 9 9 0 0 0 
9 9 9 0 0 0 
10 9 9 0 0 0 
11 9 9 0 0 0 
0 10 10 0 0 0 
1 10 10 0 0 0 
2 10 10 0 0 0 
3 10 10 0 0 0 
4 10 10 0 0 0 
5 10 10 0 0 0 
6 10 10 0 0 0 
7 10 10 0 0 0 
8 10 10 0 0 0 
9 10 10 0 0 0 
10 10 10 0 0 0 
11 10 10 0 0 0 
0 11 11 0 0 0 
1 11 11 0 0 0 
2 11 11 0 0 0 
3 11 11 0 0 0 
4 11 11 0 0 0 
5 11 11 0 0 0 
6 11 11 0 0 0 
7 11 11 0 0 0 
8 11 11 0 0 0 
9 11 11 0 0 0 
10 11 11 0 0 0 
11 11 11 0 0 0 
0 0 0 0 0 0 
1 0 0 0 0 0 
2 0 0 0 0 0 
3 0 0 0 0 0 
4 0 0 0 0 0 
5 0 0 0 0 0 
6 0 0 0 0 0 
7 0 0 0 0 0 
8 0 0 0 0 0 
9 0 0 0 0 0 
10 0 0 0 0 0 
11 0 0 0 0 0 
0 1 1 0 0 0 
1 1 1 0 0 0 
2 1 1 0 0 0 
3 1 1 0 0 0 
4 1 1 0 0 0 
5 1 1 0 0 0 
6 1 1 0 0 0 
7 1 1 0 0 0 
8 1 1 0 0 0 
9 1 1 0 0 0 
10 1 1 0 0 0 
11 1 1 0 0 0 
0 2 2 0 0 0 
1 2 2 0 0 0 
2 2 2 0 0 0 
3 2 2 0 0 0 
4 2 2 0 0 0 
5 2 2 0 0 0 
6 2 2 0 0 0 
7 2 2 0 0 0 
8 2 2 0 0 0 
9 2 2 0 0 0 
10 2 2 0 0 0 
11 2 2 0 0 0 
0 3 3 0.113691 1.89395e-05 -5.60317e-05 
1 3 3 0.113134 3.90535e-05 -4.09354e-05 
2 3 3 0.11256 4.99208e-05 -2.76904e-05 
3 3 3 0.112222 3.75383e-05 -2.90415e-05 
4 3 3 0.11178 3.11829e-05 -2.86428e-05 
5 3 3 0.111383 2.97427e-05 -2.31017e-05 
6 3 3 0.111145 2.74514e-05 -2.24399e-05 
7 3 3 0.110805 2.058e-05 -2.76696e-05 
8 3 3 0.110505 2.26565e-05 -1.86316e-05 
9 3 3 0.11032 2.65059e-05 -1.89055e-05 
10 3 3 0.110083 -5.40407e-05 6.02989e-05 
11 3 3 0.109072 -0.00044987 0.000456634 
0 4 4 0.6143 0.000276666 -0.00079439 
1 4 4 0.574265 0.000294713 -0.000678544 
2 4 4 0.608986 0.000286611 -0.000501623 
3 4 4 0.606951 0.000271552 -0.000478775 
4 4 4 0.568335 0.000244204 -0.000429022 
5 4 4 0.60324 0.000238565 -0.000406452 
6 4 4 0.601613 0.000219165 -0.000358095 
7 4 4 0.563838 0.000183417 -0.000306054 
8 4 4 0.598942 0.000172615 -0.000284188 
9 4 4 0.597807 0.000183087 -0.000254428 
10 4 4 0.560329 0.00046591 -0.000565084 
11 4 4 0.609335 -0.000959554 0.00195954 
0 5 5 1.0655 0.000241853 -0.0019132 
1 5 5 1.01467 0.000218868 -0.00164481 
2 5 5 1.05737 0.000103218 -0.0014738 
3 5 5 1.05411 0.000137896 -0.00134201 
4 5 5 1.00488 0.00018776 -0.00113824 
5 5 5 1.04833 0.000187175 -0.00109406 
6 5 5 1.04592 0.000183316 -0.000975163 
7 5 5 0.997785 0.000170517 -0.000797173 
8 5 5 1.04188 0.000147761 -0.000752464 
9 5 5 1.04026 0.000152937 -0.000686407 
10 5 5 0.992612 0.000506199 -0.00158394 
11 5 5 1.04459 -0.000413257 0.00248047 
0 6 6 1.06612 -0.000297801 -0.00182199 
1 6 6 1.0154 -0.000325642 -0.0015739 
2 6 6 1.05806 -0.000379828 -0.00151739 
3 6 6 1.05454 -0.000318621 -0.00137281 
4 6 6 1.00514 -0.000243029 -0.00114869 
5 6 6 1.04865 -0.000179113 -0.00110166 
6 6 6 1.04624 -0.000151687 -0.000984505 
7 6 6 0.998028 -0.000136438 -0.000805535 
8 6 6 1.04223 -0.00011411 -0.000757197 
9 6 6 1.04062 -0.000118187 -0.000691489 
10 6 6 0.99289 -0.000466916 -0.00159124 
11 6 6 1.04491 0.000444627 0.00247915 
0 7 7 0.619036 -0.000357958 -0.000679583 
1 7 7 0.579273 -0.000350896 -0.0005931 
2 7 7 0.613792 -0.000357644 -0.000568807 
3 7 7 0.611415 -0.000317415 -0.000514441 
4 7 7 0.572765 -0.000264397 -0.000440718 
5 7 7 0.607545 -0.00023315 -0.000420248 
6 7 7 0.605908 -0.000204326 -0.000374142 
7 7 7 0.568221 -0.000177384 -0.000312216 
8 7 7 0.603257 -0.000166853 -0.000288634 
9 7 7 0.602131 -0.000174631 -0.000258684 
10 7 7 0.564736 -0.000448541 -0.000579013 
11 7 7 0.613272 0.000980291 0.00194508 
0 8 8 0.117504 -3.83263e-05 -4.4015e-05 
1 8 8 0.116912 -4.2684e-05 -3.96456e-05 
2 8 8 0.116345 -4.107e-05 -3.65676e-05 
3 8 8 0.115992 -3.7805e-05 -3.42877e-05 
4 8 8 0.115515 -3.32881e-05 -3.14331e-05 
5 8 8 0.115096 -2.90072e-05 -2.84168e-05 
6 8 8 0.114844 -2.66422e-05 -2.6662e-05 
7 8 8 0.114504 -2.42187e-05 -2.31598e-05 
8 8 8 0.114204 -2.38345e-05 -1.80434e-05 
9 8 8 0.114014 -2.72838e-05 -1.5999e-05 
10 8 8 0.113773 6.03262e-05 5.37588e-05 
11 8 8 0.112736 0.000486162 0.000457019 
0 9 9 0 0 0 
1 9 9 0 0 0 
2 9 9 0 0 0 
3 9 9 0 0 0 
4 9 9 0 0 0 
5 9 9 0 0 0 
6 9 9 0 0 0 
7 9 9 0 0 0 
8 9 9 0 0 0 
9 9 9 0 0 0 
10 9 9 0 0 0 
11 9 9 0 0 0 
0 10 10 0 0 0 
1 10 10 0 0 0 
2 10 10 0 0 0 
3 10 10 0 0 0 
4 10 10 0 0 0 
5 10 10 0 0 0 
6 10 10 0 0 0 
7 10 10 0 0 0 
8 10 10 0 0 0 
9 10 10 0 0 0 
10 10 10 0 0 0 
11 10 10 0 0 0 
0 11 11 0 0 0 
1 11 11 0 0 0 
2 11 11 0 0 0 
3 11 11 0 0 0 
4 11 11 0 0 0 
5 11 11 0 0 0 
6 11 11 0 0 0 
7 11 11 0 0 0 
8 11 11 0 0 0 
9 11 11 0 0 0 
10 11 11 0 0 0 
11 11 11 0 0 0 
0 0 0 0 0 0 
1 0 0 0 0 0 
2 0 0 0 0 0 
3 0 0 0 0 0 
4 0 0 0 0 0 
5 0 0 0 0 0 
6 0 0 0 0 0 
7 0 0 0 0 0 
8 0 0 0 0 0 
9 0 0 0 0 0 
10 0 0 0 0 0 
11 0 0 0 0 0 
0 1 1 0 0 0 
1 1 1 0 0 0 
2 1 1 0 0 0 
3 1 1 0 0 0 
4 1 1 0 0 0 
5 1 1 0 0 0 
6 1 1 0 0 0 
7 1 1 0 0 0 
8 1 1 0 0 0 
9 1 1 0 0 0 
10 1 1 0 0 0 
11 1 1 0 0 0 
0 2 2 0 0 0 
1 2 2 0 0 0 
2 2 2 0 0 0 
3 2 2 0 0 0 
4 2 2 0 0 0 
5 2 2 0 0 0 
6 2 2 0 0 0 
7 2 2 0 0 0 
8 2 2 0 0 0 
9 2 2 0 0 0 
10 2 2 0 0 0 
11 2 2 0 0 0 
0 3 3 0 0 0 
1 3 3 0 0 0 
2 3 3 0 0 0 
3 3 3 0 0 0 
4 3 3 0 0 0 
5 3 3 0 0 0 
6 3 3 0 0 0 
7 3 3 0 0 0 
8 3 3 0 0 0 
9 3 3 0 0 0 
10 3 3 0 0 0 
11 3 3 0 0 0 
0 4 4 0 0 0 
1 4 4 0 0 0 
2 4 4 0 0 0 
3 4 4 0 0 0 
4 4 4 0 0 0 
5 4 4 0 0 0 
6 4 4 0 0 0 
7 4 4 0 0 0 
8 4 4 0 0 0 
9 4 4 0 0 0 
10 4 4 0 0 0 
11 4 4 0 0 0 
0 5 5 0 0 0 
1 5 5 0 0 0 
2 5 5 0 0 0 
3 5 5 0 0 0 
4 5 5 0 0 0 
5 5 5 0 0 0 
6 5 5 0 0 0 
7 5 5 0 0 0 
8 5 5 0 0 0 
9 5 5 0 0 0 
10 5 5 0 0 0 
11 5 5 0 0 0 
0 6 6 0 0 0 
1 6 6 0 0 0 
2 6 6 0 0 0 
3 6 6 0 0 0 
4 6 6 0 0 0 
5 6 6 0 0 0 
6 6 6 0 0 0 
7 6 6 0 0 0 
8 6 6 0 0 0 
9 6 6 0 0 0 
10 6 6 0 0 0 
11 6 6 0 0 0 
0 7 7 0 0 0 
1 7 7 0 0 0 
2 7 7 0 0 0 
3 7 7 0 0 0 
4 7 7 0 0 0 
5 7 7 0 0 0 
6 7 7 0 0 0 
7 7 7 0 0 0 
8 7 7 0 0 0 
9 7 7 0 0 0 
10 7 7 0 0 0 
11 7 7 0 0 0 
0 8 8 0 0 0 
1 8 8 0 0 0 
2 8 8 0 0 0 
3 8 8 0 0 0 
4 8 8 0 0 0 
5 8 8 0 0 0 
6 8 8 0 0 0 
7 8 8 0 0 0 
8 8 8 0 0 0 
9 8 8 0 0 0 
10 8 8 0 0 0 
11 8 8 0 0 0 
0 9 9 0 0 0 
1 9 9 0 0 0 
2 9 9 0 0 0 
3 9 9 0 0 0 
4 9 9 0 0 0 
5 9 9 0 0 0 
6 9 9 0 0 0 
7 9 9 0 0 0 
8 9 9 0 0 0 
9 9 9 0 0 0 
10 9 9 0 0 0 
11 9 9 0 0 0 
0 10 10 0 0 0 
1 10 10 0 0 0 
2 10 10 0 0 0 
3 10 10 0 0 0 
4 10 10 0 0 0 
5 10 10 0 0 0 
6 10 10 0 0 0 
7 10 10 0 0 0 
8 10 10 0 0 0 
9 10 10 0 0 0 
10 10 10 0 0 0 
11 10 10 0 0 0 
0 11 11 0 0 0 
1 11 11 0 0 0 
2 11 11 0 0 0 
3 11 11 0 0 0 
4 11 11 0 0 0 
5 11 11 0 0 0 
6 11 11 0 0 0 
7 11 11 0 0 0 
8 11 11 0 0 0 
9 11 11 0 0 0 
10 11 11 0 0 0 
11 11 11 0 0 0 
0 0 0 0 0 0 
1 0 0 0 0 0 
2 0 0 0 0 0 
3 0 0 0 0 0 
4 0 0 0 0 0 
5 0 0 0 0 0 
6 0 0 0 0 0 
7 0 0 0 0 0 
8 0 0 0 0 0 
9 0 0 0 0 0 
10 0 0 0 0 0 
11 0 0 0 0 0 
0 1 1 0 0 0 
1 1 1 0 0 0 
2 1 1 0 0 0 
3 1 1 0 0 0 
4 1 1 0 0 0 
5 1 1 0 0 0 
6 1 1 0 0 0 
7 1 1 0 0 0 
8 1 1 0 0 0 
9 1 1 0 0 0 
10 1 1 0 0 0 
11 1 1 0 0 0 
0 2 2 0 0 0 
1 2 2 0 0 0 
2 2 2 0 0 0 
3 2 2 0 0 0 
4 2 2 0 0 0 
5 2 2 0 0 0 
6 2 2 0 0 0 
7 2 2 0 0 0 
8 2 2 0 0 0 
9 2 2 0 0 0 
10 2 2 0 0 0 
11 2 2 0 0 0 
0 3 3 0 0 0 
1 3 3 0 0 0 
2 3 3 0 0 0 
3 3 3 0 0 0 
4 3 3 0 0 0 
5 3 3 0 0 0 
6 3 3 0 0 0 
7 3 3 0 0 0 
8 3 3 0 0 0 
9 3 3 0 0 0 
10 3 3 0 0 0 
11 3 3 0 0 0 
0 4 4 0 0 0 
1 4 4 0 0 0 
2 4 4 0 0 0 
3 4 4 0 0 0 
4 4 4 0 0 0 
5 4 4 0 0 0 
6 4 4 0 0 0 
7 4 4 0 0 0 
8 4 4 0 0 0 
9 4 4 0 0 0 
10 4 4 0 0 0 
11 4 4 0 0 0 
0 5 5 0 0 0 
1 5 5 0 0 0 
2 5 5 0 0 0 
3 5 5 0 0 0 
4 5 5 0 0 0 
5 5 5 0 0 0 
6 5 5 0 0 0 
7 5 5 0 0 0 
8 5 5 0 0 0 
9 5 5 0 0 0 
10 5 5 0 0 0 
11 5 5 0 0 0 
0 6 6 0 0 0 
1 6 6 0 0 0 
2 6 6 0 0 0 
3 6 6 0 0 0 
4 6 6 0 0 0 
5 6 6 0 0 0 
6 6 6 0 0 0 
7 6 6 0 0 0 
8 6 6 0 0 0 
9 6 6 0 0 0 
10 6 6 0 0 0 
11 6 6 0 0 0 
0 7 7 0 0 0 
1 7 7 0 0 0 
2 7 7 0 0 0 
3 7 7 0 0 0 
4 7 7 0 0 0 
5 7 7 0 0 0 
6 7 7 0 0 0 
7 7 7 0 0 0 
8 7 7 0 0 0 
9 7 7 0 0 0 
10 7 7 0 0 0 
11 7 7 0 0 0 
0 8 8 0 0 0 
1 8 8 0 0 0 
2 8 8 0 0 0 
3 8 8 0 0 0 
4 8 8 0 0 0 
5 8 8 0 0 0 
6 8 8 0 0 0 
7 8 8 0 0 0 
8 8 8 0 0 0 
9 8 8 0 0 0 
10 8 8 0 0 0 
11 8 8 0 0 0 
0 9 9 0 0 0 
1 9 9 0 0 0 
2 9 9 0 0 0 
3 9 9 0 0 0 
4 9 9 0 0 0 
5 9 9 0 0 0 
6 9 9 0 0 0 
7 9 9 0 0 0 
8 9 9 0 0 0 
9 9 9 0 0 0 
10 9 9 0 0 0 
11 9 9 0 0 0 
0 10 10 0 0 0 
1 10 10 0 0 0 
2 10 10 0 0 0 
3 10 10 0 0 0 
4 10 10 0 0 0 
5 10 10 0 0 0 
6 10 10 0 0 0 
7 10 10 0 0 0 
8 10 10 0 0 0 
9 10 10 0 0 0 
10 10 10 0 0 0 
11 10 10 0 0 0 
0 11 11 0 0 0 
1 11 11 0 0 0 
2 11 11 0 0 0 
3 11 11 0 0 0 
4 11 11 0 0 0 
5 11 11 0 0 0 
6 11 11 0 0 0 
7 11 11 0 0 0 
8 11 11 0 0 0 
9 11 11 0 0 0 
10 11 11 0 0 0 
11 11 11 0 0 0 
0 0 0 0 0 0 
1 0 0 0 0 0 
2 0 0 0 0 0 
3 0 0 0 0 0 
4 0 0 0 0 0 
5 0 0 0 0 0 
6 0 0 0 0 0 
7 0 0 0 0 0 
8 0 0 0 0 0 
9 0 0 0 0 0 
10 0 0 0 0 0 
11 0 0 0 0 0 
0 1 1 0 0 0 
1 1 1 0 0 0 
2 1 1 0 0 0 
3 1 1 0 0 0 
4 1 1 0 0 0 
5 1 1 0 0 0 
6 1 1 0 0 0 
7 1 1 0 0 0 
8 1 1 0 0 0 
9 1 1 0 0 0 
10 1 1 0 0 0 
11 1 1 0 0 0 
0 2 2 0 0 0 
1 2 2 0 0 0 
2 2 2 0 0 0 
3 2 2 0 0 0 
4 2 2 0 0 0 
5 2 2 0 0 0 
6 2 2 0 0 0 
7 2 2 0 0 0 
8 2 2 0 0 0 
9 2 2 0 0 0 
10 2 2 0 0 0 
11 2 2 0 0 0 
0 3 3 0 0 0 
1 3 3 0 0 0 
2 3 3 0 0 0 
3 3 3 0 0 0 
4 3 3 0 0 0 
5 3 3 0 0 0 
6 3 3 0 0 0 
7 3 3 0 0 0 
8 3 3 0 0 0 
9 3 3 0 0 0 
10 3 3 0 0 0 
11 3 3 0 0 0 
0 4 4 0 0 0 
1 4 4 0 0 0 
2 4 4 0 0 0 
3 4 4 0 0 0 
4 4 4 0 0 0 
5 4 4 0 0 0 
6 4 4 0 0 0 
7 4 4 0 0 0 
8 4 4 0 0 0 
9 4 4 0 0 0 
10 4 4 0 0 0 
11 4 4 0 0 0 
0 5 5 0 0 0 
1 5 5 0 0 0 
2 5 5 0 0 0 
3 5 5 0 0 0 
4 5 5 0 0 0 
5 5 5 0 0 0 
6 5 5 0 0 0 
7 5 5 0 0 0 
8 5 5 0 0 0 
9 5 5 0 0 0 
10 5 5 0 0 0 
11 5 5 0 0 0 
0 6 6 0 0 0 
1 6 6 0 0 0 
2 6 6 0 0 0 
3 6 6 0 0 0 
4 6 6 0 0 0 
5 6 6 0 0 0 
6 6 6 0 0 0 
7 6 6 0 0 0 
8 6 6 0 0 0 
9 6 6 0 0 0 
10 6 6 0 0 0 
11 6 6 0 0 0 
0 7 7 0 0 0 
1 7 7 0 0 0 
2 7 7 0 0 0 
3 7 7 0 0 0 
4 7 7 0 0 0 
5 7 7 0 0 0 
6 7 7 0 0 0 
7 7 7 0 0 0 
8 7 7 0 0 0 
9 7 7 0 0 0 
10 7 7 0 0 0 
11 7 7 0 0 0 
0 8 8 0 0 0 
1 8 8 0 0 0 
2 8 8 0 0 0 
3 8 8 0 0 0 
4 8 8 0 0 0 
5 8 8 0 0 0 
6 8 8 0 0 0 
7 8 8 0 0 0 
8 8 8 0 0 0 
9 8 8 0 0 0 
10 8 8 0 0 0 
11 8 8 0 0 0 
0 9 9 0 0 0 
1 9 9 0 0 0 
2 9 9 0 0 0 
3 9 9 0 0 0 
4 9 9 0 0 0 
5 9 9 0 0 0 
6 9 9 0 0 0 
7 9 9 0 0 0 
8 9 9 0 0 0 
9 9 9 0 0 0 
10 9 9 0 0 0 
11 9 9 0 0 0 
0 10 10 0 0 0 
1 10 10 0 0 0 
2 10 10 0 0 0 
3 10 10 0 0 0 
4 10 10 0 0 0 
5 10 10 0 0 0 
6 10 10 0 0 0 
7 10 10 0 0 0 
8 10 10 0 0 0 
9 10 10 0 0 0 
10 10 10 0 0 0 
11 10 10 0 0 0 
0 11 11 0 0 0 
1 11 11 0 0 0 
2 11 11 0 0 0 
3 11 11 0 0 0 
4 11 11 0 0 0 
5 11 11 0 0 0 
6 11 11 0 0 0 
7 11 11 0 0 0 
8 11 11 0 0 0 
9 11 11 0 0 0 
10 11 11 0 0 0 
11 11 11 0 0 0 
