0 0 0 0 
1 0 0 0 
2 0 0 0 
3 0 0 0 
4 0 0 0 
5 0 0 0 
6 0 0 0 
7 0 0 0 
8 0 0 0 
9 0 0 0 
10 0 0 0 
11 0 0 0 
12 0 0 0 
13 0 0 0 
14 0 0 0 
15 0 0 0 
16 0 0 0 
17 0 0 0 
18 0 0 0 
19 0 0 0 
20 0 0 0 
21 0 0 0 
22 0 0 0 
23 0 0 0 
24 0 0 0 
25 0 0 0 
26 0 0 0 
27 0 0 0 
28 0 0 0 
29 0 0 0 
30 0 0 0 
31 0 0 0 
32 0 0 0 
1089 0 0 0 
1090 0 0 0 
1091 0 0 0 
1092 0 0 0 
1093 0 0 0 
1094 0 0 0 
1095 0 0 0 
1096 0 0 0 
1097 0 0 0 
1098 0 0 0 
1099 0 0 0 
1100 0 0 0 
1101 0 0 0 
1102 0 0 0 
1103 0 0 0 
1104 0 0 0 
1105 0 0 0 
1106 0 0 0 
1107 0 0 0 
1108 0 0 0 
1109 0 0 0 
1110 0 0 0 
1111 0 0 0 
1112 0 0 0 
1113 0 0 0 
1114 0 0 0 
1115 0 0 0 
1116 0 0 0 
1117 0 0 0 
1118 0 0 0 
1119 0 0 0 
1120 0 0 0 
1121 0 0 0 
2178 0 0 0 
2179 0 0 0 
2180 0 0 0 
2181 0 0 0 
2182 0 0 0 
2183 0 0 0 
2184 0 0 0 
2185 0 0 0 
2186 0 0 0 
2187 0 0 0 
2188 0 0 0 
2189 0 0 0 
2190 0 0 0 
2191 0 0 0 
2192 0 0 0 
2193 0 0 0 
2194 0 0 0 
2195 0 0 0 
2196 0 0 0 
2197 0 0 0 
2198 0 0 0 
2199 0 0 0 
2200 0 0 0 
2201 0 0 0 
2202 0 0 0 
2203 0 0 0 
2204 0 0 0 
2205 0 0 0 
2206 0 0 0 
2207 0 0 0 
2208 0 0 0 
2209 0 0 0 
2210 0 0 0 
3267 0 0 0 
3268 0 0 0 
3269 0 0 0 
3270 0 0 0 
3271 0 0 0 
3272 0 0 0 
3273 0 0 0 
3274 0 0 0 
3275 0 0 0 
3276 0 0 0 
3277 0 0 0 
3278 0 0 0 
3279 0 0 0 
3280 0 0 0 
3281 0 0 0 
3282 0 0 0 
3283 0 0 0 
3284 0 0 0 
3285 0 0 0 
3286 0 0 0 
3287 0 0 0 
3288 0 0 0 
3289 0 0 0 
3290 0 0 0 
3291 0 0 0 
3292 0 0 0 
3293 0 0 0 
3294 0 0 0 
3295 0 0 0 
3296 0 0 0 
3297 0 0 0 
3298 0 0 0 
3299 0 0 0 
4356 0 0 0 
4357 0 0 0 
4358 0 0 0 
4359 0 0 0 
4360 0 0 0 
4361 0 0 0 
4362 0 0 0 
4363 0 0 0 
4364 0 0 0 
4365 0 0 0 
4366 0 0 0 
4367 0 0 0 
4368 0 0 0 
4369 0 0 0 
4370 0 0 0 
4371 0 0 0 
4372 0 0 0 
4373 0 0 0 
4374 0 0 0 
4375 0 0 0 
4376 0 0 0 
4377 0 0 0 
4378 0 0 0 
4379 0 0 0 
4380 0 0 0 
4381 0 0 0 
4382 0 0 0 
4383 0 0 0 
4384 0 0 0 
4385 0 0 0 
4386 0 0 0 
4387 0 0 0 
4388 0 0 0 
5445 0 0 0 
5446 0 0 0 
5447 0 0 0 
5448 0 0 0 
5449 0 0 0 
5450 0 0 0 
5451 0 0 0 
5452 0 0 0 
5453 0 0 0 
5454 0 0 0 
5455 0 0 0 
5456 0 0 0 
5457 0 0 0 
5458 0 0 0 
5459 0 0 0 
5460 0 0 0 
5461 0 0 0 
5462 0 0 0 
5463 0 0 0 
5464 0 0 0 
5465 0 0 0 
5466 0 0 0 
5467 0 0 0 
5468 0 0 0 
5469 0 0 0 
5470 0 0 0 
5471 0 0 0 
5472 0 0 0 
5473 0 0 0 
5474 0 0 0 
5475 0 0 0 
5476 0 0 0 
5477 0 0 0 
6534 0 0 0 
6535 0 0 0 
6536 0 0 0 
6537 0 0 0 
6538 0 0 0 
6539 0 0 0 
6540 0 0 0 
6541 0 0 0 
6542 0 0 0 
6543 0 0 0 
6544 0 0 0 
6545 0 0 0 
6546 0 0 0 
6547 0 0 0 
6548 0 0 0 
6549 0 0 0 
6550 0 0 0 
6551 0 0 0 
6552 0 0 0 
6553 0 0 0 
6554 0 0 0 
6555 0 0 0 
6556 0 0 0 
6557 0 0 0 
6558 0 0 0 
6559 0 0 0 
6560 0 0 0 
6561 0 0 0 
6562 0 0 0 
6563 0 0 0 
6564 0 0 0 
6565 0 0 0 
6566 0 0 0 
7623 0 0 0 
7624 0 0 0 
7625 0 0 0 
7626 0 0 0 
7627 0 0 0 
7628 0 0 0 
7629 0 0 0 
7630 0 0 0 
7631 0 0 0 
7632 0 0 0 
7633 0 0 0 
7634 0 0 0 
7635 0 0 0 
7636 0 0 0 
7637 0 0 0 
7638 0 0 0 
7639 0 0 0 
7640 0 0 0 
7641 0 0 0 
7642 0 0 0 
7643 0 0 0 
7644 0 0 0 
7645 0 0 0 
7646 0 0 0 
7647 0 0 0 
7648 0 0 0 
7649 0 0 0 
7650 0 0 0 
7651 0 0 0 
7652 0 0 0 
7653 0 0 0 
7654 0 0 0 
7655 0 0 0 
8712 0 0 0 
8713 0 0 0 
8714 0 0 0 
8715 0 0 0 
8716 0 0 0 
8717 0 0 0 
8718 0 0 0 
8719 0 0 0 
8720 0 0 0 
8721 0 0 0 
8722 0 0 0 
8723 0 0 0 
8724 0 0 0 
8725 0 0 0 
8726 0 0 0 
8727 0 0 0 
8728 0 0 0 
8729 0 0 0 
8730 0 0 0 
8731 0 0 0 
8732 0 0 0 
8733 0 0 0 
8734 0 0 0 
8735 0 0 0 
8736 0 0 0 
8737 0 0 0 
8738 0 0 0 
8739 0 0 0 
8740 0 0 0 
8741 0 0 0 
8742 0 0 0 
8743 0 0 0 
8744 0 0 0 
9801 0 0 0 
9802 0 0 0 
9803 0 0 0 
9804 0 0 0 
9805 0 0 0 
9806 0 0 0 
9807 0 0 0 
9808 0 0 0 
9809 0 0 0 
9810 0 0 0 
9811 0 0 0 
9812 0 0 0 
9813 0 0 0 
9814 0 0 0 
9815 0 0 0 
9816 0 0 0 
9817 0 0 0 
9818 0 0 0 
9819 0 0 0 
9820 0 0 0 
9821 0 0 0 
9822 0 0 0 
9823 0 0 0 
9824 0 0 0 
9825 0 0 0 
9826 0 0 0 
9827 0 0 0 
9828 0 0 0 
9829 0 0 0 
9830 0 0 0 
9831 0 0 0 
9832 0 0 0 
9833 0 0 0 
10890 0 0 0 
10891 0 0 0 
10892 0 0 0 
10893 0 0 0 
10894 0 0 0 
10895 0 0 0 
10896 0 0 0 
10897 0 0 0 
10898 0 0 0 
10899 0 0 0 
10900 0 0 0 
10901 0 0 0 
10902 0 0 0 
10903 0 0 0 
10904 0 0 0 
10905 0 0 0 
10906 0 0 0 
10907 0 0 0 
10908 0 0 0 
10909 0 0 0 
10910 0 0 0 
10911 0 0 0 
10912 0 0 0 
10913 0 0 0 
10914 0 0 0 
10915 0 0 0 
10916 0 0 0 
10917 0 0 0 
10918 0 0 0 
10919 0 0 0 
10920 0 0 0 
10921 0 0 0 
10922 0 0 0 
11979 0 0 0 
11980 0 0 0 
11981 0 0 0 
11982 0 0 0 
11983 0 0 0 
11984 0 0 0 
11985 0 0 0 
11986 0 0 0 
11987 0 0 0 
11988 0 0 0 
11989 0 0 0 
11990 0 0 0 
11991 0 0 0 
11992 0 0 0 
11993 0 0 0 
11994 0 0 0 
11995 0 0 0 
11996 0 0 0 
11997 0 0 0 
11998 0 0 0 
11999 0 0 0 
12000 0 0 0 
12001 0 0 0 
12002 0 0 0 
12003 0 0 0 
12004 0 0 0 
12005 0 0 0 
12006 0 0 0 
12007 0 0 0 
12008 0 0 0 
12009 0 0 0 
12010 0 0 0 
12011 0 0 0 
13068 0 0 0 
13069 0 0 0 
13070 0 0 0 
13071 0 0 0 
13072 0 0 0 
13073 0 0 0 
13074 0 0 0 
13075 0 0 0 
13076 0 0 0 
13077 0 0 0 
13078 0 0 0 
13079 0 0 0 
13080 0 0 0 
13081 0 0 0 
13082 0 0 0 
13083 0 0 0 
13084 0 0 0 
13085 0 0 0 
13086 0 0 0 
13087 0 0 0 
13088 0 0 0 
13089 0 0 0 
13090 0 0 0 
13091 0 0 0 
13092 0 0 0 
13093 0 0 0 
13094 0 0 0 
13095 0 0 0 
13096 0 0 0 
13097 0 0 0 
13098 0 0 0 
13099 0 0 0 
13100 0 0 0 
14157 0 0 0 
14158 0 0 0 
14159 0 0 0 
14160 0 0 0 
14161 0 0 0 
14162 0 0 0 
14163 0 0 0 
14164 0 0 0 
14165 0 0 0 
14166 0 0 0 
14167 0 0 0 
14168 0 0 0 
14169 0 0 0 
14170 0 0 0 
14171 0 0 0 
14172 0 0 0 
14173 0 0 0 
14174 0 0 0 
14175 0 0 0 
14176 0 0 0 
14177 0 0 0 
14178 0 0 0 
14179 0 0 0 
14180 0 0 0 
14181 0 0 0 
14182 0 0 0 
14183 0 0 0 
14184 0 0 0 
14185 0 0 0 
14186 0 0 0 
14187 0 0 0 
14188 0 0 0 
14189 0 0 0 
15246 0 0 0 
15247 0 0 0 
15248 0 0 0 
15249 0 0 0 
15250 0 0 0 
15251 0 0 0 
15252 0 0 0 
15253 0 0 0 
15254 0 0 0 
15255 0 0 0 
15256 0 0 0 
15257 0 0 0 
15258 0 0 0 
15259 0 0 0 
15260 0 0 0 
15261 0 0 0 
15262 0 0 0 
15263 0 0 0 
15264 0 0 0 
15265 0 0 0 
15266 0 0 0 
15267 0 0 0 
15268 0 0 0 
15269 0 0 0 
15270 0 0 0 
15271 0 0 0 
15272 0 0 0 
15273 0 0 0 
15274 0 0 0 
15275 0 0 0 
15276 0 0 0 
15277 0 0 0 
15278 0 0 0 
16335 0 0 0 
16336 0 0 0 
16337 0 0 0 
16338 0 0 0 
16339 0 0 0 
16340 0 0 0 
16341 0 0 0 
16342 0 0 0 
16343 0 0 0 
16344 0 0 0 
16345 0 0 0 
16346 0 0 0 
16347 0 0 0 
16348 0 0 0 
16349 0 0 0 
16350 0 0 0 
16351 0 0 0 
16352 0 0 0 
16353 0 0 0 
16354 0 0 0 
16355 0 0 0 
16356 0 0 0 
16357 0 0 0 
16358 0 0 0 
16359 0 0 0 
16360 0 0 0 
16361 0 0 0 
16362 0 0 0 
16363 0 0 0 
16364 0 0 0 
16365 0 0 0 
16366 0 0 0 
16367 0 0 0 
17424 0 0 0 
17425 0 0 0 
17426 0 0 0 
17427 0 0 0 
17428 0 0 0 
17429 0 0 0 
17430 0 0 0 
17431 0 0 0 
17432 0 0 0 
17433 0 0 0 
17434 0 0 0 
17435 0 0 0 
17436 0 0 0 
17437 0 0 0 
17438 0 0 0 
17439 0 0 0 
17440 0 0 0 
17441 0 0 0 
17442 0 0 0 
17443 0 0 0 
17444 0 0 0 
17445 0 0 0 
17446 0 0 0 
17447 0 0 0 
17448 0 0 0 
17449 0 0 0 
17450 0 0 0 
17451 0 0 0 
17452 0 0 0 
17453 0 0 0 
17454 0 0 0 
17455 0 0 0 
17456 0 0 0 
18513 0 0 0 
18514 0 0 0 
18515 0 0 0 
18516 0 0 0 
18517 0 0 0 
18518 0 0 0 
18519 0 0 0 
18520 0 0 0 
18521 0 0 0 
18522 0 0 0 
18523 0 0 0 
18524 0 0 0 
18525 0 0 0 
18526 0 0 0 
18527 0 0 0 
18528 0 0 0 
18529 0 0 0 
18530 0 0 0 
18531 0 0 0 
18532 0 0 0 
18533 0 0 0 
18534 0 0 0 
18535 0 0 0 
18536 0 0 0 
18537 0 0 0 
18538 0 0 0 
18539 0 0 0 
18540 0 0 0 
18541 0 0 0 
18542 0 0 0 
18543 0 0 0 
18544 0 0 0 
18545 0 0 0 
19602 0 0 0 
19603 0 0 0 
19604 0 0 0 
19605 0 0 0 
19606 0 0 0 
19607 0 0 0 
19608 0 0 0 
19609 0 0 0 
19610 0 0 0 
19611 0 0 0 
19612 0 0 0 
19613 0 0 0 
19614 0 0 0 
19615 0 0 0 
19616 0 0 0 
19617 0 0 0 
19618 0 0 0 
19619 0 0 0 
19620 0 0 0 
19621 0 0 0 
19622 0 0 0 
19623 0 0 0 
19624 0 0 0 
19625 0 0 0 
19626 0 0 0 
19627 0 0 0 
19628 0 0 0 
19629 0 0 0 
19630 0 0 0 
19631 0 0 0 
19632 0 0 0 
19633 0 0 0 
19634 0 0 0 
20691 0 0 0 
20692 0 0 0 
20693 0 0 0 
20694 0 0 0 
20695 0 0 0 
20696 0 0 0 
20697 0 0 0 
20698 0 0 0 
20699 0 0 0 
20700 0 0 0 
20701 0 0 0 
20702 0 0 0 
20703 0 0 0 
20704 0 0 0 
20705 0 0 0 
20706 0 0 0 
20707 0 0 0 
20708 0 0 0 
20709 0 0 0 
20710 0 0 0 
20711 0 0 0 
20712 0 0 0 
20713 0 0 0 
20714 0 0 0 
20715 0 0 0 
20716 0 0 0 
20717 0 0 0 
20718 0 0 0 
20719 0 0 0 
20720 0 0 0 
20721 0 0 0 
20722 0 0 0 
20723 0 0 0 
21780 0 0 0 
21781 0 0 0 
21782 0 0 0 
21783 0 0 0 
21784 0 0 0 
21785 0 0 0 
21786 0 0 0 
21787 0 0 0 
21788 0 0 0 
21789 0 0 0 
21790 0 0 0 
21791 0 0 0 
21792 0 0 0 
21793 0 0 0 
21794 0 0 0 
21795 0 0 0 
21796 0 0 0 
21797 0 0 0 
21798 0 0 0 
21799 0 0 0 
21800 0 0 0 
21801 0 0 0 
21802 0 0 0 
21803 0 0 0 
21804 0 0 0 
21805 0 0 0 
21806 0 0 0 
21807 0 0 0 
21808 0 0 0 
21809 0 0 0 
21810 0 0 0 
21811 0 0 0 
21812 0 0 0 
22869 0 0 0 
22870 0 0 0 
22871 0 0 0 
22872 0 0 0 
22873 0 0 0 
22874 0 0 0 
22875 0 0 0 
22876 0 0 0 
22877 0 0 0 
22878 0 0 0 
22879 0 0 0 
22880 0 0 0 
22881 0 0 0 
22882 0 0 0 
22883 0 0 0 
22884 0 0 0 
22885 0 0 0 
22886 0 0 0 
22887 0 0 0 
22888 0 0 0 
22889 0 0 0 
22890 0 0 0 
22891 0 0 0 
22892 0 0 0 
22893 0 0 0 
22894 0 0 0 
22895 0 0 0 
22896 0 0 0 
22897 0 0 0 
22898 0 0 0 
22899 0 0 0 
22900 0 0 0 
22901 0 0 0 
23958 0 0 0 
23959 0 0 0 
23960 0 0 0 
23961 0 0 0 
23962 0 0 0 
23963 0 0 0 
23964 0 0 0 
23965 0 0 0 
23966 0 0 0 
23967 0 0 0 
23968 0 0 0 
23969 0 0 0 
23970 0 0 0 
23971 0 0 0 
23972 0 0 0 
23973 0 0 0 
23974 0 0 0 
23975 0 0 0 
23976 0 0 0 
23977 0 0 0 
23978 0 0 0 
23979 0 0 0 
23980 0 0 0 
23981 0 0 0 
23982 0 0 0 
23983 0 0 0 
23984 0 0 0 
23985 0 0 0 
23986 0 0 0 
23987 0 0 0 
23988 0 0 0 
23989 0 0 0 
23990 0 0 0 
25047 0 0 0 
25048 0 0 0 
25049 0 0 0 
25050 0 0 0 
25051 0 0 0 
25052 0 0 0 
25053 0 0 0 
25054 0 0 0 
25055 0 0 0 
25056 0 0 0 
25057 0 0 0 
25058 0 0 0 
25059 0 0 0 
25060 0 0 0 
25061 0 0 0 
25062 0 0 0 
25063 0 0 0 
25064 0 0 0 
25065 0 0 0 
25066 0 0 0 
25067 0 0 0 
25068 0 0 0 
25069 0 0 0 
25070 0 0 0 
25071 0 0 0 
25072 0 0 0 
25073 0 0 0 
25074 0 0 0 
25075 0 0 0 
25076 0 0 0 
25077 0 0 0 
25078 0 0 0 
25079 0 0 0 
26136 0 0 0 
26137 0 0 0 
26138 0 0 0 
26139 0 0 0 
26140 0 0 0 
26141 0 0 0 
26142 0 0 0 
26143 0 0 0 
26144 0 0 0 
26145 0 0 0 
26146 0 0 0 
26147 0 0 0 
26148 0 0 0 
26149 0 0 0 
26150 0 0 0 
26151 0 0 0 
26152 0 0 0 
26153 0 0 0 
26154 0 0 0 
26155 0 0 0 
26156 0 0 0 
26157 0 0 0 
26158 0 0 0 
26159 0 0 0 
26160 0 0 0 
26161 0 0 0 
26162 0 0 0 
26163 0 0 0 
26164 0 0 0 
26165 0 0 0 
26166 0 0 0 
26167 0 0 0 
26168 0 0 0 
27225 0 0 0 
27226 0 0 0 
27227 0 0 0 
27228 0 0 0 
27229 0 0 0 
27230 0 0 0 
27231 0 0 0 
27232 0 0 0 
27233 0 0 0 
27234 0 0 0 
27235 0 0 0 
27236 0 0 0 
27237 0 0 0 
27238 0 0 0 
27239 0 0 0 
27240 0 0 0 
27241 0 0 0 
27242 0 0 0 
27243 0 0 0 
27244 0 0 0 
27245 0 0 0 
27246 0 0 0 
27247 0 0 0 
27248 0 0 0 
27249 0 0 0 
27250 0 0 0 
27251 0 0 0 
27252 0 0 0 
27253 0 0 0 
27254 0 0 0 
27255 0 0 0 
27256 0 0 0 
27257 0 0 0 
28314 0 0 0 
28315 0 0 0 
28316 0 0 0 
28317 0 0 0 
28318 0 0 0 
28319 0 0 0 
28320 0 0 0 
28321 0 0 0 
28322 0 0 0 
28323 0 0 0 
28324 0 0 0 
28325 0 0 0 
28326 0 0 0 
28327 0 0 0 
28328 0 0 0 
28329 0 0 0 
28330 0 0 0 
28331 0 0 0 
28332 0 0 0 
28333 0 0 0 
28334 0 0 0 
28335 0 0 0 
28336 0 0 0 
28337 0 0 0 
28338 0 0 0 
28339 0 0 0 
28340 0 0 0 
28341 0 0 0 
28342 0 0 0 
28343 0 0 0 
28344 0 0 0 
28345 0 0 0 
28346 0 0 0 
29403 0 0 0 
29404 0 0 0 
29405 0 0 0 
29406 0 0 0 
29407 0 0 0 
29408 0 0 0 
29409 0 0 0 
29410 0 0 0 
29411 0 0 0 
29412 0 0 0 
29413 0 0 0 
29414 0 0 0 
29415 0 0 0 
29416 0 0 0 
29417 0 0 0 
29418 0 0 0 
29419 0 0 0 
29420 0 0 0 
29421 0 0 0 
29422 0 0 0 
29423 0 0 0 
29424 0 0 0 
29425 0 0 0 
29426 0 0 0 
29427 0 0 0 
29428 0 0 0 
29429 0 0 0 
29430 0 0 0 
29431 0 0 0 
29432 0 0 0 
29433 0 0 0 
29434 0 0 0 
29435 0 0 0 
30492 0 0 0 
30493 0 0 0 
30494 0 0 0 
30495 0 0 0 
30496 0 0 0 
30497 0 0 0 
30498 0 0 0 
30499 0 0 0 
30500 0 0 0 
30501 0 0 0 
30502 0 0 0 
30503 0 0 0 
30504 0 0 0 
30505 0 0 0 
30506 0 0 0 
30507 0 0 0 
30508 0 0 0 
30509 0 0 0 
30510 0 0 0 
30511 0 0 0 
30512 0 0 0 
30513 0 0 0 
30514 0 0 0 
30515 0 0 0 
30516 0 0 0 
30517 0 0 0 
30518 0 0 0 
30519 0 0 0 
30520 0 0 0 
30521 0 0 0 
30522 0 0 0 
30523 0 0 0 
30524 0 0 0 
31581 0 0 0 
31582 0 0 0 
31583 0 0 0 
31584 0 0 0 
31585 0 0 0 
31586 0 0 0 
31587 0 0 0 
31588 0 0 0 
31589 0 0 0 
31590 0 0 0 
31591 0 0 0 
31592 0 0 0 
31593 0 0 0 
31594 0 0 0 
31595 0 0 0 
31596 0 0 0 
31597 0 0 0 
31598 0 0 0 
31599 0 0 0 
31600 0 0 0 
31601 0 0 0 
31602 0 0 0 
31603 0 0 0 
31604 0 0 0 
31605 0 0 0 
31606 0 0 0 
31607 0 0 0 
31608 0 0 0 
31609 0 0 0 
31610 0 0 0 
31611 0 0 0 
31612 0 0 0 
31613 0 0 0 
32670 0 0 0 
32671 0 0 0 
32672 0 0 0 
32673 0 0 0 
32674 0 0 0 
32675 0 0 0 
32676 0 0 0 
32677 0 0 0 
32678 0 0 0 
32679 0 0 0 
32680 0 0 0 
32681 0 0 0 
32682 0 0 0 
32683 0 0 0 
32684 0 0 0 
32685 0 0 0 
32686 0 0 0 
32687 0 0 0 
32688 0 0 0 
32689 0 0 0 
32690 0 0 0 
32691 0 0 0 
32692 0 0 0 
32693 0 0 0 
32694 0 0 0 
32695 0 0 0 
32696 0 0 0 
32697 0 0 0 
32698 0 0 0 
32699 0 0 0 
32700 0 0 0 
32701 0 0 0 
32702 0 0 0 
33759 0 0 0 
33760 0 0 0 
33761 0 0 0 
33762 0 0 0 
33763 0 0 0 
33764 0 0 0 
33765 0 0 0 
33766 0 0 0 
33767 0 0 0 
33768 0 0 0 
33769 0 0 0 
33770 0 0 0 
33771 0 0 0 
33772 0 0 0 
33773 0 0 0 
33774 0 0 0 
33775 0 0 0 
33776 0 0 0 
33777 0 0 0 
33778 0 0 0 
33779 0 0 0 
33780 0 0 0 
33781 0 0 0 
33782 0 0 0 
33783 0 0 0 
33784 0 0 0 
33785 0 0 0 
33786 0 0 0 
33787 0 0 0 
33788 0 0 0 
33789 0 0 0 
33790 0 0 0 
33791 0 0 0 
34848 0 0 0 
34849 0 0 0 
34850 0 0 0 
34851 0 0 0 
34852 0 0 0 
34853 0 0 0 
34854 0 0 0 
34855 0 0 0 
34856 0 0 0 
34857 0 0 0 
34858 0 0 0 
34859 0 0 0 
34860 0 0 0 
34861 0 0 0 
34862 0 0 0 
34863 0 0 0 
34864 0 0 0 
34865 0 0 0 
34866 0 0 0 
34867 0 0 0 
34868 0 0 0 
34869 0 0 0 
34870 0 0 0 
34871 0 0 0 
34872 0 0 0 
34873 0 0 0 
34874 0 0 0 
34875 0 0 0 
34876 0 0 0 
34877 0 0 0 
34878 0 0 0 
34879 0 0 0 
34880 0 0 0 
1056 1 0 0 
1057 1 0 0 
1058 1 0 0 
1059 1 0 0 
1060 1 0 0 
1061 1 0 0 
1062 1 0 0 
1063 1 0 0 
1064 1 0 0 
1065 1 0 0 
1066 1 0 0 
1067 1 0 0 
1068 1 0 0 
1069 1 0 0 
1070 1 0 0 
1071 1 0 0 
1072 1 0 0 
1073 1 0 0 
1074 1 0 0 
1075 1 0 0 
1076 1 0 0 
1077 1 0 0 
1078 1 0 0 
1079 1 0 0 
1080 1 0 0 
1081 1 0 0 
1082 1 0 0 
1083 1 0 0 
1084 1 0 0 
1085 1 0 0 
1086 1 0 0 
1087 1 0 0 
1088 1 0 0 
2145 1 0 0 
2146 1 0 0 
2147 1 0 0 
2148 1 0 0 
2149 1 0 0 
2150 1 0 0 
2151 1 0 0 
2152 1 0 0 
2153 1 0 0 
2154 1 0 0 
2155 1 0 0 
2156 1 0 0 
2157 1 0 0 
2158 1 0 0 
2159 1 0 0 
2160 1 0 0 
2161 1 0 0 
2162 1 0 0 
2163 1 0 0 
2164 1 0 0 
2165 1 0 0 
2166 1 0 0 
2167 1 0 0 
2168 1 0 0 
2169 1 0 0 
2170 1 0 0 
2171 1 0 0 
2172 1 0 0 
2173 1 0 0 
2174 1 0 0 
2175 1 0 0 
2176 1 0 0 
2177 1 0 0 
3234 1 0 0 
3235 1 0 0 
3236 1 0 0 
3237 1 0 0 
3238 1 0 0 
3239 1 0 0 
3240 1 0 0 
3241 1 0 0 
3242 1 0 0 
3243 1 0 0 
3244 1 0 0 
3245 1 0 0 
3246 1 0 0 
3247 1 0 0 
3248 1 0 0 
3249 1 0 0 
3250 1 0 0 
3251 1 0 0 
3252 1 0 0 
3253 1 0 0 
3254 1 0 0 
3255 1 0 0 
3256 1 0 0 
3257 1 0 0 
3258 1 0 0 
3259 1 0 0 
3260 1 0 0 
3261 1 0 0 
3262 1 0 0 
3263 1 0 0 
3264 1 0 0 
3265 1 0 0 
3266 1 0 0 
4323 1 0 0 
4324 1 0 0 
4325 1 0 0 
4326 1 0 0 
4327 1 0 0 
4328 1 0 0 
4329 1 0 0 
4330 1 0 0 
4331 1 0 0 
4332 1 0 0 
4333 1 0 0 
4334 1 0 0 
4335 1 0 0 
4336 1 0 0 
4337 1 0 0 
4338 1 0 0 
4339 1 0 0 
4340 1 0 0 
4341 1 0 0 
4342 1 0 0 
4343 1 0 0 
4344 1 0 0 
4345 1 0 0 
4346 1 0 0 
4347 1 0 0 
4348 1 0 0 
4349 1 0 0 
4350 1 0 0 
4351 1 0 0 
4352 1 0 0 
4353 1 0 0 
4354 1 0 0 
4355 1 0 0 
5412 1 0 0 
5413 1 0 0 
5414 1 0 0 
5415 1 0 0 
5416 1 0 0 
5417 1 0 0 
5418 1 0 0 
5419 1 0 0 
5420 1 0 0 
5421 1 0 0 
5422 1 0 0 
5423 1 0 0 
5424 1 0 0 
5425 1 0 0 
5426 1 0 0 
5427 1 0 0 
5428 1 0 0 
5429 1 0 0 
5430 1 0 0 
5431 1 0 0 
5432 1 0 0 
5433 1 0 0 
5434 1 0 0 
5435 1 0 0 
5436 1 0 0 
5437 1 0 0 
5438 1 0 0 
5439 1 0 0 
5440 1 0 0 
5441 1 0 0 
5442 1 0 0 
5443 1 0 0 
5444 1 0 0 
6501 1 0 0 
6502 1 0 0 
6503 1 0 0 
6504 1 0 0 
6505 1 0 0 
6506 1 0 0 
6507 1 0 0 
6508 1 0 0 
6509 1 0 0 
6510 1 0 0 
6511 1 0 0 
6512 1 0 0 
6513 1 0 0 
6514 1 0 0 
6515 1 0 0 
6516 1 0 0 
6517 1 0 0 
6518 1 0 0 
6519 1 0 0 
6520 1 0 0 
6521 1 0 0 
6522 1 0 0 
6523 1 0 0 
6524 1 0 0 
6525 1 0 0 
6526 1 0 0 
6527 1 0 0 
6528 1 0 0 
6529 1 0 0 
6530 1 0 0 
6531 1 0 0 
6532 1 0 0 
6533 1 0 0 
7590 1 0 0 
7591 1 0 0 
7592 1 0 0 
7593 1 0 0 
7594 1 0 0 
7595 1 0 0 
7596 1 0 0 
7597 1 0 0 
7598 1 0 0 
7599 1 0 0 
7600 1 0 0 
7601 1 0 0 
7602 1 0 0 
7603 1 0 0 
7604 1 0 0 
7605 1 0 0 
7606 1 0 0 
7607 1 0 0 
7608 1 0 0 
7609 1 0 0 
7610 1 0 0 
7611 1 0 0 
7612 1 0 0 
7613 1 0 0 
7614 1 0 0 
7615 1 0 0 
7616 1 0 0 
7617 1 0 0 
7618 1 0 0 
7619 1 0 0 
7620 1 0 0 
7621 1 0 0 
7622 1 0 0 
8679 1 0 0 
8680 1 0 0 
8681 1 0 0 
8682 1 0 0 
8683 1 0 0 
8684 1 0 0 
8685 1 0 0 
8686 1 0 0 
8687 1 0 0 
8688 1 0 0 
8689 1 0 0 
8690 1 0 0 
8691 1 0 0 
8692 1 0 0 
8693 1 0 0 
8694 1 0 0 
8695 1 0 0 
8696 1 0 0 
8697 1 0 0 
8698 1 0 0 
8699 1 0 0 
8700 1 0 0 
8701 1 0 0 
8702 1 0 0 
8703 1 0 0 
8704 1 0 0 
8705 1 0 0 
8706 1 0 0 
8707 1 0 0 
8708 1 0 0 
8709 1 0 0 
8710 1 0 0 
8711 1 0 0 
9768 1 0 0 
9769 1 0 0 
9770 1 0 0 
9771 1 0 0 
9772 1 0 0 
9773 1 0 0 
9774 1 0 0 
9775 1 0 0 
9776 1 0 0 
9777 1 0 0 
9778 1 0 0 
9779 1 0 0 
9780 1 0 0 
9781 1 0 0 
9782 1 0 0 
9783 1 0 0 
9784 1 0 0 
9785 1 0 0 
9786 1 0 0 
9787 1 0 0 
9788 1 0 0 
9789 1 0 0 
9790 1 0 0 
9791 1 0 0 
9792 1 0 0 
9793 1 0 0 
9794 1 0 0 
9795 1 0 0 
9796 1 0 0 
9797 1 0 0 
9798 1 0 0 
9799 1 0 0 
9800 1 0 0 
10857 1 0 0 
10858 1 0 0 
10859 1 0 0 
10860 1 0 0 
10861 1 0 0 
10862 1 0 0 
10863 1 0 0 
10864 1 0 0 
10865 1 0 0 
10866 1 0 0 
10867 1 0 0 
10868 1 0 0 
10869 1 0 0 
10870 1 0 0 
10871 1 0 0 
10872 1 0 0 
10873 1 0 0 
10874 1 0 0 
10875 1 0 0 
10876 1 0 0 
10877 1 0 0 
10878 1 0 0 
10879 1 0 0 
10880 1 0 0 
10881 1 0 0 
10882 1 0 0 
10883 1 0 0 
10884 1 0 0 
10885 1 0 0 
10886 1 0 0 
10887 1 0 0 
10888 1 0 0 
10889 1 0 0 
11946 1 0 0 
11947 1 0 0 
11948 1 0 0 
11949 1 0 0 
11950 1 0 0 
11951 1 0 0 
11952 1 0 0 
11953 1 0 0 
11954 1 0 0 
11955 1 0 0 
11956 1 0 0 
11957 1 0 0 
11958 1 0 0 
11959 1 0 0 
11960 1 0 0 
11961 1 0 0 
11962 1 0 0 
11963 1 0 0 
11964 1 0 0 
11965 1 0 0 
11966 1 0 0 
11967 1 0 0 
11968 1 0 0 
11969 1 0 0 
11970 1 0 0 
11971 1 0 0 
11972 1 0 0 
11973 1 0 0 
11974 1 0 0 
11975 1 0 0 
11976 1 0 0 
11977 1 0 0 
11978 1 0 0 
13035 1 0 0 
13036 1 0 0 
13037 1 0 0 
13038 1 0 0 
13039 1 0 0 
13040 1 0 0 
13041 1 0 0 
13042 1 0 0 
13043 1 0 0 
13044 1 0 0 
13045 1 0 0 
13046 1 0 0 
13047 1 0 0 
13048 1 0 0 
13049 1 0 0 
13050 1 0 0 
13051 1 0 0 
13052 1 0 0 
13053 1 0 0 
13054 1 0 0 
13055 1 0 0 
13056 1 0 0 
13057 1 0 0 
13058 1 0 0 
13059 1 0 0 
13060 1 0 0 
13061 1 0 0 
13062 1 0 0 
13063 1 0 0 
13064 1 0 0 
13065 1 0 0 
13066 1 0 0 
13067 1 0 0 
14124 1 0 0 
14125 1 0 0 
14126 1 0 0 
14127 1 0 0 
14128 1 0 0 
14129 1 0 0 
14130 1 0 0 
14131 1 0 0 
14132 1 0 0 
14133 1 0 0 
14134 1 0 0 
14135 1 0 0 
14136 1 0 0 
14137 1 0 0 
14138 1 0 0 
14139 1 0 0 
14140 1 0 0 
14141 1 0 0 
14142 1 0 0 
14143 1 0 0 
14144 1 0 0 
14145 1 0 0 
14146 1 0 0 
14147 1 0 0 
14148 1 0 0 
14149 1 0 0 
14150 1 0 0 
14151 1 0 0 
14152 1 0 0 
14153 1 0 0 
14154 1 0 0 
14155 1 0 0 
14156 1 0 0 
15213 1 0 0 
15214 1 0 0 
15215 1 0 0 
15216 1 0 0 
15217 1 0 0 
15218 1 0 0 
15219 1 0 0 
15220 1 0 0 
15221 1 0 0 
15222 1 0 0 
15223 1 0 0 
15224 1 0 0 
15225 1 0 0 
15226 1 0 0 
15227 1 0 0 
15228 1 0 0 
15229 1 0 0 
15230 1 0 0 
15231 1 0 0 
15232 1 0 0 
15233 1 0 0 
15234 1 0 0 
15235 1 0 0 
15236 1 0 0 
15237 1 0 0 
15238 1 0 0 
15239 1 0 0 
15240 1 0 0 
15241 1 0 0 
15242 1 0 0 
15243 1 0 0 
15244 1 0 0 
15245 1 0 0 
16302 1 0 0 
16303 1 0 0 
16304 1 0 0 
16305 1 0 0 
16306 1 0 0 
16307 1 0 0 
16308 1 0 0 
16309 1 0 0 
16310 1 0 0 
16311 1 0 0 
16312 1 0 0 
16313 1 0 0 
16314 1 0 0 
16315 1 0 0 
16316 1 0 0 
16317 1 0 0 
16318 1 0 0 
16319 1 0 0 
16320 1 0 0 
16321 1 0 0 
16322 1 0 0 
16323 1 0 0 
16324 1 0 0 
16325 1 0 0 
16326 1 0 0 
16327 1 0 0 
16328 1 0 0 
16329 1 0 0 
16330 1 0 0 
16331 1 0 0 
16332 1 0 0 
16333 1 0 0 
16334 1 0 0 
17391 1 0 0 
17392 1 0 0 
17393 1 0 0 
17394 1 0 0 
17395 1 0 0 
17396 1 0 0 
17397 1 0 0 
17398 1 0 0 
17399 1 0 0 
17400 1 0 0 
17401 1 0 0 
17402 1 0 0 
17403 1 0 0 
17404 1 0 0 
17405 1 0 0 
17406 1 0 0 
17407 1 0 0 
17408 1 0 0 
17409 1 0 0 
17410 1 0 0 
17411 1 0 0 
17412 1 0 0 
17413 1 0 0 
17414 1 0 0 
17415 1 0 0 
17416 1 0 0 
17417 1 0 0 
17418 1 0 0 
17419 1 0 0 
17420 1 0 0 
17421 1 0 0 
17422 1 0 0 
17423 1 0 0 
18480 1 0 0 
18481 1 0 0 
18482 1 0 0 
18483 1 0 0 
18484 1 0 0 
18485 1 0 0 
18486 1 0 0 
18487 1 0 0 
18488 1 0 0 
18489 1 0 0 
18490 1 0 0 
18491 1 0 0 
18492 1 0 0 
18493 1 0 0 
18494 1 0 0 
18495 1 0 0 
18496 1 0 0 
18497 1 0 0 
18498 1 0 0 
18499 1 0 0 
18500 1 0 0 
18501 1 0 0 
18502 1 0 0 
18503 1 0 0 
18504 1 0 0 
18505 1 0 0 
18506 1 0 0 
18507 1 0 0 
18508 1 0 0 
18509 1 0 0 
18510 1 0 0 
18511 1 0 0 
18512 1 0 0 
19569 1 0 0 
19570 1 0 0 
19571 1 0 0 
19572 1 0 0 
19573 1 0 0 
19574 1 0 0 
19575 1 0 0 
19576 1 0 0 
19577 1 0 0 
19578 1 0 0 
19579 1 0 0 
19580 1 0 0 
19581 1 0 0 
19582 1 0 0 
19583 1 0 0 
19584 1 0 0 
19585 1 0 0 
19586 1 0 0 
19587 1 0 0 
19588 1 0 0 
19589 1 0 0 
19590 1 0 0 
19591 1 0 0 
19592 1 0 0 
19593 1 0 0 
19594 1 0 0 
19595 1 0 0 
19596 1 0 0 
19597 1 0 0 
19598 1 0 0 
19599 1 0 0 
19600 1 0 0 
19601 1 0 0 
20658 1 0 0 
20659 1 0 0 
20660 1 0 0 
20661 1 0 0 
20662 1 0 0 
20663 1 0 0 
20664 1 0 0 
20665 1 0 0 
20666 1 0 0 
20667 1 0 0 
20668 1 0 0 
20669 1 0 0 
20670 1 0 0 
20671 1 0 0 
20672 1 0 0 
20673 1 0 0 
20674 1 0 0 
20675 1 0 0 
20676 1 0 0 
20677 1 0 0 
20678 1 0 0 
20679 1 0 0 
20680 1 0 0 
20681 1 0 0 
20682 1 0 0 
20683 1 0 0 
20684 1 0 0 
20685 1 0 0 
20686 1 0 0 
20687 1 0 0 
20688 1 0 0 
20689 1 0 0 
20690 1 0 0 
21747 1 0 0 
21748 1 0 0 
21749 1 0 0 
21750 1 0 0 
21751 1 0 0 
21752 1 0 0 
21753 1 0 0 
21754 1 0 0 
21755 1 0 0 
21756 1 0 0 
21757 1 0 0 
21758 1 0 0 
21759 1 0 0 
21760 1 0 0 
21761 1 0 0 
21762 1 0 0 
21763 1 0 0 
21764 1 0 0 
21765 1 0 0 
21766 1 0 0 
21767 1 0 0 
21768 1 0 0 
21769 1 0 0 
21770 1 0 0 
21771 1 0 0 
21772 1 0 0 
21773 1 0 0 
21774 1 0 0 
21775 1 0 0 
21776 1 0 0 
21777 1 0 0 
21778 1 0 0 
21779 1 0 0 
22836 1 0 0 
22837 1 0 0 
22838 1 0 0 
22839 1 0 0 
22840 1 0 0 
22841 1 0 0 
22842 1 0 0 
22843 1 0 0 
22844 1 0 0 
22845 1 0 0 
22846 1 0 0 
22847 1 0 0 
22848 1 0 0 
22849 1 0 0 
22850 1 0 0 
22851 1 0 0 
22852 1 0 0 
22853 1 0 0 
22854 1 0 0 
22855 1 0 0 
22856 1 0 0 
22857 1 0 0 
22858 1 0 0 
22859 1 0 0 
22860 1 0 0 
22861 1 0 0 
22862 1 0 0 
22863 1 0 0 
22864 1 0 0 
22865 1 0 0 
22866 1 0 0 
22867 1 0 0 
22868 1 0 0 
23925 1 0 0 
23926 1 0 0 
23927 1 0 0 
23928 1 0 0 
23929 1 0 0 
23930 1 0 0 
23931 1 0 0 
23932 1 0 0 
23933 1 0 0 
23934 1 0 0 
23935 1 0 0 
23936 1 0 0 
23937 1 0 0 
23938 1 0 0 
23939 1 0 0 
23940 1 0 0 
23941 1 0 0 
23942 1 0 0 
23943 1 0 0 
23944 1 0 0 
23945 1 0 0 
23946 1 0 0 
23947 1 0 0 
23948 1 0 0 
23949 1 0 0 
23950 1 0 0 
23951 1 0 0 
23952 1 0 0 
23953 1 0 0 
23954 1 0 0 
23955 1 0 0 
23956 1 0 0 
23957 1 0 0 
25014 1 0 0 
25015 1 0 0 
25016 1 0 0 
25017 1 0 0 
25018 1 0 0 
25019 1 0 0 
25020 1 0 0 
25021 1 0 0 
25022 1 0 0 
25023 1 0 0 
25024 1 0 0 
25025 1 0 0 
25026 1 0 0 
25027 1 0 0 
25028 1 0 0 
25029 1 0 0 
25030 1 0 0 
25031 1 0 0 
25032 1 0 0 
25033 1 0 0 
25034 1 0 0 
25035 1 0 0 
25036 1 0 0 
25037 1 0 0 
25038 1 0 0 
25039 1 0 0 
25040 1 0 0 
25041 1 0 0 
25042 1 0 0 
25043 1 0 0 
25044 1 0 0 
25045 1 0 0 
25046 1 0 0 
26103 1 0 0 
26104 1 0 0 
26105 1 0 0 
26106 1 0 0 
26107 1 0 0 
26108 1 0 0 
26109 1 0 0 
26110 1 0 0 
26111 1 0 0 
26112 1 0 0 
26113 1 0 0 
26114 1 0 0 
26115 1 0 0 
26116 1 0 0 
26117 1 0 0 
26118 1 0 0 
26119 1 0 0 
26120 1 0 0 
26121 1 0 0 
26122 1 0 0 
26123 1 0 0 
26124 1 0 0 
26125 1 0 0 
26126 1 0 0 
26127 1 0 0 
26128 1 0 0 
26129 1 0 0 
26130 1 0 0 
26131 1 0 0 
26132 1 0 0 
26133 1 0 0 
26134 1 0 0 
26135 1 0 0 
27192 1 0 0 
27193 1 0 0 
27194 1 0 0 
27195 1 0 0 
27196 1 0 0 
27197 1 0 0 
27198 1 0 0 
27199 1 0 0 
27200 1 0 0 
27201 1 0 0 
27202 1 0 0 
27203 1 0 0 
27204 1 0 0 
27205 1 0 0 
27206 1 0 0 
27207 1 0 0 
27208 1 0 0 
27209 1 0 0 
27210 1 0 0 
27211 1 0 0 
27212 1 0 0 
27213 1 0 0 
27214 1 0 0 
27215 1 0 0 
27216 1 0 0 
27217 1 0 0 
27218 1 0 0 
27219 1 0 0 
27220 1 0 0 
27221 1 0 0 
27222 1 0 0 
27223 1 0 0 
27224 1 0 0 
28281 1 0 0 
28282 1 0 0 
28283 1 0 0 
28284 1 0 0 
28285 1 0 0 
28286 1 0 0 
28287 1 0 0 
28288 1 0 0 
28289 1 0 0 
28290 1 0 0 
28291 1 0 0 
28292 1 0 0 
28293 1 0 0 
28294 1 0 0 
28295 1 0 0 
28296 1 0 0 
28297 1 0 0 
28298 1 0 0 
28299 1 0 0 
28300 1 0 0 
28301 1 0 0 
28302 1 0 0 
28303 1 0 0 
28304 1 0 0 
28305 1 0 0 
28306 1 0 0 
28307 1 0 0 
28308 1 0 0 
28309 1 0 0 
28310 1 0 0 
28311 1 0 0 
28312 1 0 0 
28313 1 0 0 
29370 1 0 0 
29371 1 0 0 
29372 1 0 0 
29373 1 0 0 
29374 1 0 0 
29375 1 0 0 
29376 1 0 0 
29377 1 0 0 
29378 1 0 0 
29379 1 0 0 
29380 1 0 0 
29381 1 0 0 
29382 1 0 0 
29383 1 0 0 
29384 1 0 0 
29385 1 0 0 
29386 1 0 0 
29387 1 0 0 
29388 1 0 0 
29389 1 0 0 
29390 1 0 0 
29391 1 0 0 
29392 1 0 0 
29393 1 0 0 
29394 1 0 0 
29395 1 0 0 
29396 1 0 0 
29397 1 0 0 
29398 1 0 0 
29399 1 0 0 
29400 1 0 0 
29401 1 0 0 
29402 1 0 0 
30459 1 0 0 
30460 1 0 0 
30461 1 0 0 
30462 1 0 0 
30463 1 0 0 
30464 1 0 0 
30465 1 0 0 
30466 1 0 0 
30467 1 0 0 
30468 1 0 0 
30469 1 0 0 
30470 1 0 0 
30471 1 0 0 
30472 1 0 0 
30473 1 0 0 
30474 1 0 0 
30475 1 0 0 
30476 1 0 0 
30477 1 0 0 
30478 1 0 0 
30479 1 0 0 
30480 1 0 0 
30481 1 0 0 
30482 1 0 0 
30483 1 0 0 
30484 1 0 0 
30485 1 0 0 
30486 1 0 0 
30487 1 0 0 
30488 1 0 0 
30489 1 0 0 
30490 1 0 0 
30491 1 0 0 
31548 1 0 0 
31549 1 0 0 
31550 1 0 0 
31551 1 0 0 
31552 1 0 0 
31553 1 0 0 
31554 1 0 0 
31555 1 0 0 
31556 1 0 0 
31557 1 0 0 
31558 1 0 0 
31559 1 0 0 
31560 1 0 0 
31561 1 0 0 
31562 1 0 0 
31563 1 0 0 
31564 1 0 0 
31565 1 0 0 
31566 1 0 0 
31567 1 0 0 
31568 1 0 0 
31569 1 0 0 
31570 1 0 0 
31571 1 0 0 
31572 1 0 0 
31573 1 0 0 
31574 1 0 0 
31575 1 0 0 
31576 1 0 0 
31577 1 0 0 
31578 1 0 0 
31579 1 0 0 
31580 1 0 0 
32637 1 0 0 
32638 1 0 0 
32639 1 0 0 
32640 1 0 0 
32641 1 0 0 
32642 1 0 0 
32643 1 0 0 
32644 1 0 0 
32645 1 0 0 
32646 1 0 0 
32647 1 0 0 
32648 1 0 0 
32649 1 0 0 
32650 1 0 0 
32651 1 0 0 
32652 1 0 0 
32653 1 0 0 
32654 1 0 0 
32655 1 0 0 
32656 1 0 0 
32657 1 0 0 
32658 1 0 0 
32659 1 0 0 
32660 1 0 0 
32661 1 0 0 
32662 1 0 0 
32663 1 0 0 
32664 1 0 0 
32665 1 0 0 
32666 1 0 0 
32667 1 0 0 
32668 1 0 0 
32669 1 0 0 
33726 1 0 0 
33727 1 0 0 
33728 1 0 0 
33729 1 0 0 
33730 1 0 0 
33731 1 0 0 
33732 1 0 0 
33733 1 0 0 
33734 1 0 0 
33735 1 0 0 
33736 1 0 0 
33737 1 0 0 
33738 1 0 0 
33739 1 0 0 
33740 1 0 0 
33741 1 0 0 
33742 1 0 0 
33743 1 0 0 
33744 1 0 0 
33745 1 0 0 
33746 1 0 0 
33747 1 0 0 
33748 1 0 0 
33749 1 0 0 
33750 1 0 0 
33751 1 0 0 
33752 1 0 0 
33753 1 0 0 
33754 1 0 0 
33755 1 0 0 
33756 1 0 0 
33757 1 0 0 
33758 1 0 0 
34815 1 0 0 
34816 1 0 0 
34817 1 0 0 
34818 1 0 0 
34819 1 0 0 
34820 1 0 0 
34821 1 0 0 
34822 1 0 0 
34823 1 0 0 
34824 1 0 0 
34825 1 0 0 
34826 1 0 0 
34827 1 0 0 
34828 1 0 0 
34829 1 0 0 
34830 1 0 0 
34831 1 0 0 
34832 1 0 0 
34833 1 0 0 
34834 1 0 0 
34835 1 0 0 
34836 1 0 0 
34837 1 0 0 
34838 1 0 0 
34839 1 0 0 
34840 1 0 0 
34841 1 0 0 
34842 1 0 0 
34843 1 0 0 
34844 1 0 0 
34845 1 0 0 
34846 1 0 0 
34847 1 0 0 
35904 1 0 0 
35905 1 0 0 
35906 1 0 0 
35907 1 0 0 
35908 1 0 0 
35909 1 0 0 
35910 1 0 0 
35911 1 0 0 
35912 1 0 0 
35913 1 0 0 
35914 1 0 0 
35915 1 0 0 
35916 1 0 0 
35917 1 0 0 
35918 1 0 0 
35919 1 0 0 
35920 1 0 0 
35921 1 0 0 
35922 1 0 0 
35923 1 0 0 
35924 1 0 0 
35925 1 0 0 
35926 1 0 0 
35927 1 0 0 
35928 1 0 0 
35929 1 0 0 
35930 1 0 0 
35931 1 0 0 
35932 1 0 0 
35933 1 0 0 
35934 1 0 0 
35935 1 0 0 
35936 1 0 0 
0 0 0 0 
33 0 0 0 
66 0 0 0 
99 0 0 0 
132 0 0 0 
165 0 0 0 
198 0 0 0 
231 0 0 0 
264 0 0 0 
297 0 0 0 
330 0 0 0 
363 0 0 0 
396 0 0 0 
429 0 0 0 
462 0 0 0 
495 0 0 0 
528 0 0 0 
561 0 0 0 
594 0 0 0 
627 0 0 0 
660 0 0 0 
693 0 0 0 
726 0 0 0 
759 0 0 0 
792 0 0 0 
825 0 0 0 
858 0 0 0 
891 0 0 0 
924 0 0 0 
957 0 0 0 
990 0 0 0 
1023 0 0 0 
1056 0 0 0 
1089 0 0 0 
1122 0 0 0 
1155 0 0 0 
1188 0 0 0 
1221 0 0 0 
1254 0 0 0 
1287 0 0 0 
1320 0 0 0 
1353 0 0 0 
1386 0 0 0 
1419 0 0 0 
1452 0 0 0 
1485 0 0 0 
1518 0 0 0 
1551 0 0 0 
1584 0 0 0 
1617 0 0 0 
1650 0 0 0 
1683 0 0 0 
1716 0 0 0 
1749 0 0 0 
1782 0 0 0 
1815 0 0 0 
1848 0 0 0 
1881 0 0 0 
1914 0 0 0 
1947 0 0 0 
1980 0 0 0 
2013 0 0 0 
2046 0 0 0 
2079 0 0 0 
2112 0 0 0 
2145 0 0 0 
2178 0 0 0 
2211 0 0 0 
2244 0 0 0 
2277 0 0 0 
2310 0 0 0 
2343 0 0 0 
2376 0 0 0 
2409 0 0 0 
2442 0 0 0 
2475 0 0 0 
2508 0 0 0 
2541 0 0 0 
2574 0 0 0 
2607 0 0 0 
2640 0 0 0 
2673 0 0 0 
2706 0 0 0 
2739 0 0 0 
2772 0 0 0 
2805 0 0 0 
2838 0 0 0 
2871 0 0 0 
2904 0 0 0 
2937 0 0 0 
2970 0 0 0 
3003 0 0 0 
3036 0 0 0 
3069 0 0 0 
3102 0 0 0 
3135 0 0 0 
3168 0 0 0 
3201 0 0 0 
3234 0 0 0 
3267 0 0 0 
3300 0 0 0 
3333 0 0 0 
3366 0 0 0 
3399 0 0 0 
3432 0 0 0 
3465 0 0 0 
3498 0 0 0 
3531 0 0 0 
3564 0 0 0 
3597 0 0 0 
3630 0 0 0 
3663 0 0 0 
3696 0 0 0 
3729 0 0 0 
3762 0 0 0 
3795 0 0 0 
3828 0 0 0 
3861 0 0 0 
3894 0 0 0 
3927 0 0 0 
3960 0 0 0 
3993 0 0 0 
4026 0 0 0 
4059 0 0 0 
4092 0 0 0 
4125 0 0 0 
4158 0 0 0 
4191 0 0 0 
4224 0 0 0 
4257 0 0 0 
4290 0 0 0 
4323 0 0 0 
4356 0 0 0 
4389 0 0 0 
4422 0 0 0 
4455 0 0 0 
4488 0 0 0 
4521 0 0 0 
4554 0 0 0 
4587 0 0 0 
4620 0 0 0 
4653 0 0 0 
4686 0 0 0 
4719 0 0 0 
4752 0 0 0 
4785 0 0 0 
4818 0 0 0 
4851 0 0 0 
4884 0 0 0 
4917 0 0 0 
4950 0 0 0 
4983 0 0 0 
5016 0 0 0 
5049 0 0 0 
5082 0 0 0 
5115 0 0 0 
5148 0 0 0 
5181 0 0 0 
5214 0 0 0 
5247 0 0 0 
5280 0 0 0 
5313 0 0 0 
5346 0 0 0 
5379 0 0 0 
5412 0 0 0 
5445 0 0 0 
5478 0 0 0 
5511 0 0 0 
5544 0 0 0 
5577 0 0 0 
5610 0 0 0 
5643 0 0 0 
5676 0 0 0 
5709 0 0 0 
5742 0 0 0 
5775 0 0 0 
5808 0 0 0 
5841 0 0 0 
5874 0 0 0 
5907 0 0 0 
5940 0 0 0 
5973 0 0 0 
6006 0 0 0 
6039 0 0 0 
6072 0 0 0 
6105 0 0 0 
6138 0 0 0 
6171 0 0 0 
6204 0 0 0 
6237 0 0 0 
6270 0 0 0 
6303 0 0 0 
6336 0 0 0 
6369 0 0 0 
6402 0 0 0 
6435 0 0 0 
6468 0 0 0 
6501 0 0 0 
6534 0 0 0 
6567 0 0 0 
6600 0 0 0 
6633 0 0 0 
6666 0 0 0 
6699 0 0 0 
6732 0 0 0 
6765 0 0 0 
6798 0 0 0 
6831 0 0 0 
6864 0 0 0 
6897 0 0 0 
6930 0 0 0 
6963 0 0 0 
6996 0 0 0 
7029 0 0 0 
7062 0 0 0 
7095 0 0 0 
7128 0 0 0 
7161 0 0 0 
7194 0 0 0 
7227 0 0 0 
7260 0 0 0 
7293 0 0 0 
7326 0 0 0 
7359 0 0 0 
7392 0 0 0 
7425 0 0 0 
7458 0 0 0 
7491 0 0 0 
7524 0 0 0 
7557 0 0 0 
7590 0 0 0 
7623 0 0 0 
7656 0 0 0 
7689 0 0 0 
7722 0 0 0 
7755 0 0 0 
7788 0 0 0 
7821 0 0 0 
7854 0 0 0 
7887 0 0 0 
7920 0 0 0 
7953 0 0 0 
7986 0 0 0 
8019 0 0 0 
8052 0 0 0 
8085 0 0 0 
8118 0 0 0 
8151 0 0 0 
8184 0 0 0 
8217 0 0 0 
8250 0 0 0 
8283 0 0 0 
8316 0 0 0 
8349 0 0 0 
8382 0 0 0 
8415 0 0 0 
8448 0 0 0 
8481 0 0 0 
8514 0 0 0 
8547 0 0 0 
8580 0 0 0 
8613 0 0 0 
8646 0 0 0 
8679 0 0 0 
8712 0 0 0 
8745 0 0 0 
8778 0 0 0 
8811 0 0 0 
8844 0 0 0 
8877 0 0 0 
8910 0 0 0 
8943 0 0 0 
8976 0 0 0 
9009 0 0 0 
9042 0 0 0 
9075 0 0 0 
9108 0 0 0 
9141 0 0 0 
9174 0 0 0 
9207 0 0 0 
9240 0 0 0 
9273 0 0 0 
9306 0 0 0 
9339 0 0 0 
9372 0 0 0 
9405 0 0 0 
9438 0 0 0 
9471 0 0 0 
9504 0 0 0 
9537 0 0 0 
9570 0 0 0 
9603 0 0 0 
9636 0 0 0 
9669 0 0 0 
9702 0 0 0 
9735 0 0 0 
9768 0 0 0 
9801 0 0 0 
9834 0 0 0 
9867 0 0 0 
9900 0 0 0 
9933 0 0 0 
9966 0 0 0 
9999 0 0 0 
10032 0 0 0 
10065 0 0 0 
10098 0 0 0 
10131 0 0 0 
10164 0 0 0 
10197 0 0 0 
10230 0 0 0 
10263 0 0 0 
10296 0 0 0 
10329 0 0 0 
10362 0 0 0 
10395 0 0 0 
10428 0 0 0 
10461 0 0 0 
10494 0 0 0 
10527 0 0 0 
10560 0 0 0 
10593 0 0 0 
10626 0 0 0 
10659 0 0 0 
10692 0 0 0 
10725 0 0 0 
10758 0 0 0 
10791 0 0 0 
10824 0 0 0 
10857 0 0 0 
10890 0 0 0 
10923 0 0 0 
10956 0 0 0 
10989 0 0 0 
11022 0 0 0 
11055 0 0 0 
11088 0 0 0 
11121 0 0 0 
11154 0 0 0 
11187 0 0 0 
11220 0 0 0 
11253 0 0 0 
11286 0 0 0 
11319 0 0 0 
11352 0 0 0 
11385 0 0 0 
11418 0 0 0 
11451 0 0 0 
11484 0 0 0 
11517 0 0 0 
11550 0 0 0 
11583 0 0 0 
11616 0 0 0 
11649 0 0 0 
11682 0 0 0 
11715 0 0 0 
11748 0 0 0 
11781 0 0 0 
11814 0 0 0 
11847 0 0 0 
11880 0 0 0 
11913 0 0 0 
11946 0 0 0 
11979 0 0 0 
12012 0 0 0 
12045 0 0 0 
12078 0 0 0 
12111 0 0 0 
12144 0 0 0 
12177 0 0 0 
12210 0 0 0 
12243 0 0 0 
12276 0 0 0 
12309 0 0 0 
12342 0 0 0 
12375 0 0 0 
12408 0 0 0 
12441 0 0 0 
12474 0 0 0 
12507 0 0 0 
12540 0 0 0 
12573 0 0 0 
12606 0 0 0 
12639 0 0 0 
12672 0 0 0 
12705 0 0 0 
12738 0 0 0 
12771 0 0 0 
12804 0 0 0 
12837 0 0 0 
12870 0 0 0 
12903 0 0 0 
12936 0 0 0 
12969 0 0 0 
13002 0 0 0 
13035 0 0 0 
13068 0 0 0 
13101 0 0 0 
13134 0 0 0 
13167 0 0 0 
13200 0 0 0 
13233 0 0 0 
13266 0 0 0 
13299 0 0 0 
13332 0 0 0 
13365 0 0 0 
13398 0 0 0 
13431 0 0 0 
13464 0 0 0 
13497 0 0 0 
13530 0 0 0 
13563 0 0 0 
13596 0 0 0 
13629 0 0 0 
13662 0 0 0 
13695 0 0 0 
13728 0 0 0 
13761 0 0 0 
13794 0 0 0 
13827 0 0 0 
13860 0 0 0 
13893 0 0 0 
13926 0 0 0 
13959 0 0 0 
13992 0 0 0 
14025 0 0 0 
14058 0 0 0 
14091 0 0 0 
14124 0 0 0 
14157 0 0 0 
14190 0 0 0 
14223 0 0 0 
14256 0 0 0 
14289 0 0 0 
14322 0 0 0 
14355 0 0 0 
14388 0 0 0 
14421 0 0 0 
14454 0 0 0 
14487 0 0 0 
14520 0 0 0 
14553 0 0 0 
14586 0 0 0 
14619 0 0 0 
14652 0 0 0 
14685 0 0 0 
14718 0 0 0 
14751 0 0 0 
14784 0 0 0 
14817 0 0 0 
14850 0 0 0 
14883 0 0 0 
14916 0 0 0 
14949 0 0 0 
14982 0 0 0 
15015 0 0 0 
15048 0 0 0 
15081 0 0 0 
15114 0 0 0 
15147 0 0 0 
15180 0 0 0 
15213 0 0 0 
15246 0 0 0 
15279 0 0 0 
15312 0 0 0 
15345 0 0 0 
15378 0 0 0 
15411 0 0 0 
15444 0 0 0 
15477 0 0 0 
15510 0 0 0 
15543 0 0 0 
15576 0 0 0 
15609 0 0 0 
15642 0 0 0 
15675 0 0 0 
15708 0 0 0 
15741 0 0 0 
15774 0 0 0 
15807 0 0 0 
15840 0 0 0 
15873 0 0 0 
15906 0 0 0 
15939 0 0 0 
15972 0 0 0 
16005 0 0 0 
16038 0 0 0 
16071 0 0 0 
16104 0 0 0 
16137 0 0 0 
16170 0 0 0 
16203 0 0 0 
16236 0 0 0 
16269 0 0 0 
16302 0 0 0 
16335 0 0 0 
16368 0 0 0 
16401 0 0 0 
16434 0 0 0 
16467 0 0 0 
16500 0 0 0 
16533 0 0 0 
16566 0 0 0 
16599 0 0 0 
16632 0 0 0 
16665 0 0 0 
16698 0 0 0 
16731 0 0 0 
16764 0 0 0 
16797 0 0 0 
16830 0 0 0 
16863 0 0 0 
16896 0 0 0 
16929 0 0 0 
16962 0 0 0 
16995 0 0 0 
17028 0 0 0 
17061 0 0 0 
17094 0 0 0 
17127 0 0 0 
17160 0 0 0 
17193 0 0 0 
17226 0 0 0 
17259 0 0 0 
17292 0 0 0 
17325 0 0 0 
17358 0 0 0 
17391 0 0 0 
17424 0 0 0 
17457 0 0 0 
17490 0 0 0 
17523 0 0 0 
17556 0 0 0 
17589 0 0 0 
17622 0 0 0 
17655 0 0 0 
17688 0 0 0 
17721 0 0 0 
17754 0 0 0 
17787 0 0 0 
17820 0 0 0 
17853 0 0 0 
17886 0 0 0 
17919 0 0 0 
17952 0 0 0 
17985 0 0 0 
18018 0 0 0 
18051 0 0 0 
18084 0 0 0 
18117 0 0 0 
18150 0 0 0 
18183 0 0 0 
18216 0 0 0 
18249 0 0 0 
18282 0 0 0 
18315 0 0 0 
18348 0 0 0 
18381 0 0 0 
18414 0 0 0 
18447 0 0 0 
18480 0 0 0 
18513 0 0 0 
18546 0 0 0 
18579 0 0 0 
18612 0 0 0 
18645 0 0 0 
18678 0 0 0 
18711 0 0 0 
18744 0 0 0 
18777 0 0 0 
18810 0 0 0 
18843 0 0 0 
18876 0 0 0 
18909 0 0 0 
18942 0 0 0 
18975 0 0 0 
19008 0 0 0 
19041 0 0 0 
19074 0 0 0 
19107 0 0 0 
19140 0 0 0 
19173 0 0 0 
19206 0 0 0 
19239 0 0 0 
19272 0 0 0 
19305 0 0 0 
19338 0 0 0 
19371 0 0 0 
19404 0 0 0 
19437 0 0 0 
19470 0 0 0 
19503 0 0 0 
19536 0 0 0 
19569 0 0 0 
19602 0 0 0 
19635 0 0 0 
19668 0 0 0 
19701 0 0 0 
19734 0 0 0 
19767 0 0 0 
19800 0 0 0 
19833 0 0 0 
19866 0 0 0 
19899 0 0 0 
19932 0 0 0 
19965 0 0 0 
19998 0 0 0 
20031 0 0 0 
20064 0 0 0 
20097 0 0 0 
20130 0 0 0 
20163 0 0 0 
20196 0 0 0 
20229 0 0 0 
20262 0 0 0 
20295 0 0 0 
20328 0 0 0 
20361 0 0 0 
20394 0 0 0 
20427 0 0 0 
20460 0 0 0 
20493 0 0 0 
20526 0 0 0 
20559 0 0 0 
20592 0 0 0 
20625 0 0 0 
20658 0 0 0 
20691 0 0 0 
20724 0 0 0 
20757 0 0 0 
20790 0 0 0 
20823 0 0 0 
20856 0 0 0 
20889 0 0 0 
20922 0 0 0 
20955 0 0 0 
20988 0 0 0 
21021 0 0 0 
21054 0 0 0 
21087 0 0 0 
21120 0 0 0 
21153 0 0 0 
21186 0 0 0 
21219 0 0 0 
21252 0 0 0 
21285 0 0 0 
21318 0 0 0 
21351 0 0 0 
21384 0 0 0 
21417 0 0 0 
21450 0 0 0 
21483 0 0 0 
21516 0 0 0 
21549 0 0 0 
21582 0 0 0 
21615 0 0 0 
21648 0 0 0 
21681 0 0 0 
21714 0 0 0 
21747 0 0 0 
21780 0 0 0 
21813 0 0 0 
21846 0 0 0 
21879 0 0 0 
21912 0 0 0 
21945 0 0 0 
21978 0 0 0 
22011 0 0 0 
22044 0 0 0 
22077 0 0 0 
22110 0 0 0 
22143 0 0 0 
22176 0 0 0 
22209 0 0 0 
22242 0 0 0 
22275 0 0 0 
22308 0 0 0 
22341 0 0 0 
22374 0 0 0 
22407 0 0 0 
22440 0 0 0 
22473 0 0 0 
22506 0 0 0 
22539 0 0 0 
22572 0 0 0 
22605 0 0 0 
22638 0 0 0 
22671 0 0 0 
22704 0 0 0 
22737 0 0 0 
22770 0 0 0 
22803 0 0 0 
22836 0 0 0 
22869 0 0 0 
22902 0 0 0 
22935 0 0 0 
22968 0 0 0 
23001 0 0 0 
23034 0 0 0 
23067 0 0 0 
23100 0 0 0 
23133 0 0 0 
23166 0 0 0 
23199 0 0 0 
23232 0 0 0 
23265 0 0 0 
23298 0 0 0 
23331 0 0 0 
23364 0 0 0 
23397 0 0 0 
23430 0 0 0 
23463 0 0 0 
23496 0 0 0 
23529 0 0 0 
23562 0 0 0 
23595 0 0 0 
23628 0 0 0 
23661 0 0 0 
23694 0 0 0 
23727 0 0 0 
23760 0 0 0 
23793 0 0 0 
23826 0 0 0 
23859 0 0 0 
23892 0 0 0 
23925 0 0 0 
23958 0 0 0 
23991 0 0 0 
24024 0 0 0 
24057 0 0 0 
24090 0 0 0 
24123 0 0 0 
24156 0 0 0 
24189 0 0 0 
24222 0 0 0 
24255 0 0 0 
24288 0 0 0 
24321 0 0 0 
24354 0 0 0 
24387 0 0 0 
24420 0 0 0 
24453 0 0 0 
24486 0 0 0 
24519 0 0 0 
24552 0 0 0 
24585 0 0 0 
24618 0 0 0 
24651 0 0 0 
24684 0 0 0 
24717 0 0 0 
24750 0 0 0 
24783 0 0 0 
24816 0 0 0 
24849 0 0 0 
24882 0 0 0 
24915 0 0 0 
24948 0 0 0 
24981 0 0 0 
25014 0 0 0 
25047 0 0 0 
25080 0 0 0 
25113 0 0 0 
25146 0 0 0 
25179 0 0 0 
25212 0 0 0 
25245 0 0 0 
25278 0 0 0 
25311 0 0 0 
25344 0 0 0 
25377 0 0 0 
25410 0 0 0 
25443 0 0 0 
25476 0 0 0 
25509 0 0 0 
25542 0 0 0 
25575 0 0 0 
25608 0 0 0 
25641 0 0 0 
25674 0 0 0 
25707 0 0 0 
25740 0 0 0 
25773 0 0 0 
25806 0 0 0 
25839 0 0 0 
25872 0 0 0 
25905 0 0 0 
25938 0 0 0 
25971 0 0 0 
26004 0 0 0 
26037 0 0 0 
26070 0 0 0 
26103 0 0 0 
26136 0 0 0 
26169 0 0 0 
26202 0 0 0 
26235 0 0 0 
26268 0 0 0 
26301 0 0 0 
26334 0 0 0 
26367 0 0 0 
26400 0 0 0 
26433 0 0 0 
26466 0 0 0 
26499 0 0 0 
26532 0 0 0 
26565 0 0 0 
26598 0 0 0 
26631 0 0 0 
26664 0 0 0 
26697 0 0 0 
26730 0 0 0 
26763 0 0 0 
26796 0 0 0 
26829 0 0 0 
26862 0 0 0 
26895 0 0 0 
26928 0 0 0 
26961 0 0 0 
26994 0 0 0 
27027 0 0 0 
27060 0 0 0 
27093 0 0 0 
27126 0 0 0 
27159 0 0 0 
27192 0 0 0 
27225 0 0 0 
27258 0 0 0 
27291 0 0 0 
27324 0 0 0 
27357 0 0 0 
27390 0 0 0 
27423 0 0 0 
27456 0 0 0 
27489 0 0 0 
27522 0 0 0 
27555 0 0 0 
27588 0 0 0 
27621 0 0 0 
27654 0 0 0 
27687 0 0 0 
27720 0 0 0 
27753 0 0 0 
27786 0 0 0 
27819 0 0 0 
27852 0 0 0 
27885 0 0 0 
27918 0 0 0 
27951 0 0 0 
27984 0 0 0 
28017 0 0 0 
28050 0 0 0 
28083 0 0 0 
28116 0 0 0 
28149 0 0 0 
28182 0 0 0 
28215 0 0 0 
28248 0 0 0 
28281 0 0 0 
28314 0 0 0 
28347 0 0 0 
28380 0 0 0 
28413 0 0 0 
28446 0 0 0 
28479 0 0 0 
28512 0 0 0 
28545 0 0 0 
28578 0 0 0 
28611 0 0 0 
28644 0 0 0 
28677 0 0 0 
28710 0 0 0 
28743 0 0 0 
28776 0 0 0 
28809 0 0 0 
28842 0 0 0 
28875 0 0 0 
28908 0 0 0 
28941 0 0 0 
28974 0 0 0 
29007 0 0 0 
29040 0 0 0 
29073 0 0 0 
29106 0 0 0 
29139 0 0 0 
29172 0 0 0 
29205 0 0 0 
29238 0 0 0 
29271 0 0 0 
29304 0 0 0 
29337 0 0 0 
29370 0 0 0 
29403 0 0 0 
29436 0 0 0 
29469 0 0 0 
29502 0 0 0 
29535 0 0 0 
29568 0 0 0 
29601 0 0 0 
29634 0 0 0 
29667 0 0 0 
29700 0 0 0 
29733 0 0 0 
29766 0 0 0 
29799 0 0 0 
29832 0 0 0 
29865 0 0 0 
29898 0 0 0 
29931 0 0 0 
29964 0 0 0 
29997 0 0 0 
30030 0 0 0 
30063 0 0 0 
30096 0 0 0 
30129 0 0 0 
30162 0 0 0 
30195 0 0 0 
30228 0 0 0 
30261 0 0 0 
30294 0 0 0 
30327 0 0 0 
30360 0 0 0 
30393 0 0 0 
30426 0 0 0 
30459 0 0 0 
30492 0 0 0 
30525 0 0 0 
30558 0 0 0 
30591 0 0 0 
30624 0 0 0 
30657 0 0 0 
30690 0 0 0 
30723 0 0 0 
30756 0 0 0 
30789 0 0 0 
30822 0 0 0 
30855 0 0 0 
30888 0 0 0 
30921 0 0 0 
30954 0 0 0 
30987 0 0 0 
31020 0 0 0 
31053 0 0 0 
31086 0 0 0 
31119 0 0 0 
31152 0 0 0 
31185 0 0 0 
31218 0 0 0 
31251 0 0 0 
31284 0 0 0 
31317 0 0 0 
31350 0 0 0 
31383 0 0 0 
31416 0 0 0 
31449 0 0 0 
31482 0 0 0 
31515 0 0 0 
31548 0 0 0 
31581 0 0 0 
31614 0 0 0 
31647 0 0 0 
31680 0 0 0 
31713 0 0 0 
31746 0 0 0 
31779 0 0 0 
31812 0 0 0 
31845 0 0 0 
31878 0 0 0 
31911 0 0 0 
31944 0 0 0 
31977 0 0 0 
32010 0 0 0 
32043 0 0 0 
32076 0 0 0 
32109 0 0 0 
32142 0 0 0 
32175 0 0 0 
32208 0 0 0 
32241 0 0 0 
32274 0 0 0 
32307 0 0 0 
32340 0 0 0 
32373 0 0 0 
32406 0 0 0 
32439 0 0 0 
32472 0 0 0 
32505 0 0 0 
32538 0 0 0 
32571 0 0 0 
32604 0 0 0 
32637 0 0 0 
32670 0 0 0 
32703 0 0 0 
32736 0 0 0 
32769 0 0 0 
32802 0 0 0 
32835 0 0 0 
32868 0 0 0 
32901 0 0 0 
32934 0 0 0 
32967 0 0 0 
33000 0 0 0 
33033 0 0 0 
33066 0 0 0 
33099 0 0 0 
33132 0 0 0 
33165 0 0 0 
33198 0 0 0 
33231 0 0 0 
33264 0 0 0 
33297 0 0 0 
33330 0 0 0 
33363 0 0 0 
33396 0 0 0 
33429 0 0 0 
33462 0 0 0 
33495 0 0 0 
33528 0 0 0 
33561 0 0 0 
33594 0 0 0 
33627 0 0 0 
33660 0 0 0 
33693 0 0 0 
33726 0 0 0 
33759 0 0 0 
33792 0 0 0 
33825 0 0 0 
33858 0 0 0 
33891 0 0 0 
33924 0 0 0 
33957 0 0 0 
33990 0 0 0 
34023 0 0 0 
34056 0 0 0 
34089 0 0 0 
34122 0 0 0 
34155 0 0 0 
34188 0 0 0 
34221 0 0 0 
34254 0 0 0 
34287 0 0 0 
34320 0 0 0 
34353 0 0 0 
34386 0 0 0 
34419 0 0 0 
34452 0 0 0 
34485 0 0 0 
34518 0 0 0 
34551 0 0 0 
34584 0 0 0 
34617 0 0 0 
34650 0 0 0 
34683 0 0 0 
34716 0 0 0 
34749 0 0 0 
34782 0 0 0 
34815 0 0 0 
34848 0 0 0 
34881 0 0 0 
34914 0 0 0 
34947 0 0 0 
34980 0 0 0 
35013 0 0 0 
35046 0 0 0 
35079 0 0 0 
35112 0 0 0 
35145 0 0 0 
35178 0 0 0 
35211 0 0 0 
35244 0 0 0 
35277 0 0 0 
35310 0 0 0 
35343 0 0 0 
35376 0 0 0 
35409 0 0 0 
35442 0 0 0 
35475 0 0 0 
35508 0 0 0 
35541 0 0 0 
35574 0 0 0 
35607 0 0 0 
35640 0 0 0 
35673 0 0 0 
35706 0 0 0 
35739 0 0 0 
35772 0 0 0 
35805 0 0 0 
35838 0 0 0 
35871 0 0 0 
35904 0 0 0 
32 0 0 0 
65 0 0 0 
98 0 0 0 
131 0 0 0 
164 0 0 0 
197 0 0 0 
230 0 0 0 
263 0 0 0 
296 0 0 0 
329 0 0 0 
362 0 0 0 
395 0 0 0 
428 0 0 0 
461 0 0 0 
494 0 0 0 
527 0 0 0 
560 0 0 0 
593 0 0 0 
626 0 0 0 
659 0 0 0 
692 0 0 0 
725 0 0 0 
758 0 0 0 
791 0 0 0 
824 0 0 0 
857 0 0 0 
890 0 0 0 
923 0 0 0 
956 0 0 0 
989 0 0 0 
1022 0 0 0 
1055 0 0 0 
1088 0 0 0 
1121 0 0 0 
1154 0 0 0 
1187 0 0 0 
1220 0 0 0 
1253 0 0 0 
1286 0 0 0 
1319 0 0 0 
1352 0 0 0 
1385 0 0 0 
1418 0 0 0 
1451 0 0 0 
1484 0 0 0 
1517 0 0 0 
1550 0 0 0 
1583 0 0 0 
1616 0 0 0 
1649 0 0 0 
1682 0 0 0 
1715 0 0 0 
1748 0 0 0 
1781 0 0 0 
1814 0 0 0 
1847 0 0 0 
1880 0 0 0 
1913 0 0 0 
1946 0 0 0 
1979 0 0 0 
2012 0 0 0 
2045 0 0 0 
2078 0 0 0 
2111 0 0 0 
2144 0 0 0 
2177 0 0 0 
2210 0 0 0 
2243 0 0 0 
2276 0 0 0 
2309 0 0 0 
2342 0 0 0 
2375 0 0 0 
2408 0 0 0 
2441 0 0 0 
2474 0 0 0 
2507 0 0 0 
2540 0 0 0 
2573 0 0 0 
2606 0 0 0 
2639 0 0 0 
2672 0 0 0 
2705 0 0 0 
2738 0 0 0 
2771 0 0 0 
2804 0 0 0 
2837 0 0 0 
2870 0 0 0 
2903 0 0 0 
2936 0 0 0 
2969 0 0 0 
3002 0 0 0 
3035 0 0 0 
3068 0 0 0 
3101 0 0 0 
3134 0 0 0 
3167 0 0 0 
3200 0 0 0 
3233 0 0 0 
3266 0 0 0 
3299 0 0 0 
3332 0 0 0 
3365 0 0 0 
3398 0 0 0 
3431 0 0 0 
3464 0 0 0 
3497 0 0 0 
3530 0 0 0 
3563 0 0 0 
3596 0 0 0 
3629 0 0 0 
3662 0 0 0 
3695 0 0 0 
3728 0 0 0 
3761 0 0 0 
3794 0 0 0 
3827 0 0 0 
3860 0 0 0 
3893 0 0 0 
3926 0 0 0 
3959 0 0 0 
3992 0 0 0 
4025 0 0 0 
4058 0 0 0 
4091 0 0 0 
4124 0 0 0 
4157 0 0 0 
4190 0 0 0 
4223 0 0 0 
4256 0 0 0 
4289 0 0 0 
4322 0 0 0 
4355 0 0 0 
4388 0 0 0 
4421 0 0 0 
4454 0 0 0 
4487 0 0 0 
4520 0 0 0 
4553 0 0 0 
4586 0 0 0 
4619 0 0 0 
4652 0 0 0 
4685 0 0 0 
4718 0 0 0 
4751 0 0 0 
4784 0 0 0 
4817 0 0 0 
4850 0 0 0 
4883 0 0 0 
4916 0 0 0 
4949 0 0 0 
4982 0 0 0 
5015 0 0 0 
5048 0 0 0 
5081 0 0 0 
5114 0 0 0 
5147 0 0 0 
5180 0 0 0 
5213 0 0 0 
5246 0 0 0 
5279 0 0 0 
5312 0 0 0 
5345 0 0 0 
5378 0 0 0 
5411 0 0 0 
5444 0 0 0 
5477 0 0 0 
5510 0 0 0 
5543 0 0 0 
5576 0 0 0 
5609 0 0 0 
5642 0 0 0 
5675 0 0 0 
5708 0 0 0 
5741 0 0 0 
5774 0 0 0 
5807 0 0 0 
5840 0 0 0 
5873 0 0 0 
5906 0 0 0 
5939 0 0 0 
5972 0 0 0 
6005 0 0 0 
6038 0 0 0 
6071 0 0 0 
6104 0 0 0 
6137 0 0 0 
6170 0 0 0 
6203 0 0 0 
6236 0 0 0 
6269 0 0 0 
6302 0 0 0 
6335 0 0 0 
6368 0 0 0 
6401 0 0 0 
6434 0 0 0 
6467 0 0 0 
6500 0 0 0 
6533 0 0 0 
6566 0 0 0 
6599 0 0 0 
6632 0 0 0 
6665 0 0 0 
6698 0 0 0 
6731 0 0 0 
6764 0 0 0 
6797 0 0 0 
6830 0 0 0 
6863 0 0 0 
6896 0 0 0 
6929 0 0 0 
6962 0 0 0 
6995 0 0 0 
7028 0 0 0 
7061 0 0 0 
7094 0 0 0 
7127 0 0 0 
7160 0 0 0 
7193 0 0 0 
7226 0 0 0 
7259 0 0 0 
7292 0 0 0 
7325 0 0 0 
7358 0 0 0 
7391 0 0 0 
7424 0 0 0 
7457 0 0 0 
7490 0 0 0 
7523 0 0 0 
7556 0 0 0 
7589 0 0 0 
7622 0 0 0 
7655 0 0 0 
7688 0 0 0 
7721 0 0 0 
7754 0 0 0 
7787 0 0 0 
7820 0 0 0 
7853 0 0 0 
7886 0 0 0 
7919 0 0 0 
7952 0 0 0 
7985 0 0 0 
8018 0 0 0 
8051 0 0 0 
8084 0 0 0 
8117 0 0 0 
8150 0 0 0 
8183 0 0 0 
8216 0 0 0 
8249 0 0 0 
8282 0 0 0 
8315 0 0 0 
8348 0 0 0 
8381 0 0 0 
8414 0 0 0 
8447 0 0 0 
8480 0 0 0 
8513 0 0 0 
8546 0 0 0 
8579 0 0 0 
8612 0 0 0 
8645 0 0 0 
8678 0 0 0 
8711 0 0 0 
8744 0 0 0 
8777 0 0 0 
8810 0 0 0 
8843 0 0 0 
8876 0 0 0 
8909 0 0 0 
8942 0 0 0 
8975 0 0 0 
9008 0 0 0 
9041 0 0 0 
9074 0 0 0 
9107 0 0 0 
9140 0 0 0 
9173 0 0 0 
9206 0 0 0 
9239 0 0 0 
9272 0 0 0 
9305 0 0 0 
9338 0 0 0 
9371 0 0 0 
9404 0 0 0 
9437 0 0 0 
9470 0 0 0 
9503 0 0 0 
9536 0 0 0 
9569 0 0 0 
9602 0 0 0 
9635 0 0 0 
9668 0 0 0 
9701 0 0 0 
9734 0 0 0 
9767 0 0 0 
9800 0 0 0 
9833 0 0 0 
9866 0 0 0 
9899 0 0 0 
9932 0 0 0 
9965 0 0 0 
9998 0 0 0 
10031 0 0 0 
10064 0 0 0 
10097 0 0 0 
10130 0 0 0 
10163 0 0 0 
10196 0 0 0 
10229 0 0 0 
10262 0 0 0 
10295 0 0 0 
10328 0 0 0 
10361 0 0 0 
10394 0 0 0 
10427 0 0 0 
10460 0 0 0 
10493 0 0 0 
10526 0 0 0 
10559 0 0 0 
10592 0 0 0 
10625 0 0 0 
10658 0 0 0 
10691 0 0 0 
10724 0 0 0 
10757 0 0 0 
10790 0 0 0 
10823 0 0 0 
10856 0 0 0 
10889 0 0 0 
10922 0 0 0 
10955 0 0 0 
10988 0 0 0 
11021 0 0 0 
11054 0 0 0 
11087 0 0 0 
11120 0 0 0 
11153 0 0 0 
11186 0 0 0 
11219 0 0 0 
11252 0 0 0 
11285 0 0 0 
11318 0 0 0 
11351 0 0 0 
11384 0 0 0 
11417 0 0 0 
11450 0 0 0 
11483 0 0 0 
11516 0 0 0 
11549 0 0 0 
11582 0 0 0 
11615 0 0 0 
11648 0 0 0 
11681 0 0 0 
11714 0 0 0 
11747 0 0 0 
11780 0 0 0 
11813 0 0 0 
11846 0 0 0 
11879 0 0 0 
11912 0 0 0 
11945 0 0 0 
11978 0 0 0 
12011 0 0 0 
12044 0 0 0 
12077 0 0 0 
12110 0 0 0 
12143 0 0 0 
12176 0 0 0 
12209 0 0 0 
12242 0 0 0 
12275 0 0 0 
12308 0 0 0 
12341 0 0 0 
12374 0 0 0 
12407 0 0 0 
12440 0 0 0 
12473 0 0 0 
12506 0 0 0 
12539 0 0 0 
12572 0 0 0 
12605 0 0 0 
12638 0 0 0 
12671 0 0 0 
12704 0 0 0 
12737 0 0 0 
12770 0 0 0 
12803 0 0 0 
12836 0 0 0 
12869 0 0 0 
12902 0 0 0 
12935 0 0 0 
12968 0 0 0 
13001 0 0 0 
13034 0 0 0 
13067 0 0 0 
13100 0 0 0 
13133 0 0 0 
13166 0 0 0 
13199 0 0 0 
13232 0 0 0 
13265 0 0 0 
13298 0 0 0 
13331 0 0 0 
13364 0 0 0 
13397 0 0 0 
13430 0 0 0 
13463 0 0 0 
13496 0 0 0 
13529 0 0 0 
13562 0 0 0 
13595 0 0 0 
13628 0 0 0 
13661 0 0 0 
13694 0 0 0 
13727 0 0 0 
13760 0 0 0 
13793 0 0 0 
13826 0 0 0 
13859 0 0 0 
13892 0 0 0 
13925 0 0 0 
13958 0 0 0 
13991 0 0 0 
14024 0 0 0 
14057 0 0 0 
14090 0 0 0 
14123 0 0 0 
14156 0 0 0 
14189 0 0 0 
14222 0 0 0 
14255 0 0 0 
14288 0 0 0 
14321 0 0 0 
14354 0 0 0 
14387 0 0 0 
14420 0 0 0 
14453 0 0 0 
14486 0 0 0 
14519 0 0 0 
14552 0 0 0 
14585 0 0 0 
14618 0 0 0 
14651 0 0 0 
14684 0 0 0 
14717 0 0 0 
14750 0 0 0 
14783 0 0 0 
14816 0 0 0 
14849 0 0 0 
14882 0 0 0 
14915 0 0 0 
14948 0 0 0 
14981 0 0 0 
15014 0 0 0 
15047 0 0 0 
15080 0 0 0 
15113 0 0 0 
15146 0 0 0 
15179 0 0 0 
15212 0 0 0 
15245 0 0 0 
15278 0 0 0 
15311 0 0 0 
15344 0 0 0 
15377 0 0 0 
15410 0 0 0 
15443 0 0 0 
15476 0 0 0 
15509 0 0 0 
15542 0 0 0 
15575 0 0 0 
15608 0 0 0 
15641 0 0 0 
15674 0 0 0 
15707 0 0 0 
15740 0 0 0 
15773 0 0 0 
15806 0 0 0 
15839 0 0 0 
15872 0 0 0 
15905 0 0 0 
15938 0 0 0 
15971 0 0 0 
16004 0 0 0 
16037 0 0 0 
16070 0 0 0 
16103 0 0 0 
16136 0 0 0 
16169 0 0 0 
16202 0 0 0 
16235 0 0 0 
16268 0 0 0 
16301 0 0 0 
16334 0 0 0 
16367 0 0 0 
16400 0 0 0 
16433 0 0 0 
16466 0 0 0 
16499 0 0 0 
16532 0 0 0 
16565 0 0 0 
16598 0 0 0 
16631 0 0 0 
16664 0 0 0 
16697 0 0 0 
16730 0 0 0 
16763 0 0 0 
16796 0 0 0 
16829 0 0 0 
16862 0 0 0 
16895 0 0 0 
16928 0 0 0 
16961 0 0 0 
16994 0 0 0 
17027 0 0 0 
17060 0 0 0 
17093 0 0 0 
17126 0 0 0 
17159 0 0 0 
17192 0 0 0 
17225 0 0 0 
17258 0 0 0 
17291 0 0 0 
17324 0 0 0 
17357 0 0 0 
17390 0 0 0 
17423 0 0 0 
17456 0 0 0 
17489 0 0 0 
17522 0 0 0 
17555 0 0 0 
17588 0 0 0 
17621 0 0 0 
17654 0 0 0 
17687 0 0 0 
17720 0 0 0 
17753 0 0 0 
17786 0 0 0 
17819 0 0 0 
17852 0 0 0 
17885 0 0 0 
17918 0 0 0 
17951 0 0 0 
17984 0 0 0 
18017 0 0 0 
18050 0 0 0 
18083 0 0 0 
18116 0 0 0 
18149 0 0 0 
18182 0 0 0 
18215 0 0 0 
18248 0 0 0 
18281 0 0 0 
18314 0 0 0 
18347 0 0 0 
18380 0 0 0 
18413 0 0 0 
18446 0 0 0 
18479 0 0 0 
18512 0 0 0 
18545 0 0 0 
18578 0 0 0 
18611 0 0 0 
18644 0 0 0 
18677 0 0 0 
18710 0 0 0 
18743 0 0 0 
18776 0 0 0 
18809 0 0 0 
18842 0 0 0 
18875 0 0 0 
18908 0 0 0 
18941 0 0 0 
18974 0 0 0 
19007 0 0 0 
19040 0 0 0 
19073 0 0 0 
19106 0 0 0 
19139 0 0 0 
19172 0 0 0 
19205 0 0 0 
19238 0 0 0 
19271 0 0 0 
19304 0 0 0 
19337 0 0 0 
19370 0 0 0 
19403 0 0 0 
19436 0 0 0 
19469 0 0 0 
19502 0 0 0 
19535 0 0 0 
19568 0 0 0 
19601 0 0 0 
19634 0 0 0 
19667 0 0 0 
19700 0 0 0 
19733 0 0 0 
19766 0 0 0 
19799 0 0 0 
19832 0 0 0 
19865 0 0 0 
19898 0 0 0 
19931 0 0 0 
19964 0 0 0 
19997 0 0 0 
20030 0 0 0 
20063 0 0 0 
20096 0 0 0 
20129 0 0 0 
20162 0 0 0 
20195 0 0 0 
20228 0 0 0 
20261 0 0 0 
20294 0 0 0 
20327 0 0 0 
20360 0 0 0 
20393 0 0 0 
20426 0 0 0 
20459 0 0 0 
20492 0 0 0 
20525 0 0 0 
20558 0 0 0 
20591 0 0 0 
20624 0 0 0 
20657 0 0 0 
20690 0 0 0 
20723 0 0 0 
20756 0 0 0 
20789 0 0 0 
20822 0 0 0 
20855 0 0 0 
20888 0 0 0 
20921 0 0 0 
20954 0 0 0 
20987 0 0 0 
21020 0 0 0 
21053 0 0 0 
21086 0 0 0 
21119 0 0 0 
21152 0 0 0 
21185 0 0 0 
21218 0 0 0 
21251 0 0 0 
21284 0 0 0 
21317 0 0 0 
21350 0 0 0 
21383 0 0 0 
21416 0 0 0 
21449 0 0 0 
21482 0 0 0 
21515 0 0 0 
21548 0 0 0 
21581 0 0 0 
21614 0 0 0 
21647 0 0 0 
21680 0 0 0 
21713 0 0 0 
21746 0 0 0 
21779 0 0 0 
21812 0 0 0 
21845 0 0 0 
21878 0 0 0 
21911 0 0 0 
21944 0 0 0 
21977 0 0 0 
22010 0 0 0 
22043 0 0 0 
22076 0 0 0 
22109 0 0 0 
22142 0 0 0 
22175 0 0 0 
22208 0 0 0 
22241 0 0 0 
22274 0 0 0 
22307 0 0 0 
22340 0 0 0 
22373 0 0 0 
22406 0 0 0 
22439 0 0 0 
22472 0 0 0 
22505 0 0 0 
22538 0 0 0 
22571 0 0 0 
22604 0 0 0 
22637 0 0 0 
22670 0 0 0 
22703 0 0 0 
22736 0 0 0 
22769 0 0 0 
22802 0 0 0 
22835 0 0 0 
22868 0 0 0 
22901 0 0 0 
22934 0 0 0 
22967 0 0 0 
23000 0 0 0 
23033 0 0 0 
23066 0 0 0 
23099 0 0 0 
23132 0 0 0 
23165 0 0 0 
23198 0 0 0 
23231 0 0 0 
23264 0 0 0 
23297 0 0 0 
23330 0 0 0 
23363 0 0 0 
23396 0 0 0 
23429 0 0 0 
23462 0 0 0 
23495 0 0 0 
23528 0 0 0 
23561 0 0 0 
23594 0 0 0 
23627 0 0 0 
23660 0 0 0 
23693 0 0 0 
23726 0 0 0 
23759 0 0 0 
23792 0 0 0 
23825 0 0 0 
23858 0 0 0 
23891 0 0 0 
23924 0 0 0 
23957 0 0 0 
23990 0 0 0 
24023 0 0 0 
24056 0 0 0 
24089 0 0 0 
24122 0 0 0 
24155 0 0 0 
24188 0 0 0 
24221 0 0 0 
24254 0 0 0 
24287 0 0 0 
24320 0 0 0 
24353 0 0 0 
24386 0 0 0 
24419 0 0 0 
24452 0 0 0 
24485 0 0 0 
24518 0 0 0 
24551 0 0 0 
24584 0 0 0 
24617 0 0 0 
24650 0 0 0 
24683 0 0 0 
24716 0 0 0 
24749 0 0 0 
24782 0 0 0 
24815 0 0 0 
24848 0 0 0 
24881 0 0 0 
24914 0 0 0 
24947 0 0 0 
24980 0 0 0 
25013 0 0 0 
25046 0 0 0 
25079 0 0 0 
25112 0 0 0 
25145 0 0 0 
25178 0 0 0 
25211 0 0 0 
25244 0 0 0 
25277 0 0 0 
25310 0 0 0 
25343 0 0 0 
25376 0 0 0 
25409 0 0 0 
25442 0 0 0 
25475 0 0 0 
25508 0 0 0 
25541 0 0 0 
25574 0 0 0 
25607 0 0 0 
25640 0 0 0 
25673 0 0 0 
25706 0 0 0 
25739 0 0 0 
25772 0 0 0 
25805 0 0 0 
25838 0 0 0 
25871 0 0 0 
25904 0 0 0 
25937 0 0 0 
25970 0 0 0 
26003 0 0 0 
26036 0 0 0 
26069 0 0 0 
26102 0 0 0 
26135 0 0 0 
26168 0 0 0 
26201 0 0 0 
26234 0 0 0 
26267 0 0 0 
26300 0 0 0 
26333 0 0 0 
26366 0 0 0 
26399 0 0 0 
26432 0 0 0 
26465 0 0 0 
26498 0 0 0 
26531 0 0 0 
26564 0 0 0 
26597 0 0 0 
26630 0 0 0 
26663 0 0 0 
26696 0 0 0 
26729 0 0 0 
26762 0 0 0 
26795 0 0 0 
26828 0 0 0 
26861 0 0 0 
26894 0 0 0 
26927 0 0 0 
26960 0 0 0 
26993 0 0 0 
27026 0 0 0 
27059 0 0 0 
27092 0 0 0 
27125 0 0 0 
27158 0 0 0 
27191 0 0 0 
27224 0 0 0 
27257 0 0 0 
27290 0 0 0 
27323 0 0 0 
27356 0 0 0 
27389 0 0 0 
27422 0 0 0 
27455 0 0 0 
27488 0 0 0 
27521 0 0 0 
27554 0 0 0 
27587 0 0 0 
27620 0 0 0 
27653 0 0 0 
27686 0 0 0 
27719 0 0 0 
27752 0 0 0 
27785 0 0 0 
27818 0 0 0 
27851 0 0 0 
27884 0 0 0 
27917 0 0 0 
27950 0 0 0 
27983 0 0 0 
28016 0 0 0 
28049 0 0 0 
28082 0 0 0 
28115 0 0 0 
28148 0 0 0 
28181 0 0 0 
28214 0 0 0 
28247 0 0 0 
28280 0 0 0 
28313 0 0 0 
28346 0 0 0 
28379 0 0 0 
28412 0 0 0 
28445 0 0 0 
28478 0 0 0 
28511 0 0 0 
28544 0 0 0 
28577 0 0 0 
28610 0 0 0 
28643 0 0 0 
28676 0 0 0 
28709 0 0 0 
28742 0 0 0 
28775 0 0 0 
28808 0 0 0 
28841 0 0 0 
28874 0 0 0 
28907 0 0 0 
28940 0 0 0 
28973 0 0 0 
29006 0 0 0 
29039 0 0 0 
29072 0 0 0 
29105 0 0 0 
29138 0 0 0 
29171 0 0 0 
29204 0 0 0 
29237 0 0 0 
29270 0 0 0 
29303 0 0 0 
29336 0 0 0 
29369 0 0 0 
29402 0 0 0 
29435 0 0 0 
29468 0 0 0 
29501 0 0 0 
29534 0 0 0 
29567 0 0 0 
29600 0 0 0 
29633 0 0 0 
29666 0 0 0 
29699 0 0 0 
29732 0 0 0 
29765 0 0 0 
29798 0 0 0 
29831 0 0 0 
29864 0 0 0 
29897 0 0 0 
29930 0 0 0 
29963 0 0 0 
29996 0 0 0 
30029 0 0 0 
30062 0 0 0 
30095 0 0 0 
30128 0 0 0 
30161 0 0 0 
30194 0 0 0 
30227 0 0 0 
30260 0 0 0 
30293 0 0 0 
30326 0 0 0 
30359 0 0 0 
30392 0 0 0 
30425 0 0 0 
30458 0 0 0 
30491 0 0 0 
30524 0 0 0 
30557 0 0 0 
30590 0 0 0 
30623 0 0 0 
30656 0 0 0 
30689 0 0 0 
30722 0 0 0 
30755 0 0 0 
30788 0 0 0 
30821 0 0 0 
30854 0 0 0 
30887 0 0 0 
30920 0 0 0 
30953 0 0 0 
30986 0 0 0 
31019 0 0 0 
31052 0 0 0 
31085 0 0 0 
31118 0 0 0 
31151 0 0 0 
31184 0 0 0 
31217 0 0 0 
31250 0 0 0 
31283 0 0 0 
31316 0 0 0 
31349 0 0 0 
31382 0 0 0 
31415 0 0 0 
31448 0 0 0 
31481 0 0 0 
31514 0 0 0 
31547 0 0 0 
31580 0 0 0 
31613 0 0 0 
31646 0 0 0 
31679 0 0 0 
31712 0 0 0 
31745 0 0 0 
31778 0 0 0 
31811 0 0 0 
31844 0 0 0 
31877 0 0 0 
31910 0 0 0 
31943 0 0 0 
31976 0 0 0 
32009 0 0 0 
32042 0 0 0 
32075 0 0 0 
32108 0 0 0 
32141 0 0 0 
32174 0 0 0 
32207 0 0 0 
32240 0 0 0 
32273 0 0 0 
32306 0 0 0 
32339 0 0 0 
32372 0 0 0 
32405 0 0 0 
32438 0 0 0 
32471 0 0 0 
32504 0 0 0 
32537 0 0 0 
32570 0 0 0 
32603 0 0 0 
32636 0 0 0 
32669 0 0 0 
32702 0 0 0 
32735 0 0 0 
32768 0 0 0 
32801 0 0 0 
32834 0 0 0 
32867 0 0 0 
32900 0 0 0 
32933 0 0 0 
32966 0 0 0 
32999 0 0 0 
33032 0 0 0 
33065 0 0 0 
33098 0 0 0 
33131 0 0 0 
33164 0 0 0 
33197 0 0 0 
33230 0 0 0 
33263 0 0 0 
33296 0 0 0 
33329 0 0 0 
33362 0 0 0 
33395 0 0 0 
33428 0 0 0 
33461 0 0 0 
33494 0 0 0 
33527 0 0 0 
33560 0 0 0 
33593 0 0 0 
33626 0 0 0 
33659 0 0 0 
33692 0 0 0 
33725 0 0 0 
33758 0 0 0 
33791 0 0 0 
33824 0 0 0 
33857 0 0 0 
33890 0 0 0 
33923 0 0 0 
33956 0 0 0 
33989 0 0 0 
34022 0 0 0 
34055 0 0 0 
34088 0 0 0 
34121 0 0 0 
34154 0 0 0 
34187 0 0 0 
34220 0 0 0 
34253 0 0 0 
34286 0 0 0 
34319 0 0 0 
34352 0 0 0 
34385 0 0 0 
34418 0 0 0 
34451 0 0 0 
34484 0 0 0 
34517 0 0 0 
34550 0 0 0 
34583 0 0 0 
34616 0 0 0 
34649 0 0 0 
34682 0 0 0 
34715 0 0 0 
34748 0 0 0 
34781 0 0 0 
34814 0 0 0 
34847 0 0 0 
34880 0 0 0 
34913 0 0 0 
34946 0 0 0 
34979 0 0 0 
35012 0 0 0 
35045 0 0 0 
35078 0 0 0 
35111 0 0 0 
35144 0 0 0 
35177 0 0 0 
35210 0 0 0 
35243 0 0 0 
35276 0 0 0 
35309 0 0 0 
35342 0 0 0 
35375 0 0 0 
35408 0 0 0 
35441 0 0 0 
35474 0 0 0 
35507 0 0 0 
35540 0 0 0 
35573 0 0 0 
35606 0 0 0 
35639 0 0 0 
35672 0 0 0 
35705 0 0 0 
35738 0 0 0 
35771 0 0 0 
35804 0 0 0 
35837 0 0 0 
35870 0 0 0 
35903 0 0 0 
35936 0 0 0 
0 0 0 0 
1 0 0 0 
2 0 0 0 
3 0 0 0 
4 0 0 0 
5 0 0 0 
6 0 0 0 
7 0 0 0 
8 0 0 0 
9 0 0 0 
10 0 0 0 
11 0 0 0 
12 0 0 0 
13 0 0 0 
14 0 0 0 
15 0 0 0 
16 0 0 0 
17 0 0 0 
18 0 0 0 
19 0 0 0 
20 0 0 0 
21 0 0 0 
22 0 0 0 
23 0 0 0 
24 0 0 0 
25 0 0 0 
26 0 0 0 
27 0 0 0 
28 0 0 0 
29 0 0 0 
30 0 0 0 
31 0 0 0 
32 0 0 0 
33 0 0 0 
34 0 0 0 
35 0 0 0 
36 0 0 0 
37 0 0 0 
38 0 0 0 
39 0 0 0 
40 0 0 0 
41 0 0 0 
42 0 0 0 
43 0 0 0 
44 0 0 0 
45 0 0 0 
46 0 0 0 
47 0 0 0 
48 0 0 0 
49 0 0 0 
50 0 0 0 
51 0 0 0 
52 0 0 0 
53 0 0 0 
54 0 0 0 
55 0 0 0 
56 0 0 0 
57 0 0 0 
58 0 0 0 
59 0 0 0 
60 0 0 0 
61 0 0 0 
62 0 0 0 
63 0 0 0 
64 0 0 0 
65 0 0 0 
66 0 0 0 
67 0 0 0 
68 0 0 0 
69 0 0 0 
70 0 0 0 
71 0 0 0 
72 0 0 0 
73 0 0 0 
74 0 0 0 
75 0 0 0 
76 0 0 0 
77 0 0 0 
78 0 0 0 
79 0 0 0 
80 0 0 0 
81 0 0 0 
82 0 0 0 
83 0 0 0 
84 0 0 0 
85 0 0 0 
86 0 0 0 
87 0 0 0 
88 0 0 0 
89 0 0 0 
90 0 0 0 
91 0 0 0 
92 0 0 0 
93 0 0 0 
94 0 0 0 
95 0 0 0 
96 0 0 0 
97 0 0 0 
98 0 0 0 
99 0 0 0 
100 0 0 0 
101 0 0 0 
102 0 0 0 
103 0 0 0 
104 0 0 0 
105 0 0 0 
106 0 0 0 
107 0 0 0 
108 0 0 0 
109 0 0 0 
110 0 0 0 
111 0 0 0 
112 0 0 0 
113 0 0 0 
114 0 0 0 
115 0 0 0 
116 0 0 0 
117 0 0 0 
118 0 0 0 
119 0 0 0 
120 0 0 0 
121 0 0 0 
122 0 0 0 
123 0 0 0 
124 0 0 0 
125 0 0 0 
126 0 0 0 
127 0 0 0 
128 0 0 0 
129 0 0 0 
130 0 0 0 
131 0 0 0 
132 0 0 0 
133 0 0 0 
134 0 0 0 
135 0 0 0 
136 0 0 0 
137 0 0 0 
138 0 0 0 
139 0 0 0 
140 0 0 0 
141 0 0 0 
142 0 0 0 
143 0 0 0 
144 0 0 0 
145 0 0 0 
146 0 0 0 
147 0 0 0 
148 0 0 0 
149 0 0 0 
150 0 0 0 
151 0 0 0 
152 0 0 0 
153 0 0 0 
154 0 0 0 
155 0 0 0 
156 0 0 0 
157 0 0 0 
158 0 0 0 
159 0 0 0 
160 0 0 0 
161 0 0 0 
162 0 0 0 
163 0 0 0 
164 0 0 0 
165 0 0 0 
166 0 0 0 
167 0 0 0 
168 0 0 0 
169 0 0 0 
170 0 0 0 
171 0 0 0 
172 0 0 0 
173 0 0 0 
174 0 0 0 
175 0 0 0 
176 0 0 0 
177 0 0 0 
178 0 0 0 
179 0 0 0 
180 0 0 0 
181 0 0 0 
182 0 0 0 
183 0 0 0 
184 0 0 0 
185 0 0 0 
186 0 0 0 
187 0 0 0 
188 0 0 0 
189 0 0 0 
190 0 0 0 
191 0 0 0 
192 0 0 0 
193 0 0 0 
194 0 0 0 
195 0 0 0 
196 0 0 0 
197 0 0 0 
198 0 0 0 
199 0 0 0 
200 0 0 0 
201 0 0 0 
202 0 0 0 
203 0 0 0 
204 0 0 0 
205 0 0 0 
206 0 0 0 
207 0 0 0 
208 0 0 0 
209 0 0 0 
210 0 0 0 
211 0 0 0 
212 0 0 0 
213 0 0 0 
214 0 0 0 
215 0 0 0 
216 0 0 0 
217 0 0 0 
218 0 0 0 
219 0 0 0 
220 0 0 0 
221 0 0 0 
222 0 0 0 
223 0 0 0 
224 0 0 0 
225 0 0 0 
226 0 0 0 
227 0 0 0 
228 0 0 0 
229 0 0 0 
230 0 0 0 
231 0 0 0 
232 0 0 0 
233 0 0 0 
234 0 0 0 
235 0 0 0 
236 0 0 0 
237 0 0 0 
238 0 0 0 
239 0 0 0 
240 0 0 0 
241 0 0 0 
242 0 0 0 
243 0 0 0 
244 0 0 0 
245 0 0 0 
246 0 0 0 
247 0 0 0 
248 0 0 0 
249 0 0 0 
250 0 0 0 
251 0 0 0 
252 0 0 0 
253 0 0 0 
254 0 0 0 
255 0 0 0 
256 0 0 0 
257 0 0 0 
258 0 0 0 
259 0 0 0 
260 0 0 0 
261 0 0 0 
262 0 0 0 
263 0 0 0 
264 0 0 0 
265 0 0 0 
266 0 0 0 
267 0 0 0 
268 0 0 0 
269 0 0 0 
270 0 0 0 
271 0 0 0 
272 0 0 0 
273 0 0 0 
274 0 0 0 
275 0 0 0 
276 0 0 0 
277 0 0 0 
278 0 0 0 
279 0 0 0 
280 0 0 0 
281 0 0 0 
282 0 0 0 
283 0 0 0 
284 0 0 0 
285 0 0 0 
286 0 0 0 
287 0 0 0 
288 0 0 0 
289 0 0 0 
290 0 0 0 
291 0 0 0 
292 0 0 0 
293 0 0 0 
294 0 0 0 
295 0 0 0 
296 0 0 0 
297 0 0 0 
298 0 0 0 
299 0 0 0 
300 0 0 0 
301 0 0 0 
302 0 0 0 
303 0 0 0 
304 0 0 0 
305 0 0 0 
306 0 0 0 
307 0 0 0 
308 0 0 0 
309 0 0 0 
310 0 0 0 
311 0 0 0 
312 0 0 0 
313 0 0 0 
314 0 0 0 
315 0 0 0 
316 0 0 0 
317 0 0 0 
318 0 0 0 
319 0 0 0 
320 0 0 0 
321 0 0 0 
322 0 0 0 
323 0 0 0 
324 0 0 0 
325 0 0 0 
326 0 0 0 
327 0 0 0 
328 0 0 0 
329 0 0 0 
330 0 0 0 
331 0 0 0 
332 0 0 0 
333 0 0 0 
334 0 0 0 
335 0 0 0 
336 0 0 0 
337 0 0 0 
338 0 0 0 
339 0 0 0 
340 0 0 0 
341 0 0 0 
342 0 0 0 
343 0 0 0 
344 0 0 0 
345 0 0 0 
346 0 0 0 
347 0 0 0 
348 0 0 0 
349 0 0 0 
350 0 0 0 
351 0 0 0 
352 0 0 0 
353 0 0 0 
354 0 0 0 
355 0 0 0 
356 0 0 0 
357 0 0 0 
358 0 0 0 
359 0 0 0 
360 0 0 0 
361 0 0 0 
362 0 0 0 
363 0 0 0 
364 0 0 0 
365 0 0 0 
366 0 0 0 
367 0 0 0 
368 0 0 0 
369 0 0 0 
370 0 0 0 
371 0 0 0 
372 0 0 0 
373 0 0 0 
374 0 0 0 
375 0 0 0 
376 0 0 0 
377 0 0 0 
378 0 0 0 
379 0 0 0 
380 0 0 0 
381 0 0 0 
382 0 0 0 
383 0 0 0 
384 0 0 0 
385 0 0 0 
386 0 0 0 
387 0 0 0 
388 0 0 0 
389 0 0 0 
390 0 0 0 
391 0 0 0 
392 0 0 0 
393 0 0 0 
394 0 0 0 
395 0 0 0 
396 0 0 0 
397 0 0 0 
398 0 0 0 
399 0 0 0 
400 0 0 0 
401 0 0 0 
402 0 0 0 
403 0 0 0 
404 0 0 0 
405 0 0 0 
406 0 0 0 
407 0 0 0 
408 0 0 0 
409 0 0 0 
410 0 0 0 
411 0 0 0 
412 0 0 0 
413 0 0 0 
414 0 0 0 
415 0 0 0 
416 0 0 0 
417 0 0 0 
418 0 0 0 
419 0 0 0 
420 0 0 0 
421 0 0 0 
422 0 0 0 
423 0 0 0 
424 0 0 0 
425 0 0 0 
426 0 0 0 
427 0 0 0 
428 0 0 0 
429 0 0 0 
430 0 0 0 
431 0 0 0 
432 0 0 0 
433 0 0 0 
434 0 0 0 
435 0 0 0 
436 0 0 0 
437 0 0 0 
438 0 0 0 
439 0 0 0 
440 0 0 0 
441 0 0 0 
442 0 0 0 
443 0 0 0 
444 0 0 0 
445 0 0 0 
446 0 0 0 
447 0 0 0 
448 0 0 0 
449 0 0 0 
450 0 0 0 
451 0 0 0 
452 0 0 0 
453 0 0 0 
454 0 0 0 
455 0 0 0 
456 0 0 0 
457 0 0 0 
458 0 0 0 
459 0 0 0 
460 0 0 0 
461 0 0 0 
462 0 0 0 
463 0 0 0 
464 0 0 0 
465 0 0 0 
466 0 0 0 
467 0 0 0 
468 0 0 0 
469 0 0 0 
470 0 0 0 
471 0 0 0 
472 0 0 0 
473 0 0 0 
474 0 0 0 
475 0 0 0 
476 0 0 0 
477 0 0 0 
478 0 0 0 
479 0 0 0 
480 0 0 0 
481 0 0 0 
482 0 0 0 
483 0 0 0 
484 0 0 0 
485 0 0 0 
486 0 0 0 
487 0 0 0 
488 0 0 0 
489 0 0 0 
490 0 0 0 
491 0 0 0 
492 0 0 0 
493 0 0 0 
494 0 0 0 
495 0 0 0 
496 0 0 0 
497 0 0 0 
498 0 0 0 
499 0 0 0 
500 0 0 0 
501 0 0 0 
502 0 0 0 
503 0 0 0 
504 0 0 0 
505 0 0 0 
506 0 0 0 
507 0 0 0 
508 0 0 0 
509 0 0 0 
510 0 0 0 
511 0 0 0 
512 0 0 0 
513 0 0 0 
514 0 0 0 
515 0 0 0 
516 0 0 0 
517 0 0 0 
518 0 0 0 
519 0 0 0 
520 0 0 0 
521 0 0 0 
522 0 0 0 
523 0 0 0 
524 0 0 0 
525 0 0 0 
526 0 0 0 
527 0 0 0 
528 0 0 0 
529 0 0 0 
530 0 0 0 
531 0 0 0 
532 0 0 0 
533 0 0 0 
534 0 0 0 
535 0 0 0 
536 0 0 0 
537 0 0 0 
538 0 0 0 
539 0 0 0 
540 0 0 0 
541 0 0 0 
542 0 0 0 
543 0 0 0 
544 0 0 0 
545 0 0 0 
546 0 0 0 
547 0 0 0 
548 0 0 0 
549 0 0 0 
550 0 0 0 
551 0 0 0 
552 0 0 0 
553 0 0 0 
554 0 0 0 
555 0 0 0 
556 0 0 0 
557 0 0 0 
558 0 0 0 
559 0 0 0 
560 0 0 0 
561 0 0 0 
562 0 0 0 
563 0 0 0 
564 0 0 0 
565 0 0 0 
566 0 0 0 
567 0 0 0 
568 0 0 0 
569 0 0 0 
570 0 0 0 
571 0 0 0 
572 0 0 0 
573 0 0 0 
574 0 0 0 
575 0 0 0 
576 0 0 0 
577 0 0 0 
578 0 0 0 
579 0 0 0 
580 0 0 0 
581 0 0 0 
582 0 0 0 
583 0 0 0 
584 0 0 0 
585 0 0 0 
586 0 0 0 
587 0 0 0 
588 0 0 0 
589 0 0 0 
590 0 0 0 
591 0 0 0 
592 0 0 0 
593 0 0 0 
594 0 0 0 
595 0 0 0 
596 0 0 0 
597 0 0 0 
598 0 0 0 
599 0 0 0 
600 0 0 0 
601 0 0 0 
602 0 0 0 
603 0 0 0 
604 0 0 0 
605 0 0 0 
606 0 0 0 
607 0 0 0 
608 0 0 0 
609 0 0 0 
610 0 0 0 
611 0 0 0 
612 0 0 0 
613 0 0 0 
614 0 0 0 
615 0 0 0 
616 0 0 0 
617 0 0 0 
618 0 0 0 
619 0 0 0 
620 0 0 0 
621 0 0 0 
622 0 0 0 
623 0 0 0 
624 0 0 0 
625 0 0 0 
626 0 0 0 
627 0 0 0 
628 0 0 0 
629 0 0 0 
630 0 0 0 
631 0 0 0 
632 0 0 0 
633 0 0 0 
634 0 0 0 
635 0 0 0 
636 0 0 0 
637 0 0 0 
638 0 0 0 
639 0 0 0 
640 0 0 0 
641 0 0 0 
642 0 0 0 
643 0 0 0 
644 0 0 0 
645 0 0 0 
646 0 0 0 
647 0 0 0 
648 0 0 0 
649 0 0 0 
650 0 0 0 
651 0 0 0 
652 0 0 0 
653 0 0 0 
654 0 0 0 
655 0 0 0 
656 0 0 0 
657 0 0 0 
658 0 0 0 
659 0 0 0 
660 0 0 0 
661 0 0 0 
662 0 0 0 
663 0 0 0 
664 0 0 0 
665 0 0 0 
666 0 0 0 
667 0 0 0 
668 0 0 0 
669 0 0 0 
670 0 0 0 
671 0 0 0 
672 0 0 0 
673 0 0 0 
674 0 0 0 
675 0 0 0 
676 0 0 0 
677 0 0 0 
678 0 0 0 
679 0 0 0 
680 0 0 0 
681 0 0 0 
682 0 0 0 
683 0 0 0 
684 0 0 0 
685 0 0 0 
686 0 0 0 
687 0 0 0 
688 0 0 0 
689 0 0 0 
690 0 0 0 
691 0 0 0 
692 0 0 0 
693 0 0 0 
694 0 0 0 
695 0 0 0 
696 0 0 0 
697 0 0 0 
698 0 0 0 
699 0 0 0 
700 0 0 0 
701 0 0 0 
702 0 0 0 
703 0 0 0 
704 0 0 0 
705 0 0 0 
706 0 0 0 
707 0 0 0 
708 0 0 0 
709 0 0 0 
710 0 0 0 
711 0 0 0 
712 0 0 0 
713 0 0 0 
714 0 0 0 
715 0 0 0 
716 0 0 0 
717 0 0 0 
718 0 0 0 
719 0 0 0 
720 0 0 0 
721 0 0 0 
722 0 0 0 
723 0 0 0 
724 0 0 0 
725 0 0 0 
726 0 0 0 
727 0 0 0 
728 0 0 0 
729 0 0 0 
730 0 0 0 
731 0 0 0 
732 0 0 0 
733 0 0 0 
734 0 0 0 
735 0 0 0 
736 0 0 0 
737 0 0 0 
738 0 0 0 
739 0 0 0 
740 0 0 0 
741 0 0 0 
742 0 0 0 
743 0 0 0 
744 0 0 0 
745 0 0 0 
746 0 0 0 
747 0 0 0 
748 0 0 0 
749 0 0 0 
750 0 0 0 
751 0 0 0 
752 0 0 0 
753 0 0 0 
754 0 0 0 
755 0 0 0 
756 0 0 0 
757 0 0 0 
758 0 0 0 
759 0 0 0 
760 0 0 0 
761 0 0 0 
762 0 0 0 
763 0 0 0 
764 0 0 0 
765 0 0 0 
766 0 0 0 
767 0 0 0 
768 0 0 0 
769 0 0 0 
770 0 0 0 
771 0 0 0 
772 0 0 0 
773 0 0 0 
774 0 0 0 
775 0 0 0 
776 0 0 0 
777 0 0 0 
778 0 0 0 
779 0 0 0 
780 0 0 0 
781 0 0 0 
782 0 0 0 
783 0 0 0 
784 0 0 0 
785 0 0 0 
786 0 0 0 
787 0 0 0 
788 0 0 0 
789 0 0 0 
790 0 0 0 
791 0 0 0 
792 0 0 0 
793 0 0 0 
794 0 0 0 
795 0 0 0 
796 0 0 0 
797 0 0 0 
798 0 0 0 
799 0 0 0 
800 0 0 0 
801 0 0 0 
802 0 0 0 
803 0 0 0 
804 0 0 0 
805 0 0 0 
806 0 0 0 
807 0 0 0 
808 0 0 0 
809 0 0 0 
810 0 0 0 
811 0 0 0 
812 0 0 0 
813 0 0 0 
814 0 0 0 
815 0 0 0 
816 0 0 0 
817 0 0 0 
818 0 0 0 
819 0 0 0 
820 0 0 0 
821 0 0 0 
822 0 0 0 
823 0 0 0 
824 0 0 0 
825 0 0 0 
826 0 0 0 
827 0 0 0 
828 0 0 0 
829 0 0 0 
830 0 0 0 
831 0 0 0 
832 0 0 0 
833 0 0 0 
834 0 0 0 
835 0 0 0 
836 0 0 0 
837 0 0 0 
838 0 0 0 
839 0 0 0 
840 0 0 0 
841 0 0 0 
842 0 0 0 
843 0 0 0 
844 0 0 0 
845 0 0 0 
846 0 0 0 
847 0 0 0 
848 0 0 0 
849 0 0 0 
850 0 0 0 
851 0 0 0 
852 0 0 0 
853 0 0 0 
854 0 0 0 
855 0 0 0 
856 0 0 0 
857 0 0 0 
858 0 0 0 
859 0 0 0 
860 0 0 0 
861 0 0 0 
862 0 0 0 
863 0 0 0 
864 0 0 0 
865 0 0 0 
866 0 0 0 
867 0 0 0 
868 0 0 0 
869 0 0 0 
870 0 0 0 
871 0 0 0 
872 0 0 0 
873 0 0 0 
874 0 0 0 
875 0 0 0 
876 0 0 0 
877 0 0 0 
878 0 0 0 
879 0 0 0 
880 0 0 0 
881 0 0 0 
882 0 0 0 
883 0 0 0 
884 0 0 0 
885 0 0 0 
886 0 0 0 
887 0 0 0 
888 0 0 0 
889 0 0 0 
890 0 0 0 
891 0 0 0 
892 0 0 0 
893 0 0 0 
894 0 0 0 
895 0 0 0 
896 0 0 0 
897 0 0 0 
898 0 0 0 
899 0 0 0 
900 0 0 0 
901 0 0 0 
902 0 0 0 
903 0 0 0 
904 0 0 0 
905 0 0 0 
906 0 0 0 
907 0 0 0 
908 0 0 0 
909 0 0 0 
910 0 0 0 
911 0 0 0 
912 0 0 0 
913 0 0 0 
914 0 0 0 
915 0 0 0 
916 0 0 0 
917 0 0 0 
918 0 0 0 
919 0 0 0 
920 0 0 0 
921 0 0 0 
922 0 0 0 
923 0 0 0 
924 0 0 0 
925 0 0 0 
926 0 0 0 
927 0 0 0 
928 0 0 0 
929 0 0 0 
930 0 0 0 
931 0 0 0 
932 0 0 0 
933 0 0 0 
934 0 0 0 
935 0 0 0 
936 0 0 0 
937 0 0 0 
938 0 0 0 
939 0 0 0 
940 0 0 0 
941 0 0 0 
942 0 0 0 
943 0 0 0 
944 0 0 0 
945 0 0 0 
946 0 0 0 
947 0 0 0 
948 0 0 0 
949 0 0 0 
950 0 0 0 
951 0 0 0 
952 0 0 0 
953 0 0 0 
954 0 0 0 
955 0 0 0 
956 0 0 0 
957 0 0 0 
958 0 0 0 
959 0 0 0 
960 0 0 0 
961 0 0 0 
962 0 0 0 
963 0 0 0 
964 0 0 0 
965 0 0 0 
966 0 0 0 
967 0 0 0 
968 0 0 0 
969 0 0 0 
970 0 0 0 
971 0 0 0 
972 0 0 0 
973 0 0 0 
974 0 0 0 
975 0 0 0 
976 0 0 0 
977 0 0 0 
978 0 0 0 
979 0 0 0 
980 0 0 0 
981 0 0 0 
982 0 0 0 
983 0 0 0 
984 0 0 0 
985 0 0 0 
986 0 0 0 
987 0 0 0 
988 0 0 0 
989 0 0 0 
990 0 0 0 
991 0 0 0 
992 0 0 0 
993 0 0 0 
994 0 0 0 
995 0 0 0 
996 0 0 0 
997 0 0 0 
998 0 0 0 
999 0 0 0 
1000 0 0 0 
1001 0 0 0 
1002 0 0 0 
1003 0 0 0 
1004 0 0 0 
1005 0 0 0 
1006 0 0 0 
1007 0 0 0 
1008 0 0 0 
1009 0 0 0 
1010 0 0 0 
1011 0 0 0 
1012 0 0 0 
1013 0 0 0 
1014 0 0 0 
1015 0 0 0 
1016 0 0 0 
1017 0 0 0 
1018 0 0 0 
1019 0 0 0 
1020 0 0 0 
1021 0 0 0 
1022 0 0 0 
1023 0 0 0 
1024 0 0 0 
1025 0 0 0 
1026 0 0 0 
1027 0 0 0 
1028 0 0 0 
1029 0 0 0 
1030 0 0 0 
1031 0 0 0 
1032 0 0 0 
1033 0 0 0 
1034 0 0 0 
1035 0 0 0 
1036 0 0 0 
1037 0 0 0 
1038 0 0 0 
1039 0 0 0 
1040 0 0 0 
1041 0 0 0 
1042 0 0 0 
1043 0 0 0 
1044 0 0 0 
1045 0 0 0 
1046 0 0 0 
1047 0 0 0 
1048 0 0 0 
1049 0 0 0 
1050 0 0 0 
1051 0 0 0 
1052 0 0 0 
1053 0 0 0 
1054 0 0 0 
1055 0 0 0 
1056 0 0 0 
1057 0 0 0 
1058 0 0 0 
1059 0 0 0 
1060 0 0 0 
1061 0 0 0 
1062 0 0 0 
1063 0 0 0 
1064 0 0 0 
1065 0 0 0 
1066 0 0 0 
1067 0 0 0 
1068 0 0 0 
1069 0 0 0 
1070 0 0 0 
1071 0 0 0 
1072 0 0 0 
1073 0 0 0 
1074 0 0 0 
1075 0 0 0 
1076 0 0 0 
1077 0 0 0 
1078 0 0 0 
1079 0 0 0 
1080 0 0 0 
1081 0 0 0 
1082 0 0 0 
1083 0 0 0 
1084 0 0 0 
1085 0 0 0 
1086 0 0 0 
1087 0 0 0 
1088 0 0 0 
34848 0 0 0 
34849 0 0 0 
34850 0 0 0 
34851 0 0 0 
34852 0 0 0 
34853 0 0 0 
34854 0 0 0 
34855 0 0 0 
34856 0 0 0 
34857 0 0 0 
34858 0 0 0 
34859 0 0 0 
34860 0 0 0 
34861 0 0 0 
34862 0 0 0 
34863 0 0 0 
34864 0 0 0 
34865 0 0 0 
34866 0 0 0 
34867 0 0 0 
34868 0 0 0 
34869 0 0 0 
34870 0 0 0 
34871 0 0 0 
34872 0 0 0 
34873 0 0 0 
34874 0 0 0 
34875 0 0 0 
34876 0 0 0 
34877 0 0 0 
34878 0 0 0 
34879 0 0 0 
34880 0 0 0 
34881 0 0 0 
34882 0 0 0 
34883 0 0 0 
34884 0 0 0 
34885 0 0 0 
34886 0 0 0 
34887 0 0 0 
34888 0 0 0 
34889 0 0 0 
34890 0 0 0 
34891 0 0 0 
34892 0 0 0 
34893 0 0 0 
34894 0 0 0 
34895 0 0 0 
34896 0 0 0 
34897 0 0 0 
34898 0 0 0 
34899 0 0 0 
34900 0 0 0 
34901 0 0 0 
34902 0 0 0 
34903 0 0 0 
34904 0 0 0 
34905 0 0 0 
34906 0 0 0 
34907 0 0 0 
34908 0 0 0 
34909 0 0 0 
34910 0 0 0 
34911 0 0 0 
34912 0 0 0 
34913 0 0 0 
34914 0 0 0 
34915 0 0 0 
34916 0 0 0 
34917 0 0 0 
34918 0 0 0 
34919 0 0 0 
34920 0 0 0 
34921 0 0 0 
34922 0 0 0 
34923 0 0 0 
34924 0 0 0 
34925 0 0 0 
34926 0 0 0 
34927 0 0 0 
34928 0 0 0 
34929 0 0 0 
34930 0 0 0 
34931 0 0 0 
34932 0 0 0 
34933 0 0 0 
34934 0 0 0 
34935 0 0 0 
34936 0 0 0 
34937 0 0 0 
34938 0 0 0 
34939 0 0 0 
34940 0 0 0 
34941 0 0 0 
34942 0 0 0 
34943 0 0 0 
34944 0 0 0 
34945 0 0 0 
34946 0 0 0 
34947 0 0 0 
34948 0 0 0 
34949 0 0 0 
34950 0 0 0 
34951 0 0 0 
34952 0 0 0 
34953 0 0 0 
34954 0 0 0 
34955 0 0 0 
34956 0 0 0 
34957 0 0 0 
34958 0 0 0 
34959 0 0 0 
34960 0 0 0 
34961 0 0 0 
34962 0 0 0 
34963 0 0 0 
34964 0 0 0 
34965 0 0 0 
34966 0 0 0 
34967 0 0 0 
34968 0 0 0 
34969 0 0 0 
34970 0 0 0 
34971 0 0 0 
34972 0 0 0 
34973 0 0 0 
34974 0 0 0 
34975 0 0 0 
34976 0 0 0 
34977 0 0 0 
34978 0 0 0 
34979 0 0 0 
34980 0 0 0 
34981 0 0 0 
34982 0 0 0 
34983 0 0 0 
34984 0 0 0 
34985 0 0 0 
34986 0 0 0 
34987 0 0 0 
34988 0 0 0 
34989 0 0 0 
34990 0 0 0 
34991 0 0 0 
34992 0 0 0 
34993 0 0 0 
34994 0 0 0 
34995 0 0 0 
34996 0 0 0 
34997 0 0 0 
34998 0 0 0 
34999 0 0 0 
35000 0 0 0 
35001 0 0 0 
35002 0 0 0 
35003 0 0 0 
35004 0 0 0 
35005 0 0 0 
35006 0 0 0 
35007 0 0 0 
35008 0 0 0 
35009 0 0 0 
35010 0 0 0 
35011 0 0 0 
35012 0 0 0 
35013 0 0 0 
35014 0 0 0 
35015 0 0 0 
35016 0 0 0 
35017 0 0 0 
35018 0 0 0 
35019 0 0 0 
35020 0 0 0 
35021 0 0 0 
35022 0 0 0 
35023 0 0 0 
35024 0 0 0 
35025 0 0 0 
35026 0 0 0 
35027 0 0 0 
35028 0 0 0 
35029 0 0 0 
35030 0 0 0 
35031 0 0 0 
35032 0 0 0 
35033 0 0 0 
35034 0 0 0 
35035 0 0 0 
35036 0 0 0 
35037 0 0 0 
35038 0 0 0 
35039 0 0 0 
35040 0 0 0 
35041 0 0 0 
35042 0 0 0 
35043 0 0 0 
35044 0 0 0 
35045 0 0 0 
35046 0 0 0 
35047 0 0 0 
35048 0 0 0 
35049 0 0 0 
35050 0 0 0 
35051 0 0 0 
35052 0 0 0 
35053 0 0 0 
35054 0 0 0 
35055 0 0 0 
35056 0 0 0 
35057 0 0 0 
35058 0 0 0 
35059 0 0 0 
35060 0 0 0 
35061 0 0 0 
35062 0 0 0 
35063 0 0 0 
35064 0 0 0 
35065 0 0 0 
35066 0 0 0 
35067 0 0 0 
35068 0 0 0 
35069 0 0 0 
35070 0 0 0 
35071 0 0 0 
35072 0 0 0 
35073 0 0 0 
35074 0 0 0 
35075 0 0 0 
35076 0 0 0 
35077 0 0 0 
35078 0 0 0 
35079 0 0 0 
35080 0 0 0 
35081 0 0 0 
35082 0 0 0 
35083 0 0 0 
35084 0 0 0 
35085 0 0 0 
35086 0 0 0 
35087 0 0 0 
35088 0 0 0 
35089 0 0 0 
35090 0 0 0 
35091 0 0 0 
35092 0 0 0 
35093 0 0 0 
35094 0 0 0 
35095 0 0 0 
35096 0 0 0 
35097 0 0 0 
35098 0 0 0 
35099 0 0 0 
35100 0 0 0 
35101 0 0 0 
35102 0 0 0 
35103 0 0 0 
35104 0 0 0 
35105 0 0 0 
35106 0 0 0 
35107 0 0 0 
35108 0 0 0 
35109 0 0 0 
35110 0 0 0 
35111 0 0 0 
35112 0 0 0 
35113 0 0 0 
35114 0 0 0 
35115 0 0 0 
35116 0 0 0 
35117 0 0 0 
35118 0 0 0 
35119 0 0 0 
35120 0 0 0 
35121 0 0 0 
35122 0 0 0 
35123 0 0 0 
35124 0 0 0 
35125 0 0 0 
35126 0 0 0 
35127 0 0 0 
35128 0 0 0 
35129 0 0 0 
35130 0 0 0 
35131 0 0 0 
35132 0 0 0 
35133 0 0 0 
35134 0 0 0 
35135 0 0 0 
35136 0 0 0 
35137 0 0 0 
35138 0 0 0 
35139 0 0 0 
35140 0 0 0 
35141 0 0 0 
35142 0 0 0 
35143 0 0 0 
35144 0 0 0 
35145 0 0 0 
35146 0 0 0 
35147 0 0 0 
35148 0 0 0 
35149 0 0 0 
35150 0 0 0 
35151 0 0 0 
35152 0 0 0 
35153 0 0 0 
35154 0 0 0 
35155 0 0 0 
35156 0 0 0 
35157 0 0 0 
35158 0 0 0 
35159 0 0 0 
35160 0 0 0 
35161 0 0 0 
35162 0 0 0 
35163 0 0 0 
35164 0 0 0 
35165 0 0 0 
35166 0 0 0 
35167 0 0 0 
35168 0 0 0 
35169 0 0 0 
35170 0 0 0 
35171 0 0 0 
35172 0 0 0 
35173 0 0 0 
35174 0 0 0 
35175 0 0 0 
35176 0 0 0 
35177 0 0 0 
35178 0 0 0 
35179 0 0 0 
35180 0 0 0 
35181 0 0 0 
35182 0 0 0 
35183 0 0 0 
35184 0 0 0 
35185 0 0 0 
35186 0 0 0 
35187 0 0 0 
35188 0 0 0 
35189 0 0 0 
35190 0 0 0 
35191 0 0 0 
35192 0 0 0 
35193 0 0 0 
35194 0 0 0 
35195 0 0 0 
35196 0 0 0 
35197 0 0 0 
35198 0 0 0 
35199 0 0 0 
35200 0 0 0 
35201 0 0 0 
35202 0 0 0 
35203 0 0 0 
35204 0 0 0 
35205 0 0 0 
35206 0 0 0 
35207 0 0 0 
35208 0 0 0 
35209 0 0 0 
35210 0 0 0 
35211 0 0 0 
35212 0 0 0 
35213 0 0 0 
35214 0 0 0 
35215 0 0 0 
35216 0 0 0 
35217 0 0 0 
35218 0 0 0 
35219 0 0 0 
35220 0 0 0 
35221 0 0 0 
35222 0 0 0 
35223 0 0 0 
35224 0 0 0 
35225 0 0 0 
35226 0 0 0 
35227 0 0 0 
35228 0 0 0 
35229 0 0 0 
35230 0 0 0 
35231 0 0 0 
35232 0 0 0 
35233 0 0 0 
35234 0 0 0 
35235 0 0 0 
35236 0 0 0 
35237 0 0 0 
35238 0 0 0 
35239 0 0 0 
35240 0 0 0 
35241 0 0 0 
35242 0 0 0 
35243 0 0 0 
35244 0 0 0 
35245 0 0 0 
35246 0 0 0 
35247 0 0 0 
35248 0 0 0 
35249 0 0 0 
35250 0 0 0 
35251 0 0 0 
35252 0 0 0 
35253 0 0 0 
35254 0 0 0 
35255 0 0 0 
35256 0 0 0 
35257 0 0 0 
35258 0 0 0 
35259 0 0 0 
35260 0 0 0 
35261 0 0 0 
35262 0 0 0 
35263 0 0 0 
35264 0 0 0 
35265 0 0 0 
35266 0 0 0 
35267 0 0 0 
35268 0 0 0 
35269 0 0 0 
35270 0 0 0 
35271 0 0 0 
35272 0 0 0 
35273 0 0 0 
35274 0 0 0 
35275 0 0 0 
35276 0 0 0 
35277 0 0 0 
35278 0 0 0 
35279 0 0 0 
35280 0 0 0 
35281 0 0 0 
35282 0 0 0 
35283 0 0 0 
35284 0 0 0 
35285 0 0 0 
35286 0 0 0 
35287 0 0 0 
35288 0 0 0 
35289 0 0 0 
35290 0 0 0 
35291 0 0 0 
35292 0 0 0 
35293 0 0 0 
35294 0 0 0 
35295 0 0 0 
35296 0 0 0 
35297 0 0 0 
35298 0 0 0 
35299 0 0 0 
35300 0 0 0 
35301 0 0 0 
35302 0 0 0 
35303 0 0 0 
35304 0 0 0 
35305 0 0 0 
35306 0 0 0 
35307 0 0 0 
35308 0 0 0 
35309 0 0 0 
35310 0 0 0 
35311 0 0 0 
35312 0 0 0 
35313 0 0 0 
35314 0 0 0 
35315 0 0 0 
35316 0 0 0 
35317 0 0 0 
35318 0 0 0 
35319 0 0 0 
35320 0 0 0 
35321 0 0 0 
35322 0 0 0 
35323 0 0 0 
35324 0 0 0 
35325 0 0 0 
35326 0 0 0 
35327 0 0 0 
35328 0 0 0 
35329 0 0 0 
35330 0 0 0 
35331 0 0 0 
35332 0 0 0 
35333 0 0 0 
35334 0 0 0 
35335 0 0 0 
35336 0 0 0 
35337 0 0 0 
35338 0 0 0 
35339 0 0 0 
35340 0 0 0 
35341 0 0 0 
35342 0 0 0 
35343 0 0 0 
35344 0 0 0 
35345 0 0 0 
35346 0 0 0 
35347 0 0 0 
35348 0 0 0 
35349 0 0 0 
35350 0 0 0 
35351 0 0 0 
35352 0 0 0 
35353 0 0 0 
35354 0 0 0 
35355 0 0 0 
35356 0 0 0 
35357 0 0 0 
35358 0 0 0 
35359 0 0 0 
35360 0 0 0 
35361 0 0 0 
35362 0 0 0 
35363 0 0 0 
35364 0 0 0 
35365 0 0 0 
35366 0 0 0 
35367 0 0 0 
35368 0 0 0 
35369 0 0 0 
35370 0 0 0 
35371 0 0 0 
35372 0 0 0 
35373 0 0 0 
35374 0 0 0 
35375 0 0 0 
35376 0 0 0 
35377 0 0 0 
35378 0 0 0 
35379 0 0 0 
35380 0 0 0 
35381 0 0 0 
35382 0 0 0 
35383 0 0 0 
35384 0 0 0 
35385 0 0 0 
35386 0 0 0 
35387 0 0 0 
35388 0 0 0 
35389 0 0 0 
35390 0 0 0 
35391 0 0 0 
35392 0 0 0 
35393 0 0 0 
35394 0 0 0 
35395 0 0 0 
35396 0 0 0 
35397 0 0 0 
35398 0 0 0 
35399 0 0 0 
35400 0 0 0 
35401 0 0 0 
35402 0 0 0 
35403 0 0 0 
35404 0 0 0 
35405 0 0 0 
35406 0 0 0 
35407 0 0 0 
35408 0 0 0 
35409 0 0 0 
35410 0 0 0 
35411 0 0 0 
35412 0 0 0 
35413 0 0 0 
35414 0 0 0 
35415 0 0 0 
35416 0 0 0 
35417 0 0 0 
35418 0 0 0 
35419 0 0 0 
35420 0 0 0 
35421 0 0 0 
35422 0 0 0 
35423 0 0 0 
35424 0 0 0 
35425 0 0 0 
35426 0 0 0 
35427 0 0 0 
35428 0 0 0 
35429 0 0 0 
35430 0 0 0 
35431 0 0 0 
35432 0 0 0 
35433 0 0 0 
35434 0 0 0 
35435 0 0 0 
35436 0 0 0 
35437 0 0 0 
35438 0 0 0 
35439 0 0 0 
35440 0 0 0 
35441 0 0 0 
35442 0 0 0 
35443 0 0 0 
35444 0 0 0 
35445 0 0 0 
35446 0 0 0 
35447 0 0 0 
35448 0 0 0 
35449 0 0 0 
35450 0 0 0 
35451 0 0 0 
35452 0 0 0 
35453 0 0 0 
35454 0 0 0 
35455 0 0 0 
35456 0 0 0 
35457 0 0 0 
35458 0 0 0 
35459 0 0 0 
35460 0 0 0 
35461 0 0 0 
35462 0 0 0 
35463 0 0 0 
35464 0 0 0 
35465 0 0 0 
35466 0 0 0 
35467 0 0 0 
35468 0 0 0 
35469 0 0 0 
35470 0 0 0 
35471 0 0 0 
35472 0 0 0 
35473 0 0 0 
35474 0 0 0 
35475 0 0 0 
35476 0 0 0 
35477 0 0 0 
35478 0 0 0 
35479 0 0 0 
35480 0 0 0 
35481 0 0 0 
35482 0 0 0 
35483 0 0 0 
35484 0 0 0 
35485 0 0 0 
35486 0 0 0 
35487 0 0 0 
35488 0 0 0 
35489 0 0 0 
35490 0 0 0 
35491 0 0 0 
35492 0 0 0 
35493 0 0 0 
35494 0 0 0 
35495 0 0 0 
35496 0 0 0 
35497 0 0 0 
35498 0 0 0 
35499 0 0 0 
35500 0 0 0 
35501 0 0 0 
35502 0 0 0 
35503 0 0 0 
35504 0 0 0 
35505 0 0 0 
35506 0 0 0 
35507 0 0 0 
35508 0 0 0 
35509 0 0 0 
35510 0 0 0 
35511 0 0 0 
35512 0 0 0 
35513 0 0 0 
35514 0 0 0 
35515 0 0 0 
35516 0 0 0 
35517 0 0 0 
35518 0 0 0 
35519 0 0 0 
35520 0 0 0 
35521 0 0 0 
35522 0 0 0 
35523 0 0 0 
35524 0 0 0 
35525 0 0 0 
35526 0 0 0 
35527 0 0 0 
35528 0 0 0 
35529 0 0 0 
35530 0 0 0 
35531 0 0 0 
35532 0 0 0 
35533 0 0 0 
35534 0 0 0 
35535 0 0 0 
35536 0 0 0 
35537 0 0 0 
35538 0 0 0 
35539 0 0 0 
35540 0 0 0 
35541 0 0 0 
35542 0 0 0 
35543 0 0 0 
35544 0 0 0 
35545 0 0 0 
35546 0 0 0 
35547 0 0 0 
35548 0 0 0 
35549 0 0 0 
35550 0 0 0 
35551 0 0 0 
35552 0 0 0 
35553 0 0 0 
35554 0 0 0 
35555 0 0 0 
35556 0 0 0 
35557 0 0 0 
35558 0 0 0 
35559 0 0 0 
35560 0 0 0 
35561 0 0 0 
35562 0 0 0 
35563 0 0 0 
35564 0 0 0 
35565 0 0 0 
35566 0 0 0 
35567 0 0 0 
35568 0 0 0 
35569 0 0 0 
35570 0 0 0 
35571 0 0 0 
35572 0 0 0 
35573 0 0 0 
35574 0 0 0 
35575 0 0 0 
35576 0 0 0 
35577 0 0 0 
35578 0 0 0 
35579 0 0 0 
35580 0 0 0 
35581 0 0 0 
35582 0 0 0 
35583 0 0 0 
35584 0 0 0 
35585 0 0 0 
35586 0 0 0 
35587 0 0 0 
35588 0 0 0 
35589 0 0 0 
35590 0 0 0 
35591 0 0 0 
35592 0 0 0 
35593 0 0 0 
35594 0 0 0 
35595 0 0 0 
35596 0 0 0 
35597 0 0 0 
35598 0 0 0 
35599 0 0 0 
35600 0 0 0 
35601 0 0 0 
35602 0 0 0 
35603 0 0 0 
35604 0 0 0 
35605 0 0 0 
35606 0 0 0 
35607 0 0 0 
35608 0 0 0 
35609 0 0 0 
35610 0 0 0 
35611 0 0 0 
35612 0 0 0 
35613 0 0 0 
35614 0 0 0 
35615 0 0 0 
35616 0 0 0 
35617 0 0 0 
35618 0 0 0 
35619 0 0 0 
35620 0 0 0 
35621 0 0 0 
35622 0 0 0 
35623 0 0 0 
35624 0 0 0 
35625 0 0 0 
35626 0 0 0 
35627 0 0 0 
35628 0 0 0 
35629 0 0 0 
35630 0 0 0 
35631 0 0 0 
35632 0 0 0 
35633 0 0 0 
35634 0 0 0 
35635 0 0 0 
35636 0 0 0 
35637 0 0 0 
35638 0 0 0 
35639 0 0 0 
35640 0 0 0 
35641 0 0 0 
35642 0 0 0 
35643 0 0 0 
35644 0 0 0 
35645 0 0 0 
35646 0 0 0 
35647 0 0 0 
35648 0 0 0 
35649 0 0 0 
35650 0 0 0 
35651 0 0 0 
35652 0 0 0 
35653 0 0 0 
35654 0 0 0 
35655 0 0 0 
35656 0 0 0 
35657 0 0 0 
35658 0 0 0 
35659 0 0 0 
35660 0 0 0 
35661 0 0 0 
35662 0 0 0 
35663 0 0 0 
35664 0 0 0 
35665 0 0 0 
35666 0 0 0 
35667 0 0 0 
35668 0 0 0 
35669 0 0 0 
35670 0 0 0 
35671 0 0 0 
35672 0 0 0 
35673 0 0 0 
35674 0 0 0 
35675 0 0 0 
35676 0 0 0 
35677 0 0 0 
35678 0 0 0 
35679 0 0 0 
35680 0 0 0 
35681 0 0 0 
35682 0 0 0 
35683 0 0 0 
35684 0 0 0 
35685 0 0 0 
35686 0 0 0 
35687 0 0 0 
35688 0 0 0 
35689 0 0 0 
35690 0 0 0 
35691 0 0 0 
35692 0 0 0 
35693 0 0 0 
35694 0 0 0 
35695 0 0 0 
35696 0 0 0 
35697 0 0 0 
35698 0 0 0 
35699 0 0 0 
35700 0 0 0 
35701 0 0 0 
35702 0 0 0 
35703 0 0 0 
35704 0 0 0 
35705 0 0 0 
35706 0 0 0 
35707 0 0 0 
35708 0 0 0 
35709 0 0 0 
35710 0 0 0 
35711 0 0 0 
35712 0 0 0 
35713 0 0 0 
35714 0 0 0 
35715 0 0 0 
35716 0 0 0 
35717 0 0 0 
35718 0 0 0 
35719 0 0 0 
35720 0 0 0 
35721 0 0 0 
35722 0 0 0 
35723 0 0 0 
35724 0 0 0 
35725 0 0 0 
35726 0 0 0 
35727 0 0 0 
35728 0 0 0 
35729 0 0 0 
35730 0 0 0 
35731 0 0 0 
35732 0 0 0 
35733 0 0 0 
35734 0 0 0 
35735 0 0 0 
35736 0 0 0 
35737 0 0 0 
35738 0 0 0 
35739 0 0 0 
35740 0 0 0 
35741 0 0 0 
35742 0 0 0 
35743 0 0 0 
35744 0 0 0 
35745 0 0 0 
35746 0 0 0 
35747 0 0 0 
35748 0 0 0 
35749 0 0 0 
35750 0 0 0 
35751 0 0 0 
35752 0 0 0 
35753 0 0 0 
35754 0 0 0 
35755 0 0 0 
35756 0 0 0 
35757 0 0 0 
35758 0 0 0 
35759 0 0 0 
35760 0 0 0 
35761 0 0 0 
35762 0 0 0 
35763 0 0 0 
35764 0 0 0 
35765 0 0 0 
35766 0 0 0 
35767 0 0 0 
35768 0 0 0 
35769 0 0 0 
35770 0 0 0 
35771 0 0 0 
35772 0 0 0 
35773 0 0 0 
35774 0 0 0 
35775 0 0 0 
35776 0 0 0 
35777 0 0 0 
35778 0 0 0 
35779 0 0 0 
35780 0 0 0 
35781 0 0 0 
35782 0 0 0 
35783 0 0 0 
35784 0 0 0 
35785 0 0 0 
35786 0 0 0 
35787 0 0 0 
35788 0 0 0 
35789 0 0 0 
35790 0 0 0 
35791 0 0 0 
35792 0 0 0 
35793 0 0 0 
35794 0 0 0 
35795 0 0 0 
35796 0 0 0 
35797 0 0 0 
35798 0 0 0 
35799 0 0 0 
35800 0 0 0 
35801 0 0 0 
35802 0 0 0 
35803 0 0 0 
35804 0 0 0 
35805 0 0 0 
35806 0 0 0 
35807 0 0 0 
35808 0 0 0 
35809 0 0 0 
35810 0 0 0 
35811 0 0 0 
35812 0 0 0 
35813 0 0 0 
35814 0 0 0 
35815 0 0 0 
35816 0 0 0 
35817 0 0 0 
35818 0 0 0 
35819 0 0 0 
35820 0 0 0 
35821 0 0 0 
35822 0 0 0 
35823 0 0 0 
35824 0 0 0 
35825 0 0 0 
35826 0 0 0 
35827 0 0 0 
35828 0 0 0 
35829 0 0 0 
35830 0 0 0 
35831 0 0 0 
35832 0 0 0 
35833 0 0 0 
35834 0 0 0 
35835 0 0 0 
35836 0 0 0 
35837 0 0 0 
35838 0 0 0 
35839 0 0 0 
35840 0 0 0 
35841 0 0 0 
35842 0 0 0 
35843 0 0 0 
35844 0 0 0 
35845 0 0 0 
35846 0 0 0 
35847 0 0 0 
35848 0 0 0 
35849 0 0 0 
35850 0 0 0 
35851 0 0 0 
35852 0 0 0 
35853 0 0 0 
35854 0 0 0 
35855 0 0 0 
35856 0 0 0 
35857 0 0 0 
35858 0 0 0 
35859 0 0 0 
35860 0 0 0 
35861 0 0 0 
35862 0 0 0 
35863 0 0 0 
35864 0 0 0 
35865 0 0 0 
35866 0 0 0 
35867 0 0 0 
35868 0 0 0 
35869 0 0 0 
35870 0 0 0 
35871 0 0 0 
35872 0 0 0 
35873 0 0 0 
35874 0 0 0 
35875 0 0 0 
35876 0 0 0 
35877 0 0 0 
35878 0 0 0 
35879 0 0 0 
35880 0 0 0 
35881 0 0 0 
35882 0 0 0 
35883 0 0 0 
35884 0 0 0 
35885 0 0 0 
35886 0 0 0 
35887 0 0 0 
35888 0 0 0 
35889 0 0 0 
35890 0 0 0 
35891 0 0 0 
35892 0 0 0 
35893 0 0 0 
35894 0 0 0 
35895 0 0 0 
35896 0 0 0 
35897 0 0 0 
35898 0 0 0 
35899 0 0 0 
35900 0 0 0 
35901 0 0 0 
35902 0 0 0 
35903 0 0 0 
35904 0 0 0 
35905 0 0 0 
35906 0 0 0 
35907 0 0 0 
35908 0 0 0 
35909 0 0 0 
35910 0 0 0 
35911 0 0 0 
35912 0 0 0 
35913 0 0 0 
35914 0 0 0 
35915 0 0 0 
35916 0 0 0 
35917 0 0 0 
35918 0 0 0 
35919 0 0 0 
35920 0 0 0 
35921 0 0 0 
35922 0 0 0 
35923 0 0 0 
35924 0 0 0 
35925 0 0 0 
35926 0 0 0 
35927 0 0 0 
35928 0 0 0 
35929 0 0 0 
35930 0 0 0 
35931 0 0 0 
35932 0 0 0 
35933 0 0 0 
35934 0 0 0 
35935 0 0 0 
35936 0 0 0 
