0
76
154
232
310
388
466
542
618
698
778
860
942
1024
1106
1188
1268
1348
1424
1502
1582
1664
1748
1832
1916
2000
2084
2168
2252
2334
2414
2492
2570
2650
2732
2816
2902
2988
3076
3164
3252
3338
3424
3508
3590
3670
3748
3824
3904
3986
4070
4156
4244
4333
4422
4511
4600
4689
4777
4863
4947
5029
5109
5185
5265
5347
5431
5517
5606
5695
5784
5873
5962
6051
6140
6229
6318
6404
6488
6570
6650
6726
6806
6890
6976
7064
7153
7242
7331
7420
7509
7598
7687
7776
7865
7953
8039
8123
8203
8279
8357
8439
8523
8609
8698
8787
8876
8965
9054
9143
9232
9321
9410
9499
9588
9674
9758
9840
9918
9996
10078
10162
10250
10339
10428
10517
10606
10695
10784
10873
10962
11051
11140
11229
11317
11401
11483
11561
11639
11721
11805
11893
11982
12071
12160
12249
12338
12427
12516
12605
12694
12783
12872
12960
13044
13126
13204
13282
13364
13448
13536
13625
13714
13803
13892
13981
14070
14159
14248
14337
14426
14515
14603
14687
14769
14847
14925
15007
15091
15177
15266
15355
15444
15533
15622
15711
15800
15889
15978
16067
16156
16242
16326
16408
16486
16562
16642
16726
16812
16900
16989
17078
17167
17256
17345
17434
17523
17612
17701
17789
17875
17959
18039
18115
18195
18277
18361
18447
18536
18625
18714
18803
18892
18981
19070
19159
19248
19334
19418
19500
19580
19656
19736
19818
19902
19988
20076
20165
20254
20343
20432
20521
20609
20695
20779
20861
20941
21017
21095
21175
21257
21341
21427
21513
21601
21689
21777
21863
21949
22033
22115
22195
22273
22351
22431
22513
22597
22681
22765
22849
22933
23017
23101
23183
23263
23341
23417
23497
23577
23659
23741
23823
23905
23987
24067
24147
24223
24299
24377
24455
24533
24611
24689
