0 0 0 0
129 0 0 0
258 0 0 0
387 0 0 0
516 0 0 0
645 0 0 0
774 0 0 0
903 0 0 0
1032 0 0 0
1161 0 0 0
1290 0 0 0
1419 0 0 0
1548 0 0 0
1677 0 0 0
1806 0 0 0
1935 0 0 0
2064 0 0 0
2193 0 0 0
2322 0 0 0
2451 0 0 0
2580 0 0 0
2709 0 0 0
2838 0 0 0
2967 0 0 0
3096 0 0 0
3225 0 0 0
3354 0 0 0
3483 0 0 0
3612 0 0 0
3741 0 0 0
3870 0 0 0
3999 0 0 0
4128 0 0 0
4257 0 0 0
4386 0 0 0
4515 0 0 0
4644 0 0 0
4773 0 0 0
4902 0 0 0
5031 0 0 0
5160 0 0 0
5289 0 0 0
5418 0 0 0
5547 0 0 0
5676 0 0 0
5805 0 0 0
5934 0 0 0
6063 0 0 0
6192 0 0 0
6321 0 0 0
6450 0 0 0
6579 0 0 0
6708 0 0 0
6837 0 0 0
6966 0 0 0
7095 0 0 0
7224 0 0 0
7353 0 0 0
7482 0 0 0
7611 0 0 0
7740 0 0 0
7869 0 0 0
7998 0 0 0
8127 0 0 0
8256 0 0 0
8385 0 0 0
8514 0 0 0
8643 0 0 0
8772 0 0 0
8901 0 0 0
9030 0 0 0
9159 0 0 0
9288 0 0 0
9417 0 0 0
9546 0 0 0
9675 0 0 0
9804 0 0 0
9933 0 0 0
10062 0 0 0
10191 0 0 0
10320 0 0 0
10449 0 0 0
10578 0 0 0
10707 0 0 0
10836 0 0 0
10965 0 0 0
11094 0 0 0
11223 0 0 0
11352 0 0 0
11481 0 0 0
11610 0 0 0
11739 0 0 0
11868 0 0 0
11997 0 0 0
12126 0 0 0
12255 0 0 0
12384 0 0 0
12513 0 0 0
12642 0 0 0
12771 0 0 0
12900 0 0 0
13029 0 0 0
13158 0 0 0
13287 0 0 0
13416 0 0 0
13545 0 0 0
13674 0 0 0
13803 0 0 0
13932 0 0 0
14061 0 0 0
14190 0 0 0
14319 0 0 0
14448 0 0 0
14577 0 0 0
14706 0 0 0
14835 0 0 0
14964 0 0 0
15093 0 0 0
15222 0 0 0
15351 0 0 0
15480 0 0 0
15609 0 0 0
15738 0 0 0
15867 0 0 0
15996 0 0 0
16125 0 0 0
16254 0 0 0
16383 0 0 0
16512 0 0 0
16641 0 0 0
16770 0 0 0
16899 0 0 0
17028 0 0 0
17157 0 0 0
17286 0 0 0
17415 0 0 0
17544 0 0 0
17673 0 0 0
17802 0 0 0
17931 0 0 0
18060 0 0 0
18189 0 0 0
18318 0 0 0
18447 0 0 0
18576 0 0 0
18705 0 0 0
18834 0 0 0
18963 0 0 0
19092 0 0 0
19221 0 0 0
19350 0 0 0
19479 0 0 0
19608 0 0 0
19737 0 0 0
19866 0 0 0
19995 0 0 0
20124 0 0 0
20253 0 0 0
20382 0 0 0
20511 0 0 0
20640 0 0 0
20769 0 0 0
20898 0 0 0
21027 0 0 0
21156 0 0 0
21285 0 0 0
21414 0 0 0
21543 0 0 0
21672 0 0 0
21801 0 0 0
21930 0 0 0
22059 0 0 0
22188 0 0 0
22317 0 0 0
22446 0 0 0
22575 0 0 0
22704 0 0 0
22833 0 0 0
22962 0 0 0
23091 0 0 0
23220 0 0 0
23349 0 0 0
23478 0 0 0
23607 0 0 0
23736 0 0 0
23865 0 0 0
23994 0 0 0
24123 0 0 0
24252 0 0 0
24381 0 0 0
24510 0 0 0
24639 0 0 0
24768 0 0 0
24897 0 0 0
25026 0 0 0
25155 0 0 0
25284 0 0 0
25413 0 0 0
25542 0 0 0
25671 0 0 0
25800 0 0 0
25929 0 0 0
26058 0 0 0
26187 0 0 0
26316 0 0 0
26445 0 0 0
26574 0 0 0
26703 0 0 0
26832 0 0 0
26961 0 0 0
27090 0 0 0
27219 0 0 0
27348 0 0 0
27477 0 0 0
27606 0 0 0
27735 0 0 0
27864 0 0 0
27993 0 0 0
28122 0 0 0
28251 0 0 0
28380 0 0 0
28509 0 0 0
28638 0 0 0
28767 0 0 0
28896 0 0 0
29025 0 0 0
29154 0 0 0
29283 0 0 0
29412 0 0 0
29541 0 0 0
29670 0 0 0
29799 0 0 0
29928 0 0 0
30057 0 0 0
30186 0 0 0
30315 0 0 0
30444 0 0 0
30573 0 0 0
30702 0 0 0
30831 0 0 0
30960 0 0 0
31089 0 0 0
31218 0 0 0
31347 0 0 0
31476 0 0 0
31605 0 0 0
31734 0 0 0
31863 0 0 0
31992 0 0 0
32121 0 0 0
32250 0 0 0
32379 0 0 0
32508 0 0 0
32637 0 0 0
32766 0 0 0
32895 0 0 0
33024 0 0 0
33153 0 0 0
33282 0 0 0
33411 0 0 0
33540 0 0 0
33669 0 0 0
33798 0 0 0
33927 0 0 0
34056 0 0 0
34185 0 0 0
34314 0 0 0
34443 0 0 0
34572 0 0 0
34701 0 0 0
34830 0 0 0
34959 0 0 0
35088 0 0 0
35217 0 0 0
35346 0 0 0
35475 0 0 0
35604 0 0 0
35733 0 0 0
35862 0 0 0
35991 0 0 0
36120 0 0 0
36249 0 0 0
36378 0 0 0
36507 0 0 0
36636 0 0 0
36765 0 0 0
36894 0 0 0
37023 0 0 0
37152 0 0 0
37281 0 0 0
37410 0 0 0
37539 0 0 0
37668 0 0 0
37797 0 0 0
37926 0 0 0
38055 0 0 0
38184 0 0 0
38313 0 0 0
38442 0 0 0
38571 0 0 0
38700 0 0 0
38829 0 0 0
38958 0 0 0
39087 0 0 0
39216 0 0 0
39345 0 0 0
39474 0 0 0
39603 0 0 0
39732 0 0 0
39861 0 0 0
39990 0 0 0
40119 0 0 0
40248 0 0 0
40377 0 0 0
40506 0 0 0
40635 0 0 0
40764 0 0 0
40893 0 0 0
41022 0 0 0
41151 0 0 0
41280 0 0 0
41409 0 0 0
41538 0 0 0
41667 0 0 0
41796 0 0 0
41925 0 0 0
42054 0 0 0
42183 0 0 0
42312 0 0 0
42441 0 0 0
42570 0 0 0
42699 0 0 0
42828 0 0 0
42957 0 0 0
43086 0 0 0
43215 0 0 0
43344 0 0 0
43473 0 0 0
43602 0 0 0
43731 0 0 0
43860 0 0 0
43989 0 0 0
44118 0 0 0
44247 0 0 0
44376 0 0 0
44505 0 0 0
44634 0 0 0
44763 0 0 0
44892 0 0 0
45021 0 0 0
45150 0 0 0
45279 0 0 0
45408 0 0 0
45537 0 0 0
45666 0 0 0
45795 0 0 0
45924 0 0 0
46053 0 0 0
46182 0 0 0
46311 0 0 0
46440 0 0 0
46569 0 0 0
46698 0 0 0
46827 0 0 0
46956 0 0 0
47085 0 0 0
47214 0 0 0
47343 0 0 0
47472 0 0 0
47601 0 0 0
47730 0 0 0
47859 0 0 0
47988 0 0 0
48117 0 0 0
48246 0 0 0
48375 0 0 0
48504 0 0 0
48633 0 0 0
48762 0 0 0
48891 0 0 0
49020 0 0 0
49149 0 0 0
49278 0 0 0
49407 0 0 0
49536 0 0 0
49665 0 0 0
49794 0 0 0
49923 0 0 0
50052 0 0 0
50181 0 0 0
50310 0 0 0
50439 0 0 0
50568 0 0 0
50697 0 0 0
50826 0 0 0
50955 0 0 0
51084 0 0 0
51213 0 0 0
51342 0 0 0
51471 0 0 0
51600 0 0 0
51729 0 0 0
51858 0 0 0
51987 0 0 0
52116 0 0 0
52245 0 0 0
52374 0 0 0
52503 0 0 0
52632 0 0 0
52761 0 0 0
52890 0 0 0
53019 0 0 0
53148 0 0 0
53277 0 0 0
53406 0 0 0
53535 0 0 0
53664 0 0 0
53793 0 0 0
53922 0 0 0
54051 0 0 0
54180 0 0 0
54309 0 0 0
54438 0 0 0
54567 0 0 0
54696 0 0 0
54825 0 0 0
54954 0 0 0
55083 0 0 0
55212 0 0 0
55341 0 0 0
55470 0 0 0
55599 0 0 0
55728 0 0 0
55857 0 0 0
55986 0 0 0
56115 0 0 0
56244 0 0 0
56373 0 0 0
56502 0 0 0
56631 0 0 0
56760 0 0 0
56889 0 0 0
57018 0 0 0
57147 0 0 0
57276 0 0 0
57405 0 0 0
57534 0 0 0
57663 0 0 0
57792 0 0 0
57921 0 0 0
58050 0 0 0
58179 0 0 0
58308 0 0 0
58437 0 0 0
58566 0 0 0
58695 0 0 0
58824 0 0 0
58953 0 0 0
59082 0 0 0
59211 0 0 0
59340 0 0 0
59469 0 0 0
59598 0 0 0
59727 0 0 0
59856 0 0 0
59985 0 0 0
60114 0 0 0
60243 0 0 0
60372 0 0 0
60501 0 0 0
60630 0 0 0
60759 0 0 0
60888 0 0 0
61017 0 0 0
61146 0 0 0
61275 0 0 0
61404 0 0 0
61533 0 0 0
61662 0 0 0
61791 0 0 0
61920 0 0 0
62049 0 0 0
62178 0 0 0
62307 0 0 0
62436 0 0 0
62565 0 0 0
62694 0 0 0
62823 0 0 0
62952 0 0 0
63081 0 0 0
63210 0 0 0
63339 0 0 0
63468 0 0 0
63597 0 0 0
63726 0 0 0
63855 0 0 0
63984 0 0 0
64113 0 0 0
64242 0 0 0
64371 0 0 0
64500 0 0 0
64629 0 0 0
64758 0 0 0
64887 0 0 0
65016 0 0 0
65145 0 0 0
65274 0 0 0
65403 0 0 0
65532 0 0 0
65661 0 0 0
65790 0 0 0
65919 0 0 0
66048 0 0 0
66177 0 0 0
66306 0 0 0
66435 0 0 0
66564 0 0 0
66693 0 0 0
66822 0 0 0
66951 0 0 0
67080 0 0 0
67209 0 0 0
67338 0 0 0
67467 0 0 0
67596 0 0 0
67725 0 0 0
67854 0 0 0
67983 0 0 0
68112 0 0 0
68241 0 0 0
68370 0 0 0
68499 0 0 0
68628 0 0 0
68757 0 0 0
68886 0 0 0
69015 0 0 0
69144 0 0 0
69273 0 0 0
69402 0 0 0
69531 0 0 0
69660 0 0 0
69789 0 0 0
69918 0 0 0
70047 0 0 0
70176 0 0 0
70305 0 0 0
70434 0 0 0
70563 0 0 0
70692 0 0 0
70821 0 0 0
70950 0 0 0
71079 0 0 0
71208 0 0 0
71337 0 0 0
71466 0 0 0
71595 0 0 0
71724 0 0 0
71853 0 0 0
71982 0 0 0
72111 0 0 0
72240 0 0 0
72369 0 0 0
72498 0 0 0
72627 0 0 0
72756 0 0 0
72885 0 0 0
73014 0 0 0
73143 0 0 0
73272 0 0 0
73401 0 0 0
73530 0 0 0
73659 0 0 0
73788 0 0 0
73917 0 0 0
74046 0 0 0
74175 0 0 0
74304 0 0 0
74433 0 0 0
74562 0 0 0
74691 0 0 0
74820 0 0 0
74949 0 0 0
75078 0 0 0
75207 0 0 0
75336 0 0 0
75465 0 0 0
75594 0 0 0
75723 0 0 0
75852 0 0 0
75981 0 0 0
76110 0 0 0
76239 0 0 0
76368 0 0 0
76497 0 0 0
76626 0 0 0
76755 0 0 0
76884 0 0 0
77013 0 0 0
77142 0 0 0
77271 0 0 0
77400 0 0 0
77529 0 0 0
77658 0 0 0
77787 0 0 0
77916 0 0 0
78045 0 0 0
78174 0 0 0
78303 0 0 0
78432 0 0 0
78561 0 0 0
78690 0 0 0
78819 0 0 0
78948 0 0 0
79077 0 0 0
79206 0 0 0
79335 0 0 0
79464 0 0 0
79593 0 0 0
79722 0 0 0
79851 0 0 0
79980 0 0 0
80109 0 0 0
80238 0 0 0
80367 0 0 0
80496 0 0 0
80625 0 0 0
80754 0 0 0
80883 0 0 0
81012 0 0 0
81141 0 0 0
81270 0 0 0
81399 0 0 0
81528 0 0 0
81657 0 0 0
81786 0 0 0
81915 0 0 0
82044 0 0 0
82173 0 0 0
82302 0 0 0
82431 0 0 0
82560 0 0 0
82689 0 0 0
82818 0 0 0
82947 0 0 0
83076 0 0 0
83205 0 0 0
83334 0 0 0
83463 0 0 0
83592 0 0 0
83721 0 0 0
83850 0 0 0
83979 0 0 0
84108 0 0 0
84237 0 0 0
84366 0 0 0
84495 0 0 0
84624 0 0 0
84753 0 0 0
84882 0 0 0
85011 0 0 0
85140 0 0 0
85269 0 0 0
85398 0 0 0
85527 0 0 0
85656 0 0 0
85785 0 0 0
85914 0 0 0
86043 0 0 0
86172 0 0 0
86301 0 0 0
86430 0 0 0
86559 0 0 0
86688 0 0 0
86817 0 0 0
86946 0 0 0
87075 0 0 0
87204 0 0 0
87333 0 0 0
87462 0 0 0
87591 0 0 0
87720 0 0 0
87849 0 0 0
87978 0 0 0
88107 0 0 0
88236 0 0 0
88365 0 0 0
88494 0 0 0
88623 0 0 0
88752 0 0 0
88881 0 0 0
89010 0 0 0
89139 0 0 0
89268 0 0 0
89397 0 0 0
89526 0 0 0
89655 0 0 0
89784 0 0 0
89913 0 0 0
90042 0 0 0
90171 0 0 0
90300 0 0 0
90429 0 0 0
90558 0 0 0
90687 0 0 0
90816 0 0 0
90945 0 0 0
91074 0 0 0
91203 0 0 0
91332 0 0 0
91461 0 0 0
91590 0 0 0
91719 0 0 0
91848 0 0 0
91977 0 0 0
92106 0 0 0
92235 0 0 0
92364 0 0 0
92493 0 0 0
92622 0 0 0
92751 0 0 0
92880 0 0 0
93009 0 0 0
93138 0 0 0
93267 0 0 0
93396 0 0 0
93525 0 0 0
93654 0 0 0
93783 0 0 0
93912 0 0 0
94041 0 0 0
94170 0 0 0
94299 0 0 0
94428 0 0 0
94557 0 0 0
94686 0 0 0
94815 0 0 0
94944 0 0 0
95073 0 0 0
95202 0 0 0
95331 0 0 0
95460 0 0 0
95589 0 0 0
95718 0 0 0
95847 0 0 0
95976 0 0 0
96105 0 0 0
96234 0 0 0
96363 0 0 0
96492 0 0 0
96621 0 0 0
96750 0 0 0
96879 0 0 0
97008 0 0 0
97137 0 0 0
97266 0 0 0
97395 0 0 0
97524 0 0 0
97653 0 0 0
97782 0 0 0
97911 0 0 0
98040 0 0 0
98169 0 0 0
98298 0 0 0
98427 0 0 0
98556 0 0 0
98685 0 0 0
98814 0 0 0
98943 0 0 0
99072 0 0 0
99201 0 0 0
99330 0 0 0
99459 0 0 0
99588 0 0 0
99717 0 0 0
99846 0 0 0
99975 0 0 0
100104 0 0 0
100233 0 0 0
100362 0 0 0
100491 0 0 0
100620 0 0 0
100749 0 0 0
100878 0 0 0
101007 0 0 0
101136 0 0 0
101265 0 0 0
101394 0 0 0
101523 0 0 0
101652 0 0 0
101781 0 0 0
101910 0 0 0
102039 0 0 0
102168 0 0 0
102297 0 0 0
102426 0 0 0
102555 0 0 0
102684 0 0 0
102813 0 0 0
102942 0 0 0
103071 0 0 0
103200 0 0 0
103329 0 0 0
103458 0 0 0
103587 0 0 0
103716 0 0 0
103845 0 0 0
103974 0 0 0
104103 0 0 0
104232 0 0 0
104361 0 0 0
104490 0 0 0
104619 0 0 0
104748 0 0 0
104877 0 0 0
105006 0 0 0
105135 0 0 0
105264 0 0 0
105393 0 0 0
105522 0 0 0
105651 0 0 0
105780 0 0 0
105909 0 0 0
106038 0 0 0
106167 0 0 0
106296 0 0 0
106425 0 0 0
106554 0 0 0
106683 0 0 0
106812 0 0 0
106941 0 0 0
107070 0 0 0
107199 0 0 0
107328 0 0 0
107457 0 0 0
107586 0 0 0
107715 0 0 0
107844 0 0 0
107973 0 0 0
108102 0 0 0
108231 0 0 0
108360 0 0 0
108489 0 0 0
108618 0 0 0
108747 0 0 0
108876 0 0 0
109005 0 0 0
109134 0 0 0
109263 0 0 0
109392 0 0 0
109521 0 0 0
109650 0 0 0
109779 0 0 0
109908 0 0 0
110037 0 0 0
110166 0 0 0
110295 0 0 0
110424 0 0 0
110553 0 0 0
110682 0 0 0
110811 0 0 0
110940 0 0 0
111069 0 0 0
111198 0 0 0
111327 0 0 0
111456 0 0 0
111585 0 0 0
111714 0 0 0
111843 0 0 0
111972 0 0 0
112101 0 0 0
112230 0 0 0
112359 0 0 0
112488 0 0 0
112617 0 0 0
112746 0 0 0
112875 0 0 0
113004 0 0 0
113133 0 0 0
113262 0 0 0
113391 0 0 0
113520 0 0 0
113649 0 0 0
113778 0 0 0
113907 0 0 0
114036 0 0 0
114165 0 0 0
114294 0 0 0
114423 0 0 0
114552 0 0 0
114681 0 0 0
114810 0 0 0
114939 0 0 0
115068 0 0 0
115197 0 0 0
115326 0 0 0
115455 0 0 0
115584 0 0 0
115713 0 0 0
115842 0 0 0
115971 0 0 0
116100 0 0 0
116229 0 0 0
116358 0 0 0
116487 0 0 0
116616 0 0 0
116745 0 0 0
116874 0 0 0
117003 0 0 0
117132 0 0 0
117261 0 0 0
117390 0 0 0
117519 0 0 0
117648 0 0 0
117777 0 0 0
117906 0 0 0
118035 0 0 0
118164 0 0 0
118293 0 0 0
118422 0 0 0
118551 0 0 0
118680 0 0 0
118809 0 0 0
118938 0 0 0
119067 0 0 0
119196 0 0 0
119325 0 0 0
119454 0 0 0
119583 0 0 0
119712 0 0 0
119841 0 0 0
119970 0 0 0
120099 0 0 0
120228 0 0 0
120357 0 0 0
120486 0 0 0
120615 0 0 0
120744 0 0 0
120873 0 0 0
121002 0 0 0
121131 0 0 0
121260 0 0 0
121389 0 0 0
121518 0 0 0
121647 0 0 0
121776 0 0 0
121905 0 0 0
122034 0 0 0
122163 0 0 0
122292 0 0 0
122421 0 0 0
122550 0 0 0
122679 0 0 0
122808 0 0 0
122937 0 0 0
123066 0 0 0
123195 0 0 0
123324 0 0 0
123453 0 0 0
123582 0 0 0
123711 0 0 0
123840 0 0 0
123969 0 0 0
124098 0 0 0
124227 0 0 0
124356 0 0 0
124485 0 0 0
124614 0 0 0
124743 0 0 0
124872 0 0 0
125001 0 0 0
125130 0 0 0
125259 0 0 0
125388 0 0 0
125517 0 0 0
125646 0 0 0
125775 0 0 0
125904 0 0 0
126033 0 0 0
126162 0 0 0
126291 0 0 0
126420 0 0 0
126549 0 0 0
126678 0 0 0
126807 0 0 0
126936 0 0 0
127065 0 0 0
127194 0 0 0
127323 0 0 0
127452 0 0 0
127581 0 0 0
127710 0 0 0
127839 0 0 0
127968 0 0 0
128097 0 0 0
128226 0 0 0
128355 0 0 0
128484 0 0 0
128613 0 0 0
128742 0 0 0
128871 0 0 0
129000 0 0 0
129129 0 0 0
129258 0 0 0
129387 0 0 0
129516 0 0 0
129645 0 0 0
129774 0 0 0
129903 0 0 0
130032 0 0 0
130161 0 0 0
130290 0 0 0
130419 0 0 0
130548 0 0 0
130677 0 0 0
130806 0 0 0
130935 0 0 0
131064 0 0 0
131193 0 0 0
131322 0 0 0
131451 0 0 0
131580 0 0 0
131709 0 0 0
131838 0 0 0
131967 0 0 0
132096 0 0 0
132225 0 0 0
132354 0 0 0
132483 0 0 0
132612 0 0 0
132741 0 0 0
132870 0 0 0
132999 0 0 0
133128 0 0 0
133257 0 0 0
133386 0 0 0
133515 0 0 0
133644 0 0 0
133773 0 0 0
133902 0 0 0
134031 0 0 0
134160 0 0 0
134289 0 0 0
134418 0 0 0
134547 0 0 0
134676 0 0 0
134805 0 0 0
134934 0 0 0
135063 0 0 0
135192 0 0 0
135321 0 0 0
135450 0 0 0
135579 0 0 0
135708 0 0 0
135837 0 0 0
135966 0 0 0
136095 0 0 0
136224 0 0 0
136353 0 0 0
136482 0 0 0
136611 0 0 0
136740 0 0 0
136869 0 0 0
136998 0 0 0
137127 0 0 0
137256 0 0 0
137385 0 0 0
137514 0 0 0
137643 0 0 0
137772 0 0 0
137901 0 0 0
138030 0 0 0
138159 0 0 0
138288 0 0 0
138417 0 0 0
138546 0 0 0
138675 0 0 0
138804 0 0 0
138933 0 0 0
139062 0 0 0
139191 0 0 0
139320 0 0 0
139449 0 0 0
139578 0 0 0
139707 0 0 0
139836 0 0 0
139965 0 0 0
140094 0 0 0
140223 0 0 0
140352 0 0 0
140481 0 0 0
140610 0 0 0
140739 0 0 0
140868 0 0 0
140997 0 0 0
141126 0 0 0
141255 0 0 0
141384 0 0 0
141513 0 0 0
141642 0 0 0
141771 0 0 0
141900 0 0 0
142029 0 0 0
142158 0 0 0
142287 0 0 0
142416 0 0 0
142545 0 0 0
142674 0 0 0
142803 0 0 0
142932 0 0 0
143061 0 0 0
143190 0 0 0
143319 0 0 0
143448 0 0 0
143577 0 0 0
143706 0 0 0
143835 0 0 0
143964 0 0 0
144093 0 0 0
144222 0 0 0
144351 0 0 0
144480 0 0 0
144609 0 0 0
144738 0 0 0
144867 0 0 0
144996 0 0 0
145125 0 0 0
145254 0 0 0
145383 0 0 0
145512 0 0 0
145641 0 0 0
145770 0 0 0
145899 0 0 0
146028 0 0 0
146157 0 0 0
146286 0 0 0
146415 0 0 0
146544 0 0 0
146673 0 0 0
146802 0 0 0
146931 0 0 0
147060 0 0 0
147189 0 0 0
147318 0 0 0
147447 0 0 0
147576 0 0 0
147705 0 0 0
147834 0 0 0
147963 0 0 0
148092 0 0 0
148221 0 0 0
148350 0 0 0
148479 0 0 0
148608 0 0 0
148737 0 0 0
148866 0 0 0
148995 0 0 0
149124 0 0 0
149253 0 0 0
149382 0 0 0
149511 0 0 0
149640 0 0 0
149769 0 0 0
149898 0 0 0
150027 0 0 0
150156 0 0 0
150285 0 0 0
150414 0 0 0
150543 0 0 0
150672 0 0 0
150801 0 0 0
150930 0 0 0
151059 0 0 0
151188 0 0 0
151317 0 0 0
151446 0 0 0
151575 0 0 0
151704 0 0 0
151833 0 0 0
151962 0 0 0
152091 0 0 0
152220 0 0 0
152349 0 0 0
152478 0 0 0
152607 0 0 0
152736 0 0 0
152865 0 0 0
152994 0 0 0
153123 0 0 0
153252 0 0 0
153381 0 0 0
153510 0 0 0
153639 0 0 0
153768 0 0 0
153897 0 0 0
154026 0 0 0
154155 0 0 0
154284 0 0 0
154413 0 0 0
154542 0 0 0
154671 0 0 0
154800 0 0 0
154929 0 0 0
155058 0 0 0
155187 0 0 0
155316 0 0 0
155445 0 0 0
155574 0 0 0
155703 0 0 0
155832 0 0 0
155961 0 0 0
156090 0 0 0
156219 0 0 0
156348 0 0 0
156477 0 0 0
156606 0 0 0
156735 0 0 0
156864 0 0 0
156993 0 0 0
157122 0 0 0
157251 0 0 0
157380 0 0 0
157509 0 0 0
157638 0 0 0
157767 0 0 0
157896 0 0 0
158025 0 0 0
158154 0 0 0
158283 0 0 0
158412 0 0 0
158541 0 0 0
158670 0 0 0
158799 0 0 0
158928 0 0 0
159057 0 0 0
159186 0 0 0
159315 0 0 0
159444 0 0 0
159573 0 0 0
159702 0 0 0
159831 0 0 0
159960 0 0 0
160089 0 0 0
160218 0 0 0
160347 0 0 0
160476 0 0 0
160605 0 0 0
160734 0 0 0
160863 0 0 0
160992 0 0 0
161121 0 0 0
161250 0 0 0
161379 0 0 0
161508 0 0 0
161637 0 0 0
161766 0 0 0
161895 0 0 0
162024 0 0 0
162153 0 0 0
162282 0 0 0
162411 0 0 0
162540 0 0 0
162669 0 0 0
162798 0 0 0
162927 0 0 0
163056 0 0 0
163185 0 0 0
163314 0 0 0
163443 0 0 0
163572 0 0 0
163701 0 0 0
163830 0 0 0
163959 0 0 0
164088 0 0 0
164217 0 0 0
164346 0 0 0
164475 0 0 0
164604 0 0 0
164733 0 0 0
164862 0 0 0
164991 0 0 0
165120 0 0 0
165249 0 0 0
165378 0 0 0
165507 0 0 0
165636 0 0 0
165765 0 0 0
165894 0 0 0
166023 0 0 0
166152 0 0 0
166281 0 0 0
166410 0 0 0
166539 0 0 0
166668 0 0 0
166797 0 0 0
166926 0 0 0
167055 0 0 0
167184 0 0 0
167313 0 0 0
167442 0 0 0
167571 0 0 0
167700 0 0 0
167829 0 0 0
167958 0 0 0
168087 0 0 0
168216 0 0 0
168345 0 0 0
168474 0 0 0
168603 0 0 0
168732 0 0 0
168861 0 0 0
168990 0 0 0
169119 0 0 0
169248 0 0 0
169377 0 0 0
169506 0 0 0
169635 0 0 0
169764 0 0 0
169893 0 0 0
170022 0 0 0
170151 0 0 0
170280 0 0 0
170409 0 0 0
170538 0 0 0
170667 0 0 0
170796 0 0 0
170925 0 0 0
171054 0 0 0
171183 0 0 0
171312 0 0 0
171441 0 0 0
171570 0 0 0
171699 0 0 0
171828 0 0 0
171957 0 0 0
172086 0 0 0
172215 0 0 0
172344 0 0 0
172473 0 0 0
172602 0 0 0
172731 0 0 0
172860 0 0 0
172989 0 0 0
173118 0 0 0
173247 0 0 0
173376 0 0 0
173505 0 0 0
173634 0 0 0
173763 0 0 0
173892 0 0 0
174021 0 0 0
174150 0 0 0
174279 0 0 0
174408 0 0 0
174537 0 0 0
174666 0 0 0
174795 0 0 0
174924 0 0 0
175053 0 0 0
175182 0 0 0
175311 0 0 0
175440 0 0 0
175569 0 0 0
175698 0 0 0
175827 0 0 0
175956 0 0 0
176085 0 0 0
176214 0 0 0
176343 0 0 0
176472 0 0 0
176601 0 0 0
176730 0 0 0
176859 0 0 0
176988 0 0 0
177117 0 0 0
177246 0 0 0
177375 0 0 0
177504 0 0 0
177633 0 0 0
177762 0 0 0
177891 0 0 0
178020 0 0 0
178149 0 0 0
178278 0 0 0
178407 0 0 0
178536 0 0 0
178665 0 0 0
178794 0 0 0
178923 0 0 0
179052 0 0 0
179181 0 0 0
179310 0 0 0
179439 0 0 0
179568 0 0 0
179697 0 0 0
179826 0 0 0
179955 0 0 0
180084 0 0 0
180213 0 0 0
180342 0 0 0
180471 0 0 0
180600 0 0 0
180729 0 0 0
180858 0 0 0
180987 0 0 0
181116 0 0 0
181245 0 0 0
181374 0 0 0
181503 0 0 0
181632 0 0 0
181761 0 0 0
181890 0 0 0
182019 0 0 0
182148 0 0 0
182277 0 0 0
182406 0 0 0
182535 0 0 0
182664 0 0 0
182793 0 0 0
182922 0 0 0
183051 0 0 0
183180 0 0 0
183309 0 0 0
183438 0 0 0
183567 0 0 0
183696 0 0 0
183825 0 0 0
183954 0 0 0
184083 0 0 0
184212 0 0 0
184341 0 0 0
184470 0 0 0
184599 0 0 0
184728 0 0 0
184857 0 0 0
184986 0 0 0
185115 0 0 0
185244 0 0 0
185373 0 0 0
185502 0 0 0
185631 0 0 0
185760 0 0 0
185889 0 0 0
186018 0 0 0
186147 0 0 0
186276 0 0 0
186405 0 0 0
186534 0 0 0
186663 0 0 0
186792 0 0 0
186921 0 0 0
187050 0 0 0
187179 0 0 0
187308 0 0 0
187437 0 0 0
187566 0 0 0
187695 0 0 0
187824 0 0 0
187953 0 0 0
188082 0 0 0
188211 0 0 0
188340 0 0 0
188469 0 0 0
188598 0 0 0
188727 0 0 0
188856 0 0 0
188985 0 0 0
189114 0 0 0
189243 0 0 0
189372 0 0 0
189501 0 0 0
189630 0 0 0
189759 0 0 0
189888 0 0 0
190017 0 0 0
190146 0 0 0
190275 0 0 0
190404 0 0 0
190533 0 0 0
190662 0 0 0
190791 0 0 0
190920 0 0 0
191049 0 0 0
191178 0 0 0
191307 0 0 0
191436 0 0 0
191565 0 0 0
191694 0 0 0
191823 0 0 0
191952 0 0 0
192081 0 0 0
192210 0 0 0
192339 0 0 0
192468 0 0 0
192597 0 0 0
192726 0 0 0
192855 0 0 0
192984 0 0 0
193113 0 0 0
193242 0 0 0
193371 0 0 0
193500 0 0 0
193629 0 0 0
193758 0 0 0
193887 0 0 0
194016 0 0 0
194145 0 0 0
194274 0 0 0
194403 0 0 0
194532 0 0 0
194661 0 0 0
194790 0 0 0
194919 0 0 0
195048 0 0 0
195177 0 0 0
195306 0 0 0
195435 0 0 0
195564 0 0 0
195693 0 0 0
195822 0 0 0
195951 0 0 0
196080 0 0 0
196209 0 0 0
196338 0 0 0
196467 0 0 0
196596 0 0 0
196725 0 0 0
196854 0 0 0
196983 0 0 0
197112 0 0 0
197241 0 0 0
197370 0 0 0
197499 0 0 0
197628 0 0 0
197757 0 0 0
197886 0 0 0
198015 0 0 0
198144 0 0 0
198273 0 0 0
198402 0 0 0
198531 0 0 0
198660 0 0 0
198789 0 0 0
198918 0 0 0
199047 0 0 0
199176 0 0 0
199305 0 0 0
199434 0 0 0
199563 0 0 0
199692 0 0 0
199821 0 0 0
199950 0 0 0
200079 0 0 0
200208 0 0 0
200337 0 0 0
200466 0 0 0
200595 0 0 0
200724 0 0 0
200853 0 0 0
200982 0 0 0
201111 0 0 0
201240 0 0 0
201369 0 0 0
201498 0 0 0
201627 0 0 0
201756 0 0 0
201885 0 0 0
202014 0 0 0
202143 0 0 0
202272 0 0 0
202401 0 0 0
202530 0 0 0
202659 0 0 0
202788 0 0 0
202917 0 0 0
203046 0 0 0
203175 0 0 0
203304 0 0 0
203433 0 0 0
203562 0 0 0
203691 0 0 0
203820 0 0 0
203949 0 0 0
204078 0 0 0
204207 0 0 0
204336 0 0 0
204465 0 0 0
204594 0 0 0
204723 0 0 0
204852 0 0 0
204981 0 0 0
205110 0 0 0
205239 0 0 0
205368 0 0 0
205497 0 0 0
205626 0 0 0
205755 0 0 0
205884 0 0 0
206013 0 0 0
206142 0 0 0
206271 0 0 0
206400 0 0 0
206529 0 0 0
206658 0 0 0
206787 0 0 0
206916 0 0 0
207045 0 0 0
207174 0 0 0
207303 0 0 0
207432 0 0 0
207561 0 0 0
207690 0 0 0
207819 0 0 0
207948 0 0 0
208077 0 0 0
208206 0 0 0
208335 0 0 0
208464 0 0 0
208593 0 0 0
208722 0 0 0
208851 0 0 0
208980 0 0 0
209109 0 0 0
209238 0 0 0
209367 0 0 0
209496 0 0 0
209625 0 0 0
209754 0 0 0
209883 0 0 0
210012 0 0 0
210141 0 0 0
210270 0 0 0
210399 0 0 0
210528 0 0 0
210657 0 0 0
210786 0 0 0
210915 0 0 0
211044 0 0 0
211173 0 0 0
211302 0 0 0
211431 0 0 0
211560 0 0 0
211689 0 0 0
211818 0 0 0
211947 0 0 0
212076 0 0 0
212205 0 0 0
212334 0 0 0
212463 0 0 0
212592 0 0 0
212721 0 0 0
212850 0 0 0
212979 0 0 0
213108 0 0 0
213237 0 0 0
213366 0 0 0
213495 0 0 0
213624 0 0 0
213753 0 0 0
213882 0 0 0
214011 0 0 0
214140 0 0 0
214269 0 0 0
214398 0.95493 0 0
214527 1.7507 0 0
214656 2.22817 0 0
214785 2.38732 0 0
214914 2.22817 0 0
215043 1.7507 0 0
215172 0.95493 0 0
215301 0 0 0
215430 0 0 0
215559 0 0 0
215688 0 0 0
215817 0 0 0
215946 0 0 0
216075 0 0 0
216204 0 0 0
216333 0 0 0
216462 0 0 0
216591 0 0 0
216720 0 0 0
216849 0 0 0
216978 0 0 0
217107 0 0 0
217236 0 0 0
217365 0 0 0
217494 0 0 0
217623 0 0 0
217752 0 0 0
217881 0 0 0
218010 0 0 0
218139 0 0 0
218268 0 0 0
218397 0 0 0
218526 0 0 0
218655 0 0 0
218784 0 0 0
218913 0 0 0
219042 0 0 0
219171 0 0 0
219300 0 0 0
219429 0 0 0
219558 0 0 0
219687 0 0 0
219816 0 0 0
219945 0 0 0
220074 0 0 0
220203 0 0 0
220332 0 0 0
220461 0 0 0
220590 0 0 0
220719 0 0 0
220848 0 0 0
220977 0 0 0
221106 0 0 0
221235 0 0 0
221364 0 0 0
221493 0 0 0
221622 0 0 0
221751 0 0 0
221880 0 0 0
222009 0 0 0
222138 0 0 0
222267 0 0 0
222396 0 0 0
222525 0.477465 0 0
222654 1.90986 0 0
222783 3.02394 0 0
222912 3.81972 0 0
223041 4.29718 0 0
223170 4.45634 0 0
223299 4.29718 0 0
223428 3.81972 0 0
223557 3.02394 0 0
223686 1.90986 0 0
223815 0.477465 0 0
223944 0 0 0
224073 0 0 0
224202 0 0 0
224331 0 0 0
224460 0 0 0
224589 0 0 0
224718 0 0 0
224847 0 0 0
224976 0 0 0
225105 0 0 0
225234 0 0 0
225363 0 0 0
225492 0 0 0
225621 0 0 0
225750 0 0 0
225879 0 0 0
226008 0 0 0
226137 0 0 0
226266 0 0 0
226395 0 0 0
226524 0 0 0
226653 0 0 0
226782 0 0 0
226911 0 0 0
227040 0 0 0
227169 0 0 0
227298 0 0 0
227427 0 0 0
227556 0 0 0
227685 0 0 0
227814 0 0 0
227943 0 0 0
228072 0 0 0
228201 0 0 0
228330 0 0 0
228459 0 0 0
228588 0 0 0
228717 0 0 0
228846 0 0 0
228975 0 0 0
229104 0 0 0
229233 0 0 0
229362 0 0 0
229491 0 0 0
229620 0 0 0
229749 0 0 0
229878 0 0 0
230007 0 0 0
230136 0 0 0
230265 0 0 0
230394 0 0 0
230523 0 0 0
230652 0 0 0
230781 0.477465 0 0
230910 2.22817 0 0
231039 3.66056 0 0
231168 4.77465 0 0
231297 5.57042 0 0
231426 6.04789 0 0
231555 6.20704 0 0
231684 6.04789 0 0
231813 5.57042 0 0
231942 4.77465 0 0
232071 3.66056 0 0
232200 2.22817 0 0
232329 0.477465 0 0
232458 0 0 0
232587 0 0 0
232716 0 0 0
232845 0 0 0
232974 0 0 0
233103 0 0 0
233232 0 0 0
233361 0 0 0
233490 0 0 0
233619 0 0 0
233748 0 0 0
233877 0 0 0
234006 0 0 0
234135 0 0 0
234264 0 0 0
234393 0 0 0
234522 0 0 0
234651 0 0 0
234780 0 0 0
234909 0 0 0
235038 0 0 0
235167 0 0 0
235296 0 0 0
235425 0 0 0
235554 0 0 0
235683 0 0 0
235812 0 0 0
235941 0 0 0
236070 0 0 0
236199 0 0 0
236328 0 0 0
236457 0 0 0
236586 0 0 0
236715 0 0 0
236844 0 0 0
236973 0 0 0
237102 0 0 0
237231 0 0 0
237360 0 0 0
237489 0 0 0
237618 0 0 0
237747 0 0 0
237876 0 0 0
238005 0 0 0
238134 0 0 0
238263 0 0 0
238392 0 0 0
238521 0 0 0
238650 0 0 0
238779 0 0 0
238908 0 0 0
239037 0 0 0
239166 1.90986 0 0
239295 3.66056 0 0
239424 5.09296 0 0
239553 6.20704 0 0
239682 7.00282 0 0
239811 7.48028 0 0
239940 7.63944 0 0
240069 7.48028 0 0
240198 7.00282 0 0
240327 6.20704 0 0
240456 5.09296 0 0
240585 3.66056 0 0
240714 1.90986 0 0
240843 0 0 0
240972 0 0 0
241101 0 0 0
241230 0 0 0
241359 0 0 0
241488 0 0 0
241617 0 0 0
241746 0 0 0
241875 0 0 0
242004 0 0 0
242133 0 0 0
242262 0 0 0
242391 0 0 0
242520 0 0 0
242649 0 0 0
242778 0 0 0
242907 0 0 0
243036 0 0 0
243165 0 0 0
243294 0 0 0
243423 0 0 0
243552 0 0 0
243681 0 0 0
243810 0 0 0
243939 0 0 0
244068 0 0 0
244197 0 0 0
244326 0 0 0
244455 0 0 0
244584 0 0 0
244713 0 0 0
244842 0 0 0
244971 0 0 0
245100 0 0 0
245229 0 0 0
245358 0 0 0
245487 0 0 0
245616 0 0 0
245745 0 0 0
245874 0 0 0
246003 0 0 0
246132 0 0 0
246261 0 0 0
246390 0 0 0
246519 0 0 0
246648 0 0 0
246777 0 0 0
246906 0 0 0
247035 0 0 0
247164 0 0 0
247293 0 0 0
247422 0.95493 0 0
247551 3.02394 0 0
247680 4.77465 0 0
247809 6.20704 0 0
247938 7.32113 0 0
248067 8.1169 0 0
248196 8.59437 0 0
248325 8.75352 0 0
248454 8.59437 0 0
248583 8.1169 0 0
248712 7.32113 0 0
248841 6.20704 0 0
248970 4.77465 0 0
249099 3.02394 0 0
249228 0.95493 0 0
249357 0 0 0
249486 0 0 0
249615 0 0 0
249744 0 0 0
249873 0 0 0
250002 0 0 0
250131 0 0 0
250260 0 0 0
250389 0 0 0
250518 0 0 0
250647 0 0 0
250776 0 0 0
250905 0 0 0
251034 0 0 0
251163 0 0 0
251292 0 0 0
251421 0 0 0
251550 0 0 0
251679 0 0 0
251808 0 0 0
251937 0 0 0
252066 0 0 0
252195 0 0 0
252324 0 0 0
252453 0 0 0
252582 0 0 0
252711 0 0 0
252840 0 0 0
252969 0 0 0
253098 0 0 0
253227 0 0 0
253356 0 0 0
253485 0 0 0
253614 0 0 0
253743 0 0 0
253872 0 0 0
254001 0 0 0
254130 0 0 0
254259 0 0 0
254388 0 0 0
254517 0 0 0
254646 0 0 0
254775 0 0 0
254904 0 0 0
255033 0 0 0
255162 0 0 0
255291 0 0 0
255420 0 0 0
255549 0 0 0
255678 0 0 0
255807 1.7507 0 0
255936 3.81972 0 0
256065 5.57042 0 0
256194 7.00282 0 0
256323 8.1169 0 0
256452 8.91268 0 0
256581 9.39014 0 0
256710 9.5493 0 0
256839 9.39014 0 0
256968 8.91268 0 0
257097 8.1169 0 0
257226 7.00282 0 0
257355 5.57042 0 0
257484 3.81972 0 0
257613 1.7507 0 0
257742 0 0 0
257871 0 0 0
258000 0 0 0
258129 0 0 0
258258 0 0 0
258387 0 0 0
258516 0 0 0
258645 0 0 0
258774 0 0 0
258903 0 0 0
259032 0 0 0
259161 0 0 0
259290 0 0 0
259419 0 0 0
259548 0 0 0
259677 0 0 0
259806 0 0 0
259935 0 0 0
260064 0 0 0
260193 0 0 0
260322 0 0 0
260451 0 0 0
260580 0 0 0
260709 0 0 0
260838 0 0 0
260967 0 0 0
261096 0 0 0
261225 0 0 0
261354 0 0 0
261483 0 0 0
261612 0 0 0
261741 0 0 0
261870 0 0 0
261999 0 0 0
262128 0 0 0
262257 0 0 0
262386 0 0 0
262515 0 0 0
262644 0 0 0
262773 0 0 0
262902 0 0 0
263031 0 0 0
263160 0 0 0
263289 0 0 0
263418 0 0 0
263547 0 0 0
263676 0 0 0
263805 0 0 0
263934 0 0 0
264063 0 0 0
264192 2.22817 0 0
264321 4.29718 0 0
264450 6.04789 0 0
264579 7.48028 0 0
264708 8.59437 0 0
264837 9.39014 0 0
264966 9.86761 0 0
265095 10.0268 0 0
265224 9.86761 0 0
265353 9.39014 0 0
265482 8.59437 0 0
265611 7.48028 0 0
265740 6.04789 0 0
265869 4.29718 0 0
265998 2.22817 0 0
266127 0 0 0
266256 0 0 0
266385 0 0 0
266514 0 0 0
266643 0 0 0
266772 0 0 0
266901 0 0 0
267030 0 0 0
267159 0 0 0
267288 0 0 0
267417 0 0 0
267546 0 0 0
267675 0 0 0
267804 0 0 0
267933 0 0 0
268062 0 0 0
268191 0 0 0
268320 0 0 0
268449 0 0 0
268578 0 0 0
268707 0 0 0
268836 0 0 0
268965 0 0 0
269094 0 0 0
269223 0 0 0
269352 0 0 0
269481 0 0 0
269610 0 0 0
269739 0 0 0
269868 0 0 0
269997 0 0 0
270126 0 0 0
270255 0 0 0
270384 0 0 0
270513 0 0 0
270642 0 0 0
270771 0 0 0
270900 0 0 0
271029 0 0 0
271158 0 0 0
271287 0 0 0
271416 0 0 0
271545 0 0 0
271674 0 0 0
271803 0 0 0
271932 0 0 0
272061 0 0 0
272190 0 0 0
272319 0 0 0
272448 0 0 0
272577 2.38732 0 0
272706 4.45634 0 0
272835 6.20704 0 0
272964 7.63944 0 0
273093 8.75352 0 0
273222 9.5493 0 0
273351 10.0268 0 0
273480 10.1859 0 0
273609 10.0268 0 0
273738 9.5493 0 0
273867 8.75352 0 0
273996 7.63944 0 0
274125 6.20704 0 0
274254 4.45634 0 0
274383 2.38732 0 0
274512 0 0 0
274641 0 0 0
274770 0 0 0
274899 0 0 0
275028 0 0 0
275157 0 0 0
275286 0 0 0
275415 0 0 0
275544 0 0 0
275673 0 0 0
275802 0 0 0
275931 0 0 0
276060 0 0 0
276189 0 0 0
276318 0 0 0
276447 0 0 0
276576 0 0 0
276705 0 0 0
276834 0 0 0
276963 0 0 0
277092 0 0 0
277221 0 0 0
277350 0 0 0
277479 0 0 0
277608 0 0 0
277737 0 0 0
277866 0 0 0
277995 0 0 0
278124 0 0 0
278253 0 0 0
278382 0 0 0
278511 0 0 0
278640 0 0 0
278769 0 0 0
278898 0 0 0
279027 0 0 0
279156 0 0 0
279285 0 0 0
279414 0 0 0
279543 0 0 0
279672 0 0 0
279801 0 0 0
279930 0 0 0
280059 0 0 0
280188 0 0 0
280317 0 0 0
280446 0 0 0
280575 0 0 0
280704 0 0 0
280833 0 0 0
280962 2.22817 0 0
281091 4.29718 0 0
281220 6.04789 0 0
281349 7.48028 0 0
281478 8.59437 0 0
281607 9.39014 0 0
281736 9.86761 0 0
281865 10.0268 0 0
281994 9.86761 0 0
282123 9.39014 0 0
282252 8.59437 0 0
282381 7.48028 0 0
282510 6.04789 0 0
282639 4.29718 0 0
282768 2.22817 0 0
282897 0 0 0
283026 0 0 0
283155 0 0 0
283284 0 0 0
283413 0 0 0
283542 0 0 0
283671 0 0 0
283800 0 0 0
283929 0 0 0
284058 0 0 0
284187 0 0 0
284316 0 0 0
284445 0 0 0
284574 0 0 0
284703 0 0 0
284832 0 0 0
284961 0 0 0
285090 0 0 0
285219 0 0 0
285348 0 0 0
285477 0 0 0
285606 0 0 0
285735 0 0 0
285864 0 0 0
285993 0 0 0
286122 0 0 0
286251 0 0 0
286380 0 0 0
286509 0 0 0
286638 0 0 0
286767 0 0 0
286896 0 0 0
287025 0 0 0
287154 0 0 0
287283 0 0 0
287412 0 0 0
287541 0 0 0
287670 0 0 0
287799 0 0 0
287928 0 0 0
288057 0 0 0
288186 0 0 0
288315 0 0 0
288444 0 0 0
288573 0 0 0
288702 0 0 0
288831 0 0 0
288960 0 0 0
289089 0 0 0
289218 0 0 0
289347 1.7507 0 0
289476 3.81972 0 0
289605 5.57042 0 0
289734 7.00282 0 0
289863 8.1169 0 0
289992 8.91268 0 0
290121 9.39014 0 0
290250 9.5493 0 0
290379 9.39014 0 0
290508 8.91268 0 0
290637 8.1169 0 0
290766 7.00282 0 0
290895 5.57042 0 0
291024 3.81972 0 0
291153 1.7507 0 0
291282 0 0 0
291411 0 0 0
291540 0 0 0
291669 0 0 0
291798 0 0 0
291927 0 0 0
292056 0 0 0
292185 0 0 0
292314 0 0 0
292443 0 0 0
292572 0 0 0
292701 0 0 0
292830 0 0 0
292959 0 0 0
293088 0 0 0
293217 0 0 0
293346 0 0 0
293475 0 0 0
293604 0 0 0
293733 0 0 0
293862 0 0 0
293991 0 0 0
294120 0 0 0
294249 0 0 0
294378 0 0 0
294507 0 0 0
294636 0 0 0
294765 0 0 0
294894 0 0 0
295023 0 0 0
295152 0 0 0
295281 0 0 0
295410 0 0 0
295539 0 0 0
295668 0 0 0
295797 0 0 0
295926 0 0 0
296055 0 0 0
296184 0 0 0
296313 0 0 0
296442 0 0 0
296571 0 0 0
296700 0 0 0
296829 0 0 0
296958 0 0 0
297087 0 0 0
297216 0 0 0
297345 0 0 0
297474 0 0 0
297603 0 0 0
297732 0.95493 0 0
297861 3.02394 0 0
297990 4.77465 0 0
298119 6.20704 0 0
298248 7.32113 0 0
298377 8.1169 0 0
298506 8.59437 0 0
298635 8.75352 0 0
298764 8.59437 0 0
298893 8.1169 0 0
299022 7.32113 0 0
299151 6.20704 0 0
299280 4.77465 0 0
299409 3.02394 0 0
299538 0.95493 0 0
299667 0 0 0
299796 0 0 0
299925 0 0 0
300054 0 0 0
300183 0 0 0
300312 0 0 0
300441 0 0 0
300570 0 0 0
300699 0 0 0
300828 0 0 0
300957 0 0 0
301086 0 0 0
301215 0 0 0
301344 0 0 0
301473 0 0 0
301602 0 0 0
301731 0 0 0
301860 0 0 0
301989 0 0 0
302118 0 0 0
302247 0 0 0
302376 0 0 0
302505 0 0 0
302634 0 0 0
302763 0 0 0
302892 0 0 0
303021 0 0 0
303150 0 0 0
303279 0 0 0
303408 0 0 0
303537 0 0 0
303666 0 0 0
303795 0 0 0
303924 0 0 0
304053 0 0 0
304182 0 0 0
304311 0 0 0
304440 0 0 0
304569 0 0 0
304698 0 0 0
304827 0 0 0
304956 0 0 0
305085 0 0 0
305214 0 0 0
305343 0 0 0
305472 0 0 0
305601 0 0 0
305730 0 0 0
305859 0 0 0
305988 0 0 0
306117 0 0 0
306246 1.90986 0 0
306375 3.66056 0 0
306504 5.09296 0 0
306633 6.20704 0 0
306762 7.00282 0 0
306891 7.48028 0 0
307020 7.63944 0 0
307149 7.48028 0 0
307278 7.00282 0 0
307407 6.20704 0 0
307536 5.09296 0 0
307665 3.66056 0 0
307794 1.90986 0 0
307923 0 0 0
308052 0 0 0
308181 0 0 0
308310 0 0 0
308439 0 0 0
308568 0 0 0
308697 0 0 0
308826 0 0 0
308955 0 0 0
309084 0 0 0
309213 0 0 0
309342 0 0 0
309471 0 0 0
309600 0 0 0
309729 0 0 0
309858 0 0 0
309987 0 0 0
310116 0 0 0
310245 0 0 0
310374 0 0 0
310503 0 0 0
310632 0 0 0
310761 0 0 0
310890 0 0 0
311019 0 0 0
311148 0 0 0
311277 0 0 0
311406 0 0 0
311535 0 0 0
311664 0 0 0
311793 0 0 0
311922 0 0 0
312051 0 0 0
312180 0 0 0
312309 0 0 0
312438 0 0 0
312567 0 0 0
312696 0 0 0
312825 0 0 0
312954 0 0 0
313083 0 0 0
313212 0 0 0
313341 0 0 0
313470 0 0 0
313599 0 0 0
313728 0 0 0
313857 0 0 0
313986 0 0 0
314115 0 0 0
314244 0 0 0
314373 0 0 0
314502 0 0 0
314631 0.477465 0 0
314760 2.22817 0 0
314889 3.66056 0 0
315018 4.77465 0 0
315147 5.57042 0 0
315276 6.04789 0 0
315405 6.20704 0 0
315534 6.04789 0 0
315663 5.57042 0 0
315792 4.77465 0 0
315921 3.66056 0 0
316050 2.22817 0 0
316179 0.477465 0 0
316308 0 0 0
316437 0 0 0
316566 0 0 0
316695 0 0 0
316824 0 0 0
316953 0 0 0
317082 0 0 0
317211 0 0 0
317340 0 0 0
317469 0 0 0
317598 0 0 0
317727 0 0 0
317856 0 0 0
317985 0 0 0
318114 0 0 0
318243 0 0 0
318372 0 0 0
318501 0 0 0
318630 0 0 0
318759 0 0 0
318888 0 0 0
319017 0 0 0
319146 0 0 0
319275 0 0 0
319404 0 0 0
319533 0 0 0
319662 0 0 0
319791 0 0 0
319920 0 0 0
320049 0 0 0
320178 0 0 0
320307 0 0 0
320436 0 0 0
320565 0 0 0
320694 0 0 0
320823 0 0 0
320952 0 0 0
321081 0 0 0
321210 0 0 0
321339 0 0 0
321468 0 0 0
321597 0 0 0
321726 0 0 0
321855 0 0 0
321984 0 0 0
322113 0 0 0
322242 0 0 0
322371 0 0 0
322500 0 0 0
322629 0 0 0
322758 0 0 0
322887 0 0 0
323016 0 0 0
323145 0.477465 0 0
323274 1.90986 0 0
323403 3.02394 0 0
323532 3.81972 0 0
323661 4.29718 0 0
323790 4.45634 0 0
323919 4.29718 0 0
324048 3.81972 0 0
324177 3.02394 0 0
324306 1.90986 0 0
324435 0.477465 0 0
324564 0 0 0
324693 0 0 0
324822 0 0 0
324951 0 0 0
325080 0 0 0
325209 0 0 0
325338 0 0 0
325467 0 0 0
325596 0 0 0
325725 0 0 0
325854 0 0 0
325983 0 0 0
326112 0 0 0
326241 0 0 0
326370 0 0 0
326499 0 0 0
326628 0 0 0
326757 0 0 0
326886 0 0 0
327015 0 0 0
327144 0 0 0
327273 0 0 0
327402 0 0 0
327531 0 0 0
327660 0 0 0
327789 0 0 0
327918 0 0 0
328047 0 0 0
328176 0 0 0
328305 0 0 0
328434 0 0 0
328563 0 0 0
328692 0 0 0
328821 0 0 0
328950 0 0 0
329079 0 0 0
329208 0 0 0
329337 0 0 0
329466 0 0 0
329595 0 0 0
329724 0 0 0
329853 0 0 0
329982 0 0 0
330111 0 0 0
330240 0 0 0
330369 0 0 0
330498 0 0 0
330627 0 0 0
330756 0 0 0
330885 0 0 0
331014 0 0 0
331143 0 0 0
331272 0 0 0
331401 0 0 0
331530 0 0 0
331659 0 0 0
331788 0.95493 0 0
331917 1.7507 0 0
332046 2.22817 0 0
332175 2.38732 0 0
332304 2.22817 0 0
332433 1.7507 0 0
332562 0.95493 0 0
332691 0 0 0
332820 0 0 0
332949 0 0 0
333078 0 0 0
333207 0 0 0
333336 0 0 0
333465 0 0 0
333594 0 0 0
333723 0 0 0
333852 0 0 0
333981 0 0 0
334110 0 0 0
334239 0 0 0
334368 0 0 0
334497 0 0 0
334626 0 0 0
334755 0 0 0
334884 0 0 0
335013 0 0 0
335142 0 0 0
335271 0 0 0
335400 0 0 0
335529 0 0 0
335658 0 0 0
335787 0 0 0
335916 0 0 0
336045 0 0 0
336174 0 0 0
336303 0 0 0
336432 0 0 0
336561 0 0 0
336690 0 0 0
336819 0 0 0
336948 0 0 0
337077 0 0 0
337206 0 0 0
337335 0 0 0
337464 0 0 0
337593 0 0 0
337722 0 0 0
337851 0 0 0
337980 0 0 0
338109 0 0 0
338238 0 0 0
338367 0 0 0
338496 0 0 0
338625 0 0 0
338754 0 0 0
338883 0 0 0
339012 0 0 0
339141 0 0 0
339270 0 0 0
339399 0 0 0
339528 0 0 0
339657 0 0 0
339786 0 0 0
339915 0 0 0
340044 0 0 0
340173 0 0 0
340302 0 0 0
340431 0 0 0
340560 0 0 0
340689 0 0 0
340818 0 0 0
340947 0 0 0
341076 0 0 0
341205 0 0 0
341334 0 0 0
341463 0 0 0
341592 0 0 0
341721 0 0 0
341850 0 0 0
341979 0 0 0
342108 0 0 0
342237 0 0 0
342366 0 0 0
342495 0 0 0
342624 0 0 0
342753 0 0 0
342882 0 0 0
343011 0 0 0
343140 0 0 0
343269 0 0 0
343398 0 0 0
343527 0 0 0
343656 0 0 0
343785 0 0 0
343914 0 0 0
344043 0 0 0
344172 0 0 0
344301 0 0 0
344430 0 0 0
344559 0 0 0
344688 0 0 0
344817 0 0 0
344946 0 0 0
345075 0 0 0
345204 0 0 0
345333 0 0 0
345462 0 0 0
345591 0 0 0
345720 0 0 0
345849 0 0 0
345978 0 0 0
346107 0 0 0
346236 0 0 0
346365 0 0 0
346494 0 0 0
346623 0 0 0
346752 0 0 0
346881 0 0 0
347010 0 0 0
347139 0 0 0
347268 0 0 0
347397 0 0 0
347526 0 0 0
347655 0 0 0
347784 0 0 0
347913 0 0 0
348042 0 0 0
348171 0 0 0
348300 0 0 0
348429 0 0 0
348558 0 0 0
348687 0 0 0
348816 0 0 0
348945 0 0 0
349074 0 0 0
349203 0 0 0
349332 0 0 0
349461 0 0 0
349590 0 0 0
349719 0 0 0
349848 0 0 0
349977 0 0 0
350106 0 0 0
350235 0 0 0
350364 0 0 0
350493 0 0 0
350622 0 0 0
350751 0 0 0
350880 0 0 0
351009 0 0 0
351138 0 0 0
351267 0 0 0
351396 0 0 0
351525 0 0 0
351654 0 0 0
351783 0 0 0
351912 0 0 0
352041 0 0 0
352170 0 0 0
352299 0 0 0
352428 0 0 0
352557 0 0 0
352686 0 0 0
352815 0 0 0
352944 0 0 0
353073 0 0 0
353202 0 0 0
353331 0 0 0
353460 0 0 0
353589 0 0 0
353718 0 0 0
353847 0 0 0
353976 0 0 0
354105 0 0 0
354234 0 0 0
354363 0 0 0
354492 0 0 0
354621 0 0 0
354750 0 0 0
354879 0 0 0
355008 0 0 0
355137 0 0 0
355266 0 0 0
355395 0 0 0
355524 0 0 0
355653 0 0 0
355782 0 0 0
355911 0 0 0
356040 0 0 0
356169 0 0 0
356298 0 0 0
356427 0 0 0
356556 0 0 0
356685 0 0 0
356814 0 0 0
356943 0 0 0
357072 0 0 0
357201 0 0 0
357330 0 0 0
357459 0 0 0
357588 0 0 0
357717 0 0 0
357846 0 0 0
357975 0 0 0
358104 0 0 0
358233 0 0 0
358362 0 0 0
358491 0 0 0
358620 0 0 0
358749 0 0 0
358878 0 0 0
359007 0 0 0
359136 0 0 0
359265 0 0 0
359394 0 0 0
359523 0 0 0
359652 0 0 0
359781 0 0 0
359910 0 0 0
360039 0 0 0
360168 0 0 0
360297 0 0 0
360426 0 0 0
360555 0 0 0
360684 0 0 0
360813 0 0 0
360942 0 0 0
361071 0 0 0
361200 0 0 0
361329 0 0 0
361458 0 0 0
361587 0 0 0
361716 0 0 0
361845 0 0 0
361974 0 0 0
362103 0 0 0
362232 0 0 0
362361 0 0 0
362490 0 0 0
362619 0 0 0
362748 0 0 0
362877 0 0 0
363006 0 0 0
363135 0 0 0
363264 0 0 0
363393 0 0 0
363522 0 0 0
363651 0 0 0
363780 0 0 0
363909 0 0 0
364038 0 0 0
364167 0 0 0
364296 0 0 0
364425 0 0 0
364554 0 0 0
364683 0 0 0
364812 0 0 0
364941 0 0 0
365070 0 0 0
365199 0 0 0
365328 0 0 0
365457 0 0 0
365586 0 0 0
365715 0 0 0
365844 0 0 0
365973 0 0 0
366102 0 0 0
366231 0 0 0
366360 0 0 0
366489 0 0 0
366618 0 0 0
366747 0 0 0
366876 0 0 0
367005 0 0 0
367134 0 0 0
367263 0 0 0
367392 0 0 0
367521 0 0 0
367650 0 0 0
367779 0 0 0
367908 0 0 0
368037 0 0 0
368166 0 0 0
368295 0 0 0
368424 0 0 0
368553 0 0 0
368682 0 0 0
368811 0 0 0
368940 0 0 0
369069 0 0 0
369198 0 0 0
369327 0 0 0
369456 0 0 0
369585 0 0 0
369714 0 0 0
369843 0 0 0
369972 0 0 0
370101 0 0 0
370230 0 0 0
370359 0 0 0
370488 0 0 0
370617 0 0 0
370746 0 0 0
370875 0 0 0
371004 0 0 0
371133 0 0 0
371262 0 0 0
371391 0 0 0
371520 0 0 0
371649 0 0 0
371778 0 0 0
371907 0 0 0
372036 0 0 0
372165 0 0 0
372294 0 0 0
372423 0 0 0
372552 0 0 0
372681 0 0 0
372810 0 0 0
372939 0 0 0
373068 0 0 0
373197 0 0 0
373326 0 0 0
373455 0 0 0
373584 0 0 0
373713 0 0 0
373842 0 0 0
373971 0 0 0
374100 0 0 0
374229 0 0 0
374358 0 0 0
374487 0 0 0
374616 0 0 0
374745 0 0 0
374874 0 0 0
375003 0 0 0
375132 0 0 0
375261 0 0 0
375390 0 0 0
375519 0 0 0
375648 0 0 0
375777 0 0 0
375906 0 0 0
376035 0 0 0
376164 0 0 0
376293 0 0 0
376422 0 0 0
376551 0 0 0
376680 0 0 0
376809 0 0 0
376938 0 0 0
377067 0 0 0
377196 0 0 0
377325 0 0 0
377454 0 0 0
377583 0 0 0
377712 0 0 0
377841 0 0 0
377970 0 0 0
378099 0 0 0
378228 0 0 0
378357 0 0 0
378486 0 0 0
378615 0 0 0
378744 0 0 0
378873 0 0 0
379002 0 0 0
379131 0 0 0
379260 0 0 0
379389 0 0 0
379518 0 0 0
379647 0 0 0
379776 0 0 0
379905 0 0 0
380034 0 0 0
380163 0 0 0
380292 0 0 0
380421 0 0 0
380550 0 0 0
380679 0 0 0
380808 0 0 0
380937 0 0 0
381066 0 0 0
381195 0 0 0
381324 0 0 0
381453 0 0 0
381582 0 0 0
381711 0 0 0
381840 0 0 0
381969 0 0 0
382098 0 0 0
382227 0 0 0
382356 0 0 0
382485 0 0 0
382614 0 0 0
382743 0 0 0
382872 0 0 0
383001 0 0 0
383130 0 0 0
383259 0 0 0
383388 0 0 0
383517 0 0 0
383646 0 0 0
383775 0 0 0
383904 0 0 0
384033 0 0 0
384162 0 0 0
384291 0 0 0
384420 0 0 0
384549 0 0 0
384678 0 0 0
384807 0 0 0
384936 0 0 0
385065 0 0 0
385194 0 0 0
385323 0 0 0
385452 0 0 0
385581 0 0 0
385710 0 0 0
385839 0 0 0
385968 0 0 0
386097 0 0 0
386226 0 0 0
386355 0 0 0
386484 0 0 0
386613 0 0 0
386742 0 0 0
386871 0 0 0
387000 0 0 0
387129 0 0 0
387258 0 0 0
387387 0 0 0
387516 0 0 0
387645 0 0 0
387774 0 0 0
387903 0 0 0
388032 0 0 0
388161 0 0 0
388290 0 0 0
388419 0 0 0
388548 0 0 0
388677 0 0 0
388806 0 0 0
388935 0 0 0
389064 0 0 0
389193 0 0 0
389322 0 0 0
389451 0 0 0
389580 0 0 0
389709 0 0 0
389838 0 0 0
389967 0 0 0
390096 0 0 0
390225 0 0 0
390354 0 0 0
390483 0 0 0
390612 0 0 0
390741 0 0 0
390870 0 0 0
390999 0 0 0
391128 0 0 0
391257 0 0 0
391386 0 0 0
391515 0 0 0
391644 0 0 0
391773 0 0 0
391902 0 0 0
392031 0 0 0
392160 0 0 0
392289 0 0 0
392418 0 0 0
392547 0 0 0
392676 0 0 0
392805 0 0 0
392934 0 0 0
393063 0 0 0
393192 0 0 0
393321 0 0 0
393450 0 0 0
393579 0 0 0
393708 0 0 0
393837 0 0 0
393966 0 0 0
394095 0 0 0
394224 0 0 0
394353 0 0 0
394482 0 0 0
394611 0 0 0
394740 0 0 0
394869 0 0 0
394998 0 0 0
395127 0 0 0
395256 0 0 0
395385 0 0 0
395514 0 0 0
395643 0 0 0
395772 0 0 0
395901 0 0 0
396030 0 0 0
396159 0 0 0
396288 0 0 0
396417 0 0 0
396546 0 0 0
396675 0 0 0
396804 0 0 0
396933 0 0 0
397062 0 0 0
397191 0 0 0
397320 0 0 0
397449 0 0 0
397578 0 0 0
397707 0 0 0
397836 0 0 0
397965 0 0 0
398094 0 0 0
398223 0 0 0
398352 0 0 0
398481 0 0 0
398610 0 0 0
398739 0 0 0
398868 0 0 0
398997 0 0 0
399126 0 0 0
399255 0 0 0
399384 0 0 0
399513 0 0 0
399642 0 0 0
399771 0 0 0
399900 0 0 0
400029 0 0 0
400158 0 0 0
400287 0 0 0
400416 0 0 0
400545 0 0 0
400674 0 0 0
400803 0 0 0
400932 0 0 0
401061 0 0 0
401190 0 0 0
401319 0 0 0
401448 0 0 0
401577 0 0 0
401706 0 0 0
401835 0 0 0
401964 0 0 0
402093 0 0 0
402222 0 0 0
402351 0 0 0
402480 0 0 0
402609 0 0 0
402738 0 0 0
402867 0 0 0
402996 0 0 0
403125 0 0 0
403254 0 0 0
403383 0 0 0
403512 0 0 0
403641 0 0 0
403770 0 0 0
403899 0 0 0
404028 0 0 0
404157 0 0 0
404286 0 0 0
404415 0 0 0
404544 0 0 0
404673 0 0 0
404802 0 0 0
404931 0 0 0
405060 0 0 0
405189 0 0 0
405318 0 0 0
405447 0 0 0
405576 0 0 0
405705 0 0 0
405834 0 0 0
405963 0 0 0
406092 0 0 0
406221 0 0 0
406350 0 0 0
406479 0 0 0
406608 0 0 0
406737 0 0 0
406866 0 0 0
406995 0 0 0
407124 0 0 0
407253 0 0 0
407382 0 0 0
407511 0 0 0
407640 0 0 0
407769 0 0 0
407898 0 0 0
408027 0 0 0
408156 0 0 0
408285 0 0 0
408414 0 0 0
408543 0 0 0
408672 0 0 0
408801 0 0 0
408930 0 0 0
409059 0 0 0
409188 0 0 0
409317 0 0 0
409446 0 0 0
409575 0 0 0
409704 0 0 0
409833 0 0 0
409962 0 0 0
410091 0 0 0
410220 0 0 0
410349 0 0 0
410478 0 0 0
410607 0 0 0
410736 0 0 0
410865 0 0 0
410994 0 0 0
411123 0 0 0
411252 0 0 0
411381 0 0 0
411510 0 0 0
411639 0 0 0
411768 0 0 0
411897 0 0 0
412026 0 0 0
412155 0 0 0
412284 0 0 0
412413 0 0 0
412542 0 0 0
412671 0 0 0
412800 0 0 0
412929 0 0 0
413058 0 0 0
413187 0 0 0
413316 0 0 0
413445 0 0 0
413574 0 0 0
413703 0 0 0
413832 0 0 0
413961 0 0 0
414090 0 0 0
414219 0 0 0
414348 0 0 0
414477 0 0 0
414606 0 0 0
414735 0 0 0
414864 0 0 0
414993 0 0 0
415122 0 0 0
415251 0 0 0
415380 0 0 0
415509 0 0 0
415638 0 0 0
415767 0 0 0
415896 0 0 0
416025 0 0 0
416154 0 0 0
416283 0 0 0
416412 0 0 0
416541 0 0 0
416670 0 0 0
416799 0 0 0
416928 0 0 0
417057 0 0 0
417186 0 0 0
417315 0 0 0
417444 0 0 0
417573 0 0 0
417702 0 0 0
417831 0 0 0
417960 0 0 0
418089 0 0 0
418218 0 0 0
418347 0 0 0
418476 0 0 0
418605 0 0 0
418734 0 0 0
418863 0 0 0
418992 0 0 0
419121 0 0 0
419250 0 0 0
419379 0 0 0
419508 0 0 0
419637 0 0 0
419766 0 0 0
419895 0 0 0
420024 0 0 0
420153 0 0 0
420282 0 0 0
420411 0 0 0
420540 0 0 0
420669 0 0 0
420798 0 0 0
420927 0 0 0
421056 0 0 0
421185 0 0 0
421314 0 0 0
421443 0 0 0
421572 0 0 0
421701 0 0 0
421830 0 0 0
421959 0 0 0
422088 0 0 0
422217 0 0 0
422346 0 0 0
422475 0 0 0
422604 0 0 0
422733 0 0 0
422862 0 0 0
422991 0 0 0
423120 0 0 0
423249 0 0 0
423378 0 0 0
423507 0 0 0
423636 0 0 0
423765 0 0 0
423894 0 0 0
424023 0 0 0
424152 0 0 0
424281 0 0 0
424410 0 0 0
424539 0 0 0
424668 0 0 0
424797 0 0 0
424926 0 0 0
425055 0 0 0
425184 0 0 0
425313 0 0 0
425442 0 0 0
425571 0 0 0
425700 0 0 0
425829 0 0 0
425958 0 0 0
426087 0 0 0
426216 0 0 0
426345 0 0 0
426474 0 0 0
426603 0 0 0
426732 0 0 0
426861 0 0 0
426990 0 0 0
427119 0 0 0
427248 0 0 0
427377 0 0 0
427506 0 0 0
427635 0 0 0
427764 0 0 0
427893 0 0 0
428022 0 0 0
428151 0 0 0
428280 0 0 0
428409 0 0 0
428538 0 0 0
428667 0 0 0
428796 0 0 0
428925 0 0 0
429054 0 0 0
429183 0 0 0
429312 0 0 0
429441 0 0 0
429570 0 0 0
429699 0 0 0
429828 0 0 0
429957 0 0 0
430086 0 0 0
430215 0 0 0
430344 0 0 0
430473 0 0 0
430602 0 0 0
430731 0 0 0
430860 0 0 0
430989 0 0 0
431118 0 0 0
431247 0 0 0
431376 0 0 0
431505 0 0 0
431634 0 0 0
431763 0 0 0
431892 0 0 0
432021 0 0 0
432150 0 0 0
432279 0 0 0
432408 0 0 0
432537 0 0 0
432666 0 0 0
432795 0 0 0
432924 0 0 0
433053 0 0 0
433182 0 0 0
433311 0 0 0
433440 0 0 0
433569 0 0 0
433698 0 0 0
433827 0 0 0
433956 0 0 0
434085 0 0 0
434214 0 0 0
434343 0 0 0
434472 0 0 0
434601 0 0 0
434730 0 0 0
434859 0 0 0
434988 0 0 0
435117 0 0 0
435246 0 0 0
435375 0 0 0
435504 0 0 0
435633 0 0 0
435762 0 0 0
435891 0 0 0
436020 0 0 0
436149 0 0 0
436278 0 0 0
436407 0 0 0
436536 0 0 0
436665 0 0 0
436794 0 0 0
436923 0 0 0
437052 0 0 0
437181 0 0 0
437310 0 0 0
437439 0 0 0
437568 0 0 0
437697 0 0 0
437826 0 0 0
437955 0 0 0
438084 0 0 0
438213 0 0 0
438342 0 0 0
438471 0 0 0
438600 0 0 0
438729 0 0 0
438858 0 0 0
438987 0 0 0
439116 0 0 0
439245 0 0 0
439374 0 0 0
439503 0 0 0
439632 0 0 0
439761 0 0 0
439890 0 0 0
440019 0 0 0
440148 0 0 0
440277 0 0 0
440406 0 0 0
440535 0 0 0
440664 0 0 0
440793 0 0 0
440922 0 0 0
441051 0 0 0
441180 0 0 0
441309 0 0 0
441438 0 0 0
441567 0 0 0
441696 0 0 0
441825 0 0 0
441954 0 0 0
442083 0 0 0
442212 0 0 0
442341 0 0 0
442470 0 0 0
442599 0 0 0
442728 0 0 0
442857 0 0 0
442986 0 0 0
443115 0 0 0
443244 0 0 0
443373 0 0 0
443502 0 0 0
443631 0 0 0
443760 0 0 0
443889 0 0 0
444018 0 0 0
444147 0 0 0
444276 0 0 0
444405 0 0 0
444534 0 0 0
444663 0 0 0
444792 0 0 0
444921 0 0 0
445050 0 0 0
445179 0 0 0
445308 0 0 0
445437 0 0 0
445566 0 0 0
445695 0 0 0
445824 0 0 0
445953 0 0 0
446082 0 0 0
446211 0 0 0
446340 0 0 0
446469 0 0 0
446598 0 0 0
446727 0 0 0
446856 0 0 0
446985 0 0 0
447114 0 0 0
447243 0 0 0
447372 0 0 0
447501 0 0 0
447630 0 0 0
447759 0 0 0
447888 0 0 0
448017 0 0 0
448146 0 0 0
448275 0 0 0
448404 0 0 0
448533 0 0 0
448662 0 0 0
448791 0 0 0
448920 0 0 0
449049 0 0 0
449178 0 0 0
449307 0 0 0
449436 0 0 0
449565 0 0 0
449694 0 0 0
449823 0 0 0
449952 0 0 0
450081 0 0 0
450210 0 0 0
450339 0 0 0
450468 0 0 0
450597 0 0 0
450726 0 0 0
450855 0 0 0
450984 0 0 0
451113 0 0 0
451242 0 0 0
451371 0 0 0
451500 0 0 0
451629 0 0 0
451758 0 0 0
451887 0 0 0
452016 0 0 0
452145 0 0 0
452274 0 0 0
452403 0 0 0
452532 0 0 0
452661 0 0 0
452790 0 0 0
452919 0 0 0
453048 0 0 0
453177 0 0 0
453306 0 0 0
453435 0 0 0
453564 0 0 0
453693 0 0 0
453822 0 0 0
453951 0 0 0
454080 0 0 0
454209 0 0 0
454338 0 0 0
454467 0 0 0
454596 0 0 0
454725 0 0 0
454854 0 0 0
454983 0 0 0
455112 0 0 0
455241 0 0 0
455370 0 0 0
455499 0 0 0
455628 0 0 0
455757 0 0 0
455886 0 0 0
456015 0 0 0
456144 0 0 0
456273 0 0 0
456402 0 0 0
456531 0 0 0
456660 0 0 0
456789 0 0 0
456918 0 0 0
457047 0 0 0
457176 0 0 0
457305 0 0 0
457434 0 0 0
457563 0 0 0
457692 0 0 0
457821 0 0 0
457950 0 0 0
458079 0 0 0
458208 0 0 0
458337 0 0 0
458466 0 0 0
458595 0 0 0
458724 0 0 0
458853 0 0 0
458982 0 0 0
459111 0 0 0
459240 0 0 0
459369 0 0 0
459498 0 0 0
459627 0 0 0
459756 0 0 0
459885 0 0 0
460014 0 0 0
460143 0 0 0
460272 0 0 0
460401 0 0 0
460530 0 0 0
460659 0 0 0
460788 0 0 0
460917 0 0 0
461046 0 0 0
461175 0 0 0
461304 0 0 0
461433 0 0 0
461562 0 0 0
461691 0 0 0
461820 0 0 0
461949 0 0 0
462078 0 0 0
462207 0 0 0
462336 0 0 0
462465 0 0 0
462594 0 0 0
462723 0 0 0
462852 0 0 0
462981 0 0 0
463110 0 0 0
463239 0 0 0
463368 0 0 0
463497 0 0 0
463626 0 0 0
463755 0 0 0
463884 0 0 0
464013 0 0 0
464142 0 0 0
464271 0 0 0
464400 0 0 0
464529 0 0 0
464658 0 0 0
464787 0 0 0
464916 0 0 0
465045 0 0 0
465174 0 0 0
465303 0 0 0
465432 0 0 0
465561 0 0 0
465690 0 0 0
465819 0 0 0
465948 0 0 0
466077 0 0 0
466206 0 0 0
466335 0 0 0
466464 0 0 0
466593 0 0 0
466722 0 0 0
466851 0 0 0
466980 0 0 0
467109 0 0 0
467238 0 0 0
467367 0 0 0
467496 0 0 0
467625 0 0 0
467754 0 0 0
467883 0 0 0
468012 0 0 0
468141 0 0 0
468270 0 0 0
468399 0 0 0
468528 0 0 0
468657 0 0 0
468786 0 0 0
468915 0 0 0
469044 0 0 0
469173 0 0 0
469302 0 0 0
469431 0 0 0
469560 0 0 0
469689 0 0 0
469818 0 0 0
469947 0 0 0
470076 0 0 0
470205 0 0 0
470334 0 0 0
470463 0 0 0
470592 0 0 0
470721 0 0 0
470850 0 0 0
470979 0 0 0
471108 0 0 0
471237 0 0 0
471366 0 0 0
471495 0 0 0
471624 0 0 0
471753 0 0 0
471882 0 0 0
472011 0 0 0
472140 0 0 0
472269 0 0 0
472398 0 0 0
472527 0 0 0
472656 0 0 0
472785 0 0 0
472914 0 0 0
473043 0 0 0
473172 0 0 0
473301 0 0 0
473430 0 0 0
473559 0 0 0
473688 0 0 0
473817 0 0 0
473946 0 0 0
474075 0 0 0
474204 0 0 0
474333 0 0 0
474462 0 0 0
474591 0 0 0
474720 0 0 0
474849 0 0 0
474978 0 0 0
475107 0 0 0
475236 0 0 0
475365 0 0 0
475494 0 0 0
475623 0 0 0
475752 0 0 0
475881 0 0 0
476010 0 0 0
476139 0 0 0
476268 0 0 0
476397 0 0 0
476526 0 0 0
476655 0 0 0
476784 0 0 0
476913 0 0 0
477042 0 0 0
477171 0 0 0
477300 0 0 0
477429 0 0 0
477558 0 0 0
477687 0 0 0
477816 0 0 0
477945 0 0 0
478074 0 0 0
478203 0 0 0
478332 0 0 0
478461 0 0 0
478590 0 0 0
478719 0 0 0
478848 0 0 0
478977 0 0 0
479106 0 0 0
479235 0 0 0
479364 0 0 0
479493 0 0 0
479622 0 0 0
479751 0 0 0
479880 0 0 0
480009 0 0 0
480138 0 0 0
480267 0 0 0
480396 0 0 0
480525 0 0 0
480654 0 0 0
480783 0 0 0
480912 0 0 0
481041 0 0 0
481170 0 0 0
481299 0 0 0
481428 0 0 0
481557 0 0 0
481686 0 0 0
481815 0 0 0
481944 0 0 0
482073 0 0 0
482202 0 0 0
482331 0 0 0
482460 0 0 0
482589 0 0 0
482718 0 0 0
482847 0 0 0
482976 0 0 0
483105 0 0 0
483234 0 0 0
483363 0 0 0
483492 0 0 0
483621 0 0 0
483750 0 0 0
483879 0 0 0
484008 0 0 0
484137 0 0 0
484266 0 0 0
484395 0 0 0
484524 0 0 0
484653 0 0 0
484782 0 0 0
484911 0 0 0
485040 0 0 0
485169 0 0 0
485298 0 0 0
485427 0 0 0
485556 0 0 0
485685 0 0 0
485814 0 0 0
485943 0 0 0
486072 0 0 0
486201 0 0 0
486330 0 0 0
486459 0 0 0
486588 0 0 0
486717 0 0 0
486846 0 0 0
486975 0 0 0
487104 0 0 0
487233 0 0 0
487362 0 0 0
487491 0 0 0
487620 0 0 0
487749 0 0 0
487878 0 0 0
488007 0 0 0
488136 0 0 0
488265 0 0 0
488394 0 0 0
488523 0 0 0
488652 0 0 0
488781 0 0 0
488910 0 0 0
489039 0 0 0
489168 0 0 0
489297 0 0 0
489426 0 0 0
489555 0 0 0
489684 0 0 0
489813 0 0 0
489942 0 0 0
490071 0 0 0
490200 0 0 0
490329 0 0 0
490458 0 0 0
490587 0 0 0
490716 0 0 0
490845 0 0 0
490974 0 0 0
491103 0 0 0
491232 0 0 0
491361 0 0 0
491490 0 0 0
491619 0 0 0
491748 0 0 0
491877 0 0 0
492006 0 0 0
492135 0 0 0
492264 0 0 0
492393 0 0 0
492522 0 0 0
492651 0 0 0
492780 0 0 0
492909 0 0 0
493038 0 0 0
493167 0 0 0
493296 0 0 0
493425 0 0 0
493554 0 0 0
493683 0 0 0
493812 0 0 0
493941 0 0 0
494070 0 0 0
494199 0 0 0
494328 0 0 0
494457 0 0 0
494586 0 0 0
494715 0 0 0
494844 0 0 0
494973 0 0 0
495102 0 0 0
495231 0 0 0
495360 0 0 0
495489 0 0 0
495618 0 0 0
495747 0 0 0
495876 0 0 0
496005 0 0 0
496134 0 0 0
496263 0 0 0
496392 0 0 0
496521 0 0 0
496650 0 0 0
496779 0 0 0
496908 0 0 0
497037 0 0 0
497166 0 0 0
497295 0 0 0
497424 0 0 0
497553 0 0 0
497682 0 0 0
497811 0 0 0
497940 0 0 0
498069 0 0 0
498198 0 0 0
498327 0 0 0
498456 0 0 0
498585 0 0 0
498714 0 0 0
498843 0 0 0
498972 0 0 0
499101 0 0 0
499230 0 0 0
499359 0 0 0
499488 0 0 0
499617 0 0 0
499746 0 0 0
499875 0 0 0
500004 0 0 0
500133 0 0 0
500262 0 0 0
500391 0 0 0
500520 0 0 0
500649 0 0 0
500778 0 0 0
500907 0 0 0
501036 0 0 0
501165 0 0 0
501294 0 0 0
501423 0 0 0
501552 0 0 0
501681 0 0 0
501810 0 0 0
501939 0 0 0
502068 0 0 0
502197 0 0 0
502326 0 0 0
502455 0 0 0
502584 0 0 0
502713 0 0 0
502842 0 0 0
502971 0 0 0
503100 0 0 0
503229 0 0 0
503358 0 0 0
503487 0 0 0
503616 0 0 0
503745 0 0 0
503874 0 0 0
504003 0 0 0
504132 0 0 0
504261 0 0 0
504390 0 0 0
504519 0 0 0
504648 0 0 0
504777 0 0 0
504906 0 0 0
505035 0 0 0
505164 0 0 0
505293 0 0 0
505422 0 0 0
505551 0 0 0
505680 0 0 0
505809 0 0 0
505938 0 0 0
506067 0 0 0
506196 0 0 0
506325 0 0 0
506454 0 0 0
506583 0 0 0
506712 0 0 0
506841 0 0 0
506970 0 0 0
507099 0 0 0
507228 0 0 0
507357 0 0 0
507486 0 0 0
507615 0 0 0
507744 0 0 0
507873 0 0 0
508002 0 0 0
508131 0 0 0
508260 0 0 0
508389 0 0 0
508518 0 0 0
508647 0 0 0
508776 0 0 0
508905 0 0 0
509034 0 0 0
509163 0 0 0
509292 0 0 0
509421 0 0 0
509550 0 0 0
509679 0 0 0
509808 0 0 0
509937 0 0 0
510066 0 0 0
510195 0 0 0
510324 0 0 0
510453 0 0 0
510582 0 0 0
510711 0 0 0
510840 0 0 0
510969 0 0 0
511098 0 0 0
511227 0 0 0
511356 0 0 0
511485 0 0 0
511614 0 0 0
511743 0 0 0
511872 0 0 0
512001 0 0 0
512130 0 0 0
512259 0 0 0
512388 0 0 0
512517 0 0 0
512646 0 0 0
512775 0 0 0
512904 0 0 0
513033 0 0 0
513162 0 0 0
513291 0 0 0
513420 0 0 0
513549 0 0 0
513678 0 0 0
513807 0 0 0
513936 0 0 0
514065 0 0 0
514194 0 0 0
514323 0 0 0
514452 0 0 0
514581 0 0 0
514710 0 0 0
514839 0 0 0
514968 0 0 0
515097 0 0 0
515226 0 0 0
515355 0 0 0
515484 0 0 0
515613 0 0 0
515742 0 0 0
515871 0 0 0
516000 0 0 0
516129 0 0 0
516258 0 0 0
516387 0 0 0
516516 0 0 0
516645 0 0 0
516774 0 0 0
516903 0 0 0
517032 0 0 0
517161 0 0 0
517290 0 0 0
517419 0 0 0
517548 0 0 0
517677 0 0 0
517806 0 0 0
517935 0 0 0
518064 0 0 0
518193 0 0 0
518322 0 0 0
518451 0 0 0
518580 0 0 0
518709 0 0 0
518838 0 0 0
518967 0 0 0
519096 0 0 0
519225 0 0 0
519354 0 0 0
519483 0 0 0
519612 0 0 0
519741 0 0 0
519870 0 0 0
519999 0 0 0
520128 0 0 0
520257 0 0 0
520386 0 0 0
520515 0 0 0
520644 0 0 0
520773 0 0 0
520902 0 0 0
521031 0 0 0
521160 0 0 0
521289 0 0 0
521418 0 0 0
521547 0 0 0
521676 0 0 0
521805 0 0 0
521934 0 0 0
522063 0 0 0
522192 0 0 0
522321 0 0 0
522450 0 0 0
522579 0 0 0
522708 0 0 0
522837 0 0 0
522966 0 0 0
523095 0 0 0
523224 0 0 0
523353 0 0 0
523482 0 0 0
523611 0 0 0
523740 0 0 0
523869 0 0 0
523998 0 0 0
524127 0 0 0
524256 0 0 0
524385 0 0 0
524514 0 0 0
524643 0 0 0
524772 0 0 0
524901 0 0 0
525030 0 0 0
525159 0 0 0
525288 0 0 0
525417 0 0 0
525546 0 0 0
525675 0 0 0
525804 0 0 0
525933 0 0 0
526062 0 0 0
526191 0 0 0
526320 0 0 0
526449 0 0 0
526578 0 0 0
526707 0 0 0
526836 0 0 0
526965 0 0 0
527094 0 0 0
527223 0 0 0
527352 0 0 0
527481 0 0 0
527610 0 0 0
527739 0 0 0
527868 0 0 0
527997 0 0 0
528126 0 0 0
528255 0 0 0
528384 0 0 0
528513 0 0 0
528642 0 0 0
528771 0 0 0
528900 0 0 0
529029 0 0 0
529158 0 0 0
529287 0 0 0
529416 0 0 0
529545 0 0 0
529674 0 0 0
529803 0 0 0
529932 0 0 0
530061 0 0 0
530190 0 0 0
530319 0 0 0
530448 0 0 0
530577 0 0 0
530706 0 0 0
530835 0 0 0
530964 0 0 0
531093 0 0 0
531222 0 0 0
531351 0 0 0
531480 0 0 0
531609 0 0 0
531738 0 0 0
531867 0 0 0
531996 0 0 0
532125 0 0 0
532254 0 0 0
532383 0 0 0
532512 0 0 0
532641 0 0 0
532770 0 0 0
532899 0 0 0
533028 0 0 0
533157 0 0 0
533286 0 0 0
533415 0 0 0
533544 0 0 0
533673 0 0 0
533802 0 0 0
533931 0 0 0
534060 0 0 0
534189 0 0 0
534318 0 0 0
534447 0 0 0
534576 0 0 0
534705 0 0 0
534834 0 0 0
534963 0 0 0
535092 0 0 0
535221 0 0 0
535350 0 0 0
535479 0 0 0
535608 0 0 0
535737 0 0 0
535866 0 0 0
535995 0 0 0
536124 0 0 0
536253 0 0 0
536382 0 0 0
536511 0 0 0
536640 0 0 0
536769 0 0 0
536898 0 0 0
537027 0 0 0
537156 0 0 0
537285 0 0 0
537414 0 0 0
537543 0 0 0
537672 0 0 0
537801 0 0 0
537930 0 0 0
538059 0 0 0
538188 0 0 0
538317 0 0 0
538446 0 0 0
538575 0 0 0
538704 0 0 0
538833 0 0 0
538962 0 0 0
539091 0 0 0
539220 0 0 0
539349 0 0 0
539478 0 0 0
539607 0 0 0
539736 0 0 0
539865 0 0 0
539994 0 0 0
540123 0 0 0
540252 0 0 0
540381 0 0 0
540510 0 0 0
540639 0 0 0
540768 0 0 0
540897 0 0 0
541026 0 0 0
541155 0 0 0
541284 0 0 0
541413 0 0 0
541542 0 0 0
541671 0 0 0
541800 0 0 0
541929 0 0 0
542058 0 0 0
542187 0 0 0
542316 0 0 0
542445 0 0 0
542574 0 0 0
542703 0 0 0
542832 0 0 0
542961 0 0 0
543090 0 0 0
543219 0 0 0
543348 0 0 0
543477 0 0 0
543606 0 0 0
543735 0 0 0
543864 0 0 0
543993 0 0 0
544122 0 0 0
544251 0 0 0
544380 0 0 0
544509 0 0 0
544638 0 0 0
544767 0 0 0
544896 0 0 0
